4.02979004593: [-6, -1, -4, 5, 2, -2, 0, 3, -1, -4, -1, -6, -5, -5, 5, -4, -1, 3, 5, 4, -1, -6, 6, 4, -6, -2, 5, 3, -5, 6, 5, -5, -4, 6, -2, 0, 5, -2, 3, 0, 6, 4, -2, 3, -3, -1, -5, 4, -3, 4, 5, -3, 3, -5, -6, -4, -5, -4, -4, 0, 0, 2, 5, -3, 1, 5, -6, 5, 1, 3, -6, -6, -5, -5, 4, -2, 0, -1, -6, -3, 2, -1, 6, -3, 2, -4, -5, -6, -4, -3, 0, 4, 1, -4, 1, 5, -2, -5, -1, -5, -5, -4, 2, 1, 1, 3, -5, -1, -4, -1, -3, -1, -2, -2, 6, -1, 0, -5, -2, 3, 5, 4, -4, 2, -5, 0, -6, -1]
 
3.69415069915: [-6, -1, -4, 5, 2, -2, 0, 3, -1, -4, 1, -3, -1, -2, 0, 4, 5, 5, 3, -4, 6, -6, -2, 6, 2, -3, 0, 4, 0, 2, 2, -1, -4, -3, 6, 1, 3, 2, 0, 2, 2, -1, 4, -5, -4, -4, 1, 5, -4, -4, -5, 6, -1, 1, 1, -5, -6, 6, -2, -3, 0, -1, -5, 5, 0, -6, 4, -6, 0, 2, 4, 6, 6, -2, -5, -2, -4, -5, -6, -1, 2, -1, 6, -3, 2, -4, -5, -6, -4, -3, 0, 4, 1, -4, 1, 5, -2, -5, -1, -5, -5, -4, 2, 1, 1, 3, -5, -1, -4, -1, -3, -1, -5, -3, 3, -3, -6, 5, 5, 6, 5, 5, 6, 1, 5, 4, 5, -6]
 
0.870795885589: [-2, -6, -5, -6, -5, -4, -6, 1, 6, 5, 1, 6, 4, -6, 2, 3, -4, 3, -1, 5, -6, -4, 2, 0, -6, -4, -5, 1, -1, -3, 2, 2, 6, 3, 3, -2, -5, 5, 0, 5, -6, 3, -1, 5, -2, -6, 6, 5, 0, 1, 1, 4, -4, -2, 3, 2, -4, 5, -6, -3, 2, -4, 0, -6, 2, 6, 3, 1, -4, 1, 3, -4, 6, 0, 0, 2, -4, 6, -4, -4, -6, 5, 2, 4, -1, 1, -2, -6, -4, 2, -2, 1, -2, -5, 2, 2, 0, -5, 1, -6, 3, -6, -5, 4, -1, 5, 0, 3, -3, -3, 3, -6, 3, 0, -5, 0, -4, -1, 6, 2, -1, 6, 0, 5, -6, 4, -2, -1]
 
3.5263274906: [6, 3, 6, -2, -5, -2, 4, 3, -1, -1, 3, -5, 2, -3, 0, -1, -3, 5, -6, -4, 6, 4, -6, 5, -4, -3, 2, 4, -2, -5, 5, 5, -4, 2, 1, 5, -6, 6, 0, 1, 6, 4, -2, 3, -3, -1, -5, 4, -3, 4, 5, -3, 3, -5, -6, -4, -5, -4, -4, 0, 0, 2, 5, -3, 1, 5, -6, -3, 2, -4, -5, 5, 5, -5, 4, 6, 1, -2, -6, -1, 2, -1, 6, -3, 2, -4, -5, -6, -4, -3, 0, 4, 1, -4, 1, 5, -2, -5, -1, -5, -5, -4, 2, 1, 1, 3, -5, -1, -4, -1, -3, -1, -2, -2, 6, -1, 0, -5, -2, 3, 5, 4, -4, 2, -5, 0, -6, -1]
 
3.16812083706: [5, 4, 1, 1, 1, 5, 5, 0, -4, -6, 5, -5, -4, 0, 5, -3, -1, -6, -2, 4, -1, 4, -5, 3, -4, -1, -5, 0, -4, -6, -4, 5, 1, 5, 0, 6, -4, 4, -4, -1, 1, 0, -6, -2, 0, 4, -4, -5, -4, 2, 3, 4, -1, -4, 6, 0, 6, 4, -3, -3, -3, 3, 1, 4, 2, 3, 6, 6, -3, -6, 2, 6, 5, 3, 4, -4, 4, 3, -1, -2, 4, 5, -6, -6, 3, 6, 5, -5, -4, -3, -1, 1, -4, -5, 6, -4, 0, 3, -3, -1, -5, -4, -2, 6, 1, 6, 5, 1, -3, 3, -1, -4, -2, -3, -1, 3, -5, -2, 2, -3, -6, -4, 4, 5, -6, 3, -5, -2]
 
1.49678112707: [-2, -6, -5, -6, 5, -6, 1, 0, 5, 0, 3, -3, -5, -6, -3, 2, -4, 1, -6, -5, 5, -4, 2, -6, -3, 6, 6, 6, -6, -3, 5, 6, -5, -1, 6, -4, -2, -1, -4, 5, -6, 2, -3, 5, 0, -2, 2, -3, -6, 1, -6, -6, -4, 6, 1, 1, 2, 5, -4, -3, -1, -1, 0, -3, 2, -6, -3, -3, -3, -6, -1, -3, -1, 1, 3, -6, 0, 0, -3, -5, -1, -5, 4, -1, 4, -3, -1, 3, 1, 3, 3, 6, -1, 3, -4, 5, 6, -5, 4, -3, 1, 4, 3, 0, 0, -6, -3, -6, -2, 5, 6, -2, 6, -3, 5, -6, -3, 0, -3, 3, -4, 4, 2, -4, 4, -3, -2, 3]
 
1.75750729652: [-6, 6, -4, 1, 2, -2, 0, 1, -1, -4, 1, 0, -6, -2, 0, 4, 5, 5, -3, 0, 5, -6, -2, 0, 3, -3, -6, 0, 0, 2, 2, -1, -4, -3, 6, 2, 3, -2, 0, 3, 2, 6, -5, -5, -4, -5, 3, 0, -4, -4, -5, 1, -1, 1, 5, -6, -6, 6, -2, -3, 4, -1, -5, 5, 0, -6, -5, -6, 0, 2, 4, 6, 6, -2, -5, -2, -4, -1, -6, -1, 5, 5, 6, -6, 2, -4, 4, -6, -4, -2, 4, 4, 1, 3, 1, 5, -5, -5, -4, -5, -5, -4, 2, 1, 1, 4, -5, 2, 5, -3, -3, -3, -3, -2, 6, -1, 0, -5, -2, 3, -4, 4, -4, 2, -5, 0, 6, -1]
 
1.23322450391: [3, 3, 2, -1, -3, -4, 4, 0, -3, 5, -5, 6, -2, -1, 2, -5, 5, 1, -6, -5, -1, -4, 2, -6, -3, -3, 6, -5, -5, -3, -4, 1, 1, -1, 6, 2, -2, -5, 0, 2, -1, -4, 0, -3, 0, -1, -6, -3, 5, 5, 2, -2, 0, 0, -2, 5, 4, -3, -5, 1, -3, -3, 3, 0, 1, -6, 4, -6, 1, 3, 6, -6, -3, -5, 5, -2, 0, -1, -6, -3, -3, -4, -3, -2, 2, 2, -4, -4, -1, 3, -6, -6, 5, 3, -4, 5, -1, 0, -4, -6, -6, -5, 1, 0, 0, 1, -2, -3, -4, -1, -4, 0, 2, 3, -3, -6, -1, 1, -1, 0, 1, 0, 2, 0, 4, 1, -4, -2]
 
2.82537001816: [-2, -6, -5, -6, -5, -4, 1, 1, -3, -2, 1, 6, -4, -6, 4, 3, 5, 1, -6, -2, -6, -4, 2, -6, -3, -3, 6, -4, -6, -3, 5, 4, 6, -3, 3, -2, -2, -6, 4, 5, -6, 3, -1, -3, 0, 5, -6, -6, -6, 1, 3, 0, -6, -1, -3, 6, 2, -5, 0, -2, -1, 6, 5, -5, -4, 6, -2, 3, -1, 5, -1, -1, -4, -4, 4, -3, 0, 1, 1, 1, 1, 3, 4, -6, 5, 1, -2, 1, 4, 0, 3, -2, 2, 4, 1, -3, -6, -4, -5, 3, -5, -6, -3, 6, 0, 6, 0, -2, -2, 1, 5, -1, -3, -4, -2, 0, -3, -1, 3, -4, 4, 2, -5, 5, 3, -6, -1, 3]
 
2.82456625538: [-6, -1, -4, 5, 2, -2, 0, 3, -1, -4, -1, -6, -5, -5, 5, -4, -1, 3, 5, 4, -1, -6, 6, 4, -6, -2, 5, 3, -5, 6, 5, -5, -4, 6, -2, 0, 5, -2, 3, 0, 5, 6, -1, -5, 6, 0, -4, -6, 1, -5, -5, 5, 4, 1, -1, 4, -3, -1, 0, 3, 2, -4, -2, -4, -4, 3, 2, 4, 1, 5, -1, 4, -6, -5, -4, 0, 4, -1, -4, 2, 6, 2, -6, -6, 3, 6, 5, -5, 4, -3, -1, 1, 6, -5, 1, -4, 2, 3, -3, 1, 5, -4, -2, 6, 1, 3, 5, 1, -3, -5, -1, -4, -2, -3, -2, 3, -5, -2, 2, 4, -6, 1, 1, -3, -2, 3, -2, 5]
 
2.71986341036: [6, 2, 5, -4, -3, 1, -1, 2, 3, -1, 5, -3, -5, -5, 5, -4, -1, 3, 5, 4, -1, -6, 6, 4, -6, -2, 5, 3, -5, 6, 5, -5, -4, 6, -2, 0, 5, -2, 3, 0, 5, 6, -1, -5, 6, 0, -4, -6, 1, -5, -5, 5, 4, 1, -1, 4, -3, -1, 0, 3, 2, -4, -2, -4, -4, 3, 2, 4, 1, 5, -1, 4, -6, -5, -4, 0, 4, -1, -4, 2, 6, 2, -6, -6, 3, 6, 5, -5, 4, -3, -1, 1, 6, -5, 1, -4, 2, 3, -3, 1, 5, -4, -2, 6, 1, 3, 5, 1, -3, -5, -1, -4, -2, -3, -2, 3, -5, -2, 2, 4, -6, 1, 1, -3, -2, 3, -2, 5]
 
2.71257361974: [-6, -1, -5, 6, 2, 3, 4, 5, -1, -4, -1, -6, -5, -5, 6, -4, 1, -1, -3, -5, 6, -1, 3, -4, 1, 6, -2, -5, -2, -5, 5, 5, -4, 2, 1, 5, -6, 6, 0, 1, 6, 4, -2, 3, -3, -1, -5, 4, -3, 4, 5, -3, 3, -5, -6, -4, -5, -4, -4, 0, 0, 2, 5, -3, 1, 5, -6, -3, 2, -4, -5, 5, 5, -5, 4, 6, 1, -2, 3, -4, -5, 6, 2, 6, 2, 0, -1, -3, 5, -2, -3, -1, 0, -6, 3, 3, 2, -4, -1, 0, 4, -3, -5, 1, 2, -2, -1, -2, -3, -2, -5, -6, -2, -6, -1, -3, 2, -2, 2, -3, -6, 1, 4, -3, -1, 3, -2, 0]
 
0.334891754119: [-4, 2, 6, -2, 1, 6, 3, 3, 5, -1, 2, -5, 2, -3, 3, -1, -3, 5, -2, -4, 3, -2, -6, 5, -4, -3, 2, 4, 0, 2, 2, -5, -4, -3, -3, 1, 3, 0, 6, 2, 3, -1, -3, -5, -4, -4, 1, -3, -4, -4, -1, -3, 0, -6, 2, 4, -6, -2, 4, -1, 5, 1, -2, -3, 0, 5, 4, 6, 3, 1, 2, 2, 3, 4, -4, -1, -5, -5, 3, -4, -5, 5, 2, 6, -6, 0, -1, -4, -4, 4, 4, -1, 0, -3, 3, 3, -3, -4, -1, 0, -6, -3, -4, 5, 2, -2, -1, 0, -3, 2, -5, -6, -2, -6, -1, -2, 2, -2, -1, 6, -6, -5, -1, 3, 2, 6, -2, 6]
 
2.43310430341: [3, -2, 2, 1, 1, -3, -4, 1, 3, 0, -3, -2, 2, 6, -1, 2, 5, 5, 5, 4, 3, -1, -4, -4, 1, 6, -2, -5, -2, -5, 5, 5, -4, 2, 1, 5, -6, 6, 0, 1, 6, 4, -2, 3, -3, -1, -5, -6, -3, 5, 2, -2, 0, 0, -2, 5, 4, 6, -5, 4, -3, -3, 5, 0, 1, -6, 2, 5, 1, 3, -6, -6, -5, -5, 4, -2, 0, -1, -6, -3, 1, -4, -5, -2, 3, 2, -4, 3, -1, 3, 5, -3, -3, 3, -5, 5, -4, 0, -4, 1, -6, -1, 1, 0, 0, 1, -1, -3, -4, -1, -4, 0, 2, -3, -3, -6, -1, 1, -1, 0, -6, 1, 2, 0, 6, 1, -4, -2]
 
2.42567165824: [6, 3, 6, -2, -5, -2, 4, 3, -1, -1, 3, -5, 2, -3, 0, -1, -3, 5, -6, -4, 6, 4, -6, 5, -4, -3, 2, 4, 0, 2, 2, -1, -2, -3, 6, 1, 3, 0, 6, 2, 3, -1, 5, -5, -4, -4, 1, -3, -4, -4, -1, -3, 0, -6, 2, 2, -6, 1, 0, -1, -1, 1, -2, -3, -4, 5, 4, 6, -4, 1, 2, 4, 3, 4, -4, -4, 4, -5, -1, 4, 5, -5, 3, -3, 1, -4, 5, -5, 1, 5, 1, 3, 3, 3, -3, -5, -2, 5, 6, -6, 4, -3, -5, 1, 2, -2, -1, -2, -3, -2, -5, -6, -2, -6, -1, -3, 2, -2, 2, -3, -6, 1, 4, -3, -1, 3, -2, 5]
 
2.42166158442: [-6, -1, -5, 6, 2, 3, 4, 5, -1, -4, -1, -6, -5, -5, 6, -4, 1, -1, -3, -5, 6, -1, 3, 3, 5, -3, -3, 6, 3, 0, -6, -1, 1, 5, 0, 6, -4, -5, -4, 2, 1, -4, -6, -2, -3, 4, -4, -5, -4, -4, 3, -5, -1, -4, -5, -1, 6, 4, 0, 3, 2, -4, -2, -4, -4, 3, 2, 4, 1, 5, -1, 4, -6, -5, -4, 0, 4, -1, -4, 2, 6, 2, -6, -6, 3, 6, 5, -5, 4, -3, -1, 1, 6, -5, 1, -4, 2, 3, -3, 1, 5, -4, -2, 6, 1, 3, 5, 1, -3, -5, -1, -4, -2, -3, -2, 3, -5, -2, 2, 4, -6, 1, 1, -3, -2, 3, -2, 5]
 
2.41355386933: [6, 2, 5, -4, -3, 1, -1, 2, 3, -1, 5, -3, -5, -5, 5, -4, -1, 3, 5, 4, -1, -6, 6, 4, -6, -2, 5, 3, -5, 6, 5, -5, -4, 6, -2, 0, 5, -2, 3, 0, 5, 6, -1, -5, 6, 0, -4, -6, 1, -5, -5, 5, 4, 1, -1, 4, -3, -1, 0, 3, 2, -4, -2, -4, -4, 3, 2, 4, 1, 5, -1, 4, -6, -5, -4, 0, 4, -1, -4, 2, 6, 2, -6, -6, 3, 6, 5, -5, 4, -3, -1, 1, 6, -5, 1, -4, 2, 3, -3, 1, 5, -4, -2, 6, 1, 3, 5, 1, -3, -5, -1, -4, -2, -3, -2, 3, -5, -2, 2, 4, -6, 1, 1, -3, -2, 3, -2, 5]
 
2.3665415877: [-6, -1, -4, 5, 2, -2, 0, 3, -1, -4, 1, -3, -1, -2, 0, 4, 5, 5, 3, -4, 6, -6, -2, 6, 2, -3, 0, 4, 0, 2, 2, -1, -4, -3, 6, 5, -6, 6, 0, 1, 6, 4, -2, 3, -3, -1, -5, 4, -3, 4, 5, -3, 3, -5, -6, -4, -5, -4, -4, 0, 0, 2, 5, -3, 1, 5, -6, -3, 2, -4, -5, 5, 5, -5, 4, 6, 1, -2, 3, -4, -5, 6, 2, 6, 2, 0, -1, -3, 5, -2, -3, -1, 0, -6, 3, 3, 2, -4, -1, 0, 4, -3, -1, -1, -6, -6, 0, 1, -3, -3, -3, -6, 1, 0, -5, 0, -4, 6, 3, 2, -1, 6, 1, 2, -2, -4, -2, -1]
 
2.3596351434: [5, 6, 1, 1, 1, 5, 5, 0, -3, -6, 5, -5, 5, 0, 6, -3, 2, -6, -2, 4, 5, 4, -5, -1, -4, -1, -5, 3, 3, -1, -6, 1, 6, 1, -1, -4, 0, 3, -5, -5, 2, 5, -6, -3, 0, -2, -6, -6, -6, -1, 6, 0, -6, 6, -3, -5, 2, -5, 0, -2, -3, 6, -4, 6, -4, 6, -2, -4, -1, 5, -1, -1, 5, 1, 2, 1, 0, 1, 1, 1, 1, 3, 2, -6, -2, 1, 0, 1, 4, -1, 6, -6, 2, 4, 3, -3, -3, -4, -5, 3, -5, -6, -3, 6, 0, -5, 0, -4, -2, 1, 5, -6, -2, -4, -2, 0, -3, -1, -5, 6, 4, 2, -5, 4, 1, -4, -1, 3]
 
2.33682583251: [-2, 5, 4, 0, -2, -4, 0, -5, 2, -2, -3, -5, 6, 1, -1, -6, -3, -2, -1, -1, 4, -2, 5, 5, -3, 4, 6, -5, 0, -3, -4, 4, -5, -4, 6, -1, -2, -5, 2, 4, -6, -4, 0, 5, 0, 5, -5, -3, -3, 5, 2, -2, 3, -2, -2, 5, 4, -4, -3, 4, -1, -3, 5, 4, 1, -6, -5, 0, 2, -4, -1, 5, 5, -5, 4, 6, 1, 6, -5, -4, -5, 6, 1, 3, -3, 0, -1, -3, 5, -6, -3, -1, 0, -2, 3, 0, 2, -3, 1, -6, 4, -3, -5, 1, 2, -2, -4, -2, -3, -2, -5, 2, -2, -6, 2, -3, 2, 5, 2, -5, -1, 1, 4, -3, -2, 3, -4, 0]
 
2.31165378491: [5, 1, 1, 1, 1, 5, 5, -1, -4, -6, 5, -5, -4, 0, 5, -3, -1, -5, 5, 6, -1, 6, -5, 5, -4, -1, 6, 0, -4, -1, -6, 4, -2, -5, -1, -1, 0, -3, 2, -5, 3, -5, -5, -3, 0, 5, -6, 0, -5, 5, 3, -1, 3, -1, -3, 5, -1, -5, 0, -2, -1, 6, 5, -5, -4, 6, -2, 3, 5, 5, -1, 4, -6, -5, -4, 0, 4, -1, -4, 2, 6, 2, -6, -6, 3, 6, 5, -5, 4, -3, -1, 1, 6, -5, 1, -4, 2, 3, -3, 1, 5, -4, -2, 6, 1, 3, 5, 1, -3, -5, -1, -4, -2, -3, -2, 3, -5, -2, 2, 4, -6, 1, 1, -3, -2, 3, -2, 5]
 
2.29341862473: [6, 0, 6, -4, 3, -2, 5, 3, -1, -1, 3, -5, 2, -3, 6, -2, -3, 5, -2, -4, 6, -6, -6, -6, -4, -3, -3, 1, 4, 2, 2, -1, 0, -3, -6, 1, 3, -6, 6, 2, 4, -1, 5, -6, -4, -4, 1, 3, -4, -4, -1, -2, 5, -6, -3, -2, -6, 1, 0, -1, -1, 1, -2, -3, -4, 5, 5, 6, -4, -5, 3, 4, 3, 4, -4, -2, -1, -5, -1, 4, 4, -5, 3, -2, 6, -4, 5, 5, 1, 6, 1, -6, 3, 3, 4, -3, -2, 5, 6, -6, 3, 3, -1, 4, -6, 2, 0, 2, -2, -1, -3, -2, 1, -6, -4, 0, 3, -5, -2, 0, 1, -2, -4, -1, 1, 1, 0, -1]
 
1.46713747996: [5, 2, 1, 3, -3, -1, 5, 0, -4, -4, 4, -1, -4, -3, 5, 2, 3, 5, 6, 4, 3, -1, -4, -4, 1, 6, -2, -5, 4, 2, 5, 5, -4, 2, -6, 5, -6, 6, 0, 5, -5, 4, -2, 3, -3, -1, -2, 4, 2, -4, 5, -3, -5, -1, 1, -6, -5, 6, -4, 0, 0, -2, 5, -3, -3, 5, -6, -3, -5, -4, -2, 5, 3, -5, 4, 6, 1, -2, 3, -4, -3, 6, 2, 6, 2, 5, -1, -3, 5, 4, 5, -1, -4, -6, -6, 3, 2, -4, 1, 0, 4, -3, -1, -1, -6, -5, 4, 1, 0, -3, 3, 2, -6, 0, 0, 0, -4, 1, 3, 2, -1, 6, 1, 2, -1, 6, -2, -1]
 
2.24785458647: [-2, -2, -3, -2, 5, -3, -6, 1, -2, 4, 6, -2, 3, -4, 6, 0, -5, 4, 4, -2, 1, -3, 4, 0, 1, 0, 1, -3, -5, -4, 3, 2, 6, 1, -1, -4, 2, -3, -5, -5, -5, 4, -4, -3, 0, 5, -6, -6, -3, 5, 2, -2, 0, 0, -2, 5, 4, 6, -5, -3, -3, 3, 1, 4, 2, 3, 6, 6, -3, -6, 2, 6, 5, 3, 4, -4, 4, 3, -1, -2, 4, 5, -6, -6, 3, 2, -4, 3, -1, 3, 5, -3, -3, 3, -5, 5, -4, 0, -4, 1, -6, -1, 1, 0, 0, 1, -1, -3, -4, -1, -4, 0, 2, -3, -3, -6, -1, 1, -1, 0, -6, 1, 2, 0, 6, 1, -4, -2]
 
2.22736607467: [-1, 2, -6, -2, 1, -3, 5, -3, -1, -1, 3, 1, 2, -3, 0, -1, -3, -1, -6, -4, 6, 4, 0, 5, 2, -6, 6, -5, 6, -3, -4, 1, 3, -1, 6, 4, -2, -1, 2, 5, -1, -4, 3, 5, -3, -6, -3, 4, 2, 1, -5, 6, 0, -6, 2, 2, -6, 1, 6, 3, 4, -6, -2, 1, -4, 5, 4, -5, -4, 1, -4, -1, 3, 2, -4, 5, 4, 3, 5, 4, 5, 6, 3, -3, -6, 1, 5, -6, 1, 5, 1, 3, 3, 3, 0, -5, -2, -6, 6, -6, 3, 3, -1, -4, -1, -6, 0, -1, 1, -1, 4, 6, 4, 0, -5, 0, 3, 6, 1, -4, -1, 4, 1, 2, -5, -2, -2, -1]
 
2.22003563286: [-6, -1, -5, 6, 2, 3, 4, 5, -1, -4, -1, -6, -5, -5, 6, -4, 1, -1, -3, -5, 6, -1, 3, -4, 1, 6, -2, -5, 0, 2, 2, -1, -2, -3, 6, 1, 3, 0, 6, 2, 3, -1, 5, -5, -4, -4, 1, -3, -3, -3, 2, -6, -6, 4, -1, -2, -4, -1, 2, -5, -6, 5, 4, 4, -2, -1, -1, 3, -3, -6, 1, 4, -5, 0, 1, -6, -4, -5, -4, -3, -5, -4, -6, 5, -2, 0, -5, -6, -4, -5, 1, 4, -1, 0, 1, -4, 2, -6, 3, -1, -1, 2, 3, 6, 6, -1, 5, -3, 1, -2, 6, -4, 1, -4, 0, -3, 1, 1, -1, -5, -1, -1, -6, -6, 0, -1, -3, -5]
 
2.2147665415: [2, -5, 3, 5, 2, -2, 0, 3, -1, -4, -1, -6, -5, 1, 6, -4, 1, 3, 4, -5, 6, -1, -6, 3, -2, -3, -4, 6, 5, -6, -4, 5, 1, 5, 0, 6, -4, 4, -4, -1, 1, 0, -6, -2, 0, 4, -4, -5, -4, 2, 3, 4, -1, -4, 6, 0, 6, 4, -3, -3, -3, 3, 1, 4, 2, 3, 6, 6, -3, -6, 2, 6, 5, 3, 4, -4, 4, 3, -1, -2, 4, 5, -6, -6, 3, 6, 5, -5, -4, -3, -1, 1, -4, -5, 6, -4, 0, 3, -3, -1, -5, -4, -2, 6, 1, 6, 5, 1, -3, 3, -1, -4, -2, -3, -1, 3, -5, -2, 2, -3, -6, -4, 4, 5, -6, 3, -5, -2]
 
2.20580596322: [5, 4, 1, 1, 1, 5, 5, 0, -4, 4, 5, -5, -4, 6, -2, -3, -1, -6, -2, 4, 0, 4, -5, 3, -6, -1, 6, 0, -4, 6, -6, 6, 6, 1, -6, 4, 0, -3, 1, -5, 3, 5, -6, -3, 3, 5, -4, 6, -6, 1, 3, 3, -3, -1, 4, -6, 2, 1, 0, -2, -1, -1, -5, 5, 0, 2, 6, -6, -1, 2, -6, -5, 4, -1, -4, -2, 3, 5, -1, 4, 1, -5, 3, 4, 1, -4, -6, 1, 0, -5, 1, -3, 3, 3, -3, -5, -2, 3, 6, -6, 5, 3, -1, -1, -6, -6, 0, 1, -3, -3, -3, -6, 1, 0, -5, 0, -4, 6, 3, 2, -1, 6, 1, 2, -2, -4, -2, -1]
 
2.20034595394: [3, -2, 2, 1, 1, -3, -4, 1, 3, 0, -3, -2, 2, 6, -1, 2, 5, 5, 5, 4, 3, -1, -4, -4, 1, 6, -2, -5, -2, -5, 5, 5, -4, 2, 1, 5, -6, 6, 0, 1, 6, 4, -2, 3, -3, -1, -5, 4, -3, 4, 5, -3, 3, -5, -6, -4, -5, -4, -4, 0, 0, 2, 5, -3, 1, 5, -6, -3, 2, -4, -5, 5, 5, -5, 4, 6, 1, -2, 3, -4, -5, 6, 2, 6, 2, 0, -1, -3, 5, -2, -3, -1, 0, -6, 3, 3, 2, -4, -1, 0, 4, -3, -5, 1, 2, -2, -1, -2, -3, -2, -5, -6, -2, -6, -1, -3, 2, -2, 2, -3, -6, 1, 4, -3, -1, 3, -2, 0]
 
2.19239352286: [-2, -2, 0, 1, 5, -6, -6, 0, -1, -4, -4, -2, 3, 0, -4, 0, 2, -2, 1, 6, -1, -3, 3, 6, 1, 0, 1, -3, 4, 2, 4, 2, 4, 1, -1, -4, 3, -3, -5, -5, -5, 6, -4, -1, -6, 5, -3, -3, -2, 1, -2, 3, -2, 4, 3, 1, -5, 5, -2, 6, 1, -1, -3, -3, 1, -3, -6, 1, 2, -4, 0, 0, 5, -2, 4, 0, 1, -2, 1, -4, -5, -6, 2, -2, 2, 1, -1, -2, -1, 4, -3, -1, -6, -4, -4, -6, -1, -4, -1, -5, 4, -3, 4, 1, 2, 0, -3, -2, 1, -5, -2, -6, -2, 6, 6, 1, 0, 4, 1, 1, -5, 5, -2, 0, -3, -5, 4, 2]
 
2.18607098942: [2, -5, 3, 5, 2, -2, 0, 3, -1, -4, -1, -6, -5, 1, 6, -4, 1, 3, 4, -5, 6, -1, -6, 3, -2, -3, -4, 6, 5, -1, -6, 4, 6, 1, -1, -4, 0, -3, -5, -5, 3, 5, -6, -3, 0, 5, -6, -6, -6, 1, 3, 0, -6, -1, -3, 6, 2, -5, 0, -2, -1, 6, 5, -5, -4, 6, -2, 3, -1, 5, -1, -1, -4, -4, 4, -3, 0, 1, 1, 1, 1, 3, 4, -6, 5, 1, -2, 1, 4, 0, 3, -2, 2, 4, 1, -3, -6, -4, -5, 3, -5, -6, -3, 6, 0, 6, 0, -2, -2, 1, 5, -1, -3, -4, -2, 0, -3, -1, 3, -4, 4, 2, -5, 5, 3, -6, -1, 3]
 
2.1855066085: [6, 3, 6, -2, -5, -2, 4, 3, -1, -1, 3, -5, 2, -3, 0, -1, -3, 5, -6, -4, 6, 4, -6, 5, -4, -3, 2, 4, 0, 2, 2, -1, -2, -3, 6, 1, 3, 0, 6, 2, 3, -1, 5, -5, -4, -4, 1, -3, -4, -4, -1, -3, 0, -6, 2, 2, -6, 1, 0, -1, -1, 1, -2, -3, -4, 5, 4, 6, -4, 1, 2, 4, 3, 4, -4, -4, 4, -5, -1, 4, 5, -5, 3, -3, 1, -4, 5, -5, 1, 5, 1, 3, 3, 3, -3, -5, -2, 5, 6, -6, 3, 3, -1, -1, -6, -6, 0, -1, -3, -1, 0, -2, 1, 0, -5, 0, 3, -5, -2, 0, 5, -2, 5, -1, 1, 1, 0, -1]
 
2.34430878998: [-2, -6, -5, -6, -5, -4, 1, 1, -3, -2, 1, 6, -4, -6, 4, 3, 5, 1, -6, -4, 6, 4, -6, 5, -4, -3, 2, 4, 0, 2, 2, -1, -2, -3, 6, 1, 3, 0, 6, 2, 3, -1, 5, -5, -4, -4, 1, -3, -4, -4, -1, -3, 0, -6, 2, 2, -6, 1, 0, -1, -1, 1, -2, -3, -4, 5, 4, 6, -4, 1, 2, 4, 3, 4, -4, -4, 4, -5, 3, -4, -5, 6, 2, 6, 2, 0, -1, -3, 5, -2, -3, -1, 0, -6, 3, 3, 2, -4, -1, 0, 4, -3, -5, 1, 2, -2, -1, -2, -3, -2, -5, -6, -2, -6, -1, -3, 2, -2, 2, -3, -6, 1, 4, -3, -1, 3, -2, 0]
 
2.97395610013: [6, 3, 6, -2, -5, -2, 4, 3, -1, -1, 3, -5, 2, -3, 0, -1, -3, 5, -6, -2, -6, -4, 2, -6, -3, -3, 6, -4, -6, -3, 5, 4, 6, -3, 3, -2, -2, -6, 4, 5, -6, 3, -1, 5, 0, 2, -4, -3, 0, 1, -5, 4, -6, -6, 4, 1, 2, 5, -6, -3, -1, -1, 0, 2, 2, 5, 3, 2, -4, 1, 3, 1, 3, 1, 0, -1, -4, -5, -6, 2, 5, 5, 6, -2, -5, -4, -5, -6, -4, 1, 0, 1, -2, -5, 2, 2, -2, -5, 6, -6, 5, 3, -1, -1, -6, -6, 0, 1, -3, -3, -3, -6, 1, 0, -5, 0, -4, 6, 3, 2, -1, 6, 1, 2, -2, -4, -2, -1]
 
2.08297427448: [5, 4, 1, 1, 1, 5, 5, 0, -4, 4, 5, -5, -4, 6, -2, -3, -1, -6, -2, 4, 0, 4, -5, 3, -6, -1, -2, -5, -2, -5, 5, 5, -4, 2, 1, 5, -6, 6, 0, 1, 6, 4, -2, 3, -3, -1, -5, -6, -3, 5, 2, -2, 0, 0, -2, 5, 4, 6, -5, 4, -3, -3, 5, 0, 1, -6, 2, 5, 1, 3, -6, -6, -5, -5, 4, -2, 0, -1, -6, -3, 1, -4, -5, -2, 3, 2, -4, 3, -1, 3, 5, -3, -3, 3, -5, 5, -4, 0, -4, 1, -6, -1, 1, 0, 0, 1, -1, -3, -4, -1, -4, 0, 2, -3, -3, -6, -1, 1, -1, 0, -6, 1, 2, 0, 6, 1, -4, -2]
 
2.0745148868: [3, -2, 2, 1, 1, -3, -4, 1, 3, 0, -3, -2, 2, 6, -1, 2, 5, 5, 5, 4, 3, -1, -4, -4, 1, 6, 6, 0, -4, 6, -6, 6, 6, 1, -6, 4, 0, -3, 1, -5, 3, 5, -6, -3, 3, 5, -4, 6, -6, 1, 3, 3, -3, -1, 4, -6, 2, 1, 0, -2, -1, -1, -5, 5, 0, 2, 6, -6, -1, 2, -6, -5, 4, -1, -4, -2, 3, 5, -1, 4, 1, -5, 3, 4, 1, -4, -6, 1, 0, -5, 1, -3, 3, 3, -3, -5, -2, 3, 6, -6, 5, 3, -1, -1, -6, -6, 0, 1, -3, -3, -3, -6, 1, 0, -5, 0, -4, 6, 3, 2, -1, 6, 1, 2, -2, -4, -2, -1]
 
3.54951819996: [5, 6, 1, 1, 1, 5, 5, 0, -3, -6, 5, -5, 5, 0, 6, -3, 2, -6, -2, 4, 5, 4, -5, -1, -4, -1, -5, 3, 3, -1, -6, 1, 6, 1, -1, -4, 0, 3, -5, -5, 2, 5, -6, -3, 0, -2, -6, -6, -6, -1, 6, 0, -6, 6, -3, -5, 2, -5, 0, -2, -3, 6, -4, 6, -4, 6, -2, -4, -1, 5, -1, -1, 5, 1, 2, 1, 0, 1, 1, 1, 1, 3, 2, -6, -2, 1, 0, 1, 4, -1, 0, 4, 1, -4, 1, 5, -2, -5, -1, -5, -5, -4, 2, 1, 1, 3, -5, -1, -4, -1, -3, -1, -5, -3, 3, -3, -6, 5, 5, 6, 5, 5, 6, 1, 5, 4, 5, -6]
 
1.53409133571: [-6, -1, 2, 5, 0, -6, 0, -5, -1, -4, 2, -1, 1, 0, 0, 4, 5, -6, 3, 6, -1, -6, -1, -2, 2, 1, 2, 4, 4, 2, 2, -1, -3, -6, 6, 6, 1, 2, 0, 2, 2, 6, 5, -5, -4, 3, 1, 2, -4, -1, -1, 6, -1, 5, 2, -4, 1, 0, -4, -3, -5, 1, -5, -5, -4, 4, 4, -6, 0, -3, 4, 6, 6, -4, 6, 6, -4, -4, -6, -1, 2, 0, 6, 4, 6, -5, -1, -1, 1, -1, 5, -6, -6, 4, 1, -4, -5, -4, -5, 3, -5, -6, 6, -3, 1, -4, 0, 6, -2, 1, -6, 3, -3, -4, -3, 0, 5, 5, 6, 6, -2, 5, -5, 5, -3, 4, -3, 6]
 
3.36574345561: [-2, -6, -5, -6, 5, -4, 1, 3, -3, -2, 1, 6, -4, -6, 4, 5, 5, 1, -6, -5, 5, -4, 2, -6, -3, -6, 6, 6, -6, -3, 5, 1, -5, -1, 6, -4, -2, -1, -4, 5, -6, 3, 0, 5, 0, 5, -3, -3, 0, 1, -5, 4, -4, 6, 1, 1, 2, 5, 2, -3, -1, -1, 0, -3, 2, -6, 6, -3, -3, -6, -1, -2, -1, 5, 3, -4, 0, 5, -3, -5, -5, -5, 1, -1, 4, 2, -1, 3, 1, 3, -2, 1, -2, 4, -4, 6, 2, 0, 2, -3, 1, 4, 3, 0, 1, -6, 3, 2, -2, 6, 6, -2, 6, -3, 5, -3, 2, -2, 2, -3, -6, 1, 4, -3, -1, 3, -2, 0]
 
2.33398264238: [6, 3, 6, -2, -5, -2, 4, 3, -1, -1, 3, -5, 2, -3, 0, -1, -3, 5, -6, -4, 6, 4, -6, 5, -4, -3, 2, 4, 0, 2, 2, -1, -2, -3, 6, 1, 3, 0, 6, 2, 3, -1, 5, -5, -4, -4, 1, -3, -4, -4, -1, -3, 0, -6, 2, 2, -6, 1, 0, -1, -1, 1, -2, -3, -4, 5, 4, 6, -4, 1, 2, 4, 3, 4, -4, -4, 4, -5, 3, -4, -5, 6, 2, 6, 2, 0, -1, -3, 5, -2, -3, -1, 0, -6, 3, 3, 2, -4, -1, 0, 4, -3, -5, 1, 2, -2, -1, -2, -3, -2, -5, -6, -2, -6, -1, -6, -3, 0, -4, 3, -4, 6, 6, -4, 4, -5, -2, 3]
 
1.36858947805: [-6, -2, -1, 1, 2, -2, 1, 3, -6, -1, 0, -2, 3, -3, -1, -2, -3, 4, 1, -1, 6, -6, 4, -6, 3, 6, -3, 4, 4, 4, 2, 6, -5, 2, -6, 4, 5, 6, 6, 2, 4, -1, -2, 3, 0, 2, -5, 0, -3, -5, 2, -2, 0, 0, -2, -3, -3, -6, -2, 4, -3, 4, -6, 0, 1, 5, -2, 5, -2, 3, -1, -6, -5, -5, -2, -2, 5, 3, -1, 5, -5, -5, 5, -2, 0, 5, -4, -3, -1, 1, 5, 2, 4, 3, -5, 5, 6, 2, 6, 3, -5, 2, -3, 6, 0, -3, -5, -3, -4, 6, -1, -1, 1, -3, 6, -5, -5, 1, 3, 2, 2, -2, 2, -1, 6, 1, 6, 5]
 
1.54333258462: [5, 4, 1, 1, 1, 5, 5, 0, -4, 4, 5, -5, -4, 6, -2, -3, -1, -6, -2, 4, 0, 4, -5, 3, -6, -1, -2, -5, -2, -5, 5, 5, -4, 2, 1, 5, -6, 6, 0, 1, 6, 4, 5, -6, -4, -4, 1, 3, -4, -4, -1, -2, 5, -6, -3, -2, -6, 1, 0, -1, -1, 1, -2, -3, -4, 5, 5, 6, -4, -5, 3, 4, 3, 4, -4, -2, -1, -5, -1, 4, 4, -5, 3, -2, 6, -4, 5, 5, 1, 6, 1, -6, 3, 3, 4, -3, -2, 5, 6, -6, 3, 3, -1, 4, -6, 2, 0, 2, -2, -1, -3, -2, 1, -6, -4, 0, 3, -5, -2, 0, 1, -2, -4, -1, 1, 1, 0, -1]
 
1.04019615818: [3, -2, 2, 1, 1, -3, -4, 1, 3, 0, -3, -2, 2, 6, -1, 2, 5, 5, 5, 4, 3, -1, -4, -4, 1, 6, -2, -5, -2, -5, 5, 5, -4, 2, 1, 5, -6, 6, 0, 1, 6, 4, -2, 3, -3, -1, -5, -6, -3, 5, 2, -2, 0, 0, -2, 5, 4, 6, -5, 4, -3, -3, 5, 0, 1, -6, 2, 5, 1, 3, -6, -6, -5, -5, -4, 0, 4, -1, -4, 2, 6, 2, -6, -6, 3, 6, 5, -5, 4, -3, -1, 1, 6, -5, 1, -4, 2, 3, -3, 1, 5, -4, -2, 6, 1, 3, 5, 1, -3, -5, -1, -4, -2, -3, -2, 3, -5, -2, 2, 4, -6, 1, 1, -3, -2, 3, -2, 5]
 
0.914690626032: [6, 2, 5, 0, -2, 1, -1, -5, 3, 5, 2, -5, 1, -5, 5, -4, -1, -3, 2, 4, -1, -6, 6, 4, -6, -2, 5, 3, 4, 6, 5, -5, -3, 6, -2, 6, 5, -2, 3, 0, 5, 3, -1, -5, 6, 0, -2, -6, 1, 4, -5, 5, 4, 1, 0, 4, -3, -4, 0, 3, 2, 1, -2, -4, -4, 4, 2, -4, 1, 2, 4, 4, 6, -5, 4, -5, 0, -1, -4, -3, 2, 1, 5, -5, 3, 2, -4, 3, -1, 3, 5, -5, -3, 3, -5, 5, -4, 0, 1, 1, -6, 3, 1, 1, 0, 1, 5, -3, 0, -1, -4, 3, 2, -2, -2, 6, 4, 3, -1, 0, -4, 1, -3, 0, 0, -5, -4, -2]
 
0.422779776328: [-1, 2, -6, 6, 1, -6, 2, -3, -1, -1, 3, 1, 2, -3, 1, -1, -3, -1, 2, 1, 6, 4, 3, 5, 2, -6, 6, -6, 6, -3, -4, 1, 3, -1, 6, -4, -2, -1, -1, 5, -1, 2, 3, 5, 0, -6, -3, 4, 3, 0, 5, 6, -5, -6, 2, 2, -6, -3, 2, -5, 0, -6, -2, 1, -4, 5, 4, 0, -4, 2, -4, -1, 3, 2, -4, 5, 1, 3, -2, -1, 5, 4, 6, -3, 4, 1, -2, -6, 1, 5, 6, 3, 3, 3, 0, -5, -2, -3, 6, -6, 3, 6, -2, -4, 1, -3, -5, -1, 2, -1, -3, -1, 3, 6, -3, -1, 0, -4, -1, 3, 0, 4, -4, 2, -4, 0, -6, -1]
 
2.0296500647: [6, 3, 6, -2, -5, -2, 4, 3, -1, -1, 3, -5, 2, -3, 0, -1, -3, 5, -6, -4, 6, 4, -6, 5, -4, -3, 2, 4, -2, -5, 5, 5, -4, 2, 1, 5, -6, 6, 0, 1, 6, 4, -2, 3, -3, -1, -5, 4, -3, 4, 5, -3, 3, -5, -6, -4, -5, -4, -4, 0, 0, 2, 5, -3, 1, 5, -6, -3, 2, -4, -5, 5, 5, -5, 4, 6, 1, -2, -6, -1, 2, -1, 6, -3, 2, -4, -5, -6, -4, -3, 0, 4, 1, -4, 1, 5, -2, -5, -1, -5, -5, -4, 2, 1, -1, -6, 0, -1, 1, -1, 4, 6, 4, 0, -5, 0, 3, 6, 1, -4, -1, 4, 1, 2, -5, -2, -2, -1]
 
2.23004472138: [6, 3, 6, -2, -5, -2, 4, 3, -1, -1, 3, -5, 2, -3, 0, -1, -3, 5, -6, -4, 6, 4, -6, 5, -4, -3, 2, 4, 0, 2, 2, -1, -2, -3, 6, 1, 3, 0, 6, 2, 3, -1, 5, -5, -4, -4, 1, -3, -4, -4, -1, -3, 0, -6, 2, 2, -6, 1, 0, -1, -1, 1, -2, -3, -4, 5, 4, 6, -4, 1, 2, 4, 3, 4, -4, -4, 4, -5, -1, 4, 5, -5, 3, -3, 1, -4, 5, -5, 1, 5, 1, 3, 3, 3, -3, -5, -2, 5, 6, -6, 3, 3, -1, -1, -6, -6, 0, -1, -3, -1, 0, -2, 1, 0, -5, 0, 3, -5, -2, -3, -6, -4, 4, 5, -6, 3, -5, -2]
 
3.01485704678: [5, 4, 1, 1, 1, 5, 5, 0, -4, -6, 5, -5, -4, 0, 5, -3, -1, -6, -2, 4, -1, 4, -5, 3, -4, -1, -5, 0, -4, -6, -4, 5, 1, 5, 0, 6, -4, 4, -4, -1, 1, 0, -6, -2, 0, 4, -4, -5, -4, 2, 3, 4, -1, -4, 6, 0, 6, 4, -3, -3, -3, 3, 1, 4, 2, 3, 6, 6, -3, -6, 2, 6, 5, 3, 4, -4, 4, 3, -1, -2, 4, 5, -6, -6, 3, 6, 5, -5, -4, -3, -1, 1, -4, -5, 6, -4, 0, 3, -3, -1, -5, -4, -2, 6, 1, 6, 5, 1, -3, 3, -1, -4, -2, -3, -1, 3, -5, -2, 2, 0, 5, -2, 5, -1, 1, 1, 0, -1]
 
2.3916332273: [6, 3, 6, -2, -5, -2, 4, 3, -1, -1, 3, -5, 2, -3, 0, -1, -3, 5, -6, -4, 6, 4, -6, 5, -4, -3, 2, 4, 0, 2, 2, -1, -2, -3, 6, 1, 3, 0, 6, 2, 3, -1, 5, -5, -4, -4, 1, -3, -4, -4, -1, -3, 0, -6, 2, 2, -6, 1, 0, -1, -1, 1, -2, -3, -4, 5, 4, 6, -4, 1, 2, 4, 3, 4, -4, -4, 4, -5, -1, 4, 5, -5, 3, -3, 1, -4, 5, -5, 1, 5, 1, 3, 3, 3, -3, -5, -2, 5, 6, -6, 3, 3, -1, -1, -6, -6, 0, -1, -3, -1, 0, -2, 1, 0, -5, 0, 3, -5, -2, 0, 5, 4, -4, 2, -5, 0, -6, -1]
 
1.95399655707: [6, 3, 6, -2, -5, -2, 4, 3, -1, -1, 3, -5, 2, -3, 0, -1, -3, 5, -6, -4, 6, 4, -6, 5, -4, -3, 2, 4, -2, -5, 5, 5, -4, 2, 1, 5, -6, 6, 0, 1, 6, 4, -2, 3, -3, -1, -5, 4, -3, 4, 5, -3, 3, -5, -6, -4, -5, -4, -4, 0, 0, 2, 5, -3, 1, 5, -6, -3, 2, -4, -5, 5, 5, -5, 4, 6, 1, -2, -6, -1, 2, -1, 6, -3, 2, -4, -5, -6, -4, -3, 0, 4, 1, -4, 1, 5, -2, -5, -1, -5, -5, -4, 2, 1, 1, 3, -5, -1, -4, -1, -3, -1, -2, -2, 6, -1, 0, -5, -2, 3, 5, -2, 5, -1, 1, 1, 0, -1]
 
2.27957518231: [6, 2, 5, -4, -3, 1, -1, 2, 3, -1, 5, -3, -5, -5, 5, -4, -1, 3, 5, 4, -1, -6, 6, 3, -6, -1, -2, -5, -2, -5, 5, 5, -4, 2, 1, 5, -6, 6, 0, 1, 6, 4, -2, 3, -3, -1, -5, -6, -3, 5, 2, -2, 0, 0, -2, 5, 4, 6, -5, 4, -3, -3, 5, 0, 1, -6, 2, 5, 1, 3, -6, -6, -5, -5, 4, -2, 0, -1, -6, -3, 1, -4, -5, -2, 3, 2, -4, 3, -1, 3, 5, -3, -3, 3, -5, 5, -4, 0, -4, 1, -6, -1, 1, 0, 0, 1, -1, -3, -4, -1, -4, 0, 2, -3, -3, -6, -1, 1, -1, 0, -6, 1, 2, 0, 6, 1, -4, -2]
 
2.14400220005: [-2, 5, -3, -6, 6, 5, 4, 0, 4, 4, 2, -5, -6, -3, -3, -5, -1, -6, -2, 6, 0, 2, -3, -6, -5, 1, 5, 3, 5, -6, 2, -3, 2, 6, -3, -1, 5, 1, -1, 0, 4, -1, -1, 0, 6, 1, -4, -6, 4, -5, -4, 5, -5, 4, -1, 4, -3, -1, -5, 3, -2, -3, -2, 0, -4, 2, -2, -2, -5, 5, 0, 4, -6, 5, -5, 0, -5, -4, -4, 2, 4, 2, 3, -6, 3, 6, -3, -5, 1, -5, -1, 1, 6, -5, -2, -4, 2, 3, 4, 1, -6, 6, -2, 6, -1, 3, -3, 1, 4, -1, -1, 4, 6, -3, -2, 2, -1, 6, 2, 4, -3, 1, -6, -6, -3, 4, 6, 6]
 
1.7145169122: [-6, -1, -4, 5, 2, -2, 0, 3, -1, -4, -1, -6, -5, -5, 5, -4, -1, 3, 5, 4, -1, -6, 6, 4, -6, -2, 5, 3, -5, 6, 5, -5, -4, 6, -2, 0, 5, -2, 3, 0, 6, 4, -2, 3, -3, -1, -4, -6, 1, -5, -5, 5, 4, 1, -1, 4, -3, -1, 0, 3, 2, -4, -2, -4, -4, 3, 2, 4, 1, 5, -1, 4, -6, -5, -4, 0, 4, -1, -4, 2, 6, 2, -6, -6, 3, 6, 5, -5, 4, -3, -1, 1, 6, -5, 1, -4, 2, 3, -3, 1, 5, -4, -2, 6, 1, 3, 5, 1, -3, -5, -1, -4, -2, -3, -2, 3, -5, -2, 2, 4, -6, 1, 1, -3, -2, 3, -2, 5]
 
3.31492182193: [-6, -1, -4, 5, 2, -2, 0, 3, -1, -4, -1, -6, -5, -5, 5, -4, -1, 3, 5, 4, -1, -6, 6, 4, -6, -2, 5, 3, -5, 6, 5, -5, -4, 6, -2, 0, 5, -2, 3, 0, 5, 6, -1, -5, 6, 0, -5, 4, -3, 4, 5, -3, 3, -5, -6, -4, -5, -4, -4, 0, 0, 2, 5, -3, 1, 5, -6, 5, 1, 3, -6, -6, -5, -5, 4, -2, 0, -1, -6, -3, 2, -1, 6, -3, 2, -4, -5, -6, -4, -3, 0, 4, 1, -4, 1, 5, -2, -5, -1, -5, -5, -4, 2, 1, 1, 3, -5, -1, -4, -1, -3, -1, -2, -2, 6, -1, 0, -5, -2, 3, 5, 4, -4, 2, -5, 0, -6, -1]
 
1.66733303826: [-1, 2, -6, -2, 1, -3, 5, 2, -6, 4, 3, 1, -5, -5, -1, -4, 1, -1, -3, 4, 1, -1, 3, 3, -6, 3, -2, -5, 0, -4, 2, -1, -1, -3, 6, 1, 3, 0, 6, 2, 3, -1, 5, -5, -4, -4, 3, 0, -3, -3, 2, -6, -6, 4, -5, -2, -4, -1, 2, -5, 2, 5, 4, 4, 3, -4, -1, 3, -3, -1, 1, 4, -5, 0, 1, 6, -4, -3, -4, -3, -5, -4, -6, 4, -2, 0, -5, -6, -5, -5, 3, 4, -1, 1, -6, 6, -5, -6, 3, -2, -1, -2, 2, 6, 6, 0, 0, -3, 6, -2, -6, -4, 1, -4, 0, 0, 1, -2, -2, -6, 4, -1, -6, -6, 0, -1, 0, -5]
 
1.41165756392: [-6, -1, -5, 6, 2, 3, 4, 5, -1, -4, -1, -6, 2, -3, 0, -1, -3, -1, -6, -4, 6, 4, 0, 5, 2, -6, 6, -5, 6, -3, -4, 1, 3, -1, 6, 4, -2, -1, 2, 5, -1, -4, 3, 5, -3, -6, -3, 4, 2, 1, -5, 6, 0, -6, 2, 2, -6, 1, 6, 3, 4, -6, -2, 1, -4, 5, 4, -5, -4, 1, -4, -1, 3, 2, -4, 5, 4, 3, 5, 4, 5, 6, 3, -3, -6, 1, 5, -6, 1, 5, 1, 3, 3, 3, 0, -5, -2, -6, 6, -6, 3, 3, -1, -4, -1, -6, 0, -1, 1, -1, 4, 6, 4, 0, -5, 0, 3, 6, 1, -4, -1, 4, 1, 2, -5, -2, -2, -1]
 
1.92569919525: [5, 4, 1, 1, 1, 5, 5, 0, -4, 4, 5, -5, -4, 6, -2, -3, -1, -6, -2, 4, 0, 4, -5, 4, -6, -2, 5, 3, -5, 6, 5, -5, -4, 6, -2, 0, 5, -2, 3, 0, 5, 6, -1, -5, 6, 0, -4, -6, 1, -5, -5, 5, 4, 1, -1, 4, -3, -1, 0, 3, 2, -4, -2, -4, -4, 3, 2, 4, 1, 5, -1, 4, -6, -5, -4, 0, 4, -1, -4, 2, 6, 2, -6, -6, 3, 6, 5, -5, 4, -3, -1, 1, 6, -5, 1, -4, 2, 3, -3, -6, 3, 3, -1, 4, -6, 2, 0, 2, -2, -1, -3, -2, 1, -6, -4, 0, 3, -5, -2, 0, 1, -2, -4, -1, 1, 1, 0, -1]
 
0.730996154269: [6, -1, 6, -4, 3, -4, -1, 3, -1, -1, 3, -6, 1, -3, 6, -2, -6, 5, -5, -4, 6, -6, -6, -6, -1, -3, -3, -6, 4, 5, 2, -1, 0, -3, -6, 1, 3, -6, 6, 2, 4, 5, 3, 0, -3, 2, 1, 1, -4, 5, -1, -2, 1, 1, -6, -2, -6, 1, 0, 5, -3, 1, -2, 5, -4, 6, 6, 6, -4, -5, 3, 4, 3, 4, -4, -2, 5, -5, -1, 4, 4, 6, -1, -2, 6, -2, 5, 3, 1, -2, 1, -6, 3, 3, -3, -2, -2, 5, 6, 1, 5, -4, -2, 6, 1, 5, 5, 1, -3, 6, 5, -4, -2, 2, -2, -5, -5, -2, -4, 4, -6, 1, -2, -4, 6, 3, -2, 2]
 
3.02512676788: [5, 4, 1, 1, 1, 5, 5, 0, -4, -6, 5, -5, -4, 0, 5, -3, -1, -6, -2, 4, -1, 4, -5, 3, -4, -1, -5, 0, -4, -6, -4, 5, 1, 5, 0, 6, -4, 4, -4, -1, 1, 0, -6, -2, 0, 4, -4, -5, -4, 2, 3, 4, -1, -4, 6, 0, 6, 4, -3, -3, -3, 3, 1, 4, 2, 3, 6, 6, -3, -6, 2, 6, 5, 3, 4, -4, 4, 3, -1, -2, 4, 5, -6, -6, 3, 6, 5, -5, -4, -3, -1, 1, -4, -5, 6, -4, 0, 3, -3, -1, -5, -4, -2, 6, 1, 6, 5, 1, -3, 3, -1, -4, -2, -3, -1, 3, -5, -2, 2, -3, -6, -4, 4, 5, -6, 3, -5, -2]
 
2.05453731254: [5, 4, 1, 1, 1, 5, 5, 0, -4, 4, 5, -5, -4, 6, -2, -3, -1, -6, -2, 4, 0, 4, -5, 3, -6, -1, 6, 0, -4, 6, -6, 6, 6, 1, -6, 4, 0, -3, 1, -5, 3, 5, -6, -3, 3, 5, -4, 6, -6, 1, 3, 3, -3, -1, 4, -6, 2, 1, 0, -2, -1, -1, -5, 5, 0, 2, 6, -6, -1, 2, -6, -5, 4, -1, -4, -2, 3, 5, -1, 4, 1, -5, 3, 4, 1, -4, -6, 1, 0, -5, 1, -3, 3, 3, -3, -5, -2, 3, 6, -6, 5, 3, -1, -1, -6, -6, 0, 1, -3, -3, -3, -6, 1, 0, -5, 0, -4, 6, 3, 2, -1, 6, 1, 2, -2, -4, -2, -1]
 
1.55751011467: [-6, -1, -5, 6, 2, 3, 4, 5, -1, -4, -1, -6, -5, -5, 6, -4, 1, -1, -3, -5, 6, -1, 3, -4, 1, 6, -2, -5, 0, 2, 2, -1, -2, -3, 6, 1, 3, 0, 6, 2, 3, -1, 5, -5, -4, -4, 1, -3, -3, 5, 2, -2, 0, 0, -2, 5, 4, 6, -5, 4, -3, -3, 5, 0, 1, -6, 2, 5, 1, 3, -6, -6, -5, -5, 4, -2, 0, -1, -6, -3, 1, -4, -5, -2, 3, 2, -4, 3, -1, 3, 5, -3, -3, 3, -5, 5, -4, 0, -4, 1, -6, -1, 1, 0, 0, 1, -1, -3, -4, -1, -4, 0, 2, -3, -3, -6, -1, 1, -1, 0, -6, 1, 2, 0, 6, 1, -4, -2]
 
1.31165751296: [6, 0, 6, -4, 3, -2, 5, 3, -1, -1, 3, -5, 2, -3, 6, -2, -3, 5, -2, -4, 6, -6, -6, -6, -4, -3, -3, 1, 4, 2, 2, -1, 0, -3, -6, 1, 3, -6, 6, 2, 4, -1, -2, 3, -3, -1, -5, -6, -3, -3, 2, -6, -6, 4, -1, -2, -4, -1, 2, -5, -6, 5, 4, 4, -2, -1, -1, 3, -3, -6, 1, 4, -5, 0, 1, -6, -4, -5, -4, -3, -5, -4, -6, 5, -2, 0, -5, -6, -4, -5, 1, 4, -1, 0, 1, -4, 2, -6, 3, -1, -1, 2, 3, 6, 6, -1, 5, -3, 1, -2, 6, -4, 1, -4, 0, -3, 1, 1, -1, -5, -1, -1, -6, -6, 0, -1, -3, -5]
 
1.97281898206: [-6, -1, -4, 5, 2, -2, 0, 3, -1, -4, 1, -3, -1, -2, 0, 4, 5, 5, 3, -4, 6, -6, -2, 6, 2, -3, 0, 4, 0, 2, 2, -1, -4, -3, 6, 1, 3, -6, 6, 2, 4, -1, -2, 3, -3, -1, -5, -6, -3, 5, 2, -2, 0, 0, -2, 5, 4, 6, -5, 4, -3, -3, 5, 0, 1, -6, 2, 5, 1, 3, -6, -6, -5, -5, 4, -2, 0, -1, -6, -3, 1, -4, -5, -2, 3, 2, -4, 3, -1, 3, 5, -3, -3, 3, -5, 5, -4, 0, -4, 1, -6, -1, 1, 0, 0, 1, -1, -3, -4, -1, -4, 0, 2, -3, -3, -6, -1, 1, -1, 0, -6, 1, 2, 0, 6, 1, -4, -2]
 
1.81257644289: [6, 0, 4, -6, -4, -2, 5, 5, 0, 4, 5, -5, 2, -3, 4, 0, 3, 4, 0, -4, 2, -3, 6, 6, -4, -3, -3, -2, 4, 2, 2, 6, -4, -6, -6, -5, 3, 2, 1, 4, 2, 0, -2, 2, -6, 2, 1, 4, -1, -4, 4, 6, -1, 1, 1, -3, 3, 5, -2, -3, 0, -2, -5, -4, 0, 3, 4, -6, 4, 2, -2, 2, 6, -2, -5, -4, 1, -5, -5, -1, 0, -1, 6, -4, 2, -4, -1, -2, -4, 1, 6, -5, 1, 1, 3, 2, -6, 1, -5, 3, 0, 5, -4, -2, -2, -5, -1, 0, 0, 6, 5, -6, -6, -1, -2, -1, -6, -3, -2, -6, -4, 2, -5, -4, -2, -4, 2, -6]
 
