6.68621644547: [6, 3, 6, -2, -5, -2, 4, 0, -3, -6, 5, -5, 5, 0, 6, -3, 2, -6, -2, 4, 5, 4, -5, -1, -4, -1, -5, 0, -4, -6, -4, 5, 1, 5, 0, 6, -4, 4, -4, -1, 1, 0, -6, -2, 0, 4, -4, -5, -4, 2, 3, 4, -1, -4, 6, 0, 6, -5, 0, -2, -3, 6, -4, 6, -4, 6, -2, -4, -1, 3, -6, -6, -5, -5, 4, -2, 0, -1, -6, -3, 2, -1, -6, -6, 3, 6, 5, -6, -4, -3, 0, 4, 1, -4, 1, 5, -2, -5, -1, -5, -5, -4, 2, 1, 1, 3, -5, -1, -4, -1, -3, -1, -2, -2, 6, -1, 0, -5, -2, 3, 5, 4, -4, 2, -5, 0, -6, -1]
 
6.65972844951: [6, 3, 6, -2, -5, -2, 4, 0, -3, -6, 5, -5, 5, 0, 6, -3, 2, -6, -2, 4, 5, 4, -5, -1, -4, -1, -5, 0, -4, -6, -4, 5, 1, 5, 0, 6, -4, 4, -4, -1, 1, 0, -6, -2, 0, 4, -4, -5, -4, 2, 3, 4, -1, -4, 6, 0, 6, -5, 0, -2, -3, 6, -4, 6, -4, 6, -2, -4, -1, 3, -6, -6, -5, -5, 4, -2, 0, -1, -6, -3, 2, -1, -6, -6, 3, 6, 5, -6, -4, -3, 0, 4, 1, -4, 1, 5, -2, -5, -1, -5, -5, -4, 2, 1, 1, 3, -5, -1, -4, -1, -3, -1, -2, -2, 6, -1, 0, -5, -2, 3, 5, 4, -4, 2, -5, 0, -6, -1]
 
6.65670168512: [6, 3, 6, -2, -5, -2, 4, 0, -3, -6, 5, -5, 5, 0, 6, -3, 2, -6, -2, 4, 5, 4, -5, -1, -4, -1, -5, 0, -4, -6, -4, 5, 1, 5, 0, 6, -4, 4, -4, -1, 1, 0, -6, -2, 0, 4, -4, -5, -4, 2, 3, 4, -1, -4, 6, 0, 6, -5, 0, -2, -3, 6, -4, 6, -4, 6, -2, -4, -1, 3, -6, -6, -5, -5, 4, -2, 0, -1, -6, -3, 2, -1, -6, -6, 3, 6, 5, -6, -4, -3, 0, 4, 1, -4, 1, 5, -2, -5, -1, -5, -5, -4, 2, 1, 1, 3, -5, -1, -4, -1, -3, -1, -2, -2, 6, -1, 0, -5, -2, 3, 5, 4, -4, 2, -5, 0, -6, -1]
 
6.65325566409: [6, 3, 6, -2, -5, -2, 4, 0, -3, -6, 5, -5, 5, 0, 6, -3, 2, -6, -2, 4, 5, 4, -5, -1, -4, -1, -5, 0, -4, -6, -4, 5, 1, 5, 0, 6, -4, 4, -4, -1, 1, 0, -6, -2, 0, 4, -4, -5, -4, 2, 3, 4, -1, -4, 6, 0, 6, -5, 0, -2, -3, 6, -4, 6, -4, 6, -2, -4, -1, 3, -6, -6, -5, -5, 4, -2, 0, -1, -6, -3, 2, -1, -6, -6, 3, 6, 5, -6, -4, -3, 0, 4, 1, -4, 1, 5, -2, -5, -1, -5, -5, -4, 2, 1, 1, 3, -5, -1, -4, -1, -3, -1, -2, -2, 6, -1, 0, -5, -2, 3, 5, 4, -4, 2, -5, 0, -6, -1]
 
6.61605108186: [6, 3, 6, -2, -5, -2, 4, 0, -3, -6, 5, -5, 5, 0, 6, -3, 2, -6, -2, 4, 5, 4, -5, -1, -4, -1, -5, 0, -4, -6, -4, 5, 1, 5, 0, 6, -4, 4, -4, -1, 1, 0, -6, -2, 0, 4, -4, -5, -4, 2, 3, 4, -1, -4, 6, 0, 6, -5, 0, -2, -3, 6, -4, 6, -4, 6, -2, -4, -1, 3, -6, -6, -5, -5, 4, -2, 0, -1, -6, -3, 2, -1, -6, -6, 3, 6, 5, -6, -4, -3, 0, 4, 1, -4, 1, 5, -2, -5, -1, -5, -5, -4, 2, 1, 1, 3, -5, -1, -4, -1, -3, -1, -2, -2, 6, -1, 0, -5, -2, 3, 5, 4, -4, 2, -5, 0, -6, -1]
 
6.61465536933: [6, 3, 6, -2, -5, -2, 4, 0, -3, -6, 5, -5, 5, 0, 6, -3, 2, -6, -2, 4, 5, 4, -5, -1, -4, -1, -5, 0, -4, -6, -4, 5, 1, 5, 0, 6, -4, 4, -4, -1, 1, 0, -6, -2, 0, 4, -4, -5, -4, 2, 3, 4, -1, -4, 6, 0, 6, -5, 0, -2, -3, 6, -4, 6, -4, 6, -2, -4, -1, 3, -6, -6, -5, -5, 4, -2, 0, -1, -6, -3, 2, -1, -6, -6, 3, 6, 5, -6, -4, -3, 0, 4, 1, -4, 1, 5, -2, -5, -1, -5, -5, -4, 2, 1, 1, 3, -5, -1, -4, -1, -3, -1, -2, -2, 6, -1, 0, -5, -2, 3, 5, 4, -4, 2, -5, 0, -6, -1]
 
6.58325494635: [6, 3, 6, -2, -5, -2, 4, 0, -3, -6, 5, -5, 5, 0, 6, -3, 2, -6, -2, 4, 5, 4, -5, -1, -4, -1, -5, 0, -4, -6, -4, 5, 1, 5, 0, 6, -4, 4, -4, -1, 1, 0, -6, -2, 0, 4, -4, -5, -4, 2, 3, 4, -1, -4, 6, 0, 6, -5, 0, -2, -3, 6, -4, 6, -4, 6, -2, -4, -1, 3, -6, -6, -5, -5, 4, -2, 0, -1, -6, -3, 2, -1, -6, -6, 3, 6, 5, -6, -4, -3, 0, 4, 1, -4, 1, 5, -2, -5, -1, -5, -5, -4, 2, 1, 1, 3, -5, -1, -4, -1, -3, -1, -2, -2, 6, -1, 0, -5, -2, 3, 5, 4, -4, 2, -5, 0, -6, -1]
 
6.56574617112: [6, 3, 6, -2, -5, -2, 4, 0, -3, -6, 5, -5, 5, 0, 6, -3, 2, -6, -2, 4, 5, 4, -5, -1, -4, -1, -5, 0, -4, -6, -4, 5, 1, 5, 0, 6, -4, 4, -4, -1, 1, 0, -6, -2, 0, 4, -4, -5, -4, 2, 3, 4, -1, -4, 6, 0, 6, -5, 0, -2, -3, 6, -4, 6, -4, 6, -2, -4, -1, 3, -6, -6, -5, -5, 4, -2, 0, -1, -6, -3, 2, -1, -6, -6, 3, 6, 5, -6, -4, -3, 0, 4, 1, -4, 1, 5, -2, -5, -1, -5, -5, -4, 2, 1, 1, 3, -5, -1, -4, -1, -3, -1, -2, -2, 6, -1, 0, -5, -2, 3, 5, 4, -4, 2, -5, 0, -6, -1]
 
6.56446587662: [6, 3, 6, -2, -5, -2, 4, 0, -3, -6, 5, -5, 5, 0, 6, -3, 2, -6, -2, 4, 5, 4, -5, -1, -4, -1, -5, 0, -4, -6, -4, 5, 1, 5, 0, 6, -4, 4, -4, -1, 1, 0, -6, -2, 0, 4, -4, -5, -4, 2, 3, 4, -1, -4, 6, 0, 6, -5, 0, -2, -3, 6, -4, 6, -4, 6, -2, -4, -1, 3, -6, -6, -5, -5, 4, -2, 0, -1, -6, -3, 2, -1, -6, -6, 3, 6, 5, -6, -4, -3, 0, 4, 1, -4, 1, 5, -2, -5, -1, -5, -5, -4, 2, 1, 1, 3, -5, -1, -4, -1, -3, -1, -2, -2, 6, -1, 0, -5, -2, 3, 5, 4, -4, 2, -5, 0, -6, -1]
 
1.29957775545: [6, 3, 5, -2, -5, -2, 4, 0, -3, -6, -2, -5, 5, 0, 6, -3, 2, -6, -2, 4, -4, -6, -5, -1, -4, 3, -5, 0, -4, 4, -4, 5, 1, 5, 0, 6, -4, 4, -4, -1, -3, 0, 6, -2, 0, 4, -4, -5, -4, 2, 3, 4, -5, -3, 6, -4, 6, 3, 0, 4, -3, 5, -1, 6, -4, 3, -1, 5, -1, 3, -5, -6, 3, -5, 4, -2, -4, -1, -6, -2, 2, 4, -6, -6, 3, 3, 5, 0, -4, -3, -5, 4, 1, -4, 1, 5, -2, -5, -1, -5, -5, -4, 2, 1, 1, 3, -1, 3, -4, -1, -3, -1, -2, -2, 6, -1, 0, -5, 4, 3, 5, 4, -4, 2, -5, 0, -6, -4]
 
6.54631345222: [6, 3, 6, -2, -5, -2, 4, 0, -3, -6, 5, -5, 5, 0, 6, -3, 2, -6, -2, 4, 5, 4, -5, -1, -4, -1, -5, 0, -4, -6, -4, 5, 1, 5, 0, 6, -4, 4, -4, -1, 1, 0, -6, -2, 0, 4, -4, -5, -4, 2, 3, 4, -1, -4, 6, 0, 6, -5, 0, -2, -3, 6, -4, 6, -4, 6, -2, -4, -1, 3, -6, -6, -5, -5, 4, -2, 0, -1, -6, -3, 2, -1, -6, -6, 3, 6, 5, -6, -4, -3, 0, 4, 1, -4, 1, 5, -2, -5, -1, -5, -5, -4, 2, 1, 1, 3, -5, -1, -4, -1, -3, -1, -2, -2, 6, -1, 0, -5, -2, 3, 5, 4, -4, 2, -5, 0, -6, -1]
 
6.54409866028: [6, 3, 6, -2, -5, -2, 4, 0, -3, -6, 5, -5, 5, 0, 6, -3, 2, -6, -2, 4, 5, 4, -5, -1, -4, -1, -5, 0, -4, -6, -4, 5, 1, 5, 0, 6, -4, 4, -4, -1, 1, 0, -6, -2, 0, 4, -4, -5, -4, 2, 3, 4, -1, -4, 6, 0, 6, -5, 0, -2, -3, 6, -4, 6, -4, 6, -2, -4, -1, 3, -6, -6, -5, -5, 4, -2, 0, -1, -6, -3, 2, -1, -6, -6, 3, 6, 5, -6, -4, -3, 0, 4, 1, -4, 1, 5, -2, -5, -1, -5, -5, -4, 2, 1, 1, 3, -5, -1, -4, -1, -3, -1, -2, -2, 6, -1, 0, -5, -2, 3, 5, 4, -4, 2, -5, 0, -6, -1]
 
1.0753829101: [0, 3, 6, -2, -5, 3, 4, -3, -3, 6, 5, -5, 4, 0, 6, -3, 2, 4, -6, 4, 5, 4, -5, -1, -4, -1, -3, 0, -4, -6, -4, 5, 1, 5, 0, 6, -4, 4, -4, -1, 1, 0, -6, -2, 0, -4, 5, 3, -4, 2, 3, 4, -1, -4, 6, 3, 6, -5, 0, -2, -1, 6, -4, 6, -4, 6, -2, 2, -1, 3, -2, -6, -5, -5, 4, -2, -5, -1, -6, -6, 2, -1, -6, -6, 6, 6, 5, -6, -5, 0, 0, 4, 1, -4, 1, 5, -2, 5, -1, -1, 5, -4, 2, -6, 1, 3, -5, -1, -4, -1, -3, 3, -2, -2, -2, -1, 0, -5, -2, 3, 5, 1, -4, 2, -5, 6, 6, -1]
 
6.52474847055: [6, 3, 6, -2, -5, -2, 4, 0, -3, -6, 5, -5, 5, 0, 6, -3, 2, -6, -2, 4, 5, 4, -5, -1, -4, -1, -5, 0, -4, -6, -4, 5, 1, 5, 0, 6, -4, 4, -4, -1, 1, 0, -6, -2, 0, 4, -4, -5, -4, 2, 3, 4, -1, -4, 6, 0, 6, -5, 0, -2, -3, 6, -4, 6, -4, 6, -2, -4, -1, 3, -6, -6, -5, -5, 4, -2, 0, -1, -6, -3, 2, -1, -6, -6, 3, 6, 5, -6, -4, -3, 0, 4, 1, -4, 1, 5, -2, -5, -1, -5, -5, -4, 2, 1, 1, 3, -5, -1, -4, -1, -3, -1, -2, -2, 6, -1, 0, -5, -2, 3, 5, 4, -4, 2, -5, 0, -6, -1]
 
6.51983150525: [6, 3, 6, -2, -5, -2, 4, 0, -3, -6, 5, -5, 5, 0, 6, -3, 2, -6, -2, 4, 5, 4, -5, -1, -4, -1, -5, 0, -4, -6, -4, 5, 1, 5, 0, 6, -4, 4, -4, -1, 1, 0, -6, -2, 0, 4, -4, -5, -4, 2, 3, 4, -1, -4, 6, 0, 6, -5, 0, -2, -3, 6, -4, 6, -4, 6, -2, -4, -1, 3, -6, -6, -5, -5, 4, -2, 0, -1, -6, -3, 2, -1, -6, -6, 3, 6, 5, -6, -4, -3, 0, 4, 1, -4, 1, 5, -2, -5, -1, -5, -5, -4, 2, 1, 1, 3, -5, -1, -4, -1, -3, -1, -2, -2, 6, -1, 0, -5, -2, 3, 5, 4, -4, 2, -5, 0, -6, -1]
 
6.5131679623: [6, 3, 6, -2, -5, -2, 4, 0, -3, -6, 5, -5, 5, 0, 6, -3, 2, -6, -2, 4, 5, 4, -5, -1, -4, -1, -5, 0, -4, -6, -4, 5, 1, 5, 0, 6, -4, 4, -4, -1, 1, 0, -6, -2, 0, 4, -4, -5, -4, 2, 3, 4, -1, -4, 6, 0, 6, -5, 0, -2, -3, 6, -4, 6, -4, 6, -2, -4, -1, 3, -6, -6, -5, -5, 4, -2, 0, -1, -6, -3, 2, -1, -6, -6, 3, 6, 5, -6, -4, -3, 0, 4, 1, -4, 1, 5, -2, -5, -1, -5, -5, -4, 2, 1, 1, 3, -5, -1, -4, -1, -3, -1, -2, -2, 6, -1, 0, -5, -2, 3, 5, 4, -4, 2, -5, 0, -6, -1]
 
6.51146711665: [6, 3, 6, -2, -5, -2, 4, 0, -3, -6, 5, -5, 5, 0, 6, -3, 2, -6, -2, 4, 5, 4, -5, -1, -4, -1, -5, 0, -4, -6, -4, 5, 1, 5, 0, 6, -4, 4, -4, -1, 1, 0, -6, -2, 0, 4, -4, -5, -4, 2, 3, 4, -1, -4, 6, 0, 6, -5, 0, -2, -3, 6, -4, 6, -4, 6, -2, -4, -1, 3, -6, -6, -5, -5, 4, -2, 0, -1, -6, -3, 2, -1, -6, -6, 3, 6, 5, -6, -4, -3, 0, 4, 1, -4, 1, 5, -2, -5, -1, -5, -5, -4, 2, 1, 1, 3, -5, -1, -4, -1, -3, -1, -2, -2, 6, -1, 0, -5, -2, 3, 5, 4, -4, 2, -5, 0, -6, -1]
 
6.50793875234: [6, 3, 6, -2, -5, -2, 4, 0, -3, -6, 5, -5, 5, 0, 6, -3, 2, -6, -2, 4, 5, 4, -5, -1, -4, -1, -5, 0, -4, -6, -4, 5, 1, 5, 0, 6, -4, 4, -4, -1, 1, 0, -6, -2, 0, 4, -4, -5, -4, 2, 3, 4, -1, -4, 6, 0, 6, -5, 0, -2, -3, 6, -4, 6, -4, 6, -2, -4, -1, 3, -6, -6, -5, -5, 4, -2, 0, -1, -6, -3, 2, -1, -6, -6, 3, 6, 5, -6, -4, -3, 0, 4, 1, -4, 1, 5, -2, -5, -1, -5, -5, -4, 2, 1, 1, 3, -5, -1, -4, -1, -3, -1, -2, -2, 6, -1, 0, -5, -2, 3, 5, 4, -4, 2, -5, 0, -6, -1]
 
6.50538976898: [6, 3, 6, -2, -5, -2, 4, 0, -3, -6, 5, -5, 5, 0, 6, -3, 2, -6, -2, 4, 5, 4, -5, -1, -4, -1, -5, 0, -4, -6, -4, 5, 1, 5, 0, 6, -4, 4, -4, -1, 1, 0, -6, -2, 0, 4, -4, -5, -4, 2, 3, 4, -1, -4, 6, 0, 6, -5, 0, -2, -3, 6, -4, 6, -4, 6, -2, -4, -1, 3, -6, -6, -5, -5, 4, -2, 0, -1, -6, -3, 2, -1, -6, -6, 3, 6, 5, -6, -4, -3, 0, 4, 1, -4, 1, 5, -2, -5, -1, -5, -5, -4, 2, 1, 1, 3, -5, -1, -4, -1, -3, -1, -2, -2, 6, -1, 0, -5, -2, 3, 5, 4, -4, 2, -5, 0, -6, -1]
 
6.50405816772: [6, 3, 6, -2, -5, -2, 4, 0, -3, -6, 5, -5, 5, 0, 6, -3, 2, -6, -2, 4, 5, 4, -5, -1, -4, -1, -5, 0, -4, -6, -4, 5, 1, 5, 0, 6, -4, 4, -4, -1, 1, 0, -6, -2, 0, 4, -4, -5, -4, 2, 3, 4, -1, -4, 6, 0, 6, -5, 0, -2, -3, 6, -4, 6, -4, 6, -2, -4, -1, 3, -6, -6, -5, -5, 4, -2, 0, -1, -6, -3, 2, -1, -6, -6, 3, 6, 5, -6, -4, -3, 0, 4, 1, -4, 1, 5, -2, -5, -1, -5, -5, -4, 2, 1, 1, 3, -5, -1, -4, -1, -3, -1, -2, -2, 6, -1, 0, -5, -2, 3, 5, 4, -4, 2, -5, 0, -6, -1]
 
6.50336845521: [6, 3, 6, -2, -5, -2, 4, 0, -3, -6, 5, -5, 5, 0, 6, -3, 2, -6, -2, 4, 5, 4, -5, -1, -4, -1, -5, 0, -4, -6, -4, 5, 1, 5, 0, 6, -4, 4, -4, -1, 1, 0, -6, -2, 0, 4, -4, -5, -4, 2, 3, 4, -1, -4, 6, 0, 6, -5, 0, -2, -3, 6, -4, 6, -4, 6, -2, -4, -1, 3, -6, -6, -5, -5, 4, -2, 0, -1, -6, -3, 2, -1, -6, -6, 3, 6, 5, -6, -4, -3, 0, 4, 1, -4, 1, 5, -2, -5, -1, -5, -5, -4, 2, 1, 1, 3, -5, -1, -4, -1, -3, -1, -2, -2, 6, -1, 0, -5, -2, 3, 5, 4, -4, 2, -5, 0, -6, -1]
 
6.5020183793: [6, 3, 6, -2, -5, -2, 4, 0, -3, -6, 5, -5, 5, 0, 6, -3, 2, -6, -2, 4, 5, 4, -5, -1, -4, -1, -5, 0, -4, -6, -4, 5, 1, 5, 0, 6, -4, 4, -4, -1, 1, 0, -6, -2, 0, 4, -4, -5, -4, 2, 3, 4, -1, -4, 6, 0, 6, -5, 0, -2, -3, 6, -4, 6, -4, 6, -2, -4, -1, 3, -6, -6, -5, -5, 4, -2, 0, -1, -6, -3, 2, -1, -6, -6, 3, 6, 5, -6, -4, -3, 0, 4, 1, -4, 1, 5, -2, -5, -1, -5, -5, -4, 2, 1, 1, 3, -5, -1, -4, -1, -3, -1, -2, -2, 6, -1, 0, -5, -2, 3, 5, 4, -4, 2, -5, 0, -6, -1]
 
6.49141690592: [6, 3, 6, -2, -5, -2, 4, 0, -3, -6, 5, -5, 5, 0, 6, -3, 2, -6, -2, 4, 5, 4, -5, -1, -4, -1, -5, 0, -4, -6, -4, 5, 1, 5, 0, 6, -4, 4, -4, -1, 1, 0, -6, -2, 0, 4, -4, -5, -4, 2, 3, 4, -1, -4, 6, 0, 6, -5, 0, -2, -3, 6, -4, 6, -4, 6, -2, -4, -1, 3, -6, -6, -5, -5, 4, -2, 0, -1, -6, -3, 2, -1, -6, -6, 3, 6, 5, -6, -4, -3, 0, 4, 1, -4, 1, 5, -2, -5, -1, -5, -5, -4, 2, 1, 1, 3, -5, -1, -4, -1, -3, -1, -2, -2, 6, -1, 0, -5, -2, 3, 5, 4, -4, 2, -5, 0, -6, -1]
 
6.48756256413: [6, 3, 6, -2, -5, -2, 4, 0, -3, -6, 5, -5, 5, 0, 6, -3, 2, -6, -2, 4, 5, 4, -5, -1, -4, -1, -5, 0, -4, -6, -4, 5, 1, 5, 0, 6, -4, 4, -4, -1, 1, 0, -6, -2, 0, 4, -4, -5, -4, 2, 3, 4, -1, -4, 6, 0, 6, -5, 0, -2, -3, 6, -4, 6, -4, 6, -2, -4, -1, 3, -6, -6, -5, -5, 4, -2, 0, -1, -6, -3, 2, -1, -6, -6, 3, 6, 5, -6, -4, -3, 0, 4, 1, -4, 1, 5, -2, -5, -1, -5, -5, -4, 2, 1, 1, 3, -5, -1, -4, -1, -3, -1, -2, -2, 6, -1, 0, -5, -2, 3, 5, 4, -4, 2, -5, 0, -6, -1]
 
6.47921565643: [6, 3, 6, -2, -5, -2, 4, 0, -3, -6, 5, -5, 5, 0, 6, -3, 2, -6, -2, 4, 5, 4, -5, -1, -4, -1, -5, 0, -4, -6, -4, 5, 1, 5, 0, 6, -4, 4, -4, -1, 1, 0, -6, -2, 0, 4, -4, -5, -4, 2, 3, 4, -1, -4, 6, 0, 6, -5, 0, -2, -3, 6, -4, 6, -4, 6, -2, -4, -1, 3, -6, -6, -5, -5, 4, -2, 0, -1, -6, -3, 2, -1, -6, -6, 3, 6, 5, -6, -4, -3, 0, 4, 1, -4, 1, 5, -2, -5, -1, -5, -5, -4, 2, 1, 1, 3, -5, -1, -4, -1, -3, -1, -2, -2, 6, -1, 0, -5, -2, 3, 5, 4, -4, 2, -5, 0, -6, -1]
 
6.47739177478: [6, 3, 6, -2, -5, -2, 4, 0, -3, -6, 5, -5, 5, 0, 6, -3, 2, -6, -2, 4, 5, 4, -5, -1, -4, -1, -5, 0, -4, -6, -4, 5, 1, 5, 0, 6, -4, 4, -4, -1, 1, 0, -6, -2, 0, 4, -4, -5, -4, 2, 3, 4, -1, -4, 6, 0, 6, -5, 0, -2, -3, 6, -4, 6, -4, 6, -2, -4, -1, 3, -6, -6, -5, -5, 4, -2, 0, -1, -6, -3, 2, -1, -6, -6, 3, 6, 5, -6, -4, -3, 0, 4, 1, -4, 1, 5, -2, -5, -1, -5, -5, -4, 2, 1, 1, 3, -5, -1, -4, -1, -3, -1, -2, -2, 6, -1, 0, -5, -2, 3, 5, 4, -4, 2, -5, 0, -6, -1]
 
6.45997775883: [6, 3, 6, -2, -5, -2, 4, 0, -3, -6, 5, -5, 5, 0, 6, -3, 2, -6, -2, 4, 5, 4, -5, -1, -4, -1, -5, 0, -4, -6, -4, 5, 1, 5, 0, 6, -4, 4, -4, -1, 1, 0, -6, -2, 0, 4, -4, -5, -4, 2, 3, 4, -1, -4, 6, 0, 6, -5, 0, -2, -3, 6, -4, 6, -4, 6, -2, -4, -1, 3, -6, -6, -5, -5, 4, -2, 0, -1, -6, -3, 2, -1, -6, -6, 3, 6, 5, -6, -4, -3, 0, 4, 1, -4, 1, 5, -2, -5, -1, -5, -5, -4, 2, 1, 1, 3, -5, -1, -4, -1, -3, -1, -2, -2, 6, -1, 0, -5, -2, 3, 5, 4, -4, 2, -5, 0, -6, -1]
 
6.45254594613: [6, 3, 6, -2, -5, -2, 4, 0, -3, -6, 5, -5, 5, 0, 6, -3, 2, -6, -2, 4, 5, 4, -5, -1, -4, -1, -5, 0, -4, -6, -4, 5, 1, 5, 0, 6, -4, 4, -4, -1, 1, 0, -6, -2, 0, 4, -4, -5, -4, 2, 3, 4, -1, -4, 6, 0, 6, -5, 0, -2, -3, 6, -4, 6, -4, 6, -2, -4, -1, 3, -6, -6, -5, -5, 4, -2, 0, -1, -6, -3, 2, -1, -6, -6, 3, 6, 5, -6, -4, -3, 0, 4, 1, -4, 1, 5, -2, -5, -1, -5, -5, -4, 2, 1, 1, 3, -5, -1, -4, -1, -3, -1, -2, -2, 6, -1, 0, -5, -2, 3, 5, 4, -4, 2, -5, 0, -6, -1]
 
1.57024385549: [6, 3, 6, -2, 6, -4, 4, 0, -3, -6, 5, -5, 5, 0, 6, -5, 2, -6, 5, 4, -4, 4, -5, -1, -4, -1, -5, 0, -4, -6, -4, 5, 1, 2, 0, -4, -4, -6, -4, -1, 1, 0, 1, 5, 0, 4, -4, -5, 1, -1, 0, 4, -1, -4, -1, 0, 6, -5, 0, -2, -3, 4, -4, 0, -4, -4, -2, -4, -1, 3, -6, -6, -5, -2, 4, -2, 0, 3, -6, 1, 1, -1, -6, -6, 3, 0, 5, -1, -4, 0, 0, 4, 1, -4, 1, 5, -3, -5, -1, -5, -5, -4, 2, 6, 1, -5, -5, -1, 3, 5, -3, -1, 1, -2, 6, -1, 3, -5, -2, -6, -6, 4, -4, 2, -5, 0, -6, 0]
 
1.12734659455: [6, 3, 6, -2, -5, -2, 4, 1, -6, -6, 4, -5, 3, 0, 6, -1, 2, 3, -2, 4, 5, 4, -5, 5, 0, -1, -5, 0, -4, -6, -4, 5, 1, 5, 4, 6, -4, 4, -4, -4, 1, 0, -6, 3, 0, 4, -4, -5, -4, 2, 3, 5, -1, -6, 6, 0, 4, -5, 0, -2, -3, 6, -3, -3, -4, 6, -2, -4, -1, 3, -6, -6, -4, -5, 1, 6, 0, -1, -6, -5, 4, -1, -6, -6, 3, 6, 3, -6, -4, -5, 5, 4, 3, -4, 1, 5, 1, -5, -1, -5, -5, -4, 2, 1, 1, 3, -5, -1, -4, -1, -1, -1, -2, -4, 6, -1, 0, -3, 0, 3, 5, 4, -4, -3, -5, 0, -6, -1]
 
6.41728913063: [6, 3, 6, -2, -5, -2, 4, 0, -3, -6, 5, -5, 5, 0, 6, -3, 2, -6, -2, 4, 5, 4, -5, -1, -4, -1, -5, 0, -4, -6, -4, 5, 1, 5, 0, 6, -4, 4, -4, -1, 1, 0, -6, -2, 0, 4, -4, -5, -4, 2, 3, 4, -1, -4, 6, 0, 6, -5, 0, -2, -3, 6, -4, 6, -4, 6, -2, -4, -1, 3, -6, -6, -5, -5, 4, -2, 0, -1, -6, -3, 2, -1, -6, -6, 3, 6, 5, -6, -4, -3, 0, 4, 1, -4, 1, 5, -2, -5, -1, -5, -5, -4, 2, 1, 1, 3, -5, -1, -4, -1, -3, -1, -2, -2, 6, -1, 0, -5, -2, 3, 5, 4, -4, 2, -5, 0, -6, -1]
 
6.3421046144: [6, 3, 6, -2, -5, -2, 4, 0, -3, -6, 5, -5, 5, 0, 6, -3, 2, -6, -2, 4, 5, 4, -5, -1, -4, -1, -5, 0, -4, -6, -4, 5, 1, 5, 0, 6, -4, 4, -4, -1, 1, 0, -6, -2, 0, 4, -4, -5, -4, 2, 3, 4, -1, -4, 6, 0, 6, -5, 0, -2, -3, 6, -4, 6, -4, 6, -2, -4, -1, 3, -6, -6, -5, -5, 4, -2, 0, -1, -6, -3, 2, -1, -6, -6, 3, 6, 5, -6, -4, -3, 0, 4, 1, -4, 1, 5, -2, -5, -1, -5, -5, -4, 2, 1, 1, 3, -5, -1, -4, -1, -3, -1, -2, -2, 6, -1, 0, -5, -2, 3, 5, 4, -4, 2, -5, 0, -6, -1]
 
6.29955061874: [6, 3, 6, -2, -5, -2, 4, 0, -3, -6, 5, -5, 5, 0, 6, -3, 2, -6, -2, 4, 5, 4, -5, -1, -4, -1, -5, 0, -4, -6, -4, 5, 1, 5, 0, 6, -4, 4, -4, -1, 1, 0, -6, -2, 0, 4, -4, -5, -4, 2, 3, 4, -1, -4, 6, 0, 6, -5, 0, -2, -3, 6, -4, 6, -4, 6, -2, -4, -1, 3, -6, -6, -5, -5, 4, -2, 0, -1, -6, -3, 2, -1, -6, -6, 3, 6, 5, -6, -4, -3, 0, 4, 1, -4, 1, 5, -2, -5, -1, -5, -5, -4, 2, 1, 1, 3, -5, -1, -4, -1, -3, -1, -2, -2, 6, -1, 0, -5, -2, 3, 5, 4, -4, 2, -5, 0, -6, -1]
 
6.14526050907: [6, 3, 6, -2, -5, -2, 4, 0, -3, -6, 5, -5, 5, 0, 6, -3, 2, -6, -2, 4, 5, 4, -5, -1, -4, -1, -5, 0, -4, -6, -4, 5, 1, 5, 0, 6, -4, 4, -4, -1, 1, 0, -6, -2, 0, 4, -4, -5, -4, 2, 3, 4, -1, -4, 6, 0, 6, -5, 0, -2, -3, 6, -4, 6, -4, 6, -2, -4, -1, 3, -6, -6, -5, -5, 4, -2, 0, -1, -6, -3, 2, -1, -6, -6, 3, 6, 5, -6, -4, -3, 0, 4, 1, -4, 1, 5, -2, -5, -1, -5, -5, -4, 2, 1, 1, 3, -5, -1, -4, -1, -3, -1, -2, -2, 6, -1, 0, -5, -2, 3, 5, 4, -4, 2, -5, 0, -6, -1]
 
6.05609553429: [6, 3, 6, -2, -5, -2, 4, 0, -3, -6, 5, -5, 5, 0, 6, -3, 2, -6, -2, 4, 5, 4, -5, -1, -4, -1, -5, 0, -4, -6, -4, 5, 1, 5, 0, 6, -4, 4, -4, -1, 1, 0, -6, -2, 0, 4, -4, -5, -4, 2, 3, 4, -1, -4, 6, 0, 6, -5, 0, -2, -3, 6, -4, 6, -4, 6, -2, -4, -1, 3, -6, -6, -5, -5, 4, -2, 0, -1, -6, -3, 2, -1, -6, -6, 3, 6, 5, -6, -4, -3, 0, 4, 1, -4, 1, 5, -2, -5, -1, -5, -5, -4, 2, 1, 1, 3, -5, -1, -4, -1, -3, -1, -2, -2, 6, -1, 0, -5, -2, 3, 5, 4, -4, 2, -5, 0, -6, -1]
 
6.17797707635: [6, 3, 6, -2, -5, -2, 4, 0, -3, -6, 5, -5, 5, 0, 6, -3, 2, -6, -2, 4, 5, 4, -5, -1, -4, -1, -5, 0, -4, -6, -4, 5, 1, 5, 0, 6, -4, 4, -4, -1, 1, 0, -6, -2, 0, 4, -4, -5, -4, 2, 3, 4, -1, -4, 6, 0, 6, -5, 0, -2, -3, 6, -4, 6, -4, 6, -2, -4, -1, 3, -6, -6, -5, -5, 4, -2, 0, -1, -6, -3, 2, -1, -6, -6, 3, 6, 5, -6, -4, -3, 0, 4, 1, -4, 1, 5, -2, -5, -1, -5, -5, -4, 2, 1, 1, 3, -5, -1, -4, -1, -3, -1, -2, -2, 6, -1, 0, -5, -2, 3, 5, 4, -4, 2, -5, 0, -6, -1]
 
6.35000079547: [6, 3, 6, -2, -5, -2, 4, 0, -3, -6, 5, -5, 5, 0, 6, -3, 2, -6, -2, 4, 5, 4, -5, -1, -4, -1, -5, 0, -4, -6, -4, 5, 1, 5, 0, 6, -4, 4, -4, -1, 1, 0, -6, -2, 0, 4, -4, -5, -4, 2, 3, 4, -1, -4, 6, 0, 6, -5, 0, -2, -3, 6, -4, 6, -4, 6, -2, -4, -1, 3, -6, -6, -5, -5, 4, -2, 0, -1, -6, -3, 2, -1, -6, -6, 3, 6, 5, -6, -4, -3, 0, 4, 1, -4, 1, 5, -2, -5, -1, -5, -5, -4, 2, 1, 1, 3, -5, -1, -4, -1, -3, -1, -2, -2, 6, -1, 0, -5, -2, 3, 5, 4, -4, 2, -5, 0, -6, -1]
 
6.25475958638: [6, 3, 6, -2, -5, -2, 4, 0, -3, -6, 5, -5, 5, 0, 6, -3, 2, -6, -2, 4, 5, 4, -5, -1, -4, -1, -5, 0, -4, -6, -4, 5, 1, 5, 0, 6, -4, 4, -4, -1, 1, 0, -6, -2, 0, 4, -4, -5, -4, 2, 3, 4, -1, -4, 6, 0, 6, -5, 0, -2, -3, 6, -4, 6, -4, 6, -2, -4, -1, 3, -6, -6, -5, -5, 4, -2, 0, -1, -6, -3, 2, -1, -6, -6, 3, 6, 5, -6, -4, -3, 0, 4, 1, -4, 1, 5, -2, -5, -1, -5, -5, -4, 2, 1, 1, 3, -5, -1, -4, -1, -3, -1, -2, -2, 6, -1, 0, -5, -2, 3, 5, 4, -4, 2, -5, 0, -6, -1]
 
5.681858732: [6, 3, 6, -2, -5, -2, 4, 0, -3, -6, 5, -5, 5, 0, 6, -3, 2, -6, -2, 4, 5, 4, -5, -1, -4, -1, -5, 0, -4, -6, -4, 5, 1, 5, 0, 6, -4, 4, -4, -1, 1, 0, -6, -2, 0, 4, -4, -5, -4, 2, 3, 4, -1, -4, 6, 0, 6, -5, 0, -2, -3, 6, -4, 6, -4, 6, -2, -4, -1, 3, -6, -6, -5, -5, 4, -2, 0, -1, -6, -3, 2, -1, -6, -6, 3, 6, 5, -6, -4, -3, 0, 4, 1, -4, 1, 5, -2, -5, -1, -5, -5, -4, 2, 1, 1, 3, -5, -1, -4, -1, -3, -1, -2, -2, 6, -1, 0, -5, -2, 3, 5, 4, -4, 2, -5, 0, -6, -1]
 
6.42366908655: [6, 3, 6, -2, -5, -2, 4, 0, -3, -6, 5, -5, 5, 0, 6, -3, 2, -6, -2, 4, 5, 4, -5, -1, -4, -1, -5, 0, -4, -6, -4, 5, 1, 5, 0, 6, -4, 4, -4, -1, 1, 0, -6, -2, 0, 4, -4, -5, -4, 2, 3, 4, -1, -4, 6, 0, 6, -5, 0, -2, -3, 6, -4, 6, -4, 6, -2, -4, -1, 3, -6, -6, -5, -5, 4, -2, 0, -1, -6, -3, 2, -1, -6, -6, 3, 6, 5, -6, -4, -3, 0, 4, 1, -4, 1, 5, -2, -5, -1, -5, -5, -4, 2, 1, 1, 3, -5, -1, -4, -1, -3, -1, -2, -2, 6, -1, 0, -5, -2, 3, 5, 4, -4, 2, -5, 0, -6, -1]
 
6.0338235032: [6, 3, 6, -2, -5, -2, 4, 0, -3, -6, 5, -5, 5, 0, 6, -3, 2, -6, -2, 4, 5, 4, -5, -1, -4, -1, -5, 0, -4, -6, -4, 5, 1, 5, 0, 6, -4, 4, -4, -1, 1, 0, -6, -2, 0, 4, -4, -5, -4, 2, 3, 4, -1, -4, 6, 0, 6, -5, 0, -2, -3, 6, -4, 6, -4, 6, -2, -4, -1, 3, -6, -6, -5, -5, 4, -2, 0, -1, -6, -3, 2, -1, -6, -6, 3, 6, 5, -6, -4, -3, 0, 4, 1, -4, 1, 5, -2, -5, -1, -5, -5, -4, 2, 1, 1, 3, -5, -1, -4, -1, -3, -1, -2, -2, 6, -1, 0, -5, -2, 3, 5, 4, -4, 2, -5, 0, -6, -1]
 
6.14448299799: [6, 3, 6, -2, -5, -2, 4, 0, -3, -6, 5, -5, 5, 0, 6, -3, 2, -6, -2, 4, 5, 4, -5, -1, -4, -1, -5, 0, -4, -6, -4, 5, 1, 5, 0, 6, -4, 4, -4, -1, 1, 0, -6, -2, 0, 4, -4, -5, -4, 2, 3, 4, -1, -4, 6, 0, 6, -5, 0, -2, -3, 6, -4, 6, -4, 6, -2, -4, -1, 3, -6, -6, -5, -5, 4, -2, 0, -1, -6, -3, 2, -1, -6, -6, 3, 6, 5, -6, -4, -3, 0, 4, 1, -4, 1, 5, -2, -5, -1, -5, -5, -4, 2, 1, 1, 3, -5, -1, -4, -1, -3, -1, -2, -2, 6, -1, 0, -5, -2, 3, 5, 4, -4, 2, -5, 0, -6, -1]
 
6.26741737463: [6, 3, 6, -2, -5, -2, 4, 0, -3, -6, 5, -5, 5, 0, 6, -3, 2, -6, -2, 4, 5, 4, -5, -1, -4, -1, -5, 0, -4, -6, -4, 5, 1, 5, 0, 6, -4, 4, -4, -1, 1, 0, -6, -2, 0, 4, -4, -5, -4, 2, 3, 4, -1, -4, 6, 0, 6, -5, 0, -2, -3, 6, -4, 6, -4, 6, -2, -4, -1, 3, -6, -6, -5, -5, 4, -2, 0, -1, -6, -3, 2, -1, -6, -6, 3, 6, 5, -6, -4, -3, 0, 4, 1, -4, 1, 5, -2, -5, -1, -5, -5, -4, 2, 1, 1, 3, -5, -1, -4, -1, -3, -1, -2, -2, 6, -1, 0, -5, -2, 3, 5, 4, -4, 2, -5, 0, -6, -1]
 
6.14708551552: [6, 3, 6, -2, -5, -2, 4, 0, -3, -6, 5, -5, 5, 0, 6, -3, 2, -6, -2, 4, 5, 4, -5, -1, -4, -1, -5, 0, -4, -6, -4, 5, 1, 5, 0, 6, -4, 4, -4, -1, 1, 0, -6, -2, 0, 4, -4, -5, -4, 2, 3, 4, -1, -4, 6, 0, 6, -5, 0, -2, -3, 6, -4, 6, -4, 6, -2, -4, -1, 3, -6, -6, -5, -5, 4, -2, 0, -1, -6, -3, 2, -1, -6, -6, 3, 6, 5, -6, -4, -3, 0, 4, 1, -4, 1, 5, -2, -5, -1, -5, -5, -4, 2, 1, 1, 3, -5, -1, -4, -1, -3, -1, -2, -2, 6, -1, 0, -5, -2, 3, 5, 4, -4, 2, -5, 0, -6, -1]
 
6.07641281648: [6, 3, 6, -2, -5, -2, 4, 0, -3, -6, 5, -5, 5, 0, 6, -3, 2, -6, -2, 4, 5, 4, -5, -1, -4, -1, -5, 0, -4, -6, -4, 5, 1, 5, 0, 6, -4, 4, -4, -1, 1, 0, -6, -2, 0, 4, -4, -5, -4, 2, 3, 4, -1, -4, 6, 0, 6, -5, 0, -2, -3, 6, -4, 6, -4, 6, -2, -4, -1, 3, -6, -6, -5, -5, 4, -2, 0, -1, -6, -3, 2, -1, -6, -6, 3, 6, 5, -6, -4, -3, 0, 4, 1, -4, 1, 5, -2, -5, -1, -5, -5, -4, 2, 1, 1, 3, -5, -1, -4, -1, -3, -1, -2, -2, 6, -1, 0, -5, -2, 3, 5, 4, -4, 2, -5, 0, -6, -1]
 
6.12440212373: [6, 3, 6, -2, -5, -2, 4, 0, -3, -6, 5, -5, 5, 0, 6, -3, 2, -6, -2, 4, 5, 4, -5, -1, -4, -1, -5, 0, -4, -6, -4, 5, 1, 5, 0, 6, -4, 4, -4, -1, 1, 0, -6, -2, 0, 4, -4, -5, -4, 2, 3, 4, -1, -4, 6, 0, 6, -5, 0, -2, -3, 6, -4, 6, -4, 6, -2, -4, -1, 3, -6, -6, -5, -5, 4, -2, 0, -1, -6, -3, 2, -1, -6, -6, 3, 6, 5, -6, -4, -3, 0, 4, 1, -4, 1, 5, -2, -5, -1, -5, -5, -4, 2, 1, 1, 3, -5, -1, -4, -1, -3, -1, -2, -2, 6, -1, 0, -5, -2, 3, 5, 4, -4, 2, -5, 0, -6, -1]
 
5.95932666915: [6, 3, 6, -2, -5, -2, 4, 0, -3, -6, 5, -5, 5, 0, 6, -3, 2, -6, -2, 4, 5, 4, -5, -1, -4, -1, -5, 0, -4, -6, -4, 5, 1, 5, 0, 6, -4, 4, -4, -1, 1, 0, -6, -2, 0, 4, -4, -5, -4, 2, 3, 4, -1, -4, 6, 0, 6, -5, 0, -2, -3, 6, -4, 6, -4, 6, -2, -4, -1, 3, -6, -6, -5, -5, 4, -2, 0, -1, -6, -3, 2, -1, -6, -6, 3, 6, 5, -6, -4, -3, 0, 4, 1, -4, 1, 5, -2, -5, -1, -5, -5, -4, 2, 1, 1, 3, -5, -1, -4, -1, -3, -1, -2, -2, 6, -1, 0, -5, -2, 3, 5, 4, -4, 2, -5, 0, -6, -1]
 
6.29224969796: [6, 3, 6, -2, -5, -2, 4, 0, -3, -6, 5, -5, 5, 0, 6, -3, 2, -6, -2, 4, 5, 4, -5, -1, -4, -1, -5, 0, -4, -6, -4, 5, 1, 5, 0, 6, -4, 4, -4, -1, 1, 0, -6, -2, 0, 4, -4, -5, -4, 2, 3, 4, -1, -4, 6, 0, 6, -5, 0, -2, -3, 6, -4, 6, -4, 6, -2, -4, -1, 3, -6, -6, -5, -5, 4, -2, 0, -1, -6, -3, 2, -1, -6, -6, 3, 6, 5, -6, -4, -3, 0, 4, 1, -4, 1, 5, -2, -5, -1, -5, -5, -4, 2, 1, 1, 3, -5, -1, -4, -1, -3, -1, -2, -2, 6, -1, 0, -5, -2, 3, 5, 4, -4, 2, -5, 0, -6, -1]
 
6.40902659361: [6, 3, 6, -2, -5, -2, 4, 0, -3, -6, 5, -5, 5, 0, 6, -3, 2, -6, -2, 4, 5, 4, -5, -1, -4, -1, -5, 0, -4, -6, -4, 5, 1, 5, 0, 6, -4, 4, -4, -1, 1, 0, -6, -2, 0, 4, -4, -5, -4, 2, 3, 4, -1, -4, 6, 0, 6, -5, 0, -2, -3, 6, -4, 6, -4, 6, -2, -4, -1, 3, -6, -6, -5, -5, 4, -2, 0, -1, -6, -3, 2, -1, -6, -6, 3, 6, 5, -6, -4, -3, 0, 4, 1, -4, 1, 5, -2, -5, -1, -5, -5, -4, 2, 1, 1, 3, -5, -1, -4, -1, -3, -1, -2, -2, 6, -1, 0, -5, -2, 3, 5, 4, -4, 2, -5, 0, -6, -1]
 
3.6287672881: [6, 5, 6, 1, -5, -2, 5, 0, -6, -6, 5, -5, 4, 4, 6, 3, 2, -6, -2, -5, 5, 4, -6, 6, -2, 0, -5, 0, -4, -6, -4, 5, -2, 5, 0, 6, 3, 4, -4, 2, 1, 0, -6, -2, 0, 4, -4, -5, -4, 2, -4, 4, -1, -4, 6, 0, 6, -5, 0, -2, -5, 2, -4, -1, -1, 0, -2, 1, -1, 3, -6, -6, -5, -1, 4, -2, 0, -1, -6, 3, 2, -1, -6, -6, 3, -2, 5, -6, -4, -3, 0, 4, 1, 4, 1, 5, -2, 1, -1, -4, -5, -4, 2, 3, 6, 3, -5, -1, -4, -1, -3, 1, -2, -2, 6, -1, 0, -5, 3, 3, 5, 4, -4, 2, 6, 0, -6, -1]
 
6.15892240824: [6, 3, 6, -2, -5, -2, 4, 0, -3, -6, 5, -5, 5, 0, 6, -3, 2, -6, -2, 4, 5, 4, -5, -1, -4, -1, -5, 0, -4, -6, -4, 5, 1, 5, 0, 6, -4, 4, -4, -1, 1, 0, -6, -2, 0, 4, -4, -5, -4, 2, 3, 4, -1, -4, 6, 0, 6, -5, 0, -2, -3, 6, -4, 6, -4, 6, -2, -4, -1, 3, -6, -6, -5, -5, 4, -2, 0, -1, -6, -3, 2, -1, -6, -6, 3, 6, 5, -6, -4, -3, 0, 4, 1, -4, 1, 5, -2, -5, -1, -5, -5, -4, 2, 1, 1, 3, -5, -1, -4, -1, -3, -1, -2, -2, 6, -1, 0, -5, -2, 3, 5, 4, -4, 2, -5, 0, -6, -1]
 
5.41052165567: [6, 3, 6, -2, -5, -2, 4, 0, -3, -6, 5, -5, 5, 0, 6, -3, 2, -6, -2, 4, 5, 4, -5, -1, -4, -1, -5, 0, -4, -6, -4, 5, 1, 5, 0, 6, -4, 4, -4, -1, 1, 0, -6, -2, 0, 4, -4, -5, -4, 2, 3, 4, -1, -4, 6, 0, 6, -5, 0, -2, -3, 6, -4, 6, -4, 6, -2, -4, -1, 3, -6, -6, -5, -5, 4, -2, 0, -1, -6, -3, 2, -1, -6, -6, 3, 6, 5, -6, -4, -3, 0, 4, 1, -4, 1, 5, -2, -5, -1, -5, -5, -4, 2, 1, 1, 3, -5, -1, -4, -1, -3, -1, -2, -2, 6, -1, 0, -5, -2, 3, 5, 4, -4, 2, -5, 0, -6, -1]
 
1.7137557149: [6, 3, 6, -2, -5, -2, 4, 0, -3, -6, 4, -5, 5, -1, 6, -3, 2, -6, -2, 4, -5, 4, -5, -5, -4, -1, 6, 0, -4, -6, 5, 5, 4, 5, 0, 6, -4, 4, -4, 3, 5, 0, -6, -2, 0, 4, -3, -5, -6, 2, 3, 4, -1, -4, 6, 1, 0, -5, -3, -2, -3, 0, -4, 4, -5, 6, -2, -4, 4, 3, -6, -6, 2, -5, 4, -2, -4, -1, -6, -3, 2, -1, -6, -6, 3, 6, 5, -6, -4, -3, 0, 4, 6, -4, 1, 5, -2, -5, -1, -5, -2, -4, -3, -4, 1, 3, -5, 5, -6, -1, -3, -6, 2, -6, 6, -1, 0, -5, -4, 1, 5, 4, -4, 2, 2, 0, -6, -5]
 
6.3097484212: [6, 3, 6, -2, -5, -2, 4, 0, -3, -6, 5, -5, 5, 0, 6, -3, 2, -6, -2, 4, 5, 4, -5, -1, -4, -1, -5, 0, -4, -6, -4, 5, 1, 5, 0, 6, -4, 4, -4, -1, 1, 0, -6, -2, 0, 4, -4, -5, -4, 2, 3, 4, -1, -4, 6, 0, 6, -5, 0, -2, -3, 6, -4, 6, -4, 6, -2, -4, -1, 3, -6, -6, -5, -5, 4, -2, 0, -1, -6, -3, 2, -1, -6, -6, 3, 6, 5, -6, -4, -3, 0, 4, 1, -4, 1, 5, -2, -5, -1, -5, -5, -4, 2, 1, 1, 3, -5, -1, -4, -1, -3, -1, -2, -2, 6, -1, 0, -5, -2, 3, 5, 4, -4, 2, -5, 0, -6, -1]
 
2.86456926566: [6, 3, 6, -2, -5, -2, 4, 0, -3, -1, 5, -5, 4, 0, 0, -3, 2, -6, -5, 4, 5, 4, -5, 6, -5, -1, 0, 0, -4, -6, 4, 5, 1, 2, 3, -6, -6, -6, 5, -1, 1, 0, -6, -2, 0, 4, -4, -5, -4, 0, 3, 4, -1, -4, 6, 6, 6, -5, 0, -2, -3, 1, -4, 6, -4, 6, -5, -4, -1, 3, -6, -6, -5, -5, 4, 0, 0, -1, -6, -3, 2, -3, -5, -6, -3, 6, 5, -6, -4, -3, 0, 4, 1, -4, 1, 5, -2, -5, -1, -1, 0, -4, 2, -1, 1, 3, -5, -1, -4, 2, -3, -1, -2, 2, -5, -1, 0, -5, 2, 4, 5, 4, -4, 2, -5, -2, -1, -1]
 
3.71947781867: [6, 3, 6, -2, -5, -1, 4, 0, -3, -6, 0, -5, 5, 0, 6, -6, 2, -6, -2, 4, 5, 6, -2, -1, -4, -1, 3, 0, 2, -6, -4, 5, 1, 5, 0, 6, 2, 4, -4, -1, 1, 0, -6, -1, 0, 4, -1, 1, -4, 2, 3, 4, -1, -4, 6, 5, 6, -5, 3, -2, -3, 0, -4, -5, -4, 3, -2, -4, -1, 3, -6, -6, -5, -5, -1, -2, 0, -1, -6, -3, 2, -1, 4, -5, 3, 6, 5, -6, -4, -3, 4, 4, -2, 4, 1, 5, -6, -5, 3, -5, -5, -4, 2, 1, 1, 4, -5, -1, -4, -1, -3, 5, -2, -2, -6, -1, 0, -5, -2, 6, 5, 4, -4, 2, 5, 0, -6, 5]
 
6.09142179432: [6, 3, 6, -2, -5, -2, 4, 0, -3, -6, 5, -5, 5, 0, 6, -3, 2, -6, -2, 4, 5, 4, -5, -1, -4, -1, -5, 0, -4, -6, -4, 5, 1, 5, 0, 6, -4, 4, -4, -1, 1, 0, -6, -2, 0, 4, -4, -5, -4, 2, 3, 4, -1, -4, 6, 0, 6, -5, 0, -2, -3, 6, -4, 6, -4, 6, -2, -4, -1, 3, -6, -6, -5, -5, 4, -2, 0, -1, -6, -3, 2, -1, -6, -6, 3, 6, 5, -6, -4, -3, 0, 4, 1, -4, 1, 5, -2, -5, -1, -5, -5, -4, 2, 1, 1, 3, -5, -1, -4, -1, -3, -1, -2, -2, 6, -1, 0, -5, -2, 3, 5, 4, -4, 2, -5, 0, -6, -1]
 
5.41697058551: [6, 3, 6, -2, -5, -2, 4, 0, -3, -6, 5, -5, 5, 0, 6, -3, 2, -6, -2, 4, 5, 4, -5, -1, -4, -1, -5, 0, -4, -6, -4, 5, 1, 5, 0, 6, -4, 4, -4, -1, 1, 0, -6, -2, 0, 4, -4, -5, -4, 2, 3, 4, -1, -4, 6, 0, 6, -5, 0, -2, -3, 6, -4, 6, -4, 6, -2, -4, -1, 3, -6, -6, -5, -5, 4, -2, 0, -1, -6, -3, 2, -1, -6, -6, 3, 6, 5, -6, -4, -3, 0, 4, 1, -4, 1, 5, -2, -5, -1, -5, -5, -4, 2, 1, 1, 3, -5, -1, -4, -1, -3, -1, -2, -2, 6, -1, 0, -5, -2, 3, 5, 4, -4, 2, -5, 0, -6, -1]
 
6.42338959693: [6, 3, 6, -2, -5, -2, 4, 0, -3, -6, 5, -5, 5, 0, 6, -3, 2, -6, -2, 4, 5, 4, -5, -1, -4, -1, -5, 0, -4, -6, -4, 5, 1, 5, 0, 6, -4, 4, -4, -1, 1, 0, -6, -2, 0, 4, -4, -5, -4, 2, 3, 4, -1, -4, 6, 0, 6, -5, 0, -2, -3, 6, -4, 6, -4, 6, -2, -4, -1, 3, -6, -6, -5, -5, 4, -2, 0, -1, -6, -3, 2, -1, -6, -6, 3, 6, 5, -6, -4, -3, 0, 4, 1, -4, 1, 5, -2, -5, -1, -5, -5, -4, 2, 1, 1, 3, -5, -1, -4, -1, -3, -1, -2, -2, 6, -1, 0, -5, -2, 3, 5, 4, -4, 2, -5, 0, -6, -1]
 
6.2157406004: [6, 3, 6, -2, -5, -2, 4, 0, -3, -6, 5, -5, 5, 0, 6, -3, 2, -6, -2, 4, 5, 4, -5, -1, -4, -1, -5, 0, -4, -6, -4, 5, 1, 5, 0, 6, -4, 4, -4, -1, 1, 0, -6, -2, 0, 4, -4, -5, -4, 2, 3, 4, -1, -4, 6, 0, 6, -5, 0, -2, -3, 6, -4, 6, -4, 6, -2, -4, -1, 3, -6, -6, -5, -5, 4, -2, 0, -1, -6, -3, 2, -1, -6, -6, 3, 6, 5, -6, -4, -3, 0, 4, 1, -4, 1, 5, -2, -5, -1, -5, -5, -4, 2, 1, 1, 3, -5, -1, -4, -1, -3, -1, -2, -2, 6, -1, 0, -5, -2, 3, 5, 4, -4, 2, -5, 0, -6, -1]
 
2.67272300598: [6, 3, 6, -2, -5, -2, 4, -5, -3, -6, 5, -5, 5, 0, 6, -3, -3, -6, -2, 4, 5, 4, -5, 6, -4, -1, -5, 0, -4, -4, -4, 5, 1, -3, 3, 6, 1, 4, -4, 0, 2, -2, 5, -2, 0, 4, 6, -5, 2, 2, 3, 4, 3, -3, 6, 0, 6, -6, 0, -2, -3, 3, -4, 6, -4, 6, 6, -4, -1, 3, -6, -2, -5, -5, 4, -2, 0, -1, -6, -3, 5, -1, -6, -6, 3, 6, 5, -4, -4, 2, 0, 4, 1, 4, -6, 5, -2, -5, -1, -5, -5, -4, 1, 1, 1, 3, -1, 6, -4, -1, -3, -1, 2, -5, -4, -1, 0, -4, -2, 3, 5, 4, -4, 1, 0, 0, -6, -1]
 
1.06777435637: [-3, 6, 6, -2, 0, -2, 4, -5, -6, -6, 5, -4, 5, 0, -6, 5, 2, 5, -2, 0, 5, 4, -5, -1, -4, 6, -5, 0, -4, -4, -4, 5, 1, 3, 0, 1, -4, 0, -4, -4, 1, 0, -6, -2, 0, -4, -4, -5, -4, 2, 5, 3, -1, -4, 6, 5, 1, -5, 5, -2, -3, -5, -4, 6, -4, 6, -4, -4, -1, 3, -6, -6, -5, -5, 4, -2, 0, -1, -6, -3, 2, -6, -6, -6, 3, 6, 5, -6, 4, -3, 0, 4, 1, -4, -2, 5, -2, -5, -1, -3, -3, -4, 2, -6, 1, -3, -5, -1, -4, -1, 4, -1, -2, -2, 6, -1, 0, -5, -2, -4, 5, 4, -4, -2, -5, -3, -6, -1]
 
6.20514756974: [6, 3, 6, -2, -5, -2, 4, 0, -3, -6, 5, -5, 5, 0, 6, -3, 2, -6, -2, 4, 5, 4, -5, -1, -4, -1, -5, 0, -4, -6, -4, 5, 1, 5, 0, 6, -4, 4, -4, -1, 1, 0, -6, -2, 0, 4, -4, -5, -4, 2, 3, 4, -1, -4, 6, 0, 6, -5, 0, -2, -3, 6, -4, 6, -4, 6, -2, -4, -1, 3, -6, -6, -5, -5, 4, -2, 0, -1, -6, -3, 2, -1, -6, -6, 3, 6, 5, -6, -4, -3, 0, 4, 1, -4, 1, 5, -2, -5, -1, -5, -5, -4, 2, 1, 1, 3, -5, -1, -4, -1, -3, -1, -2, -2, 6, -1, 0, -5, -2, 3, 5, 4, -4, 2, -5, 0, -6, -1]
 
0.931851085825: [6, 3, 6, -2, -5, -2, 5, 0, 3, -6, 5, -5, -5, 0, 6, 4, 2, -6, -2, 4, -1, 4, -5, -1, -6, -1, -5, 0, -4, 4, -3, -5, -1, 5, 0, 6, -4, 4, 6, -1, 1, 2, -2, -2, -4, 4, -1, -5, 0, -4, 3, 0, -1, -4, 6, 0, 6, 2, 6, -1, 5, 6, -4, -2, 6, 6, 3, -4, -1, 3, -6, -6, -5, -5, 4, -5, 0, -1, -6, 1, -5, -1, -6, 6, 4, 6, 5, -6, -4, -3, 0, 4, 1, -5, 3, 5, -2, -5, -6, -3, 4, -4, 3, 1, 4, 3, -5, -4, -1, -1, -3, -1, -5, -2, 6, 2, 0, -5, -5, 3, 5, -5, -4, 2, -5, -2, -6, -1]
 
