2.3596351434: [5, 6, 1, 1, 1, 5, 5, 0, -3, -6, 5, -5, 5, 0, 6, -3, 2, -6, -2, 4, 5, 4, -5, -1, -4, -1, -5, 3, 3, -1, -6, 1, 6, 1, -1, -4, 0, 3, -5, -5, 2, 5, -6, -3, 0, -2, -6, -6, -6, -1, 6, 0, -6, 6, -3, -5, 2, -5, 0, -2, -3, 6, -4, 6, -4, 6, -2, -4, -1, 5, -1, -1, 5, 1, 2, 1, 0, 1, 1, 1, 1, 3, 2, -6, -2, 1, 0, 1, 4, -1, 6, -6, 2, 4, 3, -3, -3, -4, -5, 3, -5, -6, -3, 6, 0, -5, 0, -4, -2, 1, 5, -6, -2, -4, -2, 0, -3, -1, -5, 6, 4, 2, -5, 4, 1, -4, -1, 3]
 
3.15430453133: [-2, -6, -5, -6, 5, -4, 1, 3, -3, -2, 1, 6, -4, -6, 4, 5, 5, 1, -6, -5, 5, -4, 2, -6, -3, -6, 6, 6, -6, -3, 5, 1, -5, -1, 6, -4, -2, -1, -4, 5, -6, 3, 0, 5, 0, 5, -3, -3, 0, 1, -5, 4, -4, 6, 1, 1, 2, 5, 2, -3, -1, -1, 0, -3, 2, -6, 6, -3, -3, -6, -1, -2, -1, 5, 3, -4, 0, 5, -3, -5, -5, -5, 1, -1, 4, 2, -1, 3, 1, 3, -2, 1, -2, 4, -4, 6, 2, 0, 2, -3, 1, 4, 3, 0, 1, -6, 3, 2, -2, 6, 6, -2, 6, -3, 5, -6, -3, 0, -4, 3, -4, 6, 6, -4, 4, -5, -2, 3]
 
3.06679943511: [-6, -1, -4, 5, 2, -2, 0, 3, -1, -4, 1, -3, -1, -2, 0, 4, 5, 5, 3, -4, 6, -6, -2, 6, 2, -3, 0, 4, 0, 2, 2, -1, -4, -3, 6, 1, 3, 2, 0, 2, 2, -1, 4, -5, -4, -4, 1, 5, -4, -4, -5, 6, -1, 1, 1, -5, -6, 6, -2, -3, 0, -1, -5, 5, 0, -6, 4, -6, 0, 2, 4, 6, 6, -2, -5, -2, -4, -5, -6, -1, 2, -1, 6, -3, 2, -4, -5, -6, -4, -3, 0, 4, 1, -4, 1, 5, -2, -5, -1, -5, -5, -4, 2, 1, 1, 3, -5, -1, -4, -1, -3, -1, -2, -2, 6, -1, 0, -5, -2, 3, 5, 4, -4, 2, -5, 0, -6, -1]
 
2.96630281468: [-2, -6, 4, -6, 5, -4, 0, 3, -3, -2, 3, 6, -2, -1, 4, -5, 5, 1, -6, -5, 5, -4, 2, -6, -3, -6, 6, -5, 6, -3, -4, 1, -5, -1, 6, 4, -2, -1, 2, 5, -1, -4, 0, 5, 0, 5, -6, -6, -3, 5, 2, -2, 0, 0, -2, 5, 4, 6, -5, 4, -3, -3, 5, 0, 1, -6, 2, 5, 1, 3, -6, -6, -5, -5, 4, -2, 0, -1, -6, -3, 1, -4, -5, -2, 3, 2, -4, 3, -1, 3, 5, -3, -3, 3, -5, 5, -4, 0, -4, 1, -6, -1, 1, 0, 0, 1, -1, -3, -4, -1, -4, 0, 2, -3, -3, -6, -1, 1, -1, 0, -6, 1, 2, 0, 6, 1, -4, -2]
 
2.93628197303: [-2, -6, 4, -6, 5, -4, 0, 3, -3, -2, 3, 6, -2, -1, 4, -5, 5, 1, -6, -5, 5, -4, 2, -6, -3, -6, 6, -5, 6, -3, -4, 1, -5, -1, -5, -2, -2, -1, -1, 5, -5, 6, -6, 5, 0, 5, -3, -3, -2, 1, -5, -2, -6, 1, 1, 1, -2, 5, 2, -3, 2, -1, -5, -3, -5, 4, 6, -6, -1, 2, -6, -1, 1, 3, -5, -5, -4, -6, -6, -6, 5, 1, 6, 5, 2, -4, -5, 0, -4, -6, -5, 4, 3, -4, 1, -2, 3, -5, 1, -6, 2, -4, 2, 1, 5, 2, -2, -1, -4, -1, -4, 0, 2, -3, -3, -6, -1, 1, -1, 0, -6, 1, 2, 0, 6, 1, -4, -2]
 
2.82456625538: [-6, -1, -4, 5, 2, -2, 0, 3, -1, -4, -1, -6, -5, -5, 5, -4, -1, 3, 5, 4, -1, -6, 6, 4, -6, -2, 5, 3, -5, 6, 5, -5, -4, 6, -2, 0, 5, -2, 3, 0, 5, 6, -1, -5, 6, 0, -4, -6, 1, -5, -5, 5, 4, 1, -1, 4, -3, -1, 0, 3, 2, -4, -2, -4, -4, 3, 2, 4, 1, 5, -1, 4, -6, -5, -4, 0, 4, -1, -4, 2, 6, 2, -6, -6, 3, 6, 5, -5, 4, -3, -1, 1, 6, -5, 1, -4, 2, 3, -3, 1, 5, -4, -2, 6, 1, 3, 5, 1, -3, -5, -1, -4, -2, -3, -2, 3, -5, -2, 2, 4, -6, 1, 1, -3, -2, 3, -2, 5]
 
0.827517382075: [6, 4, 6, 2, -5, -2, 4, 3, 4, -1, 3, 2, -5, -5, 1, -4, -1, 1, 5, 4, -1, 0, -2, 4, 6, -1, 1, 3, -5, 6, 0, -5, -4, 6, -3, 0, 1, -2, 3, 0, 4, 6, -1, -4, -3, 0, 1, -6, -1, -5, -5, 5, 4, -5, -1, 4, 4, -4, 2, 3, 2, -4, -2, 4, -6, 3, 2, 4, 1, -2, -1, 3, -6, -5, -4, 2, 4, -1, -4, 2, 6, 2, -6, -6, -4, 6, -1, 3, 4, -3, -1, 1, 6, -5, 1, 2, 2, 3, -3, 1, 5, 2, -2, 6, 1, 2, 5, -6, -3, -1, -1, -3, -2, 1, -2, 3, -5, -6, 2, 2, -6, 1, -6, 4, 0, 3, -2, 5]
 
2.71986341036: [6, 2, 5, -4, -3, 1, -1, 2, 3, -1, 5, -3, -5, -5, 5, -4, -1, 3, 5, 4, -1, -6, 6, 4, -6, -2, 5, 3, -5, 6, 5, -5, -4, 6, -2, 0, 5, -2, 3, 0, 5, 6, -1, -5, 6, 0, -4, -6, 1, -5, -5, 5, 4, 1, -1, 4, -3, -1, 0, 3, 2, -4, -2, -4, -4, 3, 2, 4, 1, 5, -1, 4, -6, -5, -4, 0, 4, -1, -4, 2, 6, 2, -6, -6, 3, 6, 5, -5, 4, -3, -1, 1, 6, -5, 1, -4, 2, 3, -3, 1, 5, -4, -2, 6, 1, 3, 5, 1, -3, -5, -1, -4, -2, -3, -2, 3, -5, -2, 2, 4, -6, 1, 1, -3, -2, 3, -2, 5]
 
0.865400372868: [-6, -6, 4, 0, -6, -4, -6, 2, -3, -4, 3, -5, 6, -1, -4, -5, -1, -2, 4, -1, -5, -3, 4, -6, 3, -6, -5, 3, 0, -3, 0, 4, -5, 4, 5, 4, -2, -1, 0, -5, -4, -4, -2, 5, -5, 4, -4, -6, -3, 5, 2, -5, 4, 0, -2, -6, -5, 6, 1, 4, -5, 3, -4, -1, 1, 5, -3, 0, 1, 3, -2, -1, -3, -5, 3, -2, 0, -1, -4, 3, 1, -4, 5, -4, 6, 6, -4, -6, -1, 3, -6, -3, 3, -4, 0, 5, -4, 0, -3, -1, -6, -3, -1, 0, 0, 1, -1, -3, 0, 2, -4, 0, 2, -1, -3, 0, -4, 1, -1, 0, 3, -6, 1, -6, 0, 1, 6, -2]
 
1.82703756687: [-6, -1, -3, -2, 0, 3, 4, 2, -3, -4, 1, -6, -6, -1, 6, -4, 1, -1, 4, 0, -3, -1, 3, 3, 5, -3, -3, 6, 3, 0, -6, -1, -4, 5, 0, 4, 6, 1, -4, 2, 1, 0, -6, -2, -4, 4, -4, -5, -4, -4, 2, 5, 4, -4, 0, 5, 6, 4, -3, 6, 1, -6, 1, 4, -3, 3, 6, 2, 6, 0, 2, 6, 5, 4, 4, -2, 0, -3, -5, -6, 0, 5, -2, -1, -3, 1, -1, 5, -4, -3, 3, 5, -4, -5, -3, 0, 0, 6, -3, 4, -6, -4, -2, 6, 6, -1, 1, 1, -4, -2, 6, -6, 2, -5, -1, 4, -5, -2, 2, -3, -6, 1, 4, 6, -1, 6, -5, 0]
 
0.766191778808: [-4, 3, 2, -2, -5, -4, 4, 3, 1, 6, 3, -6, -5, -5, 0, -3, -1, 3, -6, 2, -1, -6, 6, 4, -6, -5, 5, -6, -5, 6, -4, -5, -4, 6, -4, 2, 5, -3, 3, 0, 5, 6, -1, -5, 6, 0, -5, -6, -2, -5, -5, -6, -1, -6, 0, -5, -3, -1, 5, 3, 5, -4, -2, -4, 1, 3, 2, 4, 1, 5, -1, 4, -6, -5, -4, 5, 4, -1, 2, -4, -6, -4, -6, -3, 0, -4, -5, -6, -4, -3, -3, -6, -2, -5, 5, -4, -2, 3, -5, -2, 0, -4, -2, -5, 5, 6, -6, -5, 2, -3, 3, -4, -2, -6, 4, -4, -2, -2, 2, -6, 3, -4, 0, 5, -5, 3, -5, 1]
 
2.41355386933: [6, 2, 5, -4, -3, 1, -1, 2, 3, -1, 5, -3, -5, -5, 5, -4, -1, 3, 5, 4, -1, -6, 6, 4, -6, -2, 5, 3, -5, 6, 5, -5, -4, 6, -2, 0, 5, -2, 3, 0, 5, 6, -1, -5, 6, 0, -4, -6, 1, -5, -5, 5, 4, 1, -1, 4, -3, -1, 0, 3, 2, -4, -2, -4, -4, 3, 2, 4, 1, 5, -1, 4, -6, -5, -4, 0, 4, -1, -4, 2, 6, 2, -6, -6, 3, 6, 5, -5, 4, -3, -1, 1, 6, -5, 1, -4, 2, 3, -3, 1, 5, -4, -2, 6, 1, 3, 5, 1, -3, -5, -1, -4, -2, -3, -2, 3, -5, -2, 2, 4, -6, 1, 1, -3, -2, 3, -2, 5]
 
1.28084263282: [-2, -6, -5, 3, -2, -4, 0, 0, -5, -2, 3, -5, 6, 1, 6, -4, -3, 2, -1, -1, -5, -2, 3, -6, 3, 2, 5, -6, 5, -6, -5, 0, -4, -5, 0, 5, 1, -6, -5, -4, 0, -3, -2, 0, 0, -1, -6, 1, 3, 2, -3, -5, 1, 2, 4, 2, 4, 2, -3, 1, -1, -4, -3, 2, -6, -6, 5, -6, -4, 0, -5, 6, 5, 5, 6, 6, 3, 0, -6, -4, 4, -6, 5, -6, -5, -4, -2, -4, -2, 6, -3, -3, -2, -5, 2, -4, -2, 3, 3, -5, 0, -4, -3, -1, 1, 6, -1, -6, -6, -3, 3, -4, -2, -6, -6, -5, -5, -4, -5, 6, 3, -4, 4, -4, 1, 3, -5, 3]
 
0.777904946065: [-2, 5, 2, 1, 0, 6, 0, 3, 1, -2, 3, -5, 3, 4, 4, 3, -2, -1, 1, -5, 5, -3, 2, 4, -3, -6, 6, -5, 0, -3, -4, 4, -5, 4, 6, 4, -2, 5, 4, 5, 0, 1, 0, 5, 0, 1, -6, -6, -3, 5, 3, -2, 0, 0, -2, 4, 4, 6, -3, 4, 0, -3, 5, 0, 0, -6, 2, 5, -4, 5, 4, -6, -5, 4, 4, -1, 4, -1, -6, 5, 4, -4, 3, -2, 3, -6, -4, 3, -1, 3, 5, -3, 6, 6, -5, 0, -4, 0, -3, -5, -6, 6, 1, 0, 0, -2, -4, -3, -4, -1, -4, -6, -5, -3, -6, -6, -1, 1, -1, -5, -6, 1, 2, 0, 6, -2, -3, -2]
 
2.29341862473: [6, 0, 6, -4, 3, -2, 5, 3, -1, -1, 3, -5, 2, -3, 6, -2, -3, 5, -2, -4, 6, -6, -6, -6, -4, -3, -3, 1, 4, 2, 2, -1, 0, -3, -6, 1, 3, -6, 6, 2, 4, -1, 5, -6, -4, -4, 1, 3, -4, -4, -1, -2, 5, -6, -3, -2, -6, 1, 0, -1, -1, 1, -2, -3, -4, 5, 5, 6, -4, -5, 3, 4, 3, 4, -4, -2, -1, -5, -1, 4, 4, -5, 3, -2, 6, -4, 5, 5, 1, 6, 1, -6, 3, 3, 4, -3, -2, 5, 6, -6, 3, 3, -1, 4, -6, 2, 0, 2, -2, -1, -3, -2, 1, -6, -4, 0, 3, -5, -2, 0, 1, -2, -4, -1, 1, 1, 0, -1]
 
2.24785458647: [-2, -2, -3, -2, 5, -3, -6, 1, -2, 4, 6, -2, 3, -4, 6, 0, -5, 4, 4, -2, 1, -3, 4, 0, 1, 0, 1, -3, -5, -4, 3, 2, 6, 1, -1, -4, 2, -3, -5, -5, -5, 4, -4, -3, 0, 5, -6, -6, -3, 5, 2, -2, 0, 0, -2, 5, 4, 6, -5, -3, -3, 3, 1, 4, 2, 3, 6, 6, -3, -6, 2, 6, 5, 3, 4, -4, 4, 3, -1, -2, 4, 5, -6, -6, 3, 2, -4, 3, -1, 3, 5, -3, -3, 3, -5, 5, -4, 0, -4, 1, -6, -1, 1, 0, 0, 1, -1, -3, -4, -1, -4, 0, 2, -3, -3, -6, -1, 1, -1, 0, -6, 1, 2, 0, 6, 1, -4, -2]
 
2.22736607467: [-1, 2, -6, -2, 1, -3, 5, -3, -1, -1, 3, 1, 2, -3, 0, -1, -3, -1, -6, -4, 6, 4, 0, 5, 2, -6, 6, -5, 6, -3, -4, 1, 3, -1, 6, 4, -2, -1, 2, 5, -1, -4, 3, 5, -3, -6, -3, 4, 2, 1, -5, 6, 0, -6, 2, 2, -6, 1, 6, 3, 4, -6, -2, 1, -4, 5, 4, -5, -4, 1, -4, -1, 3, 2, -4, 5, 4, 3, 5, 4, 5, 6, 3, -3, -6, 1, 5, -6, 1, 5, 1, 3, 3, 3, 0, -5, -2, -6, 6, -6, 3, 3, -1, -4, -1, -6, 0, -1, 1, -1, 4, 6, 4, 0, -5, 0, 3, 6, 1, -4, -1, 4, 1, 2, -5, -2, -2, -1]
 
2.2147665415: [2, -5, 3, 5, 2, -2, 0, 3, -1, -4, -1, -6, -5, 1, 6, -4, 1, 3, 4, -5, 6, -1, -6, 3, -2, -3, -4, 6, 5, -6, -4, 5, 1, 5, 0, 6, -4, 4, -4, -1, 1, 0, -6, -2, 0, 4, -4, -5, -4, 2, 3, 4, -1, -4, 6, 0, 6, 4, -3, -3, -3, 3, 1, 4, 2, 3, 6, 6, -3, -6, 2, 6, 5, 3, 4, -4, 4, 3, -1, -2, 4, 5, -6, -6, 3, 6, 5, -5, -4, -3, -1, 1, -4, -5, 6, -4, 0, 3, -3, -1, -5, -4, -2, 6, 1, 6, 5, 1, -3, 3, -1, -4, -2, -3, -1, 3, -5, -2, 2, -3, -6, -4, 4, 5, -6, 3, -5, -2]
 
2.20580596322: [5, 4, 1, 1, 1, 5, 5, 0, -4, 4, 5, -5, -4, 6, -2, -3, -1, -6, -2, 4, 0, 4, -5, 3, -6, -1, 6, 0, -4, 6, -6, 6, 6, 1, -6, 4, 0, -3, 1, -5, 3, 5, -6, -3, 3, 5, -4, 6, -6, 1, 3, 3, -3, -1, 4, -6, 2, 1, 0, -2, -1, -1, -5, 5, 0, 2, 6, -6, -1, 2, -6, -5, 4, -1, -4, -2, 3, 5, -1, 4, 1, -5, 3, 4, 1, -4, -6, 1, 0, -5, 1, -3, 3, 3, -3, -5, -2, 3, 6, -6, 5, 3, -1, -1, -6, -6, 0, 1, -3, -3, -3, -6, 1, 0, -5, 0, -4, 6, 3, 2, -1, 6, 1, 2, -2, -4, -2, -1]
 
2.20034595394: [3, -2, 2, 1, 1, -3, -4, 1, 3, 0, -3, -2, 2, 6, -1, 2, 5, 5, 5, 4, 3, -1, -4, -4, 1, 6, -2, -5, -2, -5, 5, 5, -4, 2, 1, 5, -6, 6, 0, 1, 6, 4, -2, 3, -3, -1, -5, 4, -3, 4, 5, -3, 3, -5, -6, -4, -5, -4, -4, 0, 0, 2, 5, -3, 1, 5, -6, -3, 2, -4, -5, 5, 5, -5, 4, 6, 1, -2, 3, -4, -5, 6, 2, 6, 2, 0, -1, -3, 5, -2, -3, -1, 0, -6, 3, 3, 2, -4, -1, 0, 4, -3, -5, 1, 2, -2, -1, -2, -3, -2, -5, -6, -2, -6, -1, -3, 2, -2, 2, -3, -6, 1, 4, -3, -1, 3, -2, 0]
 
2.19239352286: [-2, -2, 0, 1, 5, -6, -6, 0, -1, -4, -4, -2, 3, 0, -4, 0, 2, -2, 1, 6, -1, -3, 3, 6, 1, 0, 1, -3, 4, 2, 4, 2, 4, 1, -1, -4, 3, -3, -5, -5, -5, 6, -4, -1, -6, 5, -3, -3, -2, 1, -2, 3, -2, 4, 3, 1, -5, 5, -2, 6, 1, -1, -3, -3, 1, -3, -6, 1, 2, -4, 0, 0, 5, -2, 4, 0, 1, -2, 1, -4, -5, -6, 2, -2, 2, 1, -1, -2, -1, 4, -3, -1, -6, -4, -4, -6, -1, -4, -1, -5, 4, -3, 4, 1, 2, 0, -3, -2, 1, -5, -2, -6, -2, 6, 6, 1, 0, 4, 1, 1, -5, 5, -2, 0, -3, -5, 4, 2]
 
2.1855066085: [6, 3, 6, -2, -5, -2, 4, 3, -1, -1, 3, -5, 2, -3, 0, -1, -3, 5, -6, -4, 6, 4, -6, 5, -4, -3, 2, 4, 0, 2, 2, -1, -2, -3, 6, 1, 3, 0, 6, 2, 3, -1, 5, -5, -4, -4, 1, -3, -4, -4, -1, -3, 0, -6, 2, 2, -6, 1, 0, -1, -1, 1, -2, -3, -4, 5, 4, 6, -4, 1, 2, 4, 3, 4, -4, -4, 4, -5, -1, 4, 5, -5, 3, -3, 1, -4, 5, -5, 1, 5, 1, 3, 3, 3, -3, -5, -2, 5, 6, -6, 3, 3, -1, -1, -6, -6, 0, -1, -3, -1, 0, -2, 1, 0, -5, 0, 3, -5, -2, 0, 5, -2, 5, -1, 1, 1, 0, -1]
 
2.18074671921: [-2, -6, -5, -6, -5, -4, 1, 1, -3, -2, 1, 6, -4, -6, 4, 3, 5, 1, -6, -2, -6, -4, 2, -6, -3, -3, 6, -4, -6, -3, 5, 4, 6, -3, 3, -2, -2, -6, 4, 5, -6, 3, -1, 5, 0, 2, -4, -3, 0, 1, -5, 4, -6, -6, 4, 1, 2, 5, -6, -3, -1, -1, 0, 2, 2, 5, 3, 2, -4, 1, 3, 1, 3, 1, 0, -1, -4, -5, -6, 2, 5, 5, 6, -2, -5, -4, -5, -6, -4, 1, 0, 1, -2, -5, 2, 2, -2, -5, -4, -5, 0, -4, -2, 6, 1, 0, -1, -6, -2, -5, 3, 2, 6, -6, 0, -4, -3, -1, 2, -6, 3, -4, 4, -3, 0, 1, -5, -2]
 
0.986541132265: [-1, -3, 4, -2, -5, -2, 5, 3, -2, -1, 3, -6, 2, -3, 0, -1, -3, 5, -6, -1, -1, 4, -6, 5, 4, 1, 2, 2, -4, 1, -2, 4, -2, -3, -2, 1, 3, 3, 6, 2, 6, -1, 5, -4, -4, -4, 1, -3, -4, -4, -3, 1, 0, -6, -6, -1, 0, 1, -2, -1, -1, -3, -2, 0, -4, -5, 4, 1, -4, 1, 2, 4, 3, 3, -4, -4, 4, -1, -1, 4, 5, -5, 6, -3, -1, 6, 5, -5, 6, 5, 1, 3, 3, 3, -5, -5, -2, -4, 6, -3, -1, 3, -3, 0, -6, -3, -6, -3, -3, -1, 0, -2, 1, 1, -5, -3, 3, -5, -2, 0, -3, 0, 5, -1, -1, 1, 0, -1]
 
2.14786188957: [-2, -6, -3, -2, 5, -3, -6, 1, -2, 4, 6, -2, 3, -4, 6, 0, -5, 4, 4, -2, 1, -3, 4, 0, 1, 0, 1, -3, -5, -4, 3, 2, 6, 1, -1, -4, 2, -3, -5, -5, -5, 4, -4, -3, 0, 5, -6, -6, -3, 5, 2, -2, 0, 0, -2, 5, 4, 6, -5, 4, -3, -3, 5, 0, 1, -6, 2, 5, 1, 3, -6, -6, -5, -5, 4, -2, 0, -1, -6, -3, 1, -4, -5, -2, 3, 2, -4, 3, -1, 3, 5, -3, -3, 3, -5, 5, -4, 0, -4, 1, -6, -1, 1, 0, 0, 1, -1, -3, -4, -1, -4, 0, 2, -3, -3, -6, -1, 1, -1, 0, -6, 1, 2, 0, 6, 1, -4, -2]
 
2.13993899227: [6, 3, 6, -2, -5, -2, 4, 3, -1, -1, 3, -5, 2, -3, 0, -1, -3, 5, -6, -4, 6, 4, -6, 5, -4, -3, 2, 4, 0, 2, 2, -1, -2, -3, 6, 1, 3, 0, 6, 2, 3, -1, 5, -5, -4, -4, 1, -3, -3, -3, 2, -6, -6, 4, -1, -2, -4, -1, 2, -5, -6, 5, 4, 4, -2, -1, -1, 3, -3, -6, 1, 4, -5, 0, 1, -6, -4, -5, -4, -3, -5, -4, -6, 5, -2, 0, -5, -6, -4, -5, 1, 4, -1, 0, 1, -4, 2, -6, 3, -1, -1, 2, 3, 6, 6, -1, 5, -3, 1, -2, 6, -4, 1, -4, 0, -3, 1, 1, -1, -5, -1, -1, -6, -6, 0, -1, -3, -5]
 
2.13318344291: [-6, -1, -5, 6, 2, 3, 4, 5, -1, -4, -1, -6, -5, -5, 6, -4, 1, -1, -3, -5, 6, -1, 3, 3, 5, -3, -3, 6, 3, 0, -6, -1, 1, 5, 0, 6, -4, -5, -4, 2, 1, -4, -6, -2, -3, 4, -4, -5, -4, -4, 3, -5, -1, -4, -5, -1, 6, 4, -3, -3, 1, -6, 1, 4, 0, 3, 6, 6, -3, -3, 2, 6, 5, 4, 4, -4, -4, 3, 3, -2, 3, 5, -2, -1, 3, 1, -1, -6, -4, -3, 3, 1, -4, -5, -3, -4, 0, 3, -3, 4, -6, -4, -2, 6, 6, -2, 1, 1, -3, 3, -1, 0, -2, -3, -1, -5, -5, 0, 2, 3, -6, -1, 4, -3, -1, 1, -2, -4]
 
2.12200198506: [-2, -6, 4, -6, 5, -4, 0, 3, -3, -2, 3, 6, -2, -1, 4, -5, 5, 1, -6, -5, 5, -4, 2, -6, -3, -6, 6, -5, 6, -3, -4, 1, -5, -1, 6, 4, -2, -1, 2, 5, -1, -4, 0, 5, 0, 5, -3, -3, -4, 1, -1, -3, 0, -6, 2, 2, -6, 1, 0, -1, -1, 1, -2, -3, -4, 5, 4, 6, -4, 1, 2, 4, 3, 4, -4, -4, 4, -5, -1, 4, 5, -5, 3, -3, 1, -4, 5, -5, 1, 5, 1, 3, 3, 3, -3, -5, -2, 5, 6, -6, 3, 3, -1, -1, -6, -6, 0, -1, -3, -1, 0, -2, 1, 0, -5, 0, 3, 5, 3, -4, -1, 4, 1, 2, -5, 0, -2, -1]
 
2.1076609068: [3, -2, 2, 1, 1, -3, -4, 1, 3, 0, -3, -2, 2, 6, -1, 2, 5, 5, 5, 4, 3, -1, -4, -4, 1, 6, -2, -5, -2, -5, 5, 5, -4, 2, 1, 5, -6, 6, 0, 1, 6, 4, -2, 3, -3, -1, -5, 4, -3, 4, 5, -3, 3, -5, -6, -4, -5, -4, -4, 0, 0, 2, 5, -3, 1, 5, -6, -3, 2, -4, -5, 5, 5, -5, 4, 6, 1, -2, 3, -4, -5, 6, 2, 6, 2, 0, -1, -3, 5, -2, -3, -1, 0, -6, 3, 3, 2, -4, -1, 0, 4, -3, -5, 1, 2, -2, -1, -2, -3, -2, -5, -6, -2, -6, -1, -3, 2, -2, 2, -3, -6, 1, 4, -3, -1, 3, -2, 0]
 
2.09847178964: [-6, -1, -4, 5, 2, -2, 0, 3, -1, -4, -1, -6, -5, -5, 5, -4, -1, 3, 5, 4, -1, -6, 6, 4, -6, -2, 5, 3, -5, 6, 5, -5, -4, 6, -2, 0, 5, -2, 3, 0, 5, 6, -1, -5, 6, 0, -4, -6, 1, -5, -5, 5, 4, 1, -1, 4, -3, -1, 0, 3, 2, -4, -2, -4, -4, 3, 2, 4, 1, 5, -1, 4, -6, -5, -4, 0, 4, -1, -4, 2, 5, -5, 3, -3, 1, -4, 5, -5, 1, 5, 1, 3, 3, 3, -3, -5, -2, 5, 6, -6, 3, 3, -1, -1, -6, -6, 0, -1, -3, -1, 0, -2, 1, 0, -5, 0, 3, -5, -2, 0, 5, -2, 5, -1, 1, 1, 0, -1]
 
2.14791380905: [4, -3, 6, -3, -5, 2, 4, 1, 0, -2, 2, -5, 4, 4, -1, -1, 3, -4, 6, 0, 4, -4, -4, 3, -6, -4, 5, 5, 4, 2, 3, -6, -6, 4, 6, 1, -1, 0, -3, -1, 6, -6, 6, -5, 3, -3, 5, 2, -4, 2, 0, -2, 6, 4, -4, 0, 3, 0, -5, 0, -1, 0, 1, 3, -3, 3, -6, 0, -2, -6, -3, -5, 6, -6, -4, 2, 2, 5, 5, 0, 6, -1, -6, -6, 1, -6, 6, -5, 2, -3, -3, -5, 4, 6, 1, -4, 0, 4, -3, 1, 5, 6, 5, -5, -4, -4, -6, 1, -3, -6, 5, 0, -2, 1, -3, 2, 2, 3, 2, 5, 6, 4, -1, -4, 5, -4, 0, -6]
 
2.07263920843: [5, 1, 1, 1, 1, 5, 5, -1, -4, -6, 5, -5, -4, 0, 5, -3, -1, -5, 5, 6, -1, 6, -5, 5, -4, -1, 6, 0, -4, -1, -6, 4, -2, -5, -1, -1, 0, -3, 2, -5, 3, -5, -5, -3, 0, 5, -6, 0, -5, 5, 3, -1, 3, -1, -3, 5, -1, -5, 0, -2, -1, 6, 5, -5, -4, 6, -2, 3, 5, 5, -1, -1, -4, -4, 3, 6, 3, -6, 3, -2, 2, -5, 6, -5, 2, 2, -1, 0, 2, -1, 5, 3, -4, -6, 5, -3, 4, -1, -1, -1, 1, 2, -2, 2, 4, 5, -4, 3, 6, 4, 1, 3, -5, -3, 3, -3, -6, 5, 5, 6, 5, 5, 6, 1, 5, 4, 5, -6]
 
3.55344924616: [-2, -6, -5, -6, -5, -4, 1, 1, -3, -2, 1, 6, -4, -6, 4, 3, 5, 1, -6, -2, -6, -4, 2, -6, -3, -3, 6, -4, -6, -3, 5, 4, 6, -3, 3, -2, -2, -6, 4, 5, -6, 3, -1, 5, 0, 2, -4, -3, 0, 1, -5, 4, -6, -6, 4, 1, 2, 5, -6, -3, -1, -1, 0, 2, 2, 5, 3, 2, -4, 1, 3, 1, 3, 1, 0, -1, -4, -5, -6, 2, 5, 5, 6, -2, -5, -4, -5, -6, -4, 1, 0, 1, -2, -5, 2, 2, -2, -5, 6, -6, 5, 3, -1, -1, -6, -6, 0, 1, -3, -3, -3, -6, 1, 0, -5, 0, -4, 6, 3, 2, -1, 6, 1, 2, -2, -4, -2, -1]
 
0.583468693194: [5, 4, 1, 1, 1, 5, 5, 0, -4, 4, 5, -5, -4, 6, -2, -3, -1, -6, -2, 4, 0, 4, -5, 3, -6, -1, 6, 0, -4, 6, -6, 6, 6, 1, -6, 4, 0, -3, 1, -5, 3, 5, -6, -3, 3, 5, -4, 6, -6, 1, 3, 3, -3, -1, 4, -6, 2, 1, 0, -2, -1, -1, -5, 5, 0, 2, 6, -6, -1, 2, -6, -5, 4, -1, -4, -2, 3, 5, -1, 4, 1, -5, 3, 4, 1, -4, -6, 1, 0, -5, 1, -3, 3, 3, -3, -5, -2, 3, -4, -5, 0, -4, -2, 6, 1, 0, -1, -6, -2, -5, 3, 2, 6, -6, 0, -4, -3, -1, 2, -6, 3, -4, 4, -3, 0, 1, -5, -2]
 
0.744694565654: [-6, -1, -5, 6, -4, 3, 4, 1, -2, -4, -1, -6, 2, 4, 6, 0, -5, -1, 6, -5, 6, -1, -3, 6, 5, -3, -3, 6, 3, 0, -2, 1, 1, 5, 0, -4, -4, -5, -4, 2, 1, -4, -6, -2, -3, 4, 4, -5, -4, -6, 3, -1, -1, -4, -5, 0, 4, -1, 6, -4, 2, 5, -2, 3, -4, 3, 2, 4, 1, -2, -1, -3, -6, -5, -4, 0, -6, 3, -4, 0, 6, -2, -6, -4, -1, 6, 1, 6, 4, -6, 0, 2, 4, 2, 1, -4, 2, 3, -3, 1, -5, -4, -2, 6, 1, 3, -4, 1, -3, 4, 1, -4, -4, -3, -2, -2, -5, -2, 2, -6, -6, 6, 1, 2, -2, -6, 0, 5]
 
1.10179616421: [6, 2, 5, -4, -3, 1, -1, 2, 3, -1, 5, -3, -5, -5, 5, -4, -1, 3, 5, 4, -1, -6, 6, 4, -6, -2, 5, 3, -5, 6, 5, -5, -4, 6, -2, 0, 5, -2, 3, 0, 5, 6, -1, -5, 6, 0, -4, -6, 1, -5, -5, 5, 4, 1, -1, 4, -3, 4, -3, -3, 1, -6, 1, 4, 0, 3, 6, 6, -3, -3, 2, 6, 5, 4, 4, -4, -4, 3, 3, -2, 3, 5, -2, -1, 3, 1, -1, -6, -4, -3, 3, 1, -4, -5, -3, -4, 0, 3, -3, 4, -6, -4, -2, 6, 6, -2, 1, 1, -3, 3, -1, 0, -2, -3, -1, -5, -5, 0, 2, 3, -6, -1, 4, -3, -1, 1, -2, -4]
 
2.71257361974: [-6, -1, -5, 6, 2, 3, 4, 5, -1, -4, -1, -6, -5, -5, 6, -4, 1, -1, -3, -5, 6, -1, 3, -4, 1, 6, -2, -5, -2, -5, 5, 5, -4, 2, 1, 5, -6, 6, 0, 1, 6, 4, -2, 3, -3, -1, -5, 4, -3, 4, 5, -3, 3, -5, -6, -4, -5, -4, -4, 0, 0, 2, 5, -3, 1, 5, -6, -3, 2, -4, -5, 5, 5, -5, 4, 6, 1, -2, 3, -4, -5, 6, 2, 6, 2, 0, -1, -3, 5, -2, -3, -1, 0, -6, 3, 3, 2, -4, -1, 0, 4, -3, -5, 1, 2, -2, -1, -2, -3, -2, -5, -6, -2, -6, -1, -3, 2, -2, 2, -3, -6, 1, 4, -3, -1, 3, -2, 0]
 
0.636969245892: [3, 6, 2, -5, 1, -3, -4, -4, 3, -3, 2, -2, 6, -6, -1, 2, 1, 5, 1, -5, 3, 3, -4, -4, 5, -3, -3, 6, 5, 0, -6, 4, 1, 5, 0, 5, -4, 6, 5, 2, 1, 6, -6, -2, -3, 4, -4, -5, -4, -4, 3, -5, 2, -4, -5, -1, 6, 4, -4, -4, 1, -5, 1, 4, 0, 1, 6, 6, -3, -4, 2, 6, 4, 3, 4, -4, 1, 3, 3, -2, 3, 1, -2, 4, -4, 1, -1, -6, -4, -3, 3, -4, -1, -5, -3, 0, -1, -3, -4, 4, -6, -1, -5, 4, 0, -2, 1, 1, -3, 5, -1, 0, 0, 4, -1, -5, -5, 0, 2, 3, -6, -3, 4, 6, -1, 1, -2, -3]
 
1.06623640027: [6, -2, -2, -2, -5, -2, 4, 3, -1, -1, 2, -6, 4, -5, -5, -4, -1, 5, 5, 4, -1, 1, 6, 4, -6, 2, 5, 3, -5, 0, 5, -5, 0, 5, -2, 0, 5, -2, 3, 0, 5, 0, -1, -5, 2, 0, -4, 3, 6, -5, -1, 5, 4, -2, 3, 4, -3, 5, -4, 3, 2, -4, -2, -4, -4, -4, 2, 4, 1, 5, -1, 6, -3, -6, -4, 2, 4, 0, -4, -5, 5, 2, -1, -6, 1, 6, -6, -5, 4, -3, 6, 1, 6, -5, 1, -4, 2, -6, -3, 1, 1, -3, 1, -5, 1, 2, 5, 1, -2, -5, -6, -5, -2, -3, -2, 3, 1, -2, 2, -4, -5, 1, 1, 4, -2, 3, 0, -4]
 
1.04854034857: [-5, -3, -5, 6, -5, -5, 4, 5, -1, -4, -1, -6, -5, -5, 6, 2, 6, -1, -6, -5, 6, 5, 3, -4, 1, -5, -1, -5, 4, -5, -2, 4, -4, 2, 1, 2, 6, 5, 0, -4, 6, 4, -4, 3, -3, 5, -5, 4, -3, 5, 3, -3, 3, -5, 4, 3, -5, 2, -4, 0, 0, 2, -3, -3, -4, 5, -6, -3, 0, -4, 3, 5, 5, -5, -6, 3, 2, -5, 3, -4, 1, 6, 2, 6, 2, 0, -1, -3, 5, 2, -3, -1, 0, 2, 3, 5, -3, -4, 1, 3, 5, -3, -5, 1, -3, -2, -1, -2, -2, -3, 6, -6, -2, -6, -1, -3, 5, 0, 5, -3, 3, 1, 4, -3, -1, 3, -2, 5]
 
3.69415069915: [-6, -1, -4, 5, 2, -2, 0, 3, -1, -4, 1, -3, -1, -2, 0, 4, 5, 5, 3, -4, 6, -6, -2, 6, 2, -3, 0, 4, 0, 2, 2, -1, -4, -3, 6, 1, 3, 2, 0, 2, 2, -1, 4, -5, -4, -4, 1, 5, -4, -4, -5, 6, -1, 1, 1, -5, -6, 6, -2, -3, 0, -1, -5, 5, 0, -6, 4, -6, 0, 2, 4, 6, 6, -2, -5, -2, -4, -5, -6, -1, 2, -1, 6, -3, 2, -4, -5, -6, -4, -3, 0, 4, 1, -4, 1, 5, -2, -5, -1, -5, -5, -4, 2, 1, 1, 3, -5, -1, -4, -1, -3, -1, -5, -3, 3, -3, -6, 5, 5, 6, 5, 5, 6, 1, 5, 4, 5, -6]
 
1.68164490693: [5, 1, 1, 1, 1, 5, 5, -1, -4, -6, 5, -5, -4, 0, 5, -3, -1, -5, 5, 6, -1, 6, -5, 5, -4, -1, 6, 0, -4, -1, -6, 4, -2, -5, -1, -1, 0, -3, 2, -5, 3, -5, -5, -3, 0, 5, -6, 0, -5, 5, 3, -1, 3, -1, -3, 5, -1, -5, 0, -2, -1, 6, 5, -5, -4, 6, -2, 3, 5, 5, -1, -1, -4, -4, 3, 6, 3, -6, 3, -2, 2, -5, 6, -5, 2, 2, -1, 0, 2, -1, 5, 3, -4, -6, 5, -3, 4, -1, -1, -1, 1, 2, -2, 2, 4, 5, -4, 3, 6, 4, 1, 3, -2, -2, 6, -1, 0, -5, -2, 3, 5, 4, -4, 2, -5, 0, -6, -1]
 
1.8002513433: [-6, -1, -5, 6, 2, 3, 4, 5, -1, -4, -1, -6, -5, -5, 6, -4, 1, -1, -3, -5, 6, -1, 3, -4, 1, 6, -2, -5, -2, -5, 5, 5, -4, 2, 1, 5, -6, 6, 0, 1, 6, 4, -2, 3, -3, -1, -5, 4, -3, 4, 5, -3, 3, -5, -6, -4, -5, -4, -4, 0, 0, 2, 5, -3, 1, 5, -6, -3, 2, -4, -5, 5, 5, -5, 4, 6, 1, -2, 3, -4, -5, 6, 2, 6, 2, 0, -1, -3, 5, -2, -3, -1, 0, -6, 3, 3, 2, -4, -1, 0, 3, 3, -1, -1, -6, -6, 0, -1, -3, -1, 0, -2, 1, 0, -5, 0, 3, -5, -2, 0, 5, -2, 5, -1, 1, 1, 0, -1]
 
2.42567165824: [6, 3, 6, -2, -5, -2, 4, 3, -1, -1, 3, -5, 2, -3, 0, -1, -3, 5, -6, -4, 6, 4, -6, 5, -4, -3, 2, 4, 0, 2, 2, -1, -2, -3, 6, 1, 3, 0, 6, 2, 3, -1, 5, -5, -4, -4, 1, -3, -4, -4, -1, -3, 0, -6, 2, 2, -6, 1, 0, -1, -1, 1, -2, -3, -4, 5, 4, 6, -4, 1, 2, 4, 3, 4, -4, -4, 4, -5, -1, 4, 5, -5, 3, -3, 1, -4, 5, -5, 1, 5, 1, 3, 3, 3, -3, -5, -2, 5, 6, -6, 4, -3, -5, 1, 2, -2, -1, -2, -3, -2, -5, -6, -2, -6, -1, -3, 2, -2, 2, -3, -6, 1, 4, -3, -1, 3, -2, 5]
 
0.968025089118: [6, 3, 6, -2, -5, -2, 4, -5, 1, -4, 3, -5, -3, 0, 5, -6, -3, -2, -6, -4, 6, 5, 4, 5, -1, -3, 2, 4, 0, 6, 2, 1, -2, -5, 0, 0, 3, 0, -1, 2, 3, -1, 5, -5, -4, -1, 1, -3, -4, 4, -1, -3, 0, -6, 2, -5, -5, -2, -4, 0, -6, 2, 5, -3, 1, 5, -6, -3, 2, 5, -5, 3, 1, -5, 4, -2, 1, 0, 3, -1, -5, 6, -1, 6, 2, 0, -1, -3, 5, -2, -3, 1, 0, -6, 3, 3, 6, -4, -1, 0, 4, -3, -5, 4, 4, 1, -1, -4, -3, -2, -5, -6, -2, -6, -1, 4, 6, 4, 2, -3, -6, -6, 4, -3, -1, -3, -2, -6]
 
1.47757144481: [3, -2, 2, 1, 1, -3, -4, 1, 3, 0, -3, -2, 2, 6, -1, 2, 5, 5, 5, 4, 3, -1, -4, -4, 1, 6, -2, -5, -2, -5, 5, 5, -4, 2, 1, 5, -6, 6, 0, 1, 6, 4, -2, 3, -3, -1, -5, 4, -3, 4, 5, -3, 3, -5, -6, 2, -6, 1, 0, -1, -1, 1, -2, -3, -4, 5, 4, 6, -4, 1, 2, 4, 3, 4, -4, -4, 4, -5, -1, 4, 5, -5, 3, -3, 1, -4, 5, -5, 1, 5, 1, 3, 3, 3, -3, -5, -2, 5, 6, -6, 3, 3, -1, -1, -6, -6, 0, -1, -3, -1, 0, -2, 1, 0, -5, 0, 3, -5, -2, 0, 5, -2, 5, -1, 1, 1, 0, -1]
 
2.42166158442: [-6, -1, -5, 6, 2, 3, 4, 5, -1, -4, -1, -6, -5, -5, 6, -4, 1, -1, -3, -5, 6, -1, 3, 3, 5, -3, -3, 6, 3, 0, -6, -1, 1, 5, 0, 6, -4, -5, -4, 2, 1, -4, -6, -2, -3, 4, -4, -5, -4, -4, 3, -5, -1, -4, -5, -1, 6, 4, 0, 3, 2, -4, -2, -4, -4, 3, 2, 4, 1, 5, -1, 4, -6, -5, -4, 0, 4, -1, -4, 2, 6, 2, -6, -6, 3, 6, 5, -5, 4, -3, -1, 1, 6, -5, 1, -4, 2, 3, -3, 1, 5, -4, -2, 6, 1, 3, 5, 1, -3, -5, -1, -4, -2, -3, -2, 3, -5, -2, 2, 4, -6, 1, 1, -3, -2, 3, -2, 5]
 
1.26496264574: [-6, -1, -4, 5, 2, -2, 0, 3, -1, -4, -1, -6, -5, -5, 5, -4, -1, 3, 5, 4, -1, -6, 6, 4, -6, -2, 5, 3, -5, 6, 5, -5, -4, 6, -2, 0, 5, -2, 3, 0, 5, 6, -1, -5, 6, 0, -4, -6, 1, -5, -5, 5, 4, 1, -1, 4, -3, -1, -3, -3, 1, -6, 1, 4, 0, 3, 6, 6, -3, -3, 2, 6, 5, 4, 4, -4, -4, 3, 3, -2, 3, 5, -2, -1, 3, 1, -1, -6, -4, -3, 3, 1, -4, -5, -3, -4, 0, 3, -3, 4, -6, -4, -2, 6, 6, -2, 1, 1, -3, 3, -1, 0, -2, -3, -1, -5, -5, 0, 2, 3, -6, -1, 4, -3, -1, 1, -2, -4]
 
2.33682583251: [-2, 5, 4, 0, -2, -4, 0, -5, 2, -2, -3, -5, 6, 1, -1, -6, -3, -2, -1, -1, 4, -2, 5, 5, -3, 4, 6, -5, 0, -3, -4, 4, -5, -4, 6, -1, -2, -5, 2, 4, -6, -4, 0, 5, 0, 5, -5, -3, -3, 5, 2, -2, 3, -2, -2, 5, 4, -4, -3, 4, -1, -3, 5, 4, 1, -6, -5, 0, 2, -4, -1, 5, 5, -5, 4, 6, 1, 6, -5, -4, -5, 6, 1, 3, -3, 0, -1, -3, 5, -6, -3, -1, 0, -2, 3, 0, 2, -3, 1, -6, 4, -3, -5, 1, 2, -2, -4, -2, -3, -2, -5, 2, -2, -6, 2, -3, 2, 5, 2, -5, -1, 1, 4, -3, -2, 3, -4, 0]
 
2.23530989261: [3, -2, 2, 1, 1, -3, -4, 1, 3, 0, -3, -2, 2, 6, -1, 2, 5, 5, 5, 4, 3, -1, -4, -4, 1, 6, -2, -5, -2, -5, 5, 5, -4, 2, 1, 5, -6, 6, 0, 1, 6, 4, -2, 3, -3, -1, -5, 4, -3, 4, 5, -3, 3, -5, -6, -4, -5, -4, -4, 0, 0, 2, 5, -3, 1, 5, -6, 5, 1, 3, -6, -6, -5, -5, 4, -2, 0, -1, -6, -3, 1, -4, -5, -2, 3, 2, -4, 3, -1, 3, 5, -3, -3, 3, -5, 5, -4, 0, -4, 1, -6, -1, 1, 0, 0, 1, -1, -3, -4, -1, -4, 0, 2, -3, -3, -6, -1, 1, -1, 0, -6, 1, 2, 0, 6, 1, -4, -2]
 
3.16812083706: [5, 4, 1, 1, 1, 5, 5, 0, -4, -6, 5, -5, -4, 0, 5, -3, -1, -6, -2, 4, -1, 4, -5, 3, -4, -1, -5, 0, -4, -6, -4, 5, 1, 5, 0, 6, -4, 4, -4, -1, 1, 0, -6, -2, 0, 4, -4, -5, -4, 2, 3, 4, -1, -4, 6, 0, 6, 4, -3, -3, -3, 3, 1, 4, 2, 3, 6, 6, -3, -6, 2, 6, 5, 3, 4, -4, 4, 3, -1, -2, 4, 5, -6, -6, 3, 6, 5, -5, -4, -3, -1, 1, -4, -5, 6, -4, 0, 3, -3, -1, -5, -4, -2, 6, 1, 6, 5, 1, -3, 3, -1, -4, -2, -3, -1, 3, -5, -2, 2, -3, -6, -4, 4, 5, -6, 3, -5, -2]
 
2.18607098942: [2, -5, 3, 5, 2, -2, 0, 3, -1, -4, -1, -6, -5, 1, 6, -4, 1, 3, 4, -5, 6, -1, -6, 3, -2, -3, -4, 6, 5, -1, -6, 4, 6, 1, -1, -4, 0, -3, -5, -5, 3, 5, -6, -3, 0, 5, -6, -6, -6, 1, 3, 0, -6, -1, -3, 6, 2, -5, 0, -2, -1, 6, 5, -5, -4, 6, -2, 3, -1, 5, -1, -1, -4, -4, 4, -3, 0, 1, 1, 1, 1, 3, 4, -6, 5, 1, -2, 1, 4, 0, 3, -2, 2, 4, 1, -3, -6, -4, -5, 3, -5, -6, -3, 6, 0, 6, 0, -2, -2, 1, 5, -1, -3, -4, -2, 0, -3, -1, 3, -4, 4, 2, -5, 5, 3, -6, -1, 3]
 
0.861683690863: [6, -6, 3, -4, -1, 1, 4, 2, 3, -1, 0, -3, -5, 4, 0, -4, -1, 3, 5, 4, -1, 4, 4, 1, -6, -1, -3, 3, 3, 6, 5, -5, -4, -2, -2, 0, 5, -2, 3, -5, 5, -5, -2, 6, 0, 0, 1, 3, 3, 4, -3, 6, 4, 1, 6, 0, -3, -1, 0, 0, 2, -4, 3, 4, -4, 3, 2, -1, 0, 5, -1, -1, -4, 6, 3, -6, 3, -6, 0, -2, 2, -5, -3, -2, 2, 2, -1, -3, 2, -1, -4, 3, -4, -6, 5, 2, 6, -1, -1, -1, 1, 2, -2, 6, 4, -2, -4, 3, 6, 4, 1, -5, -5, -3, 3, -3, -4, 5, 5, 6, 5, 5, 6, 1, 5, 4, 5, 0]
 
2.31165378491: [5, 1, 1, 1, 1, 5, 5, -1, -4, -6, 5, -5, -4, 0, 5, -3, -1, -5, 5, 6, -1, 6, -5, 5, -4, -1, 6, 0, -4, -1, -6, 4, -2, -5, -1, -1, 0, -3, 2, -5, 3, -5, -5, -3, 0, 5, -6, 0, -5, 5, 3, -1, 3, -1, -3, 5, -1, -5, 0, -2, -1, 6, 5, -5, -4, 6, -2, 3, 5, 5, -1, 4, -6, -5, -4, 0, 4, -1, -4, 2, 6, 2, -6, -6, 3, 6, 5, -5, 4, -3, -1, 1, 6, -5, 1, -4, 2, 3, -3, 1, 5, -4, -2, 6, 1, 3, 5, 1, -3, -5, -1, -4, -2, -3, -2, 3, -5, -2, 2, 4, -6, 1, 1, -3, -2, 3, -2, 5]
 
2.49490171661: [6, 3, 6, -2, -5, -2, 4, 3, -1, -1, 3, -5, 2, -3, 0, -1, -3, 5, -6, -4, 6, 4, -6, 5, -4, -3, 2, 4, 0, 2, 2, -1, -2, -3, 6, 1, 3, 0, 6, 2, 3, -1, 5, -5, -4, -4, 1, -3, -4, -4, -1, -3, 0, -6, 2, 2, -6, 1, 0, -1, -1, 1, -2, -3, -4, 5, 4, 6, -4, 1, 2, 4, 3, 4, -4, -4, 4, -5, 3, -4, -5, 6, 2, 6, 2, 0, -1, -3, 5, -2, -3, -1, 0, -6, 3, 3, 2, -4, -1, 0, 4, -3, -5, 1, 2, -2, -1, -2, -3, -2, -5, -6, -2, -6, -1, -3, 2, -2, 2, -3, -6, 1, 4, -3, -1, 3, -2, 0]
 
1.33883831848: [-2, -6, 4, 0, -2, -4, 0, 0, -5, -2, 3, -5, 6, 1, 5, -6, -3, -2, -1, -1, -5, -2, 3, -6, -3, -6, 6, -5, 0, -3, -4, 4, -5, -1, 6, 4, -2, -1, 2, 5, -1, -4, 0, 5, 0, 5, -6, -6, -3, 5, 2, -2, 0, 0, -2, 5, 4, 6, -5, 4, -3, -3, 5, 0, 1, -6, 2, -3, 2, -4, -5, 5, 5, -5, 4, 6, 1, -2, -1, 4, 5, -5, 3, -3, 1, -4, 5, -5, 1, 5, 1, 3, 3, 3, -3, -5, -2, 5, 6, -6, 3, 3, -1, -1, -6, -6, 0, -1, -3, -1, 0, -2, 1, 0, -5, 0, 3, -5, -2, 0, 5, -2, 5, -1, 1, 1, 0, -1]
 
1.2126961748: [5, 4, 1, 1, 1, 5, 5, 0, -4, 4, 5, -5, -4, 6, -2, -3, -1, -6, -2, 4, 0, 4, -5, 3, -6, -1, 6, 0, -4, 6, -6, 6, -5, -1, 6, 4, -2, -1, 2, 5, -1, -4, 0, 5, 0, 5, -6, -6, -3, 5, 2, -2, 0, 0, -2, 5, 4, 6, -5, 4, -3, -3, 5, 0, 1, -6, 2, -3, 2, -4, -5, 5, 5, -5, 4, 6, 1, -2, 3, -4, -5, 6, 2, 6, 2, 0, -1, -3, 5, -2, -3, -1, 0, -6, 3, 3, 2, -4, -1, 0, 4, -3, -5, 1, 2, -2, -1, -2, -3, -2, -5, -6, -2, -6, -1, -3, 2, -2, 2, -3, -6, 1, 4, -3, -1, 3, -2, 0]
 
1.72336082177: [3, 6, 4, 0, -2, 5, 0, -6, -5, -2, 6, -5, 4, 4, 6, -6, 2, -2, -1, -1, -3, -2, 3, -6, -3, -4, 6, -5, 6, -4, -4, 4, 6, 1, -6, 0, -1, -6, 4, 5, 6, -2, -6, 2, 3, 5, -4, 2, -6, -6, 3, 3, -3, -1, 4, -6, 2, 1, 0, -2, -4, 6, -5, 5, 0, 2, 6, -6, -1, -4, -6, -5, 6, 5, -4, 6, 3, 5, -1, 6, 4, -5, 6, 5, 1, -4, -6, 1, 0, 4, 2, 0, -4, 3, -3, -5, -2, 3, -4, 4, 0, -4, -2, 3, 1, 0, -1, -6, -2, -2, 3, 4, 6, -3, -2, 0, 3, -1, 6, -6, -1, -5, 3, -3, 0, 1, -4, -2]
 
1.51024697456: [-2, -6, 4, 0, -2, -4, 0, 0, -5, -2, 3, -5, 6, 1, 5, -6, -3, -2, -1, -1, -5, -2, 3, -6, -3, -6, 6, -5, 0, -3, -4, 4, 6, 1, -6, 4, 0, -3, 1, -5, 3, 5, -6, -3, 3, 5, -4, 6, -6, 1, 3, 3, -3, -1, 4, -6, 2, 1, 0, -2, -1, -1, -5, 5, 0, 2, 6, -6, -1, 2, -6, -5, 4, -1, -4, -2, 3, 5, -1, 4, 1, -5, 3, 4, 1, -4, -6, 1, 0, -5, 1, -3, 3, 3, -3, -5, -2, 3, -4, -5, 0, -4, -2, 6, 1, 0, -5, -1, -4, -1, -3, -1, -5, -3, 3, -3, -6, 5, 5, 6, 5, 5, 6, 1, 5, 4, 5, -6]
 
1.54641372591: [-6, -1, -4, 5, 2, -2, 0, 3, -1, -4, 1, -3, -1, -2, 0, 4, 5, 5, 3, -4, 6, -6, -2, 6, 2, -3, 0, 4, 0, 2, 2, -1, -4, -3, 6, 1, 3, 2, 0, 2, 2, -1, 4, -5, -4, -4, 1, 5, -4, -4, -5, 6, -1, 1, 1, -5, -6, 6, -2, -3, 0, -1, -5, 5, 0, -6, 4, -6, 0, 2, 4, 6, 6, -2, -5, -2, -4, -5, -6, -1, 2, -1, 6, -3, 2, -4, -5, -6, -4, -3, 0, 4, 1, -4, 1, 5, -2, -5, -1, -5, -5, -4, 2, 1, 1, 3, -1, -6, -2, -5, 3, 2, 6, -6, 0, -4, -3, -1, 2, -6, 3, -4, 4, -3, 0, 1, -5, -2]
 
1.16214703994: [-2, -6, 4, 0, -2, -4, 0, 0, -5, -2, 3, -5, 6, 1, 5, -6, -3, -2, -1, -1, -5, -2, 3, -6, -3, -6, 6, -5, 0, -3, -4, 4, -5, -1, 6, 4, -2, -1, 2, 5, -1, -4, 0, 5, 0, 5, -6, -6, -3, 5, 2, -2, 0, 0, -2, 5, 4, 6, -5, 4, -3, -3, 5, 0, 1, -6, 2, -3, 2, -4, -5, 5, 5, -5, 4, 6, 1, -2, 3, -4, -5, 6, 2, 6, 2, 0, -1, -3, 5, -2, -3, -1, 0, -6, 3, 3, 2, -4, -1, 0, 4, -3, 1, 0, 0, 1, -1, -3, -4, -1, -4, 0, 2, -3, -3, -6, -1, 1, -1, 0, -6, 1, 2, 0, 6, 1, -4, -2]
 
1.9030903943: [-2, -6, 4, 0, -2, -4, 0, 0, -5, -2, 3, -5, 6, 1, 5, -6, -3, -2, -1, -1, -5, -2, 3, -6, -3, -6, 6, -5, 0, -3, -4, 4, -5, -1, 6, 4, -2, -1, 2, 5, -1, -4, 0, 5, 0, 5, -6, -6, -3, 5, 2, -2, 0, 0, -2, 5, 4, 6, -5, 4, -3, -3, 5, 0, 1, -6, 2, 5, 1, 3, -6, -6, -5, -5, 4, -2, 0, -1, -6, -3, 1, -4, -5, -2, 3, 2, -4, 3, -1, 3, 5, -3, -3, 3, -5, 5, -4, 0, -4, 1, -6, -1, -5, 1, 2, -2, -1, -2, -3, -2, -5, -6, -2, -6, -1, -3, 2, -2, 2, -3, -6, 1, 4, -3, -1, 3, -2, 0]
 
2.00548743816: [-6, -1, -5, 6, 2, 3, 4, 5, -1, -4, -1, -6, -5, -5, 6, -4, 1, -1, -3, -5, 6, -1, 3, 3, 5, -3, -3, 6, 3, 0, -6, -1, 1, 5, 0, 6, -4, -5, -4, 2, 1, -4, -6, -2, -3, 4, -4, -5, -4, -4, 3, -5, -1, -4, -5, -1, 6, -1, 0, 3, 2, -4, -2, -4, -4, 3, 2, 4, 1, 5, -1, 4, -6, -5, -4, 0, 4, -1, -4, 2, 6, 2, -6, -6, 3, 6, 5, -5, 4, -3, -1, 1, 6, -5, 1, -4, 2, 3, -3, 1, 5, -4, -2, 6, 1, 3, 5, 1, -3, -5, 6, -4, 1, -4, 0, -3, 1, 1, -1, -5, -1, -1, -6, -6, 0, -1, -3, -5]
 
1.31837775636: [6, 3, 6, -2, -5, -2, 4, 3, -1, -1, 3, -5, 2, -3, 0, -1, -3, 5, -6, -4, 6, 4, -6, 5, -4, -3, 2, 4, 0, 2, 2, -1, -2, -3, 6, 1, 3, 0, 6, 2, 3, -1, 5, -5, -4, -4, 1, -3, -3, -3, 2, -6, -6, 4, -1, -2, -4, -1, 2, -5, -6, 5, 4, 4, -2, -1, -1, 3, -3, -6, 1, 4, -5, 0, 1, -6, -4, -5, -4, -3, -5, -4, -6, 5, -2, 0, -5, -6, -4, -5, 1, 4, -1, 0, 1, -4, 2, -6, 3, -1, -1, 2, 3, 6, 6, -1, 5, -3, 1, -2, -1, -4, -2, -3, -2, 3, -5, -2, 2, 4, -6, 1, 1, -3, -2, 3, -2, 5]
 
