6.61165955731: [6, 3, 6, -2, -5, -2, 4, 0, -3, -6, 5, -5, 5, 0, 6, -3, 2, -6, -2, 4, 5, 4, -5, -1, -4, -1, -5, 0, -4, -6, -4, 5, 1, 5, 0, 6, -4, 4, -4, -1, 1, 0, -6, -2, 0, 4, -4, -5, -4, 2, 3, 4, -1, -4, 6, 0, 6, -5, 0, -2, -3, 6, -4, 6, -4, 6, -2, -4, -1, 3, -6, -6, -5, -5, 4, -2, 0, -1, -6, -3, 2, -1, -6, -6, 3, 6, 5, -6, -4, -3, 0, 4, 1, -4, 1, 5, -2, -5, -1, -5, -5, -4, 2, 1, 1, 3, -5, -1, -4, -1, -3, -1, -2, -2, 6, -1, 0, -5, -2, 3, 5, 4, -4, 2, -5, 0, -6, -1]
 
6.58049584925: [6, 3, 6, -2, -5, -2, 4, 0, -3, -6, 5, -5, 5, 0, 6, -3, 2, -6, -2, 4, 5, 4, -5, -1, -4, -1, -5, 0, -4, -6, -4, 5, 1, 5, 0, 6, -4, 4, -4, -1, 1, 0, -6, -2, 0, 4, -4, -5, -4, 2, 3, 4, -1, -4, 6, 0, 6, -5, 0, -2, -3, 6, -4, 6, -4, 6, -2, -4, -1, 3, -6, -6, -5, -5, 4, -2, 0, -1, -6, -3, 2, -1, -6, -6, 3, 6, 5, -6, -4, -3, 0, 4, 1, -4, 1, 5, -2, -5, -1, -5, -5, -4, 2, 1, 1, 3, -5, -1, -4, -1, -3, -1, -2, -2, 6, -1, 0, -5, -2, 3, 5, 4, -4, 2, -5, 0, -6, -1]
 
6.53206960872: [6, 3, 6, -2, -5, -2, 4, 0, -3, -6, 5, -5, 5, 0, 6, -3, 2, -6, -2, 4, 5, 4, -5, -1, -4, -1, -5, 0, -4, -6, -4, 5, 1, 5, 0, 6, -4, 4, -4, -1, 1, 0, -6, -2, 0, 4, -4, -5, -4, 2, 3, 4, -1, -4, 6, 0, 6, -5, 0, -2, -3, 6, -4, 6, -4, 6, -2, -4, -1, 3, -6, -6, -5, -5, 4, -2, 0, -1, -6, -3, 2, -1, -6, -6, 3, 6, 5, -6, -4, -3, 0, 4, 1, -4, 1, 5, -2, -5, -1, -5, -5, -4, 2, 1, 1, 3, -5, -1, -4, -1, -3, -1, -2, -2, 6, -1, 0, -5, -2, 3, 5, 4, -4, 2, -5, 0, -6, -1]
 
6.48042450125: [6, 3, 6, -2, -5, -2, 4, 0, -3, -6, 5, -5, 5, 0, 6, -3, 2, -6, -2, 4, 5, 4, -5, -1, -4, -1, -5, 0, -4, -6, -4, 5, 1, 5, 0, 6, -4, 4, -4, -1, 1, 0, -6, -2, 0, 4, -4, -5, -4, 2, 3, 4, -1, -4, 6, 0, 6, -5, 0, -2, -3, 6, -4, 6, -4, 6, -2, -4, -1, 3, -6, -6, -5, -5, 4, -2, 0, -1, -6, -3, 2, -1, -6, -6, 3, 6, 5, -6, -4, -3, 0, 4, 1, -4, 1, 5, -2, -5, -1, -5, -5, -4, 2, 1, 1, 3, -5, -1, -4, -1, -3, -1, -2, -2, 6, -1, 0, -5, -2, 3, 5, 4, -4, 2, -5, 0, -6, -1]
 
6.37879545473: [6, 3, 6, -2, -5, -2, 4, 0, -3, -6, 5, -5, 5, 0, 6, -3, 2, -6, -2, 4, 5, 4, -5, -1, -4, -1, -5, 0, -4, -6, -4, 5, 1, 5, 0, 6, -4, 4, -4, -1, 1, 0, -6, -2, 0, 4, -4, -5, -4, 2, 3, 4, -1, -4, 6, 0, 6, -5, 0, -2, -3, 6, -4, 6, -4, 6, -2, -4, -1, 3, -6, -6, -5, -5, 4, -2, 0, -1, -6, -3, 2, -1, -6, -6, 3, 6, 5, -6, -4, -3, 0, 4, 1, -4, 1, 5, -2, -5, -1, -5, -5, -4, 2, 1, 1, 3, -5, -1, -4, -1, -3, -1, -2, -2, 6, -1, 0, -5, -2, 3, 5, 4, -4, 2, -5, 0, -6, -1]
 
6.36848704946: [6, 3, 6, -2, -5, -2, 4, 0, -3, -6, 5, -5, 5, 0, 6, -3, 2, -6, -2, 4, 5, 4, -5, -1, -4, -1, -5, 0, -4, -6, -4, 5, 1, 5, 0, 6, -4, 4, -4, -1, 1, 0, -6, -2, 0, 4, -4, -5, -4, 2, 3, 4, -1, -4, 6, 0, 6, -5, 0, -2, -3, 6, -4, 6, -4, 6, -2, -4, -1, 3, -6, -6, -5, -5, 4, -2, 0, -1, -6, -3, 2, -1, -6, -6, 3, 6, 5, -6, -4, -3, 0, 4, 1, -4, 1, 5, -2, -5, -1, -5, -5, -4, 2, 1, 1, 3, -5, -1, -4, -1, -3, -1, -2, -2, 6, -1, 0, -5, -2, 3, 5, 4, -4, 2, -5, 0, -6, -1]
 
6.32692149329: [6, 3, 6, -2, -5, -2, 4, 0, -3, -6, 5, -5, 5, 0, 6, -3, 2, -6, -2, 4, -1, 4, -5, 3, -4, -1, -5, 0, -4, -6, -4, 5, 1, 5, 0, 6, -4, 4, -4, -1, 1, 0, -6, -2, 0, 4, -4, -5, -4, 2, 3, 4, -1, -4, 6, 0, 6, -5, 0, -2, -3, 6, -4, 6, -4, 6, -2, -4, -1, 5, -1, -6, -5, -5, 4, -2, 0, -1, -6, -3, 2, -1, -6, -6, 3, 6, 5, -6, -4, -3, 0, 4, 1, -4, 1, 5, -2, -5, -1, -5, -5, -4, 2, 1, 1, 3, -5, -1, -4, -1, -3, -1, -2, -2, 6, -1, 0, -5, -2, 3, 5, 4, -4, 2, -5, 0, -6, -1]
 
6.32508546529: [6, 3, 6, -2, -5, -2, 4, 0, -3, -6, 5, -5, 5, 0, 6, -3, 2, -6, -2, 4, -1, 4, -5, -1, -4, -1, -5, 0, -4, -6, -4, 5, 1, 5, 0, 6, -4, 4, -4, -1, 1, 0, -6, -2, 0, 4, -4, -5, -4, 2, 3, 4, -1, -4, 6, 0, 6, -5, 0, -2, -3, 6, -4, 6, -4, 6, -2, -4, -1, 3, -6, -6, -5, -5, 4, -2, 0, -1, -6, -3, 2, -1, -6, -6, 3, 6, 5, -6, -4, -3, 0, 4, 1, -4, 1, 5, -2, -5, -1, -5, -5, -4, 2, 1, 1, 3, -5, -1, -4, -1, -3, -1, -2, -2, 6, -1, 0, -5, -2, 3, 5, 4, -4, 2, -5, 0, -6, -1]
 
6.31394242788: [6, 3, 6, -2, -5, -2, 4, 0, -3, -6, 5, -5, 5, 0, 6, -3, 2, -6, -2, 4, -1, 4, -5, 3, -4, -1, -5, 0, -4, -6, -4, 5, 1, 5, 0, 6, -4, 4, -4, -1, 1, 0, -6, -2, 0, 4, -4, -5, -4, 2, 3, 4, -1, -4, 6, 0, 6, -5, 0, -2, -3, 6, -4, 6, -4, 6, -2, -4, -1, 3, -6, -6, -5, -5, 4, -2, 0, -1, -6, -3, 2, -1, -6, -6, 3, 6, 5, -6, -4, -3, 0, 4, 1, -4, 1, 5, -2, -5, -1, -5, -5, -4, 2, 1, 1, 3, -5, -1, -4, -1, -3, -1, -2, -2, 6, -1, 0, -5, -2, 3, 5, 4, -4, 2, -5, 0, -6, -1]
 
6.29691736578: [6, 3, 6, -2, -5, -2, 4, 0, -3, -6, 5, -5, 5, 0, 6, -3, 2, -6, -2, 4, -1, 4, -5, 3, -4, -1, -5, 0, -4, -6, -4, 5, 1, 5, 0, 6, -4, 4, -4, -1, 1, 0, -6, -2, 0, 4, -4, -5, -4, 2, 3, 4, -1, -4, 6, 0, 6, -5, 0, -2, -3, 6, -4, 6, -4, 6, -2, -4, -1, 3, -6, -6, -5, -5, 4, -2, 0, -1, -6, -3, 2, -1, -6, -6, 3, 6, 5, -6, -4, -3, 0, 4, 1, -4, 1, 5, -2, -5, -1, -5, -5, -4, 2, 1, 1, 3, -5, -1, -4, -1, -3, -1, -2, -2, 6, -1, 0, -5, -2, 3, 5, 4, -4, 2, -5, 0, -6, -1]
 
6.29325933696: [6, 3, 6, -2, -5, -2, 4, 0, -3, -6, 5, -5, 5, 0, 6, -3, 2, -6, -2, 4, 5, 4, -5, -1, -4, -1, -5, 0, -4, -6, -4, 5, 1, 5, 0, 6, -4, 4, -4, -1, 1, 0, -6, -2, 0, 4, -4, -5, -4, 2, 3, 4, -1, -4, 6, 0, 6, -5, 0, -2, -3, 6, -4, 6, -4, 6, -2, -4, -1, 3, -6, -6, -5, -5, 4, -2, 0, -1, -6, -3, 2, -1, -6, -6, 3, 6, 5, -6, -4, -3, 0, 4, 1, -4, 1, 5, -2, -5, -1, -5, -5, -4, 2, 1, 1, 3, -5, -1, -4, -1, -3, -1, -2, -2, 6, -1, 0, -5, -2, 3, 5, 4, -4, 2, -5, 0, -6, -1]
 
0.770345575663: [2, 3, 6, -2, -5, -2, 4, 0, 6, -6, 5, -5, 5, -1, -6, -3, 2, -6, -3, 4, 5, -3, -5, -1, 1, -1, 6, 2, -4, -6, -4, 5, 1, 5, 0, -2, 2, -5, -4, -1, 1, 0, 1, -2, -5, 4, -4, -6, -4, 2, 6, -1, -1, -4, 6, 0, -1, -5, 0, -2, -4, 6, -4, 6, -4, 2, 2, -4, -1, 5, -3, -6, 5, -5, -2, 1, 2, 3, -6, -3, 3, -1, -1, -6, 3, 4, 2, 4, -4, 2, 0, 4, -2, -4, 1, 5, -2, -5, -1, 3, -4, -3, -4, 0, 2, 1, 2, -1, 1, -5, -3, -1, -2, -2, -5, 5, -4, -5, -2, 3, 5, 4, -4, 2, -5, -2, -6, -1]
 
6.2336489432: [6, 3, 6, -2, -5, -2, 4, 0, -3, -6, 5, -5, 5, 0, 6, -3, 2, -6, -2, 4, 5, 4, -5, -1, -4, -1, -5, 0, -4, -6, -4, 5, 1, 5, 0, 6, -4, 4, -4, -1, 1, 0, -6, -2, 0, 4, -4, -5, -4, 2, 3, 4, -1, -4, 6, 0, 6, -5, 0, -2, -3, 6, -4, 6, -4, 6, -2, -4, -1, 5, -1, -6, -5, -5, 4, -2, 0, -1, -6, -3, 2, -1, -6, -6, 3, 6, 5, -6, -4, -3, 0, 4, 1, -4, 1, 5, -2, -5, -1, -5, -5, -4, 2, 1, 1, 3, -5, -1, -4, -1, -3, -1, -2, -2, 6, -1, 0, -5, -2, 3, 5, 4, -4, 2, -5, 0, -6, -1]
 
6.22240295712: [6, 3, 6, -2, -5, -2, 4, 0, -3, -6, 5, -5, 5, 0, 6, -3, 2, -6, -2, 4, -1, 4, -5, 3, -4, -1, -5, 0, -4, -6, -4, 5, 1, 5, 0, 6, -4, 4, -4, -1, 1, 0, -6, -2, 0, 4, -4, -5, -4, 2, 3, 4, -1, -4, 6, 0, 6, -5, 0, -2, -3, 6, -4, 6, -4, 6, -2, -4, -1, 3, -6, -6, -5, -5, 4, -2, 0, -1, -6, -3, 2, -1, -6, -6, 3, 6, 5, -6, -4, -3, 0, 4, 1, -4, 1, 5, -2, -5, -1, -5, -5, -4, 2, 1, 1, 3, -5, -1, -4, -1, -3, -1, -2, -2, 6, -1, 0, -5, -2, 3, 5, 4, -4, 2, -5, 0, -6, -1]
 
6.220500806: [6, 3, 6, -2, -5, -2, 4, 0, -3, -6, 5, -5, 5, 0, 6, -3, 2, -6, -2, 4, 5, 4, -5, -1, -4, -1, -5, 0, -4, -6, -4, 5, 1, 5, 0, 6, -4, 4, -4, -1, 1, 0, -6, -2, 0, 4, -4, -5, -4, 2, 3, 4, -1, -4, 6, 0, 6, -5, 0, -2, -3, 6, -4, 6, -4, 6, -2, -4, -1, 5, -1, -6, -5, -5, 4, -2, 0, -1, -6, -3, 2, -1, -6, -6, 3, 6, 5, -6, -4, -3, 0, 4, 1, -4, 1, 5, -2, -5, -1, -5, -5, -4, 2, 1, 1, 3, -5, -1, -4, -1, -3, -1, -2, -2, 6, -1, 0, -5, -2, 3, 5, 4, -4, 2, -5, 0, -6, -1]
 
0.867814010451: [-3, 3, -4, -2, -5, 4, 5, 0, -3, -6, 5, -5, 5, 0, 6, 0, 2, 0, -2, 4, -1, 4, -5, 1, -4, -1, -5, 0, 0, -5, -4, 3, 1, 5, 0, 6, 6, 0, -1, -1, -5, 1, -6, -6, 2, 4, -4, -5, -4, 2, 5, -5, -1, 4, -4, -1, 6, -5, 0, 5, 1, 6, -3, -5, -4, -4, -2, -4, -1, 5, 3, -1, -5, -5, 4, -2, 0, -1, -6, -3, 2, 1, -6, -6, 3, 6, 5, -1, -4, -3, -6, -2, 1, -4, 1, 5, -2, -6, -1, 4, 6, -4, 2, -2, 4, 3, -5, 2, -6, -1, -3, 4, -2, 0, 6, -1, 6, -5, 5, 3, 5, -1, -6, 2, -3, -2, -3, 1]
 
6.19618864164: [6, 3, 6, -2, -5, -2, 4, 0, -3, -6, 5, -5, 5, 0, 6, -3, 2, -6, -2, 4, 5, 4, -5, -1, -4, -1, -5, 0, -4, -6, -4, 5, 1, 5, 0, 6, -4, 4, -4, -1, 1, 0, -6, -2, 0, 4, -4, -5, -4, 2, 3, 4, -1, -4, 6, 0, 6, -5, 0, -2, -3, 6, -4, 6, -4, 6, -2, -4, -1, 5, -1, -6, -5, -5, 4, -2, 0, -1, -6, -3, 2, -1, -6, -6, 3, 6, 5, -6, -4, -3, 0, 4, 1, -4, 1, 5, -2, -5, -1, -5, -5, -4, 2, 1, 1, 3, -5, -1, -4, -1, -3, -1, -2, -2, 6, -1, 0, -5, -2, 3, 5, 4, -4, 2, -5, 0, -6, -1]
 
6.19474777201: [6, 3, 6, -2, -5, -2, 4, 0, -3, -6, 5, -5, 5, 0, 6, -3, 2, -6, -2, 4, 5, 4, -5, -1, -4, -1, -5, 0, -4, -6, -4, 5, 1, 5, 0, 6, -4, 4, -4, -1, 1, 0, -6, -2, 0, 4, -4, -5, -4, 2, 3, 4, -1, -4, 6, 0, 6, -5, 0, -2, -3, 6, -4, 6, -4, 6, -2, -4, -1, 3, -6, -6, -5, -5, 4, -2, 0, -1, -6, -3, 2, -1, -6, -6, 3, 6, 5, -6, -4, -3, 0, 4, 1, -4, 1, 5, -2, -5, -1, -5, -5, -4, 2, 1, 1, 3, -5, -1, -4, -1, -3, -1, -2, -2, 6, -1, 0, -5, -2, 3, 5, 4, -4, 2, -5, 0, -6, -1]
 
6.18984562417: [6, 3, 6, -2, -5, -2, 4, 0, -3, -6, 5, -5, 5, 0, 6, -3, 2, -6, -2, 4, 5, 4, -5, -1, -4, -1, -5, 0, -4, -6, -4, 5, 1, 5, 0, 6, -4, 4, -4, -1, 1, 0, -6, -2, 0, 4, -4, -5, -4, 2, 3, 4, -1, -4, 6, 0, 6, -5, 0, -2, -3, 6, -4, 6, -4, 6, -2, -4, -1, 3, -6, -6, -5, -5, 4, -2, 0, -1, -6, -3, 2, -1, -6, -6, 3, 6, 5, -6, -4, -3, 0, 4, 1, -4, 1, 5, -2, -5, -1, -5, -5, -4, 2, 1, 1, 3, -5, -1, -4, -1, -3, -1, -2, -2, 6, -1, 0, -5, -2, 3, 5, 4, -4, 2, -5, 0, -6, -1]
 
6.18775871264: [6, 3, 6, -2, -5, -2, 4, 0, -3, -6, 5, -5, 5, 0, 6, -3, 2, -6, -2, 4, -1, 4, -5, 3, -4, -1, -5, 0, -4, -6, -4, 5, 1, 5, 0, 6, -4, 4, -4, -1, 1, 0, -6, -2, 0, 4, -4, -5, -4, 2, 3, 4, -1, -4, 6, 0, 6, 4, -3, -3, -3, 3, 1, 6, -4, 6, -2, -4, -1, 3, -6, -6, -5, -5, 4, -2, 0, -1, -6, -3, 2, -1, -6, -6, 3, 6, 5, -6, -4, -3, 0, 4, 1, -4, 1, 5, -2, -5, -1, -5, -5, -4, 2, 1, 1, 3, -5, -1, -4, -1, -3, -1, -2, -2, 6, -1, 0, -5, -2, 3, 5, 4, -4, 2, -5, 0, -6, -1]
 
6.17555807282: [6, 3, 6, -2, -5, -2, 4, 0, -3, -6, 5, -5, 5, 0, 6, -3, 2, -6, -2, 4, 5, 4, -5, -1, -4, -1, -5, 0, -4, -6, -4, 5, 1, 5, 0, 6, -4, 4, -4, -1, 1, 0, -6, -2, 0, 4, -4, -5, -4, 2, 3, 4, -1, -4, 6, 0, 6, -5, 0, -2, -3, 6, -4, 6, -4, 6, -2, -4, -1, 3, -6, -6, -5, -5, 4, -2, 0, -1, -6, -3, 2, -1, -6, -6, 3, 6, 5, -6, -4, -3, 0, 4, 1, -4, 1, 5, -2, -5, -1, -5, -5, -4, 2, 1, 1, 3, -5, -1, -4, -1, -3, -1, -2, -2, 6, -1, 0, -5, -2, 3, 5, 4, -4, 2, -5, 0, -6, -1]
 
6.16564557531: [6, 3, 6, -2, -5, -2, 4, 0, -3, -6, 5, -5, 5, 0, 6, -3, 2, -6, -2, 4, -1, 4, -5, 3, -4, -1, -5, 0, -4, -6, -4, 5, 1, 5, 0, 6, -4, 4, -4, -1, 1, 0, -6, -2, 0, 4, -4, -5, -4, 2, 3, 4, -1, -4, 6, 0, 6, -5, 0, -2, -3, 6, -4, 6, -4, 6, -2, -4, -1, 5, -1, -6, -5, -5, 4, -2, 0, -1, -6, -3, 2, -1, -6, -6, 3, 6, 5, -6, -4, -3, 0, 4, 1, -4, 1, 5, -2, -5, -1, -5, -5, -4, 2, 1, 1, 3, -5, -1, -4, -1, -3, -1, -2, -2, 6, -1, 0, -5, -2, 3, 5, 4, -4, 2, -5, 0, -6, -1]
 
2.38147121734: [6, -6, 6, -1, -5, -3, 4, -4, -3, -6, 5, -5, 1, 0, 6, -3, 2, -6, 0, 4, -1, 3, -2, -3, 2, -1, -4, 3, -4, -3, -4, 5, 1, 5, 3, 6, -4, 4, -4, -1, 1, 0, -6, -2, 0, 4, -4, -5, -4, 2, 2, 4, -1, -4, 6, 5, 6, -5, -1, -5, 3, 6, -4, 6, -2, 6, -2, 5, -1, -4, -6, -2, -5, 4, 4, 4, -2, -5, -6, -3, 2, -1, -6, -6, 3, 6, 5, -6, -4, -3, 1, 5, 1, -3, 1, 5, -2, -5, -1, -5, -5, -4, 2, 1, 5, 6, 2, 4, 5, -1, 5, 2, -5, 6, 6, -1, 0, -5, -2, 4, 2, 4, -4, 6, 5, -1, -6, -1]
 
6.1512119726: [6, 3, 6, -2, -5, -2, 4, 0, -3, -6, 5, -5, 5, 0, 6, -3, 2, -6, -2, 4, 5, 4, -5, -1, -4, -1, -5, 0, -4, -6, -4, 5, 1, 5, 0, 6, -4, 4, -4, -1, 1, 0, -6, -2, 0, 4, -4, -5, -4, 2, 3, 4, -1, -4, 6, 0, 6, -5, 0, -2, -3, 6, -4, 6, -4, 6, -2, -4, -1, 3, -6, -6, -5, -5, 4, -2, 0, -1, -6, -3, 2, -1, -6, -6, 3, 6, 5, -6, -4, -3, 0, 4, 1, -4, 1, 5, -2, -5, -1, -5, -5, -4, 2, 1, 1, 3, -5, -1, -4, -1, -3, -1, -2, -2, 6, -1, 0, -5, -2, 3, 5, 4, -4, 2, -5, 0, -6, -1]
 
6.14714507471: [6, 3, 6, -2, -5, -2, 4, 0, -3, -6, 5, -5, 5, 0, 6, -3, 2, -6, -2, 4, 5, 4, -5, -1, -4, -1, -5, 0, -4, -6, -4, 5, 1, 5, 0, 6, -4, 4, -4, -1, 1, 0, -6, -2, 0, 4, -4, -5, -4, 2, 3, 4, -1, -4, 6, 0, 6, -5, 0, -2, -3, 6, -4, 6, -4, 6, -2, -4, -1, 3, -6, -6, -5, -5, 4, -2, 0, -1, -6, -3, 2, -1, -6, -6, 3, 6, 5, -6, -4, -3, 0, 4, 1, -4, 1, 5, -2, -5, -1, -5, -5, -4, 2, 1, 1, 3, -5, -1, -4, -1, -3, -1, -2, -2, 6, -1, 0, -5, -2, 3, 5, 4, -4, 2, -5, 0, -6, -1]
 
6.13296715159: [6, 3, 6, -2, -5, -2, 4, 0, -3, -6, 5, -5, 5, 0, 6, -3, 2, -6, -2, 4, -1, 4, -5, 3, -4, -1, -5, 0, -4, -6, -4, 5, 1, 5, 0, 6, -4, 4, -4, -1, 1, 0, -6, -2, 0, 4, -4, -5, -4, 2, 3, 4, -1, -4, 6, 0, 6, -5, 0, -2, -3, 6, -4, 6, -4, 6, -2, -4, -1, 3, -6, -6, -5, -5, 4, -2, 0, -1, -6, -3, 2, -1, -6, -6, 3, 6, 5, -6, -4, -3, 0, 4, 1, -4, 1, 5, -2, -5, -1, -5, -5, -4, 2, 1, 1, 3, -5, -1, -4, -1, -3, -1, -2, -2, 6, -1, 0, -5, -2, 3, 5, 4, -4, 2, -5, 0, -6, -1]
 
6.11770922343: [6, 3, 6, -2, -5, -2, 4, 0, -3, -6, 5, -5, 5, 0, 6, -3, 2, -6, -2, 4, -1, 4, -5, 3, -4, -1, -5, 0, -4, -6, -4, 5, 1, 5, 0, 6, -4, 4, -4, -1, 1, 0, -6, -2, 0, 4, -4, -5, -4, 2, 3, 4, -1, -4, 6, 0, 6, -5, 0, -2, -3, 6, -4, 6, -4, 6, -2, -4, -1, 3, -6, -6, -5, -5, 4, -2, 0, -1, -6, -3, 2, -1, -6, -6, 3, 6, 5, -6, -4, -3, 0, 4, 1, -4, 1, 5, -2, -5, -1, -5, -5, -4, 2, 1, 1, 3, -5, -1, -4, -1, -3, -1, -2, -2, 6, -1, 0, -5, -2, 3, 5, 4, -4, 2, -5, 0, -6, -1]
 
0.810949705777: [6, 3, 6, -2, -5, -2, 4, 0, -3, -6, -4, 3, 5, 0, 6, -3, 2, -6, 5, 4, 2, 4, -5, 3, -4, -1, -5, 3, -5, -6, -4, -4, 1, 5, 0, 6, 6, 4, 5, -1, -5, 0, 4, -2, 0, 4, -4, -5, 2, 2, 3, -6, 0, -4, -6, 0, 6, -5, 0, -2, 1, -4, -4, 6, 0, 6, -2, -4, 2, 3, -6, 4, -5, 2, 4, 2, 4, -1, -2, 6, 1, -1, -6, -1, 3, -6, 5, -6, -4, 4, 0, -1, 1, -4, 5, 6, -2, -3, -4, -5, -5, 4, 2, 1, 1, 3, 6, -6, -4, -1, -1, -1, -2, 6, 6, -1, 0, -5, -2, 3, -3, 4, -4, -2, -5, -4, -6, -1]
 
6.09241487846: [6, 3, 6, -2, -5, -2, 4, 0, -3, -6, 5, -5, 5, 0, 6, -3, 2, -6, -2, 4, 5, 4, -5, -1, -4, -1, -5, 0, -4, -6, -4, 5, 1, 5, 0, 6, -4, 4, -4, -1, 1, 0, -6, -2, 0, 4, -4, -5, -4, 2, 3, 4, -1, -4, 6, 0, 6, -5, 0, -2, -3, 6, -4, 6, -4, 6, -2, -4, -1, 3, -6, -6, -5, -5, 4, -2, 0, -1, -6, -3, 2, -1, -6, -6, 3, 6, 5, -6, -4, -3, 0, 4, 1, -4, 1, 5, -2, -5, -1, -5, -5, -4, 2, 1, 1, 3, -5, -1, -4, -1, -3, -1, -2, -2, 6, -1, 0, -5, -2, 3, 5, 4, -4, 2, -5, 0, -6, -1]
 
6.08337520532: [6, 3, 6, -2, -5, -2, 4, 0, -3, -6, 5, -5, 5, 0, 6, -3, 2, -6, -2, 4, 5, 4, -5, -1, -4, -1, -5, 0, -4, -6, -4, 5, 1, 5, 0, 6, -4, 4, -4, -1, 1, 0, -6, -2, 0, 4, -4, -5, -4, 2, 3, 4, -1, -4, 6, 0, 6, -5, 0, -2, -3, 6, -4, 6, -4, 6, -2, -4, -1, 3, -6, -6, -5, -5, 4, -2, 0, -1, -6, -3, 2, -1, -6, -6, 3, 6, 5, -6, -4, -3, 0, 4, 1, -4, 1, 5, -2, -5, -1, -5, -5, -4, 2, 1, 1, 3, -5, -1, -4, -1, -3, -1, -2, -2, 6, -1, 0, -5, -2, 3, 5, 4, -4, 2, -5, 0, -6, -1]
 
3.03025353939: [2, 0, 6, -2, 2, -2, 4, 0, -3, -6, 5, -3, 4, -2, -4, -3, 2, -6, 3, 4, 0, -6, -4, 3, -4, 6, -5, 4, -6, -3, -4, 5, -5, 5, 0, 5, 0, 1, -4, -1, 1, 0, -6, -2, -3, 4, -4, -5, -2, 2, 3, 4, -1, -1, 0, 0, 6, -6, 0, -2, 3, 6, -4, 6, 6, 0, 5, -4, -1, 5, 2, -6, -5, -5, 4, -3, -1, -2, -6, -3, 2, 5, -6, 0, 3, 3, 5, -6, 4, -3, 0, -1, 1, -4, 1, 5, -5, -5, -1, -5, -5, -4, 2, 1, 1, 3, -5, -2, -2, -5, -3, 5, -2, -2, 6, 2, -1, -5, 0, 3, 5, 6, -4, 2, -5, -6, -6, -1]
 
6.06593992571: [6, 3, 6, -2, -5, -2, 4, 0, -3, -6, 5, -5, 5, 0, 6, -3, 2, -6, -2, 4, -1, 4, -5, 3, -4, -1, -5, 0, -4, -6, -4, 5, 1, 5, 0, 6, -4, 4, -4, -1, 1, 0, -6, -2, 0, 4, -4, -5, -4, 2, 3, 4, -1, -4, 6, 0, 6, 4, -3, -3, -3, 3, 1, 6, -4, 6, -2, -4, -1, 3, -6, -6, -5, -5, 4, -2, 0, -1, -6, -3, 2, -1, -6, -6, 3, 6, 5, -6, -4, -3, 0, 4, 1, -4, 1, 5, -2, -5, -1, -5, -5, -4, 2, 1, 1, 3, -5, -1, -4, -1, -3, -1, -2, -2, 6, -1, 0, -5, -2, 3, 5, 4, -4, 2, -5, 0, -6, -1]
 
6.36118222453: [6, 3, 6, -2, -5, -2, 4, 0, -3, -6, 5, -5, 5, 0, 6, -3, 2, -6, -2, 4, 5, 4, -5, -1, -4, -1, -5, 0, -4, -6, -4, 5, 1, 5, 0, 6, -4, 4, -4, -1, 1, 0, -6, -2, 0, 4, -4, -5, -4, 2, 3, 4, -1, -4, 6, 0, 6, -5, 0, -2, -3, 6, -4, 6, -4, 6, -2, -4, -1, 3, -6, -6, -5, -5, 4, -2, 0, -1, -6, -3, 2, -1, -6, -6, 3, 6, 5, -6, -4, -3, 0, 4, 1, -4, 1, 5, -2, -5, -1, -5, -5, -4, 2, 1, 1, 3, -5, -1, -4, -1, -3, -1, -2, -2, 6, -1, 0, -5, -2, 3, 5, 4, -4, 2, -5, 0, -6, -1]
 
6.64006533621: [6, 3, 6, -2, -5, -2, 4, 0, -3, -6, 5, -5, 5, 0, 6, -3, 2, -6, -2, 4, 5, 4, -5, -1, -4, -1, -5, 0, -4, -6, -4, 5, 1, 5, 0, 6, -4, 4, -4, -1, 1, 0, -6, -2, 0, 4, -4, -5, -4, 2, 3, 4, -1, -4, 6, 0, 6, -5, 0, -2, -3, 6, -4, 6, -4, 6, -2, -4, -1, 3, -6, -6, -5, -5, 4, -2, 0, -1, -6, -3, 2, -1, -6, -6, 3, 6, 5, -6, -4, -3, 0, 4, 1, -4, 1, 5, -2, -5, -1, -5, -5, -4, 2, 1, 1, 3, -5, -1, -4, -1, -3, -1, -2, -2, 6, -1, 0, -5, -2, 3, 5, 4, -4, 2, -5, 0, -6, -1]
 
6.48198978912: [6, 3, 6, -2, -5, -2, 4, 0, -3, -6, 5, -5, 5, 0, 6, -3, 2, -6, -2, 4, -1, 4, -5, 3, -4, -1, -5, 0, -4, -6, -4, 5, 1, 5, 0, 6, -4, 4, -4, -1, 1, 0, -6, -2, 0, 4, -4, -5, -4, 2, 3, 4, -1, -4, 6, 0, 6, -5, 0, -2, -3, 6, -4, 6, -4, 6, -2, -4, -1, 3, -6, -6, -5, -5, 4, -2, 0, -1, -6, -3, 2, -1, -6, -6, 3, 6, 5, -6, -4, -3, 0, 4, 1, -4, 1, 5, -2, -5, -1, -5, -5, -4, 2, 1, 1, 3, -5, -1, -4, -1, -3, -1, -2, -2, 6, -1, 0, -5, -2, 3, 5, 4, -4, 2, -5, 0, -6, -1]
 
6.33886652625: [6, 3, 6, -2, -5, -2, 4, 0, -3, -6, 5, -5, 5, 0, 6, -3, 2, -6, -2, 4, -1, 4, -5, 3, -4, -1, -5, 0, -4, -6, -4, 5, 1, 5, 0, 6, -4, 4, -4, -1, 1, 0, -6, -2, 0, 4, -4, -5, -4, 2, 3, 4, -1, -4, 6, 0, 6, -5, 0, -2, -3, 6, -4, 6, -4, 6, -2, -4, -1, 5, -1, -6, -5, -5, 4, -2, 0, -1, -6, -3, 2, -1, -6, -6, 3, 6, 5, -6, -4, -3, 0, 4, 1, -4, 1, 5, -2, -5, -1, -5, -5, -4, 2, 1, 1, 3, -5, -1, -4, -1, -3, -1, -2, -2, 6, -1, 0, -5, -2, 3, 5, 4, -4, 2, -5, 0, -6, -1]
 
6.15984123231: [6, 3, 6, -2, -5, -2, 4, 0, -3, -6, 5, -5, 5, 0, 6, -3, 2, -6, -2, 4, 5, 4, -5, -1, -4, -1, -5, 0, -4, -6, -4, 5, 1, 5, 0, 6, -4, 4, -4, -1, 1, 0, -6, -2, 0, 4, -4, -5, -4, 2, 3, 4, -1, -4, 6, 0, 6, -5, 0, -2, -3, 6, -4, 6, -4, 6, -2, -4, -1, 3, -6, -6, -5, -5, 4, -2, 0, -1, -6, -3, 2, -1, -6, -6, 3, 6, 5, -6, -4, -3, 0, 4, 1, -4, 1, 5, -2, -5, -1, -5, -5, -4, 2, 1, 1, 3, -5, -1, -4, -1, -3, -1, -2, -2, 6, -1, 0, -5, -2, 3, 5, 4, -4, 2, -5, 0, -6, -1]
 
6.20270788013: [6, 3, 6, -2, -5, -2, 4, 0, -3, -6, 5, -5, 5, 0, 6, -3, 2, -6, -2, 4, -1, 4, -5, -1, -4, -1, -5, 0, -4, -6, -4, 5, 1, 5, 0, 6, -4, 4, -4, -1, 1, 0, -6, -2, 0, 4, -4, -5, -4, 2, 3, 4, -1, -4, 6, 0, 6, -5, 0, -2, -3, 6, -4, 6, -4, 6, -2, -4, -1, 3, -6, -6, -5, -5, 4, -2, 0, -1, -6, -3, 2, -1, -6, -6, 3, 6, 5, -6, -4, -3, 0, 4, 1, -4, 1, 5, -2, -5, -1, -5, -5, -4, 2, 1, 1, 3, -5, -1, -4, -1, -3, -1, -2, -2, 6, -1, 0, -5, -2, 3, 5, 4, -4, 2, -5, 0, -6, -1]
 
6.48029058616: [6, 3, 6, -2, -5, -2, 4, 0, -3, -6, 5, -5, 5, 0, 6, -3, 2, -6, -2, 4, 5, 4, -5, -1, -4, -1, -5, 0, -4, -6, -4, 5, 1, 5, 0, 6, -4, 4, -4, -1, 1, 0, -6, -2, 0, 4, -4, -5, -4, 2, 3, 4, -1, -4, 6, 0, 6, -5, 0, -2, -3, 6, -4, 6, -4, 6, -2, -4, -1, 3, -6, -6, -5, -5, 4, -2, 0, -1, -6, -3, 2, -1, -6, -6, 3, 6, 5, -6, -4, -3, 0, 4, 1, -4, 1, 5, -2, -5, -1, -5, -5, -4, 2, 1, 1, 3, -5, -1, -4, -1, -3, -1, -2, -2, 6, -1, 0, -5, -2, 3, 5, 4, -4, 2, -5, 0, -6, -1]
 
6.44240017366: [6, 3, 6, -2, -5, -2, 4, 0, -3, -6, 5, -5, 5, 0, 6, -3, 2, -6, -2, 4, -1, 4, -5, 3, -4, -1, -5, 0, -4, -6, -4, 5, 1, 5, 0, 6, -4, 4, -4, -1, 1, 0, -6, -2, 0, 4, -4, -5, -4, 2, 3, 4, -1, -4, 6, 0, 6, -5, 0, -2, -3, 6, -4, 6, -4, 6, -2, -4, -1, 3, -6, -6, -5, -5, 4, -2, 0, -1, -6, -3, 2, -1, -6, -6, 3, 6, 5, -6, -4, -3, 0, 4, 1, -4, 1, 5, -2, -5, -1, -5, -5, -4, 2, 1, 1, 3, -5, -1, -4, -1, -3, -1, -2, -2, 6, -1, 0, -5, -2, 3, 5, 4, -4, 2, -5, 0, -6, -1]
 
5.4892460634: [6, 3, 6, -2, -5, -2, 4, 0, -3, -6, 5, -5, 5, 0, 6, -3, 2, -6, -2, 4, 5, 4, -5, -1, -4, -1, -5, 0, -4, -6, -4, 5, 1, 5, 0, 6, -4, 4, -4, -1, 1, 0, -6, -2, 0, 4, -4, -5, -4, 2, 3, 4, -1, -4, 6, 0, 6, -5, 0, -2, -3, 6, -4, 6, -4, 6, -2, -4, -1, 3, -6, -6, -5, -5, 4, -2, 0, -1, -6, -3, 2, -1, -6, -6, 3, 6, 5, -6, -4, -3, 0, 4, 1, -4, 1, 5, -2, -5, -1, -5, -5, -4, 2, 1, 1, 3, -5, -1, -4, -1, -3, -1, -2, -2, 6, -1, 0, -5, -2, 3, 5, 4, -4, 2, -5, 0, -6, -1]
 
6.52810617602: [6, 3, 6, -2, -5, -2, 4, 0, -3, -6, 5, -5, 5, 0, 6, -3, 2, -6, -2, 4, 5, 4, -5, -1, -4, -1, -5, 0, -4, -6, -4, 5, 1, 5, 0, 6, -4, 4, -4, -1, 1, 0, -6, -2, 0, 4, -4, -5, -4, 2, 3, 4, -1, -4, 6, 0, 6, -5, 0, -2, -3, 6, -4, 6, -4, 6, -2, -4, -1, 3, -6, -6, -5, -5, 4, -2, 0, -1, -6, -3, 2, -1, -6, -6, 3, 6, 5, -6, -4, -3, 0, 4, 1, -4, 1, 5, -2, -5, -1, -5, -5, -4, 2, 1, 1, 3, -5, -1, -4, -1, -3, -1, -2, -2, 6, -1, 0, -5, -2, 3, 5, 4, -4, 2, -5, 0, -6, -1]
 
0.824298724171: [6, 3, 6, -4, -5, -2, -1, 0, -4, -6, -5, -5, 4, 0, 2, 4, 2, -6, 1, 4, 5, -4, -5, -1, -4, -1, -5, -5, 5, -6, -4, 5, -4, 5, 0, 6, -4, 4, -4, -1, 1, 0, -6, -2, 0, 4, 4, -1, -4, 5, 3, 4, -1, -1, 6, 0, 0, -5, 5, 2, -3, 6, -4, -1, 2, -5, -3, 6, -1, 4, 3, -3, -5, -5, 4, 6, 0, -1, -6, -3, -3, -3, 4, -3, 3, -1, -2, 5, -4, -3, 0, 4, 1, -6, 3, 5, 2, -5, -1, -5, -5, -3, 2, 1, 1, 0, 4, -1, -4, -1, 3, 0, 3, -2, -3, -1, 0, 5, -2, 3, -6, 4, -4, 2, -5, 0, -6, -1]
 
5.90201539831: [6, 3, 6, -2, -5, -2, 4, 0, -3, -6, 5, -5, 5, 0, 6, -3, 2, -6, -2, 4, 5, 4, -5, -1, -4, -1, -5, 0, -4, -6, -4, 5, 1, 5, 0, 6, -4, 4, -4, -1, 1, 0, -6, -2, 0, 4, -4, -5, -4, 2, 3, 4, -1, -4, 6, 0, 6, -5, 0, -2, -3, 6, -4, 6, -4, 6, -2, -4, -1, 3, -6, -6, -5, -5, 4, -2, 0, -1, -6, -3, 2, -1, -6, -6, 3, 6, 5, -6, -4, -3, 0, 4, 1, -4, 1, 5, -2, -5, -1, -5, -5, -4, 2, 1, 1, 3, -5, -1, -4, -1, -3, -1, -2, -2, 6, -1, 0, -5, -2, 3, 5, 4, -4, 2, -5, 0, -6, -1]
 
5.96936981683: [6, 3, 6, -2, -5, -2, 4, 0, -3, -6, 5, -5, 5, 0, 6, -3, 2, -6, -2, 4, 5, 4, -5, -1, -4, -1, -5, 0, -4, -6, -4, 5, 1, 5, 0, 6, -4, 4, -4, -1, 1, 0, -6, -2, 0, 4, -4, -5, -4, 2, 3, 4, -1, -4, 6, 0, 6, -5, 0, -2, -3, 6, -4, 6, -4, 6, -2, -4, -1, 3, -6, -6, -5, -5, 4, -2, 0, -1, -6, -3, 2, -1, -6, -6, 3, 6, 5, -6, -4, -3, 0, 4, 1, -4, 1, 5, -2, -5, -1, -5, -5, -4, 2, 1, 1, 3, -5, -1, -4, -1, -3, -1, -2, -2, 6, -1, 0, -5, -2, 3, 5, 4, -4, 2, -5, 0, -6, -1]
 
5.85228450191: [6, 3, 6, -2, -5, -2, 4, 0, -3, -6, 5, -5, 5, 0, 6, -3, 2, -6, -2, 4, 5, 4, -5, -1, -4, -1, -5, 0, -4, -6, -4, 5, 1, 5, 0, 6, -4, 4, -4, -1, 1, 0, -6, -2, 0, 4, -4, -5, -4, 2, 3, 4, -1, -4, 6, 0, 6, -5, 0, -2, -3, 6, -4, 6, -4, 6, -2, -4, -1, 3, -6, -6, -5, -5, 4, -2, 0, -1, -6, -3, 2, -1, -6, -6, 3, 6, 5, -6, -4, -3, 0, 4, 1, -4, 1, 5, -2, -5, -1, -5, -5, -4, 2, 1, 1, 3, -5, -1, -4, -1, -3, -1, -2, -2, 6, -1, 0, -5, -2, 3, 5, 4, -4, 2, -5, 0, -6, -1]
 
1.45389878916: [6, 3, -2, -2, 0, -3, -1, -3, -3, -3, 4, -3, 0, -1, 6, -3, 0, -3, 5, -2, -1, 4, -5, 4, 4, -1, -4, 0, -4, -5, -4, 0, -4, 5, 1, -4, -3, 4, -4, -1, 1, -2, 2, -2, 0, -1, 4, -1, -2, -4, 3, -1, -1, 4, -2, 4, 5, 4, 0, 1, -3, 6, -4, 6, 2, -3, 3, 6, -5, -6, -1, -1, 1, -5, 4, -2, 5, -4, -5, 6, 2, -1, -6, 0, 3, 2, -4, -6, 0, -3, 0, 4, 1, 6, 1, 5, 2, -1, 6, -1, -1, -4, -2, -5, -1, -2, -4, -1, -4, 2, -5, -1, -2, -5, 6, -5, -6, 3, -6, 2, 6, 4, -1, 6, -1, 5, -6, 5]
 
6.37382298423: [6, 3, 6, -2, -5, -2, 4, 0, -3, -6, 5, -5, 5, 0, 6, -3, 2, -6, -2, 4, -1, 4, -5, -1, -4, -1, -5, 0, -4, -6, -4, 5, 1, 5, 0, 6, -4, 4, -4, -1, 1, 0, -6, -2, 0, 4, -4, -5, -4, 2, 3, 4, -1, -4, 6, 0, 6, -5, 0, -2, -3, 6, -4, 6, -4, 6, -2, -4, -1, 3, -6, -6, -5, -5, 4, -2, 0, -1, -6, -3, 2, -1, -6, -6, 3, 6, 5, -6, -4, -3, 0, 4, 1, -4, 1, 5, -2, -5, -1, -5, -5, -4, 2, 1, 1, 3, -5, -1, -4, -1, -3, -1, -2, -2, 6, -1, 0, -5, -2, 3, 5, 4, -4, 2, -5, 0, -6, -1]
 
1.62403007085: [5, 3, -6, 0, -5, -2, -4, 0, 6, 2, 3, -5, 5, 0, -3, 3, 2, -6, -2, 4, 5, 4, -5, -1, -4, 2, -5, 0, -1, -6, -4, -1, 1, 5, 0, 6, 5, 1, 1, -1, -4, 1, -6, -4, 0, 4, -4, -4, 2, 2, 3, -6, -2, 1, 6, -5, 6, -1, -6, -2, -3, 6, -4, 6, 1, -1, 0, -4, -1, -1, -5, -6, 5, -5, 4, -2, 0, -4, -3, -3, 2, -5, -6, -6, 3, 3, 5, -6, 1, -3, 6, -4, 3, -4, 1, 5, 3, -5, -1, -5, -5, -4, 2, -3, -6, 3, -5, -4, -4, -1, -2, -2, -2, -2, 6, -1, 0, -5, -2, 3, -1, 4, -4, 2, -5, 4, -6, -1]
 
0.419578156735: [-3, -2, -3, -4, -5, -6, 1, 0, -6, -4, 2, -5, -4, 4, 6, -3, 2, -6, 2, 4, -1, 5, 1, 1, 3, -1, 2, 3, 4, 3, 5, 5, 1, 0, 1, -5, -5, 6, -4, -1, -5, 0, 3, -2, 5, -5, -4, -5, 5, 5, 6, 4, -1, -3, 2, 3, 6, 1, -4, -2, -1, -2, -6, 5, 2, 6, -2, -6, -2, 3, -6, -6, 3, 1, -4, -2, 1, -6, -6, -3, 5, 2, -2, -6, 3, 6, 5, 6, 1, 4, 0, -1, -2, -4, 2, 0, -2, -5, -2, 1, -1, -4, 2, 1, 1, 3, 0, 2, -6, -1, 6, -1, -1, -2, -2, -6, 0, -5, -6, 1, 5, 4, 2, 3, -6, 2, 4, -1]
 
6.14937808472: [6, 3, 6, -2, -5, -2, 4, 0, -3, -6, 5, -5, 5, 0, 6, -3, 2, -6, -2, 4, 5, 4, -5, -1, -4, -1, -5, 0, -4, -6, -4, 5, 1, 5, 0, 6, -4, 4, -4, -1, 1, 0, -6, -2, 0, 4, -4, -5, -4, 2, 3, 4, -1, -4, 6, 0, 6, -5, 0, -2, -3, 6, -4, 6, -4, 6, -2, -4, -1, 3, -6, -6, -5, -5, 4, -2, 0, -1, -6, -3, 2, -1, -6, -6, 3, 6, 5, -6, -4, -3, 0, 4, 1, -4, 1, 5, -2, -5, -1, -5, -5, -4, 2, 1, 1, 3, -5, -1, -4, -1, -3, -1, -2, -2, 6, -1, 0, -5, -2, 3, 5, 4, -4, 2, -5, 0, -6, -1]
 
0.807451945684: [6, -4, 6, -2, -5, -2, -3, 0, -3, 4, 5, -2, 5, 4, 6, -3, 2, -6, -4, -2, -1, 4, -5, 3, 5, -1, -5, 0, -4, -1, -4, 5, 6, 5, 2, 5, 0, 4, -4, -1, -3, 0, -6, -2, -2, -1, 4, -5, -4, 2, 3, 4, -1, 4, 6, 0, -1, -1, 0, 6, -3, 6, -4, 6, 0, 2, -2, 6, 3, 3, -6, -6, -5, -5, -4, -2, 0, -1, 1, -3, -1, -1, -6, -5, 3, 6, 5, -6, -4, -3, 0, -1, -4, 6, 3, 5, 3, 6, -1, 1, -2, 6, 4, 1, 1, 3, -5, -1, 2, 3, -3, -1, -2, -2, 2, -6, 0, -6, 5, 3, 5, 4, -6, 2, -1, 0, -6, -1]
 
5.82135755199: [6, 3, 6, -2, -5, -2, 4, 0, -3, -6, 5, -5, 5, 0, 6, -3, 2, -6, -2, 4, -1, 4, -5, 3, -4, -1, -5, 0, -4, -6, -4, 5, 1, 5, 0, 6, -4, 4, -4, -1, 1, 0, -6, -2, 0, 4, -4, -5, -4, 2, 3, 4, -1, -4, 6, 0, 6, -5, 0, -2, -3, 6, -4, 6, -4, 6, -2, -4, -1, 3, -6, -6, -5, -5, 4, -2, 0, -1, -6, -3, 2, -1, -6, -6, 3, 6, 5, -6, -4, -3, 0, 4, 1, -4, 1, 5, -2, -5, -1, -5, -5, -4, 2, 1, 1, 3, -5, -1, -4, -1, -3, -1, -2, -2, 6, -1, 0, -5, -2, 3, 5, 4, -4, 2, -5, 0, -6, -1]
 
6.43948359451: [6, 3, 6, -2, -5, -2, 4, 0, -3, -6, 5, -5, 5, 0, 6, -3, 2, -6, -2, 4, 5, 4, -5, -1, -4, -1, -5, 0, -4, -6, -4, 5, 1, 5, 0, 6, -4, 4, -4, -1, 1, 0, -6, -2, 0, 4, -4, -5, -4, 2, 3, 4, -1, -4, 6, 0, 6, -5, 0, -2, -3, 6, -4, 6, -4, 6, -2, -4, -1, 3, -6, -6, -5, -5, 4, -2, 0, -1, -6, -3, 2, -1, -6, -6, 3, 6, 5, -6, -4, -3, 0, 4, 1, -4, 1, 5, -2, -5, -1, -5, -5, -4, 2, 1, 1, 3, -5, -1, -4, -1, -3, -1, -2, -2, 6, -1, 0, -5, -2, 3, 5, 4, -4, 2, -5, 0, -6, -1]
 
6.16602066103: [6, 3, 6, -2, -5, -2, 4, 0, -3, -6, 5, -5, 5, 0, 6, -3, 2, -6, -2, 4, 5, 4, -5, -1, -4, -1, -5, 0, -4, -6, -4, 5, 1, 5, 0, 6, -4, 4, -4, -1, 1, 0, -6, -2, 0, 4, -4, -5, -4, 2, 3, 4, -1, -4, 6, 0, 6, -5, 0, -2, -3, 6, -4, 6, -4, 6, -2, -4, -1, 5, -1, -6, -5, -5, 4, -2, 0, -1, -6, -3, 2, -1, -6, -6, 3, 6, 5, -6, -4, -3, 0, 4, 1, -4, 1, 5, -2, -5, -1, -5, -5, -4, 2, 1, 1, 3, -5, -1, -4, -1, -3, -1, -2, -2, 6, -1, 0, -5, -2, 3, 5, 4, -4, 2, -5, 0, -6, -1]
 
6.44606800492: [6, 3, 6, -2, -5, -2, 4, 0, -3, -6, 5, -5, 5, 0, 6, -3, 2, -6, -2, 4, -1, 4, -5, 3, -4, -1, -5, 0, -4, -6, -4, 5, 1, 5, 0, 6, -4, 4, -4, -1, 1, 0, -6, -2, 0, 4, -4, -5, -4, 2, 3, 4, -1, -4, 6, 0, 6, -5, 0, -2, -3, 6, -4, 6, -4, 6, -2, -4, -1, 3, -6, -6, -5, -5, 4, -2, 0, -1, -6, -3, 2, -1, -6, -6, 3, 6, 5, -6, -4, -3, 0, 4, 1, -4, 1, 5, -2, -5, -1, -5, -5, -4, 2, 1, 1, 3, -5, -1, -4, -1, -3, -1, -2, -2, 6, -1, 0, -5, -2, 3, 5, 4, -4, 2, -5, 0, -6, -1]
 
0.745329674063: [-5, 3, 4, -2, 0, 6, -1, -3, -4, -5, 5, -5, 5, 1, 6, 1, 1, -6, -1, -3, 5, 1, 0, 6, 4, 1, -5, 0, -5, 5, 0, 5, -3, 1, 1, 0, -4, 4, -4, -1, 1, 0, 6, -2, 3, 4, 5, 2, -4, 2, -1, 4, -4, -4, -3, 0, 5, 5, 0, -1, -3, 1, -6, 6, 4, -6, -2, -2, -5, 3, -1, 3, 1, 5, -6, -2, 6, -3, -4, -3, 2, -1, -6, 3, -5, 6, 5, -6, -4, -3, 5, 4, 5, 4, 1, -1, 4, -5, -5, -5, 3, -4, 6, 1, 3, 6, -5, -1, -4, 1, -3, 2, 1, -2, 6, 2, -3, -5, -5, 3, 5, 4, -4, 2, 3, 0, -3, -1]
 
5.54143757926: [6, 3, 6, -2, -5, -2, 4, 0, -3, -6, 5, -5, 5, 0, 6, -3, 2, -6, -2, 4, -1, 4, -5, 3, -4, -1, -5, 0, -4, -6, -4, 5, 1, 5, 0, 6, -4, 4, -4, -1, 1, 0, -6, -2, 0, 4, -4, -5, -4, 2, 3, 4, -1, -4, 6, 0, 6, -5, 0, -2, -3, 6, -4, 6, -4, 6, -2, -4, -1, 5, -1, -6, -5, -5, 4, -2, 0, -1, -6, -3, 2, -1, -6, -6, 3, 6, 5, -6, -4, -3, 0, 4, 1, -4, 1, 5, -2, -5, -1, -5, -5, -4, 2, 1, 1, 3, -5, -1, -4, -1, -3, -1, -2, -2, 6, -1, 0, -5, -2, 3, 5, 4, -4, 2, -5, 0, -6, -1]
 
2.9838587768: [6, -1, 6, -5, -5, -2, 4, 0, 4, -4, 5, -5, 3, 0, 6, -6, 2, -6, -2, 4, 5, 4, -5, -1, -1, 3, -5, 2, -4, -6, -4, 5, 1, 4, 0, -5, -4, 4, 1, 2, 1, 0, 6, -3, 4, 4, -4, -5, -4, -5, 3, -6, -1, -4, 6, 0, 6, -5, 0, -2, 4, 6, 5, 2, -4, -2, -1, -4, -1, 3, -6, -6, -5, 3, -4, -6, 0, -1, -3, -3, 3, -1, 0, 2, 3, 6, 5, -4, 1, -3, -2, 4, 1, 3, -3, 5, -2, -5, -1, -5, -5, -4, 2, 1, -3, -3, -5, 4, 3, 5, -3, -1, -2, -2, 6, -6, -2, 3, -2, 3, 5, 4, -3, 2, 3, 0, -6, -1]
 
6.29737186155: [6, 3, 6, -2, -5, -2, 4, 0, -3, -6, 5, -5, 5, 0, 6, -3, 2, -6, -2, 4, 5, 4, -5, -1, -4, -1, -5, 0, -4, -6, -4, 5, 1, 5, 0, 6, -4, 4, -4, -1, 1, 0, -6, -2, 0, 4, -4, -5, -4, 2, 3, 4, -1, -4, 6, 0, 6, -5, 0, -2, -3, 6, -4, 6, -4, 6, -2, -4, -1, 5, -1, -6, -5, -5, 4, -2, 0, -1, -6, -3, 2, -1, -6, -6, 3, 6, 5, -6, -4, -3, 0, 4, 1, -4, 1, 5, -2, -5, -1, -5, -5, -4, 2, 1, 1, 3, -5, -1, -4, -1, -3, -1, -2, -2, 6, -1, 0, -5, -2, 3, 5, 4, -4, 2, -5, 0, -6, -1]
 
1.48927150877: [2, -3, -3, -3, -5, -6, 5, 5, 3, -2, -4, -5, 5, -1, -1, -3, 1, -6, 4, -4, 5, -6, -4, -1, -4, -1, -5, -4, -4, 1, -4, 5, -3, 5, 0, 6, -4, 4, -1, -1, 1, 4, -6, -2, 6, 6, 1, 5, -3, 0, 5, -5, 5, -1, 6, 3, 6, -2, 6, 2, -3, 6, -4, -2, -2, -4, -2, -3, -5, 6, -6, -6, 4, 4, 4, 0, 0, 2, -5, -3, -4, 1, -6, -6, 3, 6, 5, -4, -3, -4, -3, 4, 1, 6, 1, 5, 0, 1, -1, 6, -5, 3, 6, -1, 0, 0, -5, -5, 4, -1, -3, 3, -2, -5, 6, -1, 5, -3, -2, -5, -5, 6, -6, -1, 2, 0, -2, -1]
 
1.66174843231: [6, 3, 6, -2, -5, 1, 4, 0, 6, 3, 6, -5, -4, 0, 6, -6, 2, 4, -2, -3, -1, 0, -1, 3, -4, -5, -6, 0, -3, -4, -4, 5, -1, 5, 0, 6, -4, 4, -4, 3, 1, 0, -6, -5, 0, 4, -4, -5, -4, 2, 1, 4, -1, -4, 6, 0, 6, 5, -2, -2, -3, 6, 2, -3, -4, -5, 1, -4, -1, -4, -1, -6, -5, -5, 4, -2, 1, -1, -6, 3, 3, -5, -6, -6, -2, 0, 5, -6, -1, -3, 2, 4, -6, -5, 1, 5, -2, -5, -1, -5, -5, 6, -4, -5, 1, -4, -4, 2, -4, -1, -3, -1, 4, -2, 6, -1, 1, -2, 3, 0, 5, 4, -3, 2, -5, -3, -6, -1]
 
0.688759562878: [-6, 3, 0, -1, -5, -2, 4, 0, -3, 1, 5, -2, 5, 0, 5, -3, -6, 2, 5, 4, 5, 0, 2, 5, -4, -1, -5, 0, -4, 3, -2, -5, 1, -4, 0, 2, -4, 4, 5, 4, 1, 0, 6, -5, 0, 4, -4, -5, -3, 2, -4, 4, 6, -4, -3, 0, 6, -4, 0, -2, -3, -5, -4, 6, -4, 6, -2, -4, -1, 3, -6, -6, -5, -5, 5, -2, 0, 6, -6, -3, 5, -1, 0, -6, 3, 1, 5, -6, 4, -1, 0, 4, 1, -4, 5, 6, -2, -5, -1, -5, 4, 0, 2, 1, 1, 3, -5, -6, 5, 1, -3, 6, -2, -2, 6, 6, -3, -5, -2, 3, 5, 4, -4, 2, -5, 1, -6, -1]
 
5.83568332676: [6, 3, 6, -2, -5, -2, 4, 0, -3, -6, 5, -5, 5, 0, 6, -3, 2, -6, -2, 4, 5, 4, -5, -1, -4, -1, -5, 0, -4, -6, -4, 5, 1, 5, 0, 6, -4, 4, -4, -1, 1, 0, -6, -2, 0, 4, -4, -5, -4, 2, 3, 4, -1, -4, 6, 0, 6, -5, 0, -2, -3, 6, -4, 6, -4, 6, -2, -4, -1, 3, -6, -6, -5, -5, 4, -2, 0, -1, -6, -3, 2, -1, -6, -6, 3, 6, 5, -6, -4, -3, 0, 4, 1, -4, 1, 5, -2, -5, -1, -5, -5, -4, 2, 1, 1, 3, -5, -1, -4, -1, -3, -1, -2, -2, 6, -1, 0, -5, -2, 3, 5, 4, -4, 2, -5, 0, -6, -1]
 
