1.35552230261: [6, 3, 6, 0, -3, -2, 4, -6, 2, -6, 5, -5, 5, -5, 6, -3, 1, 2, -3, -4, 5, 4, 2, -1, 6, 1, -5, 4, 3, -1, -6, 1, 6, 1, -6, -4, 4, 0, -5, -5, 5, 6, -6, -3, 0, 5, -6, -6, -6, -1, 2, 0, -6, 6, -4, -5, 2, -5, -4, -2, -3, -2, -4, -4, -1, 5, -6, 5, 1, 3, 0, 2, -5, -5, 4, -2, 0, -1, -3, -3, 2, -2, 1, -3, 6, -4, -5, -5, -4, -6, 0, 4, -2, 3, 1, 5, -2, -5, -6, -5, -5, 2, 2, 6, 1, 5, -5, 4, -4, -1, -3, -3, -2, 3, -6, -1, 2, -5, -2, 3, 5, 4, -4, 2, -5, 0, -6, -1]
 
4.02979004593: [-6, -1, -4, 5, 2, -2, 0, 3, -1, -4, -1, -6, -5, -5, 5, -4, -1, 3, 5, 4, -1, -6, 6, 4, -6, -2, 5, 3, -5, 6, 5, -5, -4, 6, -2, 0, 5, -2, 3, 0, 6, 4, -2, 3, -3, -1, -5, 4, -3, 4, 5, -3, 3, -5, -6, -4, -5, -4, -4, 0, 0, 2, 5, -3, 1, 5, -6, 5, 1, 3, -6, -6, -5, -5, 4, -2, 0, -1, -6, -3, 2, -1, 6, -3, 2, -4, -5, -6, -4, -3, 0, 4, 1, -4, 1, 5, -2, -5, -1, -5, -5, -4, 2, 1, 1, 3, -5, -1, -4, -1, -3, -1, -2, -2, 6, -1, 0, -5, -2, 3, 5, 4, -4, 2, -5, 0, -6, -1]
 
3.82683858207: [6, 3, 6, -2, -5, -2, 4, 0, -3, -6, 5, -5, 5, 0, 6, -3, 2, -6, -2, 4, 5, 4, -5, -1, -4, -1, -5, 3, 3, -1, -6, 1, 6, 1, -1, -4, 0, 3, -5, -5, 2, 5, -6, -3, 0, -2, -6, -6, -6, -1, 6, 0, -6, 6, -3, -5, 2, -5, 0, -2, -3, 6, -4, 6, -4, 6, -2, -4, -1, 5, -1, -1, 5, 1, 2, 1, 0, 1, 1, 1, 1, 3, 2, -6, -2, 1, 0, 1, 4, -1, 0, 4, 1, -4, 1, 5, -2, -5, -1, -5, -5, -4, 2, 1, 1, 3, -5, -1, -4, -1, -3, -1, -2, -2, 6, -1, 0, -5, -2, 3, 5, 4, -4, 2, -5, 0, -6, -1]
 
1.48764223469: [-5, 4, 1, -4, 3, 5, 5, 0, 3, 6, 5, -5, 0, 2, 5, -3, -1, -6, -2, 4, -1, 6, -5, 3, -4, 4, 6, 0, -4, -6, -2, 5, 4, 5, 0, 3, -4, -2, -4, -1, 4, 0, -3, -1, 0, 4, -4, -5, -4, 2, 3, 4, 1, -4, 6, -3, 4, 4, -3, 6, -3, 3, 1, 4, 2, 3, 5, 6, 3, 0, 2, 0, -2, 3, 4, -4, 4, 6, -6, 2, 4, -1, -2, -1, 3, 6, 6, -5, -1, -3, -1, 1, -4, 1, -6, -4, -2, -5, -1, 2, -5, -4, -3, 1, 1, 6, -5, -1, -3, 2, -3, -1, -5, -2, 6, -3, -6, 5, 4, 6, 5, 5, 6, 1, -3, 4, 5, 3]
 
3.5532991317: [-6, -1, -4, 5, 2, -2, 0, 3, -1, -4, -1, -6, -5, -5, 5, -4, -1, 3, 5, 4, -1, -6, 6, 4, -6, -2, 5, 3, -5, 6, 5, -5, -4, 6, -2, 0, 5, -2, 3, 0, 6, 4, -2, 3, -3, -1, -5, 4, -3, 4, 5, -3, 3, -5, -6, -4, -5, -4, -4, 0, 0, 2, 5, -3, 1, 5, -6, 5, 1, 3, -6, -6, -5, -5, 4, -2, 0, -1, -6, -3, 2, -1, 6, -3, 2, -4, -5, -6, -4, -3, 0, 4, 1, -4, 1, 5, -2, -5, -1, -5, -5, -4, 2, 1, 1, 3, -5, -1, -4, -1, -3, -1, -2, -2, 6, -1, 0, -5, -2, 3, 5, 4, -4, 2, -5, 0, -6, -1]
 
1.56550279922: [6, -4, 6, 5, -5, -1, -3, -5, -3, -6, -1, -6, 5, 0, 6, -3, 2, -1, -2, -5, 5, 5, -5, -1, -4, -1, 5, 3, 1, -1, 4, -6, 1, 6, -1, -4, 0, 3, -5, -5, 2, -6, -6, -3, 0, -2, -6, -6, -1, 6, 6, 0, -2, 6, 6, 2, 2, -5, 0, 2, -3, 6, -4, 6, 6, 6, -2, -4, -1, 5, 3, -6, 5, 1, 2, -6, 0, -4, 1, -1, 1, 3, -5, -5, -5, 1, -1, 2, 3, -3, 0, 3, 1, 2, 1, -1, -2, 6, -1, -5, -5, -4, 2, -2, 1, 3, -5, -4, -4, -1, -3, -4, -5, -3, 3, -3, -6, 5, 5, 6, 5, 5, -5, 1, 5, 2, 3, -2]
 
3.45154936209: [5, 4, 1, 1, 1, 5, 5, 0, -4, -6, 5, -5, -4, 0, 5, -3, -1, 3, 5, 4, -1, -6, 6, 4, -6, -2, 5, 3, -5, 6, 5, -5, -4, 6, -2, 0, 5, -2, 3, 0, 5, 6, -1, -5, 6, 0, -5, 4, -3, 4, 5, -3, 3, -5, -6, -4, -5, -4, -4, 0, 0, 2, 5, -3, 1, 5, -6, 5, 1, 3, -6, -6, -5, -5, 4, -2, 0, -1, -6, -3, 2, -1, 6, -3, 2, -4, -5, -6, -4, -3, 0, 4, 1, -4, 1, 5, -2, -5, -1, -5, -5, -4, 2, 1, 1, 3, -5, -1, -4, -1, -3, -1, -2, -2, 6, -1, 0, -5, -2, 3, 5, 4, -4, 2, -5, 0, -6, -1]
 
3.38998897039: [5, 4, 1, 1, 1, 5, 5, 0, -4, -6, 5, -5, -4, 0, 5, -3, -1, -6, -2, 4, -1, 4, -5, 3, -4, -1, -5, 0, -4, -6, -4, 5, 1, 5, 0, 6, -4, 4, -4, -1, 1, 0, -6, -2, 0, 4, -4, -5, -4, 2, 3, 4, -1, -4, 6, 0, 6, 4, -3, -3, -3, 3, 1, 4, 2, 3, 6, 6, -3, -6, 2, 6, 5, 3, 4, -4, 4, 3, -1, -2, 4, 5, -6, -6, 3, 6, 5, -5, -4, -3, -1, 1, -4, -5, 6, -4, -2, -5, -1, -5, -5, -4, 2, 1, 1, 3, -5, -1, -4, -1, -3, -1, -5, -3, 3, -3, -6, 5, 5, 6, 5, 5, 6, 1, 5, 4, 5, -6]
 
1.89639162031: [-3, 6, 4, -2, 1, 0, 5, -4, 0, -6, 5, -5, 0, 0, 6, 6, 3, 4, 2, 1, 5, 4, -5, -6, -4, -1, -5, 3, -3, 1, -5, 1, -2, -3, -1, 6, -2, 1, -5, -3, -6, 4, 1, -4, 0, 0, -3, -6, -6, -2, 3, 0, 2, 4, -4, 5, -4, 2, -4, 0, 0, 0, 5, 3, -6, 2, -6, 0, 2, -6, -5, -3, 5, -5, 6, 6, 1, -2, 3, -6, 5, -3, 5, 1, 2, -4, -5, -6, -4, -1, -1, -5, 4, 2, 3, 3, 2, 5, 1, -3, -2, -3, -3, -1, 4, -2, 0, 6, -3, -3, -2, -6, 1, -5, -2, 2, 6, 0, -1, 2, 0, 6, -6, -4, -2, -4, -2, 6]
 
0.982055391034: [-6, -1, 1, 1, 2, -2, 0, -5, -1, -4, -1, 3, -4, -5, 5, 1, -1, -3, -5, 4, 6, 0, 6, -1, -6, -2, 5, 3, -5, 0, 5, -5, -4, 0, -2, 0, 5, -2, 3, 0, 5, 6, -1, -5, 6, -4, -4, -3, -4, -5, 6, 5, 4, -1, -1, 4, -4, -4, 0, 3, -1, -4, 1, 1, -2, 3, 2, 4, 1, -5, -1, 4, -6, -1, -4, 0, 4, -1, -4, 2, 6, -4, -6, -6, 3, 6, 5, -5, -5, 3, -1, 1, 6, -5, 0, -4, 2, 3, -3, 4, 2, 1, -3, 4, 2, 5, 0, -3, -6, 1, 5, 3, -2, -4, -2, 2, -3, -1, 0, -2, 4, 2, -5, 4, 1, -3, -1, 3]
 
0.735101793886: [6, 0, 6, -2, -5, -2, 4, -6, -3, -2, 5, -5, 5, 0, 2, 1, 2, 2, -2, -4, 5, 4, 2, -1, 5, -1, -5, 3, 4, 6, -6, 1, 1, 3, -1, -4, -3, 6, -5, -5, 2, 5, -6, -5, 0, -4, 1, -1, 0, -1, 6, 0, 3, 6, -2, -5, -6, 4, 0, -2, -3, 6, -3, 6, -1, 0, -2, 2, -1, 5, -1, 3, -5, 1, 2, 1, 4, 1, -2, -6, 1, 3, 5, -6, -6, 6, 0, 1, 4, -1, 0, 4, -4, -4, 1, 5, -2, -5, 1, -5, -5, 2, 2, 1, 0, -6, 3, -1, -4, 6, -6, -3, -5, -3, 4, -3, -6, 5, 5, 6, 5, -1, -1, 1, -3, -1, -2, -3]
 
3.16812083706: [5, 4, 1, 1, 1, 5, 5, 0, -4, -6, 5, -5, -4, 0, 5, -3, -1, -6, -2, 4, -1, 4, -5, 3, -4, -1, -5, 0, -4, -6, -4, 5, 1, 5, 0, 6, -4, 4, -4, -1, 1, 0, -6, -2, 0, 4, -4, -5, -4, 2, 3, 4, -1, -4, 6, 0, 6, 4, -3, -3, -3, 3, 1, 4, 2, 3, 6, 6, -3, -6, 2, 6, 5, 3, 4, -4, 4, 3, -1, -2, 4, 5, -6, -6, 3, 6, 5, -5, -4, -3, -1, 1, -4, -5, 6, -4, 0, 3, -3, -1, -5, -4, -2, 6, 1, 6, 5, 1, -3, 3, -1, -4, -2, -3, -1, 3, -5, -2, 2, -3, -6, -4, 4, 5, -6, 3, -5, -2]
 
3.10752688727: [-6, -1, -4, 5, 2, -2, 0, 3, -1, -4, -1, -6, -5, -5, 5, -4, -1, 3, 5, 4, -1, -6, 6, 4, -6, -2, 5, 3, -5, 6, 5, -5, -4, 6, -2, 0, 5, -2, 3, 0, 5, 6, -1, -5, 6, 0, -4, -6, 1, -5, -5, 5, 4, 1, -1, 4, -3, -1, 0, 3, 2, -4, -2, -4, -4, 3, 2, 4, 1, 5, -1, 4, -6, -5, -4, 0, 4, -1, -4, 2, 6, 2, -6, -6, 3, 6, 5, -5, 4, -3, -1, 1, 6, -5, 1, -4, 2, 3, -3, 1, 5, -4, -2, 6, 1, 3, 5, 1, -3, -5, -1, -4, -2, -3, -2, 3, -5, -2, 2, 4, -6, 1, 1, -3, -2, 3, -2, 5]
 
3.02512676788: [5, 4, 1, 1, 1, 5, 5, 0, -4, -6, 5, -5, -4, 0, 5, -3, -1, -6, -2, 4, -1, 4, -5, 3, -4, -1, -5, 0, -4, -6, -4, 5, 1, 5, 0, 6, -4, 4, -4, -1, 1, 0, -6, -2, 0, 4, -4, -5, -4, 2, 3, 4, -1, -4, 6, 0, 6, 4, -3, -3, -3, 3, 1, 4, 2, 3, 6, 6, -3, -6, 2, 6, 5, 3, 4, -4, 4, 3, -1, -2, 4, 5, -6, -6, 3, 6, 5, -5, -4, -3, -1, 1, -4, -5, 6, -4, 0, 3, -3, -1, -5, -4, -2, 6, 1, 6, 5, 1, -3, 3, -1, -4, -2, -3, -1, 3, -5, -2, 2, -3, -6, -4, 4, 5, -6, 3, -5, -2]
 
3.01161604225: [5, 4, 1, 1, 1, 5, 5, 0, -4, -6, 5, -5, -4, 0, 5, -3, -1, -6, -2, 4, -1, 4, -5, 3, -4, -1, -5, 0, -4, -6, -4, 5, 1, 5, 0, 6, -4, 4, -4, -1, 1, 0, -6, -2, 0, 4, -4, -5, -4, 2, 3, 4, -1, -4, 6, 0, 6, 4, -3, -3, -3, 3, 1, 4, 2, 3, 6, 6, -3, -6, 2, 6, 5, 3, 4, -4, 4, 3, -1, -2, 4, 5, -6, -6, 3, 6, 5, -5, -4, -3, -1, 1, -4, -5, 6, -4, 0, 3, -3, -1, -5, -4, -2, 6, 1, 6, 5, 1, -3, 3, -1, -4, -2, -3, -1, 3, -5, -2, 2, -3, -6, -4, 4, 5, -6, 3, -5, -2]
 
2.91598955242: [2, -5, 3, 5, 2, -2, 0, 3, -1, -4, -1, -6, -5, 1, 6, -4, 1, 3, 4, -5, 6, -1, -6, 3, -2, -3, -4, 6, 5, -6, -4, 5, 1, 5, 0, 6, -4, 4, -4, -1, 1, 0, -6, -2, 0, 4, -4, -5, -4, 2, 3, 4, -1, -4, 6, 0, 6, 4, -3, -3, -3, 3, 1, 4, 2, 3, 6, 6, -3, -6, -6, -6, -5, -5, 4, -2, 0, -1, -6, -3, 2, -1, 6, -3, 2, -4, -5, -6, -4, -3, 0, 4, 1, -4, 1, 5, -2, -5, -1, -5, -5, -4, 2, 1, 1, 3, -5, -1, -4, -1, -3, -1, -2, -2, 6, -1, 0, -5, -2, 3, 5, 4, -4, 2, -5, 0, -6, -1]
 
2.89056803892: [-6, -1, -4, 5, 2, -2, 0, 3, -1, -4, -1, -6, -5, -5, 5, -4, -1, 3, 5, 4, -1, -6, 6, 4, -6, -2, 5, 3, -5, 6, 5, -5, -4, 6, -2, 0, 5, -2, 3, 0, 5, 6, -1, -5, 6, 0, -4, -6, 1, -5, -5, 5, 4, 1, -1, 4, -3, -1, 0, 3, 2, -4, -2, -4, -4, 5, -6, 5, 1, 3, -6, -6, -5, -5, 4, -2, 0, -1, -6, -3, 2, -1, 6, -3, 2, -4, -5, -6, -4, -3, 0, 4, 1, -4, 1, 5, -2, -5, -1, -5, -5, -4, 2, 1, 1, 3, -5, -1, -4, -1, -3, -1, -2, -2, 6, -1, 0, -5, -2, 3, 5, 4, -4, 2, -5, 0, -6, -1]
 
2.85573239859: [5, 6, 1, 1, 1, 5, 5, 0, -3, -6, 5, -5, -4, 0, 5, -3, -1, -6, -2, 4, -1, 4, -5, 3, -4, -1, 5, 3, -5, 6, 5, -5, -4, 6, -2, 0, 5, -2, 3, 0, 5, 6, -1, -5, 6, 0, -5, 4, -3, 4, 5, -3, 3, -5, -6, -4, -5, -4, -4, 0, 0, 2, 5, -3, 1, 5, -6, 5, 1, 3, -6, -6, -5, -5, 4, -2, 0, -1, -6, -3, 2, -1, 6, -3, 2, -4, -5, -6, -4, -3, 0, 4, 1, -4, 1, 5, -2, -5, -1, -5, -5, -4, 2, 1, 1, 3, -5, -1, -4, -1, 0, -2, 1, 0, -5, 0, 3, -5, -2, -3, -6, -4, 4, 5, -6, 3, -5, -2]
 
2.82456625538: [-6, -1, -4, 5, 2, -2, 0, 3, -1, -4, -1, -6, -5, -5, 5, -4, -1, 3, 5, 4, -1, -6, 6, 4, -6, -2, 5, 3, -5, 6, 5, -5, -4, 6, -2, 0, 5, -2, 3, 0, 5, 6, -1, -5, 6, 0, -4, -6, 1, -5, -5, 5, 4, 1, -1, 4, -3, -1, 0, 3, 2, -4, -2, -4, -4, 3, 2, 4, 1, 5, -1, 4, -6, -5, -4, 0, 4, -1, -4, 2, 6, 2, -6, -6, 3, 6, 5, -5, 4, -3, -1, 1, 6, -5, 1, -4, 2, 3, -3, 1, 5, -4, -2, 6, 1, 3, 5, 1, -3, -5, -1, -4, -2, -3, -2, 3, -5, -2, 2, 4, -6, 1, 1, -3, -2, 3, -2, 5]
 
1.34281922898: [5, -1, 1, 1, 1, -1, 2, 0, -4, -6, 5, -5, 5, -2, 6, -3, 2, -6, -2, 2, 5, 6, -5, -2, -4, -1, -5, 3, 0, 3, -6, -6, 5, -3, 4, 2, -2, 5, -2, 1, -6, 4, -1, 2, -5, 5, -3, -6, -6, 1, 3, 0, -6, -1, -3, -4, 2, -5, -4, -1, 1, 2, 5, -3, 1, 5, -5, 0, -1, -4, 6, 5, 5, 3, 4, 6, 1, 6, -5, -4, -6, 2, 5, 3, -3, 0, 5, 0, -4, -6, -3, -1, 0, 3, -2, 0, 4, -4, 1, -6, 4, 2, -5, 1, 2, -2, -4, -2, -3, 0, 2, 2, -6, 2, 0, -3, 2, 5, -4, 5, -1, 6, 4, 0, 5, -5, -2, 3]
 
1.56328903345: [5, 6, 3, 1, 1, 5, 5, 0, -4, -6, 5, -5, 1, -6, -3, 4, -1, -6, -5, 4, -3, -5, -4, -3, -4, -1, -6, 0, -4, -6, -4, 5, 1, -6, 0, 6, -4, 4, -4, -3, -3, 0, -6, -4, 5, 4, -4, -5, -4, 2, 3, 4, -1, -4, 6, 0, 6, -5, -3, 3, -3, 2, 1, 3, 5, 3, 6, 6, -2, -6, 2, 6, 5, 3, -1, -4, 4, 3, -4, -2, 1, 5, -4, -6, 3, 6, 5, -4, 1, -3, -1, 1, -4, -5, 4, -4, -2, -5, -1, -4, -5, 3, 2, -3, -2, -6, -5, -6, -3, -3, -3, -6, 1, 1, -5, 3, -4, -5, 3, 5, -4, 6, -1, 2, -6, -4, -1, -5]
 
3.68506454784: [-2, 1, -3, 2, -5, -4, 6, 0, -3, -5, 1, 5, -4, -6, 4, -6, 5, 1, -2, -3, 6, -4, 2, -6, -3, -3, -4, -6, -6, 3, 5, 4, 6, -3, 5, -2, 5, -6, -5, 5, -6, 3, 0, -3, -1, 5, -6, -4, -6, 1, 3, 0, -6, 0, -3, 2, 2, -1, -4, 0, 0, 2, 3, -3, 1, 5, -6, 2, -1, -4, -5, 5, 5, -5, 4, 6, 1, -2, 5, -1, -5, 6, 2, 6, -6, 0, -1, -1, 5, -2, -6, -1, 0, -6, 0, -6, 2, -4, -1, -5, 4, -3, 3, 1, -6, 3, 0, -5, -3, -3, -3, -6, -2, -3, -1, -2, 5, -1, 2, -3, -6, -4, 4, 3, -6, 5, -5, 1]
 
2.71257361974: [-6, -1, -5, 6, 2, 3, 4, 5, -1, -4, -1, -6, -5, -5, 6, -4, 1, -1, -3, -5, 6, -1, 3, -4, 1, 6, -2, -5, -2, -5, 5, 5, -4, 2, 1, 5, -6, 6, 0, 1, 6, 4, -2, 3, -3, -1, -5, 4, -3, 4, 5, -3, 3, -5, -6, -4, -5, -4, -4, 0, 0, 2, 5, -3, 1, 5, -6, -3, 2, -4, -5, 5, 5, -5, 4, 6, 1, -2, 3, -4, -5, 6, 2, 6, 2, 0, -1, -3, 5, -2, -3, -1, 0, -6, 3, 3, 2, -4, -1, 0, 4, -3, -5, 1, 2, -2, -1, -2, -3, -2, -5, -6, -2, -6, -1, -3, 2, -2, 2, -3, -6, 1, 4, -3, -1, 3, -2, 0]
 
2.67791207273: [5, 6, 1, 1, 1, 5, 5, 3, -1, -1, 3, -5, 2, 1, -1, -6, -3, -2, -1, -1, 4, -2, 5, 5, -3, 4, 6, -5, 0, -3, -4, 4, -5, -4, 6, -1, -2, -5, 2, 4, -6, -4, 0, 5, 0, 5, -5, -3, -3, 5, 2, -2, 3, -2, -2, 5, 4, -4, -3, 4, -1, -3, 5, 4, 1, -6, -5, 0, 2, -4, -1, 5, 5, -5, 4, 6, 1, 6, -5, -4, -5, 6, 1, 3, -3, 0, -1, -3, 5, -6, -3, -1, 0, -2, 3, 0, 2, -3, 1, -6, 4, -3, -5, 1, 2, -2, -4, -2, -3, -2, -5, 2, -2, -6, 2, -3, 2, 5, 2, -5, -1, 1, 4, -3, -2, 3, -4, 0]
 
2.67565175307: [-2, -6, -5, -6, -5, -4, 1, 1, -3, -2, 1, 6, -4, -6, 4, 3, 5, 1, -6, -2, -6, -4, 2, -6, -3, -3, 6, -4, -6, -3, 5, 4, 6, -3, 3, -2, -2, -6, 4, 5, -6, 3, 0, 5, 0, 5, -3, -3, 0, 1, -5, 4, -4, 6, 1, -5, 2, -5, 0, -2, -3, 6, -4, 6, -4, 6, -2, -4, -1, 5, -1, -1, 5, 1, 2, 1, 0, 1, 1, 1, 1, 3, 2, -6, -2, 1, 0, 1, 4, -1, 0, 4, 1, -4, 1, 5, -2, -5, -1, -5, -5, -4, 2, 1, 1, 3, -5, -1, -4, -1, -3, -1, -5, -3, 3, -3, -6, 5, 5, 6, 5, 5, 6, 1, 5, -5, -2, 3]
 
2.64218361178: [2, -5, 3, 5, 2, -2, 0, 3, -1, -4, -1, -6, -5, 1, 6, -4, 1, 3, 4, -5, 6, -1, -6, 3, -2, -3, -4, 6, 5, -6, 5, -5, -4, 6, -2, 0, 5, -2, 3, 0, 5, 6, -1, -5, 6, 0, -4, -6, 1, -5, -5, 5, 4, 1, -1, 4, -3, -1, 0, 3, 2, -4, -2, -4, -4, 3, 2, 4, 1, 5, -1, 4, -6, -5, -4, 0, 4, -1, -4, 2, 6, 2, -6, -6, 3, 6, 5, -5, 4, -3, -1, 1, 6, -5, 1, -4, 2, 3, -3, 1, 5, -4, -2, 6, 1, 3, 5, 1, -3, -5, -1, -4, -2, -3, -2, 3, -5, -2, 2, 4, -6, 1, 1, -3, -2, 3, -2, 5]
 
2.58840143277: [-6, -1, -4, 5, 2, -2, 0, 3, -1, -4, 1, -3, -1, -2, 0, 4, 5, 5, 3, -4, 6, -6, -2, 6, 2, -3, 0, 4, 0, 2, 2, -1, -4, -3, 6, 5, -6, 6, 0, 1, 6, 4, -2, 3, -3, -1, -5, 4, -3, 4, 5, -3, 3, -5, -6, -4, -5, -4, 0, -2, -1, 6, 5, -5, -4, 6, -2, 3, -1, 5, -1, -1, -4, -4, 4, -3, 0, 1, 1, 1, 1, 3, 4, -6, 5, 1, -2, 1, 4, 0, 3, -2, 2, 4, 1, -3, -6, -4, -1, -5, -5, -4, 2, 1, 1, 3, -5, -1, -4, -1, -3, -1, -2, -2, 6, -1, 0, -5, -2, 3, 5, 4, -4, 2, -5, 0, -6, -1]
 
2.58417306523: [-6, -1, -4, 5, 2, -2, 0, 3, -1, -4, -1, -6, -5, -5, 5, -4, -1, 3, 5, 4, -1, -6, 6, 4, -6, -2, 5, 3, -5, 6, 5, -5, -4, 6, -2, 0, 5, -2, 3, 0, 5, 6, -1, -5, 6, 0, -4, -6, 1, -5, -5, 5, 4, 1, -1, 4, -3, -1, 0, 3, 2, -4, -2, -4, -4, 3, 2, 4, 1, 5, -1, -6, -5, -5, 4, -2, 0, -1, -6, -3, 2, -1, 6, -3, 2, -4, -5, -6, -4, -3, 0, 4, 1, -4, 1, 5, -2, -5, -1, -5, -5, -4, 2, 1, 1, 3, -5, -1, -4, -1, -3, -1, -2, -2, 6, -1, 0, -5, -2, 3, 5, 4, -4, 2, -5, 0, -6, -1]
 
2.5752494303: [-2, -6, -5, -6, -5, -4, 1, 1, -3, -2, 1, 6, -4, -6, 4, 3, 5, 1, -6, -2, -6, -4, 2, -6, -3, -3, 6, -4, -6, -3, 5, 4, 6, -3, 3, -2, -2, -6, 4, 5, -6, 3, -1, -3, 0, 5, -6, -6, -6, 1, 3, 0, -6, -1, -3, 6, 2, -5, -4, 0, 0, 2, 5, -3, 1, 5, -6, -3, 2, -4, -5, 5, 5, -5, 4, 6, 1, -2, 3, -4, -5, 6, 2, 6, 2, 0, -1, -3, 5, -2, -3, -1, 0, -6, 3, 3, 2, -4, -1, 0, 4, -3, -1, -1, 1, 3, -5, -1, -4, -1, -3, -1, -5, -3, 3, -3, -6, 5, 5, 6, 5, 5, 6, 1, 5, 4, 5, -6]
 
2.54538701447: [-2, -6, -5, -6, -5, -4, 1, 1, -3, -2, 1, 6, -4, -6, 4, 3, 5, 1, -6, -2, -6, -4, 2, -6, -3, -3, 6, -4, -6, -3, 5, 4, 6, -3, 3, -2, -2, -6, 4, 5, -6, 3, -1, 5, 0, 5, -3, -3, 0, 1, -5, 4, -4, 6, 1, 1, 2, 5, 2, -3, -1, -1, 0, -3, 2, -6, 6, -3, -3, -6, -1, -2, -1, 5, 3, -4, 0, 5, -3, -5, -5, -5, 1, -1, 3, 6, 5, -5, 4, -3, -1, 1, 6, -5, 1, -4, 2, 3, -3, 1, 5, -4, -2, 6, 1, 3, 5, 1, -3, -5, -1, -4, -2, -3, -2, 3, -5, -2, 2, 4, -6, 1, 1, -3, -2, 3, -2, 5]
 
2.50442476137: [5, 6, 1, 1, -3, 5, 5, 3, 6, -1, 3, 3, -5, 1, -1, 5, 3, -2, -1, 4, 4, 4, -5, 3, -4, -1, -5, -3, -4, -6, -4, 5, 1, -1, 3, -2, -3, -4, -4, 5, 1, 0, -6, 0, 0, 4, -4, 1, -4, -2, 1, 4, -6, 6, 6, 0, 6, 4, -3, -6, -5, -5, 1, 4, -5, 3, 6, 6, -3, -6, 2, 6, 4, -6, -5, -4, -4, 3, -1, 2, 4, -6, -6, -6, 2, 6, 5, -5, 0, -3, -1, 1, -4, -6, 6, -4, -2, -5, -5, -3, -5, -4, -5, -5, 2, -2, -5, -1, 3, -1, -3, -1, 1, -1, 3, -3, -6, 0, 5, -6, 5, -4, 6, 1, 3, 4, 5, -6]
 
2.48902976019: [5, 1, 1, 1, 1, 5, 5, -1, -4, -6, 5, -5, -4, 0, 5, -3, -1, -5, 5, 6, -1, 6, -5, 5, -4, -1, 6, 0, -4, -1, -6, 4, -2, -5, -1, -1, 0, -3, 2, -5, 3, -5, -5, -3, 0, -2, -6, -6, -6, -1, 6, 0, -6, 6, -3, -5, 2, -5, 0, -2, -3, 6, -4, 6, -4, 6, -2, -4, -1, 5, -1, -1, 5, 1, 2, 1, 0, 1, 1, 1, 1, 3, 2, -6, -2, 1, 0, 1, 4, -1, 0, 4, 1, -4, 1, 5, -2, -5, -1, -5, -5, -4, 2, 1, 1, 3, -5, -1, -4, -1, -3, -1, -5, -3, 3, -3, -6, 5, 5, 6, 5, 5, 6, 1, 5, -5, -2, 3]
 
1.18698862429: [5, 6, 4, 1, -3, 5, 5, 3, 6, -1, 3, 5, -1, 1, 3, 2, 3, -2, -1, 4, 4, 4, 2, 3, -2, 4, 0, -3, -4, -5, -4, 5, 1, 4, 3, -2, -3, -4, -4, 5, -4, 0, -6, -5, 3, 4, -4, 1, -4, 5, -6, 4, -6, 3, -5, 0, 6, 0, -3, -6, -5, -5, 0, 4, -4, 3, -5, 6, -2, -6, 2, 4, 4, -6, -1, -4, -4, 3, -6, 2, 4, -6, 3, -6, 2, 6, 5, -5, 0, 6, 5, 1, -4, -2, 1, -4, 2, 3, -3, 1, -5, -6, -3, 6, 0, -2, -2, -4, 6, 1, -1, 0, -3, 2, -2, 3, -4, -1, -5, 6, 0, -4, -5, -3, -5, -4, 6, -4]
 
2.1311119286: [-6, -1, -4, 5, 2, -2, 0, 3, -1, -4, -1, -6, -5, -5, 5, -4, -1, 3, 5, 4, -1, -6, 6, 4, -6, -2, 5, 3, -5, 6, 5, -5, -4, 6, -2, 0, 5, -2, 3, 0, 5, 6, -1, -5, 6, 0, -4, -6, 1, -5, -5, 5, 4, 1, -1, 4, -3, -1, 0, 3, 2, -4, -2, -4, -4, 3, 2, 4, 1, 5, -1, 4, -6, -5, -4, 0, 4, -1, -4, 2, 6, 2, -6, -6, 3, 6, 5, -5, 4, -3, -1, 1, 6, -5, 6, -4, -2, -5, -5, -3, -5, -4, -5, -5, 2, -2, -5, -1, 3, -1, -3, -1, 1, -1, 3, -3, -6, 0, 5, -6, 5, -4, 6, 1, 3, 4, 5, -6]
 
2.63086612668: [6, 3, 6, -2, -5, -2, 4, 0, -3, -6, 5, -5, 5, 0, 6, -3, 2, -6, -2, 4, 5, 4, -5, -1, -4, -1, -5, 3, 3, -1, -6, 1, 6, 1, -1, -4, 0, 3, -5, -1, 1, 0, -6, -2, 0, 4, -4, -5, -4, 2, 3, 4, -1, -4, 6, 0, 6, 4, -3, -3, -3, 3, 1, 4, 2, 3, 6, 6, -3, -6, 2, 6, 5, 3, 4, -4, 4, 3, -1, -2, 4, 5, -6, -6, 3, 6, 5, -5, -4, -3, -1, 1, -4, -5, 6, -4, 0, 3, -3, -1, -5, -4, -2, 6, 1, 6, 5, 1, -3, 3, -1, -4, -2, -3, -1, 3, -5, -2, 2, -3, -6, -4, 4, 5, -6, 3, -5, -2]
 
3.25025074877: [5, 4, 1, 1, 1, 5, 5, 0, -4, -6, 5, -5, -4, 0, 5, -3, -1, -6, -2, 4, -1, 4, -5, 3, -4, -1, -5, 0, -4, -6, -4, 5, 1, 5, 0, 6, -4, 4, -4, -5, 2, 5, -6, -3, 0, -2, -6, -6, -6, -1, 6, 0, -6, 6, -3, -5, 2, -5, 0, -2, -3, 6, -4, 6, -4, 6, -2, -4, -1, 5, -1, -1, 5, 1, 2, 1, 0, 1, 1, 1, 1, 3, 2, -6, -2, 1, 0, 1, 4, -1, 0, 4, 1, -4, 1, 5, -2, -5, -1, -5, -5, -4, 2, 1, 1, 3, -5, -1, -4, -1, -3, -1, -2, -2, 6, -1, 0, -5, -2, 3, 5, 4, -4, 2, -5, 0, -6, -1]
 
2.26997888186: [6, 3, 6, -2, -5, -2, 4, 0, -3, -6, 5, -5, 5, 0, 6, -3, 2, -6, -2, 4, 5, 4, -5, -1, -2, -3, -4, 6, 5, -6, 5, -5, -4, 6, -2, 0, 5, -2, 3, 0, 5, 6, -1, -5, 6, 0, -4, -6, 1, -5, -5, 5, 4, 1, -1, 4, -3, -1, 0, 3, 2, -4, -2, -4, -4, 3, 2, 4, 1, 5, -1, 4, -6, -5, -4, 0, 4, -1, -4, 2, 6, 2, -6, -6, 3, 6, 5, -5, 4, -3, -1, 1, 6, -5, 1, -4, 2, 3, -3, 1, 5, -4, -2, 6, 1, 3, 5, 1, -3, -5, -1, -4, -2, -3, -2, 3, -5, -2, 2, 4, -6, 1, 1, -3, -2, 3, -2, 5]
 
3.50112053284: [2, -5, 3, 5, 2, -2, 0, 3, -1, -4, -1, -6, -5, 1, 6, -4, 1, 3, 4, -5, 6, -1, -6, 3, -4, -1, -5, 3, 3, -1, -6, 1, 6, 1, -1, -4, 0, 3, -5, -5, 2, 5, -6, -3, 0, -2, -6, -6, -6, -1, 6, 0, -6, 6, -3, -5, 2, -5, 0, -2, -3, 6, -4, -4, -4, 5, -6, 5, 1, 3, -6, -6, -5, -5, 4, -2, 0, -1, -6, -3, 2, -1, 6, -3, 2, -4, -5, -6, -4, -3, 0, 4, 1, -4, 1, 5, -2, -5, -1, -5, -5, -4, 2, 1, 1, 3, -5, -1, -4, -1, -3, -1, -2, -2, 6, -1, 0, -5, -2, 3, 5, 4, -4, 2, -5, 0, -6, -1]
 
0.887468711312: [-6, 6, -4, 6, 2, 6, 0, 3, 4, -5, -1, -6, -5, -5, 6, -4, -3, 3, 5, 6, -4, -6, 6, 4, -1, -2, 5, 3, 0, 3, 6, 6, -5, -1, -2, -1, 5, -6, 4, 0, -5, 0, -1, -2, 4, 3, 1, 1, -1, -5, -1, 5, 4, 1, 3, -1, 5, -5, -1, 5, 0, -4, -2, -6, 0, 5, 5, 0, 1, 3, 2, -2, 6, -2, -5, -2, 2, -5, -5, -2, -2, 4, 6, -3, -5, -6, -4, -6, -4, 1, 0, 4, 1, -5, -5, 5, 0, -5, -1, 6, -5, -2, 2, 1, -1, 3, -3, -3, -1, -3, -4, -1, -2, -2, -2, 6, 3, -5, -2, 2, -1, 6, 3, 4, -5, 5, -1, 5]
 
4.96541819738: [6, 3, 6, -2, -5, -2, 4, 0, -3, -6, 5, -5, 5, 0, 6, -3, 2, -6, -2, 4, 5, 4, -5, -1, -4, -1, -5, 3, 3, -1, -6, 1, 6, 1, -1, -4, 0, 3, -5, -5, 2, 5, -6, -3, 0, -2, -6, -6, -6, -1, 6, 0, -6, 6, -3, -5, 2, -5, 0, -2, -3, 6, -4, -4, -4, 5, -6, 5, 1, 3, -6, -6, -5, -5, 4, -2, 0, -1, -6, -3, 2, -1, 6, -3, 2, -4, -5, -6, -4, -3, 0, 4, 1, -4, 1, 5, -2, -5, -1, -5, -5, -4, 2, 1, 1, 3, -5, -1, -4, -1, -3, -1, -2, -2, 6, -1, 0, -5, -2, 3, 5, 4, -4, 2, -5, 0, -6, -1]
 
2.32573762205: [5, 4, 1, 1, 1, 5, 5, 0, -4, -6, 5, -5, -4, 0, 5, -3, -1, -5, 5, 6, -1, 6, -5, 5, -4, -1, 6, 0, -4, -1, -6, 4, -2, -5, -1, -1, 0, -3, 2, -5, 3, -5, -5, -3, 0, -2, -6, -6, -6, -1, 6, 0, -6, 6, -3, -5, 2, -5, 0, -2, -3, 6, -4, 6, -4, 6, -2, -4, -1, 5, -1, -1, 5, 1, 2, 1, 0, 1, 1, 1, 1, 3, 2, -6, -2, 1, 0, 1, 4, -1, 0, 4, 1, -4, 1, 5, -2, -5, -1, -5, -5, -4, 2, 1, 1, 3, -5, -1, -4, -1, -3, -1, -5, -3, 3, -3, -6, 5, 5, 6, 5, 5, 6, 1, 5, -5, -2, 3]
 
1.65157133389: [-6, 1, 1, -3, 5, 5, 6, -1, -4, -6, 5, -5, -5, 0, 5, -3, -1, -3, 4, -2, 0, 4, -3, -6, -4, -1, -4, 0, -4, -6, -4, 5, -4, 2, 0, 6, -4, 3, 0, -5, 1, 6, -3, -2, 0, 4, -4, 3, -3, 2, 3, 0, -3, -4, 6, 5, 6, 4, -3, 1, -3, 3, 1, 4, 2, 3, -6, 6, -3, -4, 2, 6, 5, 3, 4, -4, -3, 3, -1, -2, 4, -6, -5, -6, 3, 6, 5, -5, -4, 6, -1, 1, -1, 6, 6, -4, -2, -5, -1, -4, -5, -2, 2, 1, 1, 3, -5, 6, -4, 4, -3, -1, -4, -3, 3, -3, -6, -2, 5, 2, 5, 5, 6, 0, 5, 4, 1, -6]
 
2.66022174626: [2, -5, 3, 5, 2, -2, 0, 3, -1, -4, -1, -6, -5, 1, 6, -4, 1, 3, 4, -5, 6, -1, -6, 3, -4, -1, -5, 3, 3, -1, -6, 1, 6, 1, -1, -4, 0, 3, -5, -5, 2, 5, -6, -3, 0, -2, -6, -6, -6, -1, 6, 0, -6, 6, -3, -5, 2, -5, 0, -2, -3, 6, -4, -4, -4, 5, -6, 5, 1, 3, -6, -6, -5, -5, 4, -2, 0, -1, -6, -3, 2, -1, 6, -3, 2, -4, -5, -6, -4, -3, 0, 4, 1, -4, 1, 5, -2, -5, -1, -5, -5, -4, 2, 1, 1, 3, -5, -1, -4, -1, -3, -1, -2, -2, 3, -3, -6, 5, 5, 6, 5, 5, 6, 1, 5, -5, -2, 3]
 
2.99558270531: [-2, -6, -5, -6, -5, -4, 1, 1, -3, -2, 1, 6, -4, -6, 4, 3, 5, 1, -6, -2, -6, -4, 2, -6, -3, -3, 6, -4, -6, -3, 5, 4, 6, -3, 3, -2, -2, -6, 4, 5, -6, 3, 0, 5, 0, 5, -3, -3, 0, 1, -5, 4, -4, 6, 1, -5, 2, -5, 0, -2, -3, 6, -4, 6, -4, 6, -2, -4, -1, 5, -1, -1, 5, 1, 2, 1, 0, 1, 1, 1, 1, 3, 2, -6, -2, 1, 0, 1, 4, -1, 0, 4, 1, -4, 1, 5, -2, -5, -1, -5, -5, -4, 2, 1, 1, 3, -5, -1, -4, -1, -3, -1, -5, -3, 6, -1, 0, -5, -2, 3, 5, 4, -4, 2, -5, 0, -6, -1]
 
4.02950106433: [5, 4, 1, 1, 1, 5, 5, 0, -4, -6, 5, -5, -4, 0, 5, -3, -1, -6, -2, 4, -1, 4, -5, 3, -4, -1, -5, 0, -4, -6, -4, 5, 1, 5, 0, 6, -4, 4, -4, -1, 1, 0, -6, -2, 0, 4, -4, -5, -4, 2, 3, 4, -1, -4, 6, 0, 6, -5, 0, -2, -3, 6, -4, 6, -4, 6, -2, -4, -1, 5, -1, -1, 5, 1, 2, 1, 0, 1, 1, 1, 1, 3, 2, -6, -2, 1, 0, 1, 4, -1, 0, 4, 1, -4, 1, 5, -2, -5, -1, -5, -5, -4, 2, 1, 1, 3, -5, -1, -4, -1, -3, -1, -2, -2, 6, -1, 0, -5, -2, 3, 5, 4, -4, 2, -5, 0, -6, -1]
 
3.28298391675: [6, 3, 6, -2, -5, -2, 4, 0, -3, -6, 5, -5, 5, 0, 6, -3, 2, -6, -2, 4, 5, 4, -5, -1, -4, -1, -5, 3, 3, -1, -6, 1, 6, 1, -1, -4, 0, 3, -5, -5, 2, 5, -6, -3, 0, -2, -6, -6, -6, -1, 6, 0, -6, 6, -3, -5, 2, 4, -3, -3, -3, 3, 1, 4, 2, 3, 6, 6, -3, -6, 2, 6, 5, 3, 4, -4, 4, 3, -1, -2, 4, 5, -6, -6, 3, 6, 5, -5, -4, -3, -1, 1, -4, -5, 6, -4, -2, -5, -1, -5, -5, -4, 2, 1, 1, 3, -5, -1, -4, -1, -3, -1, -5, -3, 3, -3, -6, 5, 5, 6, 5, 5, 6, 1, 5, 4, 5, -6]
 
2.83294431859: [5, 4, 1, 1, 1, 5, 5, 3, -1, -4, 1, -3, -1, -2, 0, 4, 5, 5, 3, -4, 6, -6, -2, 6, 2, -3, 0, 4, 0, 2, 2, -1, -4, -3, 6, 5, -6, 6, 0, 1, 6, 4, -2, 3, -3, -1, -5, 4, -3, 4, 5, -3, 3, -5, -6, -4, -5, -4, 0, -2, -1, 6, 5, -5, -4, 6, -2, 3, -1, 5, -1, -1, -4, -4, 4, -3, 0, 1, 1, 1, 1, 3, 4, -6, 5, 1, -2, 1, 4, 0, 3, -2, 2, 4, 1, -3, -6, -4, -1, -5, -5, -4, 2, 1, 1, 3, -5, -1, -4, -1, -3, -1, -2, -2, 6, -1, 0, -5, -2, 3, 5, 4, -4, 2, -5, 0, -6, -1]
 
1.37350251872: [-6, 0, -4, 5, 2, -2, 0, 1, 3, -5, -6, -5, -4, 4, 5, -3, -1, -2, -4, 1, -1, 6, -5, 3, -4, -4, -5, 0, -4, -6, -4, 5, 1, 5, -6, 5, -2, 4, -4, -1, -4, 0, 1, -3, 0, 4, -3, 2, -4, 2, -4, 4, -1, -4, -2, -3, 6, -6, 1, -3, -3, 3, 1, 4, -6, 1, -6, 6, -3, -6, 2, 6, 5, -2, -1, 1, 4, -3, 1, -2, 4, 6, -6, 0, 3, 6, 5, -1, -4, -3, -1, 1, 6, 4, 2, -4, -6, 2, -3, -3, -5, -4, 3, 6, 1, 2, 5, 1, -3, -4, -1, -3, -2, -3, -1, 6, -5, -2, 0, -3, -6, -4, -1, 5, -6, 3, 2, -2]
 
3.80454166688: [5, 6, 1, 1, 1, 5, 5, 0, -3, -6, 5, -5, -4, 0, 5, -3, -1, -6, -2, 4, -1, 4, -5, 3, -4, -1, 5, 3, -5, 6, 5, -5, -4, 6, -2, 0, 5, -2, 3, 0, 5, 6, -1, -5, 6, 0, -5, 4, -3, 4, 5, -3, 3, -5, -6, -4, -5, -4, -4, 0, 0, 2, 5, -3, 1, 5, -6, 5, 1, 3, -6, -6, -5, -5, 4, -2, 0, -1, -6, -3, 2, -1, 6, -3, 2, -4, -5, -6, -4, -3, 0, 4, 1, -4, 1, 5, -2, -5, -1, -5, -5, -4, 2, 1, 1, 3, -5, -1, -4, -1, 0, -2, -5, -3, 3, -3, -6, 5, 5, 6, 5, 5, 6, 1, 5, 4, 5, -6]
 
3.08925696625: [6, 3, 6, -2, -5, -2, 4, 0, -3, -6, 5, -5, 5, 0, 6, -3, 2, -6, -2, 4, 5, 4, -5, -1, -4, -1, -5, 3, 3, -1, -6, 1, 6, 1, -1, -4, 0, 3, -5, -5, 2, 5, -6, -3, 0, -2, -6, -6, -6, -1, 6, 0, -6, 6, -3, -5, 2, 4, -3, -3, -3, 3, 1, 4, 2, 3, 6, 6, -3, -6, 2, 6, 5, 3, 4, -4, 4, 3, -1, -2, 4, 5, -6, -6, 3, 6, 5, -5, -4, -3, -1, 1, -4, -5, 6, -4, -2, -5, -1, -5, -5, -4, 2, 1, 1, 3, -5, -1, -4, -1, -3, -1, 1, 0, -5, 0, 3, -5, -2, -3, -6, -4, 4, 5, -6, 3, -5, -2]
 
1.77744053674: [-2, -6, -5, -6, -5, -4, 1, 1, -3, -2, 1, 6, -4, -6, 4, 3, 5, 1, -6, -2, -6, -4, 2, -6, -3, -3, 6, -4, -6, -3, 5, 4, 6, -3, 3, -2, -2, -6, 4, 5, -6, 3, 0, 5, 0, 5, -3, -3, 0, 1, -5, 4, -4, 6, 1, -5, 2, -5, 0, -2, -3, 6, -4, 6, -4, 6, -2, -4, -1, 5, -1, -1, 5, -5, 4, 6, 1, -2, 3, -4, -5, 6, 2, 6, 2, 0, -1, -3, 5, -2, -3, -1, 0, -6, 3, 3, 2, -4, -1, 0, 4, -3, -1, -1, 1, 3, -5, -1, -4, -1, -3, -1, -5, -3, 3, -3, -6, 5, 5, 6, 5, 5, 6, 1, 5, 4, 5, -6]
 
1.82162029775: [4, -6, -5, -6, -5, -4, 1, 1, -6, -2, 1, 6, -5, -6, 4, 3, 5, 0, -6, -2, -6, -3, 2, -6, 0, -4, 6, -4, -6, -1, 2, 4, 6, 0, -1, 5, -2, -6, -6, -2, -6, 3, -1, 5, 0, 0, 3, -6, -6, 1, 3, -4, -3, -1, -3, 6, 5, 4, -4, 0, 0, 2, 5, -3, 1, 5, 2, 1, -6, 0, -6, 5, 5, 2, 2, 1, 0, 1, 1, 1, 1, 3, 2, -5, -2, 1, 0, 1, 4, 0, 5, 4, 1, 5, 6, -6, -5, 2, 1, -5, -5, 2, 2, 1, 6, 3, 4, -1, -4, -1, -3, -1, -5, -3, -3, 0, -4, -5, -2, 3, -2, 4, 6, 2, -6, 0, 2, -1]
 
2.39261476888: [2, -5, 3, 5, 2, -2, 0, 3, -1, -4, -1, -6, -5, 1, 6, -4, 1, 3, 4, -5, 6, -1, -6, 3, -2, -3, -4, 6, 5, -6, -4, 5, 1, 5, 0, 6, -4, 4, -4, -1, 1, 0, -6, -2, 0, 4, -4, -5, -4, 2, 3, 4, -1, -4, 6, 0, 6, 4, -3, -3, -3, 3, 1, 4, 2, 3, 6, 6, -3, -6, -6, -6, -5, -5, 4, -2, 0, -1, -6, -3, 2, -1, 6, -3, 2, -4, -5, -6, -4, -3, 0, 4, 1, -4, 1, 5, -2, -5, -1, -5, -5, -4, 2, 1, 1, 3, -5, -1, -4, -1, -3, -1, -2, -2, 6, -1, 0, -5, -2, 3, 5, 4, -4, 2, -2, 3, -2, 5]
 
2.11411595814: [-6, -1, -4, 5, 2, -2, 0, 3, -1, -4, -1, -6, -5, -5, 5, -4, -1, 3, 5, 4, -1, -6, 6, 4, -6, -2, 5, 3, -5, 6, 5, -5, -4, 6, -2, 0, 5, -2, 3, 0, 5, 6, -1, -5, 6, 0, -4, -6, 1, -5, -5, 5, 4, 1, -1, 4, -3, -1, 0, 3, 2, -4, -2, -4, -4, 3, 2, 4, 1, 5, -1, 4, -6, -5, -4, 0, 4, -1, -4, 2, 6, 2, -6, -6, 3, 6, 5, -5, 4, -3, -1, 1, 6, -5, 1, -4, 2, 3, -3, 1, 5, -4, -2, 6, 1, 3, 5, 1, -3, -5, -1, -4, -2, -3, -2, 3, -5, -2, 2, 4, -6, 1, 1, -3, -5, 0, -6, -1]
 
1.99999314863: [2, -5, 3, 5, 2, -2, 0, 3, -1, -4, -1, -6, -5, 1, 6, -4, 1, 3, 4, -5, 6, -1, -6, 3, -2, -3, -4, 6, 5, -6, -4, 5, 1, 5, 0, 6, -4, 4, -4, -1, 1, 0, -6, -2, 0, 4, -4, -5, -4, 2, 3, 4, -1, -4, 6, 0, 6, 4, -3, -3, -3, 3, 1, 4, 2, 3, 6, 6, -3, -6, -6, -6, -5, -5, 4, -2, 0, -1, -6, -3, 2, -1, 6, -3, 2, -4, -5, -6, -4, -3, 0, 4, 1, -4, 1, 5, -2, -5, -1, -5, -5, -4, 2, 1, 1, 3, -5, -1, -4, -1, -3, -1, -5, -3, 6, -1, 0, -5, -2, 3, 5, 4, -4, 2, -5, 0, -6, -1]
 
3.66006760215: [-2, -6, -5, -6, -5, -4, 1, 1, -3, -2, 1, 6, -4, -6, 4, 3, 5, 1, -6, -2, -6, -4, 2, -6, -3, -3, 6, -4, -6, -3, 5, 4, 6, -3, 3, -2, -2, -6, 4, 5, -6, 3, 0, 5, 0, 5, -3, -3, 0, 1, -5, 4, -4, 6, 1, -5, 2, -5, 0, -2, -3, 6, -4, 6, -4, 6, -2, -4, -1, 5, -1, -1, 5, 1, 2, 1, 0, 1, 1, 1, 1, 3, 2, -6, -2, 1, 0, 1, 4, -1, 0, 4, 1, -4, 1, 5, -2, -5, -1, -5, -5, -4, 2, 1, 1, 3, -5, -1, -4, -1, -3, -1, -2, -2, 6, -1, 0, -5, -2, 3, 5, 4, -4, 2, -5, 0, -6, -1]
 
2.99271371579: [6, -1, -5, 6, 2, 3, 4, 5, -1, -4, -1, -6, -5, -5, 6, -4, 1, -1, -3, -5, 6, -1, 3, -4, 1, 6, -2, -5, -2, -5, 5, 5, -4, 2, 1, 5, -6, 6, 0, 1, 6, 4, -2, 3, -3, -1, -5, 4, -3, 4, 5, -3, 3, -5, -6, -4, -5, -4, -4, 0, 0, 2, 5, -3, 1, 5, -6, -3, 2, -4, -5, 5, 5, -5, 4, 6, 1, -2, 3, -4, -5, 6, 2, 6, 2, 0, -1, -3, 5, -2, -3, -1, 0, -6, 3, 3, 2, -4, -1, 0, 4, -3, -5, 1, 2, -2, -1, -2, -3, -2, -5, -6, -2, -6, -1, -3, 2, -2, 2, -3, -6, 1, 4, -3, -1, 3, -2, 0]
 
2.5207681492: [-6, 3, 6, -2, -5, -2, 4, 0, -3, -6, 5, -5, 5, 0, 6, -3, 2, -6, -2, 4, 5, 4, -5, -1, -4, -1, -5, 3, 3, -1, -6, 1, 6, 1, -1, -4, 0, 3, -5, -5, 2, 5, -6, -3, 0, -2, -6, -6, -6, -1, 6, 0, -6, 6, -3, -5, 2, 4, -3, -3, -3, 3, 1, 4, 2, 3, 6, 6, -3, -6, 2, 6, 5, 3, 4, -4, 4, 3, -1, -2, 4, 5, -6, -6, 3, 6, 5, -5, -4, -3, -1, 1, -4, -5, 6, -4, -2, -5, -1, -5, -5, -4, 2, 1, 1, 3, -5, -1, -4, -1, -3, -1, -5, -3, 3, -3, -6, 5, 5, 6, 5, 5, 6, 1, 5, 4, 5, -6]
 
3.61040864026: [-6, -1, -4, 5, 2, -2, 0, 0, -4, -6, 5, -5, -4, 0, 5, -3, -1, -6, -2, 4, -1, 4, -5, 3, -4, -1, -5, 0, -4, -6, -4, 5, 1, 5, 0, 6, -4, 4, -4, -1, 1, 0, -6, -2, 0, 4, -4, -5, -4, 2, 3, 4, -1, -4, 6, 0, 6, -5, 0, -2, -3, 6, -4, 6, -4, 6, -2, -4, -1, 5, -1, -1, 5, 1, 2, 1, 0, 1, 1, 1, 1, 3, 2, -6, -2, 1, 0, 1, 4, -1, 0, 4, 1, -4, 1, 5, -2, -5, -1, -5, -5, -4, 2, 1, 1, 3, -5, -1, -4, -1, -3, -1, -2, -2, 6, -1, 0, -5, -2, 3, 5, 4, -4, 2, -5, 0, -6, -1]
 
0.871390320319: [5, 4, 1, 1, 1, 5, 5, -6, 0, -6, 5, 6, -2, 0, 5, 6, -1, -6, -2, 4, -1, 4, -5, 3, -4, -1, -5, 4, -3, -6, 0, 5, 1, 5, 5, 6, -4, 2, 1, -1, 1, -2, 2, -2, -1, -2, -4, -5, 0, -5, 3, 4, -1, -4, 6, 0, 6, 2, -6, 6, 3, 0, 1, 1, -1, 3, 6, 6, -1, -6, 2, 6, 0, 3, 6, -6, 4, 3, -1, -4, 4, 2, -6, -6, 3, 6, -5, -5, -4, 6, 1, 1, -1, -3, 6, -4, 0, 3, -5, 6, -6, -4, -2, 6, 1, -3, 5, 1, -3, 3, -6, 3, -2, -2, -5, 3, -3, -5, -4, 5, -4, -4, 4, 5, -6, 3, 5, -2]
 
1.05613596264: [-5, 2, 0, -1, -1, -2, 0, 3, -1, 0, 3, -6, 0, -5, -5, 6, -1, 3, 5, 4, -1, -4, -4, 4, -6, -2, 5, 3, -5, 6, 5, -5, 6, -4, 6, 2, 5, -2, 3, 0, 5, 6, -1, -5, 6, -3, -4, 5, -4, -5, -4, 2, 4, 6, -1, -2, 6, -1, 0, 3, 2, -4, 6, -4, 4, 3, 2, 4, 1, -4, 2, -1, -5, -5, -3, -2, 0, -1, -6, -3, 2, -1, 6, -3, 2, -4, 2, -6, -4, -3, 0, 4, -6, -4, 1, 5, -2, -5, 4, -5, 1, -4, 2, 1, 1, -6, -5, 3, -4, 1, -3, -1, -2, -2, 1, -1, 0, -5, -5, -3, 5, -6, -1, 2, -6, -2, -6, -1]
 
1.02007061956: [-6, 4, -3, 5, 2, 5, 3, 3, -1, -4, -1, -6, -5, 3, 5, -4, -1, 4, 5, 4, -1, -2, 5, 4, -6, -1, 5, -4, -5, 6, 5, -5, -4, 6, -3, 0, 5, -2, 4, 5, 5, 6, -1, 5, 6, -5, 2, -4, -3, -5, -5, 5, -5, 1, 1, 4, -3, -1, 0, 5, 6, -4, -2, -4, -4, 3, 6, 6, 1, 5, -1, -6, -5, -5, 4, -2, 0, -1, -6, -2, 2, -1, 6, -3, -3, 5, -5, -6, 2, -3, 0, 0, 1, -3, -4, 2, -1, -5, -1, 6, -2, -4, 2, 1, 1, 3, -5, -1, -4, -5, -3, -3, -2, 5, -5, -1, 6, -5, -5, 3, 5, -4, -4, 2, 6, 0, -6, -1]
 
4.0655241442: [5, 6, 1, 1, 1, 5, 5, 0, -3, -6, 5, -5, -4, 0, 5, -3, -1, -6, -2, 4, -1, 4, -5, 3, -4, -1, 5, 3, -5, 6, 5, -5, -4, 6, -2, 0, 5, -2, 3, 0, 5, 6, -1, -5, 6, 0, -5, 4, -3, 4, 5, -3, 3, -5, -6, -4, -5, -4, -4, 0, 0, 2, 5, -3, 1, 5, -6, 5, 1, 3, -6, -6, -5, -5, 4, -2, 0, -1, -6, -3, 2, -1, 6, -3, 2, -4, -5, -6, -4, -3, 0, 4, 1, -4, 1, 5, -2, -5, -1, -5, -5, -4, 2, 1, 1, 3, -5, -1, -4, -1, -3, -1, -2, -2, 6, -1, 0, -5, -2, 3, 5, 4, -4, 2, -5, 0, -6, -1]
 
2.5108635348: [-6, -1, -4, 5, 2, -2, 0, 3, -1, -4, -1, -6, -5, -5, 5, -4, -1, 3, 5, 4, -1, -6, 6, 4, -6, -2, 5, 3, -5, 6, 5, -5, -4, 6, -2, 0, 5, -2, 3, 0, 6, 4, -2, 3, -3, -1, -5, 4, -3, 4, 5, -3, 3, -5, -6, -4, -5, -4, -4, 0, 0, 2, 5, -3, 1, 5, -6, 5, 1, 3, -6, -6, -5, -5, 4, -2, 0, -1, -6, -3, 2, -1, 6, -3, 2, -4, -5, -6, -4, -3, 0, 4, 1, -4, 1, 5, -2, -5, -1, -5, -5, -4, 2, 1, 1, 3, -5, -1, -4, -1, 0, -2, 1, 0, -5, 0, 3, -5, -2, -3, -6, -4, 4, 5, -6, 3, -5, -2]
 
