7.3198946709: [6, 3, 6, -2, -5, -2, 4, 0, -3, -6, 5, -5, 5, 0, 6, -3, 2, -6, -2, 4, 5, 4, -5, -1, -4, -1, -5, 0, -4, -6, -4, 5, 1, 5, 0, 6, -4, 4, -4, -1, 1, 0, -6, -2, 0, 4, -4, -5, -4, 2, 3, 4, -1, -4, 6, 0, 6, -5, 0, -2, -3, 6, -4, 6, -4, 6, -2, -4, -1, 3, -6, -6, -5, -5, 4, -2, 0, -1, -6, -3, 2, -1, -6, -6, 3, 6, 5, -6, -4, -3, 0, 4, 1, -4, 1, 5, -2, -5, -1, -5, -5, -4, 2, 1, 1, 3, -5, -1, -4, -1, -3, -1, -2, -2, 6, -1, 0, -5, -2, 3, 5, 4, -4, 2, -5, 0, -6, -1]
 
6.64984763446: [6, 3, 6, -2, -5, -2, 4, 0, -3, -6, 5, -5, 5, 0, 6, -3, 2, -6, -2, 4, 5, 4, -5, -1, -4, -1, -5, 0, -4, -6, -4, 5, 1, 5, 0, 6, -4, 4, -4, -1, 1, 0, -6, -2, 0, 4, -4, -5, -4, 2, 3, 4, -1, -4, 6, 0, 6, -5, 0, -2, -3, 6, -4, 6, -4, 6, -2, -4, -1, 3, -6, -6, -5, -5, 4, -2, 0, -1, -6, -3, 2, -1, -6, -6, 3, 6, 5, -6, -4, -3, 0, 4, 1, -4, 1, 5, -2, -5, -1, -5, -5, -4, 2, 1, 1, 3, -5, -1, -4, -1, -3, -1, -2, -2, 6, -1, 0, -5, -2, 3, 5, 4, -4, 2, -5, 0, -6, -1]
 
1.18327930843: [6, 3, 6, -2, -3, -2, 4, 0, 6, -6, 5, 6, 5, 0, 4, -1, 2, -6, -2, 4, -2, 1, 1, -1, -4, -1, -5, 0, 5, 4, 4, 6, 0, 5, 0, 6, -5, 1, 6, -5, 1, 0, -5, 5, -6, 4, -4, -5, -4, 2, 3, 4, -1, -4, 4, 0, 1, -5, 4, 2, -3, 6, -4, -3, -4, 4, -3, 1, -1, 4, 6, 0, -5, 6, 4, 3, -3, -1, -3, -4, 2, -1, 5, 5, -2, 6, 5, 1, 0, -3, 2, 3, 1, -4, 1, 2, -5, -6, -1, -5, -5, -4, 2, 1, 1, 3, -5, -2, -4, -1, -3, -1, 3, -2, 6, -1, 0, -5, -2, 3, 5, -4, -4, 6, -5, 0, -6, -1]
 
0.482937536869: [6, -4, 6, -2, 1, -2, 4, -2, -3, -4, 5, -5, 5, 2, 6, 2, 2, -6, -2, 4, -1, 4, -5, -4, -4, 6, 2, 0, 1, -6, -4, 5, 1, 5, 0, 6, -4, 5, -4, -1, -3, 0, -6, -2, 0, 4, -2, 1, -5, 2, 3, 4, -1, -4, 6, 2, 4, -5, 0, 4, -3, 6, -4, 6, -1, 6, -2, -4, -1, 3, -6, 2, -5, 5, 4, -2, 0, -1, -6, -3, 2, 2, -6, -6, 1, 6, 5, -3, -4, -6, 0, 4, 1, 2, -3, -1, -2, -3, -1, -5, -2, -3, 4, 4, -6, 3, -5, -1, 6, -1, -3, -1, -2, 5, 4, -1, 0, 3, -1, 3, 4, 6, 3, 2, 0, 0, -6, -1]
 
0.650429669769: [6, 3, 6, -4, 5, -2, 5, 0, -3, -6, 2, -5, 5, -1, 6, -3, 2, 4, -2, 4, 5, -6, -5, -5, -4, -1, -5, -5, -4, -6, -4, 5, 1, 5, 0, 6, -6, 4, -4, -1, 1, 5, -6, -2, -1, 5, -4, -5, -4, 2, 2, 2, -1, 0, 3, 0, 6, -2, 0, -2, -3, -2, -4, -4, -4, 6, 0, -3, -1, 3, -6, -6, 1, -5, 4, -2, -6, 6, -6, -3, 3, -1, 5, -6, -4, 6, -6, -6, -4, -3, -2, 4, 1, 0, -1, 1, -2, -4, -1, -5, 1, -4, 3, 1, 1, 3, 2, 2, -4, -3, -3, -1, 4, -2, 6, -1, 0, 4, -5, 3, 5, -3, -4, 2, -5, 0, -5, -5]
 
1.04536544893: [6, 3, 6, -2, -6, -2, 4, 0, -3, -6, 3, 0, 5, 0, 6, -2, -2, -6, -2, 4, 1, 4, -5, 2, -4, -5, 0, 0, -4, 2, -4, 5, 1, 5, 1, 6, -4, 4, -4, 4, 4, 0, -4, -2, 0, 4, -4, -5, -4, 2, 3, 4, 5, -4, 4, -6, 6, -5, 3, -2, -3, 6, 2, 6, -4, 6, 2, -4, -1, 3, -6, -6, 5, -5, -4, -2, 0, 6, 2, 1, 2, -1, -2, -6, 3, 6, -1, 3, -3, 5, 0, -5, 1, 6, 1, 5, -2, -5, 0, 5, -2, -4, -4, 1, 1, 3, 1, -1, -4, -1, -3, -1, -6, -2, 6, -1, 0, -4, 4, 3, 5, 2, 0, 1, 1, 0, -6, -1]
 
6.51346554723: [6, 3, 6, -2, -5, -2, 4, 0, -3, -6, 5, -5, 5, 0, 6, -3, 2, -6, -2, 4, 5, 4, -5, -1, -4, -1, -5, 0, -4, -6, -4, 5, 1, 5, 0, 6, -4, 4, -4, -1, 1, 0, -6, -2, 0, 4, -4, -5, -4, 2, 3, 4, -1, -4, 6, 0, 6, -5, 0, -2, -3, 6, -4, 6, -4, 6, -2, -4, -1, 3, -6, -6, -5, -5, 4, -2, 0, -1, -6, -3, 2, -1, -6, -6, 3, 6, 5, -6, -4, -3, 0, 4, 1, -4, 1, 5, -2, -5, -1, -5, -5, -4, 2, 1, 1, 3, -5, -1, -4, -1, -3, -1, -2, -2, 6, -1, 0, -5, -2, 3, 5, 4, -4, 2, -5, 0, -6, -1]
 
6.49031752087: [6, 3, 6, -2, -5, -2, 4, 0, -3, -6, 5, -5, 5, 0, 6, -3, 2, -6, -2, 4, 5, 4, -5, -1, -4, -1, -5, 0, -4, -6, -4, 5, 1, 5, 0, 6, -4, 4, -4, -1, 1, 0, -6, -2, 0, 4, -4, -5, -4, 2, 3, 4, -1, -4, 6, 0, 6, -5, 0, -2, -3, 6, -4, 6, -4, 6, -2, -4, -1, 3, -6, -6, -5, -5, 4, -2, 0, -1, -6, -3, 2, -1, -6, -6, 3, 6, 5, -6, -4, -3, 0, 4, 1, -4, 1, 5, -2, -5, -1, -5, -5, -4, 2, 1, 1, 3, -5, -1, -4, -1, -3, -1, -2, -2, 6, -1, 0, -5, -2, 3, 5, 4, -4, 2, -5, 0, -6, -1]
 
6.48191284737: [6, 3, 6, -2, -5, -2, 4, 0, -3, -6, 5, -5, 5, 0, 6, -3, 2, -6, -2, 4, 5, 4, -5, -1, -4, -1, -5, 0, -4, -6, -4, 5, 1, 5, 0, 6, -4, 4, -4, -1, 1, 0, -6, -2, 0, 4, -4, -5, -4, 2, 3, 4, -1, -4, 6, 0, 6, -5, 0, -2, -3, 6, -4, 6, -4, 6, -2, -4, -1, 3, -6, -6, -5, -5, 4, -2, 0, -1, -6, -3, 2, -1, -6, -6, 3, 6, 5, -6, -4, -3, 0, 4, 1, -4, 1, 5, -2, -5, -1, -5, -5, -4, 2, 1, 1, 3, -5, -1, -4, -1, -3, -1, -2, -2, 6, -1, 0, -5, -2, 3, 5, 4, -4, 2, -5, 0, -6, -1]
 
6.46120794069: [6, 3, 6, -2, -5, -2, 4, 0, -3, -6, 5, -5, 5, 0, 6, -3, 2, -6, -2, 4, 5, 4, -5, -1, -4, -1, -5, 0, -4, -6, -4, 5, 1, 5, 0, 6, -4, 4, -4, -1, 1, 0, -6, -2, 0, 4, -4, -5, -4, 2, 3, 4, -1, -4, 6, 0, 6, -5, 0, -2, -3, 6, -4, 6, -4, 6, -2, -4, -1, 3, -6, -6, -5, -5, 4, -2, 0, -1, -6, -3, 2, -1, -6, -6, 3, 6, 5, -6, -4, -3, 0, 4, 1, -4, 1, 5, -2, -5, -1, -5, -5, -4, 2, 1, 1, 3, -5, -1, -4, -1, -3, -1, -2, -2, 6, -1, 0, -5, -2, 3, 5, 4, -4, 2, -5, 0, -6, -1]
 
6.44894286166: [6, 3, 6, -2, -5, -2, 4, 0, -3, -6, 5, -5, 5, 0, 6, -3, 2, -6, -2, 4, -1, 4, -5, 3, -4, -1, -5, 0, -4, -6, -4, 5, 1, 5, 0, 6, -4, 4, -4, -1, 1, 0, -6, -2, 0, 4, -4, -5, -4, 2, 3, 4, -1, -4, 6, 0, 6, -5, 0, -2, -3, 6, -4, 6, -4, 6, -2, -4, -1, 3, -6, -6, -5, -5, 4, -2, 0, -1, -6, -3, 2, -1, -6, -6, 3, 6, 5, -6, -4, -3, 0, 4, 1, -4, 1, 5, -2, -5, -1, -5, -5, -4, 2, 1, 1, 3, -5, -1, -4, -1, -3, -1, -2, -2, 6, -1, 0, -5, -2, 3, 5, 4, -4, 2, -5, 0, -6, -1]
 
6.4385941126: [6, 3, 6, -2, -5, -2, 4, 0, -3, -6, 5, -5, 5, 0, 6, -3, 2, -6, -2, 4, 5, 4, -5, -1, -4, -1, -5, 0, -4, -6, -4, 5, 1, 5, 0, 6, -4, 4, -4, -1, 1, 0, -6, -2, 0, 4, -4, -5, -4, 2, 3, 4, -1, -4, 6, 0, 6, -5, 0, -2, -3, 6, -4, 6, -4, 6, -2, -4, -1, 3, -6, -6, -5, -5, 4, -2, 0, -1, -6, -3, 2, -1, -6, -6, 3, 6, 5, -6, -4, -3, 0, 4, 1, -4, 1, 5, -2, -5, -1, -5, -5, -4, 2, 1, 1, 3, -5, -1, -4, -1, -3, -1, -2, -2, 6, -1, 0, -5, -2, 3, 5, 4, -4, 2, -5, 0, -6, -1]
 
1.41840020408: [1, 3, 1, -2, -5, 4, 4, 0, -3, -6, 5, -5, 5, 0, -5, -3, 2, -6, -5, 4, 5, -1, -5, -6, -5, -1, -5, 0, -4, -6, -4, 5, 1, 5, 0, 6, -6, 4, -4, 0, 1, 0, -4, -2, 3, 4, -4, -5, -4, 2, 3, 4, -1, -4, 5, 0, 6, -5, 0, 2, -3, -1, -4, 6, -4, 6, -2, -5, -1, 3, -6, -6, -1, -5, 4, -5, 2, 6, -6, -3, 0, 5, -6, -6, -6, 6, -5, 1, -4, -3, -2, 4, 1, -4, 1, 5, 3, -4, -1, -5, 6, -3, 2, 6, 1, 3, 6, -1, -4, -1, -3, -1, -2, -2, -3, -1, 0, -5, -5, -1, 5, 4, -4, 2, -5, 0, -6, 5]
 
6.40808463513: [6, 3, 6, -2, -5, -2, 4, 0, -3, -6, 5, -5, 5, 0, 6, -3, 2, -6, -2, 4, 5, 4, -5, -1, -4, -1, -5, 0, -4, -6, -4, 5, 1, 5, 0, 6, -4, 4, -4, -1, 1, 0, -6, -2, 0, 4, -4, -5, -4, 2, 3, 4, -1, -4, 6, 0, 6, -5, 0, -2, -3, 6, -4, 6, -4, 6, -2, -4, -1, 3, -6, -6, -5, -5, 4, -2, 0, -1, -6, -3, 2, -1, -6, -6, 3, 6, 5, -6, -4, -3, 0, 4, 1, -4, 1, 5, -2, -5, -1, -5, -5, -4, 2, 1, 1, 3, -5, -1, -4, -1, -3, -1, -2, -2, 6, -1, 0, -5, -2, 3, 5, 4, -4, 2, -5, 0, -6, -1]
 
6.38904577448: [6, 3, 6, -2, -5, -2, 4, 0, -3, -6, 5, -5, 5, 0, 6, -3, 2, -6, -2, 4, -1, 4, -5, 3, -4, -1, -5, 0, -4, -6, -4, 5, 1, 5, 0, 6, -4, 4, -4, -1, 1, 0, -6, -2, 0, 4, -4, -5, -4, 2, 3, 4, -1, -4, 6, 0, 6, -5, 0, -2, -3, 6, -4, 6, -4, 6, -2, -4, -1, 3, -6, -6, -5, -5, 4, -2, 0, -1, -6, -3, 2, -1, -6, -6, 3, 6, 5, -6, -4, -3, 0, 4, 1, -4, 1, 5, -2, -5, -1, -5, -5, -4, 2, 1, 1, 3, -5, -1, -4, -1, -3, -1, -2, -2, 6, -1, 0, -5, -2, 3, 5, 4, -4, 2, -5, 0, -6, -1]
 
1.18962649721: [6, 3, 6, 4, -5, 4, -2, 0, -3, -4, 5, -5, 2, 0, 6, -3, -4, -6, -2, 4, -1, -5, -5, -3, 4, -1, -5, -1, -4, -6, -4, 5, -4, 5, -6, -6, -6, 4, -3, 5, 1, 0, -6, 3, 0, 6, -4, -5, -4, 2, 3, 6, -1, -4, 6, 0, 6, -5, -5, 5, -3, 6, -1, 6, -4, 6, 6, -4, -1, -5, -6, -5, -5, -5, 4, 0, 0, 0, -6, -3, 1, -1, -6, -6, 4, 6, 0, -6, -4, -3, -3, 5, 1, -4, 3, 1, -2, -3, -1, -5, 4, 6, 2, 1, 1, 3, -5, -1, 0, -6, -3, -1, -3, 6, 6, 1, 0, -5, -6, 2, -1, -5, -4, 2, 0, 0, -4, -1]
 
-1000: [6, 3, 6, -5, -5, -2, 4, 0, 4, -6, 5, -5, 5, 0, 6, -3, 2, -1, -2, 4, 4, 5, -5, -1, -6, 2, -5, 0, -4, 5, -4, 5, 4, 2, -1, 3, -4, 4, -4, -1, 1, 0, -6, 0, 0, 4, 0, -5, -3, 2, 3, 4, -1, -4, 6, 3, 6, -5, 0, -2, -3, 0, -4, 6, -4, 6, -2, -4, -1, 4, 4, -6, -1, -5, 4, -2, 0, -1, 5, -3, -4, -1, -1, -6, -3, 5, 6, -6, -4, -3, -4, 4, -4, -5, 1, -4, -2, -5, 3, -5, 3, 6, 4, 2, 1, -1, 0, -1, 5, -5, -3, 4, -2, -2, 6, -2, 0, 3, 4, 5, 5, 4, -4, -5, -5, 5, -6, -1]
 
6.37906567156: [6, 3, 6, -2, -5, -2, 4, 0, -3, -6, 5, -5, 5, 0, 6, -3, 2, -6, -2, 4, 5, 4, -5, -1, -4, -1, -5, 0, -4, -6, -4, 5, 1, 5, 0, 6, -4, 4, -4, -1, 1, 0, -6, -2, 0, 4, -4, -5, -4, 2, 3, 4, -1, -4, 6, 0, 6, -5, 0, -2, -3, 6, -4, 6, -4, 6, -2, -4, -1, 3, -6, -6, -5, -5, 4, -2, 0, -1, -6, -3, 2, -1, -6, -6, 3, 6, 5, -6, -4, -3, 0, 4, 1, -4, 1, 5, -2, -5, -1, -5, -5, -4, 2, 1, 1, 3, -5, -1, -4, -1, -3, -1, -2, -2, 6, -1, 0, -5, -2, 3, 5, 4, -4, 2, -5, 0, -6, -1]
 
6.37840591721: [6, 3, 6, -2, -5, -2, 4, 0, -3, -6, 5, -5, 5, 0, 6, -3, 2, -6, -2, 4, 5, 4, -5, -1, -4, -1, -5, 0, -4, -6, -4, 5, 1, 5, 0, 6, -4, 4, -4, -1, 1, 0, -6, -2, 0, 4, -4, -5, -4, 2, 3, 4, -1, -4, 6, 0, 6, -5, 0, -2, -3, 6, -4, 6, -4, 6, -2, -4, -1, 3, -6, -6, -5, -5, 4, -2, 0, -1, -6, -3, 2, -1, -6, -6, 3, 6, 5, -6, -4, -3, 0, 4, 1, -4, 1, 5, -2, -5, -1, -5, -5, -4, 2, 1, 1, 3, -5, -1, -4, -1, -3, -1, -2, -2, 6, -1, 0, -5, -2, 3, 5, 4, -4, 2, -5, 0, -6, -1]
 
6.36378352696: [6, 3, 6, -2, -5, -2, 4, 0, -3, -6, 5, -5, 5, 0, 6, -3, 2, -6, -2, 4, 5, 4, -5, -1, -4, -1, -5, 0, -4, -6, -4, 5, 1, 5, 0, 6, -4, 4, -4, -1, 1, 0, -6, -2, 0, 4, -4, -5, -4, 2, 3, 4, -1, -4, 6, 0, 6, -5, 0, -2, -3, 6, -4, 6, -4, 6, -2, -4, -1, 3, -6, -6, -5, -5, 4, -2, 0, -1, -6, -3, 2, -1, -6, -6, 3, 6, 5, -6, -4, -3, 0, 4, 1, -4, 1, 5, -2, -5, -1, -5, -5, -4, 2, 1, 1, 3, -5, -1, -4, -1, -3, -1, -2, -2, 6, -1, 0, -5, -2, 3, 5, 4, -4, 2, -5, 0, -6, -1]
 
6.3480275797: [6, 3, 6, -2, -5, -2, 4, 0, -3, -6, 5, -5, 5, 0, 6, -3, 2, -6, -2, 4, -1, 4, -5, 3, -4, -1, -5, 0, -4, -6, -4, 5, 1, 5, 0, 6, -4, 4, -4, -1, 1, 0, -6, -2, 0, 4, -4, -5, -4, 2, 3, 4, -1, -4, 6, 0, 6, -5, 0, -2, -3, 6, -4, 6, -4, 6, -2, -4, -1, 3, -6, -6, -5, -5, 4, -2, 0, -1, -6, -3, 2, -1, -6, -6, 3, 6, 5, -6, -4, -3, 0, 4, 1, -4, 1, 5, -2, -5, -1, -5, -5, -4, 2, 1, 1, 3, -5, -1, -4, -1, -3, -1, -2, -2, 6, -1, 0, -5, -2, 3, 5, 4, -4, 2, -5, 0, -6, -1]
 
6.34587738369: [6, 3, 6, -2, -5, -2, 4, 0, -3, -6, 5, -5, 5, 0, 6, -3, 2, -6, -2, 4, -1, 4, -5, 3, -4, -1, -5, 0, -4, -6, -4, 5, 1, 5, 0, 6, -4, 4, -4, -1, 1, 0, -6, -2, 0, 4, -4, -5, -4, 2, 3, 4, -1, -4, 6, 0, 6, -5, 0, -2, -3, 6, -4, 6, -4, 6, -2, -4, -1, 3, -6, -6, -5, -5, 4, -2, 0, -1, -6, -3, 2, -1, -6, -6, 3, 6, 5, -6, -4, -3, 0, 4, 1, -4, 1, 5, -2, -5, -1, -5, -5, -4, 2, 1, 1, 3, -5, -1, -4, -1, -3, -1, -2, -2, 6, -1, 0, -5, -2, 3, 5, 4, -4, 2, -5, 0, -6, -1]
 
0.912660094467: [-1, 3, 6, -3, -5, -2, 6, 0, -3, -6, 5, -5, -6, -4, 2, -5, 2, 5, 1, 4, 5, 4, -5, 6, 3, -1, -5, 0, -4, -6, -1, 5, 1, 3, 0, 6, -4, 4, -4, -1, 1, 0, 2, 4, -5, 4, -4, -5, -4, 2, 3, 5, -1, 1, -5, -2, 5, -5, 6, 3, -3, -2, -4, 6, 0, 1, -2, -4, -5, 3, -6, -6, -5, -4, -2, -5, 0, -1, -6, 3, -1, -2, -4, -6, 3, 6, 5, 6, -4, 1, 0, 6, 6, -5, 1, -2, 1, -5, -1, -5, -5, 0, -6, 1, 1, 1, -5, -1, -4, -1, -3, -1, -2, -2, 6, -1, 0, -5, -2, -6, 4, 2, -4, 2, -3, 0, -6, -5]
 
6.3391375445: [6, 3, 6, -2, -5, -2, 4, 0, -3, -6, 5, -5, 5, 0, 6, -3, 2, -6, -2, 4, 5, 4, -5, -1, -4, -1, -5, 0, -4, -6, -4, 5, 1, 5, 0, 6, -4, 4, -4, -1, 1, 0, -6, -2, 0, 4, -4, -5, -4, 2, 3, 4, -1, -4, 6, 0, 6, -5, 0, -2, -3, 6, -4, 6, -4, 6, -2, -4, -1, 3, -6, -6, -5, -5, 4, -2, 0, -1, -6, -3, 2, -1, -6, -6, 3, 6, 5, -6, -4, -3, 0, 4, 1, -4, 1, 5, -2, -5, -1, -5, -5, -4, 2, 1, 1, 3, -5, -1, -4, -1, -3, -1, -2, -2, 6, -1, 0, -5, -2, 3, 5, 4, -4, 2, -5, 0, -6, -1]
 
2.03968963962: [6, 3, 6, -4, -5, -2, 4, 3, -3, -6, -2, -5, 5, 0, 6, -3, 2, -6, -5, 4, 5, 4, -5, 6, -4, -1, 4, 0, -4, -6, 1, 5, 3, 5, -3, -2, -4, -4, 3, -1, 4, 2, -6, -2, 0, 5, -4, -5, -3, 1, 3, 4, -1, -2, 6, 0, 5, 1, 0, -2, -3, 6, -4, 5, -4, 6, -2, 6, 1, -1, -6, 6, -5, -5, 4, 3, 0, -4, -6, 4, 2, -1, -6, -1, 6, -1, 5, -6, -4, -3, 2, 4, 1, 4, 1, 1, -3, -5, -1, -5, 1, -4, 4, -3, 1, 3, -5, -6, -4, -1, -3, -1, -2, 5, 6, -1, 0, -4, -2, 3, 5, 4, -4, 2, 0, 2, -3, -1]
 
6.32396036837: [6, 3, 6, -2, -5, -2, 4, 0, -3, -6, 5, -5, 5, 0, 6, -3, 2, -6, -2, 4, -1, 4, -5, 3, -4, -1, -5, 0, -4, -6, -4, 5, 1, 5, 0, 6, -4, 4, -4, -1, 1, 0, -6, -2, 0, 4, -4, -5, -4, 2, 3, 4, -1, -4, 6, 0, 6, -5, 0, -2, -3, 6, -4, 6, -4, 6, -2, -4, -1, 3, -6, -6, -5, -5, 4, -2, 0, -1, -6, -3, 2, -1, -6, -6, 3, 6, 5, -6, -4, -3, 0, 4, 1, -4, 1, 5, -2, -5, -1, -5, -5, -4, 2, 1, 1, 3, -5, -1, -4, -1, -3, -1, -2, -2, 6, -1, 0, -5, -2, 3, 5, 4, -4, 2, -5, 0, -6, -1]
 
6.3154917319: [6, 3, 6, -2, -5, -2, 4, 0, -3, -6, 5, -5, 5, 0, 6, -3, 2, -6, -2, 4, -1, 4, -5, 3, -4, -1, -5, 0, -4, -6, -4, 5, 1, 5, 0, 6, -4, 4, -4, -1, 1, 0, -6, -2, 0, 4, -4, -5, -4, 2, 3, 4, -1, -4, 6, 0, 6, -5, 0, -2, -3, 6, -4, 6, -4, 6, -2, -4, -1, 3, -6, -6, -5, -5, 4, -2, 0, -1, -6, -3, 2, -1, -6, -6, 3, 6, 5, -6, -4, -3, 0, 4, 1, -4, 1, 5, -2, -5, -1, -5, -5, -4, 2, 1, 1, 3, -5, -1, -4, -1, -3, -1, -2, -2, 6, -1, 0, -5, -2, 3, 5, 4, -4, 2, -5, 0, -6, -1]
 
6.30850909949: [6, 3, 6, -2, -5, -2, 4, 0, -3, -6, 5, -5, 5, 0, 6, -3, 2, -6, -2, 4, 5, 4, -5, -1, -4, -1, -5, 0, -4, -6, -4, 5, 1, 5, 0, 6, -4, 4, -4, -1, 1, 0, -6, -2, 0, 4, -4, -5, -4, 2, 3, 4, -1, -4, 6, 0, 6, -5, 0, -2, -3, 6, -4, 6, -4, 6, -2, -4, -1, 3, -6, -6, -5, -5, 4, -2, 0, -1, -6, -3, 2, -1, -6, -6, 3, 6, 5, -6, -4, -3, 0, 4, 1, -4, 1, 5, -2, -5, -1, -5, -5, -4, 2, 1, 1, 3, -5, -1, -4, -1, -3, -1, -2, -2, 6, -1, 0, -5, -2, 3, 5, 4, -4, 2, -5, 0, -6, -1]
 
6.30514006073: [6, 3, 6, -2, -5, -2, 4, 0, -3, -6, 5, -5, 5, 0, 6, -3, 2, -6, -2, 4, -1, 4, -5, 3, -4, -1, -5, 0, -4, -6, -4, 5, 1, 5, 0, 6, -4, 4, -4, -1, 1, 0, -6, -2, 0, 4, -4, -5, -4, 2, 3, 4, -1, -4, 6, 0, 6, -5, 0, -2, -3, 6, -4, 6, -4, 6, -2, -4, -1, 3, -6, -6, -5, -5, 4, -2, 0, -1, -6, -3, 2, -1, -6, -6, 3, 6, 5, -6, -4, -3, 0, 4, 1, -4, 1, 5, -2, -5, -1, -5, -5, -4, 2, 1, 1, 3, -5, -1, -4, -1, -3, -1, -2, -2, 6, -1, 0, -5, -2, 3, 5, 4, -4, 2, -5, 0, -6, -1]
 
6.30104920049: [6, 3, 6, -2, -5, -2, 4, 0, -3, -6, 5, -5, 5, 0, 6, -3, 2, -6, -2, 4, 5, 4, -5, -1, -4, -1, -5, 0, -4, -6, -4, 5, 1, 5, 0, 6, -4, 4, -4, -1, 1, 0, -6, -2, 0, 4, -4, -5, -4, 2, 3, 4, -1, -4, 6, 0, 6, -5, 0, -2, -3, 6, -4, 6, -4, 6, -2, -4, -1, 3, -6, -6, -5, -5, 4, -2, 0, -1, -6, -3, 2, -1, -6, -6, 3, 6, 5, -6, -4, -3, 0, 4, 1, -4, 1, 5, -2, -5, -1, -5, -5, -4, 2, 1, 1, 3, -5, -1, -4, -1, -3, -1, -2, -2, 6, -1, 0, -5, -2, 3, 5, 4, -4, 2, -5, 0, -6, -1]
 
6.28596649044: [6, 3, 6, -2, -5, -2, 4, 0, -3, -6, 5, -5, 5, 0, 6, -3, 2, -6, -2, 4, 5, 4, -5, -1, -4, -1, -5, 0, -4, -6, -4, 5, 1, 5, 0, 6, -4, 4, -4, -1, 1, 0, -6, -2, 0, 4, -4, -5, -4, 2, 3, 4, -1, -4, 6, 0, 6, -5, 0, -2, -3, 6, -4, 6, -4, 6, -2, -4, -1, 3, -6, -6, -5, -5, 4, -2, 0, -1, -6, -3, 2, -1, -6, -6, 3, 6, 5, -6, -4, -3, 0, 4, 1, -4, 1, 5, -2, -5, -1, -5, -5, -4, 2, 1, 1, 3, -5, -1, -4, -1, -3, -1, -2, -2, 6, -1, 0, -5, -2, 3, 5, 4, -4, 2, -5, 0, -6, -1]
 
6.27527070354: [6, 3, 6, -2, -5, -2, 4, 0, -3, -6, 5, -5, 5, 0, 6, -3, 2, -6, -2, 4, 5, 4, -5, -1, -4, -1, -5, 0, -4, -6, -4, 5, 1, 5, 0, 6, -4, 4, -4, -1, 1, 0, -6, -2, 0, 4, -4, -5, -4, 2, 3, 4, -1, -4, 6, 0, 6, -5, 0, -2, -3, 6, -4, 6, -4, 6, -2, -4, -1, 3, -6, -6, -5, -5, 4, -2, 0, -1, -6, -3, 2, -1, -6, -6, 3, 6, 5, -6, -4, -3, 0, 4, 1, -4, 1, 5, -2, -5, -1, -5, -5, -4, 2, 1, 1, 3, -5, -1, -4, -1, -3, -1, -2, -2, 6, -1, 0, -5, -2, 3, 5, 4, -4, 2, -5, 0, -6, -1]
 
2.61638637931: [6, 3, 6, -2, -6, -2, 4, 5, -3, 4, 5, -5, -5, 0, 1, -2, 2, -6, -2, -2, 5, 4, -5, -1, 1, -3, 5, 0, -4, -6, -4, -2, 1, 5, 0, 6, -4, -6, 3, -1, 1, 0, -6, -2, 4, -4, -4, 2, 4, 2, 3, 4, 4, -4, 0, 5, 6, -5, 0, -2, -3, 6, -4, 6, -4, 1, -2, -2, -1, -4, -6, -6, -5, -5, -4, -5, 0, 3, -6, 2, -1, -1, -1, -6, -5, 4, 5, -6, 4, 3, 0, 4, -2, 3, 0, 5, -2, -6, -4, -6, 1, -4, -3, 1, 1, 3, -5, 2, -4, -1, 6, -1, 6, -2, 6, -1, 0, -5, 6, 3, 5, 4, -4, 3, -5, 0, 5, -1]
 
6.11392655015: [6, 3, 6, -2, -5, -2, 4, 0, -3, -6, 5, -5, 5, 0, 6, -3, 2, -6, -2, 4, 5, 4, -5, -1, -4, -1, -5, 0, -4, -6, -4, 5, 1, 5, 0, 6, -4, 4, -4, -1, 1, 0, -6, -2, 0, 4, -4, -5, -4, 2, 3, 4, -1, -4, 6, 0, 6, -5, 0, -2, -3, 6, -4, 6, -4, 6, -2, -4, -1, 3, -6, -6, -5, -5, 4, -2, 0, -1, -6, -3, 2, -1, -6, -6, 3, 6, 5, -6, -4, -3, 0, 4, 1, -4, 1, 5, -2, -5, -1, -5, -5, -4, 2, 1, 1, 3, -5, -1, -4, -1, -3, -1, -2, -2, 6, -1, 0, -5, -2, 3, 5, 4, -4, 2, -5, 0, -6, -1]
 
6.39698625241: [6, 3, 6, -2, -5, -2, 4, 0, -3, -6, 5, -5, 5, 0, 6, -3, 2, -6, -2, 4, 5, 4, -5, -1, -4, -1, -5, 0, -4, -6, -4, 5, 1, 5, 0, 6, -4, 4, -4, -1, 1, 0, -6, -2, 0, 4, -4, -5, -4, 2, 3, 4, -1, -4, 6, 0, 6, -5, 0, -2, -3, 6, -4, 6, -4, 6, -2, -4, -1, 3, -6, -6, -5, -5, 4, -2, 0, -1, -6, -3, 2, -1, -6, -6, 3, 6, 5, -6, -4, -3, 0, 4, 1, -4, 1, 5, -2, -5, -1, -5, -5, -4, 2, 1, 1, 3, -5, -1, -4, -1, -3, -1, -2, -2, 6, -1, 0, -5, -2, 3, 5, 4, -4, 2, -5, 0, -6, -1]
 
5.88771123752: [6, 3, 6, -2, -5, -2, 4, 0, -3, -6, 5, -5, 5, 0, 6, -3, 2, -6, -2, 4, 5, 4, -5, -1, -4, -1, -5, 0, -4, -6, -4, 5, 1, 5, 0, 6, -4, 4, -4, -1, 1, 0, -6, -2, 0, 4, -4, -5, -4, 2, 3, 4, -1, -4, 6, 0, 6, -5, 0, -2, -3, 6, -4, 6, -4, 6, -2, -4, -1, 3, -6, -6, -5, -5, 4, -2, 0, -1, -6, -3, 2, -1, -6, -6, 3, 6, 5, -6, -4, -3, 0, 4, 1, -4, 1, 5, -2, -5, -1, -5, -5, -4, 2, 1, 1, 3, -5, -1, -4, -1, -3, -1, -2, -2, 6, -1, 0, -5, -2, 3, 5, 4, -4, 2, -5, 0, -6, -1]
 
2.11876545636: [5, 3, 6, -2, -5, -2, 0, 0, -3, -6, -5, -5, 5, 0, 6, -2, 2, -6, -2, 0, -1, 4, -5, 3, 6, 3, -5, 0, -4, -1, 4, 5, 1, 3, 0, -1, -4, 4, -4, 2, 1, 0, -6, -4, 2, 4, -2, -2, -4, 2, -6, 2, -5, -4, 6, 5, 0, -5, 0, -2, 6, 2, -4, 3, -3, 6, -4, -4, -1, 3, 1, -6, -6, -6, 4, -2, 0, -1, 0, -5, 2, -1, -1, -6, 3, 6, 6, -6, -2, -3, 0, 4, 1, -6, 4, 5, -2, -6, -1, -5, -6, 2, 2, 1, 1, 3, 0, -1, -4, -1, -3, -1, -2, -2, 6, 3, -5, -5, -2, 3, -1, 4, -4, 2, -5, 0, -6, 0]
 
6.03885073357: [6, 3, 6, -2, -5, -2, 4, 0, -3, -6, 5, -5, 5, 0, 6, -3, 2, -6, -2, 4, 5, 4, -5, -1, -4, -1, -5, 0, -4, -6, -4, 5, 1, 5, 0, 6, -4, 4, -4, -1, 1, 0, -6, -2, 0, 4, -4, -5, -4, 2, 3, 4, -1, -4, 6, 0, 6, -5, 0, -2, -3, 6, -4, 6, -4, 6, -2, -4, -1, 3, -6, -6, -5, -5, 4, -2, 0, -1, -6, -3, 2, -1, -6, -6, 3, 6, 5, -6, -4, -3, 0, 4, 1, -4, 1, 5, -2, -5, -1, -5, -5, -4, 2, 1, 1, 3, -5, -1, -4, -1, -3, -1, -2, -2, 6, -1, 0, -5, -2, 3, 5, 4, -4, 2, -5, 0, -6, -1]
 
5.77817941182: [6, 3, 6, -2, -5, -2, 4, 0, -3, -6, 5, -5, 5, 0, 6, -3, 2, -6, -2, 4, 5, 4, -5, -1, -4, -1, -5, 0, -4, -6, -4, 5, 1, 5, 0, 6, -4, 4, -4, -1, 1, 0, -6, -2, 0, 4, -4, -5, -4, 2, 3, 4, -1, -4, 6, 0, 6, -5, 0, -2, -3, 6, -4, 6, -4, 6, -2, -4, -1, 3, -6, -6, -5, -5, 4, -2, 0, -1, -6, -3, 2, -1, -6, -6, 3, 6, 5, -6, -4, -3, 0, 4, 1, -4, 1, 5, -2, -5, -1, -5, -5, -4, 2, 1, 1, 3, -5, -1, -4, -1, -3, -1, -2, -2, 6, -1, 0, -5, -2, 3, 5, 4, -4, 2, -5, 0, -6, -1]
 
5.92892969291: [6, 3, 6, -2, -5, -2, 4, 0, -3, -6, 5, -5, 5, 0, 6, -3, 2, -6, -2, 4, -1, 4, -5, 3, -4, -1, -5, 0, -4, -6, -4, 5, 1, 5, 0, 6, -4, 4, -4, -1, 1, 0, -6, -2, 0, 4, -4, -5, -4, 2, 3, 4, -1, -4, 6, 0, 6, -5, 0, -2, -3, 6, -4, 6, -4, 6, -2, -4, -1, 3, -6, -6, -5, -5, 4, -2, 0, -1, -6, -3, 2, -1, -6, -6, 3, 6, 5, -6, -4, -3, 0, 4, 1, -4, 1, 5, -2, -5, -1, -5, -5, -4, 2, 1, 1, 3, -5, -1, -4, -1, -3, -1, -2, -2, 6, -1, 0, -5, -2, 3, 5, 4, -4, 2, -5, 0, -6, -1]
 
1.15364917099: [6, 4, -1, -2, -5, 2, 4, 0, 4, -6, 5, -5, 5, 0, 6, -3, 0, 5, -6, 4, -1, 4, -5, -1, 2, -1, 5, 0, -1, 5, 0, 5, 5, 5, -1, 0, -4, -1, -4, -1, 1, 0, -2, -2, -6, -1, -4, -6, -3, 2, -5, 4, -1, -2, 1, 0, 6, -5, 0, -2, 5, 6, -4, 6, -4, 6, 5, -4, -1, -2, -6, -6, -5, -5, 4, -2, 0, -5, -6, -3, 2, -1, -6, -6, 3, -6, 5, -6, -4, -3, -4, 4, 1, -4, 5, 5, -2, 3, -1, -5, -2, 1, 2, 1, 1, 3, 6, -1, -4, -6, -3, -1, -5, -3, 6, -1, 0, -5, -2, -4, 5, 4, 4, 2, -5, 3, 3, -1]
 
0.687553739599: [6, 3, 3, -1, 2, -2, -1, -2, -3, -6, 5, -5, -6, 0, 6, -3, 2, -6, 0, -5, -1, 4, -5, -1, -4, -1, 6, 0, -4, -6, -4, 2, 1, 5, 0, 2, -4, 4, -1, 5, 1, 0, -6, 4, 0, 1, -4, -5, 5, 6, 3, 5, -2, 2, 6, 0, 6, -3, -3, -2, -3, 6, -4, 6, -4, -4, -2, 3, -1, 3, -4, -6, -5, -4, 4, -2, 1, -1, -6, -3, 2, -1, -3, 5, 3, 6, 5, -6, -4, -3, 0, -5, 1, -4, 1, 5, -2, -2, -1, -2, -5, -4, 3, 3, 1, -5, -1, -2, -4, -1, -3, -1, -2, -2, 6, 1, 5, 3, -2, -2, 6, 4, -4, 1, -5, 6, 5, -1]
 
6.12745902254: [6, 3, 6, -2, -5, -2, 4, 0, -3, -6, 5, -5, 5, 0, 6, -3, 2, -6, -2, 4, 5, 4, -5, -1, -4, -1, -5, 0, -4, -6, -4, 5, 1, 5, 0, 6, -4, 4, -4, -1, 1, 0, -6, -2, 0, 4, -4, -5, -4, 2, 3, 4, -1, -4, 6, 0, 6, -5, 0, -2, -3, 6, -4, 6, -4, 6, -2, -4, -1, 3, -6, -6, -5, -5, 4, -2, 0, -1, -6, -3, 2, -1, -6, -6, 3, 6, 5, -6, -4, -3, 0, 4, 1, -4, 1, 5, -2, -5, -1, -5, -5, -4, 2, 1, 1, 3, -5, -1, -4, -1, -3, -1, -2, -2, 6, -1, 0, -5, -2, 3, 5, 4, -4, 2, -5, 0, -6, -1]
 
5.91021743115: [6, 3, 6, -2, -5, -2, 4, 0, -3, -6, 5, -5, 5, 0, 6, -3, 2, -6, -2, 4, -1, 4, -5, 3, -4, -1, -5, 0, -4, -6, -4, 5, 1, 5, 0, 6, -4, 4, -4, -1, 1, 0, -6, -2, 0, 4, -4, -5, -4, 2, 3, 4, -1, -4, 6, 0, 6, -5, 0, -2, -3, 6, -4, 6, -4, 6, -2, -4, -1, 3, -6, -6, -5, -5, 4, -2, 0, -1, -6, -3, 2, -1, -6, -6, 3, 6, 5, -6, -4, -3, 0, 4, 1, -4, 1, 5, -2, -5, -1, -5, -5, -4, 2, 1, 1, 3, -5, -1, -4, -1, -3, -1, -2, -2, 6, -1, 0, -5, -2, 3, 5, 4, -4, 2, -5, 0, -6, -1]
 
6.23577481272: [6, 3, 6, -2, -5, -2, 4, 0, -3, -6, 5, -5, 5, 0, 6, -3, 2, -6, -2, 4, 5, 4, -5, -1, -4, -1, -5, 0, -4, -6, -4, 5, 1, 5, 0, 6, -4, 4, -4, -1, 1, 0, -6, -2, 0, 4, -4, -5, -4, 2, 3, 4, -1, -4, 6, 0, 6, -5, 0, -2, -3, 6, -4, 6, -4, 6, -2, -4, -1, 3, -6, -6, -5, -5, 4, -2, 0, -1, -6, -3, 2, -1, -6, -6, 3, 6, 5, -6, -4, -3, 0, 4, 1, -4, 1, 5, -2, -5, -1, -5, -5, -4, 2, 1, 1, 3, -5, -1, -4, -1, -3, -1, -2, -2, 6, -1, 0, -5, -2, 3, 5, 4, -4, 2, -5, 0, -6, -1]
 
6.13586209211: [6, 3, 6, -2, -5, -2, 4, 0, -3, -6, 5, -5, 5, 0, 6, -3, 2, -6, -2, 4, -1, 4, -5, 3, -4, -1, -5, 0, -4, -6, -4, 5, 1, 5, 0, 6, -4, 4, -4, -1, 1, 0, -6, -2, 0, 4, -4, -5, -4, 2, 3, 4, -1, -4, 6, 0, 6, -5, 0, -2, -3, 6, -4, 6, -4, 6, -2, -4, -1, 3, -6, -6, -5, -5, 4, -2, 0, -1, -6, -3, 2, -1, -6, -6, 3, 6, 5, -6, -4, -3, 0, 4, 1, -4, 1, 5, -2, -5, -1, -5, -5, -4, 2, 1, 1, 3, -5, -1, -4, -1, -3, -1, -2, -2, 6, -1, 0, -5, -2, 3, 5, 4, -4, 2, -5, 0, -6, -1]
 
0.490271037603: [6, -5, 6, 1, -5, -4, -1, 0, -3, -6, 3, -5, 6, 0, 6, 1, 2, 2, 0, 4, 5, 2, -1, 5, -2, -1, -5, -4, -4, -6, 5, 5, 1, -4, 0, 6, -4, -2, -4, -1, 1, 1, -6, 0, 3, -3, 5, 4, -4, 2, 3, 4, -1, -4, 6, 0, 6, -5, 6, 1, -3, 6, -4, 3, -4, 6, -2, 0, -1, 3, -6, -3, -5, -3, 4, -2, 0, -1, 0, 0, 2, -1, -6, -6, 1, 6, 5, -6, -4, -5, 0, 4, 1, 2, 0, 5, -2, -5, 1, -2, -5, -4, 6, 6, 1, 3, 2, 4, -4, 4, -5, 6, 0, -2, 6, 3, 0, -5, -2, 3, -5, 4, -4, 2, -5, 0, -6, 1]
 
6.18421439968: [6, 3, 6, -2, -5, -2, 4, 0, -3, -6, 5, -5, 5, 0, 6, -3, 2, -6, -2, 4, -1, 4, -5, 3, -4, -1, -5, 0, -4, -6, -4, 5, 1, 5, 0, 6, -4, 4, -4, -1, 1, 0, -6, -2, 0, 4, -4, -5, -4, 2, 3, 4, -1, -4, 6, 0, 6, -5, 0, -2, -3, 6, -4, 6, -4, 6, -2, -4, -1, 3, -6, -6, -5, -5, 4, -2, 0, -1, -6, -3, 2, -1, -6, -6, 3, 6, 5, -6, -4, -3, 0, 4, 1, -4, 1, 5, -2, -5, -1, -5, -5, -4, 2, 1, 1, 3, -5, -1, -4, -1, -3, -1, -2, -2, 6, -1, 0, -5, -2, 3, 5, 4, -4, 2, -5, 0, -6, -1]
 
1.34119088826: [6, -5, 6, 4, -1, -2, 4, 0, -3, -6, -2, -5, 5, 2, 6, -3, 2, 2, -2, 4, 5, 4, -5, 6, -4, 2, -5, -4, 4, -6, -4, 5, 1, -1, 0, 6, -4, 4, -5, -1, 6, 3, -6, 3, -2, 4, -4, -5, -4, 2, 6, 4, -1, -4, 6, 0, 6, 0, -2, -3, -4, 6, -4, -1, -4, 6, -5, 5, -1, 3, -6, -6, -5, 0, 4, -3, 0, -1, -6, -3, -3, 5, -6, 4, 3, 6, 5, 3, -4, -2, -3, -3, 3, -5, 1, 5, -2, -5, -1, -5, -5, -4, -5, 1, 1, 3, -5, -1, -4, 3, -1, -4, -2, -3, 2, -1, 0, 1, -2, 3, 3, 4, -4, 0, 0, -3, -6, -1]
 
6.52678288224: [6, 3, 6, -2, -5, -2, 4, 0, -3, -6, 5, -5, 5, 0, 6, -3, 2, -6, -2, 4, 5, 4, -5, -1, -4, -1, -5, 0, -4, -6, -4, 5, 1, 5, 0, 6, -4, 4, -4, -1, 1, 0, -6, -2, 0, 4, -4, -5, -4, 2, 3, 4, -1, -4, 6, 0, 6, -5, 0, -2, -3, 6, -4, 6, -4, 6, -2, -4, -1, 3, -6, -6, -5, -5, 4, -2, 0, -1, -6, -3, 2, -1, -6, -6, 3, 6, 5, -6, -4, -3, 0, 4, 1, -4, 1, 5, -2, -5, -1, -5, -5, -4, 2, 1, 1, 3, -5, -1, -4, -1, -3, -1, -2, -2, 6, -1, 0, -5, -2, 3, 5, 4, -4, 2, -5, 0, -6, -1]
 
6.24759308827: [6, 3, 6, -2, -5, -2, 4, 0, -3, -6, 5, -5, 5, 0, 6, -3, 2, -6, -2, 4, 5, 4, -5, -1, -4, -1, -5, 0, -4, -6, -4, 5, 1, 5, 0, 6, -4, 4, -4, -1, 1, 0, -6, -2, 0, 4, -4, -5, -4, 2, 3, 4, -1, -4, 6, 0, 6, -5, 0, -2, -3, 6, -4, 6, -4, 6, -2, -4, -1, 3, -6, -6, -5, -5, 4, -2, 0, -1, -6, -3, 2, -1, -6, -6, 3, 6, 5, -6, -4, -3, 0, 4, 1, -4, 1, 5, -2, -5, -1, -5, -5, -4, 2, 1, 1, 3, -5, -1, -4, -1, -3, -1, -2, -2, 6, -1, 0, -5, -2, 3, 5, 4, -4, 2, -5, 0, -6, -1]
 
0.735479829142: [6, 3, 3, -2, -5, 1, -3, 0, 6, -6, -1, -4, 4, 0, -6, -2, 2, -6, -2, 4, 1, 4, 5, -1, -4, -4, -3, 0, -4, -2, 1, 5, 1, 5, 5, 6, -4, 4, -4, 6, 1, 0, -2, 4, -4, -4, -4, -5, -6, 2, 3, 1, -1, -4, 6, 0, -1, 3, 0, -2, -3, 6, -4, 6, -4, -4, -2, -4, -1, 0, -6, 5, 1, -5, 5, -2, 4, 6, -6, -3, 6, -1, 6, -6, 3, 6, 2, -6, -4, 5, 0, 4, 1, 1, 1, 5, -2, -5, 6, 1, -4, -4, 2, 5, 2, 3, -5, -1, -3, 5, -3, -6, -5, -2, 6, 2, 0, 1, -2, 3, 5, 4, -4, 2, -5, 0, 3, -2]
 
6.64689590788: [6, 3, 6, -2, -5, -2, 4, 0, -3, -6, 5, -5, 5, 0, 6, -3, 2, -6, -2, 4, 5, 4, -5, -1, -4, -1, -5, 0, -4, -6, -4, 5, 1, 5, 0, 6, -4, 4, -4, -1, 1, 0, -6, -2, 0, 4, -4, -5, -4, 2, 3, 4, -1, -4, 6, 0, 6, -5, 0, -2, -3, 6, -4, 6, -4, 6, -2, -4, -1, 3, -6, -6, -5, -5, 4, -2, 0, -1, -6, -3, 2, -1, -6, -6, 3, 6, 5, -6, -4, -3, 0, 4, 1, -4, 1, 5, -2, -5, -1, -5, -5, -4, 2, 1, 1, 3, -5, -1, -4, -1, -3, -1, -2, -2, 6, -1, 0, -5, -2, 3, 5, 4, -4, 2, -5, 0, -6, -1]
 
6.17116905563: [6, 3, 6, -2, -5, -2, 4, 0, -3, -6, 5, -5, 5, 0, 6, -3, 2, -6, -2, 4, -1, 4, -5, 3, -4, -1, -5, 0, -4, -6, -4, 5, 1, 5, 0, 6, -4, 4, -4, -1, 1, 0, -6, -2, 0, 4, -4, -5, -4, 2, 3, 4, -1, -4, 6, 0, 6, -5, 0, -2, -3, 6, -4, 6, -4, 6, -2, -4, -1, 3, -6, -6, -5, -5, 4, -2, 0, -1, -6, -3, 2, -1, -6, -6, 3, 6, 5, -6, -4, -3, 0, 4, 1, -4, 1, 5, -2, -5, -1, -5, -5, -4, 2, 1, 1, 3, -5, -1, -4, -1, -3, -1, -2, -2, 6, -1, 0, -5, -2, 3, 5, 4, -4, 2, -5, 0, -6, -1]
 
6.29929482141: [6, 3, 6, -2, -5, -2, 4, 0, -3, -6, 5, -5, 5, 0, 6, -3, 2, -6, -2, 4, -1, 4, -5, 3, -4, -1, -5, 0, -4, -6, -4, 5, 1, 5, 0, 6, -4, 4, -4, -1, 1, 0, -6, -2, 0, 4, -4, -5, -4, 2, 3, 4, -1, -4, 6, 0, 6, -5, 0, -2, -3, 6, -4, 6, -4, 6, -2, -4, -1, 3, -6, -6, -5, -5, 4, -2, 0, -1, -6, -3, 2, -1, -6, -6, 3, 6, 5, -6, -4, -3, 0, 4, 1, -4, 1, 5, -2, -5, -1, -5, -5, -4, 2, 1, 1, 3, -5, -1, -4, -1, -3, -1, -2, -2, 6, -1, 0, -5, -2, 3, 5, 4, -4, 2, -5, 0, -6, -1]
 
6.19430907958: [6, 3, 6, -2, -5, -2, 4, 0, -3, -6, 5, -5, 5, 0, 6, -3, 2, -6, -2, 4, 5, 4, -5, -1, -4, -1, -5, 0, -4, -6, -4, 5, 1, 5, 0, 6, -4, 4, -4, -1, 1, 0, -6, -2, 0, 4, -4, -5, -4, 2, 3, 4, -1, -4, 6, 0, 6, -5, 0, -2, -3, 6, -4, 6, -4, 6, -2, -4, -1, 3, -6, -6, -5, -5, 4, -2, 0, -1, -6, -3, 2, -1, -6, -6, 3, 6, 5, -6, -4, -3, 0, 4, 1, -4, 1, 5, -2, -5, -1, -5, -5, -4, 2, 1, 1, 3, -5, -1, -4, -1, -3, -1, -2, -2, 6, -1, 0, -5, -2, 3, 5, 4, -4, 2, -5, 0, -6, -1]
 
6.25413225509: [6, 3, 6, -2, -5, -2, 4, 0, -3, -6, 5, -5, 5, 0, 6, -3, 2, -6, -2, 4, -1, 4, -5, 3, -4, -1, -5, 0, -4, -6, -4, 5, 1, 5, 0, 6, -4, 4, -4, -1, 1, 0, -6, -2, 0, 4, -4, -5, -4, 2, 3, 4, -1, -4, 6, 0, 6, -5, 0, -2, -3, 6, -4, 6, -4, 6, -2, -4, -1, 3, -6, -6, -5, -5, 4, -2, 0, -1, -6, -3, 2, -1, -6, -6, 3, 6, 5, -6, -4, -3, 0, 4, 1, -4, 1, 5, -2, -5, -1, -5, -5, -4, 2, 1, 1, 3, -5, -1, -4, -1, -3, -1, -2, -2, 6, -1, 0, -5, -2, 3, 5, 4, -4, 2, -5, 0, -6, -1]
 
-1000: [6, 3, 3, -2, 5, -2, 5, 2, 3, -6, 5, -6, 5, 0, 5, -3, 2, -6, -2, 4, -1, 4, -5, 3, 2, -1, -5, 0, -4, 5, -4, 5, 1, -6, -1, 6, -6, 4, -4, -2, 1, 0, -5, -2, 4, -6, -4, -5, -4, 0, 3, 4, -1, -4, 6, 0, 6, -5, -3, -4, 1, -6, -4, -2, -4, -6, -5, 3, -4, 3, -6, -6, -5, -5, 0, -4, 0, -1, -6, 1, 4, -1, -6, -6, 3, 6, 5, -6, -1, 1, 0, -3, 1, -4, 1, 5, 1, -1, 0, -6, -4, -5, -3, 1, 1, 3, -5, -1, -4, -4, -3, -5, 0, -2, 6, -1, 4, -5, -2, 3, 5, 4, 0, -6, -5, 6, 5, -1]
 
6.03711189056: [6, 3, 6, -2, -5, -2, 4, 0, -3, -6, 5, -5, 5, 0, 6, -3, 2, -6, -2, 4, 5, 4, -5, -1, -4, -1, -5, 0, -4, -6, -4, 5, 1, 5, 0, 6, -4, 4, -4, -1, 1, 0, -6, -2, 0, 4, -4, -5, -4, 2, 3, 4, -1, -4, 6, 0, 6, -5, 0, -2, -3, 6, -4, 6, -4, 6, -2, -4, -1, 3, -6, -6, -5, -5, 4, -2, 0, -1, -6, -3, 2, -1, -6, -6, 3, 6, 5, -6, -4, -3, 0, 4, 1, -4, 1, 5, -2, -5, -1, -5, -5, -4, 2, 1, 1, 3, -5, -1, -4, -1, -3, -1, -2, -2, 6, -1, 0, -5, -2, 3, 5, 4, -4, 2, -5, 0, -6, -1]
 
5.9806553654: [6, 3, 6, -2, -5, -2, 4, 0, -3, -6, 5, -5, 5, 0, 6, -3, 2, -6, -2, 4, 5, 4, -5, -1, -4, -1, -5, 0, -4, -6, -4, 5, 1, 5, 0, 6, -4, 4, -4, -1, 1, 0, -6, -2, 0, 4, -4, -5, -4, 2, 3, 4, -1, -4, 6, 0, 6, -5, 0, -2, -3, 6, -4, 6, -4, 6, -2, -4, -1, 3, -6, -6, -5, -5, 4, -2, 0, -1, -6, -3, 2, -1, -6, -6, 3, 6, 5, -6, -4, -3, 0, 4, 1, -4, 1, 5, -2, -5, -1, -5, -5, -4, 2, 1, 1, 3, -5, -1, -4, -1, -3, -1, -2, -2, 6, -1, 0, -5, -2, 3, 5, 4, -4, 2, -5, 0, -6, -1]
 
0.601161740607: [6, 3, 6, -2, -5, -2, 4, 0, 4, -6, 5, -5, -5, 0, -3, -3, 2, -6, -1, 5, -1, 4, -5, -3, -4, 1, -5, 0, 3, 5, -3, 5, -6, 1, 0, -2, -4, -5, -4, -1, 1, 0, -6, -2, 0, 6, -4, 0, 6, 2, 3, 4, 2, -4, 6, 0, 2, 5, 0, -6, -6, 1, -4, 6, 3, -6, -3, -4, -1, 3, -6, -5, -5, -5, 2, -2, 0, -1, -6, -2, 2, -1, -6, -6, -5, 6, 4, -6, -4, 4, 0, -2, 1, -4, 1, 3, -4, -2, -1, -5, -5, -6, -4, 5, 1, 3, -5, -1, -4, 3, -2, -1, -2, -2, 6, 4, -1, -5, -2, 3, 5, 4, 5, 2, 0, 0, -6, -1]
 
1.69990259885: [-3, 3, -3, 3, -5, -2, 4, -3, -3, -6, 5, -5, 5, -2, 6, -3, 2, -6, 3, -5, 5, 4, -5, -1, -4, -1, -5, 4, -3, 2, -4, -3, -5, 5, 0, 6, -4, 4, -4, -1, 3, 0, -6, -2, 0, 4, -4, -5, -6, 2, 3, 4, -1, -4, 6, 0, 6, 3, 0, -5, -3, -5, -4, 6, -3, 6, -2, -4, -6, 3, 5, -6, -5, -3, -5, -3, 0, -1, -4, -3, 2, -1, 3, -6, -1, 6, 5, -5, -4, -6, 5, 4, 1, -1, 0, 3, 0, 2, -1, -5, -5, -4, 2, 3, 1, 3, -5, -1, -4, -1, 6, 1, 2, -3, 6, -1, 0, -5, -2, 3, -3, 4, -4, -6, -2, 0, -6, -1]
 
6.40176925439: [6, 3, 6, -2, -5, -2, 4, 0, -3, -6, 5, -5, 5, 0, 6, -3, 2, -6, -2, 4, 5, 4, -5, -1, -4, -1, -5, 0, -4, -6, -4, 5, 1, 5, 0, 6, -4, 4, -4, -1, 1, 0, -6, -2, 0, 4, -4, -5, -4, 2, 3, 4, -1, -4, 6, 0, 6, -5, 0, -2, -3, 6, -4, 6, -4, 6, -2, -4, -1, 3, -6, -6, -5, -5, 4, -2, 0, -1, -6, -3, 2, -1, -6, -6, 3, 6, 5, -6, -4, -3, 0, 4, 1, -4, 1, 5, -2, -5, -1, -5, -5, -4, 2, 1, 1, 3, -5, -1, -4, -1, -3, -1, -2, -2, 6, -1, 0, -5, -2, 3, 5, 4, -4, 2, -5, 0, -6, -1]
 
6.44127524467: [6, 3, 6, -2, -5, -2, 4, 0, -3, -6, 5, -5, 5, 0, 6, -3, 2, -6, -2, 4, 5, 4, -5, -1, -4, -1, -5, 0, -4, -6, -4, 5, 1, 5, 0, 6, -4, 4, -4, -1, 1, 0, -6, -2, 0, 4, -4, -5, -4, 2, 3, 4, -1, -4, 6, 0, 6, -5, 0, -2, -3, 6, -4, 6, -4, 6, -2, -4, -1, 3, -6, -6, -5, -5, 4, -2, 0, -1, -6, -3, 2, -1, -6, -6, 3, 6, 5, -6, -4, -3, 0, 4, 1, -4, 1, 5, -2, -5, -1, -5, -5, -4, 2, 1, 1, 3, -5, -1, -4, -1, -3, -1, -2, -2, 6, -1, 0, -5, -2, 3, 5, 4, -4, 2, -5, 0, -6, -1]
 
