5.78356579005: [6, 3, 6, -2, -5, -2, 4, 0, -3, -6, 5, -5, 5, 0, 6, -3, 2, -6, -2, 4, 5, 4, -5, -1, -4, -1, -5, 0, -4, -6, -4, 5, 1, 5, 0, 6, -4, 4, -4, -1, 1, 0, -6, -2, 0, 4, -4, -5, -4, 2, 3, 4, -1, -5, -6, -4, -5, -4, -4, 0, 0, 2, 5, -3, 1, 5, -6, 5, 1, 3, -6, -6, -5, -5, 4, -2, 0, -1, -6, -3, 2, -1, -6, -6, 3, 6, 5, -6, -4, -3, 0, 4, 1, -4, 1, 5, -2, -5, -1, -5, -5, -4, 2, 1, 1, 3, -5, -1, -4, -1, -3, -1, -2, -2, 6, -1, 0, -5, -2, 3, 5, 4, -4, 2, -5, 0, -6, -1]
 
1.74003054466: [-4, 3, 5, -2, 1, -2, 4, 0, -3, 6, -3, -2, 5, 4, 0, -4, 2, 5, -1, -2, 5, -3, -5, -5, -1, -4, 1, 0, -4, -6, -4, 5, 1, 5, 0, 6, -3, 4, -4, -1, 1, 0, -6, -5, 0, -5, -4, 1, 3, 2, 4, 1, -1, -4, 6, -6, 6, 5, -3, -3, -3, -2, -6, 4, 2, -3, 5, 6, -1, 4, -1, -1, 6, 1, -6, 1, 0, -2, 3, 0, 0, 5, -6, -6, 6, 6, 5, -5, -4, -3, -4, 1, -4, -6, 6, -4, -2, -5, -3, -3, -5, 1, 3, 1, 1, 3, -5, -1, -4, -1, -6, -1, 4, -2, -6, -1, 0, -3, 1, 3, 5, 4, -4, 1, -5, 0, -6, -1]
 
5.46211828777: [6, 3, 6, -2, -5, -2, 4, 0, -3, -6, 5, -5, 5, 0, 6, -3, 2, -6, -2, 4, 5, 4, -5, -1, -4, -1, -5, 0, -4, -6, -4, 5, 1, 5, 0, 6, -4, 4, -4, -1, 1, 0, -6, -2, 0, 4, -4, -5, -4, 2, 3, 4, -1, -4, 6, 0, 6, -5, 0, -2, -3, 6, -4, 6, -4, 6, -2, -4, -1, 5, -1, -1, 5, 1, 2, -4, 4, 3, -1, -2, 4, 5, -6, -6, 3, 6, 5, -6, -4, -3, 0, 4, 1, -4, 1, 5, -2, -5, -1, -5, -5, -4, 2, 1, 1, 3, -5, -1, -4, -1, -3, -1, -2, -2, 6, -1, 0, -5, -2, 3, 5, 4, -4, 2, -5, 0, -6, -1]
 
5.42868851858: [6, 3, 6, -2, -5, -2, 4, 0, -3, -6, 5, -5, 5, 0, 6, -3, 2, -6, -2, 4, -1, 4, -5, 3, -4, -1, -5, 0, -4, -6, -4, 5, 1, 5, 0, 6, -4, 4, -4, -1, 1, 0, -6, -2, 0, 4, -4, -5, -4, 2, 3, 4, -1, -4, 6, 0, 6, -5, 0, -2, -3, 6, -4, 6, -4, 6, -2, -4, -1, 5, -6, -6, -5, -5, 4, -2, 0, -1, -6, -3, 2, -1, 6, -3, 2, -4, -5, -6, -4, -3, 0, 4, 1, -4, 1, 5, -2, -5, -1, -5, -5, -4, 2, 1, 1, 3, -5, -1, -4, -1, -3, -1, -2, -2, 6, -1, 0, -5, -2, 3, 5, 4, -4, 2, -5, 0, -6, -1]
 
5.36343398741: [6, 3, 6, -2, -5, -2, 4, 0, -3, -6, 5, -5, 5, 0, 6, -3, 2, -6, -2, 4, 5, 4, -5, -1, -4, -1, -5, 0, -4, -6, -4, 5, 1, 5, 0, 6, -4, 4, -4, -1, 1, 0, -6, -2, 0, 4, -4, -5, -4, 2, 3, 4, -1, -5, -6, -4, -5, -4, -4, 0, 0, 2, 5, -3, 1, 5, -6, 5, 1, 3, -6, -6, -5, -5, 4, -2, 0, -1, -6, -3, 2, -1, -6, -6, 3, 6, 5, -6, -4, -3, 0, 4, 1, -4, 1, 5, -2, -5, -1, -5, -5, -4, 2, 1, 1, 3, -5, -1, -4, -1, -3, -1, -2, -2, 6, -1, 0, -5, -2, 3, 5, 4, -4, 2, -5, 0, -6, -1]
 
1.88642136447: [2, 3, 6, -2, -5, 4, 4, 5, -3, -6, 0, -2, 5, 0, 4, -4, 2, -3, -2, 4, 5, 4, -5, 0, -4, 2, -5, 3, 3, -6, 1, 5, 1, 5, -1, 6, 6, 4, -4, -1, 1, 0, -6, -2, 0, 4, -4, -2, -4, 2, 3, -2, -1, -5, -6, -5, -3, 1, 6, -3, 0, 4, 5, -3, 1, 5, -6, 5, 1, 5, -6, 2, -6, -5, 3, -5, 1, -1, -6, -3, 0, -1, -2, -6, 4, 6, 5, 4, -4, -3, 0, 4, 1, -4, -4, 5, -2, -5, -1, -5, -6, -4, 2, 1, -4, 2, -4, -6, -4, -1, -3, 1, -2, -3, 6, 1, 1, 4, 1, 3, -1, 4, -4, 2, -5, 0, -6, 6]
 
5.30283970629: [5, 4, 6, -2, -5, -2, 4, 0, -3, -6, 5, -5, 5, 0, 6, -3, 2, -6, -2, 4, 5, 4, -5, 3, -4, -1, -5, 0, -4, -6, -4, 5, 1, 5, 0, 6, -4, 4, -4, -1, 1, 0, -6, -2, 0, 4, -4, -5, -4, 2, 3, 4, -1, -5, -6, -4, -5, -4, -4, 0, 0, 2, 5, -3, 1, 5, -6, 5, 1, 3, -6, -6, -5, -5, 4, -2, 0, -1, -6, -3, 2, -1, -6, -6, 3, 6, 5, -6, -4, -3, 0, 4, 1, -4, 1, 5, -2, -5, -1, -5, -5, -4, 2, 1, 1, 3, -5, -1, -4, -1, -3, -1, -2, -2, 6, -1, 0, -5, -2, 3, 5, 4, -4, 2, -5, 0, -6, -1]
 
5.2916017732: [6, 3, 6, -2, -5, -2, 4, 0, -3, -6, 5, -5, 5, 0, 6, -3, 2, -6, -2, 4, 5, 4, -5, -1, -4, -1, -5, 0, -4, -6, -4, 5, 1, 5, 0, 6, -4, 4, -4, -1, 1, 0, -6, -2, 0, 4, -4, -5, -4, 2, 3, 4, -1, -4, 6, 0, 6, 4, -3, -3, -3, 3, 1, 4, 2, 3, 6, 6, -1, 5, -1, -1, 5, 1, 2, 1, 0, 1, 1, -2, 4, 5, -6, -6, 3, 6, 5, -5, -4, -3, -1, 1, -4, -5, 6, -4, -2, -5, -1, -5, -5, -4, 2, 1, 1, 3, -5, -1, -4, -1, -3, -1, -2, -2, 6, -1, 0, -5, -2, 3, 5, 4, -4, 2, -5, 0, -6, -1]
 
5.29054798016: [6, 3, 6, -2, -5, -2, 4, 0, -3, -6, 5, -5, 5, 0, 6, -3, 2, -6, -2, 4, 5, 4, -5, -1, -4, -1, -5, 0, -4, -6, -4, 5, 1, 5, 0, 6, -4, 4, -4, -1, 1, 0, -6, -2, 0, 4, -4, -5, -4, 2, 3, 4, -1, -5, -6, -4, -5, -4, -4, 0, 0, 2, 5, -3, 1, 5, -6, 5, 1, 3, -6, -6, -5, -5, 4, -2, 0, -1, -6, -3, 2, -1, -6, -6, 3, 6, 5, -6, -4, -3, 0, 4, 1, -4, 1, 5, -2, -5, -1, -5, -5, -4, 2, 1, 1, 3, -5, -1, -4, -1, -3, -1, -2, -2, 6, -1, 0, -5, -2, 3, 5, 4, -4, 2, -5, 0, -6, -1]
 
5.24990240461: [6, 3, 6, -2, -5, -2, 4, 0, -3, -6, 5, -5, 5, 0, 6, -3, 2, -6, -2, 4, -1, 4, -5, 3, -4, -1, -5, 0, -4, -6, -4, 5, 1, 5, 0, 6, -4, 4, -4, -1, 1, 0, -6, -2, 0, 4, -4, -5, -4, 2, 3, 4, -1, -4, 6, 0, 6, -5, 0, -2, -3, 6, -4, 6, -4, 6, -2, -4, -1, 5, -6, -6, -5, -5, 4, -2, 0, -1, -6, -3, 2, -1, 6, -3, 2, -4, -5, -6, -4, -3, 0, 4, 1, -4, 1, 5, -2, -5, -1, -5, -5, -4, 2, 1, 1, 3, -5, -1, -4, -1, -3, -1, -2, -2, 6, -1, 0, -5, -2, 3, 5, 4, -4, 2, -5, 0, -6, -1]
 
1.1783114366: [6, 3, -1, 5, -5, -2, 4, 0, -3, 3, -3, 2, 5, -2, 6, -5, 2, -6, -6, 4, 5, -1, 3, -1, 6, -1, -5, 2, -4, -3, -4, 6, 1, -5, 0, 6, -1, 4, -4, -3, 1, 0, -6, -2, 1, 4, -4, -5, -6, 4, -4, 4, -1, -1, -2, -4, -5, 2, -4, 0, 0, -3, 5, -3, 6, 5, 5, 5, 2, 3, -2, -6, 2, -4, 4, -3, 0, -5, -6, -3, 2, -1, -1, -3, 2, 6, -5, 1, -4, -3, 0, 4, -2, -4, 1, 5, -2, 6, 5, 5, -5, -4, 2, 1, 6, 3, -5, -2, -4, -1, -3, -2, -3, -2, 6, -1, -6, -5, -2, 3, 4, -5, -4, 2, -5, 0, -6, -1]
 
2.85738166257: [-6, -6, 6, 0, -5, -2, 4, 0, -2, -6, 5, -5, 5, 0, 2, -3, 2, -6, -2, -5, -1, 5, -5, 3, -4, -1, -5, 0, -4, -6, 6, 2, 1, 5, 2, 6, -1, -4, -4, -1, 1, 0, -6, -2, 0, 4, -4, -5, -4, 2, 3, 4, 0, -4, 3, 0, 6, -5, 0, -2, -3, 6, 5, 3, 1, 6, -2, -4, 5, 5, -1, -1, -4, 1, 3, -4, 4, -5, -1, -2, 5, 5, 2, -3, 3, 6, 5, -4, -4, 4, 0, 4, 5, 0, -5, -5, -3, -5, 5, -5, -5, -4, -6, 1, 1, 3, -5, -1, 4, 3, -3, -1, -2, -2, -5, -3, 0, -5, -1, -4, 4, 4, -4, 6, -3, 0, -6, -1]
 
5.22732876699: [6, 3, 6, -2, -5, -2, 4, 0, -3, -6, 5, -5, 5, 0, 6, -3, 2, -6, -2, 4, 5, 4, -5, -1, -4, -1, -5, 0, -4, -6, -4, 5, 1, 5, 0, 6, -4, 4, -4, -1, 1, 0, -6, -2, 0, 4, -4, -5, -4, 2, 3, 4, -1, -4, 6, 0, 6, -5, 0, -2, -3, 6, -4, 6, -4, 6, -2, -4, -1, 5, -1, -1, 5, 1, 2, -4, 4, 3, -1, -2, 4, 5, -6, -6, 3, 6, 5, -6, -4, -3, 0, 4, 1, -4, 1, 5, -2, -5, -1, -5, -5, -4, 2, 1, 1, 3, -5, -1, -4, -1, -3, -1, -2, -2, 6, -1, 0, -5, -2, 3, 5, 4, -4, 2, -5, 0, -6, -1]
 
2.1178512869: [6, -5, 0, -2, -5, 2, 4, 0, -3, -1, -2, 2, 5, 0, 6, 3, 2, -5, -2, 4, -1, 4, -5, 3, -4, -1, 5, 0, 2, -6, 2, -5, 1, 5, 0, 6, -4, 4, 4, -1, 3, 0, 2, -2, -4, -6, -4, 2, -4, 2, 5, 0, -1, -4, 6, 0, -4, -5, -5, 6, -5, 6, -4, 1, -4, 6, -2, -4, -4, 6, -1, -1, 5, -5, 2, -4, 6, 3, -1, 3, -2, 5, -6, -1, 3, -5, 5, -6, -4, -3, -6, 4, 1, -4, -6, 5, -2, -5, 2, -1, -5, -4, 2, 0, 1, 3, 2, -1, 6, -4, 5, -1, -2, -2, 6, -5, 6, -1, -2, 3, -4, 4, -4, 2, -5, -6, -3, -1]
 
5.04556491989: [6, 3, 6, -2, -5, -2, 4, 0, -3, -6, 5, -5, 5, 0, 6, -3, 2, -6, -2, 4, 5, 4, -5, -1, -4, -1, -5, 0, -4, -6, -4, 5, 1, 5, 0, 6, -4, 4, -4, -1, 1, 0, -6, -2, 0, 4, -4, -5, -4, 2, 3, 4, -1, -5, -6, -4, -5, -4, -4, 0, 0, 2, 5, -3, 1, 5, -6, 5, 1, 3, -6, -6, -5, -5, 4, -2, 0, -1, -6, -3, 2, -1, 6, -3, 2, -4, -5, -6, -4, -3, 0, 4, 1, -4, 1, 5, -2, -5, -1, -5, -5, -4, 2, 1, 1, 3, -5, -1, -4, -1, -3, -1, -2, -2, 6, -1, 0, -5, -2, 3, 5, 4, -4, 2, -5, 0, -6, -1]
 
1.25899857294: [5, 3, 6, -2, -3, -2, 4, -6, -3, -6, 5, 0, 5, 0, 6, -3, 2, -1, -2, 4, -1, 3, 6, 3, -4, -1, -5, 1, -4, -6, 0, 3, 1, -4, 0, 6, -4, -3, -4, -1, 1, 0, -6, -2, 0, 4, -4, -5, -4, 2, 3, 4, -1, 1, 6, 5, 6, -5, 0, -2, 2, 6, 3, 6, -4, 4, -2, 5, -1, -5, -1, -1, 5, -3, 2, -4, -6, 3, 2, 2, 6, 5, 5, -6, 3, 3, 5, -2, -4, -4, 0, 4, -1, -4, -6, 5, -3, -5, -1, 2, -4, 2, 6, 1, 1, -5, -5, -1, -4, -1, -3, -1, 0, -2, -3, -1, 4, -5, -2, -3, 5, 0, -4, 2, -5, 0, 6, -1]
 
5.0307067299: [6, 3, 6, -2, -5, -2, 4, 0, -3, -6, 5, -5, 5, 0, 6, -3, 2, -6, -2, 4, 5, 4, -5, -1, -4, -1, -5, 0, -4, -6, -4, 5, 1, 5, 0, 6, -4, 4, -4, -1, 1, 0, -6, -2, 0, 4, -4, -5, -4, 2, 3, 4, -1, -4, 6, 0, 6, -5, 0, -2, -3, 6, -4, 6, -4, 6, -2, -4, -1, 5, -1, -1, 5, 1, 2, -4, 4, 3, -1, -2, 4, 5, -6, -6, 3, 6, 5, -6, -4, -3, 0, 4, 1, -4, 1, 5, -2, -5, -1, -5, -5, -4, 2, 1, 1, 3, -5, -1, -4, -1, -3, -1, -2, -2, 6, -1, 0, -5, -2, 3, 5, 4, -4, 2, -5, 0, -6, -1]
 
5.01603443349: [6, 3, 6, -2, -5, -2, 4, 0, -3, -6, 5, -5, 5, 0, 6, -3, 2, -6, -2, 4, 5, 4, -5, -1, -4, -1, -5, 0, -4, -6, -4, 5, 1, 5, 0, 6, -4, 4, -4, -1, 1, 0, -6, -2, 0, 4, -4, -5, -4, 2, 3, 4, -1, -4, 6, 0, 6, -5, 0, -2, -3, 6, -4, 6, -4, 6, -2, -4, -1, 5, -1, -1, 5, 1, 2, -4, 4, 3, -1, -2, 4, 5, -6, -6, 3, 6, 5, -6, -4, -3, 0, 4, 1, -4, 1, 5, -2, -5, -1, -5, -5, -4, 2, 1, 1, 3, -5, -1, -4, -1, -3, -1, -2, -2, 6, -1, 0, -5, -2, 3, 5, 4, -4, 2, -5, 0, -6, -1]
 
4.95881447397: [6, 3, 6, -2, -5, -2, 4, 0, -3, -6, 5, -5, 5, 0, 6, -3, 2, -6, -2, 4, 5, 4, -5, -1, -4, -1, -5, 0, -4, -6, -4, 5, 1, 5, 0, 6, -4, 4, -4, -1, 1, 0, -6, -2, 0, 4, -4, -5, -4, 2, 3, 4, -1, -4, 6, 0, 6, 4, -3, -3, -3, 3, 1, 4, 2, 3, 6, 6, -1, 5, -1, -1, 5, 1, 2, 1, 0, 1, -4, 2, 6, -1, 6, -3, 2, -4, -5, -6, -4, -3, 0, 4, 1, -4, 1, 5, -2, -5, -1, -5, -5, -4, 2, 1, 1, 3, -5, -1, -4, -1, -3, -1, -2, -2, 6, -1, 0, -5, -2, 3, 5, 4, -4, 2, -5, 0, -6, -1]
 
1.09177100253: [6, 3, 6, -2, -5, 0, 4, 0, -5, 1, -1, 0, 5, -1, -6, -3, 2, -6, -2, 4, -1, -5, -5, 3, -4, -1, -5, 0, -4, -6, -4, 3, 1, 5, 1, 6, -4, -1, 3, -2, 1, 0, -6, 4, -5, 4, -4, -5, -4, 2, 3, 4, -1, -4, 6, -6, -4, -5, 4, -2, 5, 6, -4, -3, -4, 6, -3, -4, 1, 5, -1, -1, 5, 1, -3, -4, 6, 3, 5, -2, -1, 6, 6, -6, -2, 6, 5, -6, -4, -3, 0, 4, 1, 4, 1, 5, -2, -6, -3, -2, -5, 4, 2, 4, 1, -3, -5, -1, -4, -1, -3, -1, -4, -3, 6, -1, 0, -5, -2, -6, 5, 4, 6, -3, -5, 0, -6, -1]
 
1.32732831827: [6, 3, 6, -2, -5, -2, 4, 0, -4, 6, -5, -5, -4, 0, -1, -2, -6, -6, -2, 4, -1, 4, -5, 4, -6, -3, -4, -1, -4, -6, -1, 5, 1, 1, 0, -4, 1, 4, -4, -2, 6, -1, -6, -2, -5, 4, -4, -5, -1, 2, 6, 4, -1, -4, 6, -2, 6, -5, -4, -2, -3, 6, -2, 2, -4, 6, -2, -4, -6, 5, -5, -1, 5, 1, 2, -2, 4, 3, 4, -2, 4, 5, 5, -6, 3, 6, 5, -6, 3, -3, -6, 4, 1, -4, 1, 5, 0, -1, -1, -5, -5, -4, 6, 1, 2, 2, -5, 4, 3, -1, -3, 3, -2, -2, 6, -1, 0, -5, 0, 1, 5, 4, -3, -3, -1, 2, -6, 5]
 
0.685145793155: [6, 3, 6, -2, -5, -2, 4, 0, -3, -6, 5, -5, 5, 2, 6, -3, 2, -6, -2, -2, -1, -4, -5, -1, -4, -1, -5, 0, -4, -6, 5, 5, 1, 5, 0, -5, -4, 5, -4, -2, 1, 3, -6, -2, -6, 4, -4, 1, -4, 2, 3, 4, -1, -4, 6, 3, 6, 2, 0, -2, -3, 4, -6, -6, 0, 2, -4, -4, -6, 5, -1, -1, 5, 1, 2, -4, -1, 6, -1, -1, 0, 5, -6, 0, 1, 6, 2, 6, 5, -3, -3, 1, 1, -4, 1, 5, -1, 1, -1, -5, -5, -4, -4, 1, 4, -4, -5, 3, 3, -1, 1, 1, -2, -2, 6, -1, 0, -6, 2, 3, 5, 4, -4, -2, -1, -2, -2, -1]
 
1.15196703729: [-5, 2, 1, -2, -5, -2, 4, 0, -3, -6, 5, -3, 5, 0, 6, -3, 2, 0, -2, -1, 5, 4, -5, -1, 3, -1, -2, 5, -4, -6, -5, 5, 1, 5, 0, 5, -4, 4, -4, -1, 1, 4, -2, 3, -3, 2, -6, 4, -3, 4, -6, -3, -4, -1, 1, -4, 3, 0, 6, 4, 0, 3, 2, -3, 4, 5, -6, -1, 4, 3, -6, -6, -1, -2, 0, 6, 0, -1, -6, -2, 4, -5, -6, -5, 3, 4, 5, -6, 4, -3, 0, 4, 1, -4, 1, -2, -2, -5, 3, 5, 5, -4, 2, -1, 1, 3, -5, -1, 1, 0, -6, 5, -2, 4, 6, -3, -6, -5, -2, 3, 5, 5, -5, 2, -5, -1, -6, -1]
 
4.86233551602: [5, 4, 6, -2, -5, -2, 4, 0, -3, -6, 5, -5, 5, 0, 6, -3, 2, -6, -2, 4, 5, 4, -5, 3, -4, -1, -5, 0, -4, -6, -4, 5, 1, 5, 0, 6, -4, 4, -4, -1, 1, 0, -6, -2, 0, 4, -4, 4, -3, 4, 5, -3, 3, -5, -6, -4, -5, -4, -4, 0, 0, 2, 5, -3, 1, 5, -6, 5, 1, 3, -6, -6, -5, -5, 4, -2, 0, -1, -6, -3, 2, -1, 6, -3, 2, -4, -5, -6, -4, -3, 0, 4, 1, -4, 1, 5, -2, -5, -1, -5, -5, -4, 2, 1, 1, 3, -5, -1, -4, -1, -3, -1, -2, -2, 6, -1, 0, -5, -2, 3, 5, 4, -4, 2, -5, 0, -6, -1]
 
4.85330107239: [5, 4, 6, -2, -5, -2, 4, 0, -3, -6, 5, -5, 5, 0, 6, -3, 2, -6, -2, 4, 5, 4, -5, 3, -4, -1, -5, 0, -4, -6, -4, 5, 1, 5, 0, 6, -4, 4, -4, -1, 1, 0, -6, -2, 0, 4, -4, 4, -3, 4, 5, -3, 3, -5, -6, -4, -5, -4, -4, 0, 0, 2, 5, -3, 1, 5, -6, 5, 1, 3, -6, -6, -5, -5, 4, -2, 0, -1, -6, -2, 4, 5, -6, -6, 3, 6, 5, -6, -4, -3, 0, 4, 1, -4, 1, 5, -2, -5, -1, -5, -5, -4, 2, 1, 1, 3, -5, -1, -4, -1, -3, -1, -2, -2, 6, -1, 0, -5, -2, 3, 5, 4, -4, 2, -5, 0, -6, -1]
 
4.82355964679: [6, 3, 6, -2, -5, -2, 4, 0, -3, -6, 5, -5, 5, 0, 6, -3, 2, -6, -2, 4, 5, 4, -5, -1, -4, -1, -5, 0, -4, -6, -4, 5, 1, 5, 0, 6, -4, 4, -4, -1, 1, 0, -6, -2, 0, 4, -4, -5, -4, 2, 3, 4, -1, -4, 6, 0, 6, 4, -3, -3, -3, 3, 1, -3, 1, 5, -6, 5, 1, 3, -6, -6, -5, -5, 4, -2, 0, -1, -6, -2, 4, 5, -6, -6, 3, 6, 5, -5, -4, -3, -1, 1, -4, -5, 6, -4, -2, -5, -1, -5, -5, -4, 2, 1, 1, 3, -5, -1, -4, -1, -3, -1, -2, -2, 6, -1, 0, -5, -2, 3, 5, 4, -4, 2, -5, 0, -6, -1]
 
2.45338231398: [-1, 5, -5, -1, -5, 6, 4, 6, -4, 1, 5, -2, 5, 0, 6, -3, 2, 1, -1, 4, 4, 4, -3, -1, -4, -4, 6, 0, -5, -6, 2, 5, 1, -6, 0, -4, 6, 4, -5, 4, 1, 5, -6, -3, 1, 4, -4, 3, -1, 2, 4, -3, -1, 2, -2, 6, -2, -5, -2, -6, 4, -3, -1, 3, 1, -1, -2, 1, -5, -5, 1, 1, 2, 2, 6, -4, 4, 3, -1, -5, 4, -2, 4, 0, 5, -6, 5, -6, 5, 5, 0, 6, 1, 1, 5, 5, -2, -5, 4, 2, -5, -6, 2, -2, 1, -4, -5, 2, -3, 4, 4, -1, -2, -5, 6, -1, 0, -3, -2, 3, 5, 4, -4, 2, -5, 4, 2, -1]
 
1.56803841456: [5, 3, -4, -5, -2, -4, 2, 3, 2, 2, 5, -5, 3, 0, -1, 1, -6, -6, -2, 4, 5, 4, -5, -1, -4, 6, 1, 0, -4, 6, -4, 0, 1, 3, -4, 6, -4, 0, -4, -1, -5, 5, -6, 3, 2, -6, 3, 0, 4, -3, 4, -3, -1, 5, 2, 0, 6, 3, -6, 5, -3, -6, 3, 0, 3, -3, 4, 6, -1, 5, -1, -1, -1, 1, -1, 0, 0, 1, 5, -2, -5, -5, 1, -3, 2, 1, -6, 3, -4, 6, 0, -1, 1, -4, 1, 5, 1, -4, -4, 6, -5, -6, 6, 1, 2, 3, -5, -2, -4, 2, -1, 1, -2, 0, 6, 2, -5, -5, -5, 3, -4, -2, -4, 2, 3, 0, 6, -1]
 
4.75895850074: [6, 3, 6, -2, -5, -2, 4, 0, -3, -6, 5, -5, 5, 0, 6, -3, 2, -6, -2, 4, 5, 4, -5, -1, -4, -1, -5, 0, -4, -6, -4, 5, 1, 5, -2, 0, 5, -2, 3, 0, 6, 4, -2, 3, -3, -1, -5, 4, -3, 4, 5, -3, 3, -5, -6, -4, -5, -4, -4, 0, 0, 2, 5, -3, 1, 5, -6, 5, 1, 3, -6, -6, -5, -5, 4, -2, 0, -1, -6, -3, 2, -1, 6, -3, 2, -4, -5, -6, -4, -3, 0, 4, 1, -4, 1, 5, -2, -5, -1, -5, -5, -4, 2, 1, 1, 3, -5, -1, -4, -1, -3, -1, -2, -2, 6, -1, 0, -5, -2, 3, 5, 4, -4, 2, -5, 0, -6, -1]
 
4.74473537642: [6, 3, 6, -2, -5, -2, 4, 0, -3, -6, 5, -5, 5, 0, 6, -3, 2, -6, -2, 4, 5, 4, -5, -1, -4, -1, -5, 0, -4, -6, -4, 5, 1, 5, 0, 6, -4, 4, -4, -1, 1, 0, -6, -2, 0, 4, -4, -5, -4, 2, 3, 4, -1, -4, 6, 0, 6, 4, -3, -3, -3, 3, 1, 4, 2, 3, 6, 6, -1, 5, -1, -1, 5, 1, 2, 1, 0, 1, -4, 2, 6, -1, 6, -3, 2, -4, -5, -6, -4, -3, 0, 4, 1, -4, 1, 5, -2, -5, -1, -5, -5, -4, 2, 1, 1, 3, -5, -1, -4, -1, -3, -1, -2, -2, 6, -1, 0, -5, -2, 3, 5, 4, -4, 2, -5, 0, -6, -1]
 
4.73350738929: [6, 3, 6, -2, -5, -2, 4, 0, -3, -6, 5, -5, 5, 0, 6, -3, 2, -6, -2, 4, 5, 4, -5, -1, -4, -1, -5, 0, -4, -6, -4, 5, 1, 5, -2, 0, 5, -2, 3, 0, 6, 4, -2, 3, -3, -1, -5, 4, -3, 4, 5, -3, 3, -5, -6, -4, -5, -4, -4, 0, 0, 2, 5, -3, 1, 5, -6, 5, 1, 3, -6, -6, -5, -5, 4, -2, 0, -1, -6, -3, 2, -1, 6, -3, 2, -4, -5, -6, -4, -3, 0, 4, 1, -4, 1, 5, -2, -5, -1, -5, -5, -4, 2, 1, 1, 3, -5, -1, -4, -1, -3, -1, -2, -2, 6, -1, 0, -5, -2, 3, 5, 4, -4, 2, -5, 0, -6, -1]
 
1.24530802392: [6, 1, -2, -2, -5, -2, 1, 3, -3, 6, 5, -5, -1, -6, 6, 4, 2, 4, -2, 4, 5, 5, -1, -1, -1, -1, -5, -1, -5, -6, -4, -2, 1, 5, 0, 6, -4, 6, -5, -1, 1, 0, -3, 6, -6, 4, -4, -5, -4, 2, -5, 4, -1, -4, 6, 0, 6, 4, 1, -3, -2, 3, -6, -3, 2, 3, 6, 1, -1, 5, 2, -6, 2, 1, 3, 1, -2, 1, 0, 2, 1, -1, 6, -3, 2, -4, -5, -6, -4, 0, 0, -2, 1, -4, 0, -1, -2, -5, -4, -5, -5, 1, 2, 1, 1, 3, -5, 3, 1, -1, -3, -1, -2, -2, 6, -1, 0, -2, -2, 3, 1, 4, 3, 2, -5, 0, -6, 4]
 
5.10620912608: [6, 3, 6, -2, -5, -2, 4, 0, -3, -6, 5, -5, 5, 0, 6, -3, 2, -6, -2, 4, -1, 4, -5, 3, -4, -1, -5, 0, -4, -6, -4, 5, 1, 5, 0, 6, -4, 4, -4, -1, 1, 0, -6, -2, 0, 4, -4, -5, -4, 2, 3, 4, -1, -4, 6, 0, 6, -5, 0, -2, -3, 6, -4, 6, -4, 6, -2, -4, -1, 5, -1, -1, 5, 1, 2, -4, 4, 3, -1, -2, 4, 5, -6, -6, 3, 6, 5, -6, -4, -3, 0, 4, 1, -4, 1, 5, -2, -5, -1, -5, -5, -4, 2, 1, 1, 3, -5, -1, -4, -1, -3, -1, -2, -2, 6, -1, 0, -5, -2, 3, 5, 4, -4, 2, -5, 0, -6, -1]
 
4.98359986728: [6, 3, 6, -2, -5, -2, 4, 0, -3, -6, 5, -5, 5, 0, 6, -3, 2, -6, -2, 4, 5, 4, -5, -1, -4, -1, -5, 0, -4, -6, -4, 5, 1, 5, -2, 0, 5, -2, 3, 0, 6, 4, -2, 3, -3, -1, -5, 4, -3, 4, 5, -3, 3, -5, -6, -4, -5, -4, -4, 0, 0, 2, 5, -3, 1, 5, -6, 5, 1, 3, -6, -6, -5, -5, 4, -2, 0, -1, -6, -3, 2, -1, 6, -3, 2, -4, -5, -6, -4, -3, 0, 4, 1, -4, 1, 5, -2, -5, -1, -5, -5, -4, 2, 1, 1, 3, -5, -1, -4, -1, -3, -1, -2, -2, 6, -1, 0, -5, -2, 3, 5, 4, -4, 2, -5, 0, -6, -1]
 
5.27917905377: [6, 3, 6, -2, -5, -2, 4, 0, -3, -6, 5, -5, 5, 0, 6, -3, 2, -6, -2, 4, -1, 4, -5, 3, -4, -1, -5, 0, -4, -6, -4, 5, 1, 5, 0, 6, -4, 4, -4, -1, 1, 0, -6, -2, 0, 4, -4, -5, -4, 2, 3, 4, -1, -4, 6, 0, 6, -5, 0, -2, -3, 6, -4, 6, -4, 6, -2, -4, -1, 5, -1, -1, 5, 1, 2, -4, 4, 3, -1, -2, 4, 5, -6, -6, 3, 6, 5, -6, -4, -3, 0, 4, 1, -4, 1, 5, -2, -5, -1, -5, -5, -4, 2, 1, 1, 3, -5, -1, -4, -1, -3, -1, -2, -2, 6, -1, 0, -5, -2, 3, 5, 4, -4, 2, -5, 0, -6, -1]
 
4.83684739536: [6, 3, 6, -2, -5, -2, 4, 0, -3, -6, 5, -5, 5, 0, 6, -3, 2, -6, -2, 4, -1, 4, -5, 3, -4, -1, -5, 0, -4, -6, -4, 5, 1, 5, 0, 6, -4, 4, -4, -1, 1, 0, -6, -2, 0, 4, -4, -5, -4, 2, 3, 4, -1, -4, 6, 0, 6, -5, 0, -2, -3, 6, -4, 6, -4, 6, -2, -4, -1, 5, -6, -6, -5, -5, 4, -2, 0, -1, -6, -3, 2, -1, 6, -3, 2, -4, -5, -6, -4, -3, 0, 4, 1, -4, 1, 5, -2, -5, -1, -5, -5, -4, 2, 1, 1, 3, -5, -1, -4, -1, -3, -1, -2, -2, 6, -1, 0, -5, -2, 3, 5, 4, -4, 2, -5, 0, -6, -1]
 
4.67695957603: [6, 3, 6, -2, -5, -2, 4, 0, -3, -6, 5, -5, 5, 0, 6, -3, 2, -6, -2, 4, -1, 4, -5, 3, -4, -1, -5, 0, -4, -6, -4, 5, 1, 5, 0, 6, -4, 4, -4, -1, 1, 0, -6, -2, 0, 4, -4, -5, -4, 2, 3, 4, -1, -4, 6, 0, 6, -5, 0, -2, -3, 6, -4, 6, -4, 6, -2, -4, -1, 5, -1, -1, 5, 1, 2, -4, 4, 3, -1, -2, 4, 5, -6, -6, 3, 6, 5, -6, -4, -3, 0, 4, 1, -4, 1, 5, -2, -5, -1, -5, -5, -4, 2, 1, 1, 3, -5, -1, -4, -1, -3, -1, -2, -2, 6, -1, 0, -5, -2, 3, 5, 4, -4, 2, -5, 0, -6, -1]
 
4.95036190877: [6, 3, 6, -2, -5, -2, 4, 0, -3, -6, 5, -5, 5, 0, 6, -3, 2, -6, -2, 4, 5, 4, -5, -1, -4, -1, -5, 0, -4, -6, -4, 5, 1, 5, -2, 0, 5, -2, 3, 0, 6, 4, -2, 3, -3, -1, -5, 4, -3, 4, 5, -3, 3, -5, -6, -4, -5, -4, -4, 0, 0, 2, 5, -3, 1, 5, -6, 5, 1, 3, -6, -6, -5, -5, 4, -2, 0, -1, -6, -3, 2, -1, 6, -3, 2, -4, -5, -6, -4, -3, 0, 4, 1, -4, 1, 5, -2, -5, -1, -5, -5, -4, 2, 1, 1, 3, -5, -1, -4, -1, -3, -1, -2, -2, 6, -1, 0, -5, -2, 3, 5, 4, -4, 2, -5, 0, -6, -1]
 
5.24957907183: [5, 4, 6, -2, -5, -2, 4, 0, -3, -6, 5, -5, 5, 0, 6, -3, 2, -6, -2, 4, 5, 4, -5, 3, -4, -1, -5, 0, -4, -6, -4, 5, 1, 5, 0, 6, -4, 4, -4, -1, 1, 0, -6, -2, 0, 4, -4, -5, -4, 2, 3, 4, -1, -4, 6, 0, 6, 4, -3, -3, -3, 3, 1, 4, 2, 3, 6, 6, -1, 5, -1, -1, 5, 1, 2, 1, 0, 1, 1, -2, 4, 5, -6, -6, 3, 6, 5, -5, -4, -3, -1, 1, -4, -5, 6, -4, -2, -5, -1, -5, -5, -4, 2, 1, 1, 3, -5, -1, -4, -1, -3, -1, -2, -2, 6, -1, 0, -5, -2, 3, 5, 4, -4, 2, -5, 0, -6, -1]
 
5.42815087245: [6, 3, 6, -2, -5, -2, 4, 0, -3, -6, 5, -5, 5, 0, 6, -3, 2, -6, -2, 4, 5, 4, -5, -1, -4, -1, -5, 0, -4, -6, -4, 5, 1, 5, 0, 6, -4, 4, -4, -1, 1, 0, -6, -2, 0, 4, -4, -5, -4, 2, 3, 4, -1, -5, -6, -4, -5, -4, -4, 0, 0, 2, 5, -3, 1, 5, -6, 5, 1, 3, -6, -6, -5, -5, 4, -2, 0, -1, -6, -3, 2, -1, -6, -6, 3, 6, 5, -6, -4, -3, 0, 4, 1, -4, 1, 5, -2, -5, -1, -5, -5, -4, 2, 1, 1, 3, -5, -1, -4, -1, -3, -1, -2, -2, 6, -1, 0, -5, -2, 3, 5, 4, -4, 2, -5, 0, -6, -1]
 
5.23040452518: [6, 3, 6, -2, -5, -2, 4, 0, -3, -6, 5, -5, 5, 0, 6, -3, 2, -6, -2, 4, 5, 4, -5, -1, -4, -1, -5, 0, -4, -6, -4, 5, 1, 5, 0, 6, -4, 4, -4, -1, 1, 0, -6, -2, 0, 4, -4, -5, -4, 2, 3, 4, -1, -4, 6, 0, 6, -5, 0, -2, -3, 6, -4, 6, -4, 6, -2, -4, -1, 5, -1, -1, 5, 1, 2, -4, 4, 3, -1, -2, 4, 5, -6, -6, 3, 6, 5, -6, -4, -3, 0, 4, 1, -4, 1, 5, -2, -5, -1, -5, -5, -4, 2, 1, 1, 3, -5, -1, -4, -1, -3, -1, -2, -2, 6, -1, 0, -5, -2, 3, 5, 4, -4, 2, -5, 0, -6, -1]
 
5.33342613643: [6, 3, 6, -2, -5, -2, 4, 0, -3, -6, 5, -5, 5, 0, 6, -3, 2, -6, -2, 4, -1, 4, -5, 3, -4, -1, -5, 0, -4, -6, -4, 5, 1, 5, 0, 6, -4, 4, -4, -1, 1, 0, -6, -2, 0, 4, -4, -5, -4, 2, 3, 4, -1, -4, 6, 0, 6, -5, 0, -2, -3, 6, -4, 6, -4, 6, -2, -4, -1, 5, -1, -1, 5, 1, 2, -4, 4, 3, -1, -2, 4, 5, -6, -6, 3, 6, 5, -6, -4, -3, 0, 4, 1, -4, 1, 5, -2, -5, -1, -5, -5, -4, 2, 1, 1, 3, -5, -1, -4, -1, -3, -1, -2, -2, 6, -1, 0, -5, -2, 3, 5, 4, -4, 2, -5, 0, -6, -1]
 
4.93193146013: [5, 4, 6, -2, -5, -2, 4, 0, -3, -6, 5, -5, 5, 0, 6, -3, 2, -6, -2, 4, 5, 4, -5, 3, -4, -1, -5, 0, -4, -6, -4, 5, 1, 5, 0, 6, -4, 4, -4, -1, 1, 0, -6, -2, 0, 4, -4, 4, -3, 4, 5, -3, 3, -5, -6, -4, -5, -4, -4, 0, 0, 2, 5, -3, 1, 5, -6, 5, 1, 3, -6, -6, -5, -5, 4, -2, 0, -1, -6, -2, 4, 5, -6, -6, 3, 6, 5, -6, -4, -3, 0, 4, 1, -4, 1, 5, -2, -5, -1, -5, -5, -4, 2, 1, 1, 3, -5, -1, -4, -1, -3, -1, -2, -2, 6, -1, 0, -5, -2, 3, 5, 4, -4, 2, -5, 0, -6, -1]
 
1.50215686119: [6, 3, 5, 4, -5, -2, 4, 0, -3, -6, 5, -5, -4, 0, 6, -3, 2, -6, -2, 4, 5, 4, 1, 2, 6, -1, -5, 0, -4, -6, -4, 5, 4, 3, 0, 6, 2, 5, -4, -1, -3, -4, -6, -2, 0, 4, -4, 5, 3, 2, 3, 4, -5, -5, 6, 0, 6, 4, 1, -3, -1, -5, 1, -3, 1, -6, -6, -4, -4, 3, -4, -3, -5, 0, 4, -2, 6, 0, -6, -2, 4, -4, 1, -6, -6, 6, 5, -5, 4, -3, -1, 1, -4, 2, 6, -4, 1, -5, -3, 2, -5, -4, -4, -4, 1, 3, 4, 1, 5, -4, -3, -4, 4, -2, 6, -5, 0, -5, 2, 3, 5, 4, 6, 2, 1, 0, -6, -1]
 
4.92603531713: [6, 3, 6, -2, -5, -2, 4, 0, -3, -6, 5, -5, 5, 0, 6, -3, 2, -6, -2, 4, -1, 4, -5, 3, -4, -1, -5, 0, -4, -6, -4, 5, 1, 5, 0, 6, -4, 4, -4, -1, 1, 0, -6, -2, 0, 4, -4, -5, -4, 2, 3, 4, -1, -4, 6, 0, 6, -5, 0, -2, -3, 6, -4, 6, -4, 6, -2, -4, -1, 5, -1, -1, 5, 1, 2, -4, 4, 3, -1, -2, 4, 5, -6, -6, 3, 6, 5, -6, -4, -3, 0, 4, 1, -4, 1, 5, -2, -5, -1, -5, -5, -4, 2, 1, 1, 3, -5, -1, -4, -1, -3, -1, -2, -2, 6, -1, 0, -5, -2, 3, 5, 4, -4, 2, -5, 0, -6, -1]
 
0.873672756323: [3, -5, 0, -2, -5, 2, 4, 3, -1, 5, -5, 5, 5, 0, 6, -5, 2, -6, -4, -3, 4, 2, -4, -1, 5, -3, -5, 0, -3, 0, -4, 6, 1, -2, 0, 3, 5, 2, -4, -1, 2, 4, -6, -2, -5, 4, -4, -5, -4, 2, 1, 5, -5, -5, 6, 0, -1, -4, 3, 0, -3, 6, 4, 6, 0, 5, -2, 2, -1, -4, 5, -3, -3, 1, -6, -4, 6, -2, -1, -2, -2, 5, -6, -6, 3, 6, 5, -6, -4, 2, 1, 4, -6, -6, -5, 2, 5, -1, -1, -5, -5, -4, 2, -5, 0, 2, 2, -1, -4, -1, -1, 0, -2, -2, 6, 3, 4, -5, -2, -3, 3, 4, -4, 5, -1, -3, 2, -5]
 
5.18549484229: [6, 3, 6, -2, -5, -2, 4, 0, -3, -6, 5, -5, 5, 0, 6, -3, 2, -6, -2, 4, -1, 4, -5, 3, -4, -1, -5, 0, -4, -6, -4, 5, 1, 5, 0, 6, -4, 4, -4, -1, 1, 0, -6, -2, 0, 4, -4, -5, -4, 2, 3, 4, -1, -4, 6, 0, 6, -5, 0, -2, -3, 6, -4, 6, -4, 6, -2, -4, -1, 5, -1, -1, 5, 1, 2, -4, 4, 3, -1, -2, 4, 5, -6, -6, 3, 6, 5, -6, -4, -3, 0, 4, 1, -4, 1, 5, -2, -5, -1, -5, -5, -4, 2, 1, 1, 3, -5, -1, -4, -1, -3, -1, -2, -2, 6, -1, 0, -5, -2, 3, 5, 4, -4, 2, -5, 0, -6, -1]
 
4.76382562943: [6, 3, 6, -2, -5, -2, 4, 0, -3, -6, 5, -5, 5, 0, 6, -3, 2, -6, -2, 4, -1, 4, -5, 3, -4, -1, -5, 0, -4, -6, -4, 5, 1, 5, 0, 6, -4, 4, -4, -1, 1, 0, -6, -2, 0, 4, -4, -5, -4, 2, 3, 4, -1, -4, 6, 0, 6, -5, 0, -2, -3, 6, -4, 6, -4, 6, -2, -4, -1, 5, -6, -6, -5, -5, 4, -2, 0, -1, -6, -3, 2, -1, 6, -3, 2, -4, -5, -6, -4, -3, 0, 4, 1, -4, 1, 5, -2, -5, -1, -5, -5, -4, 2, 1, 1, 3, -5, -1, -4, -1, -3, -1, -2, -2, 6, -1, 0, -5, -2, 3, 5, 4, -4, 2, -5, 0, -6, -1]
 
4.95942421018: [6, 3, 6, -2, -5, -2, 4, 0, -3, -6, 5, -5, 5, 0, 6, -3, 2, -6, -2, 4, -1, 4, -5, 3, -4, -1, -5, 0, -4, -6, -4, 5, 1, 5, 0, 6, -4, 4, -4, -1, 1, 0, -6, -2, 0, 4, -4, -5, -4, 2, 3, 4, -1, -4, 6, 0, 6, -5, 0, -2, -3, 6, -4, 6, -4, 6, -2, -4, -1, 5, -6, -6, -5, -5, 4, -2, 0, -1, -6, -3, 2, -1, 6, -3, 2, -4, -5, -6, -4, -3, 0, 4, 1, -4, 1, 5, -2, -5, -1, -5, -5, -4, 2, 1, 1, 3, -5, -1, -4, -1, -3, -1, -2, -2, 6, -1, 0, -5, -2, 3, 5, 4, -4, 2, -5, 0, -6, -1]
 
5.58540457214: [6, 3, 6, -2, -5, -2, 4, 0, -3, -6, 5, -5, 5, 0, 6, -3, 2, -6, -2, 4, 5, 4, -5, -1, -4, -1, -5, 0, -4, -6, -4, 5, 1, 5, 0, 6, -4, 4, -4, -1, 1, 0, -6, -2, 0, 4, -4, -5, -4, 2, 3, 4, -1, -5, -6, -4, -5, -4, -4, 0, 0, 2, 5, -3, 1, 5, -6, 5, 1, 3, -6, -6, -5, -5, 4, -2, 0, -1, -6, -3, 2, -1, -6, -6, 3, 6, 5, -6, -4, -3, 0, 4, 1, -4, 1, 5, -2, -5, -1, -5, -5, -4, 2, 1, 1, 3, -5, -1, -4, -1, -3, -1, -2, -2, 6, -1, 0, -5, -2, 3, 5, 4, -4, 2, -5, 0, -6, -1]
 
5.10477728021: [6, 3, 6, -2, -5, -2, 4, 0, -3, -6, 5, -5, 5, 0, 6, -3, 2, -6, -2, 4, -1, 4, -5, 3, -4, -1, -5, 0, -4, -6, -4, 5, 1, 5, 0, 6, -4, 4, -4, -1, 1, 0, -6, -2, 0, 4, -4, -5, -4, 2, 3, 4, -1, -4, 6, 0, 6, -5, 0, -2, -3, 6, -4, 6, -4, 6, -2, -4, -1, 5, -1, -1, 5, 1, 2, -4, 4, 3, -1, -2, 4, 5, -6, -6, 3, 6, 5, -6, -4, -3, 0, 4, 1, -4, 1, 5, -2, -5, -1, -5, -5, -4, 2, 1, 1, 3, -5, -1, -4, -1, -3, -1, -2, -2, 6, -1, 0, -5, -2, 3, 5, 4, -4, 2, -5, 0, -6, -1]
 
5.72460575712: [6, 3, 6, -2, -5, -2, 4, 0, -3, -6, 5, -5, 5, 0, 6, -3, 2, -6, -2, 4, 5, 4, -5, -1, -4, -1, -5, 0, -4, -6, -4, 5, 1, 5, 0, 6, -4, 4, -4, -1, 1, 0, -6, -2, 0, 4, -4, -5, -4, 2, 3, 4, -1, -5, -6, -4, -5, -4, -4, 0, 0, 2, 5, -3, 1, 5, -6, 5, 1, 3, -6, -6, -5, -5, 4, -2, 0, -1, -6, -3, 2, -1, -6, -6, 3, 6, 5, -6, -4, -3, 0, 4, 1, -4, 1, 5, -2, -5, -1, -5, -5, -4, 2, 1, 1, 3, -5, -1, -4, -1, -3, -1, -2, -2, 6, -1, 0, -5, -2, 3, 5, 4, -4, 2, -5, 0, -6, -1]
 
1.35037784126: [6, 3, 6, 2, -5, -2, 4, 2, -6, -6, -5, 0, -6, 0, 3, 5, 2, -6, -2, 4, 5, 4, -3, -1, 6, 4, -5, 6, -4, -5, -4, -2, -1, -2, 0, 6, -4, 4, -4, -1, 1, 0, 4, -2, 0, 0, 0, -5, -4, 5, 3, 5, -1, -5, 1, 0, -5, 6, -4, 0, 0, 4, 2, -3, -6, 5, -6, 5, 2, 3, 6, 5, -5, -5, 4, -2, -1, -1, 6, -3, 2, -1, -6, -6, 3, -6, 5, -6, 2, -1, 0, 2, 6, -4, 1, 6, 3, -2, -5, -5, -5, -4, -4, 1, 5, -5, -5, -1, 4, -6, -3, 1, -2, -2, 6, -1, 0, -5, -2, 3, 5, -3, -1, 2, 4, -4, -6, -1]
 
5.1201447647: [6, 3, 6, -2, -5, -2, 4, 0, -3, -6, 5, -5, 5, 0, 6, -3, 2, -6, -2, 4, 5, 4, -5, -1, -4, -1, -5, 0, -4, -6, -4, 5, 1, 5, 0, 6, -4, 4, -4, -1, 1, 0, -6, -2, 0, 4, -4, -5, -4, 2, 3, 4, -1, -4, 6, 0, 6, -5, 0, -2, -3, 6, -4, 6, -4, 6, -2, -4, -1, 5, -1, -1, 5, 1, 2, -4, 4, 3, -1, -2, 4, 5, -6, -6, 3, 6, 5, -6, -4, -3, 0, 4, 1, -4, 1, 5, -2, -5, -1, -5, -5, -4, 2, 1, 1, 3, -5, -1, -4, -1, -3, -1, -2, -2, 6, -1, 0, -5, -2, 3, 5, 4, -4, 2, -5, 0, -6, -1]
 
4.84770027622: [6, 3, 6, -2, -5, -2, 4, 0, -3, -6, 5, -5, 5, 0, 6, -3, 2, -6, -2, 4, -1, 4, -5, 3, -4, -1, -5, 0, -4, -6, -4, 5, 1, 5, 0, 6, -4, 4, -4, -1, 1, 0, -6, -2, 0, 4, -4, -5, -4, 2, 3, 4, -1, -4, 6, 0, 6, -5, 0, -2, -3, 3, 1, -3, 1, 5, -6, 5, 1, 3, -6, -6, -5, -5, 4, -2, 0, -1, -6, -2, 4, 5, -6, -6, 3, 6, 5, -5, -4, -3, -1, 1, -4, -5, 6, -4, -2, -5, -1, -5, -5, -4, 2, 1, 1, 3, -5, -1, -4, -1, -3, -1, -2, -2, 6, -1, 0, -5, -2, 3, 5, 4, -4, 2, -5, 0, -6, -1]
 
5.07179945275: [6, 3, 6, -2, -5, -2, 4, 0, -3, -6, 5, -5, 5, 0, 6, -3, 2, -6, -2, 4, 5, 4, -5, -1, -4, -1, -5, 0, -4, -6, -4, 5, 1, 5, 0, 6, -4, 4, -4, -1, 1, 0, -6, -2, 0, 4, -4, -5, -4, 2, 3, 4, -1, -4, 6, 0, 6, 4, -3, -3, -3, 6, -4, 6, -4, 6, -2, -4, -1, 5, -1, -1, 5, 1, 2, -4, 4, 3, -1, -2, 4, 5, -6, -6, 3, 6, 5, -6, -4, -3, 0, 4, 1, -4, 1, 5, -2, -5, -1, -5, -5, -4, 2, 1, 1, 3, -5, -1, -4, -1, -3, -1, -2, -2, 6, -1, 0, -5, -2, 3, 5, 4, -4, 2, -5, 0, -6, -1]
 
5.17405931934: [6, 3, 6, -2, -5, -2, 4, 0, -3, -6, 5, -5, 5, 0, 6, -3, 2, -6, -2, 4, 5, 4, -5, 3, -4, -1, -5, 0, -4, -6, -4, 5, 1, 5, 0, 6, -4, 4, -4, -1, 1, 0, -6, -2, 0, 4, -4, -5, -4, 2, 3, 4, -1, -4, 6, 0, 6, -5, 0, -2, -3, 6, -4, 6, -4, 6, -2, -4, -1, 5, -1, -1, 5, 1, 2, -4, 4, 3, -1, -2, 4, 5, -6, -6, 3, 6, 5, -6, -4, -3, 0, 4, 1, -4, 1, 5, -2, -5, -1, -5, -5, -4, 2, 1, 1, 3, -5, -1, -4, -1, -3, -1, -2, -2, 6, -1, 0, -5, -2, 3, 5, 4, -4, 2, -5, 0, -6, -1]
 
4.98177214593: [6, 3, 6, -2, -5, -2, 4, 0, -3, -6, 5, -5, 5, 0, 6, -3, 2, -6, -2, 4, -1, 4, -5, -1, -4, -1, -5, 0, -4, -6, -4, 5, 1, 5, 0, 6, -4, 4, -4, -1, 1, 4, -2, 3, -3, -1, -5, 4, -3, 4, 5, -3, 3, -5, -6, -4, -5, -4, -4, 0, 0, 2, 5, -3, 1, 5, -6, 5, 1, 3, -6, -6, -5, -5, 4, -2, 0, -1, -6, -2, 4, 5, -6, -6, 3, 6, 5, -6, -4, -3, 0, 4, 1, -4, 1, 5, -2, -5, -1, -5, -5, -4, 2, 1, 1, 3, -5, -1, -4, -1, -3, -1, -2, -2, 6, -1, 0, -5, -2, 3, 5, 4, -4, 2, -5, 0, -6, -1]
 
4.62493140333: [6, 3, 6, -2, -5, -2, 4, 0, -3, -6, 5, -5, 5, 0, 6, -3, 2, -6, -2, 4, 5, 4, -5, -1, -4, -1, -5, 0, -4, -6, -4, 5, 1, 5, 0, 6, -4, 4, -4, -1, 1, 0, -6, -2, 0, 4, -4, -5, -4, 2, 3, 4, -1, -4, 6, 0, 6, 4, -3, -3, -3, 3, 1, 4, 2, 3, 6, 6, -1, 5, -1, -1, 5, 1, 2, 1, 0, 1, -4, 2, 6, -1, 6, -3, 2, -4, -5, -6, -4, -3, 0, 4, 1, -4, 1, 5, -2, -5, -1, -5, -5, -4, 2, 1, 1, 3, -5, -1, -4, -1, -3, -1, -2, -2, 6, -1, 0, -5, -2, 3, 5, 4, -4, 2, -5, 0, -6, -1]
 
4.62210228155: [5, 4, 6, -2, -5, -2, 4, 0, -3, -6, 5, -5, 5, 0, 6, -3, 2, -6, -2, 4, 5, 4, -5, 3, -4, -1, -5, 0, -4, -6, -4, 5, 1, 5, 0, 6, -4, 4, -4, -1, 1, 0, -6, -2, 0, 4, -4, 4, -3, 4, 5, -3, 3, -5, -6, -4, -5, -4, -4, 0, 0, 2, 5, -3, 1, 5, -6, 5, 1, 3, -6, -6, -5, -5, 4, -2, 0, -1, -6, -3, 2, -1, 6, -3, 2, -4, -5, -6, -4, -3, 0, 4, 1, -4, 1, 5, -2, -5, -1, -5, -5, -4, 2, 1, 1, 3, -5, -1, -4, -1, -3, -1, -2, -2, 6, -1, 0, -5, -2, 3, 5, 4, -4, 2, -5, 0, -6, -1]
 
5.73556627428: [5, 4, 6, -2, -5, -2, 4, 0, -3, -6, 5, -5, 5, 0, 6, -3, 2, -6, -2, 4, 5, 4, -5, 3, -4, -1, -5, 0, -4, -6, -4, 5, 1, 5, 0, 6, -4, 4, -4, -1, 1, 0, -6, -2, 0, 4, -4, -5, -4, 2, 3, 4, -1, -5, -6, -4, -5, -4, -4, 0, 0, 2, 5, -3, 1, 5, -6, 5, 1, 3, -6, -6, -5, -5, 4, -2, 0, -1, -6, -3, 2, -1, -6, -6, 3, 6, 5, -6, -4, -3, 0, 4, 1, -4, 1, 5, -2, -5, -1, -5, -5, -4, 2, 1, 1, 3, -5, -1, -4, -1, -3, -1, -2, -2, 6, -1, 0, -5, -2, 3, 5, 4, -4, 2, -5, 0, -6, -1]
 
5.08649701328: [6, 3, 6, -2, -5, -2, 4, 0, -3, -6, 5, -5, 5, 0, 6, -3, 2, -6, -2, 4, -1, 4, -5, 3, -4, -1, -5, 0, -4, -6, -4, 5, 1, 5, 0, 6, -4, 4, -4, -1, 1, 0, -6, -2, 0, 4, -4, -5, -4, 2, 3, 4, -1, -4, 6, 0, 6, -5, 0, -2, -3, 6, -4, 6, -4, 6, -2, -4, -1, 5, -1, -1, 5, 1, 2, -4, 4, 3, -1, -2, 4, 5, -6, -6, 3, 6, 5, -6, -4, -3, 0, 4, 1, -4, 1, 5, -2, -5, -1, -5, -5, -4, 2, 1, 1, 3, -5, -1, -4, -1, -3, -1, -2, -2, 6, -1, 0, -5, -2, 3, 5, 4, -4, 2, -5, 0, -6, -1]
 
4.88559327616: [6, 3, 6, -2, -5, -2, 4, 0, -3, -6, 5, -5, 5, 0, 6, -3, 2, -6, -2, 4, -1, 4, -5, 3, -4, -1, -5, 0, -4, -6, -4, 5, 1, 5, 0, 6, -4, 4, -4, -1, 1, 0, -6, -2, 0, 4, -4, -5, -4, 2, 3, 4, -1, -4, 6, 0, 6, -5, 0, -2, -3, 6, -4, 6, -4, 6, -2, -4, -1, 5, -1, -1, 5, 1, 2, -4, 4, 3, -1, -2, 4, 5, -6, -6, 3, 6, 5, -6, -4, -3, 0, 4, 1, -4, 1, 5, -2, -5, -1, -5, -5, -4, 2, 1, 1, 3, -5, -1, -4, -1, -3, -1, -2, -2, 6, -1, 0, -5, -2, 3, 5, 4, -4, 2, -5, 0, -6, -1]
 
4.93552150142: [6, 3, 6, -2, -5, -2, 4, 0, -3, -6, 5, -5, -4, 0, 5, -3, -1, -6, -2, 4, -1, 4, -5, 3, -4, -1, -5, 0, -4, -6, -4, 5, 1, 5, 0, 6, -4, 4, -4, -1, 1, 0, -6, -2, 0, 4, -4, -5, -4, 2, 3, 4, -1, -4, 6, 0, 6, -5, 0, -2, -3, 6, -4, 6, -4, 6, -2, -4, -1, 5, -1, -1, 5, 1, 2, -4, 4, 3, -1, -2, 4, 5, -6, -6, 3, 6, 5, -6, -4, -3, 0, 4, 1, -4, 1, 5, -2, -5, -1, -5, -5, -4, 2, 1, 1, 3, -5, -1, -4, -1, -3, -1, -2, -2, 6, -1, 0, -5, -2, 3, 5, 4, -4, 2, -5, 0, -6, -1]
 
