6.59116203632: [6, 3, 6, -2, -5, -2, 4, 0, -3, -6, 5, -5, 5, 0, 6, -3, 2, -6, -2, 4, 5, 4, -5, -1, -4, -1, -5, 0, -4, -6, -4, 5, 1, 5, 0, 6, -4, 4, -4, -1, 1, 0, -6, -2, 0, 4, -4, -5, -4, 2, 3, 4, -1, -4, 6, 0, 6, -5, 0, -2, -3, 6, -4, 6, -4, 6, -2, -4, -1, 3, -6, -6, -5, -5, 4, -2, 0, -1, -6, -3, 2, -1, -6, -6, 3, 6, 5, -6, -4, -3, 0, 4, 1, -4, 1, 5, -2, -5, -1, -5, -5, -4, 2, 1, 1, 3, -5, -1, -4, -1, -3, -1, -2, -2, 6, -1, 0, -5, -2, 3, 5, 4, -4, 2, -5, 0, -6, -1]
 
6.5400461884: [6, 3, 6, -2, -5, -2, 4, 0, -3, -6, 5, -5, 5, 0, 6, -3, 2, -6, -2, 4, 5, 4, -5, -1, -4, -1, -5, 0, -4, -6, -4, 5, 1, 5, 0, 6, -4, 4, -4, -1, 1, 0, -6, -2, 0, 4, -4, -5, -4, 2, 3, 4, -1, -4, 6, 0, 6, -5, 0, -2, -3, 6, -4, 6, -4, 6, -2, -4, -1, 3, -6, -6, -5, -5, 4, -2, 0, -1, -6, -3, 2, -1, -6, -6, 3, 6, 5, -6, -4, -3, 0, 4, 1, -4, 1, 5, -2, -5, -1, -5, -5, -4, 2, 1, 1, 3, -5, -1, -4, -1, -3, -1, -2, -2, 6, -1, 0, -5, -2, 3, 5, 4, -4, 2, -5, 0, -6, -1]
 
6.52727267702: [6, 3, 6, -2, -5, -2, 4, 0, -3, -6, 5, -5, 5, 0, 6, -3, 2, -6, -2, 4, 5, 4, -5, -1, -4, -1, -5, 0, -4, -6, -4, 5, 1, 5, 0, 6, -4, 4, -4, -1, 1, 0, -6, -2, 0, 4, -4, -5, -4, 2, 3, 4, -1, -4, 6, 0, 6, -5, 0, -2, -3, 6, -4, 6, -4, 6, -2, -4, -1, 3, -6, -6, -5, -5, 4, -2, 0, -1, -6, -3, 2, -1, -6, -6, 3, 6, 5, -6, -4, -3, 0, 4, 1, -4, 1, 5, -2, -5, -1, -5, -5, -4, 2, 1, 1, 3, -5, -1, -4, -1, -3, -1, -2, -2, 6, -1, 0, -5, -2, 3, 5, 4, -4, 2, -5, 0, -6, -1]
 
6.51577242263: [6, 3, 6, -2, -5, -2, 4, 0, -3, -6, 5, -5, 5, 0, 6, -3, 2, -6, -2, 4, 5, 4, -5, -1, -4, -1, -5, 0, -4, -6, -4, 5, 1, 5, 0, 6, -4, 4, -4, -1, 1, 0, -6, -2, 0, 4, -4, -5, -4, 2, 3, 4, -1, -4, 6, 0, 6, -5, 0, -2, -3, 6, -4, 6, -4, 6, -2, -4, -1, 3, -6, -6, -5, -5, 4, -2, 0, -1, -6, -3, 2, -1, -6, -6, 3, 6, 5, -6, -4, -3, 0, 4, 1, -4, 1, 5, -2, -5, -1, -5, -5, -4, 2, 1, 1, 3, -5, -1, -4, -1, -3, -1, -2, -2, 6, -1, 0, -5, -2, 3, 5, 4, -4, 2, -5, 0, -6, -1]
 
6.50207621225: [6, 3, 6, -2, -5, -2, 4, 0, -3, -6, 5, -5, 5, 0, 6, -3, 2, -6, -2, 4, 5, 4, -5, -1, -4, -1, -5, 0, -4, -6, -4, 5, 1, 5, 0, 6, -4, 4, -4, -1, 1, 0, -6, -2, 0, 4, -4, -5, -4, 2, 3, 4, -1, -4, 6, 0, 6, -5, 0, -2, -3, 6, -4, 6, -4, 6, -2, -4, -1, 3, -6, -6, -5, -5, 4, -2, 0, -1, -6, -3, 2, -1, -6, -6, 3, 6, 5, -6, -4, -3, 0, 4, 1, -4, 1, 5, -2, -5, -1, -5, -5, -4, 2, 1, 1, 3, -5, -1, -4, -1, -3, -1, -2, -2, 6, -1, 0, -5, -2, 3, 5, 4, -4, 2, -5, 0, -6, -1]
 
2.37510676293: [-4, 3, 6, 5, -3, 6, -3, 2, -2, -6, 5, 3, -4, 0, 6, -3, -5, -6, -3, 4, 5, -5, 3, 0, -4, -1, -5, 1, -4, -6, -2, -4, 1, 0, 0, 6, -3, 4, -4, 2, 1, 0, -6, -2, 0, 3, -4, 2, 4, 2, 3, 3, -1, -1, 6, 0, 6, -5, 0, -2, -3, 1, -4, 6, -4, 6, -2, 5, 2, 3, -6, 6, -2, -5, 5, -2, 0, -1, -6, -3, 2, 3, -6, -6, 3, 6, 5, 4, -4, -3, 2, 4, -2, 6, -3, 5, -2, -5, 5, -5, -5, -4, 2, 1, 1, -5, 1, -3, -4, -1, 6, -1, -2, -2, -3, -1, 0, -5, -2, 3, 0, 4, -6, 2, -5, -6, 6, -5]
 
6.48714434262: [6, 3, 6, -2, -5, -2, 4, 0, -3, -6, 5, -5, 5, 0, 6, -3, 2, -6, -2, 4, 5, 4, -5, -1, -4, -1, -5, 0, -4, -6, -4, 5, 1, 5, 0, 6, -4, 4, -4, -1, 1, 0, -6, -2, 0, 4, -4, -5, -4, 2, 3, 4, -1, -4, 6, 0, 6, -5, 0, -2, -3, 6, -4, 6, -4, 6, -2, -4, -1, 3, -6, -6, -5, -5, 4, -2, 0, -1, -6, -3, 2, -1, -6, -6, 3, 6, 5, -6, -4, -3, 0, 4, 1, -4, 1, 5, -2, -5, -1, -5, -5, -4, 2, 1, 1, 3, -5, -1, -4, -1, -3, -1, -2, -2, 6, -1, 0, -5, -2, 3, 5, 4, -4, 2, -5, 0, -6, -1]
 
6.47950509421: [6, 3, 6, -2, -5, -2, 4, 0, -3, -6, 5, -5, 5, 0, 6, -3, 2, -6, -2, 4, 5, 4, -5, -1, -4, -1, -5, 0, -4, -6, -4, 5, 1, 5, 0, 6, -4, 4, -4, -1, 1, 0, -6, -2, 0, 4, -4, -5, -4, 2, 3, 4, -1, -4, 6, 0, 6, -5, 0, -2, -3, 6, -4, 6, -4, 6, -2, -4, -1, 3, -6, -6, -5, -5, 4, -2, 0, -1, -6, -3, 2, -1, -6, -6, 3, 6, 5, -6, -4, -3, 0, 4, 1, -4, 1, 5, -2, -5, -1, -5, -5, -4, 2, 1, 1, 3, -5, -1, -4, -1, -3, -1, -2, -2, 6, -1, 0, -5, -2, 3, 5, 4, -4, 2, -5, 0, -6, -1]
 
1.25879148823: [2, 3, 5, 1, -4, -2, -2, 0, -3, -6, 6, 1, 6, -6, 4, 0, 4, -6, -2, 4, 5, 0, -5, -1, -6, 2, -6, 0, -4, 4, -5, 5, 1, 5, -4, 3, 0, 4, -4, -1, -5, 0, -6, 2, 0, 4, -4, -2, -4, 2, 3, 6, -1, 6, 0, 6, 6, -6, 0, 0, -3, -3, -2, 0, -4, 6, 1, 2, 6, 3, -3, 4, 4, 1, -4, -5, 0, -3, -5, -3, 5, -1, -6, -6, 6, 1, -1, -6, -4, 1, 0, -1, 0, -4, 0, 5, 5, 3, -1, -5, -3, 6, 2, -6, 6, 3, -4, -3, -1, -3, 5, -1, 4, -2, 1, -1, -1, -5, 2, 3, 5, -2, -4, 4, -5, 1, -6, -1]
 
1.43974682116: [5, 3, 6, -2, 0, -2, 4, 4, 3, 3, 5, -5, -2, 0, -2, -3, 2, 0, -1, 4, 5, 1, 6, -1, -4, -1, -5, 0, -4, -6, -4, 5, -1, -6, 3, 6, -4, 4, 5, -1, 1, 0, -5, -2, -5, 6, -4, -5, -4, 2, 3, 4, 6, 0, 3, 1, 6, 2, 5, -2, -3, 1, 2, 6, -5, 6, 0, -4, -1, 3, 6, 6, -5, -5, 4, 3, 0, 5, 4, -3, 2, -1, -6, -5, 3, 6, 5, -3, -1, 1, 0, 5, 1, -4, 5, 5, -2, -5, 0, -5, -5, -6, 2, -1, 1, 3, -5, 2, -4, -1, -3, -1, 3, -2, 6, -1, 0, -5, -2, 0, 5, 4, -4, 2, 2, -1, -6, -1]
 
6.44165254091: [6, 3, 6, -2, -5, -2, 4, 0, -3, -6, 5, -5, 5, 0, 6, -3, 2, -6, -2, 4, -1, 4, -5, 3, -4, -1, -5, 0, -4, -6, -4, 5, 1, 5, 0, 6, -4, 4, -4, -1, 1, 0, -6, -2, 0, 4, -4, -5, -4, 2, 3, 4, -1, -4, 6, 0, 6, -5, 0, -2, -3, 6, -4, 6, -4, 6, -2, -4, -1, 3, -6, -6, -5, -5, 4, -2, 0, -1, -6, -3, 2, -1, -6, -6, 3, 6, 5, -6, -4, -3, 0, 4, 1, -4, 1, 5, -2, -5, -1, -5, -5, -4, 2, 1, 1, 3, -5, -1, -4, -1, -3, -1, -2, -2, 6, -1, 0, -5, -2, 3, 5, 4, -4, 2, -5, 0, -6, -1]
 
6.43926567129: [6, 3, 6, -2, -5, -2, 4, 0, -3, -6, 5, -5, 5, 0, 6, -3, 2, -6, -2, 4, -1, 4, -5, 3, -4, -1, -5, 0, -4, -6, -4, 5, 1, 5, 0, 6, -4, 4, -4, -1, 1, 0, -6, -2, 0, 4, -4, -5, -4, 2, 3, 4, -1, -4, 6, 0, 6, -5, 0, -2, -3, 6, -4, 6, -4, 6, -2, -4, -1, 3, -6, -6, -5, -5, 4, -2, 0, -1, -6, -3, 2, -1, -6, -6, 3, 6, 5, -6, -4, -3, 0, 4, 1, -4, 1, 5, -2, -5, -1, -5, -5, -4, 2, 1, 1, 3, -5, -1, -4, -1, -3, -1, -2, -2, 6, -1, 0, -5, -2, 3, 5, 4, -4, 2, -5, 0, -6, -1]
 
1.49399246992: [6, 3, 6, -3, -5, -2, 4, 0, 4, -2, 5, -5, 5, 0, -6, -3, 2, -6, -2, 4, -2, -6, -5, -1, -4, 4, -5, 0, -4, -6, -4, 5, -5, -6, 0, 5, -3, -3, -4, 3, -1, -5, -6, 5, -1, 4, -4, -5, -4, 2, 3, 4, 0, -4, 6, 0, 6, -1, 0, -4, -3, 6, -4, 6, -4, 3, -2, -6, -1, 3, -6, -6, -5, 6, -6, -2, 0, -1, -6, 1, 2, -1, 4, 5, 3, 3, 5, -6, -4, -3, 0, -5, 1, -3, 1, 5, 2, -5, 4, -5, 6, -4, 2, 0, 1, 3, 3, 4, -6, -1, -5, -2, -2, 4, -5, -1, 0, -5, -2, 6, -2, 4, -4, 4, 6, -6, -6, -1]
 
6.39931357692: [6, 3, 6, -2, -5, -2, 4, 0, -3, -6, 5, -5, 5, 0, 6, -3, 2, -6, -2, 4, 5, 4, -5, -1, -4, -1, -5, 0, -4, -6, -4, 5, 1, 5, 0, 6, -4, 4, -4, -1, 1, 0, -6, -2, 0, 4, -4, -5, -4, 2, 3, 4, -1, -4, 6, 0, 6, -5, 0, -2, -3, 6, -4, 6, -4, 6, -2, -4, -1, 3, -6, -6, -5, -5, 4, -2, 0, -1, -6, -3, 2, -1, -6, -6, 3, 6, 5, -6, -4, -3, 0, 4, 1, -4, 1, 5, -2, -5, -1, -5, -5, -4, 2, 1, 1, 3, -5, -1, -4, -1, -3, -1, -2, -2, 6, -1, 0, -5, -2, 3, 5, 4, -4, 2, -5, 0, -6, -1]
 
6.39894325198: [6, 3, 6, -2, -5, -2, 4, 0, -3, -6, 5, -5, 5, 0, 6, -3, 2, -6, -2, 4, 5, 4, -5, -1, -4, -1, -5, 0, -4, -6, -4, 5, 1, 5, 0, 6, -4, 4, -4, -1, 1, 0, -6, -2, 0, 4, -4, -5, -4, 2, 3, 4, -1, -4, 6, 0, 6, -5, 0, -2, -3, 6, -4, 6, -4, 6, -2, -4, -1, 3, -6, -6, -5, -5, 4, -2, 0, -1, -6, -3, 2, -1, -6, -6, 3, 6, 5, -6, -4, -3, 0, 4, 1, -4, 1, 5, -2, -5, -1, -5, -5, -4, 2, 1, 1, 3, -5, -1, -4, -1, -3, -1, -2, -2, 6, -1, 0, -5, -2, 3, 5, 4, -4, 2, -5, 0, -6, -1]
 
6.39738755913: [6, 3, 6, -2, -5, -2, 4, 0, -3, -6, 5, -5, 5, 0, 6, -3, 2, -6, -2, 4, -1, 4, -5, 3, -4, -1, -5, 0, -4, -6, -4, 5, 1, 5, 0, 6, -4, 4, -4, -1, 1, 0, -6, -2, 0, 4, -4, -5, -4, 2, 3, 4, -1, -4, 6, 0, 6, -5, 0, -2, -3, 6, -4, 6, -4, 6, -2, -4, -1, 3, -6, -6, -5, -5, 4, -2, 0, -1, -6, -3, 2, -1, -6, -6, 3, 6, 5, -6, -4, -3, 0, 4, 1, -4, 1, 5, -2, -5, -1, -5, -5, -4, 2, 1, 1, 3, -5, -1, -4, -1, -3, -1, -2, -2, 6, -1, 0, -5, -2, 3, 5, 4, -4, 2, -5, 0, -6, -1]
 
6.39451616799: [6, 3, 6, -2, -5, -2, 4, 0, -3, -6, 5, -5, 5, 0, 6, -3, 2, -6, -2, 4, 5, 4, -5, -1, -4, -1, -5, 0, -4, -6, -4, 5, 1, 5, 0, 6, -4, 4, -4, -1, 1, 0, -6, -2, 0, 4, -4, -5, -4, 2, 3, 4, -1, -4, 6, 0, 6, -5, 0, -2, -3, 6, -4, 6, -4, 6, -2, -4, -1, 3, -6, -6, -5, -5, 4, -2, 0, -1, -6, -3, 2, -1, -6, -6, 3, 6, 5, -6, -4, -3, 0, 4, 1, -4, 1, 5, -2, -5, -1, -5, -5, -4, 2, 1, 1, 3, -5, -1, -4, -1, -3, -1, -2, -2, 6, -1, 0, -5, -2, 3, 5, 4, -4, 2, -5, 0, -6, -1]
 
6.37513848494: [6, 3, 6, -2, -5, -2, 4, 0, -3, -6, 5, -5, 5, 0, 6, -3, 2, -6, -2, 4, 5, 4, -5, -1, -4, -1, -5, 0, -4, -6, -4, 5, 1, 5, 0, 6, -4, 4, -4, -1, 1, 0, -6, -2, 0, 4, -4, -5, -4, 2, 3, 4, -1, -4, 6, 0, 6, -5, 0, -2, -3, 6, -4, 6, -4, 6, -2, -4, -1, 3, -6, -6, -5, -5, 4, -2, 0, -1, -6, -3, 2, -1, -6, -6, 3, 6, 5, -6, -4, -3, 0, 4, 1, -4, 1, 5, -2, -5, -1, -5, -5, -4, 2, 1, 1, 3, -5, -1, -4, -1, -3, -1, -2, -2, 6, -1, 0, -5, -2, 3, 5, 4, -4, 2, -5, 0, -6, -1]
 
1.37192039355: [0, 3, 6, -6, -5, -2, -3, -4, -3, -6, 5, -6, 5, 0, 6, -3, -4, -2, -2, 0, 5, 4, -5, -1, 6, -1, 3, 0, -4, -6, -4, -2, 4, -2, -5, 4, -4, 4, -4, 4, 1, -4, -6, 4, 0, -4, -4, 4, 5, 2, 3, 4, -1, -4, 4, -5, 6, 4, 0, -2, -3, 6, -4, -4, -4, 6, -2, -4, -1, 3, -3, -6, -5, -3, 4, -2, 0, -1, -6, -5, 2, -6, 2, -4, 3, 6, -2, -6, 3, -4, 6, 4, 1, -4, -2, 5, -2, -4, -6, -5, -5, 1, 2, 1, 1, 3, -3, -1, 5, -1, -3, -4, -2, 5, 6, -5, -5, -5, -5, 3, 5, -4, -4, 2, -3, -4, -6, -1]
 
1.79220954812: [-2, 3, 6, -2, -1, -2, -6, 0, 4, 5, 5, -5, 5, -4, 6, -3, -2, -6, -2, 4, -3, 4, -4, -5, -3, -1, -5, 0, -4, 6, -3, 5, 1, 5, 0, -1, -4, -2, 6, 2, 1, 2, -6, -2, 0, -6, -4, -5, -4, 1, -6, 1, -1, -5, 6, 0, -1, -5, 0, -2, -3, 6, -4, 6, 3, -4, -1, -4, -6, 3, -6, 6, 5, 4, 4, -2, 5, 2, -6, -3, 2, -1, -6, -6, 3, 4, 5, 6, -4, -3, 0, 4, 1, 2, 0, -3, -5, -5, -1, -5, -5, -4, 2, 1, 5, 3, -5, -1, -6, -1, -3, -5, -2, -2, 6, -1, 0, -5, -1, 3, -1, 4, -4, -1, -5, 0, -6, -1]
 
6.36968862574: [6, 3, 6, -2, -5, -2, 4, 0, -3, -6, 5, -5, 5, 0, 6, -3, 2, -6, -2, 4, -1, 4, -5, 3, -4, -1, -5, 0, -4, -6, -4, 5, 1, 5, 0, 6, -4, 4, -4, -1, 1, 0, -6, -2, 0, 4, -4, -5, -4, 2, 3, 4, -1, -4, 6, 0, 6, -5, 0, -2, -3, 6, -4, 6, -4, 6, -2, -4, -1, 3, -6, -6, -5, -5, 4, -2, 0, -1, -6, -3, 2, -1, -6, -6, 3, 6, 5, -6, -4, -3, 0, 4, 1, -4, 1, 5, -2, -5, -1, -5, -5, -4, 2, 1, 1, 3, -5, -1, -4, -1, -3, -1, -2, -2, 6, -1, 0, -5, -2, 3, 5, 4, -4, 2, -5, 0, -6, -1]
 
6.3658755007: [6, 3, 6, -2, -5, -2, 4, 0, -3, -6, 5, -5, 5, 0, 6, -3, 2, -6, -2, 4, 5, 4, -5, -1, -4, -1, -5, 0, -4, -6, -4, 5, 1, 5, 0, 6, -4, 4, -4, -1, 1, 0, -6, -2, 0, 4, -4, -5, -4, 2, 3, 4, -1, -4, 6, 0, 6, -5, 0, -2, -3, 6, -4, 6, -4, 6, -2, -4, -1, 3, -6, -6, -5, -5, 4, -2, 0, -1, -6, -3, 2, -1, -6, -6, 3, 6, 5, -6, -4, -3, 0, 4, 1, -4, 1, 5, -2, -5, -1, -5, -5, -4, 2, 1, 1, 3, -5, -1, -4, -1, -3, -1, -2, -2, 6, -1, 0, -5, -2, 3, 5, 4, -4, 2, -5, 0, -6, -1]
 
6.3583145379: [6, 3, 6, -2, -5, -2, 4, 0, -3, -6, 5, -5, 5, 0, 6, -3, 2, -6, -2, 4, 5, 4, -5, -1, -4, -1, -5, 0, -4, -6, -4, 5, 1, 5, 0, 6, -4, 4, -4, -1, 1, 0, -6, -2, 0, 4, -4, -5, -4, 2, 3, 4, -1, -4, 6, 0, 6, -5, 0, -2, -3, 6, -4, 6, -4, 6, -2, -4, -1, 3, -6, -6, -5, -5, 4, -2, 0, -1, -6, -3, 2, -1, -6, -6, 3, 6, 5, -6, -4, -3, 0, 4, 1, -4, 1, 5, -2, -5, -1, -5, -5, -4, 2, 1, 1, 3, -5, -1, -4, -1, -3, -1, -2, -2, 6, -1, 0, -5, -2, 3, 5, 4, -4, 2, -5, 0, -6, -1]
 
6.3480275797: [6, 3, 6, -2, -5, -2, 4, 0, -3, -6, 5, -5, 5, 0, 6, -3, 2, -6, -2, 4, -1, 4, -5, 3, -4, -1, -5, 0, -4, -6, -4, 5, 1, 5, 0, 6, -4, 4, -4, -1, 1, 0, -6, -2, 0, 4, -4, -5, -4, 2, 3, 4, -1, -4, 6, 0, 6, -5, 0, -2, -3, 6, -4, 6, -4, 6, -2, -4, -1, 3, -6, -6, -5, -5, 4, -2, 0, -1, -6, -3, 2, -1, -6, -6, 3, 6, 5, -6, -4, -3, 0, 4, 1, -4, 1, 5, -2, -5, -1, -5, -5, -4, 2, 1, 1, 3, -5, -1, -4, -1, -3, -1, -2, -2, 6, -1, 0, -5, -2, 3, 5, 4, -4, 2, -5, 0, -6, -1]
 
6.34587738369: [6, 3, 6, -2, -5, -2, 4, 0, -3, -6, 5, -5, 5, 0, 6, -3, 2, -6, -2, 4, -1, 4, -5, 3, -4, -1, -5, 0, -4, -6, -4, 5, 1, 5, 0, 6, -4, 4, -4, -1, 1, 0, -6, -2, 0, 4, -4, -5, -4, 2, 3, 4, -1, -4, 6, 0, 6, -5, 0, -2, -3, 6, -4, 6, -4, 6, -2, -4, -1, 3, -6, -6, -5, -5, 4, -2, 0, -1, -6, -3, 2, -1, -6, -6, 3, 6, 5, -6, -4, -3, 0, 4, 1, -4, 1, 5, -2, -5, -1, -5, -5, -4, 2, 1, 1, 3, -5, -1, -4, -1, -3, -1, -2, -2, 6, -1, 0, -5, -2, 3, 5, 4, -4, 2, -5, 0, -6, -1]
 
6.3300169624: [6, 3, 6, -2, -5, -2, 4, 0, -3, -6, 5, -5, 5, 0, 6, -3, 2, -6, -2, 4, 5, 4, -5, -1, -4, -1, -5, 0, -4, -6, -4, 5, 1, 5, 0, 6, -4, 4, -4, -1, 1, 0, -6, -2, 0, 4, -4, -5, -4, 2, 3, 4, -1, -4, 6, 0, 6, -5, 0, -2, -3, 6, -4, 6, -4, 6, -2, -4, -1, 3, -6, -6, -5, -5, 4, -2, 0, -1, -6, -3, 2, -1, -6, -6, 3, 6, 5, -6, -4, -3, 0, 4, 1, -4, 1, 5, -2, -5, -1, -5, -5, -4, 2, 1, 1, 3, -5, -1, -4, -1, -3, -1, -2, -2, 6, -1, 0, -5, -2, 3, 5, 4, -4, 2, -5, 0, -6, -1]
 
1.25722781973: [6, 3, -6, -2, -5, -2, 4, 0, -3, -6, 5, 1, 5, 0, -1, -3, 2, 0, -2, 4, -1, 4, -5, 5, -4, -3, -5, 0, -4, -6, 3, 5, -5, -1, 2, 0, -4, 5, -4, -1, 1, -2, -6, 1, 0, -5, -4, -6, -4, 2, 3, 4, 4, -4, 0, 0, 6, -5, 0, 6, -3, 3, -4, -4, -4, 1, 4, 0, -1, 3, -6, -6, 3, -6, 5, -5, 0, -1, -6, -5, 2, -1, -4, -6, 3, 6, 5, -6, -4, 0, 0, 4, 4, 3, -3, 5, -2, -5, -2, -5, 3, -4, 2, 1, 6, 5, -5, -1, -4, 1, -3, -1, -2, 5, -3, -3, -6, -5, -2, 3, 5, 5, -4, 2, 1, 0, -1, 0]
 
6.31676724684: [6, 3, 6, -2, -5, -2, 4, 0, -3, -6, 5, -5, 5, 0, 6, -3, 2, -6, -2, 4, 5, 4, -5, -1, -4, -1, -5, 0, -4, -6, -4, 5, 1, 5, 0, 6, -4, 4, -4, -1, 1, 0, -6, -2, 0, 4, -4, -5, -4, 2, 3, 4, -1, -4, 6, 0, 6, -5, 0, -2, -3, 6, -4, 6, -4, 6, -2, -4, -1, 3, -6, -6, -5, -5, 4, -2, 0, -1, -6, -3, 2, -1, -6, -6, 3, 6, 5, -6, -4, -3, 0, 4, 1, -4, 1, 5, -2, -5, -1, -5, -5, -4, 2, 1, 1, 3, -5, -1, -4, -1, -3, -1, -2, -2, 6, -1, 0, -5, -2, 3, 5, 4, -4, 2, -5, 0, -6, -1]
 
6.31462630837: [6, 3, 6, -2, -5, -2, 4, 0, -3, -6, 5, -5, 5, 0, 6, -3, 2, -6, -2, 4, 5, 4, -5, -1, -4, -1, -5, 0, -4, -6, -4, 5, 1, 5, 0, 6, -4, 4, -4, -1, 1, 0, -6, -2, 0, 4, -4, -5, -4, 2, 3, 4, -1, -4, 6, 0, 6, -5, 0, -2, -3, 6, -4, 6, -4, 6, -2, -4, -1, 3, -6, -6, -5, -5, 4, -2, 0, -1, -6, -3, 2, -1, -6, -6, 3, 6, 5, -6, -4, -3, 0, 4, 1, -4, 1, 5, -2, -5, -1, -5, -5, -4, 2, 1, 1, 3, -5, -1, -4, -1, -3, -1, -2, -2, 6, -1, 0, -5, -2, 3, 5, 4, -4, 2, -5, 0, -6, -1]
 
6.31445994939: [6, 3, 6, -2, -5, -2, 4, 0, -3, -6, 5, -5, 5, 0, 6, -3, 2, -6, -2, 4, 5, 4, -5, -1, -4, -1, -5, 0, -4, -6, -4, 5, 1, 5, 0, 6, -4, 4, -4, -1, 1, 0, -6, -2, 0, 4, -4, -5, -4, 2, 3, 4, -1, -4, 6, 0, 6, -5, 0, -2, -3, 6, -4, 6, -4, 6, -2, -4, -1, 3, -6, -6, -5, -5, 4, -2, 0, -1, -6, -3, 2, -1, -6, -6, 3, 6, 5, -6, -4, -3, 0, 4, 1, -4, 1, 5, -2, -5, -1, -5, -5, -4, 2, 1, 1, 3, -5, -1, -4, -1, -3, -1, -2, -2, 6, -1, 0, -5, -2, 3, 5, 4, -4, 2, -5, 0, -6, -1]
 
6.29042647432: [6, 3, 6, -2, -5, -2, 4, 0, -3, -6, 5, -5, 5, 0, 6, -3, 2, -6, -2, 4, 5, 4, -5, -1, -4, -1, -5, 0, -4, -6, -4, 5, 1, 5, 0, 6, -4, 4, -4, -1, 1, 0, -6, -2, 0, 4, -4, -5, -4, 2, 3, 4, -1, -4, 6, 0, 6, -5, 0, -2, -3, 6, -4, 6, -4, 6, -2, -4, -1, 3, -6, -6, -5, -5, 4, -2, 0, -1, -6, -3, 2, -1, -6, -6, 3, 6, 5, -6, -4, -3, 0, 4, 1, -4, 1, 5, -2, -5, -1, -5, -5, -4, 2, 1, 1, 3, -5, -1, -4, -1, -3, -1, -2, -2, 6, -1, 0, -5, -2, 3, 5, 4, -4, 2, -5, 0, -6, -1]
 
1.50342113493: [-5, 3, 1, -2, -2, -2, 4, 5, -3, -6, 0, -5, 5, 0, 5, 1, 2, 5, -2, 5, -5, -2, -1, -2, -4, -1, 4, 0, -2, 1, 3, 5, -3, 6, -6, 3, 1, 6, -1, -5, 1, 0, -6, 6, 4, 4, -4, -6, -4, 2, 3, -2, -1, -5, 6, 3, 3, -4, -4, -5, 2, 6, -1, 4, -4, 6, -2, 5, -1, -6, -6, -6, -5, 6, 6, 4, 0, 5, -4, -3, 2, 3, 0, -6, 3, 6, 3, 5, -6, -3, 4, -5, -2, -1, -5, 5, 4, -5, -1, -5, -3, -4, 3, 1, -5, 0, 2, -1, -4, -3, 5, 3, 3, -2, 6, -1, 4, 4, 0, 3, 5, 0, 2, -4, 3, 0, -6, -4]
 
6.55132348239: [6, 3, 6, -2, -5, -2, 4, 0, -3, -6, 5, -5, 5, 0, 6, -3, 2, -6, -2, 4, 5, 4, -5, -1, -4, -1, -5, 0, -4, -6, -4, 5, 1, 5, 0, 6, -4, 4, -4, -1, 1, 0, -6, -2, 0, 4, -4, -5, -4, 2, 3, 4, -1, -4, 6, 0, 6, -5, 0, -2, -3, 6, -4, 6, -4, 6, -2, -4, -1, 3, -6, -6, -5, -5, 4, -2, 0, -1, -6, -3, 2, -1, -6, -6, 3, 6, 5, -6, -4, -3, 0, 4, 1, -4, 1, 5, -2, -5, -1, -5, -5, -4, 2, 1, 1, 3, -5, -1, -4, -1, -3, -1, -2, -2, 6, -1, 0, -5, -2, 3, 5, 4, -4, 2, -5, 0, -6, -1]
 
6.2289397252: [6, 3, 6, -2, -5, -2, 4, 0, -3, -6, 5, -5, 5, 0, 6, -3, 2, -6, -2, 4, -1, 4, -5, 3, -4, -1, -5, 0, -4, -6, -4, 5, 1, 5, 0, 6, -4, 4, -4, -1, 1, 0, -6, -2, 0, 4, -4, -5, -4, 2, 3, 4, -1, -4, 6, 0, 6, -5, 0, -2, -3, 6, -4, 6, -4, 6, -2, -4, -1, 3, -6, -6, -5, -5, 4, -2, 0, -1, -6, -3, 2, -1, -6, -6, 3, 6, 5, -6, -4, -3, 0, 4, 1, -4, 1, 5, -2, -5, -1, -5, -5, -4, 2, 1, 1, 3, -5, -1, -4, -1, -3, -1, -2, -2, 6, -1, 0, -5, -2, 3, 5, 4, -4, 2, -5, 0, -6, -1]
 
5.97736402755: [6, 3, 6, -2, -5, -2, 4, 0, -3, -6, 5, -5, 5, 0, 6, -3, 2, -6, -2, 4, 5, 4, -5, -1, -4, -1, -5, 0, -4, -6, -4, 5, 1, 5, 0, 6, -4, 4, -4, -1, 1, 0, -6, -2, 0, 4, -4, -5, -4, 2, 3, 4, -1, -4, 6, 0, 6, -5, 0, -2, -3, 6, -4, 6, -4, 6, -2, -4, -1, 3, -6, -6, -5, -5, 4, -2, 0, -1, -6, -3, 2, -1, -6, -6, 3, 6, 5, -6, -4, -3, 0, 4, 1, -4, 1, 5, -2, -5, -1, -5, -5, -4, 2, 1, 1, 3, -5, -1, -4, -1, -3, -1, -2, -2, 6, -1, 0, -5, -2, 3, 5, 4, -4, 2, -5, 0, -6, -1]
 
6.34881969407: [6, 3, 6, -2, -5, -2, 4, 0, -3, -6, 5, -5, 5, 0, 6, -3, 2, -6, -2, 4, 5, 4, -5, -1, -4, -1, -5, 0, -4, -6, -4, 5, 1, 5, 0, 6, -4, 4, -4, -1, 1, 0, -6, -2, 0, 4, -4, -5, -4, 2, 3, 4, -1, -4, 6, 0, 6, -5, 0, -2, -3, 6, -4, 6, -4, 6, -2, -4, -1, 3, -6, -6, -5, -5, 4, -2, 0, -1, -6, -3, 2, -1, -6, -6, 3, 6, 5, -6, -4, -3, 0, 4, 1, -4, 1, 5, -2, -5, -1, -5, -5, -4, 2, 1, 1, 3, -5, -1, -4, -1, -3, -1, -2, -2, 6, -1, 0, -5, -2, 3, 5, 4, -4, 2, -5, 0, -6, -1]
 
6.15761483438: [6, 3, 6, -2, -5, -2, 4, 0, -3, -6, 5, -5, 5, 0, 6, -3, 2, -6, -2, 4, -1, 4, -5, 3, -4, -1, -5, 0, -4, -6, -4, 5, 1, 5, 0, 6, -4, 4, -4, -1, 1, 0, -6, -2, 0, 4, -4, -5, -4, 2, 3, 4, -1, -4, 6, 0, 6, -5, 0, -2, -3, 6, -4, 6, -4, 6, -2, -4, -1, 3, -6, -6, -5, -5, 4, -2, 0, -1, -6, -3, 2, -1, -6, -6, 3, 6, 5, -6, -4, -3, 0, 4, 1, -4, 1, 5, -2, -5, -1, -5, -5, -4, 2, 1, 1, 3, -5, -1, -4, -1, -3, -1, -2, -2, 6, -1, 0, -5, -2, 3, 5, 4, -4, 2, -5, 0, -6, -1]
 
5.92884970554: [6, 3, 6, -2, -5, -2, 4, 0, -3, -6, 5, -5, 5, 0, 6, -3, 2, -6, -2, 4, 5, 4, -5, -1, -4, -1, -5, 0, -4, -6, -4, 5, 1, 5, 0, 6, -4, 4, -4, -1, 1, 0, -6, -2, 0, 4, -4, -5, -4, 2, 3, 4, -1, -4, 6, 0, 6, -5, 0, -2, -3, 6, -4, 6, -4, 6, -2, -4, -1, 3, -6, -6, -5, -5, 4, -2, 0, -1, -6, -3, 2, -1, -6, -6, 3, 6, 5, -6, -4, -3, 0, 4, 1, -4, 1, 5, -2, -5, -1, -5, -5, -4, 2, 1, 1, 3, -5, -1, -4, -1, -3, -1, -2, -2, 6, -1, 0, -5, -2, 3, 5, 4, -4, 2, -5, 0, -6, -1]
 
1.46948684471: [-5, -5, 6, -2, -5, -2, 5, 0, -3, -6, 5, -5, -3, 0, 6, -3, 4, -5, 5, -1, -1, -1, -5, 3, -6, -1, -5, 0, -4, -6, -4, 5, 1, 5, -4, 6, -4, 4, -4, -1, 1, 0, -6, -2, 3, 4, -6, -5, -4, 2, 3, 4, 6, -4, 6, -2, 4, -5, 0, 0, -3, 0, -4, -6, -4, -6, -2, -4, -4, -4, -6, -6, -5, 6, 4, -2, 0, -1, 6, 1, 2, -1, -6, -6, 1, 6, 5, -6, -4, -3, 4, -2, 1, 2, 1, 5, 2, -5, -3, -5, 3, -4, 1, 1, -1, 3, -5, -1, -2, -1, -5, 4, -2, -1, 6, -3, 0, -5, -2, 3, 5, 4, -2, -4, -5, 5, -6, -1]
 
6.56530647272: [6, 3, 6, -2, -5, -2, 4, 0, -3, -6, 5, -5, 5, 0, 6, -3, 2, -6, -2, 4, 5, 4, -5, -1, -4, -1, -5, 0, -4, -6, -4, 5, 1, 5, 0, 6, -4, 4, -4, -1, 1, 0, -6, -2, 0, 4, -4, -5, -4, 2, 3, 4, -1, -4, 6, 0, 6, -5, 0, -2, -3, 6, -4, 6, -4, 6, -2, -4, -1, 3, -6, -6, -5, -5, 4, -2, 0, -1, -6, -3, 2, -1, -6, -6, 3, 6, 5, -6, -4, -3, 0, 4, 1, -4, 1, 5, -2, -5, -1, -5, -5, -4, 2, 1, 1, 3, -5, -1, -4, -1, -3, -1, -2, -2, 6, -1, 0, -5, -2, 3, 5, 4, -4, 2, -5, 0, -6, -1]
 
5.90357874222: [6, 3, 6, -2, -5, -2, 4, 0, -3, -6, 5, -5, 5, 0, 6, -3, 2, -6, -2, 4, 5, 4, -5, -1, -4, -1, -5, 0, -4, -6, -4, 5, 1, 5, 0, 6, -4, 4, -4, -1, 1, 0, -6, -2, 0, 4, -4, -5, -4, 2, 3, 4, -1, -4, 6, 0, 6, -5, 0, -2, -3, 6, -4, 6, -4, 6, -2, -4, -1, 3, -6, -6, -5, -5, 4, -2, 0, -1, -6, -3, 2, -1, -6, -6, 3, 6, 5, -6, -4, -3, 0, 4, 1, -4, 1, 5, -2, -5, -1, -5, -5, -4, 2, 1, 1, 3, -5, -1, -4, -1, -3, -1, -2, -2, 6, -1, 0, -5, -2, 3, 5, 4, -4, 2, -5, 0, -6, -1]
 
5.74732833063: [6, 3, 6, -2, -5, -2, 4, 0, -3, -6, 5, -5, 5, 0, 6, -3, 2, -6, -2, 4, 5, 4, -5, -1, -4, -1, -5, 0, -4, -6, -4, 5, 1, 5, 0, 6, -4, 4, -4, -1, 1, 0, -6, -2, 0, 4, -4, -5, -4, 2, 3, 4, -1, -4, 6, 0, 6, -5, 0, -2, -3, 6, -4, 6, -4, 6, -2, -4, -1, 3, -6, -6, -5, -5, 4, -2, 0, -1, -6, -3, 2, -1, -6, -6, 3, 6, 5, -6, -4, -3, 0, 4, 1, -4, 1, 5, -2, -5, -1, -5, -5, -4, 2, 1, 1, 3, -5, -1, -4, -1, -3, -1, -2, -2, 6, -1, 0, -5, -2, 3, 5, 4, -4, 2, -5, 0, -6, -1]
 
6.14963362284: [6, 3, 6, -2, -5, -2, 4, 0, -3, -6, 5, -5, 5, 0, 6, -3, 2, -6, -2, 4, 5, 4, -5, -1, -4, -1, -5, 0, -4, -6, -4, 5, 1, 5, 0, 6, -4, 4, -4, -1, 1, 0, -6, -2, 0, 4, -4, -5, -4, 2, 3, 4, -1, -4, 6, 0, 6, -5, 0, -2, -3, 6, -4, 6, -4, 6, -2, -4, -1, 3, -6, -6, -5, -5, 4, -2, 0, -1, -6, -3, 2, -1, -6, -6, 3, 6, 5, -6, -4, -3, 0, 4, 1, -4, 1, 5, -2, -5, -1, -5, -5, -4, 2, 1, 1, 3, -5, -1, -4, -1, -3, -1, -2, -2, 6, -1, 0, -5, -2, 3, 5, 4, -4, 2, -5, 0, -6, -1]
 
6.12835911202: [6, 3, 6, -2, -5, -2, 4, 0, -3, -6, 5, -5, 5, 0, 6, -3, 2, -6, -2, 4, -1, 4, -5, 3, -4, -1, -5, 0, -4, -6, -4, 5, 1, 5, 0, 6, -4, 4, -4, -1, 1, 0, -6, -2, 0, 4, -4, -5, -4, 2, 3, 4, -1, -4, 6, 0, 6, -5, 0, -2, -3, 6, -4, 6, -4, 6, -2, -4, -1, 3, -6, -6, -5, -5, 4, -2, 0, -1, -6, -3, 2, -1, -6, -6, 3, 6, 5, -6, -4, -3, 0, 4, 1, -4, 1, 5, -2, -5, -1, -5, -5, -4, 2, 1, 1, 3, -5, -1, -4, -1, -3, -1, -2, -2, 6, -1, 0, -5, -2, 3, 5, 4, -4, 2, -5, 0, -6, -1]
 
6.4163613323: [6, 3, 6, -2, -5, -2, 4, 0, -3, -6, 5, -5, 5, 0, 6, -3, 2, -6, -2, 4, 5, 4, -5, -1, -4, -1, -5, 0, -4, -6, -4, 5, 1, 5, 0, 6, -4, 4, -4, -1, 1, 0, -6, -2, 0, 4, -4, -5, -4, 2, 3, 4, -1, -4, 6, 0, 6, -5, 0, -2, -3, 6, -4, 6, -4, 6, -2, -4, -1, 3, -6, -6, -5, -5, 4, -2, 0, -1, -6, -3, 2, -1, -6, -6, 3, 6, 5, -6, -4, -3, 0, 4, 1, -4, 1, 5, -2, -5, -1, -5, -5, -4, 2, 1, 1, 3, -5, -1, -4, -1, -3, -1, -2, -2, 6, -1, 0, -5, -2, 3, 5, 4, -4, 2, -5, 0, -6, -1]
 
1.22266591342: [6, 3, 6, 1, 3, -2, -2, -1, 4, 5, 5, -5, 3, 0, 6, -5, 2, -5, -2, 1, 5, 4, -5, -1, 3, -1, -5, 0, -4, -6, -6, 5, 1, 5, 5, 6, 0, -2, -4, 0, -2, 0, 1, -2, 6, 4, -4, 5, -4, 2, 3, 4, 4, 1, 6, -3, 2, -5, 0, 0, -3, 6, -4, 6, -4, -6, -2, -4, 2, 3, -1, -3, -2, 1, 6, -2, 0, -3, -6, -3, -5, -1, -6, -6, 3, 6, 5, -6, -4, 1, -3, 4, 0, -4, 1, 5, -2, -5, -1, 6, -5, -1, -4, 1, 1, 3, -5, 4, -4, -3, -3, -1, -2, -2, 6, -6, 0, -2, -2, 3, 5, 2, -4, -1, -5, 0, 6, -2]
 
6.39520905003: [6, 3, 6, -2, -5, -2, 4, 0, -3, -6, 5, -5, 5, 0, 6, -3, 2, -6, -2, 4, 5, 4, -5, -1, -4, -1, -5, 0, -4, -6, -4, 5, 1, 5, 0, 6, -4, 4, -4, -1, 1, 0, -6, -2, 0, 4, -4, -5, -4, 2, 3, 4, -1, -4, 6, 0, 6, -5, 0, -2, -3, 6, -4, 6, -4, 6, -2, -4, -1, 3, -6, -6, -5, -5, 4, -2, 0, -1, -6, -3, 2, -1, -6, -6, 3, 6, 5, -6, -4, -3, 0, 4, 1, -4, 1, 5, -2, -5, -1, -5, -5, -4, 2, 1, 1, 3, -5, -1, -4, -1, -3, -1, -2, -2, 6, -1, 0, -5, -2, 3, 5, 4, -4, 2, -5, 0, -6, -1]
 
1.08469352296: [5, 3, 4, -2, -4, -2, 4, 0, -3, -6, -5, -5, -3, -6, 3, -3, -4, -6, -3, -6, -1, -1, -5, 3, -6, -1, -5, 0, -4, 0, 4, 5, 1, -4, 0, 2, -1, 4, -4, -1, -5, 0, -6, -2, 0, -2, -4, -5, -4, 2, 2, 4, 1, 2, 6, 0, -5, -5, 1, -2, -2, -4, -4, 6, -4, -5, -1, 6, -1, 3, -6, -1, -5, -5, 4, -1, -6, -1, -6, -3, 2, -2, -6, -6, -1, 6, 5, -2, -6, 2, 4, 4, 1, 0, 0, 5, -4, -5, -6, -5, -4, -4, -3, 6, -1, 3, -5, -1, -4, -1, -3, -1, -2, -2, -1, -1, 2, -2, -1, 3, 5, 3, -4, 2, -5, 0, -6, -1]
 
6.11676159241: [6, 3, 6, -2, -5, -2, 4, 0, -3, -6, 5, -5, 5, 0, 6, -3, 2, -6, -2, 4, 5, 4, -5, -1, -4, -1, -5, 0, -4, -6, -4, 5, 1, 5, 0, 6, -4, 4, -4, -1, 1, 0, -6, -2, 0, 4, -4, -5, -4, 2, 3, 4, -1, -4, 6, 0, 6, -5, 0, -2, -3, 6, -4, 6, -4, 6, -2, -4, -1, 3, -6, -6, -5, -5, 4, -2, 0, -1, -6, -3, 2, -1, -6, -6, 3, 6, 5, -6, -4, -3, 0, 4, 1, -4, 1, 5, -2, -5, -1, -5, -5, -4, 2, 1, 1, 3, -5, -1, -4, -1, -3, -1, -2, -2, 6, -1, 0, -5, -2, 3, 5, 4, -4, 2, -5, 0, -6, -1]
 
5.96724109913: [6, 3, 6, -2, -5, -2, 4, 0, -3, -6, 5, -5, 5, 0, 6, -3, 2, -6, -2, 4, 5, 4, -5, -1, -4, -1, -5, 0, -4, -6, -4, 5, 1, 5, 0, 6, -4, 4, -4, -1, 1, 0, -6, -2, 0, 4, -4, -5, -4, 2, 3, 4, -1, -4, 6, 0, 6, -5, 0, -2, -3, 6, -4, 6, -4, 6, -2, -4, -1, 3, -6, -6, -5, -5, 4, -2, 0, -1, -6, -3, 2, -1, -6, -6, 3, 6, 5, -6, -4, -3, 0, 4, 1, -4, 1, 5, -2, -5, -1, -5, -5, -4, 2, 1, 1, 3, -5, -1, -4, -1, -3, -1, -2, -2, 6, -1, 0, -5, -2, 3, 5, 4, -4, 2, -5, 0, -6, -1]
 
6.42864554921: [6, 3, 6, -2, -5, -2, 4, 0, -3, -6, 5, -5, 5, 0, 6, -3, 2, -6, -2, 4, -1, 4, -5, 3, -4, -1, -5, 0, -4, -6, -4, 5, 1, 5, 0, 6, -4, 4, -4, -1, 1, 0, -6, -2, 0, 4, -4, -5, -4, 2, 3, 4, -1, -4, 6, 0, 6, -5, 0, -2, -3, 6, -4, 6, -4, 6, -2, -4, -1, 3, -6, -6, -5, -5, 4, -2, 0, -1, -6, -3, 2, -1, -6, -6, 3, 6, 5, -6, -4, -3, 0, 4, 1, -4, 1, 5, -2, -5, -1, -5, -5, -4, 2, 1, 1, 3, -5, -1, -4, -1, -3, -1, -2, -2, 6, -1, 0, -5, -2, 3, 5, 4, -4, 2, -5, 0, -6, -1]
 
6.17820151603: [6, 3, 6, -2, -5, -2, 4, 0, -3, -6, 5, -5, 5, 0, 6, -3, 2, -6, -2, 4, -1, 4, -5, 3, -4, -1, -5, 0, -4, -6, -4, 5, 1, 5, 0, 6, -4, 4, -4, -1, 1, 0, -6, -2, 0, 4, -4, -5, -4, 2, 3, 4, -1, -4, 6, 0, 6, -5, 0, -2, -3, 6, -4, 6, -4, 6, -2, -4, -1, 3, -6, -6, -5, -5, 4, -2, 0, -1, -6, -3, 2, -1, -6, -6, 3, 6, 5, -6, -4, -3, 0, 4, 1, -4, 1, 5, -2, -5, -1, -5, -5, -4, 2, 1, 1, 3, -5, -1, -4, -1, -3, -1, -2, -2, 6, -1, 0, -5, -2, 3, 5, 4, -4, 2, -5, 0, -6, -1]
 
6.18586237958: [6, 3, 6, -2, -5, -2, 4, 0, -3, -6, 5, -5, 5, 0, 6, -3, 2, -6, -2, 4, 5, 4, -5, -1, -4, -1, -5, 0, -4, -6, -4, 5, 1, 5, 0, 6, -4, 4, -4, -1, 1, 0, -6, -2, 0, 4, -4, -5, -4, 2, 3, 4, -1, -4, 6, 0, 6, -5, 0, -2, -3, 6, -4, 6, -4, 6, -2, -4, -1, 3, -6, -6, -5, -5, 4, -2, 0, -1, -6, -3, 2, -1, -6, -6, 3, 6, 5, -6, -4, -3, 0, 4, 1, -4, 1, 5, -2, -5, -1, -5, -5, -4, 2, 1, 1, 3, -5, -1, -4, -1, -3, -1, -2, -2, 6, -1, 0, -5, -2, 3, 5, 4, -4, 2, -5, 0, -6, -1]
 
1.71450489517: [6, 3, 2, -4, -5, 5, 4, -2, 6, -6, 5, 4, -6, -6, 6, -3, 2, -6, -2, -5, 5, 3, -5, -1, -4, -6, -5, 2, -4, -6, -5, 5, 1, 5, 0, 6, -4, 4, -3, -1, 1, 0, -6, -4, 6, 6, -4, -5, 3, 0, 1, 4, -1, -4, 6, -6, 3, -5, 0, -4, -3, -6, -4, 3, 5, 6, 1, -4, -1, 3, -6, -6, -3, -4, 4, -2, 0, 5, -6, -3, 3, -1, -5, -6, 4, 4, 5, -5, -4, -3, 0, 0, 1, 0, 1, 5, -3, -5, -5, -5, 0, 2, 2, 1, 1, 3, -4, 1, -4, 2, -3, -1, -2, -2, 6, -1, -1, -5, -2, -5, 6, 4, -4, -6, 1, 0, -6, -1]
 
1.5410050234: [6, -4, 6, -6, -5, -2, 4, 3, 1, -6, 5, 0, 3, 0, 6, -3, 2, -6, -2, -4, 5, -1, -5, -1, -4, -1, -5, -1, 4, -6, -4, -2, 1, 5, 5, 2, -4, 2, -6, -6, 1, 0, -6, -2, 4, 4, -4, -5, -5, 2, -5, 4, 5, -4, 3, 0, 6, 3, 0, -2, -4, 3, -2, -4, -4, 0, 0, 6, -1, 3, -6, -6, 5, -5, 3, -2, 5, 0, -6, -6, 2, -1, -6, -6, 3, 6, 5, -3, -4, -3, 0, -4, 5, -4, 3, -5, 2, -5, -1, -5, -5, -4, -5, 0, 1, 3, -5, -1, -5, -1, 6, 6, -2, 0, 6, -1, 0, -5, -2, 3, 5, 4, -3, 6, -5, 0, -6, -3]
 
5.78974774663: [6, 3, 6, -2, -5, -2, 4, 0, -3, -6, 5, -5, 5, 0, 6, -3, 2, -6, -2, 4, 5, 4, -5, -1, -4, -1, -5, 0, -4, -6, -4, 5, 1, 5, 0, 6, -4, 4, -4, -1, 1, 0, -6, -2, 0, 4, -4, -5, -4, 2, 3, 4, -1, -4, 6, 0, 6, -5, 0, -2, -3, 6, -4, 6, -4, 6, -2, -4, -1, 3, -6, -6, -5, -5, 4, -2, 0, -1, -6, -3, 2, -1, -6, -6, 3, 6, 5, -6, -4, -3, 0, 4, 1, -4, 1, 5, -2, -5, -1, -5, -5, -4, 2, 1, 1, 3, -5, -1, -4, -1, -3, -1, -2, -2, 6, -1, 0, -5, -2, 3, 5, 4, -4, 2, -5, 0, -6, -1]
 
2.44679570384: [-6, 2, -4, -2, -4, -2, 5, 0, -3, -6, 5, -6, 5, 0, 6, -3, 2, -2, -3, 4, 5, 4, -5, -1, -4, 3, -5, 6, -2, -6, -1, 5, 1, 5, 6, 0, -4, -4, -4, -1, 1, 5, -4, -3, -2, 4, 4, -5, -4, -3, 0, 4, -1, -4, -6, -3, 5, -5, 2, -2, -3, -6, -4, -3, -4, -1, -2, -3, -5, 3, 2, -6, -5, -5, 4, -2, 0, -1, -6, -3, 2, -1, 2, -6, 3, 6, 5, -6, -4, -3, 0, 4, 1, -4, 1, 4, -2, -5, -1, -5, -5, -4, 2, 6, 6, 3, -5, -1, -4, -1, -3, -2, -2, -2, -3, -1, 0, -5, -3, 3, 5, 4, -1, -5, 4, 3, -6, -4]
 
1.25749763079: [6, 3, 6, -2, -5, -2, -2, 0, -3, -5, 5, -5, 5, 0, 6, -6, 2, -6, -5, -5, 5, 4, -5, 1, 0, -1, -5, 0, 5, -6, 5, 5, 1, 4, 0, -2, -4, 4, -4, -4, 1, 6, -6, 0, 5, 4, -4, 2, 2, -6, 6, 4, 2, 3, 6, 0, -2, 2, -4, 5, -1, 6, -4, 0, -4, 2, -2, -4, 5, 3, 2, 6, -5, -5, 4, 6, 0, -1, -6, -3, 5, -1, -6, -6, -3, 6, -1, -6, -4, -5, 0, -3, 1, -4, 1, -5, -2, -5, -1, -3, -5, -4, 2, 1, 1, 3, 3, 0, 4, -5, -3, -1, -2, -2, 6, -1, 0, -5, -2, 4, 5, 4, -4, 4, -5, 0, -4, -1]
 
6.26964690308: [6, 3, 6, -2, -5, -2, 4, 0, -3, -6, 5, -5, 5, 0, 6, -3, 2, -6, -2, 4, 5, 4, -5, -1, -4, -1, -5, 0, -4, -6, -4, 5, 1, 5, 0, 6, -4, 4, -4, -1, 1, 0, -6, -2, 0, 4, -4, -5, -4, 2, 3, 4, -1, -4, 6, 0, 6, -5, 0, -2, -3, 6, -4, 6, -4, 6, -2, -4, -1, 3, -6, -6, -5, -5, 4, -2, 0, -1, -6, -3, 2, -1, -6, -6, 3, 6, 5, -6, -4, -3, 0, 4, 1, -4, 1, 5, -2, -5, -1, -5, -5, -4, 2, 1, 1, 3, -5, -1, -4, -1, -3, -1, -2, -2, 6, -1, 0, -5, -2, 3, 5, 4, -4, 2, -5, 0, -6, -1]
 
6.09901438757: [6, 3, 6, -2, -5, -2, 4, 0, -3, -6, 5, -5, 5, 0, 6, -3, 2, -6, -2, 4, 5, 4, -5, -1, -4, -1, -5, 0, -4, -6, -4, 5, 1, 5, 0, 6, -4, 4, -4, -1, 1, 0, -6, -2, 0, 4, -4, -5, -4, 2, 3, 4, -1, -4, 6, 0, 6, -5, 0, -2, -3, 6, -4, 6, -4, 6, -2, -4, -1, 3, -6, -6, -5, -5, 4, -2, 0, -1, -6, -3, 2, -1, -6, -6, 3, 6, 5, -6, -4, -3, 0, 4, 1, -4, 1, 5, -2, -5, -1, -5, -5, -4, 2, 1, 1, 3, -5, -1, -4, -1, -3, -1, -2, -2, 6, -1, 0, -5, -2, 3, 5, 4, -4, 2, -5, 0, -6, -1]
 
6.03346024239: [6, 3, 6, -2, -5, -2, 4, 0, -3, -6, 5, -5, 5, 0, 6, -3, 2, -6, -2, 4, -1, 4, -5, 3, -4, -1, -5, 0, -4, -6, -4, 5, 1, 5, 0, 6, -4, 4, -4, -1, 1, 0, -6, -2, 0, 4, -4, -5, -4, 2, 3, 4, -1, -4, 6, 0, 6, -5, 0, -2, -3, 6, -4, 6, -4, 6, -2, -4, -1, 3, -6, -6, -5, -5, 4, -2, 0, -1, -6, -3, 2, -1, -6, -6, 3, 6, 5, -6, -4, -3, 0, 4, 1, -4, 1, 5, -2, -5, -1, -5, -5, -4, 2, 1, 1, 3, -5, -1, -4, -1, -3, -1, -2, -2, 6, -1, 0, -5, -2, 3, 5, 4, -4, 2, -5, 0, -6, -1]
 
6.31330850877: [6, 3, 6, -2, -5, -2, 4, 0, -3, -6, 5, -5, 5, 0, 6, -3, 2, -6, -2, 4, 5, 4, -5, -1, -4, -1, -5, 0, -4, -6, -4, 5, 1, 5, 0, 6, -4, 4, -4, -1, 1, 0, -6, -2, 0, 4, -4, -5, -4, 2, 3, 4, -1, -4, 6, 0, 6, -5, 0, -2, -3, 6, -4, 6, -4, 6, -2, -4, -1, 3, -6, -6, -5, -5, 4, -2, 0, -1, -6, -3, 2, -1, -6, -6, 3, 6, 5, -6, -4, -3, 0, 4, 1, -4, 1, 5, -2, -5, -1, -5, -5, -4, 2, 1, 1, 3, -5, -1, -4, -1, -3, -1, -2, -2, 6, -1, 0, -5, -2, 3, 5, 4, -4, 2, -5, 0, -6, -1]
 
1.18792552238: [6, 3, 6, -2, -5, 0, 4, -3, -3, 0, 5, 5, -3, 3, 6, -3, 2, -6, 4, 4, 1, 2, 6, 2, -6, 3, -3, 4, -4, -6, -2, 5, 1, 5, 6, -1, -4, 4, -4, -3, 0, 0, -1, -2, 0, -6, -4, -5, -4, 2, 3, -1, -1, -4, 0, -1, 4, -5, 5, -4, -3, 6, -4, 1, -3, 6, 5, -4, -1, -2, -6, -6, -5, 4, 1, -2, 0, 0, -4, -3, 2, -1, -6, -6, 3, 6, 5, -6, 6, -3, 4, 0, 1, 1, 1, 5, -2, 4, -1, -5, -6, -4, 4, -6, 1, 3, -5, 2, -2, -1, -3, -5, 3, -2, -6, -1, 0, -5, -2, 3, 5, 4, -4, 6, -5, -3, -6, 1]
 
1.02345063447: [6, 3, 6, -2, 1, -2, -4, 0, -3, -6, 5, -5, 5, 0, 6, -3, 2, 0, -2, 4, 5, -1, -2, -1, -4, -1, -5, 0, -4, -4, -4, 5, -3, 5, 0, 6, -3, 3, -2, -1, -4, 0, -6, -2, 0, 4, -4, -5, 6, 2, 1, 4, -1, -4, 6, -5, 4, 0, 0, -2, -3, 3, -3, 6, -4, 6, -2, -4, -1, 3, -6, -6, -5, -5, 0, -2, 4, -1, 4, -3, 2, -1, -6, -6, -5, 4, 5, -1, -4, -3, 0, 0, -6, -4, 6, -4, -2, 5, -1, -5, -1, -4, 2, -5, 4, 3, -5, -1, 4, -1, -3, -1, 2, 2, 6, -1, 0, -5, -2, 3, 5, 4, -4, 3, 2, 0, -6, 2]
 
