5.42310014738: [6, 3, 6, -2, -5, -2, 4, 0, -3, -6, 5, -5, 5, 0, 6, -3, 2, -6, -2, 4, 5, 4, -5, -1, -4, -1, -5, 0, -4, -6, -4, 5, 1, 5, 0, 6, -4, 4, -4, -1, 1, 0, -6, -2, 0, 4, -4, -5, -4, 2, 3, 4, -1, -4, 6, 0, 6, 4, -3, -3, -3, 3, 1, 4, 2, 3, 6, 6, -1, 5, -1, -1, 5, 1, 2, 1, 0, 1, 1, -2, 4, 5, -6, -6, 3, 6, 5, -5, -4, -3, -1, 1, -4, -5, 6, -4, -2, -5, -1, -5, -5, -4, 2, 1, 1, 3, -5, -1, -4, -1, -3, -1, -2, -2, 6, -1, 0, -5, -2, 3, 5, 4, -4, 2, -5, 0, -6, -1]
 
4.92771127: [6, 3, 6, -2, -5, -2, 4, 0, -3, -6, 5, -5, -4, 0, 5, -3, -1, -6, -2, 4, -1, 4, -5, 3, -4, -1, -5, 0, -4, -6, -4, 5, 1, 5, 0, 6, -4, 4, -4, -1, 1, 0, -6, -2, 0, 4, -4, -5, -4, 2, 3, 4, -1, -4, 6, 0, 6, -5, 0, -2, -3, 6, -4, 6, -4, 6, -2, -4, -1, 5, -1, -1, 5, 1, 2, -4, 4, 3, -1, -2, 4, 5, -6, -6, 3, 6, 5, -6, -4, -3, 0, 4, 1, -4, 1, 5, -2, -5, -1, -5, -5, -4, 2, 1, 1, 3, -5, -1, -4, -1, -3, -1, -2, -2, 6, -1, 0, -5, -2, 3, 5, 4, -4, 2, -5, 0, -6, -1]
 
1.34876241418: [4, 2, 1, -2, -5, -6, 4, 4, -3, -6, 2, -5, 5, -2, 4, 3, 4, -6, -2, 4, 5, -3, -5, -4, -4, 0, -5, 0, -4, -3, -4, 4, -1, -5, 0, 6, -4, 4, -4, -1, -6, 0, -2, -2, 0, 4, -5, -5, -4, 2, 3, 4, -1, -4, 6, 0, 2, 4, -5, -3, 0, 3, 1, 4, 2, 3, 6, -4, -3, -4, 5, -1, 5, 1, 2, 1, 0, -3, -1, 3, -6, -1, -4, 0, 1, 6, -5, -6, -6, -3, 0, 6, 1, -3, -3, 5, -2, -5, -1, -5, -4, -4, -1, -5, 3, 3, -5, -1, -4, -1, -1, -1, 0, -2, 2, -1, 0, -5, -2, 3, -5, 4, 6, 2, -5, 5, -6, -1]
 
4.65959637089: [6, 3, 6, -2, -5, -2, 4, 0, -3, -6, 5, -5, 5, 0, 6, -3, 2, -6, -2, 4, 5, 4, -5, -1, -4, -1, -5, 0, -4, -6, -4, 5, 1, 5, 0, 6, -4, 4, -4, -1, 1, 0, -6, -2, 0, 4, -4, -5, -4, 2, 3, 4, -1, -4, 6, 0, 6, 4, -3, -3, -3, 3, 1, 4, 2, 3, 6, 6, -1, 5, -1, -1, 5, 1, 2, 1, 0, 1, 1, -2, 4, 5, -6, -6, 3, 6, 5, -5, -4, -3, -1, 1, -4, -5, 6, -4, -2, -5, -1, -5, -5, -4, 2, 1, 1, 3, -5, -1, -4, -1, -3, -1, -5, -3, 3, -1, 0, -5, -2, 3, 5, 4, -4, 2, -5, 0, -6, -1]
 
4.54768459656: [6, 3, 6, -2, -5, -2, 4, 0, -3, -6, 5, -5, 5, 0, 6, -3, 2, -6, -2, 4, 5, 4, -5, -1, -4, -1, -5, 0, -4, -6, -4, 5, 1, 5, 0, 6, -4, 4, -4, -1, 1, 0, -6, -2, 0, 4, -4, -5, -4, 2, 3, 4, -1, -4, 6, 0, 6, 4, -3, -3, -3, 3, 1, 4, 2, 3, 6, 6, -1, 5, -1, -1, 5, 1, 2, 1, 0, 1, 1, -2, 4, 5, 6, -3, 2, -4, -5, -6, -4, -3, 0, 4, 1, -4, 1, 5, -2, -5, -1, -5, -5, -4, 2, 1, 1, 3, -5, -1, -4, -1, -3, -1, -2, -2, 6, -1, 0, -5, -2, 3, 5, 4, -4, 2, -5, 0, -6, -1]
 
4.475548493: [6, 3, 6, -2, -5, -2, 4, 0, -3, -6, 5, -5, 5, 0, 6, -3, 2, -6, -2, 4, 5, 4, -5, -1, -4, -1, -5, 0, -4, -6, -4, 5, 1, 5, -2, 0, 5, -2, 3, 0, 6, 4, -2, 3, -3, -1, -5, 4, -3, 4, 5, -3, 3, -5, -6, -4, -5, -4, -4, 0, 0, 2, 5, -3, 1, 5, -6, 5, 1, 3, -6, -6, -5, -5, 4, -2, 0, -1, -6, -3, 2, -1, 6, -3, 2, -4, -5, -6, -4, -3, 0, 4, 1, -4, 1, 5, -2, -5, -1, -5, -5, -4, 2, 1, 1, 3, -5, -1, -4, -1, -3, -1, -5, -3, 3, -3, -6, 5, 5, 6, 5, 5, 6, 1, 5, 4, 5, -6]
 
4.42147259929: [6, 3, 6, -2, -5, -2, 4, 0, -3, -6, 5, -5, 5, 0, 6, -3, 2, -6, -2, 4, 5, 4, -5, -1, -4, -1, -5, 0, -4, -6, -4, 5, 1, 5, 0, 6, -4, 4, -4, -1, 1, 0, -6, -2, 0, 4, -4, -5, -4, 2, 3, 4, -1, -4, 6, 0, 6, 4, -3, -3, -3, 3, 1, 4, 2, 3, 6, 6, -1, 5, -1, -1, 5, 1, 2, 1, 0, 1, 1, -2, 4, 5, -6, -6, 3, 6, 5, -5, -4, -3, -1, 1, -4, -5, 6, -4, -2, -5, -1, -5, -5, -4, 2, 1, 1, 3, -5, -1, -4, -1, -3, -1, -5, -3, 3, -3, -6, 5, 5, 6, 5, 5, 6, 1, 5, 4, 5, -6]
 
-1000: [4, 6, 3, 5, 2, -2, 0, 4, -4, 3, -1, -5, -4, 0, 5, -6, -1, -6, -2, -3, -1, 3, -5, -1, 6, -1, -5, 0, -4, 5, 5, 2, 0, 6, -2, 0, 5, -2, -1, 0, 6, 4, -1, -4, -3, -1, 3, 4, -6, 1, 6, -3, 3, 3, -6, -4, 2, -4, -4, 0, 0, 2, -1, -3, -5, 5, -6, 5, 1, 5, -4, 4, -6, -5, 1, -3, 0, 0, -6, -3, 4, 2, 6, -6, 2, -4, -5, 0, 6, -3, 0, 4, 1, -4, 1, 6, -2, -5, -1, -5, -5, 4, 2, 1, 1, 3, 2, 4, -4, -5, 6, 4, -5, -3, 3, -3, -6, 5, 5, -1, 1, -6, -4, 1, 5, 4, 5, 0]
 
4.26591233777: [-6, -1, -4, 5, 2, -2, 0, 0, -4, -6, 5, -5, -4, 0, 5, -3, -1, -6, -2, 4, -1, 4, -5, 3, -4, -1, -5, 0, -4, -6, -4, 5, 1, 5, 0, 6, -4, 4, -4, -1, 1, 0, -6, -2, 0, 4, -4, -5, -4, 2, 3, 4, -1, -4, 6, 0, 6, 4, -3, -3, -3, 3, 1, 4, 2, 3, 6, 6, -1, 5, -1, -1, 5, 1, 2, 1, 0, 1, -4, 2, 6, -1, 6, -3, 2, -4, -5, -6, -4, -3, 0, 4, 1, -4, 1, 5, -2, -5, -1, -5, -5, -4, 2, 1, 1, 3, -5, -1, -4, -1, -3, -1, -2, -2, 6, -1, 0, -5, -2, 3, 5, 4, -4, 2, -5, 0, -6, -1]
 
0.271894302685: [4, -1, 2, 5, 2, -2, 0, 0, -4, -6, 5, -5, 1, 3, 4, 4, -1, -2, -1, 4, 1, 4, -5, -1, 6, -1, -1, 3, -4, -6, -4, 5, 1, 5, 6, 6, -1, 4, -4, -2, 1, 0, -5, -2, -5, 4, -4, -5, 4, 2, 3, 4, -1, -3, -1, 0, -4, -3, -3, -3, -3, 3, 1, -6, -4, 3, 6, 6, 1, 3, -1, -1, 5, -6, -4, -3, 0, 1, 1, -2, 4, -6, 3, -4, 3, 6, 1, 6, -4, -3, -1, 1, -4, -5, 6, 4, 3, -5, -1, -1, -5, -2, 3, 1, 6, 3, 3, -1, -4, -1, -3, -1, -5, -3, 3, -3, -6, 5, 1, 6, 1, 5, 6, 1, 5, 4, 5, -6]
 
0.339342601333: [1, 6, -1, 1, -4, 5, 2, 0, -2, -4, 4, -3, -4, 0, 5, -3, -1, -6, -2, 4, -5, 4, -5, 3, 0, -1, 5, 3, -5, -4, 5, 3, -4, -1, -2, 0, -6, -2, -5, 6, 5, 6, -1, 2, 6, -4, -5, 4, -3, 4, 1, -4, -6, -2, -3, 5, 2, 5, -6, -2, -3, 6, -5, -6, -5, 5, -6, -4, 1, -6, 4, -6, -5, -5, 4, -4, -3, -1, -6, -6, 2, 1, 6, 0, -1, -4, -5, -6, -4, -3, 0, 4, 6, 5, 1, 5, -2, 1, -1, 4, -1, -4, 2, -1, 1, 3, -5, -1, -4, -1, -4, -5, -2, 5, 6, -1, 5, -5, -2, 3, -6, 4, -4, 2, -5, 0, 4, -1]
 
4.15877146812: [6, 3, 6, -2, -5, -2, 4, 0, -3, -6, 5, -5, 5, 0, 6, -3, 2, -6, -2, 4, 5, 4, -5, -1, -4, -1, -5, 0, -4, -6, -4, 5, 1, 5, 0, 6, -4, 4, -4, -1, 1, 0, -6, -2, 0, 4, -4, -5, -4, 2, 3, 4, -1, -4, 6, 0, 6, 4, -3, -3, -3, 3, 1, 4, 2, 3, 6, 6, -3, -6, 2, 6, 5, 3, 4, -4, 4, 3, -1, -2, 4, 5, -6, -6, 3, 6, 5, -5, -4, -3, -1, 1, -4, -5, 6, -4, -2, -5, -1, -5, -5, -4, 2, 1, 1, 3, -5, -1, -4, -1, -3, -1, -5, -3, 3, -3, -6, 5, 5, 6, 5, 5, 6, 1, 5, 4, 5, -6]
 
4.0655241442: [5, 6, 1, 1, 1, 5, 5, 0, -3, -6, 5, -5, -4, 0, 5, -3, -1, -6, -2, 4, -1, 4, -5, 3, -4, -1, 5, 3, -5, 6, 5, -5, -4, 6, -2, 0, 5, -2, 3, 0, 5, 6, -1, -5, 6, 0, -5, 4, -3, 4, 5, -3, 3, -5, -6, -4, -5, -4, -4, 0, 0, 2, 5, -3, 1, 5, -6, 5, 1, 3, -6, -6, -5, -5, 4, -2, 0, -1, -6, -3, 2, -1, 6, -3, 2, -4, -5, -6, -4, -3, 0, 4, 1, -4, 1, 5, -2, -5, -1, -5, -5, -4, 2, 1, 1, 3, -5, -1, -4, -1, -3, -1, -2, -2, 6, -1, 0, -5, -2, 3, 5, 4, -4, 2, -5, 0, -6, -1]
 
4.04126009294: [6, 3, 6, -2, -5, -2, 4, 0, -3, -6, 5, -5, 5, 0, 6, -3, 2, -6, -2, 4, 5, 4, -5, -1, -4, -1, -5, 0, -4, -6, -4, 5, 1, 5, 0, 6, -4, 4, -4, -1, 1, 0, -6, -2, 0, 4, -4, -5, -4, 2, 3, 4, -1, -4, 6, 0, 6, -5, 0, -2, -3, 6, -4, 6, -4, 6, -2, -4, -1, 5, -1, -1, 5, 1, 2, -4, 4, 3, -1, -2, 4, 5, -6, -6, 3, 6, 5, -5, -4, -3, -1, 1, -4, -5, 6, -4, -2, -5, -1, -5, -5, -4, 2, 1, 1, 3, -5, -1, -4, -1, -3, -1, -5, -3, 3, -3, -6, 5, 5, 6, 5, 5, 6, 1, 5, 4, 5, -6]
 
4.02979004593: [-6, -1, -4, 5, 2, -2, 0, 3, -1, -4, -1, -6, -5, -5, 5, -4, -1, 3, 5, 4, -1, -6, 6, 4, -6, -2, 5, 3, -5, 6, 5, -5, -4, 6, -2, 0, 5, -2, 3, 0, 6, 4, -2, 3, -3, -1, -5, 4, -3, 4, 5, -3, 3, -5, -6, -4, -5, -4, -4, 0, 0, 2, 5, -3, 1, 5, -6, 5, 1, 3, -6, -6, -5, -5, 4, -2, 0, -1, -6, -3, 2, -1, 6, -3, 2, -4, -5, -6, -4, -3, 0, 4, 1, -4, 1, 5, -2, -5, -1, -5, -5, -4, 2, 1, 1, 3, -5, -1, -4, -1, -3, -1, -2, -2, 6, -1, 0, -5, -2, 3, 5, 4, -4, 2, -5, 0, -6, -1]
 
4.02950106433: [5, 4, 1, 1, 1, 5, 5, 0, -4, -6, 5, -5, -4, 0, 5, -3, -1, -6, -2, 4, -1, 4, -5, 3, -4, -1, -5, 0, -4, -6, -4, 5, 1, 5, 0, 6, -4, 4, -4, -1, 1, 0, -6, -2, 0, 4, -4, -5, -4, 2, 3, 4, -1, -4, 6, 0, 6, -5, 0, -2, -3, 6, -4, 6, -4, 6, -2, -4, -1, 5, -1, -1, 5, 1, 2, 1, 0, 1, 1, 1, 1, 3, 2, -6, -2, 1, 0, 1, 4, -1, 0, 4, 1, -4, 1, 5, -2, -5, -1, -5, -5, -4, 2, 1, 1, 3, -5, -1, -4, -1, -3, -1, -2, -2, 6, -1, 0, -5, -2, 3, 5, 4, -4, 2, -5, 0, -6, -1]
 
1.57812667934: [2, 6, 2, 1, 5, 0, 5, 0, -6, -6, 1, -4, -4, 0, 5, -3, -1, 6, -3, 6, -1, -6, -5, 5, -4, -1, 2, 3, -5, 6, -1, -5, 5, 6, -2, 0, -2, -2, 3, -3, 0, 3, -1, -5, 3, 0, -5, 4, -1, 0, 5, -3, 5, 3, -4, -4, -5, -4, -4, 0, 0, 2, -3, -3, -5, -3, -6, 5, 1, 3, -6, -6, -5, -5, 4, -2, 0, -1, -6, -3, 2, -1, 6, -3, -6, 0, -5, -6, -4, -3, 4, 4, 1, -4, 1, 0, -6, -5, 5, -3, -1, -4, 2, 1, 1, 3, -5, -5, 3, -1, -2, -1, -2, -2, 6, -1, 0, 1, 1, -2, 5, 4, -4, 2, -5, 0, 2, -2]
 
3.97359158179: [5, 4, 1, 1, 1, 5, 5, 0, -4, -6, 5, -5, -4, 0, 5, -3, -1, -6, -2, 4, -1, 4, -5, 3, -4, -1, -5, 0, -4, -6, -4, 5, 1, 5, 0, 6, -4, 4, -4, -1, 1, 0, -6, -2, 0, 4, -4, -5, -4, 2, 3, 4, -1, -4, 6, 0, 6, 4, -3, -3, -3, 3, 1, 4, 2, 3, 6, 6, -1, 5, -1, -1, 5, 1, 2, 1, 0, 1, 1, -2, 4, 5, -6, -6, 3, 6, 5, -5, -4, -3, -1, 1, -4, -5, 6, -4, -2, -5, -1, -5, -5, -4, 2, 1, 1, 3, -5, -1, -4, -1, -3, -1, -5, -3, 3, -1, 0, -5, -2, 3, 5, 4, -4, 2, -5, 0, -6, -1]
 
3.90031359035: [5, 4, 1, 1, 1, 5, 5, 0, -4, -6, 5, -5, -4, 0, 5, -3, -1, -6, -2, 4, -1, 4, -5, 3, -4, -1, -5, 0, -4, -6, -4, 5, 1, 5, 0, 6, -4, 4, -4, -1, 1, 0, -6, -2, 0, 4, -4, -5, -4, 2, 3, 4, -1, -4, 6, 0, 6, 4, -3, -3, -3, 3, 1, 4, 2, 3, 6, 6, -3, -6, 2, 6, 5, 3, 4, -4, 4, 3, -1, 1, 1, 3, 2, -6, -2, 1, 0, 1, 4, -1, 0, 4, 1, -4, 1, 5, -2, -5, -1, -5, -5, -4, 2, 1, 1, 3, -5, -1, -4, -1, -3, -1, -2, -2, 6, -1, 0, -5, -2, 3, 5, 4, -4, 2, -5, 0, -6, -1]
 
3.89855883863: [5, 6, 1, 1, 1, 5, 5, 0, -3, -6, 5, -5, -4, 0, 5, -3, -1, 3, 5, 4, -1, -6, 6, 4, -6, -2, 5, 3, -5, 6, 5, -5, -4, 6, -2, 0, 5, -2, 3, 0, 6, 4, -2, 3, -3, -1, -5, 4, -3, 4, 5, -3, 3, -5, -6, -4, -5, -4, -4, 0, 0, 2, 5, -3, 1, 5, -6, 5, 1, 3, -6, -6, -5, -5, 4, -2, 0, -1, -6, -3, 2, -1, 6, -3, 2, -4, -5, -6, -4, -3, 0, 4, 1, -4, 1, 5, -2, -5, -1, -5, -5, -4, 2, 1, 1, 3, -5, -1, -4, -1, -3, -1, -2, -2, 6, -1, 0, -5, -2, 3, 5, 4, -4, 2, -5, 0, -6, -1]
 
3.88724402075: [6, 3, 6, -2, -5, -2, 4, 0, -3, -6, 5, -5, 5, 0, 6, -3, 2, -6, -2, 4, 5, 4, -5, -1, -4, -1, -5, 3, 3, -1, -6, 1, 6, 1, -1, -4, 0, 3, -5, -5, 2, 5, -6, -3, 0, -2, -6, -6, -6, -1, 6, 0, -6, 6, -3, -5, 2, -5, 0, -2, -3, 6, -4, 6, -4, 6, -2, -4, -1, 5, -1, -1, 5, 1, 2, 1, 0, -1, -6, -3, 2, -1, 6, -3, 2, -4, -5, -6, -4, -3, 0, 4, 1, -4, 1, 5, -2, -5, -1, -5, -5, -4, 2, 1, 1, 3, -5, -1, -4, -1, -3, -1, -2, -2, 6, -1, 0, -5, -2, 3, 5, 4, -4, 2, -5, 0, -6, -1]
 
3.88640353267: [5, 4, 6, -2, -5, -2, 4, 0, -3, -6, 5, -5, 5, 0, 6, -3, 2, -6, -2, 4, 5, 4, -5, -1, -4, -1, -5, 3, 3, -1, -6, 1, 6, 1, -1, -4, 0, -2, 3, 0, 5, 6, -1, -5, 6, 0, -5, 4, -3, 4, 5, -3, 3, -5, -6, -4, -5, -4, -4, 0, 0, 2, 5, -3, 1, 5, -6, 5, 1, 3, -6, -6, -5, -5, 4, -2, 0, -1, -6, -3, 2, -1, 6, -3, 2, -4, -5, -6, -4, -3, 0, 4, 1, -4, 1, 5, -2, -5, -1, -5, -5, -4, 2, 1, 1, 3, -5, -1, -4, -1, -3, -1, -2, -2, 6, -1, 0, -5, -2, 3, 5, 4, -4, 2, -5, 0, -6, -1]
 
3.84568223591: [5, 4, 1, 1, 1, 5, 5, 0, -4, -6, 5, -5, -4, 0, 5, -3, -1, -6, -2, 4, -1, 4, -5, 3, -4, -1, -5, 0, -4, -6, -4, 5, 1, 5, 0, 6, -4, 4, -4, -1, 1, 0, -6, -2, 0, 4, -4, -5, -4, 2, 3, 4, -1, -4, 6, 0, 6, 4, -3, -3, -3, 3, 1, 4, 2, 3, 6, 6, -1, 5, -1, -1, 5, 1, 2, 1, 0, 1, 1, -2, 4, 5, -6, -6, 3, 6, 5, -5, -4, -3, -1, 1, -4, -5, 6, -4, -2, -5, -1, -5, -5, -4, 2, 1, 1, 3, -5, -1, -4, -1, -3, -1, -5, -3, 3, -3, -6, 5, 5, 6, 5, 5, 6, 1, 5, 4, 5, -6]
 
3.83416403612: [-6, -1, -4, 5, 2, -2, 0, 0, -4, -6, 5, -5, -4, 0, 5, -3, -1, -6, -2, 4, -1, 4, -5, 3, -4, -1, -5, 0, -4, -6, -4, 5, 1, 5, 0, 6, -4, 4, -4, -1, 1, 0, -6, -2, 0, 4, -4, -5, -4, 2, 3, 4, -1, -4, 6, 0, 6, -5, 0, -2, -3, 6, -4, 6, -4, 6, -2, -4, -1, 5, -1, -1, -5, -5, 4, -2, 0, -1, -6, -3, 2, -1, 6, -3, 2, -4, -5, -6, -4, -3, 0, 4, 1, -4, 1, 5, -2, -5, -1, -5, -5, -4, 2, 1, 1, 3, -5, -1, -4, -1, 0, -2, -5, -3, 3, -3, -6, 5, 5, 6, 5, 5, 6, 1, 5, 4, 5, -6]
 
3.82683858207: [6, 3, 6, -2, -5, -2, 4, 0, -3, -6, 5, -5, 5, 0, 6, -3, 2, -6, -2, 4, 5, 4, -5, -1, -4, -1, -5, 3, 3, -1, -6, 1, 6, 1, -1, -4, 0, 3, -5, -5, 2, 5, -6, -3, 0, -2, -6, -6, -6, -1, 6, 0, -6, 6, -3, -5, 2, -5, 0, -2, -3, 6, -4, 6, -4, 6, -2, -4, -1, 5, -1, -1, 5, 1, 2, 1, 0, 1, 1, 1, 1, 3, 2, -6, -2, 1, 0, 1, 4, -1, 0, 4, 1, -4, 1, 5, -2, -5, -1, -5, -5, -4, 2, 1, 1, 3, -5, -1, -4, -1, -3, -1, -2, -2, 6, -1, 0, -5, -2, 3, 5, 4, -4, 2, -5, 0, -6, -1]
 
3.80454166688: [5, 6, 1, 1, 1, 5, 5, 0, -3, -6, 5, -5, -4, 0, 5, -3, -1, -6, -2, 4, -1, 4, -5, 3, -4, -1, 5, 3, -5, 6, 5, -5, -4, 6, -2, 0, 5, -2, 3, 0, 5, 6, -1, -5, 6, 0, -5, 4, -3, 4, 5, -3, 3, -5, -6, -4, -5, -4, -4, 0, 0, 2, 5, -3, 1, 5, -6, 5, 1, 3, -6, -6, -5, -5, 4, -2, 0, -1, -6, -3, 2, -1, 6, -3, 2, -4, -5, -6, -4, -3, 0, 4, 1, -4, 1, 5, -2, -5, -1, -5, -5, -4, 2, 1, 1, 3, -5, -1, -4, -1, 0, -2, -5, -3, 3, -3, -6, 5, 5, 6, 5, 5, 6, 1, 5, 4, 5, -6]
 
3.79961845944: [5, 4, 1, 1, 1, 5, 5, 0, -4, -6, 5, -5, -4, 0, 5, -3, -1, -6, -2, 4, -1, 4, -5, 3, -4, -1, -5, 0, -4, -6, -4, 5, 1, 5, 0, 6, -4, 4, -4, -1, 1, 0, -6, -2, 0, 4, -4, -5, -4, 2, 3, 4, -1, -4, 6, 0, 6, 4, -3, -3, -3, 3, 1, 4, 2, 3, 6, 6, -1, 5, -1, -1, 5, 1, 2, 1, 0, 1, 1, -2, 4, 5, -6, -6, 3, 6, 5, -5, -4, -3, 0, 4, 1, -4, 1, 5, -2, -5, -1, -5, -5, -4, 2, 1, 1, 3, -5, -1, -4, -1, -3, -1, -2, -2, 6, -1, 0, -5, -2, 3, 5, 4, -4, 2, -5, 0, -6, -1]
 
3.73031047327: [5, 4, 6, -2, -5, -2, 4, 0, -3, -6, 5, -5, 5, 0, 6, -3, 2, -6, -2, 4, 5, 4, -5, -1, -4, -1, -5, 3, 3, -1, -6, 1, 6, 1, -1, -4, 0, 3, -5, -5, 2, 5, -6, -3, 0, -2, -6, -6, -6, -1, 6, 0, -6, 6, -3, -5, 2, 4, -3, -3, -3, 3, 1, 4, 2, 3, 6, 6, -3, -6, 2, 6, 5, 3, 4, -4, 4, 3, -1, 1, 1, 3, 2, -6, -2, 1, 0, 1, 4, -1, 0, 4, 1, -4, 1, 5, -2, -5, -1, -5, -5, -4, 2, 1, 1, 3, -5, -1, -4, -1, -3, -1, -2, -2, 6, -1, 0, -5, -2, 3, 5, 4, -4, 2, -5, 0, -6, -1]
 
3.68435911051: [6, 3, 6, -2, -5, -2, 4, 0, -3, -6, 5, -5, 5, 0, 6, -3, 2, -6, -2, 4, 5, 4, -5, -1, -4, -1, -5, 3, 3, -1, -6, 1, 6, 1, -1, -4, 0, 3, -5, -5, 2, 5, -6, -3, 0, -2, -6, -6, -6, -1, 6, 0, -6, 6, -3, -5, 2, -5, 0, -2, -3, 6, -4, 6, -4, 6, -2, -4, -1, 5, -1, -1, 5, 1, 2, 1, 0, 1, 1, 1, 1, 3, 2, -6, -2, 1, 0, 1, 4, -1, 0, 4, 1, -4, 1, 5, -2, -5, -1, -5, -5, -4, 2, 1, 1, 3, -5, -1, -4, -1, -3, -1, -2, -2, 6, -1, 0, -5, -2, 3, 5, 4, -4, 2, -5, 0, -6, -1]
 
3.59071531051: [6, 3, 6, -2, -5, -2, 4, 0, -3, -6, 5, -5, 5, 0, 6, -3, 2, -6, -2, 4, 5, 4, -5, -1, -4, -1, -5, 3, 3, -1, -6, 1, 6, 1, -1, -4, 0, 3, -4, -1, 1, 0, -6, -2, 0, 4, -4, -5, -4, 2, 3, 4, -1, -4, 6, 0, 6, 4, -3, -3, -3, 3, 1, 4, 2, 3, 6, 6, -1, 5, -1, -1, 5, 1, 2, 1, 0, 1, 1, -2, 4, 5, -6, -6, 3, 6, 5, -5, -4, -3, -1, 1, -4, -5, 6, -4, -2, -5, -1, -5, -5, -4, 2, 1, 1, 3, -5, -1, -4, -1, -3, -1, -5, -3, 3, -1, 0, -5, -2, 3, 5, 4, -4, 2, -5, 0, -6, -1]
 
3.57666244781: [6, 3, 6, -2, -5, -2, 4, 0, -3, -6, 5, -5, 5, 0, 6, -3, 2, -6, -2, 4, 5, 4, -5, -1, -4, -1, -5, 3, 3, -1, -6, 1, 6, 1, -1, -4, 0, 3, -5, -5, 2, 5, -6, -3, 0, -2, -6, -6, -6, -1, 6, 0, -6, 6, -3, -5, 2, 4, -3, -3, -3, 3, 1, 4, 2, 3, 6, 6, -3, -6, 2, 6, 5, 3, 4, -4, 4, 3, -1, 1, 1, 3, 2, -6, -2, 1, 0, 1, 4, -1, 0, 4, 1, -4, 1, 5, -2, -5, -1, -5, -5, -4, 2, 1, 1, 3, -5, -1, -4, -1, -3, -1, -2, -2, 6, -1, 0, -5, -2, 3, 5, 4, -4, 2, -5, 0, -6, -1]
 
-1000: [-2, -3, -5, 5, -4, -2, 0, -6, -3, -5, 5, -5, 0, -1, 6, -6, 5, -5, 2, 4, 6, 3, -5, -5, -4, -3, -5, 2, 3, -1, -6, 1, -6, 4, -2, -4, 0, 5, -5, -3, -4, -6, -5, -5, 0, 2, -6, -4, 1, -6, -1, 0, -6, -4, 6, -5, -1, 4, -6, 0, 3, 2, 5, 4, 3, 3, 6, -3, 5, -6, 1, 2, -1, 1, 4, -4, 4, 2, 1, -3, 6, -2, -6, 2, 3, 3, -5, 6, -4, -3, 3, 1, -4, -5, 2, -6, -2, -5, -1, 5, -1, -4, -1, -2, 5, 5, -3, -1, 6, 2, -3, -2, -3, 1, -2, 6, 3, -5, -2, 5, 5, 4, 1, 2, -5, -5, 2, -1]
 
3.47145186061: [6, 3, 6, -2, -5, -2, 4, 0, -3, -6, 5, -5, 5, 0, 6, -3, 2, -6, -2, 4, 5, 4, -5, -1, -4, -1, -5, 3, 3, -1, -6, 1, 6, 1, -1, 6, -4, 4, -4, -1, 1, 0, -6, -2, 0, 4, -4, -5, -4, 2, 3, 4, -1, -4, 6, 0, 6, 4, -3, -3, -3, 3, 1, 4, 2, 3, 6, 6, -1, 5, -1, -1, 5, 1, 2, 1, 0, 1, 1, -2, 4, 5, -6, -6, 3, 6, 5, -5, -4, -3, -1, 1, -4, -5, 6, -4, -2, -5, -1, -5, -5, -4, 2, 1, 1, 3, -5, -1, -4, -1, -3, -1, -5, -3, 3, -3, -6, 5, 5, 6, 5, 5, 6, 1, 5, 4, 5, -6]
 
2.63956461565: [5, 4, 1, 1, 1, 5, 5, 0, -4, -6, 5, -5, -4, 0, 5, -3, -1, -6, -2, 4, -1, 4, -5, 3, -4, -1, -5, 0, -4, -6, -4, 5, 1, 5, 0, -4, 0, 3, -5, -5, 2, 5, -6, -3, 0, -2, -6, -6, -6, -1, 6, 0, -6, 6, -3, -5, 2, -5, 0, -2, -3, 6, -4, 6, -4, 6, -2, -4, -1, 5, -1, -1, 5, 1, 2, 1, 0, 1, 1, 1, 1, 3, 2, -6, -2, 1, 0, 1, 4, -1, 0, 4, 1, -4, 1, 5, -2, -5, -1, -5, -5, -4, 2, 1, 1, 3, -5, -1, -4, -1, -3, -1, -2, -2, 6, -1, 0, -5, -2, 3, 5, 4, -4, 2, -5, 0, -6, -1]
 
0.872890527798: [6, 0, -5, -2, 2, -2, -2, 0, 0, 4, 5, -5, 5, 0, 6, -3, -3, -1, -2, 4, 5, 4, -5, -2, -4, 5, -5, 3, 3, -1, -6, -1, 6, 1, -1, -4, -3, 3, -5, -5, -3, 0, -6, -3, 0, -2, -6, 1, 3, 0, 6, 6, -6, 6, -3, -5, 2, 4, -3, -3, -3, -5, 1, 3, 2, 3, 6, -3, -3, -6, 2, 6, 5, 3, 4, 4, -6, 3, -6, -5, 1, 3, -5, 3, -5, 1, 0, 0, -3, -1, 4, 6, -3, -4, -3, -2, -2, -5, -1, 6, -5, -4, 2, 1, 1, 3, -5, -1, -4, -1, -3, 6, -2, -2, 0, -1, 0, 6, -1, 1, 5, 5, -4, 2, -5, 0, -4, 4]
 
1.43394819749: [6, 3, 6, -2, -5, -2, 4, 0, -3, -6, 5, -5, 3, 0, -2, 2, -1, -3, -4, 3, 5, -1, -5, -1, -1, -1, 1, -5, -1, 1, -4, -5, 1, 5, 0, -6, -4, 4, -4, -1, -1, 0, -6, -2, 0, 4, -4, -5, 6, 2, 3, 4, -1, -2, 6, 0, 6, 4, -3, -3, -3, 3, 6, 4, -4, 2, 3, -5, -4, -3, -1, 3, 5, 5, 2, -6, 1, 1, -3, -6, 1, 5, -6, -6, 3, 2, 5, 4, -4, -3, 3, 1, -5, -5, 4, -4, -6, -5, -1, -5, -5, -4, 2, 1, 1, -3, -5, -1, -1, -1, -3, -1, -5, 3, 3, -5, -2, 5, -2, 6, 5, 0, 6, 1, -2, 4, -3, -6]
 
3.98827356949: [6, 3, 6, -2, -5, -2, 4, 0, -3, -6, 5, -5, 5, 0, 6, -3, 2, -6, -2, 4, 5, 4, -5, -1, -4, -1, -5, 0, -4, -6, -4, 5, 1, 5, 0, 6, -4, 4, -4, -1, 1, 0, -6, -2, 0, 4, -4, -5, -4, 2, 3, 4, -1, -4, 6, 0, 6, 4, -3, -3, -3, 3, 1, 4, 2, 3, 6, 6, -1, 5, -1, -1, 5, 1, 2, 1, 0, 1, 1, -2, 4, 5, -6, -6, 3, 6, 5, -5, -4, -3, -1, 1, -4, -5, 6, -4, -2, -5, -1, -5, -5, -4, 2, 1, 1, 3, -5, -1, -4, -1, -3, -1, -5, -3, 3, -3, -6, 5, 5, 6, 5, 5, 6, 1, 5, 4, 5, -6]
 
3.64024596604: [5, 4, 1, 1, 1, 5, 5, 0, -4, -6, 5, -5, -4, 0, 5, -3, -1, -6, -2, 4, -1, 4, -5, 3, -4, -1, -5, 0, -4, -6, -4, 5, 1, 5, 0, 6, -4, 4, -4, -1, 1, 0, -6, -2, 0, 4, -4, -5, -4, 2, 3, 4, -1, -4, 6, 0, 6, 4, -3, -3, -3, 3, 1, 4, 2, 3, 6, 6, -1, 5, -1, -1, 5, 1, 2, 1, 0, 1, 1, -2, 4, 5, -6, -6, 3, 6, 5, -5, -4, -3, -1, 1, -4, -5, 6, -4, -2, -5, -1, -5, -5, -4, 2, 1, 1, 3, -5, -1, -4, -1, -3, -1, -5, -3, 3, -3, -6, 5, 5, 6, 5, 5, 6, 1, 5, 4, 5, -6]
 
2.93364014008: [6, 3, 6, -2, -5, -2, 4, 0, -3, -6, 5, -5, 5, 0, 6, -3, 2, -6, -2, 4, 5, 4, -5, -1, -4, -1, -5, 3, 3, -1, -6, 1, 6, 1, -1, -4, 0, 3, -5, -5, 2, 5, -6, -3, 0, -2, -6, -6, -6, -1, 6, 0, -6, 6, -3, -5, 2, -5, 0, -2, -3, 6, -4, 6, -4, 6, -2, -4, -1, 5, -1, -1, 5, 1, 2, 1, 0, 1, 1, 1, 1, 3, 2, -6, -2, 1, 0, 1, 4, -1, 0, 4, 1, -4, 1, 5, -2, -5, -1, -5, -5, -4, 2, 1, 1, 3, -5, -1, -4, -1, -3, -1, -5, -3, 3, -3, -6, 5, 5, 6, 5, 5, 6, 1, 5, 4, 5, -6]
 
4.36529232172: [-6, -1, -4, 5, 2, -2, 0, 0, -4, -6, 5, -5, -4, 0, 5, -3, -1, -6, -2, 4, -1, 4, -5, 3, -4, -1, -5, 0, -4, -6, 5, -5, -4, 6, -2, 0, 5, -2, 3, 0, 6, 4, -2, 3, -3, -1, -5, 4, -3, 4, 5, -3, 3, -5, -6, -4, -5, -4, -4, 0, 0, 2, 5, -3, 1, 5, -6, 5, 1, 3, -6, -6, -5, -5, 4, -2, 0, -1, -6, -3, 2, -1, 6, -3, 2, -4, -5, -6, -4, -3, 0, 4, 1, -4, 1, 5, -2, -5, -1, -5, -5, -4, 2, 1, 1, 3, -5, -1, -4, -1, -3, -1, -2, -2, 6, -1, 0, -5, -2, 3, 5, 4, -4, 2, -5, 0, -6, -1]
 
4.29096656572: [-6, -1, -4, 5, 2, -2, 0, 0, -4, -6, 5, -5, -4, 0, 5, -3, -1, -6, -2, 4, -1, 4, -5, 3, -4, -1, -5, 0, -4, -6, 5, -5, -4, 6, -2, 0, 5, -2, 3, 0, 6, 4, -2, 3, -3, -1, -5, 4, -3, 4, 5, -3, 3, -5, -6, -4, -5, -4, -4, 0, 0, 2, 5, -3, 1, 5, -6, 5, 1, 3, -6, -6, -5, -5, 4, -2, 0, -1, -6, -3, 2, -1, 6, -3, 2, -4, -5, -6, -4, -3, 0, 4, 1, -4, 1, 5, -2, -5, -1, -5, -5, -4, 2, 1, 1, 3, -5, -1, -4, -1, -3, -1, -5, -3, 3, -3, -6, 5, 5, 6, 5, 5, 6, 1, 5, 4, 5, -6]
 
4.28320420524: [6, 3, 6, -2, -5, -2, 4, 0, -3, -6, 5, -5, 5, 0, 6, -3, 2, -6, -2, 4, 5, 4, -5, -1, -4, -1, -5, 0, -4, -6, -4, 5, 1, 5, 0, 6, -4, 4, -4, -1, 1, 0, -6, -2, 0, 4, -4, -5, -4, 2, 3, 4, -1, -4, 6, 0, 6, 4, -3, -3, -3, 3, 1, 4, 2, 3, 6, 6, -3, -6, 2, 6, 5, 3, 4, -4, 4, 3, -1, -2, 4, 5, -6, -6, 3, 6, 5, -5, -4, -3, -1, 1, -4, -5, 6, -4, -2, -5, -1, -5, -5, -4, 2, 1, 1, 3, -5, -1, -4, -1, -3, -1, -5, -3, 3, -3, -6, 5, 5, 6, 5, 5, 6, 1, 5, 4, 5, -6]
 
3.53221978911: [-6, -1, -4, -2, -5, -2, 4, 0, -3, -6, 5, -5, 5, 0, 6, -3, 2, -6, -2, 4, 5, 4, -5, -1, -4, -1, -5, 3, 3, -1, -6, 1, 6, 1, -1, -4, 0, 3, -4, -1, 1, 0, -6, -2, 0, 4, -4, -5, -4, 2, 3, 4, -1, -4, 6, 0, 6, 4, -3, -3, -3, 3, 1, 4, 2, 3, 6, 6, -1, 5, -1, -1, 5, 1, 2, 1, 0, 1, 1, -2, 4, 5, -6, -6, 3, 6, 5, -5, -4, -3, -1, 1, -4, -5, 6, -4, -2, -5, -1, -5, -5, -4, 2, 1, 1, 3, -5, -1, -4, -1, -3, -1, -5, -3, 3, -1, 0, -5, -2, 3, 5, 4, -4, 2, -5, 0, -6, -1]
 
4.1527837826: [6, 3, 6, 5, 2, -2, 0, 0, -4, -6, 5, -5, -4, 0, 5, -3, -1, -6, -2, 4, -1, 4, -5, 3, -4, -1, -5, 0, -4, -6, 5, -5, -4, 6, -2, 0, 5, -2, 3, 0, 6, 4, -2, 3, -3, -1, -5, 4, -3, 4, 5, -3, 3, -5, -6, -4, -5, -4, -4, 0, 0, 2, 5, -3, 1, 5, -6, 5, 1, 3, -6, -6, -5, -5, 4, -2, 0, -1, -6, -3, 2, -1, 6, -3, 2, -4, -5, -6, -4, -3, 0, 4, 1, -4, 1, 5, -2, -5, -1, -5, -5, -4, 2, 1, 1, 3, -5, -1, -4, -1, -3, -1, -5, -3, 3, -3, -6, 5, 5, 6, 5, 5, 6, 1, 5, 4, 5, -6]
 
4.08370539441: [6, 3, 6, -2, -5, -2, 4, 0, -3, -6, 5, -5, 5, 0, 6, -3, 2, -6, -2, 4, 5, 4, -5, -1, -4, -1, -5, 0, -4, -6, -4, 5, 1, 5, 0, 6, -4, 4, -4, -1, 1, 0, -6, -2, 0, 4, -4, -5, -4, 2, 3, 4, -1, -4, 6, 0, 6, 4, -3, -3, -3, 3, 1, 4, 2, 3, 6, 6, -1, 5, -1, -1, 5, 1, 2, 1, 0, 1, 1, -2, 4, 5, -6, -6, 3, 6, 5, -5, -4, -3, 0, 4, 1, -4, 1, 5, -2, -5, -1, -5, -5, -4, 2, 1, 1, 3, -5, -1, -4, -1, -3, -1, -2, -2, 6, -1, 0, -5, -2, 3, 5, 4, -4, 2, -5, 0, -6, -1]
 
3.76239232734: [5, 4, 1, 1, 1, 5, 5, 0, -4, -6, 5, -5, -4, 0, 5, -3, -1, -6, -2, 4, -1, 4, -5, 3, -4, -1, -5, 0, -4, -6, -4, 5, 1, 5, 0, 6, -4, 4, -4, -1, 1, 0, -6, -2, 0, 4, -4, -5, -4, 2, 3, 4, -1, -4, 6, 0, 6, 4, -3, -3, -3, 3, 1, 4, 2, 3, 6, 6, -1, 5, -1, -1, 5, 1, 2, 1, 0, 1, 1, -2, 4, 5, -6, -6, 3, 6, 5, -5, -4, -3, -1, 1, -4, -5, 6, -4, -2, -5, -1, -5, -5, -4, 2, 1, 1, 3, -5, -1, -4, -1, -3, -1, -5, -3, 3, -3, -6, 5, 5, 6, 5, 5, 6, 1, 5, 4, 5, -6]
 
1.35134185011: [5, -5, -6, 1, 1, 5, 5, 4, -4, -6, 5, -5, -4, 0, -3, -3, -1, -6, -2, 4, -3, 5, -5, 2, -4, 4, 0, 0, 2, 4, -2, 5, 1, 5, -5, 6, -2, 4, -4, -1, 0, 0, -6, -2, 0, 3, -4, -5, -4, 3, 5, 6, -1, -4, 6, 0, 6, -5, 0, -2, -3, 5, -5, 6, -4, 6, -2, -4, -1, 5, -1, -1, 5, 0, -4, -4, -1, -5, -1, 6, 4, -4, 4, -6, 3, 6, -5, -4, -4, 3, 0, -6, 1, -4, 1, 5, -2, -5, -1, -5, -3, -4, 6, 1, -5, 3, -3, -1, 2, -1, -3, -3, -2, -2, -3, -6, -6, -6, -2, 3, 5, 4, 6, 4, 3, 0, -6, -1]
 
2.73971601132: [6, 3, 6, -2, -5, -2, 4, 0, -3, -6, 5, -5, -4, 0, 5, -3, -1, -6, -2, 4, -1, 4, -5, 3, -4, -1, -5, 0, -4, -6, -4, 5, 1, 5, 0, -4, 0, 3, -5, -5, 2, 5, -6, -3, 0, -2, -6, -6, -6, -1, 6, 0, -6, 6, -3, -5, 2, -5, 0, -2, -3, 6, -4, 6, -4, 6, -2, -4, -1, 5, -1, -1, 5, 1, 2, 1, 0, 1, 1, 1, 1, 3, 2, -6, -2, 1, 0, 1, 4, -1, 0, 4, 1, -4, 1, 5, -2, -5, -1, -5, -5, -4, 2, 1, 1, 3, -5, -1, -4, -1, -3, -1, -2, -2, 6, -1, 0, -5, -2, 3, 5, 4, -4, 2, -5, 0, -6, -1]
 
1.45071423214: [2, 3, 6, -2, -5, -2, 4, 2, 2, -6, 5, -5, 1, 4, 6, -3, -2, -6, 3, 4, 5, 4, -5, 4, -1, 3, -5, 0, -4, -6, -4, 5, 1, 5, 0, 6, -4, 2, -4, -1, 1, 0, 2, -2, 0, 4, -4, -5, 1, 2, 1, -3, -1, 3, 5, 3, 6, 4, -3, -3, 3, 1, 1, 4, 2, 4, 6, 2, 3, 5, -1, 2, 5, 1, 2, 1, 0, 1, 5, -2, 4, 5, 3, -6, 3, 2, 5, -5, -5, -3, -1, 1, 6, -1, 6, -3, -2, -5, -1, -5, -5, -4, 2, 1, 0, 4, -5, -1, -4, -1, 3, -1, 1, -3, -3, -3, 1, 5, 0, 6, 5, 5, -4, -2, 2, 4, 5, -6]
 
4.25910977275: [6, 3, 6, -2, -5, -2, 4, 0, -3, -6, 5, -5, 5, 0, 6, -3, 2, -6, -2, 4, 5, 4, -5, -1, -4, -1, -5, 0, -4, -6, -4, 5, 1, 5, 0, 6, -4, 4, -4, -1, 1, 0, -6, -2, 0, 4, -4, -5, -4, 2, 3, 4, -1, -4, 6, 0, 6, 4, -3, -3, -3, 3, 1, 4, 2, 3, 6, 6, -1, 5, -1, -1, 5, 1, 2, 1, 0, 1, 1, -2, 4, 5, -6, -6, 3, 6, 5, -5, -4, -3, -1, 1, -4, -5, 6, -4, -2, -5, -1, -5, -5, -4, 2, 1, 1, 3, -5, -1, -4, -1, -3, -1, -5, -3, 3, -3, -6, 5, 5, 6, 5, 5, 6, 1, 5, 4, 5, -6]
 
2.50279547535: [-6, -1, -4, 5, 2, -2, 0, 0, -4, -6, 5, -5, -4, 0, 5, -3, -1, -6, -2, 4, -1, 4, -5, 3, -4, -1, -5, 0, -4, -6, -4, 5, 1, 5, 0, 6, -4, 4, -4, -1, 1, 0, -6, -2, 0, 4, -4, -5, -4, 2, 3, 4, -1, -4, 6, 0, 6, 4, -3, -3, -3, 3, 1, 4, 2, 3, 6, 6, -1, 5, -1, -1, 5, 1, 2, 1, 0, 1, -4, 2, 6, -1, 6, -3, 2, -4, -5, -6, -4, -3, 0, 4, 1, -4, 1, 5, -2, -5, -1, -5, -5, -4, 2, 1, 1, 3, -5, -1, -4, -1, -3, -1, -2, -2, 6, -1, 0, -5, -2, 3, 5, 5, 6, 1, 5, 4, 5, -6]
 
3.66722013442: [6, 3, 6, -2, -5, -2, 4, 0, -3, -6, 5, -5, 5, 0, 6, -3, 2, -6, -2, 4, 5, 4, -5, -1, -4, -1, -5, 0, -4, -6, -4, 5, 1, 5, -2, 0, 5, -2, 3, 0, 6, 4, -2, 3, -3, -1, -5, 4, -3, 4, 5, -3, 3, -5, -6, -4, -5, -4, -4, 0, 0, 2, 5, -3, 1, 5, -6, 5, 1, 3, -6, -6, -5, -5, 4, -2, 0, -1, -6, -3, 2, -1, 6, -3, 2, -4, -5, -6, -4, -3, 0, 4, 1, -4, 1, 5, -2, -5, -1, -5, -5, -4, 2, 1, 1, 3, -5, -1, -4, -1, -3, -1, -5, -3, 3, -3, -6, 5, 5, 6, 5, 4, -4, 2, -5, 0, -6, -1]
 
2.97883043832: [6, 3, 6, -2, -5, -2, 4, 0, -3, -6, 5, -5, 5, 0, 6, -3, 2, -6, -2, 4, 5, 4, -5, -1, -4, -1, -5, 3, 3, -1, -6, 1, 6, 1, -1, -4, 0, 3, -5, -5, 2, 5, -6, -3, 0, -2, -6, -6, -6, -1, 6, 0, -6, 6, -3, -5, 2, 4, -3, -3, -3, 3, 1, 4, 2, 3, 6, 6, -3, -6, 2, 6, 5, 3, 4, -4, 4, 3, -1, 1, 1, 3, 2, -6, -2, 1, 0, 1, 4, -1, 0, 4, 1, -4, 1, 5, -2, -5, -1, -5, -5, -4, 2, 1, 1, 3, -5, -1, -4, -1, -3, -1, -5, -3, 3, -1, 0, -5, -2, 3, 5, 4, -4, 2, -5, 0, -6, -1]
 
3.71528938762: [6, 3, 6, -2, -5, -2, 4, 0, -3, -6, 5, -5, 5, 0, 6, -3, 2, -6, -2, 4, 5, 4, -5, -1, -4, -1, -5, 3, 3, -1, -6, 1, 6, 1, -1, -4, 0, 3, -4, -1, 1, 0, -6, -2, 0, 4, -4, -5, -4, 2, 3, 4, -1, -4, 6, 0, 6, 4, -3, -3, -3, 3, 1, 4, 2, 3, 6, 6, -1, 5, -1, -1, 5, 1, 2, 1, 0, 1, 1, -2, 4, 5, -6, -6, 3, 6, 5, -5, -4, -3, -1, 1, -4, -5, 6, -4, -2, -5, -1, -5, -5, -4, 2, 1, 1, 3, -5, -1, -4, -1, -3, -1, -2, -2, 6, -1, 0, -5, -2, 3, 5, 4, -4, 2, -5, 0, -6, -1]
 
4.48654673936: [6, 3, 6, -2, -5, -2, 4, 0, -3, -6, 5, -5, 5, 0, 6, -3, 2, -6, -2, 4, 5, 4, -5, -1, -4, -1, -5, 0, -4, -6, -4, 5, 1, 5, -2, 0, 5, -2, 3, 0, 6, 4, -2, 3, -3, -1, -5, 4, -3, 4, 5, -3, 3, -5, -6, -4, -5, -4, -4, 0, 0, 2, 5, -3, 1, 5, -6, 5, 1, 3, -6, -6, -5, -5, 4, -2, 0, -1, -6, -3, 2, -1, 6, -3, 2, -4, -5, -6, -4, -3, 0, 4, 1, -4, 1, 5, -2, -5, -1, -5, -5, -4, 2, 1, 1, 3, -5, -1, -4, -1, -3, -1, -5, -3, 3, -3, -6, 5, 5, 6, 5, 5, 6, 1, 5, 4, 5, -6]
 
4.18928780391: [6, 3, 6, -2, -5, -2, 4, 0, -3, -6, 5, -5, 5, 0, 6, -3, 2, -6, -2, 4, 5, 4, -5, -1, -4, -1, -5, 0, -4, -6, -4, 5, 1, 5, 0, 6, -4, 4, -4, -1, 1, 0, -6, -2, 0, 4, -4, -5, -4, 2, 3, 4, -1, -4, 6, 0, 6, 4, -3, -3, -3, 3, 1, 4, 2, 3, 6, 6, -1, 5, -1, -1, 5, 1, 2, 1, 0, 1, 1, -2, 4, 5, -6, -6, 3, 6, 5, -5, -4, -3, -1, 1, -4, -5, 6, -4, -2, -5, -1, -5, -5, -4, 2, 1, 1, 3, -5, -1, -4, -1, -3, -1, -5, -3, 3, -3, -6, 5, 5, 6, 5, 5, 6, 1, 5, 4, 5, -6]
 
0.923423684565: [5, 6, 1, -1, -1, -2, -1, 4, -3, 4, 0, -5, -4, 5, 2, -3, 0, -3, -2, 4, -1, 4, -4, 3, 1, -4, 6, 4, 2, 4, 5, -4, -4, -6, -1, 2, -4, 1, -4, 0, 0, 6, 6, -5, 4, -4, 5, -3, -6, 6, 4, -6, -3, -3, -4, 6, -1, -6, 6, 0, 1, 0, 5, -3, 6, 6, -2, -4, -1, 0, 3, -1, 5, 2, 4, 3, -2, 3, 6, -2, -4, 2, 3, 4, 4, 6, -6, -3, -3, -5, -2, 5, 1, 4, 1, 2, -6, -6, -1, -5, 5, -1, 2, 5, 1, 3, -3, 5, -4, -1, 3, -1, -2, 2, 6, -1, 5, 0, -2, -4, 5, 4, -3, 2, -5, 0, -6, 4]
 
1.75990546423: [5, 4, 3, 1, -6, 5, 5, 0, -4, -6, 5, -5, -4, -6, 5, -3, -1, 2, -2, 4, 5, -1, 1, 3, -4, 3, -4, 3, -4, -6, -5, 5, 2, 5, 1, -3, -4, 2, -5, -1, -5, 0, -6, -2, 6, -6, -6, 3, -4, 2, 3, 4, -3, 6, -3, 5, 2, 2, 0, -3, -3, 6, -4, -4, -4, -5, -6, 6, 1, 1, -6, 1, -5, -5, 4, 1, 0, -1, 3, 4, 2, 4, 6, -3, -2, -4, -5, -6, -4, -3, 5, -4, 2, -4, 1, 5, 2, -5, -1, 3, -5, 3, 6, 1, 1, 3, -6, 1, -4, -1, -5, 1, 5, -2, 6, -1, 0, -1, -2, 3, 5, 5, 3, 2, -3, 0, -1, -1]
 
1.65387168719: [3, 5, -5, -2, -5, -2, 4, 3, -3, 6, 5, 4, 5, 0, -5, -3, 2, -6, -1, 4, 5, 4, 6, -1, -4, -6, -5, -6, 2, -1, -6, 1, 6, 1, 5, -4, -5, -1, -4, -1, 3, -1, -6, -2, 0, -4, -4, -5, -4, 1, 3, 4, -1, -6, 6, 0, 6, 4, 3, -3, 2, 2, 2, 4, 3, 3, 6, -6, -1, 4, -1, -1, 5, 1, -6, 6, 0, 1, 1, -2, 2, 5, 6, -3, 2, 1, -5, 0, 3, 3, 0, 4, 1, -4, 1, 5, -3, -5, -1, -5, 6, -3, 2, -2, 3, 3, 2, -1, -4, -1, -3, 5, -2, -6, 6, -6, 0, -5, -2, 3, -4, 4, -4, 1, -5, 0, -6, 4]
 
0.624321922942: [0, 0, 4, 4, -5, -2, 4, 1, -1, 0, -2, -5, 5, 0, -6, 3, 2, -3, 2, 4, 2, 2, -5, -1, -4, 2, 6, -3, -4, -6, -4, 5, 2, -1, 0, -5, 5, -2, 5, 6, 6, 0, -6, -2, 0, -1, -1, 0, 5, 5, -4, 6, 1, -4, 6, -6, 6, 4, -1, 1, -4, 2, 4, 4, -6, -2, 6, 6, -5, 1, -1, -3, -4, -2, 6, -2, -5, 4, 1, 5, 4, 5, 2, -4, 0, 4, 6, 4, -4, -3, -1, 1, 0, -3, 1, -4, -2, -5, 1, -4, 2, -2, 2, 1, -4, 3, 6, -5, -4, -1, -3, -1, 3, -2, 6, -5, 0, -5, 3, 0, -5, 5, -4, 2, 4, -4, -1, -1]
 
4.73350738929: [6, 3, 6, -2, -5, -2, 4, 0, -3, -6, 5, -5, 5, 0, 6, -3, 2, -6, -2, 4, 5, 4, -5, -1, -4, -1, -5, 0, -4, -6, -4, 5, 1, 5, -2, 0, 5, -2, 3, 0, 6, 4, -2, 3, -3, -1, -5, 4, -3, 4, 5, -3, 3, -5, -6, -4, -5, -4, -4, 0, 0, 2, 5, -3, 1, 5, -6, 5, 1, 3, -6, -6, -5, -5, 4, -2, 0, -1, -6, -3, 2, -1, 6, -3, 2, -4, -5, -6, -4, -3, 0, 4, 1, -4, 1, 5, -2, -5, -1, -5, -5, -4, 2, 1, 1, 3, -5, -1, -4, -1, -3, -1, -2, -2, 6, -1, 0, -5, -2, 3, 5, 4, -4, 2, -5, 0, -6, -1]
 
0.375833758234: [-6, -2, 6, 2, -5, -3, 4, 0, -3, -6, 2, 3, 3, -4, 6, -3, 2, -1, -2, -2, 1, 4, -5, -1, -4, -1, 4, 3, -5, -1, -1, 1, -5, -5, -1, -3, 0, 3, 4, -5, 2, 5, -2, -6, 0, 0, -6, 2, -6, 6, -3, 0, -6, 6, -3, 2, 2, -6, 0, -2, -2, -6, 2, 6, -4, 6, 0, 1, -5, -1, -1, -1, 5, 1, 2, 1, 2, -1, -6, -3, 2, -3, 5, 2, -1, -4, -5, -6, -4, -3, 0, 4, 1, -4, 1, 5, -2, -5, 2, -5, 5, -3, -6, 1, 1, 3, -5, -1, -4, -1, -6, -2, -5, 2, 4, -3, -6, 5, 6, 6, -5, 5, 6, 4, 5, 4, -5, -6]
 
3.86943663085: [6, 3, 6, -2, -5, -2, 4, 0, -3, -6, 5, -5, 5, 0, 6, -3, 2, -6, -2, 4, 5, 4, -5, -1, -4, -1, -5, 0, -4, -6, -4, 5, 1, 5, -2, 0, 5, -2, 3, 0, 6, 4, -2, 3, -3, -1, -5, 4, -3, 4, 5, -3, 3, -5, -6, -4, -5, -4, -4, 0, 0, 2, 5, -3, 1, 5, -6, 5, 1, 3, -6, -6, -5, -5, 4, -2, 0, -1, -6, -3, 2, -1, 6, -3, 2, -4, -5, -6, -4, -3, 0, 4, 1, -4, 1, 5, -2, -5, -1, -5, -5, -4, 2, 1, 1, 3, -5, -1, -4, -1, -3, -1, -5, -3, 3, -3, -6, 5, 5, 6, 5, 4, -4, 2, -5, 0, -6, -1]
 
0.810464229723: [6, 3, 6, -2, 0, -2, 4, 3, -3, -6, 0, 5, 5, 0, 6, -3, -4, 1, -6, 4, 5, 4, -5, -1, 6, -1, -4, 0, 2, -3, 4, 6, 1, -2, 0, 2, 1, 4, 1, -1, 1, 0, -6, -2, -4, -6, 4, -5, 1, 2, 3, -1, -3, -4, 6, 0, 6, -5, 0, -2, -3, 6, -4, 6, -4, -3, -2, -4, -1, 5, -1, -1, 4, 1, 2, 2, 4, -2, -1, -2, 6, 5, -2, -6, -4, -3, 5, -6, -4, -3, -2, 0, -4, -5, 3, -4, 0, 1, -1, -5, -5, -4, 2, -5, -5, -4, -2, -4, -4, -1, -3, -1, -1, 1, 3, -3, 2, 5, 5, 6, 5, 5, 6, 1, 5, 4, -6, -1]
 
