0.809819918556: [6, 3, -3, 5, -5, -6, 4, 0, -3, -6, 5, -5, 5, 0, 2, -3, 1, -6, -2, 4, 5, 4, -5, -1, 1, -1, -5, 0, -4, -1, -4, 5, 1, 5, 0, 6, -4, -5, -4, -1, 2, 0, -6, -2, 0, 4, -5, -6, 4, 2, 3, 1, -1, 5, 6, 4, 6, 0, -5, 5, -3, 6, -4, 0, -4, 6, -2, -4, -1, 3, -6, -6, 2, -5, -4, -2, -5, -1, -6, -1, 2, -1, 1, -6, 3, 6, 5, -6, -4, -3, 0, 4, 1, 2, 1, 5, -2, -5, -1, 2, -5, -4, 2, 1, 1, 3, -5, -1, -4, -1, -3, -5, -2, -2, 6, -1, 0, -5, -5, 3, 5, 4, -4, 2, 4, 6, -5, -1]
 
6.68621644547: [6, 3, 6, -2, -5, -2, 4, 0, -3, -6, 5, -5, 5, 0, 6, -3, 2, -6, -2, 4, 5, 4, -5, -1, -4, -1, -5, 0, -4, -6, -4, 5, 1, 5, 0, 6, -4, 4, -4, -1, 1, 0, -6, -2, 0, 4, -4, -5, -4, 2, 3, 4, -1, -4, 6, 0, 6, -5, 0, -2, -3, 6, -4, 6, -4, 6, -2, -4, -1, 3, -6, -6, -5, -5, 4, -2, 0, -1, -6, -3, 2, -1, -6, -6, 3, 6, 5, -6, -4, -3, 0, 4, 1, -4, 1, 5, -2, -5, -1, -5, -5, -4, 2, 1, 1, 3, -5, -1, -4, -1, -3, -1, -2, -2, 6, -1, 0, -5, -2, 3, 5, 4, -4, 2, -5, 0, -6, -1]
 
6.65972844951: [6, 3, 6, -2, -5, -2, 4, 0, -3, -6, 5, -5, 5, 0, 6, -3, 2, -6, -2, 4, 5, 4, -5, -1, -4, -1, -5, 0, -4, -6, -4, 5, 1, 5, 0, 6, -4, 4, -4, -1, 1, 0, -6, -2, 0, 4, -4, -5, -4, 2, 3, 4, -1, -4, 6, 0, 6, -5, 0, -2, -3, 6, -4, 6, -4, 6, -2, -4, -1, 3, -6, -6, -5, -5, 4, -2, 0, -1, -6, -3, 2, -1, -6, -6, 3, 6, 5, -6, -4, -3, 0, 4, 1, -4, 1, 5, -2, -5, -1, -5, -5, -4, 2, 1, 1, 3, -5, -1, -4, -1, -3, -1, -2, -2, 6, -1, 0, -5, -2, 3, 5, 4, -4, 2, -5, 0, -6, -1]
 
6.65670168512: [6, 3, 6, -2, -5, -2, 4, 0, -3, -6, 5, -5, 5, 0, 6, -3, 2, -6, -2, 4, 5, 4, -5, -1, -4, -1, -5, 0, -4, -6, -4, 5, 1, 5, 0, 6, -4, 4, -4, -1, 1, 0, -6, -2, 0, 4, -4, -5, -4, 2, 3, 4, -1, -4, 6, 0, 6, -5, 0, -2, -3, 6, -4, 6, -4, 6, -2, -4, -1, 3, -6, -6, -5, -5, 4, -2, 0, -1, -6, -3, 2, -1, -6, -6, 3, 6, 5, -6, -4, -3, 0, 4, 1, -4, 1, 5, -2, -5, -1, -5, -5, -4, 2, 1, 1, 3, -5, -1, -4, -1, -3, -1, -2, -2, 6, -1, 0, -5, -2, 3, 5, 4, -4, 2, -5, 0, -6, -1]
 
6.65325566409: [6, 3, 6, -2, -5, -2, 4, 0, -3, -6, 5, -5, 5, 0, 6, -3, 2, -6, -2, 4, 5, 4, -5, -1, -4, -1, -5, 0, -4, -6, -4, 5, 1, 5, 0, 6, -4, 4, -4, -1, 1, 0, -6, -2, 0, 4, -4, -5, -4, 2, 3, 4, -1, -4, 6, 0, 6, -5, 0, -2, -3, 6, -4, 6, -4, 6, -2, -4, -1, 3, -6, -6, -5, -5, 4, -2, 0, -1, -6, -3, 2, -1, -6, -6, 3, 6, 5, -6, -4, -3, 0, 4, 1, -4, 1, 5, -2, -5, -1, -5, -5, -4, 2, 1, 1, 3, -5, -1, -4, -1, -3, -1, -2, -2, 6, -1, 0, -5, -2, 3, 5, 4, -4, 2, -5, 0, -6, -1]
 
0.666986948487: [6, 3, 6, -2, -5, -2, -5, 0, -3, -3, 5, 1, 5, 0, 6, -3, 2, -6, -2, 4, 5, 4, -3, -1, -4, -1, -5, -3, -4, -6, 0, 2, 6, 5, 0, 6, -4, 6, -4, -1, 1, 0, -6, -2, -3, 4, -4, 3, -4, 4, 3, 4, -1, -4, -5, 0, 5, 4, 0, 1, -3, 6, 6, 6, -4, 6, -5, -4, -1, 3, -3, -6, -5, -2, 4, -2, 0, -1, -6, -3, 2, -1, -6, -6, 3, 6, 4, 2, -4, -3, 0, 4, -1, -4, 1, 5, -2, -5, -1, 6, 3, -4, 2, 1, 1, 3, 6, 3, -4, -4, -3, -1, -2, -2, 6, -1, 0, -5, -3, 3, 5, 6, 5, 5, -5, -3, 6, -1]
 
6.61605108186: [6, 3, 6, -2, -5, -2, 4, 0, -3, -6, 5, -5, 5, 0, 6, -3, 2, -6, -2, 4, 5, 4, -5, -1, -4, -1, -5, 0, -4, -6, -4, 5, 1, 5, 0, 6, -4, 4, -4, -1, 1, 0, -6, -2, 0, 4, -4, -5, -4, 2, 3, 4, -1, -4, 6, 0, 6, -5, 0, -2, -3, 6, -4, 6, -4, 6, -2, -4, -1, 3, -6, -6, -5, -5, 4, -2, 0, -1, -6, -3, 2, -1, -6, -6, 3, 6, 5, -6, -4, -3, 0, 4, 1, -4, 1, 5, -2, -5, -1, -5, -5, -4, 2, 1, 1, 3, -5, -1, -4, -1, -3, -1, -2, -2, 6, -1, 0, -5, -2, 3, 5, 4, -4, 2, -5, 0, -6, -1]
 
6.61465536933: [6, 3, 6, -2, -5, -2, 4, 0, -3, -6, 5, -5, 5, 0, 6, -3, 2, -6, -2, 4, 5, 4, -5, -1, -4, -1, -5, 0, -4, -6, -4, 5, 1, 5, 0, 6, -4, 4, -4, -1, 1, 0, -6, -2, 0, 4, -4, -5, -4, 2, 3, 4, -1, -4, 6, 0, 6, -5, 0, -2, -3, 6, -4, 6, -4, 6, -2, -4, -1, 3, -6, -6, -5, -5, 4, -2, 0, -1, -6, -3, 2, -1, -6, -6, 3, 6, 5, -6, -4, -3, 0, 4, 1, -4, 1, 5, -2, -5, -1, -5, -5, -4, 2, 1, 1, 3, -5, -1, -4, -1, -3, -1, -2, -2, 6, -1, 0, -5, -2, 3, 5, 4, -4, 2, -5, 0, -6, -1]
 
6.58325494635: [6, 3, 6, -2, -5, -2, 4, 0, -3, -6, 5, -5, 5, 0, 6, -3, 2, -6, -2, 4, 5, 4, -5, -1, -4, -1, -5, 0, -4, -6, -4, 5, 1, 5, 0, 6, -4, 4, -4, -1, 1, 0, -6, -2, 0, 4, -4, -5, -4, 2, 3, 4, -1, -4, 6, 0, 6, -5, 0, -2, -3, 6, -4, 6, -4, 6, -2, -4, -1, 3, -6, -6, -5, -5, 4, -2, 0, -1, -6, -3, 2, -1, -6, -6, 3, 6, 5, -6, -4, -3, 0, 4, 1, -4, 1, 5, -2, -5, -1, -5, -5, -4, 2, 1, 1, 3, -5, -1, -4, -1, -3, -1, -2, -2, 6, -1, 0, -5, -2, 3, 5, 4, -4, 2, -5, 0, -6, -1]
 
6.56574617112: [6, 3, 6, -2, -5, -2, 4, 0, -3, -6, 5, -5, 5, 0, 6, -3, 2, -6, -2, 4, 5, 4, -5, -1, -4, -1, -5, 0, -4, -6, -4, 5, 1, 5, 0, 6, -4, 4, -4, -1, 1, 0, -6, -2, 0, 4, -4, -5, -4, 2, 3, 4, -1, -4, 6, 0, 6, -5, 0, -2, -3, 6, -4, 6, -4, 6, -2, -4, -1, 3, -6, -6, -5, -5, 4, -2, 0, -1, -6, -3, 2, -1, -6, -6, 3, 6, 5, -6, -4, -3, 0, 4, 1, -4, 1, 5, -2, -5, -1, -5, -5, -4, 2, 1, 1, 3, -5, -1, -4, -1, -3, -1, -2, -2, 6, -1, 0, -5, -2, 3, 5, 4, -4, 2, -5, 0, -6, -1]
 
6.56446587662: [6, 3, 6, -2, -5, -2, 4, 0, -3, -6, 5, -5, 5, 0, 6, -3, 2, -6, -2, 4, 5, 4, -5, -1, -4, -1, -5, 0, -4, -6, -4, 5, 1, 5, 0, 6, -4, 4, -4, -1, 1, 0, -6, -2, 0, 4, -4, -5, -4, 2, 3, 4, -1, -4, 6, 0, 6, -5, 0, -2, -3, 6, -4, 6, -4, 6, -2, -4, -1, 3, -6, -6, -5, -5, 4, -2, 0, -1, -6, -3, 2, -1, -6, -6, 3, 6, 5, -6, -4, -3, 0, 4, 1, -4, 1, 5, -2, -5, -1, -5, -5, -4, 2, 1, 1, 3, -5, -1, -4, -1, -3, -1, -2, -2, 6, -1, 0, -5, -2, 3, 5, 4, -4, 2, -5, 0, -6, -1]
 
0.479243516642: [6, 3, 4, -2, -5, -2, 4, 0, -3, -6, 5, 5, -6, 6, 6, -3, 2, 0, 5, 4, 5, 4, -5, 4, -4, -1, -5, 0, -4, -6, -4, 5, -1, 5, 5, 1, 3, 6, -4, -1, 1, 0, -6, -2, 0, 4, -3, -5, -4, 2, 3, 4, -1, -4, 6, 0, -1, -5, 0, -2, -3, 6, -4, 6, -4, 6, -2, -4, 4, 3, -6, -6, -1, -4, 4, -2, 0, -1, -6, -3, 2, -5, -6, -6, 3, 6, -1, -6, 4, -3, 6, 4, 1, -4, 1, 5, 3, -5, -1, -1, -5, -4, 4, 1, 1, 3, -5, -4, -4, -1, -3, -1, -2, 1, 6, -1, 0, -5, -2, 3, 5, 4, -4, 0, -5, 0, 1, -3]
 
6.54409866028: [6, 3, 6, -2, -5, -2, 4, 0, -3, -6, 5, -5, 5, 0, 6, -3, 2, -6, -2, 4, 5, 4, -5, -1, -4, -1, -5, 0, -4, -6, -4, 5, 1, 5, 0, 6, -4, 4, -4, -1, 1, 0, -6, -2, 0, 4, -4, -5, -4, 2, 3, 4, -1, -4, 6, 0, 6, -5, 0, -2, -3, 6, -4, 6, -4, 6, -2, -4, -1, 3, -6, -6, -5, -5, 4, -2, 0, -1, -6, -3, 2, -1, -6, -6, 3, 6, 5, -6, -4, -3, 0, 4, 1, -4, 1, 5, -2, -5, -1, -5, -5, -4, 2, 1, 1, 3, -5, -1, -4, -1, -3, -1, -2, -2, 6, -1, 0, -5, -2, 3, 5, 4, -4, 2, -5, 0, -6, -1]
 
6.54396467436: [6, 3, 6, -2, -5, -2, 4, 0, -3, -6, 5, -5, 5, 0, 6, -3, 2, -6, -2, 4, 5, 4, -5, -1, -4, -1, -5, 0, -4, -6, -4, 5, 1, 5, 0, 6, -4, 4, -4, -1, 1, 0, -6, -2, 0, 4, -4, -5, -4, 2, 3, 4, -1, -4, 6, 0, 6, -5, 0, -2, -3, 6, -4, 6, -4, 6, -2, -4, -1, 3, -6, -6, -5, -5, 4, -2, 0, -1, -6, -3, 2, -1, -6, -6, 3, 6, 5, -6, -4, -3, 0, 4, 1, -4, 1, 5, -2, -5, -1, -5, -5, -4, 2, 1, 1, 3, -5, -1, -4, -1, -3, -1, -2, -2, 6, -1, 0, -5, -2, 3, 5, 4, -4, 2, -5, 0, -6, -1]
 
1.28825956465: [6, 3, 6, -3, -5, -2, 4, 0, -3, -6, 5, -5, 5, 0, -6, 2, -6, -6, 5, 4, 5, 4, -3, -1, -4, -6, -5, 0, -4, -6, 5, 5, 4, 5, 0, 6, -4, 4, -4, -1, 1, 0, -6, 2, 0, 4, -4, -5, -4, -5, 3, 4, -1, -4, 6, 0, 6, -5, 0, -2, -5, 6, -5, 6, -4, 6, 1, -4, -1, 3, -6, -6, 6, -5, 4, -2, 0, -6, -6, 4, 2, -1, 0, -6, 3, 6, -2, -6, 0, -3, -3, 4, 5, -4, 1, 5, -2, -5, -1, -5, -5, -4, 2, 4, 2, 3, -5, -5, 2, 1, 4, -1, -2, -2, 6, -1, 0, 5, 0, 3, 5, 4, -4, 2, -5, 0, -6, -1]
 
6.5131679623: [6, 3, 6, -2, -5, -2, 4, 0, -3, -6, 5, -5, 5, 0, 6, -3, 2, -6, -2, 4, 5, 4, -5, -1, -4, -1, -5, 0, -4, -6, -4, 5, 1, 5, 0, 6, -4, 4, -4, -1, 1, 0, -6, -2, 0, 4, -4, -5, -4, 2, 3, 4, -1, -4, 6, 0, 6, -5, 0, -2, -3, 6, -4, 6, -4, 6, -2, -4, -1, 3, -6, -6, -5, -5, 4, -2, 0, -1, -6, -3, 2, -1, -6, -6, 3, 6, 5, -6, -4, -3, 0, 4, 1, -4, 1, 5, -2, -5, -1, -5, -5, -4, 2, 1, 1, 3, -5, -1, -4, -1, -3, -1, -2, -2, 6, -1, 0, -5, -2, 3, 5, 4, -4, 2, -5, 0, -6, -1]
 
6.50793875234: [6, 3, 6, -2, -5, -2, 4, 0, -3, -6, 5, -5, 5, 0, 6, -3, 2, -6, -2, 4, 5, 4, -5, -1, -4, -1, -5, 0, -4, -6, -4, 5, 1, 5, 0, 6, -4, 4, -4, -1, 1, 0, -6, -2, 0, 4, -4, -5, -4, 2, 3, 4, -1, -4, 6, 0, 6, -5, 0, -2, -3, 6, -4, 6, -4, 6, -2, -4, -1, 3, -6, -6, -5, -5, 4, -2, 0, -1, -6, -3, 2, -1, -6, -6, 3, 6, 5, -6, -4, -3, 0, 4, 1, -4, 1, 5, -2, -5, -1, -5, -5, -4, 2, 1, 1, 3, -5, -1, -4, -1, -3, -1, -2, -2, 6, -1, 0, -5, -2, 3, 5, 4, -4, 2, -5, 0, -6, -1]
 
6.50538976898: [6, 3, 6, -2, -5, -2, 4, 0, -3, -6, 5, -5, 5, 0, 6, -3, 2, -6, -2, 4, 5, 4, -5, -1, -4, -1, -5, 0, -4, -6, -4, 5, 1, 5, 0, 6, -4, 4, -4, -1, 1, 0, -6, -2, 0, 4, -4, -5, -4, 2, 3, 4, -1, -4, 6, 0, 6, -5, 0, -2, -3, 6, -4, 6, -4, 6, -2, -4, -1, 3, -6, -6, -5, -5, 4, -2, 0, -1, -6, -3, 2, -1, -6, -6, 3, 6, 5, -6, -4, -3, 0, 4, 1, -4, 1, 5, -2, -5, -1, -5, -5, -4, 2, 1, 1, 3, -5, -1, -4, -1, -3, -1, -2, -2, 6, -1, 0, -5, -2, 3, 5, 4, -4, 2, -5, 0, -6, -1]
 
6.50405816772: [6, 3, 6, -2, -5, -2, 4, 0, -3, -6, 5, -5, 5, 0, 6, -3, 2, -6, -2, 4, 5, 4, -5, -1, -4, -1, -5, 0, -4, -6, -4, 5, 1, 5, 0, 6, -4, 4, -4, -1, 1, 0, -6, -2, 0, 4, -4, -5, -4, 2, 3, 4, -1, -4, 6, 0, 6, -5, 0, -2, -3, 6, -4, 6, -4, 6, -2, -4, -1, 3, -6, -6, -5, -5, 4, -2, 0, -1, -6, -3, 2, -1, -6, -6, 3, 6, 5, -6, -4, -3, 0, 4, 1, -4, 1, 5, -2, -5, -1, -5, -5, -4, 2, 1, 1, 3, -5, -1, -4, -1, -3, -1, -2, -2, 6, -1, 0, -5, -2, 3, 5, 4, -4, 2, -5, 0, -6, -1]
 
6.50336845521: [6, 3, 6, -2, -5, -2, 4, 0, -3, -6, 5, -5, 5, 0, 6, -3, 2, -6, -2, 4, 5, 4, -5, -1, -4, -1, -5, 0, -4, -6, -4, 5, 1, 5, 0, 6, -4, 4, -4, -1, 1, 0, -6, -2, 0, 4, -4, -5, -4, 2, 3, 4, -1, -4, 6, 0, 6, -5, 0, -2, -3, 6, -4, 6, -4, 6, -2, -4, -1, 3, -6, -6, -5, -5, 4, -2, 0, -1, -6, -3, 2, -1, -6, -6, 3, 6, 5, -6, -4, -3, 0, 4, 1, -4, 1, 5, -2, -5, -1, -5, -5, -4, 2, 1, 1, 3, -5, -1, -4, -1, -3, -1, -2, -2, 6, -1, 0, -5, -2, 3, 5, 4, -4, 2, -5, 0, -6, -1]
 
6.49337146162: [6, 3, 6, -2, -5, -2, 4, 0, -3, -6, 5, -5, 5, 0, 6, -3, 2, -6, -2, 4, 5, 4, -5, -1, -4, -1, -5, 0, -4, -6, -4, 5, 1, 5, 0, 6, -4, 4, -4, -1, 1, 0, -6, -2, 0, 4, -4, -5, -4, 2, 3, 4, -1, -4, 6, 0, 6, -5, 0, -2, -3, 6, -4, 6, -4, 6, -2, -4, -1, 3, -6, -6, -5, -5, 4, -2, 0, -1, -6, -3, 2, -1, -6, -6, 3, 6, 5, -6, -4, -3, 0, 4, 1, -4, 1, 5, -2, -5, -1, -5, -5, -4, 2, 1, 1, 3, -5, -1, -4, -1, -3, -1, -2, -2, 6, -1, 0, -5, -2, 3, 5, 4, -4, 2, -5, 0, -6, -1]
 
6.48756256413: [6, 3, 6, -2, -5, -2, 4, 0, -3, -6, 5, -5, 5, 0, 6, -3, 2, -6, -2, 4, 5, 4, -5, -1, -4, -1, -5, 0, -4, -6, -4, 5, 1, 5, 0, 6, -4, 4, -4, -1, 1, 0, -6, -2, 0, 4, -4, -5, -4, 2, 3, 4, -1, -4, 6, 0, 6, -5, 0, -2, -3, 6, -4, 6, -4, 6, -2, -4, -1, 3, -6, -6, -5, -5, 4, -2, 0, -1, -6, -3, 2, -1, -6, -6, 3, 6, 5, -6, -4, -3, 0, 4, 1, -4, 1, 5, -2, -5, -1, -5, -5, -4, 2, 1, 1, 3, -5, -1, -4, -1, -3, -1, -2, -2, 6, -1, 0, -5, -2, 3, 5, 4, -4, 2, -5, 0, -6, -1]
 
6.47921565643: [6, 3, 6, -2, -5, -2, 4, 0, -3, -6, 5, -5, 5, 0, 6, -3, 2, -6, -2, 4, 5, 4, -5, -1, -4, -1, -5, 0, -4, -6, -4, 5, 1, 5, 0, 6, -4, 4, -4, -1, 1, 0, -6, -2, 0, 4, -4, -5, -4, 2, 3, 4, -1, -4, 6, 0, 6, -5, 0, -2, -3, 6, -4, 6, -4, 6, -2, -4, -1, 3, -6, -6, -5, -5, 4, -2, 0, -1, -6, -3, 2, -1, -6, -6, 3, 6, 5, -6, -4, -3, 0, 4, 1, -4, 1, 5, -2, -5, -1, -5, -5, -4, 2, 1, 1, 3, -5, -1, -4, -1, -3, -1, -2, -2, 6, -1, 0, -5, -2, 3, 5, 4, -4, 2, -5, 0, -6, -1]
 
6.47739177478: [6, 3, 6, -2, -5, -2, 4, 0, -3, -6, 5, -5, 5, 0, 6, -3, 2, -6, -2, 4, 5, 4, -5, -1, -4, -1, -5, 0, -4, -6, -4, 5, 1, 5, 0, 6, -4, 4, -4, -1, 1, 0, -6, -2, 0, 4, -4, -5, -4, 2, 3, 4, -1, -4, 6, 0, 6, -5, 0, -2, -3, 6, -4, 6, -4, 6, -2, -4, -1, 3, -6, -6, -5, -5, 4, -2, 0, -1, -6, -3, 2, -1, -6, -6, 3, 6, 5, -6, -4, -3, 0, 4, 1, -4, 1, 5, -2, -5, -1, -5, -5, -4, 2, 1, 1, 3, -5, -1, -4, -1, -3, -1, -2, -2, 6, -1, 0, -5, -2, 3, 5, 4, -4, 2, -5, 0, -6, -1]
 
6.47160932584: [6, 3, 6, -2, -5, -2, 4, 0, -3, -6, 5, -5, 5, 0, 6, -3, 2, -6, -2, 4, 5, 4, -5, -1, -4, -1, -5, 0, -4, -6, -4, 5, 1, 5, 0, 6, -4, 4, -4, -1, 1, 0, -6, -2, 0, 4, -4, -5, -4, 2, 3, 4, -1, -4, 6, 0, 6, -5, 0, -2, -3, 6, -4, 6, -4, 6, -2, -4, -1, 3, -6, -6, -5, -5, 4, -2, 0, -1, -6, -3, 2, -1, -6, -6, 3, 6, 5, -6, -4, -3, 0, 4, 1, -4, 1, 5, -2, -5, -1, -5, -5, -4, 2, 1, 1, 3, -5, -1, -4, -1, -3, -1, -2, -2, 6, -1, 0, -5, -2, 3, 5, 4, -4, 2, -5, 0, -6, -1]
 
6.45997775883: [6, 3, 6, -2, -5, -2, 4, 0, -3, -6, 5, -5, 5, 0, 6, -3, 2, -6, -2, 4, 5, 4, -5, -1, -4, -1, -5, 0, -4, -6, -4, 5, 1, 5, 0, 6, -4, 4, -4, -1, 1, 0, -6, -2, 0, 4, -4, -5, -4, 2, 3, 4, -1, -4, 6, 0, 6, -5, 0, -2, -3, 6, -4, 6, -4, 6, -2, -4, -1, 3, -6, -6, -5, -5, 4, -2, 0, -1, -6, -3, 2, -1, -6, -6, 3, 6, 5, -6, -4, -3, 0, 4, 1, -4, 1, 5, -2, -5, -1, -5, -5, -4, 2, 1, 1, 3, -5, -1, -4, -1, -3, -1, -2, -2, 6, -1, 0, -5, -2, 3, 5, 4, -4, 2, -5, 0, -6, -1]
 
6.45101679246: [6, 3, 6, -2, -5, -2, 4, 0, -3, -6, 5, -5, 5, 0, 6, -3, 2, -6, -2, 4, 5, 4, -5, -1, -4, -1, -5, 0, -4, -6, -4, 5, 1, 5, 0, 6, -4, 4, -4, -1, 1, 0, -6, -2, 0, 4, -4, -5, -4, 2, 3, 4, -1, -4, 6, 0, 6, -5, 0, -2, -3, 6, -4, 6, -4, 6, -2, -4, -1, 3, -6, -6, -5, -5, 4, -2, 0, -1, -6, -3, 2, -1, -6, -6, 3, 6, 5, -6, -4, -3, 0, 4, 1, -4, 1, 5, -2, -5, -1, -5, -5, -4, 2, 1, 1, 3, -5, -1, -4, -1, -3, -1, -2, -2, 6, -1, 0, -5, -2, 3, 5, 4, -4, 2, -5, 0, -6, -1]
 
6.44743875841: [6, 3, 6, -2, -5, -2, 4, 0, -3, -6, 5, -5, 5, 0, 6, -3, 2, -6, -2, 4, 5, 4, -5, -1, -4, -1, -5, 0, -4, -6, -4, 5, 1, 5, 0, 6, -4, 4, -4, -1, 1, 0, -6, -2, 0, 4, -4, -5, -4, 2, 3, 4, -1, -4, 6, 0, 6, -5, 0, -2, -3, 6, -4, 6, -4, 6, -2, -4, -1, 3, -6, -6, -5, -5, 4, -2, 0, -1, -6, -3, 2, -1, -6, -6, 3, 6, 5, -6, -4, -3, 0, 4, 1, -4, 1, 5, -2, -5, -1, -5, -5, -4, 2, 1, 1, 3, -5, -1, -4, -1, -3, -1, -2, -2, 6, -1, 0, -5, -2, 3, 5, 4, -4, 2, -5, 0, -6, -1]
 
6.42697889967: [6, 3, 6, -2, -5, -2, 4, 0, -3, -6, 5, -5, 5, 0, 6, -3, 2, -6, -2, 4, 5, 4, -5, -1, -4, -1, -5, 0, -4, -6, -4, 5, 1, 5, 0, 6, -4, 4, -4, -1, 1, 0, -6, -2, 0, 4, -4, -5, -4, 2, 3, 4, -1, -4, 6, 0, 6, -5, 0, -2, -3, 6, -4, 6, -4, 6, -2, -4, -1, 3, -6, -6, -5, -5, 4, -2, 0, -1, -6, -3, 2, -1, -6, -6, 3, 6, 5, -6, -4, -3, 0, 4, 1, -4, 1, 5, -2, -5, -1, -5, -5, -4, 2, 1, 1, 3, -5, -1, -4, -1, -3, -1, -2, -2, 6, -1, 0, -5, -2, 3, 5, 4, -4, 2, -5, 0, -6, -1]
 
6.4235638356: [6, 3, 6, -2, -5, -2, 4, 0, -3, -6, 5, -5, 5, 0, 6, -3, 2, -6, -2, 4, 5, 4, -5, -1, -4, -1, -5, 0, -4, -6, -4, 5, 1, 5, 0, 6, -4, 4, -4, -1, 1, 0, -6, -2, 0, 4, -4, -5, -4, 2, 3, 4, -1, -4, 6, 0, 6, -5, 0, -2, -3, 6, -4, 6, -4, 6, -2, -4, -1, 3, -6, -6, -5, -5, 4, -2, 0, -1, -6, -3, 2, -1, -6, -6, 3, 6, 5, -6, -4, -3, 0, 4, 1, -4, 1, 5, -2, -5, -1, -5, -5, -4, 2, 1, 1, 3, -5, -1, -4, -1, -3, -1, -2, -2, 6, -1, 0, -5, -2, 3, 5, 4, -4, 2, -5, 0, -6, -1]
 
6.42313159515: [6, 3, 6, -2, -5, -2, 4, 0, -3, -6, 5, -5, 5, 0, 6, -3, 2, -6, -2, 4, 5, 4, -5, -1, -4, -1, -5, 0, -4, -6, -4, 5, 1, 5, 0, 6, -4, 4, -4, -1, 1, 0, -6, -2, 0, 4, -4, -5, -4, 2, 3, 4, -1, -4, 6, 0, 6, -5, 0, -2, -3, 6, -4, 6, -4, 6, -2, -4, -1, 3, -6, -6, -5, -5, 4, -2, 0, -1, -6, -3, 2, -1, -6, -6, 3, 6, 5, -6, -4, -3, 0, 4, 1, -4, 1, 5, -2, -5, -1, -5, -5, -4, 2, 1, 1, 3, -5, -1, -4, -1, -3, -1, -2, -2, 6, -1, 0, -5, -2, 3, 5, 4, -4, 2, -5, 0, -6, -1]
 
6.42030573423: [6, 3, 6, -2, -5, -2, 4, 0, -3, -6, 5, -5, 5, 0, 6, -3, 2, -6, -2, 4, 5, 4, -5, -1, -4, -1, -5, 0, -4, -6, -4, 5, 1, 5, 0, 6, -4, 4, -4, -1, 1, 0, -6, -2, 0, 4, -4, -5, -4, 2, 3, 4, -1, -4, 6, 0, 6, -5, 0, -2, -3, 6, -4, 6, -4, 6, -2, -4, -1, 3, -6, -6, -5, -5, 4, -2, 0, -1, -6, -3, 2, -1, -6, -6, 3, 6, 5, -6, -4, -3, 0, 4, 1, -4, 1, 5, -2, -5, -1, -5, -5, -4, 2, 1, 1, 3, -5, -1, -4, -1, -3, -1, -2, -2, 6, -1, 0, -5, -2, 3, 5, 4, -4, 2, -5, 0, -6, -1]
 
2.5338525318: [6, 2, 6, -2, -5, -2, 4, -6, -3, -6, 5, -5, 5, 0, 0, -3, 2, -6, -2, 0, 5, 4, -5, -1, -4, -3, -5, 0, -4, -6, -4, 1, 1, 4, 0, 6, 5, 4, -6, -1, 1, 0, -6, -2, 0, 4, -4, -5, -4, 6, 3, 4, -1, -4, 6, 0, 3, -5, 0, -2, -3, 6, -6, -4, -4, 6, -2, 4, -1, 3, -6, 3, -5, -5, 4, -2, 0, -1, -6, -3, 3, 6, 5, -6, 3, 2, 5, -6, -1, -3, 0, 4, 1, -4, 1, 5, -2, -5, -1, 6, -5, -4, 2, 4, 1, 3, -5, 0, -4, -1, -3, -1, -2, 3, 6, 1, 0, -5, 4, 3, 5, 4, 3, 3, 4, -6, -6, -1]
 
6.38157820695: [6, 3, 6, -2, -5, -2, 4, 0, -3, -6, 5, -5, 5, 0, 6, -3, 2, -6, -2, 4, 5, 4, -5, -1, -4, -1, -5, 0, -4, -6, -4, 5, 1, 5, 0, 6, -4, 4, -4, -1, 1, 0, -6, -2, 0, 4, -4, -5, -4, 2, 3, 4, -1, -4, 6, 0, 6, -5, 0, -2, -3, 6, -4, 6, -4, 6, -2, -4, -1, 3, -6, -6, -5, -5, 4, -2, 0, -1, -6, -3, 2, -1, -6, -6, 3, 6, 5, -6, -4, -3, 0, 4, 1, -4, 1, 5, -2, -5, -1, -5, -5, -4, 2, 1, 1, 3, -5, -1, -4, -1, -3, -1, -2, -2, 6, -1, 0, -5, -2, 3, 5, 4, -4, 2, -5, 0, -6, -1]
 
6.21087382536: [6, 3, 6, -2, -5, -2, 4, 0, -3, -6, 5, -5, 5, 0, 6, -3, 2, -6, -2, 4, 5, 4, -5, -1, -4, -1, -5, 0, -4, -6, -4, 5, 1, 5, 0, 6, -4, 4, -4, -1, 1, 0, -6, -2, 0, 4, -4, -5, -4, 2, 3, 4, -1, -4, 6, 0, 6, -5, 0, -2, -3, 6, -4, 6, -4, 6, -2, -4, -1, 3, -6, -6, -5, -5, 4, -2, 0, -1, -6, -3, 2, -1, -6, -6, 3, 6, 5, -6, -4, -3, 0, 4, 1, -4, 1, 5, -2, -5, -1, -5, -5, -4, 2, 1, 1, 3, -5, -1, -4, -1, -3, -1, -2, -2, 6, -1, 0, -5, -2, 3, 5, 4, -4, 2, -5, 0, -6, -1]
 
6.27491169966: [6, 3, 6, -2, -5, -2, 4, 0, -3, -6, 5, -5, 5, 0, 6, -3, 2, -6, -2, 4, 5, 4, -5, -1, -4, -1, -5, 0, -4, -6, -4, 5, 1, 5, 0, 6, -4, 4, -4, -1, 1, 0, -6, -2, 0, 4, -4, -5, -4, 2, 3, 4, -1, -4, 6, 0, 6, -5, 0, -2, -3, 6, -4, 6, -4, 6, -2, -4, -1, 3, -6, -6, -5, -5, 4, -2, 0, -1, -6, -3, 2, -1, -6, -6, 3, 6, 5, -6, -4, -3, 0, 4, 1, -4, 1, 5, -2, -5, -1, -5, -5, -4, 2, 1, 1, 3, -5, -1, -4, -1, -3, -1, -2, -2, 6, -1, 0, -5, -2, 3, 5, 4, -4, 2, -5, 0, -6, -1]
 
0.87379402772: [6, -4, 6, -2, 6, -2, 4, 5, -3, -6, -2, 6, 0, 5, -1, -1, -4, -6, -2, -4, 5, 5, -5, -1, -4, -1, -6, 0, -4, -6, -6, 1, -4, -4, 4, 6, 3, 0, -4, -1, 5, 0, -1, -2, 0, 4, -4, -5, -4, 2, 3, 4, 4, 0, 6, 0, -6, 3, -2, 3, 3, 6, -4, 6, -4, 6, -2, -4, -1, 3, -6, -6, 5, -5, 6, -2, 0, 6, -6, -3, 2, -1, 5, 4, 1, 6, 5, -6, -4, -3, 0, 4, 1, -4, -4, -5, -4, 3, -1, -2, -5, -3, 2, 1, 2, 1, -1, 2, -4, -2, -4, -4, -2, -2, 6, -1, -4, -5, -2, 0, -1, 4, -4, 2, -5, 0, 4, -1]
 
6.39188481625: [6, 3, 6, -2, -5, -2, 4, 0, -3, -6, 5, -5, 5, 0, 6, -3, 2, -6, -2, 4, 5, 4, -5, -1, -4, -1, -5, 0, -4, -6, -4, 5, 1, 5, 0, 6, -4, 4, -4, -1, 1, 0, -6, -2, 0, 4, -4, -5, -4, 2, 3, 4, -1, -4, 6, 0, 6, -5, 0, -2, -3, 6, -4, 6, -4, 6, -2, -4, -1, 3, -6, -6, -5, -5, 4, -2, 0, -1, -6, -3, 2, -1, -6, -6, 3, 6, 5, -6, -4, -3, 0, 4, 1, -4, 1, 5, -2, -5, -1, -5, -5, -4, 2, 1, 1, 3, -5, -1, -4, -1, -3, -1, -2, -2, 6, -1, 0, -5, -2, 3, 5, 4, -4, 2, -5, 0, -6, -1]
 
6.06847345371: [6, 3, 6, -2, -5, -2, 4, 0, -3, -6, 5, -5, 5, 0, 6, -3, 2, -6, -2, 4, 5, 4, -5, -1, -4, -1, -5, 0, -4, -6, -4, 5, 1, 5, 0, 6, -4, 4, -4, -1, 1, 0, -6, -2, 0, 4, -4, -5, -4, 2, 3, 4, -1, -4, 6, 0, 6, -5, 0, -2, -3, 6, -4, 6, -4, 6, -2, -4, -1, 3, -6, -6, -5, -5, 4, -2, 0, -1, -6, -3, 2, -1, -6, -6, 3, 6, 5, -6, -4, -3, 0, 4, 1, -4, 1, 5, -2, -5, -1, -5, -5, -4, 2, 1, 1, 3, -5, -1, -4, -1, -3, -1, -2, -2, 6, -1, 0, -5, -2, 3, 5, 4, -4, 2, -5, 0, -6, -1]
 
1.75944669828: [6, 3, 6, 1, 2, 5, 4, 0, -3, 1, 5, 6, 5, -1, 6, -3, 0, -2, 3, 4, 5, 4, -5, -1, -4, -1, -5, 0, -4, -6, -4, 0, 1, 5, -6, 6, -4, 5, -4, -1, -1, 5, -2, -2, 0, 4, -3, 4, -1, 2, 3, 5, -1, -6, -3, 0, 6, -1, 1, -2, -2, 6, -4, 6, -4, 6, 6, -3, -5, 3, 6, -6, -5, -5, -6, -4, 0, 5, -6, -3, -5, 3, -2, -6, 3, 3, 2, -6, -4, -6, 0, 4, 1, -1, 3, 5, -2, -5, -1, -5, 3, -4, 2, 1, 1, -2, -1, -1, 2, 5, -3, -2, 5, -2, -4, -1, 0, -5, 2, 5, 5, 4, -4, 2, -5, 0, 0, -1]
 
6.35586698281: [6, 3, 6, -2, -5, -2, 4, 0, -3, -6, 5, -5, 5, 0, 6, -3, 2, -6, -2, 4, 5, 4, -5, -1, -4, -1, -5, 0, -4, -6, -4, 5, 1, 5, 0, 6, -4, 4, -4, -1, 1, 0, -6, -2, 0, 4, -4, -5, -4, 2, 3, 4, -1, -4, 6, 0, 6, -5, 0, -2, -3, 6, -4, 6, -4, 6, -2, -4, -1, 3, -6, -6, -5, -5, 4, -2, 0, -1, -6, -3, 2, -1, -6, -6, 3, 6, 5, -6, -4, -3, 0, 4, 1, -4, 1, 5, -2, -5, -1, -5, -5, -4, 2, 1, 1, 3, -5, -1, -4, -1, -3, -1, -2, -2, 6, -1, 0, -5, -2, 3, 5, 4, -4, 2, -5, 0, -6, -1]
 
6.13350089244: [6, 3, 6, -2, -5, -2, 4, 0, -3, -6, 5, -5, 5, 0, 6, -3, 2, -6, -2, 4, 5, 4, -5, -1, -4, -1, -5, 0, -4, -6, -4, 5, 1, 5, 0, 6, -4, 4, -4, -1, 1, 0, -6, -2, 0, 4, -4, -5, -4, 2, 3, 4, -1, -4, 6, 0, 6, -5, 0, -2, -3, 6, -4, 6, -4, 6, -2, -4, -1, 3, -6, -6, -5, -5, 4, -2, 0, -1, -6, -3, 2, -1, -6, -6, 3, 6, 5, -6, -4, -3, 0, 4, 1, -4, 1, 5, -2, -5, -1, -5, -5, -4, 2, 1, 1, 3, -5, -1, -4, -1, -3, -1, -2, -2, 6, -1, 0, -5, -2, 3, 5, 4, -4, 2, -5, 0, -6, -1]
 
6.46904769514: [6, 3, 6, -2, -5, -2, 4, 0, -3, -6, 5, -5, 5, 0, 6, -3, 2, -6, -2, 4, 5, 4, -5, -1, -4, -1, -5, 0, -4, -6, -4, 5, 1, 5, 0, 6, -4, 4, -4, -1, 1, 0, -6, -2, 0, 4, -4, -5, -4, 2, 3, 4, -1, -4, 6, 0, 6, -5, 0, -2, -3, 6, -4, 6, -4, 6, -2, -4, -1, 3, -6, -6, -5, -5, 4, -2, 0, -1, -6, -3, 2, -1, -6, -6, 3, 6, 5, -6, -4, -3, 0, 4, 1, -4, 1, 5, -2, -5, -1, -5, -5, -4, 2, 1, 1, 3, -5, -1, -4, -1, -3, -1, -2, -2, 6, -1, 0, -5, -2, 3, 5, 4, -4, 2, -5, 0, -6, -1]
 
6.19596591567: [6, 3, 6, -2, -5, -2, 4, 0, -3, -6, 5, -5, 5, 0, 6, -3, 2, -6, -2, 4, 5, 4, -5, -1, -4, -1, -5, 0, -4, -6, -4, 5, 1, 5, 0, 6, -4, 4, -4, -1, 1, 0, -6, -2, 0, 4, -4, -5, -4, 2, 3, 4, -1, -4, 6, 0, 6, -5, 0, -2, -3, 6, -4, 6, -4, 6, -2, -4, -1, 3, -6, -6, -5, -5, 4, -2, 0, -1, -6, -3, 2, -1, -6, -6, 3, 6, 5, -6, -4, -3, 0, 4, 1, -4, 1, 5, -2, -5, -1, -5, -5, -4, 2, 1, 1, 3, -5, -1, -4, -1, -3, -1, -2, -2, 6, -1, 0, -5, -2, 3, 5, 4, -4, 2, -5, 0, -6, -1]
 
6.42124189531: [6, 3, 6, -2, -5, -2, 4, 0, -3, -6, 5, -5, 5, 0, 6, -3, 2, -6, -2, 4, 5, 4, -5, -1, -4, -1, -5, 0, -4, -6, -4, 5, 1, 5, 0, 6, -4, 4, -4, -1, 1, 0, -6, -2, 0, 4, -4, -5, -4, 2, 3, 4, -1, -4, 6, 0, 6, -5, 0, -2, -3, 6, -4, 6, -4, 6, -2, -4, -1, 3, -6, -6, -5, -5, 4, -2, 0, -1, -6, -3, 2, -1, -6, -6, 3, 6, 5, -6, -4, -3, 0, 4, 1, -4, 1, 5, -2, -5, -1, -5, -5, -4, 2, 1, 1, 3, -5, -1, -4, -1, -3, -1, -2, -2, 6, -1, 0, -5, -2, 3, 5, 4, -4, 2, -5, 0, -6, -1]
 
0.881581857404: [6, 3, -6, 5, -5, -2, 4, -2, 2, -6, 5, -5, 5, -6, -6, -3, -5, 0, 4, 4, 5, -2, -5, -6, -3, 5, -5, 0, -5, 3, 6, 5, 1, 1, 0, -1, 6, -2, 5, -1, 0, -6, -6, 1, -3, 1, -4, -5, -4, 2, -2, 0, -1, -3, 3, 0, -4, -4, 0, -2, -3, 6, -4, 6, -4, 6, 3, -4, -1, 3, -6, -6, 2, 6, 4, -2, 4, -1, 0, 0, 2, -1, -5, -6, -4, 6, 5, -6, -4, -3, 6, 4, 1, -4, 3, 3, 5, -3, -1, 6, -5, -4, 2, -1, 1, 3, -3, 3, -2, -1, -3, -2, -2, -1, -5, -1, 5, -5, -2, -3, 5, 6, 2, -4, -5, 0, -6, -2]
 
6.14751409669: [6, 3, 6, -2, -5, -2, 4, 0, -3, -6, 5, -5, 5, 0, 6, -3, 2, -6, -2, 4, 5, 4, -5, -1, -4, -1, -5, 0, -4, -6, -4, 5, 1, 5, 0, 6, -4, 4, -4, -1, 1, 0, -6, -2, 0, 4, -4, -5, -4, 2, 3, 4, -1, -4, 6, 0, 6, -5, 0, -2, -3, 6, -4, 6, -4, 6, -2, -4, -1, 3, -6, -6, -5, -5, 4, -2, 0, -1, -6, -3, 2, -1, -6, -6, 3, 6, 5, -6, -4, -3, 0, 4, 1, -4, 1, 5, -2, -5, -1, -5, -5, -4, 2, 1, 1, 3, -5, -1, -4, -1, -3, -1, -2, -2, 6, -1, 0, -5, -2, 3, 5, 4, -4, 2, -5, 0, -6, -1]
 
5.90313538356: [6, 3, 6, -2, -5, -2, 4, 0, -3, -6, 5, -5, 5, 0, 6, -3, 2, -6, -2, 4, 5, 4, -5, -1, -4, -1, -5, 0, -4, -6, -4, 5, 1, 5, 0, 6, -4, 4, -4, -1, 1, 0, -6, -2, 0, 4, -4, -5, -4, 2, 3, 4, -1, -4, 6, 0, 6, -5, 0, -2, -3, 6, -4, 6, -4, 6, -2, -4, -1, 3, -6, -6, -5, -5, 4, -2, 0, -1, -6, -3, 2, -1, -6, -6, 3, 6, 5, -6, -4, -3, 0, 4, 1, -4, 1, 5, -2, -5, -1, -5, -5, -4, 2, 1, 1, 3, -5, -1, -4, -1, -3, -1, -2, -2, 6, -1, 0, -5, -2, 3, 5, 4, -4, 2, -5, 0, -6, -1]
 
6.1223485121: [6, 3, 6, -2, -5, -2, 4, 0, -3, -6, 5, -5, 5, 0, 6, -3, 2, -6, -2, 4, 5, 4, -5, -1, -4, -1, -5, 0, -4, -6, -4, 5, 1, 5, 0, 6, -4, 4, -4, -1, 1, 0, -6, -2, 0, 4, -4, -5, -4, 2, 3, 4, -1, -4, 6, 0, 6, -5, 0, -2, -3, 6, -4, 6, -4, 6, -2, -4, -1, 3, -6, -6, -5, -5, 4, -2, 0, -1, -6, -3, 2, -1, -6, -6, 3, 6, 5, -6, -4, -3, 0, 4, 1, -4, 1, 5, -2, -5, -1, -5, -5, -4, 2, 1, 1, 3, -5, -1, -4, -1, -3, -1, -2, -2, 6, -1, 0, -5, -2, 3, 5, 4, -4, 2, -5, 0, -6, -1]
 
6.52474847055: [6, 3, 6, -2, -5, -2, 4, 0, -3, -6, 5, -5, 5, 0, 6, -3, 2, -6, -2, 4, 5, 4, -5, -1, -4, -1, -5, 0, -4, -6, -4, 5, 1, 5, 0, 6, -4, 4, -4, -1, 1, 0, -6, -2, 0, 4, -4, -5, -4, 2, 3, 4, -1, -4, 6, 0, 6, -5, 0, -2, -3, 6, -4, 6, -4, 6, -2, -4, -1, 3, -6, -6, -5, -5, 4, -2, 0, -1, -6, -3, 2, -1, -6, -6, 3, 6, 5, -6, -4, -3, 0, 4, 1, -4, 1, 5, -2, -5, -1, -5, -5, -4, 2, 1, 1, 3, -5, -1, -4, -1, -3, -1, -2, -2, 6, -1, 0, -5, -2, 3, 5, 4, -4, 2, -5, 0, -6, -1]
 
6.1511976673: [6, 3, 6, -2, -5, -2, 4, 0, -3, -6, 5, -5, 5, 0, 6, -3, 2, -6, -2, 4, 5, 4, -5, -1, -4, -1, -5, 0, -4, -6, -4, 5, 1, 5, 0, 6, -4, 4, -4, -1, 1, 0, -6, -2, 0, 4, -4, -5, -4, 2, 3, 4, -1, -4, 6, 0, 6, -5, 0, -2, -3, 6, -4, 6, -4, 6, -2, -4, -1, 3, -6, -6, -5, -5, 4, -2, 0, -1, -6, -3, 2, -1, -6, -6, 3, 6, 5, -6, -4, -3, 0, 4, 1, -4, 1, 5, -2, -5, -1, -5, -5, -4, 2, 1, 1, 3, -5, -1, -4, -1, -3, -1, -2, -2, 6, -1, 0, -5, -2, 3, 5, 4, -4, 2, -5, 0, -6, -1]
 
1.39651473069: [6, 3, 6, -2, -2, -2, -4, 0, -3, -6, 5, 4, 5, 0, 6, -3, 2, -6, -2, 4, 5, 2, 1, -1, -6, 4, -5, 5, -4, -6, 3, 5, -5, 5, -5, 6, -4, 4, -4, -1, 1, 4, -3, -2, 0, 4, -4, -5, -4, -3, 3, 4, -1, 0, 6, 0, -2, -5, -6, -4, -3, 6, 1, 6, -4, 6, -2, 3, -1, 3, -6, -6, -5, -5, 4, -2, 0, 1, -6, -3, 2, -1, -6, -1, 3, 6, 5, 6, -4, -3, 6, 4, 1, -4, 1, 2, -2, -5, 4, -5, -5, -4, 2, 1, 4, 3, 3, -1, -4, -1, -3, -1, -2, -2, 0, -1, 0, 2, -2, 3, 5, 4, -4, 2, -5, 0, 3, -1]
 
6.21362424351: [6, 3, 6, -2, -5, -2, 4, 0, -3, -6, 5, -5, 5, 0, 6, -3, 2, -6, -2, 4, 5, 4, -5, -1, -4, -1, -5, 0, -4, -6, -4, 5, 1, 5, 0, 6, -4, 4, -4, -1, 1, 0, -6, -2, 0, 4, -4, -5, -4, 2, 3, 4, -1, -4, 6, 0, 6, -5, 0, -2, -3, 6, -4, 6, -4, 6, -2, -4, -1, 3, -6, -6, -5, -5, 4, -2, 0, -1, -6, -3, 2, -1, -6, -6, 3, 6, 5, -6, -4, -3, 0, 4, 1, -4, 1, 5, -2, -5, -1, -5, -5, -4, 2, 1, 1, 3, -5, -1, -4, -1, -3, -1, -2, -2, 6, -1, 0, -5, -2, 3, 5, 4, -4, 2, -5, 0, -6, -1]
 
6.2410914698: [6, 3, 6, -2, -5, -2, 4, 0, -3, -6, 5, -5, 5, 0, 6, -3, 2, -6, -2, 4, 5, 4, -5, -1, -4, -1, -5, 0, -4, -6, -4, 5, 1, 5, 0, 6, -4, 4, -4, -1, 1, 0, -6, -2, 0, 4, -4, -5, -4, 2, 3, 4, -1, -4, 6, 0, 6, -5, 0, -2, -3, 6, -4, 6, -4, 6, -2, -4, -1, 3, -6, -6, -5, -5, 4, -2, 0, -1, -6, -3, 2, -1, -6, -6, 3, 6, 5, -6, -4, -3, 0, 4, 1, -4, 1, 5, -2, -5, -1, -5, -5, -4, 2, 1, 1, 3, -5, -1, -4, -1, -3, -1, -2, -2, 6, -1, 0, -5, -2, 3, 5, 4, -4, 2, -5, 0, -6, -1]
 
6.5020183793: [6, 3, 6, -2, -5, -2, 4, 0, -3, -6, 5, -5, 5, 0, 6, -3, 2, -6, -2, 4, 5, 4, -5, -1, -4, -1, -5, 0, -4, -6, -4, 5, 1, 5, 0, 6, -4, 4, -4, -1, 1, 0, -6, -2, 0, 4, -4, -5, -4, 2, 3, 4, -1, -4, 6, 0, 6, -5, 0, -2, -3, 6, -4, 6, -4, 6, -2, -4, -1, 3, -6, -6, -5, -5, 4, -2, 0, -1, -6, -3, 2, -1, -6, -6, 3, 6, 5, -6, -4, -3, 0, 4, 1, -4, 1, 5, -2, -5, -1, -5, -5, -4, 2, 1, 1, 3, -5, -1, -4, -1, -3, -1, -2, -2, 6, -1, 0, -5, -2, 3, 5, 4, -4, 2, -5, 0, -6, -1]
 
6.09865044484: [6, 3, 6, -2, -5, -2, 4, 0, -3, -6, 5, -5, 5, 0, 6, -3, 2, -6, -2, 4, 5, 4, -5, -1, -4, -1, -5, 0, -4, -6, -4, 5, 1, 5, 0, 6, -4, 4, -4, -1, 1, 0, -6, -2, 0, 4, -4, -5, -4, 2, 3, 4, -1, -4, 6, 0, 6, -5, 0, -2, -3, 6, -4, 6, -4, 6, -2, -4, -1, 3, -6, -6, -5, -5, 4, -2, 0, -1, -6, -3, 2, -1, -6, -6, 3, 6, 5, -6, -4, -3, 0, 4, 1, -4, 1, 5, -2, -5, -1, -5, -5, -4, 2, 1, 1, 3, -5, -1, -4, -1, -3, -1, -2, -2, 6, -1, 0, -5, -2, 3, 5, 4, -4, 2, -5, 0, -6, -1]
 
5.87138274479: [6, 3, 6, -2, -5, -2, 4, 0, -3, -6, 5, -5, 5, 0, 6, -3, 2, -6, -2, 4, 5, 4, -5, -1, -4, -1, -5, 0, -4, -6, -4, 5, 1, 5, 0, 6, -4, 4, -4, -1, 1, 0, -6, -2, 0, 4, -4, -5, -4, 2, 3, 4, -1, -4, 6, 0, 6, -5, 0, -2, -3, 6, -4, 6, -4, 6, -2, -4, -1, 3, -6, -6, -5, -5, 4, -2, 0, -1, -6, -3, 2, -1, -6, -6, 3, 6, 5, -6, -4, -3, 0, 4, 1, -4, 1, 5, -2, -5, -1, -5, -5, -4, 2, 1, 1, 3, -5, -1, -4, -1, -3, -1, -2, -2, 6, -1, 0, -5, -2, 3, 5, 4, -4, 2, -5, 0, -6, -1]
 
6.55365586368: [6, 3, 6, -2, -5, -2, 4, 0, -3, -6, 5, -5, 5, 0, 6, -3, 2, -6, -2, 4, 5, 4, -5, -1, -4, -1, -5, 0, -4, -6, -4, 5, 1, 5, 0, 6, -4, 4, -4, -1, 1, 0, -6, -2, 0, 4, -4, -5, -4, 2, 3, 4, -1, -4, 6, 0, 6, -5, 0, -2, -3, 6, -4, 6, -4, 6, -2, -4, -1, 3, -6, -6, -5, -5, 4, -2, 0, -1, -6, -3, 2, -1, -6, -6, 3, 6, 5, -6, -4, -3, 0, 4, 1, -4, 1, 5, -2, -5, -1, -5, -5, -4, 2, 1, 1, 3, -5, -1, -4, -1, -3, -1, -2, -2, 6, -1, 0, -5, -2, 3, 5, 4, -4, 2, -5, 0, -6, -1]
 
6.44097293571: [6, 3, 6, -2, -5, -2, 4, 0, -3, -6, 5, -5, 5, 0, 6, -3, 2, -6, -2, 4, 5, 4, -5, -1, -4, -1, -5, 0, -4, -6, -4, 5, 1, 5, 0, 6, -4, 4, -4, -1, 1, 0, -6, -2, 0, 4, -4, -5, -4, 2, 3, 4, -1, -4, 6, 0, 6, -5, 0, -2, -3, 6, -4, 6, -4, 6, -2, -4, -1, 3, -6, -6, -5, -5, 4, -2, 0, -1, -6, -3, 2, -1, -6, -6, 3, 6, 5, -6, -4, -3, 0, 4, 1, -4, 1, 5, -2, -5, -1, -5, -5, -4, 2, 1, 1, 3, -5, -1, -4, -1, -3, -1, -2, -2, 6, -1, 0, -5, -2, 3, 5, 4, -4, 2, -5, 0, -6, -1]
 
6.45254594613: [6, 3, 6, -2, -5, -2, 4, 0, -3, -6, 5, -5, 5, 0, 6, -3, 2, -6, -2, 4, 5, 4, -5, -1, -4, -1, -5, 0, -4, -6, -4, 5, 1, 5, 0, 6, -4, 4, -4, -1, 1, 0, -6, -2, 0, 4, -4, -5, -4, 2, 3, 4, -1, -4, 6, 0, 6, -5, 0, -2, -3, 6, -4, 6, -4, 6, -2, -4, -1, 3, -6, -6, -5, -5, 4, -2, 0, -1, -6, -3, 2, -1, -6, -6, 3, 6, 5, -6, -4, -3, 0, 4, 1, -4, 1, 5, -2, -5, -1, -5, -5, -4, 2, 1, 1, 3, -5, -1, -4, -1, -3, -1, -2, -2, 6, -1, 0, -5, -2, 3, 5, 4, -4, 2, -5, 0, -6, -1]
 
6.51146711665: [6, 3, 6, -2, -5, -2, 4, 0, -3, -6, 5, -5, 5, 0, 6, -3, 2, -6, -2, 4, 5, 4, -5, -1, -4, -1, -5, 0, -4, -6, -4, 5, 1, 5, 0, 6, -4, 4, -4, -1, 1, 0, -6, -2, 0, 4, -4, -5, -4, 2, 3, 4, -1, -4, 6, 0, 6, -5, 0, -2, -3, 6, -4, 6, -4, 6, -2, -4, -1, 3, -6, -6, -5, -5, 4, -2, 0, -1, -6, -3, 2, -1, -6, -6, 3, 6, 5, -6, -4, -3, 0, 4, 1, -4, 1, 5, -2, -5, -1, -5, -5, -4, 2, 1, 1, 3, -5, -1, -4, -1, -3, -1, -2, -2, 6, -1, 0, -5, -2, 3, 5, 4, -4, 2, -5, 0, -6, -1]
 
6.54631345222: [6, 3, 6, -2, -5, -2, 4, 0, -3, -6, 5, -5, 5, 0, 6, -3, 2, -6, -2, 4, 5, 4, -5, -1, -4, -1, -5, 0, -4, -6, -4, 5, 1, 5, 0, 6, -4, 4, -4, -1, 1, 0, -6, -2, 0, 4, -4, -5, -4, 2, 3, 4, -1, -4, 6, 0, 6, -5, 0, -2, -3, 6, -4, 6, -4, 6, -2, -4, -1, 3, -6, -6, -5, -5, 4, -2, 0, -1, -6, -3, 2, -1, -6, -6, 3, 6, 5, -6, -4, -3, 0, 4, 1, -4, 1, 5, -2, -5, -1, -5, -5, -4, 2, 1, 1, 3, -5, -1, -4, -1, -3, -1, -2, -2, 6, -1, 0, -5, -2, 3, 5, 4, -4, 2, -5, 0, -6, -1]
 
6.40280700231: [6, 3, 6, -2, -5, -2, 4, 0, -3, -6, 5, -5, 5, 0, 6, -3, 2, -6, -2, 4, 5, 4, -5, -1, -4, -1, -5, 0, -4, -6, -4, 5, 1, 5, 0, 6, -4, 4, -4, -1, 1, 0, -6, -2, 0, 4, -4, -5, -4, 2, 3, 4, -1, -4, 6, 0, 6, -5, 0, -2, -3, 6, -4, 6, -4, 6, -2, -4, -1, 3, -6, -6, -5, -5, 4, -2, 0, -1, -6, -3, 2, -1, -6, -6, 3, 6, 5, -6, -4, -3, 0, 4, 1, -4, 1, 5, -2, -5, -1, -5, -5, -4, 2, 1, 1, 3, -5, -1, -4, -1, -3, -1, -2, -2, 6, -1, 0, -5, -2, 3, 5, 4, -4, 2, -5, 0, -6, -1]
 
6.24837824746: [6, 3, 6, -2, -5, -2, 4, 0, -3, -6, 5, -5, 5, 0, 6, -3, 2, -6, -2, 4, 5, 4, -5, -1, -4, -1, -5, 0, -4, -6, -4, 5, 1, 5, 0, 6, -4, 4, -4, -1, 1, 0, -6, -2, 0, 4, -4, -5, -4, 2, 3, 4, -1, -4, 6, 0, 6, -5, 0, -2, -3, 6, -4, 6, -4, 6, -2, -4, -1, 3, -6, -6, -5, -5, 4, -2, 0, -1, -6, -3, 2, -1, -6, -6, 3, 6, 5, -6, -4, -3, 0, 4, 1, -4, 1, 5, -2, -5, -1, -5, -5, -4, 2, 1, 1, 3, -5, -1, -4, -1, -3, -1, -2, -2, 6, -1, 0, -5, -2, 3, 5, 4, -4, 2, -5, 0, -6, -1]
 
