2.36628456191: [1, -3, 0, 3, -5, -3, -6, -4, -4, -5, -6, -5, -3, -3, -5, -5, -5, -2, -2, 0, -7, -8, -3, -3, -7, 2, -6, 0, -4, -6, -3, -2, -4, -8, -4, 3, -2, 0, -1, -7, -4, -8, -7, -8, -8, -1, -7, -5, -8, 1, -6, 3, 0, -5, 3, 3, 4, -7, 1, -8, 4, -6, -2, -3, 3, 1, -1, 4, 0, -2, -3, -8, -4, -6, 3, -2, -3, 2, -3, 4, -3, -4, 3, -5, -2, -3, -7, 0, -8, -4, -3, -4, 0, -8, 3, -8, -3, -3, -8, 1, -6, -6, -3, 2, 1, 3, -5, -6, 0, -8, -7, -4, -8, -6, -7, -3, -3, 4, -8, 0, 2, -7, -1, -4, -2, -6, -7, -5]
 
1.35242196936: [1, -3, 0, 3, -5, -3, -6, -1, -4, -5, -6, -5, -3, -3, -5, 2, -5, -2, -2, 0, -7, -8, -3, -3, -7, 2, -6, 0, -4, -6, -3, -2, -4, -8, -4, 3, -2, 0, -1, -7, -4, -8, -7, -8, -8, -1, -7, -5, -8, 1, -6, 3, 0, -5, 3, 3, 4, -7, -7, -4, -2, 4, -5, -3, 3, 2, -5, 2, -6, 0, 3, -3, -7, -6, -5, 2, 1, -6, -4, 4, -3, -5, -6, -8, -2, -3, -7, 0, -8, -4, -3, -4, 0, -8, 3, -8, -3, -3, -8, 1, -6, -6, -3, 2, 1, 3, -5, -6, 0, -8, -7, -4, -8, -6, -7, -3, -3, 4, -8, 0, 2, -7, -1, -4, -2, -4, -7, -5]
 
2.68646595218: [1, -3, 0, 3, -5, -3, -6, -4, -4, -5, -6, -5, -3, -3, -5, -5, -5, -2, -2, 0, -7, -8, -3, -3, -7, 2, -6, 0, -4, -6, -3, -2, -4, -8, -4, 3, -2, 0, -1, -7, -4, -8, -7, -8, -8, -1, -7, -5, -8, 1, -6, 3, 0, -5, 3, 3, 4, -7, 1, -8, -2, -6, -2, -3, 3, 1, -1, 4, 0, -2, -3, -8, -4, -6, 3, -2, -3, 2, -3, 4, -3, -4, 3, -5, -2, -3, -7, 0, -8, -4, -3, -4, 0, -8, 3, -8, -3, -3, -8, 1, -7, -6, -3, 2, 1, 3, -5, -6, 0, -8, -7, -4, -8, -6, -7, -3, -3, 4, 0, 0, 2, -7, -1, -4, -2, -4, -7, -5]
 
2.58347431545: [1, -3, 0, 3, -5, -3, -6, -4, -4, -5, -6, -5, -3, -3, -5, -5, -5, -2, -2, 0, -7, -8, -3, -3, -7, 2, -6, 0, -4, -6, -3, -2, -4, -8, -4, 3, -2, 0, -1, -7, -4, -8, -7, -8, -8, -1, -7, -5, -8, 1, -6, 3, 0, -5, 3, 3, 4, -7, 1, -8, -2, -6, -2, -3, 3, 1, -1, 4, 0, -2, -3, -8, -4, -6, 3, -2, -3, 2, -3, 4, -3, -4, 3, -5, -2, -3, -7, 0, -8, -4, -3, -4, 0, -8, 3, -8, -3, -3, -8, 1, -7, -6, -3, 2, 1, 3, -5, -6, 0, -8, -7, -4, -8, -6, -7, -3, -3, 4, 0, 0, 2, -7, -1, -4, -2, -4, -7, -5]
 
1.75227249713: [1, -3, 0, 3, -5, -3, -6, -4, -4, -5, -6, -5, -3, -3, -5, -5, -5, -2, -2, 0, -7, -8, -3, -3, -7, 2, -6, 0, -4, -6, -3, -2, -4, -8, -4, 3, -2, 0, -1, -7, -4, -8, -7, -8, -8, -1, -7, -5, -8, 1, -6, 3, 0, -5, 3, 3, 4, -7, 1, -8, -2, -6, -2, -3, 3, 1, -1, 4, 0, -2, -3, -8, -4, -6, 3, -2, -3, 2, -3, 4, -3, -4, 3, -5, -2, -3, -7, 0, -8, -4, -3, -4, 0, -8, 3, -8, -3, -3, -8, 1, -7, -6, -3, 2, 1, 3, -5, -6, 0, -8, -7, -4, -8, -6, -7, -3, -3, 4, 0, 0, 2, -7, -1, -4, -2, -4, -7, -5]
 
2.77726363883: [1, -3, 0, 3, -5, -3, -6, -4, -4, -5, -6, -5, -3, -3, -5, -5, -5, -2, -2, 0, -3, -8, -3, -3, -7, 2, -6, 0, -4, -6, -3, -2, -4, -8, -4, 3, -2, 0, -1, -7, -4, -8, -7, -8, -8, -1, -7, -5, -8, 1, -6, 3, 0, -5, 3, 3, 4, -7, 1, -8, -2, -6, -2, -3, 3, 1, -1, 4, 0, -2, -3, -8, -4, -6, 3, -2, -3, 2, -3, 4, -3, -4, 3, -5, -2, -3, -7, 0, -8, -4, -3, -4, 0, -8, 3, -8, -3, -3, -8, 1, -7, -6, -3, 2, 1, 3, -5, -6, 0, -8, -7, -4, -8, -6, -7, -3, -3, 4, 0, 0, 2, -7, -1, -4, -2, -4, -7, -5]
 
1.90308673925: [1, -3, 0, 3, -5, -3, -6, -4, -4, -5, -6, -5, -3, -3, -5, -5, -5, -2, -2, 0, -7, -8, -3, -3, -7, 2, -6, 0, -4, -6, -3, -2, -4, -8, -4, 3, -2, 0, -1, -7, -4, -8, -7, -8, -8, -1, -7, -5, -8, 1, -6, 3, 0, -5, 3, 3, 4, -7, 1, -8, -2, -6, -2, -3, 3, 1, -1, 4, 0, -2, -3, -8, -4, -6, 3, -2, -3, 2, -3, 4, -3, -4, 3, -5, -2, -3, -7, 0, -8, -4, -3, -4, 0, -8, 3, -8, -3, -3, -8, 1, -7, -6, -3, 2, 1, 3, -5, -6, 0, -8, -7, -4, -8, -6, -7, -3, -3, 4, 0, 0, 2, -7, -1, -4, -2, -4, -7, -5]
 
2.7477808948: [1, -3, 0, 3, -5, -3, -6, -4, -4, -5, -6, -5, -3, -3, -5, -5, -5, -2, -2, 0, -7, -8, -3, -3, -7, 2, -6, 0, -4, -6, -3, -2, -4, -8, -4, 3, -2, 0, -1, -7, -4, -8, -7, -8, -8, -1, -7, -5, -8, 1, -6, 3, 0, -5, 3, 3, 4, -7, 1, -8, -2, -6, -2, -3, 3, 1, -1, 4, 0, -2, -3, -8, -4, -6, 3, -2, -3, 2, -3, 4, -3, -4, 3, -5, -2, -3, -7, 0, -8, -4, -3, -4, 0, -8, 3, -8, -3, -3, -8, 1, -6, -6, -3, 2, 1, 3, -5, -6, 0, -8, -7, -4, -8, -6, -7, -3, -3, 4, -8, 0, 2, -7, -1, -4, -2, -4, -7, -5]
 
