2.28854995885: [1, -3, 0, 3, -5, -3, -6, -4, -4, -5, -6, -5, -3, -3, -5, -5, -5, -2, -2, 0, -3, -8, -3, -3, -7, 2, -6, 0, -4, -6, -3, -2, -4, -8, -4, 3, -2, 0, -1, -7, -4, -8, -7, -8, -8, -1, -7, -5, -8, 1, -6, 3, 0, -5, 3, 3, 4, -7, 1, -8, -2, -6, -2, -3, 3, 1, -1, 4, 0, -2, -3, -8, -4, -6, 3, -2, -3, 2, -3, 4, -3, -4, 3, -5, -2, -3, -7, 0, -8, -4, -3, -4, 0, -8, -7, -8, -3, -3, -8, 1, -7, -6, -3, 2, 1, 3, -5, -6, 0, -8, -7, -4, -8, -6, -7, -3, -3, 4, 0, 0, 2, -7, -1, -4, -2, -4, -7, -5]
 
0.745276573678: [1, -3, 0, 3, -5, -3, -6, -4, -4, -5, -6, -5, -3, -3, -5, -5, -5, -2, -2, 0, -7, -8, -3, -3, -7, 2, -6, 0, -4, -6, -3, -2, -4, -8, -4, 3, -2, 0, -1, -7, -4, -8, -7, -8, -8, -1, -3, -1, -8, 1, -6, 3, 0, -5, 3, 3, 4, -7, 1, -8, 4, -6, -2, -3, 3, 1, -1, 4, 0, -2, -3, -8, -4, -6, 3, -2, -3, 2, -3, 4, -3, -4, 3, -5, -2, -3, -7, 0, -8, -4, -3, -4, 0, -8, 3, -8, -3, -3, -8, 1, 0, -6, -3, 2, 1, 3, -5, -6, 0, -8, -7, -4, -8, -6, -7, -3, -3, 4, 0, 0, 2, -7, -1, -4, -2, -4, -7, -5]
 
2.77726363883: [1, -3, 0, 3, -5, -3, -6, -4, -4, -5, -6, -5, -3, -3, -5, -5, -5, -2, -2, 0, -3, -8, -3, -3, -7, 2, -6, 0, -4, -6, -3, -2, -4, -8, -4, 3, -2, 0, -1, -7, -4, -8, -7, -8, -8, -1, -7, -5, -8, 1, -6, 3, 0, -5, 3, 3, 4, -7, 1, -8, -2, -6, -2, -3, 3, 1, -1, 4, 0, -2, -3, -8, -4, -6, 3, -2, -3, 2, -3, 4, -3, -4, 3, -5, -2, -3, -7, 0, -8, -4, -3, -4, 0, -8, 3, -8, -3, -3, -8, 1, -7, -6, -3, 2, 1, 3, -5, -6, 0, -8, -7, -4, -8, -6, -7, -3, -3, 4, 0, 0, 2, -7, -1, -4, -2, -4, -7, -5]
 
2.48425610591: [1, -3, 0, 3, -5, -3, -6, -4, -4, -5, -6, -5, -3, -3, -5, -5, -5, -2, -2, 0, -3, -8, -3, -3, -7, 2, -6, 0, -4, -6, -3, -2, -4, -8, -4, 3, -2, 0, -1, -7, -4, -8, -7, -8, -8, -1, -7, -5, -8, 1, -6, 3, 0, -5, 3, 3, 4, -7, 1, -8, -2, -6, -2, -3, 3, 1, -1, 4, 0, -2, -3, -8, -4, -6, 3, -2, -3, 2, -3, 4, -3, -4, 3, -5, -2, -3, -7, 0, -8, -4, -3, -4, 0, -8, 3, -8, -3, -3, -8, 1, -7, -6, -3, 2, 1, 3, -5, -6, 0, -8, -7, -4, -8, -6, -7, -3, -3, 4, 0, 0, 2, -7, -1, -4, -2, -4, -7, -5]
 
1.95670623752: [1, -3, 0, 3, -5, -3, -6, -4, -4, -5, -6, -5, -3, -3, -5, -5, -5, -2, -2, 0, -3, -8, -3, -3, -7, 2, -6, 0, -4, -6, -3, -2, -4, -8, -4, 3, -2, 0, -1, -7, -4, -8, -7, -8, -8, -1, -7, -5, -8, 1, -6, 3, 0, -5, 3, 3, 4, -7, 1, -8, -2, -6, -2, -3, 3, 1, -1, 4, 0, -2, -3, -8, -4, -6, 3, -2, -3, 2, -3, 4, -3, -4, 3, -5, -2, -3, -7, 0, -8, -4, -3, -4, 0, -8, 3, -8, -3, -3, -8, 1, -7, -6, -3, 2, 1, 3, -5, -6, 0, -8, -7, -4, -8, -6, -7, -3, -3, 4, 0, 0, 2, -7, -1, -4, -2, -4, -7, -5]
 
0.77021921605: [1, -3, 0, 3, -5, -3, -6, -4, -4, -5, -6, -5, -3, -3, -5, -5, -5, -2, -2, 0, -3, -8, -3, -3, -7, 2, -6, 0, -4, -6, -3, -2, -4, -8, -4, 3, -2, 0, -1, -7, -4, -8, -7, -8, -8, -1, -7, -5, -8, 1, -6, -3, 0, -5, 3, 3, 4, -7, 1, -8, -2, -6, -2, -3, 3, 1, 2, 4, 0, -2, -3, -8, -4, -6, 3, -2, -3, 2, -3, 4, -3, -4, 3, -5, -2, -3, -7, 0, -8, -4, -3, -4, 0, -8, 3, -8, -3, -3, -8, 1, -7, -6, -3, 2, 1, 3, -5, -6, 0, -8, -7, -4, -8, -6, -7, -3, -3, 4, 0, 0, 2, -7, -1, -4, -2, -4, -7, -5]
 
0.756258900847: [1, -3, 0, 3, -5, -3, -6, -4, -4, -5, -6, -5, -3, -3, -5, -5, -5, -2, -2, 0, -7, -8, -3, -3, -7, 2, -6, 0, -4, -6, -3, -2, -4, -8, -4, 3, -2, 0, -1, -7, -4, -8, -7, -8, -8, -1, -7, -1, -8, 1, -6, 3, 0, -5, 3, 3, 4, -7, 1, -8, 4, -6, -2, -3, 3, 1, -1, 4, 0, -2, -3, -8, -4, -6, 3, -2, -3, 2, -3, 4, -3, -4, 3, -5, -2, -3, -7, 0, -8, -4, -3, -4, 0, -8, 3, -8, -3, -3, -8, 1, -7, -6, -3, 2, 1, 3, -5, -6, 0, -8, -7, -4, -8, -6, -7, -3, -3, 4, 0, 0, 2, -7, -1, -4, -2, -4, -7, -5]
 
0.799101332907: [1, -3, 0, 3, -5, -3, -6, -4, -4, -5, -6, -5, -3, -3, -5, -5, -5, -2, -2, 0, -3, -8, -3, -3, -7, 2, -6, 0, -4, -6, -3, -2, -4, -8, -4, 3, -2, 0, -1, -7, -4, -8, -7, -8, -8, -1, -7, -5, -8, 1, -6, 3, 0, -5, 3, 3, 4, -7, 1, -8, -2, -6, -2, -3, 3, 1, -1, 4, 0, -2, -3, -8, -4, -6, 3, -2, -3, 2, -3, 4, -3, -4, 3, -5, -2, -3, -7, 0, -8, -4, -3, -4, 0, -8, 3, -8, -3, -3, -8, 1, 0, -6, -3, 2, 1, 3, -5, -6, 0, -8, -7, -4, -8, -6, -7, -3, -3, 4, 0, 0, 2, -7, -1, -4, -2, -4, -7, -5]
 
