5.803971234376921: [2, -1, 0, 1, -3, -5, 4, -3, -4, -1, 0, -7, -5, -2, -3, -8, -6, -2, -5, 3, 2, 0, -3, -2, -4, -5, 0, 0, -7, 0, -6, -6, -7, 2, 0, -1, -1, -4, -1, 4, -6, 4, -1, -2, -5, -6, -6, -8, 2, -2, 0, -7, -4, -6, 1, -4, -8, 2, -5, 0, 3, -4, -4, -1, -4, -1, -3, 1, -7, -3, 2, 1, 0, -2, 4, -4, -8, 2, 0, -8, 2, -4, 4, -4, -5, -4, 2, 3, -1, 2, -5, -6, 3, -4, -8, -8, 3, 3, 3, -8, -1, 1, 4, -1, -2, -8, -3, -1, -4, -2, -3, -7, -8, -4, 1, -4, -8, -4, -1, 4, 0, -4, 1, -1, -2, 2, -5, -7]
 
0.699700322221: [2, -1, -2, 1, -3, -5, 4, -2, -4, 4, -2, -7, -5, -2, -3, -8, -6, -2, -5, -7, 2, 0, -8, -2, -4, -5, 0, 0, -7, -2, -6, -3, -6, 2, 0, -1, -1, 3, -1, -2, -6, 4, -1, -2, -5, -6, -6, -3, 2, -2, 0, -7, -5, -6, 1, -4, -8, -1, -5, 2, 3, -4, -6, -6, -4, -7, -3, 1, -7, -3, 2, 1, -8, -2, -5, -4, -2, 2, 0, -8, 2, -4, 4, -2, -5, -4, -5, 3, -1, 2, -6, 4, 3, -4, -8, -8, 3, -6, 0, -8, -1, 1, 4, 2, 3, -8, -3, -1, -4, -4, -3, -7, -8, -4, 2, -4, -8, -4, -1, 4, 0, -4, 1, 3, -2, 2, -5, -7]
 
5.734295353976794: [2, -1, 0, 1, -3, -5, 4, -3, -4, -1, 0, -7, -5, -2, -3, -8, -6, -2, -5, 3, 2, 0, -3, -2, -4, -5, 0, 0, -7, 0, -6, -6, -7, 2, 0, -1, -1, -4, -1, 4, -6, 4, -1, -2, -5, -6, -6, -8, 2, -2, 0, -7, -4, -6, 1, -4, -8, 2, -5, 0, 3, -4, -4, -1, -4, -1, -3, 1, -7, -3, 2, 1, 0, -2, 4, -4, -8, 2, 0, -8, 2, -4, 4, -4, -5, -4, 2, 3, -1, 2, -5, -6, 3, -4, -8, -8, 3, 3, 3, -8, -1, 1, 4, -1, -2, -8, -3, -1, -4, -2, -3, -7, -8, -4, 1, -4, -8, -4, -1, 4, 0, -4, 1, -1, -2, 2, -5, -7]
 
5.71255480781566: [2, -1, 0, 1, -3, -5, 4, -3, -4, -1, 0, -7, -5, -2, -3, -8, -6, -2, -5, 3, 2, 0, -3, -2, -4, -5, 0, 0, -7, 0, -6, -6, -7, 2, 0, -1, -1, -4, -1, 4, -6, 4, -1, -2, -5, -6, -6, -8, 2, -2, 0, -7, -4, -6, 1, -4, -8, 2, -5, 0, 3, -4, -4, -1, -4, -1, -3, 1, -7, -3, 2, 1, 0, -2, 4, -4, -8, 2, 0, -8, 2, -4, 4, -4, -5, -4, 2, 3, -1, 2, -5, -6, 3, -4, -8, -8, 3, 3, 3, -8, -1, 1, 4, -1, -2, -8, -3, -1, -4, -2, -3, -7, -8, -4, 1, -4, -8, -4, -1, 4, 0, -4, 1, -1, -2, 2, -5, -7]
 
5.712403791970714: [2, -1, 0, 1, -3, -5, 4, -3, -4, -1, 0, -7, -5, -2, -3, -8, -6, -2, -5, 3, 2, 0, -3, -2, -4, -5, 0, 0, -7, 0, -6, -6, -7, 2, 0, -1, -1, -4, -1, 4, -6, 4, -1, -2, -5, -6, -6, -8, 2, -2, 0, -7, -4, -6, 1, -4, -8, 2, -5, 0, 3, -4, -4, -1, -4, -1, -3, 1, -7, -3, 2, 1, 0, -2, 4, -4, -8, 2, 0, -8, 2, -4, 4, -4, -5, -4, 2, 3, -1, 2, -5, -6, 3, -4, -8, -8, 3, 3, 3, -8, -1, 1, 4, -1, -2, -8, -3, -1, -4, -2, -3, -7, -8, -4, 1, -4, -8, -4, -1, 4, 0, -4, 1, -1, -2, 2, -5, -7]
 
0.975727484745: [2, -1, 1, 1, -3, -1, 0, -3, -4, -1, 0, -7, -5, -2, -3, -8, -6, -2, -5, 3, 2, 0, -3, -7, 1, -5, 0, 0, 1, 0, -6, -6, -7, 2, 0, -2, -4, -4, 3, 4, -6, -6, -1, -2, -5, -6, -6, -8, 2, -2, 0, -7, -4, -6, 1, -4, -8, 2, -5, 0, -7, -4, 4, -1, 3, -1, -3, 1, -7, -3, 2, 1, 0, -2, 4, 1, 1, 2, 0, -2, 2, -4, 4, -4, -5, -4, 2, 3, -1, 2, -5, -6, 3, -4, -8, 1, 3, 1, 3, -8, 4, 1, -4, -1, -1, -8, -8, -1, -4, -1, -2, -7, -8, -4, 1, -4, -8, -4, -1, 4, 0, -4, 1, -1, -2, 2, -5, -4]
 
5.691394534155981: [2, -1, 0, 1, -3, -5, 4, -3, -4, -1, 0, -7, -5, -2, -3, -8, -6, -2, -5, 3, 2, 0, -3, -2, -4, -5, 0, 0, -7, 0, -6, -6, -7, 2, 0, -1, -1, -4, -1, 4, -6, 4, -1, -2, -5, -6, -6, -8, 2, -2, 0, -7, -4, -6, 1, -4, -8, 2, -5, 0, 3, -4, -4, -1, -4, -1, -3, 1, -7, -3, 2, 1, 0, -2, 4, -4, -8, 2, 0, -8, 2, -4, 4, -4, -5, -4, 2, 3, -1, 2, -5, -6, 3, -4, -8, -8, 3, 3, 3, -8, -1, 1, 4, -1, -2, -8, -3, -1, -4, -2, -3, -7, -8, -4, 1, -4, -8, -4, -1, 4, 0, -4, 1, -1, -2, 2, -5, -7]
 
5.680296672178944: [2, -1, 0, 1, -3, -5, 4, -3, -4, -1, 0, -7, -5, -2, -3, -8, -6, -2, -5, 3, 2, 0, -3, -2, -4, -5, 0, 0, -7, 0, -6, -6, -7, 2, 0, -1, -1, -4, -1, 4, -6, 4, -1, -2, -5, -6, -6, -8, 2, -2, 0, -7, -4, -6, 1, -4, -8, 2, -5, 0, 3, -4, -4, -1, -4, -1, -3, 1, -7, -3, 2, 1, 0, -2, 4, -4, -8, 2, 0, -8, 2, -4, 4, -4, -5, -4, 2, 3, -1, 2, -5, -6, 3, -4, -8, -8, 3, 3, 3, -8, -1, 1, 4, -1, -2, -8, -3, -1, -4, -2, -3, -7, -8, -4, 1, -4, -8, -4, -1, 4, 0, -4, 1, -1, -2, 2, -5, -7]
 
0.582220453151: [2, -1, 0, 1, -6, -5, 4, -1, -4, -1, 0, -7, -5, -2, -3, 2, -6, -2, -5, 3, 2, 2, -3, -2, -4, -5, 0, -3, -7, 0, -6, -6, -7, 2, 0, -4, -3, -3, 2, 4, -6, -8, -1, -2, -5, -6, -6, -3, 2, -2, 0, -7, -6, -5, 1, -4, -8, 2, -5, 2, 3, -7, -4, -1, -8, -1, -3, 1, -7, 3, 2, 1, 0, -2, 0, -4, -8, 2, 0, -8, 2, -4, 4, -4, -5, -4, 2, 3, -1, 2, 1, -6, 3, 1, -8, -8, 3, 3, -6, -8, -1, 1, 4, -1, -2, -8, -3, -1, -4, -2, -3, -7, -1, -4, 1, 4, -8, -4, -1, 1, 0, -4, 1, -1, -2, 2, -5, -7]
 
5.652379515860636: [2, -1, 0, 1, -3, -5, 4, -3, -4, -1, 0, -7, -5, -2, -3, -8, -6, -2, -5, 3, 2, 0, -3, -2, -4, -5, 0, 0, -7, 0, -6, -6, -7, 2, 0, -1, -1, -4, -1, 4, -6, 4, -1, -2, -5, -6, -6, -8, 2, -2, 0, -7, -4, -6, 1, -4, -8, 2, -5, 0, 3, -4, -4, -1, -4, -1, -3, 1, -7, -3, 2, 1, 0, -2, 4, -4, -8, 2, 0, -8, 2, -4, 4, -4, -5, -4, 2, 3, -1, 2, -5, -6, 3, -4, -8, -8, 3, 3, 3, -8, -1, 1, 4, -1, -2, -8, -3, -1, -4, -2, -3, -7, -8, -4, 1, -4, -8, -4, -1, 4, 0, -4, 1, -1, -2, 2, -5, -7]
 
5.648122126599778: [2, -1, 0, 1, -3, -5, 4, -3, -4, -1, 0, -7, -5, -2, -3, -8, -6, -2, -5, 3, 2, 0, -3, -2, -4, -5, 0, 0, -7, 0, -6, -6, -7, 2, 0, -1, -1, -4, -1, 4, -6, 4, -1, -2, -5, -6, -6, -8, 2, -2, 0, -7, -4, -6, 1, -4, -8, 2, -5, 0, 3, -4, -4, -1, -4, -1, -3, 1, -7, -3, 2, 1, 0, -2, 4, -4, -8, 2, 0, -8, 2, -4, 4, -4, -5, -4, 2, 3, -1, 2, -5, -6, 3, -4, -8, -8, 3, 3, 3, -8, -1, 1, 4, -1, -2, -8, -3, -1, -4, -2, -3, -7, -8, -4, 1, -4, -8, -4, -1, 4, 0, -4, 1, -1, -2, 2, -5, -7]
 
5.637693729423587: [2, -1, 0, 1, -3, -5, 4, -3, -4, -1, 0, -7, -5, -2, -3, -8, -6, -2, -5, 3, 2, 0, -3, -2, -4, -5, 0, 0, -7, 0, -6, -6, -7, 2, 0, -1, -1, -4, -1, 4, -6, 4, -1, -2, -5, -6, -6, -8, 2, -2, 0, -7, -4, -6, 1, -4, -8, 2, -5, 0, 3, -4, -4, -1, -4, -1, -3, 1, -7, -3, 2, 1, 0, -2, 4, -4, -8, 2, 0, -8, 2, -4, 4, -4, -5, -4, 2, 3, -1, 2, -5, -6, 3, -4, -8, -8, 3, 3, 3, -8, -1, 1, 4, -1, -2, -8, -3, -1, -4, -2, -3, -7, -8, -4, 1, -4, -8, -4, -1, 4, 0, -4, 1, -1, -2, 2, -5, -7]
 
5.635394428571038: [2, -1, 0, 1, -3, -5, 4, -3, -4, -1, 0, -7, -5, -2, -3, -8, -6, -2, -5, 3, 2, 0, -3, -2, -4, -5, 0, 0, -7, 0, -6, -6, -7, 2, 0, -1, -1, -4, -1, 4, -6, 4, -1, -2, -5, -6, -6, -8, 2, -2, 0, -7, -4, -6, 1, -4, -8, 2, -5, 0, 3, -4, -4, -1, -4, -1, -3, 1, -7, -3, 2, 1, 0, -2, 4, -4, -8, 2, 0, -8, 2, -4, 4, -4, -5, -4, 2, 3, -1, 2, -5, -6, 3, -4, -8, -8, 3, 3, 3, -8, -1, 1, 4, -1, -2, -8, -3, -1, -4, -2, -3, -7, -8, -4, 1, -4, -8, -4, -1, 4, 0, -4, 1, -1, -2, 2, -5, -7]
 
1.47725922694: [2, -1, -6, 1, -3, -5, 4, -3, -4, -1, 0, -7, -5, -2, -3, -8, -6, -2, -1, 3, 2, -3, -3, -2, -4, -5, 0, 0, 2, -3, -6, -6, -7, -6, 0, -8, 4, -4, 2, 1, -6, 4, -1, -2, -5, -6, -1, -8, 2, -3, 0, 2, -4, -8, 4, -4, -8, 2, 0, 0, 3, -4, -4, -1, -4, -1, -3, -1, -7, 4, 2, 1, 0, 3, -5, -4, -8, 2, 0, -4, 2, -2, 4, -4, -5, -4, 2, 3, -1, 2, -5, -6, 3, 4, -8, -8, 3, -6, -3, -8, -1, 1, 4, -1, -2, -8, -2, -1, -5, -2, -5, -7, -8, -4, 0, -4, -8, -4, -1, 4, 0, -2, 1, -1, 2, 2, -5, -7]
 
5.630695107322677: [2, -1, 0, 1, -3, -5, 4, -3, -4, -1, 0, -7, -5, -2, -3, -8, -6, -2, -5, 3, 2, 0, -3, -2, -4, -5, 0, 0, -7, 0, -6, -6, -7, 2, 0, -1, -1, -4, -1, 4, -6, 4, -1, -2, -5, -6, -6, -8, 2, -2, 0, -7, -4, -6, 1, -4, -8, 2, -5, 0, 3, -4, -4, -1, -4, -1, -3, 1, -7, -3, 2, 1, 0, -2, 4, -4, -8, 2, 0, -8, 2, -4, 4, -4, -5, -4, 2, 3, -1, 2, -5, -6, 3, -4, -8, -8, 3, 3, 3, -8, -1, 1, 4, -1, -2, -8, -3, -1, -4, -2, -3, -7, -8, -4, 1, -4, -8, -4, -1, 4, 0, -4, 1, -1, -2, 2, -5, -7]
 
5.629128019902304: [2, -1, 0, 1, -3, -5, 4, -3, -4, -1, 0, -7, -5, -2, -3, -8, -6, -2, -5, 3, 2, 0, -3, -2, -4, -5, 0, 0, -7, 0, -6, -6, -7, 2, 0, -1, -1, -4, -1, 4, -6, 4, -1, -2, -5, -6, -6, -8, 2, -2, 0, -7, -4, -6, 1, -4, -8, 2, -5, 0, 3, -4, -4, -1, -4, -1, -3, 1, -7, -3, 2, 1, 0, -2, 4, -4, -8, 2, 0, -8, 2, -4, 4, -4, -5, -4, 2, 3, -1, 2, -5, -6, 3, -4, -8, -8, 3, 3, 3, -8, -1, 1, 4, -1, -2, -8, -3, -1, -4, -2, -3, -7, -8, -4, 1, -4, -8, -4, -1, 4, 0, -4, 1, -1, -2, 2, -5, -7]
 
5.6268601827693665: [2, -1, 0, 1, -3, -5, 4, -3, -4, -1, 0, -7, -5, -2, -3, -8, -6, -2, -5, 3, 2, 0, -3, -2, -4, -5, 0, 0, -7, 0, -6, -6, -7, 2, 0, -1, -1, -4, -1, 4, -6, 4, -1, -2, -5, -6, -6, -8, 2, -2, 0, -7, -4, -6, 1, -4, -8, 2, -5, 0, 3, -4, -4, -1, -4, -1, -3, 1, -7, -3, 2, 1, 0, -2, 4, -4, -8, 2, 0, -8, 2, -4, 4, -4, -5, -4, 2, 3, -1, 2, -5, -6, 3, -4, -8, -8, 3, 3, 3, -8, -1, 1, 4, -1, -2, -8, -3, -1, -4, -2, -3, -7, -8, -4, 1, -4, -8, -4, -1, 4, 0, -4, 1, -1, -2, 2, -5, -7]
 
2.73568206334: [0, 2, 0, 1, -3, -5, 1, -4, -4, -1, 0, -7, -5, -2, -3, 1, -6, -2, -5, 0, 2, 0, -3, -3, -4, -5, 0, 0, 1, 2, -6, -6, -7, -4, 0, -1, -1, -4, -1, 4, -6, 4, 0, -2, -8, -6, -6, -8, 2, -7, 0, -7, -4, -6, 1, -4, -5, 1, -5, 0, 1, -3, -4, -1, -2, -1, -3, 1, -7, -3, 3, -8, 0, -2, 4, -4, -8, 2, 0, -1, 2, -4, 4, -4, -5, -4, 2, 3, -1, 2, 0, 3, 3, -4, -8, -3, 3, 3, 3, -8, -1, 1, 4, -1, -2, 3, -4, -1, -4, -2, -6, -7, -8, -4, 1, -4, -8, -4, -1, 4, -2, -4, 1, -7, -6, 2, -5, -7]
 
2.57397423532: [2, -1, 0, 1, -2, -5, 4, -3, 4, -1, -7, -7, -5, -2, -3, -8, -6, -2, -5, 2, 2, 0, -3, 4, -4, -3, 0, 0, -7, 0, -6, -6, -7, 2, 0, -3, -1, -4, -1, 4, -6, 4, -1, -2, -5, -6, -5, -8, 2, -2, 0, -7, -3, -6, 1, -4, -8, 2, -5, 0, 3, -2, -4, -1, -4, -1, -8, 1, -4, -3, 2, 1, 0, -2, -6, -4, -4, 2, 0, -8, 4, -4, 4, -4, -5, -7, 2, 3, -1, 2, -5, -5, 1, -4, -8, -8, 3, 3, -8, -8, -1, 0, 2, -1, 2, -8, -3, -1, 3, -6, -3, 0, -8, -3, 4, -4, -8, -4, 3, 4, 0, -4, 3, -5, -2, 2, -5, -7]
 
5.616136702349912: [2, -1, 0, 1, -3, -5, 4, -3, -4, -1, 0, -7, -5, -2, -3, -8, -6, -2, -5, 3, 2, 0, -3, -2, -4, -5, 0, 0, -7, 0, -6, -6, -7, 2, 0, -1, -1, -4, -1, 4, -6, 4, -1, -2, -5, -6, -6, -8, 2, -2, 0, -7, -4, -6, 1, -4, -8, 2, -5, 0, 3, -4, -4, -1, -4, -1, -3, 1, -7, -3, 2, 1, 0, -2, 4, -4, -8, 2, 0, -8, 2, -4, 4, -4, -5, -4, 2, 3, -1, 2, -5, -6, 3, -4, -8, -8, 3, 3, 3, -8, -1, 1, 4, -1, -2, -8, -3, -1, -4, -2, -3, -7, -8, -4, 1, -4, -8, -4, -1, 4, 0, -4, 1, -1, -2, 2, -5, -7]
 
5.611777564415378: [2, -1, 0, 1, -3, -5, 4, -3, -4, -1, 0, -7, -5, -2, -3, -8, -6, -2, -5, 3, 2, 0, -3, -2, -4, -5, 0, 0, -7, 0, -6, -6, -7, 2, 0, -1, -1, -4, -1, 4, -6, 4, -1, -2, -5, -6, -6, -8, 2, -2, 0, -7, -4, -6, 1, -4, -8, 2, -5, 0, 3, -4, -4, -1, -4, -1, -3, 1, -7, -3, 2, 1, 0, -2, 4, -4, -8, 2, 0, -8, 2, -4, 4, -4, -5, -4, 2, 3, -1, 2, -5, -6, 3, -4, -8, -8, 3, 3, 3, -8, -1, 1, 4, -1, -2, -8, -3, -1, -4, -2, -3, -7, -8, -4, 1, -4, -8, -4, -1, 4, 0, -4, 1, -1, -2, 2, -5, -7]
 
5.611304805208741: [2, -1, 0, 1, -3, -5, 4, -3, -4, -1, 0, -7, -5, -2, -3, -8, -6, -2, -5, 3, 2, 0, -3, -2, -4, -5, 0, 0, -7, 0, -6, -6, -7, 2, 0, -1, -1, -4, -1, 4, -6, 4, -1, -2, -5, -6, -6, -8, 2, -2, 0, -7, -4, -6, 1, -4, -8, 2, -5, 0, 3, -4, -4, -1, -4, -1, -3, 1, -7, -3, 2, 1, 0, -2, 4, -4, -8, 2, 0, -8, 2, -4, 4, -4, -5, -4, 2, 3, -1, 2, -5, -6, 3, -4, -8, -8, 3, 3, 3, -8, -1, 1, 4, -1, -2, -8, -3, -1, -4, -2, -3, -7, -8, -4, 1, -4, -8, -4, -1, 4, 0, -4, 1, -1, -2, 2, -5, -7]
 
5.605535760544142: [2, -1, 0, 1, -3, -5, 4, -3, -4, -1, 0, -7, -5, -2, -3, -8, -6, -2, -5, 3, 2, 0, -3, -2, -4, -5, 0, 0, -7, 0, -6, -6, -7, 2, 0, -1, -1, -4, -1, 4, -6, 4, -1, -2, -5, -6, -6, -8, 2, -2, 0, -7, -4, -6, 1, -4, -8, 2, -5, 0, 3, -4, -4, -1, -4, -1, -3, 1, -7, -3, 2, 1, 0, -2, 4, -4, -8, 2, 0, -8, 2, -4, 4, -4, -5, -4, 2, 3, -1, 2, -5, -6, 3, -4, -8, -8, 3, 3, 3, -8, -1, 1, 4, -1, -2, -8, -3, -1, -4, -2, -3, -7, -8, -4, 1, -4, -8, -4, -1, 4, 0, -4, 1, -1, -2, 2, -5, -7]
 
5.600063435065699: [2, -1, 0, 1, -3, -5, 4, -3, -4, -1, 0, -7, -5, -2, -3, -8, -6, -2, -5, 3, 2, 0, -3, -2, -4, -5, 0, 0, -7, 0, -6, -6, -7, 2, 0, -1, -1, -4, -1, 4, -6, 4, -1, -2, -5, -6, -6, -8, 2, -2, 0, -7, -4, -6, 1, -4, -8, 2, -5, 0, 3, -4, -4, -1, -4, -1, -3, 1, -7, -3, 2, 1, 0, -2, 4, -4, -8, 2, 0, -8, 2, -4, 4, -4, -5, -4, 2, 3, -1, 2, -5, -6, 3, -4, -8, -8, 3, 3, 3, -8, -1, 1, 4, -1, -2, -8, -3, -1, -4, -2, -3, -7, -8, -4, 1, -4, -8, -4, -1, 4, 0, -4, 1, -1, -2, 2, -5, -7]
 
5.598343940352203: [2, -1, 0, 1, -3, -5, 4, -3, -4, -1, 0, -7, -5, -2, -3, -8, -6, -2, -5, 3, 2, 0, -3, -2, -4, -5, 0, 0, -7, 0, -6, -6, -7, 2, 0, -1, -1, -4, -1, 4, -6, 4, -1, -2, -5, -6, -6, -8, 2, -2, 0, -7, -4, -6, 1, -4, -8, 2, -5, 0, 3, -4, -4, -1, -4, -1, -3, 1, -7, -3, 2, 1, 0, -2, 4, -4, -8, 2, 0, -8, 2, -4, 4, -4, -5, -4, 2, 3, -1, 2, -5, -6, 3, -4, -8, -8, 3, 3, 3, -8, -1, 1, 4, -1, -2, -8, -3, -1, -4, -2, -3, -7, -8, -4, 1, -4, -8, -4, -1, 4, 0, -4, 1, -1, -2, 2, -5, -7]
 
5.597979689031671: [2, -1, 0, 1, -3, -5, 4, -3, -4, -1, 0, -7, -5, -2, -3, -8, -6, -2, -5, 3, 2, 0, -3, -2, -4, -5, 0, 0, -7, 0, -6, -6, -7, 2, 0, -1, -1, -4, -1, 4, -6, 4, -1, -2, -5, -6, -6, -8, 2, -2, 0, -7, -4, -6, 1, -4, -8, 2, -5, 0, 3, -4, -4, -1, -4, -1, -3, 1, -7, -3, 2, 1, 0, -2, 4, -4, -8, 2, 0, -8, 2, -4, 4, -4, -5, -4, 2, 3, -1, 2, -5, -6, 3, -4, -8, -8, 3, 3, 3, -8, -1, 1, 4, -1, -2, -8, -3, -1, -4, -2, -3, -7, -8, -4, 1, -4, -8, -4, -1, 4, 0, -4, 1, -1, -2, 2, -5, -7]
 
5.594788704637051: [2, -1, 0, 1, -3, -5, 4, -3, -4, -1, 0, -7, -5, -2, -3, -8, -6, -2, -5, 3, 2, 0, -3, -2, -4, -5, 0, 0, -7, 0, -6, -6, -7, 2, 0, -1, -1, -4, -1, 4, -6, 4, -1, -2, -5, -6, -6, -8, 2, -2, 0, -7, -4, -6, 1, -4, -8, 2, -5, 0, 3, -4, -4, -1, -4, -1, -3, 1, -7, -3, 2, 1, 0, -2, 4, -4, -8, 2, 0, -8, 2, -4, 4, -4, -5, -4, 2, 3, -1, 2, -5, -6, 3, -4, -8, -8, 3, 3, 3, -8, -1, 1, 4, -1, -2, -8, -3, -1, -4, -2, -3, -7, -8, -4, 1, -4, -8, -4, -1, 4, 0, -4, 1, -1, -2, 2, -5, -7]
 
5.589191220501833: [2, -1, 0, 1, -3, -5, 4, -3, -4, -1, 0, -7, -5, -2, -3, -8, -6, -2, -5, 3, 2, 0, -3, -2, -4, -5, 0, 0, -7, 0, -6, -6, -7, 2, 0, -1, -1, -4, -1, 4, -6, 4, -1, -2, -5, -6, -6, -8, 2, -2, 0, -7, -4, -6, 1, -4, -8, 2, -5, 0, 3, -4, -4, -1, -4, -1, -3, 1, -7, -3, 2, 1, 0, -2, 4, -4, -8, 2, 0, -8, 2, -4, 4, -4, -5, -4, 2, 3, -1, 2, -5, -6, 3, -4, -8, -8, 3, 3, 3, -8, -1, 1, 4, -1, -2, -8, -3, -1, -4, -2, -3, -7, -8, -4, 1, -4, -8, -4, -1, 4, 0, -4, 1, -1, -2, 2, -5, -7]
 
5.589091085874131: [2, -1, 0, 1, -3, -5, 4, -3, -4, -1, 0, -7, -5, -2, -3, -8, -6, -2, -5, 3, 2, 0, -3, -2, -4, -5, 0, 0, -7, 0, -6, -6, -7, 2, 0, -1, -1, -4, -1, 4, -6, 4, -1, -2, -5, -6, -6, -8, 2, -2, 0, -7, -4, -6, 1, -4, -8, 2, -5, 0, 3, -4, -4, -1, -4, -1, -3, 1, -7, -3, 2, 1, 0, -2, 4, -4, -8, 2, 0, -8, 2, -4, 4, -4, -5, -4, 2, 3, -1, 2, -5, -6, 3, -4, -8, -8, 3, 3, 3, -8, -1, 1, 4, -1, -2, -8, -3, -1, -4, -2, -3, -7, -8, -4, 1, -4, -8, -4, -1, 4, 0, -4, 1, -1, -2, 2, -5, -7]
 
5.584631808342238: [2, -1, 0, 1, -3, -5, 4, -3, -4, -1, 0, -7, -5, -2, -3, -8, -6, -2, -5, 3, 2, 0, -3, -2, -4, -5, 0, 0, -7, 0, -6, -6, -7, 2, 0, -1, -1, -4, -1, 4, -6, 4, -1, -2, -5, -6, -6, -8, 2, -2, 0, -7, -4, -6, 1, -4, -8, 2, -5, 0, 3, -4, -4, -1, -4, -1, -3, 1, -7, -3, 2, 1, 0, -2, 4, -4, -8, 2, 0, -8, 2, -4, 4, -4, -5, -4, 2, 3, -1, 2, -5, -6, 3, -4, -8, -8, 3, 3, 3, -8, -1, 1, 4, -1, -2, -8, -3, -1, -4, -2, -3, -7, -8, -4, 1, -4, -8, -4, -1, 4, 0, -4, 1, -1, -2, 2, -5, -7]
 
5.579913167416162: [2, -1, 0, 1, -3, -5, 4, -3, -4, -1, 0, -7, -5, -2, -3, -8, -6, -2, -5, 3, 2, 0, -3, -2, -4, -5, 0, 0, -7, 0, -6, -6, -7, 2, 0, -1, -1, -4, -1, 4, -6, 4, -1, -2, -5, -6, -6, -8, 2, -2, 0, -7, -4, -6, 1, -4, -8, 2, -5, 0, 3, -4, -4, -1, -4, -1, -3, 1, -7, -3, 2, 1, 0, -2, 4, -4, -8, 2, 0, -8, 2, -4, 4, -4, -5, -4, 2, 3, -1, 2, -5, -6, 3, -4, -8, -8, 3, 3, 3, -8, -1, 1, 4, -1, -2, -8, -3, -1, -4, -2, -3, -7, -8, -4, 1, -4, -8, -4, -1, 4, 0, -4, 1, -1, -2, 2, -5, -7]
 
5.577669485230298: [2, -1, 0, 1, -3, -5, 4, -3, -4, -1, 0, -7, -5, -2, -3, -8, -6, -2, -5, 3, 2, 0, -3, -2, -4, -5, 0, 0, -7, 0, -6, -6, -7, 2, 0, -1, -1, -4, -1, 4, -6, 4, -1, -2, -5, -6, -6, -8, 2, -2, 0, -7, -4, -6, 1, -4, -8, 2, -5, 0, 3, -4, -4, -1, -4, -1, -3, 1, -7, -3, 2, 1, 0, -2, 4, -4, -8, 2, 0, -8, 2, -4, 4, -4, -5, -4, 2, 3, -1, 2, -5, -6, 3, -4, -8, -8, 3, 3, 3, -8, -1, 1, 4, -1, -2, -8, -3, -1, -4, -2, -3, -7, -8, -4, 1, -4, -8, -4, -1, 4, 0, -4, 1, -1, -2, 2, -5, -7]
 
5.58825528741: [2, -1, 0, 1, -3, -5, 4, -3, -4, -1, 0, -7, -5, -2, -3, -8, -6, -2, -5, 3, 2, 0, -3, -2, -4, -5, 0, 0, -7, 0, -6, -6, -7, 2, 0, -1, -1, -4, -1, 4, -6, 4, -1, -2, -5, -6, -6, -8, 2, -2, 0, -7, -4, -6, 1, -4, -8, 2, -5, 0, 3, -4, -4, -1, -4, -1, -3, 1, -7, -3, 2, 1, 0, -2, 4, -4, -8, 2, 0, -8, 2, -4, 4, -4, -5, -4, 2, 3, -1, 2, -5, -6, 3, -4, -8, -8, 3, 3, 3, -8, -1, 1, 4, -1, -2, -8, -3, -1, -4, -2, -3, -7, -8, -4, 1, -4, -8, -4, -1, 4, 0, -4, 1, -1, -2, 2, -5, -7]
 
0.505559245245: [-8, -1, 0, 1, 2, -5, 4, -3, -4, -1, 0, -7, -5, -2, -1, -8, -2, -7, -5, 3, 3, -8, -3, -3, -4, -5, 0, 0, -7, 0, 1, -6, -7, 2, -5, -1, -2, -2, -1, 4, -6, 4, -1, -8, -5, -6, -6, -8, 2, -2, 0, -7, -4, -6, 1, -4, -8, 2, -6, 0, 3, -4, -4, -1, -4, -1, 0, 1, -7, -2, 2, 1, 0, -6, 4, -4, -8, 2, 0, -8, 0, -4, 4, -4, -5, -5, 2, 3, -1, 2, 1, -6, 3, -4, -8, 2, 3, -4, 3, -8, -7, 1, -6, -1, -2, -8, -6, -1, 1, -2, -3, -7, -6, -4, 1, -4, -8, -3, -1, 4, -6, -4, 3, -1, -2, -7, -5, 4]
 
5.48771959282: [2, -1, 0, 1, -3, -5, 4, -3, -4, -1, 0, -7, -5, -2, -3, -8, -6, -2, -5, 3, 2, 0, -3, -2, -4, -5, 0, 0, -7, 0, -6, -6, -7, 2, 0, -1, -1, -4, -1, 4, -6, 4, -1, -2, -5, -6, -6, -8, 2, -2, 0, -7, -4, -6, 1, -4, -8, 2, -5, 0, 3, -4, -4, -1, -4, -1, -3, 1, -7, -3, 2, 1, 0, -2, 4, -4, -8, 2, 0, -8, 2, -4, 4, -4, -5, -4, 2, 3, -1, 2, -5, -6, 3, -4, -8, -8, 3, 3, 3, -8, -1, 1, 4, -1, -2, -8, -3, -1, -4, -2, -3, -7, -8, -4, 1, -4, -8, -4, -1, 4, 0, -4, 1, -1, -2, 2, -5, -7]
 
0.882951256569: [-2, -1, 0, 1, -3, -5, 4, -3, 4, -4, 0, -7, -5, -5, -8, -8, -6, -2, -5, 3, 4, 0, -3, -2, -4, -5, -3, 0, -6, 0, -6, -6, -7, 2, -2, 2, -1, -4, -1, 4, 1, -6, 0, 1, -5, -5, -2, -8, 2, -2, -5, -7, -4, -6, 1, -4, -8, 2, 1, 0, 3, -5, -7, -1, -4, 4, -3, 1, -7, -4, 2, 1, 0, -7, -2, -1, -8, 2, 0, -8, 2, -4, 4, -4, -5, -4, 2, 3, -1, 2, -5, -6, 3, -5, -8, -8, 4, 3, -2, -8, -1, -1, 4, -1, -2, -8, -3, -1, -7, -2, -3, 3, -8, -4, 1, -4, -8, -4, -6, 4, 0, -4, 1, 4, -2, 2, -5, 0]
 
5.57497715184: [2, -1, 0, 1, -3, -5, 4, -3, -4, -1, 0, -7, -5, -2, -3, -8, -6, -2, -5, 3, 2, 0, -3, -2, -4, -5, 0, 0, -7, 0, -6, -6, -7, 2, 0, -1, -1, -4, -1, 4, -6, 4, -1, -2, -5, -6, -6, -8, 2, -2, 0, -7, -4, -6, 1, -4, -8, 2, -5, 0, 3, -4, -4, -1, -4, -1, -3, 1, -7, -3, 2, 1, 0, -2, 4, -4, -8, 2, 0, -8, 2, -4, 4, -4, -5, -4, 2, 3, -1, 2, -5, -6, 3, -4, -8, -8, 3, 3, 3, -8, -1, 1, 4, -1, -2, -8, -3, -1, -4, -2, -3, -7, -8, -4, 1, -4, -8, -4, -1, 4, 0, -4, 1, -1, -2, 2, -5, -7]
 
5.47921369202: [2, -1, 0, 1, -3, -5, 4, -3, -4, -1, 0, -7, -5, -2, -3, -8, -6, -2, -5, 3, 2, 0, -3, -2, -4, -5, 0, 0, -7, 0, -6, -6, -7, 2, 0, -1, -1, -4, -1, 4, -6, 4, -1, -2, -5, -6, -6, -8, 2, -2, 0, -7, -4, -6, 1, -4, -8, 2, -5, 0, 3, -4, -4, -1, -4, -1, -3, 1, -7, -3, 2, 1, 0, -2, 4, -4, -8, 2, 0, -8, 2, -4, 4, -4, -5, -4, 2, 3, -1, 2, -5, -6, 3, -4, -8, -8, 3, 3, 3, -8, -1, 1, 4, -1, -2, -8, -3, -1, -4, -2, -3, -7, -8, -4, 1, -4, -8, -4, -1, 4, 0, -4, 1, -1, -2, 2, -5, -7]
 
5.55110074517: [2, -1, 0, 1, -3, -5, 4, -3, -4, -1, 0, -7, -5, -2, -3, -8, -6, -2, -5, 3, 2, 0, -3, -2, -4, -5, 0, 0, -7, 0, -6, -6, -7, 2, 0, -1, -1, -4, -1, 4, -6, 4, -1, -2, -5, -6, -6, -8, 2, -2, 0, -7, -4, -6, 1, -4, -8, 2, -5, 0, 3, -4, -4, -1, -4, -1, -3, 1, -7, -3, 2, 1, 0, -2, 4, -4, -8, 2, 0, -8, 2, -4, 4, -4, -5, -4, 2, 3, -1, 2, -5, -6, 3, -4, -8, -8, 3, 3, 3, -8, -1, 1, 4, -1, -2, -8, -3, -1, -4, -2, -3, -7, -8, -4, 1, -4, -8, -4, -1, 4, 0, -4, 1, -1, -2, 2, -5, -7]
 
5.56052073548: [2, -1, 0, 1, -3, -5, 4, -3, -4, -1, 0, -7, -5, -2, -3, -8, -6, -2, -5, 3, 2, 0, -3, -2, -4, -5, 0, 0, -7, 0, -6, -6, -7, 2, 0, -1, -1, -4, -1, 4, -6, 4, -1, -2, -5, -6, -6, -8, 2, -2, 0, -7, -4, -6, 1, -4, -8, 2, -5, 0, 3, -4, -4, -1, -4, -1, -3, 1, -7, -3, 2, 1, 0, -2, 4, -4, -8, 2, 0, -8, 2, -4, 4, -4, -5, -4, 2, 3, -1, 2, -5, -6, 3, -4, -8, -8, 3, 3, 3, -8, -1, 1, 4, -1, -2, -8, -3, -1, -4, -2, -3, -7, -8, -4, 1, -4, -8, -4, -1, 4, 0, -4, 1, -1, -2, 2, -5, -7]
 
5.47309598965: [2, -1, 0, 1, -3, -5, 4, -3, -4, -1, 0, -7, -5, -2, -3, -8, -6, -2, -5, 3, 2, 0, -3, -2, -4, -5, 0, 0, -7, 0, -6, -6, -7, 2, 0, -1, -1, -4, -1, 4, -6, 4, -1, -2, -5, -6, -6, -8, 2, -2, 0, -7, -4, -6, 1, -4, -8, 2, -5, 0, 3, -4, -4, -1, -4, -1, -3, 1, -7, -3, 2, 1, 0, -2, 4, -4, -8, 2, 0, -8, 2, -4, 4, -4, -5, -4, 2, 3, -1, 2, -5, -6, 3, -4, -8, -8, 3, 3, 3, -8, -1, 1, 4, -1, -2, -8, -3, -1, -4, -2, -3, -7, -8, -4, 1, -4, -8, -4, -1, 4, 0, -4, 1, -1, -2, 2, -5, -7]
 
2.79986561735: [-3, -1, -5, 1, -3, 2, 4, -3, -4, -1, 1, -4, -5, -2, -8, -4, -5, -2, -5, 3, 2, 0, -7, -2, -4, -5, -5, 1, -2, 0, -6, 2, -1, 2, 0, -1, -1, -4, -1, 4, -6, 4, -1, -2, -5, -6, -6, -4, 2, -2, 0, -7, -4, -6, 1, -4, -8, 2, -5, 3, 3, -4, -4, 2, -4, -6, -3, 1, -7, -3, 2, 1, 0, -2, 4, -4, -8, 2, 3, -8, 2, -4, 4, -4, 0, -4, 2, 3, 3, -8, 1, -6, 3, 3, -8, -8, 3, 3, 3, 2, -1, 1, 4, -1, 0, -8, -3, 3, -4, -2, -4, -7, -8, -4, 1, -4, -8, -4, -4, 4, 0, -4, 1, -1, -2, -4, -4, -4]
 
5.28615704047: [2, -1, 0, 1, -3, -5, 4, -3, -4, -1, 0, -7, -5, -2, -3, -8, -6, -2, -5, 3, 2, 0, -3, -2, -4, -5, 0, 0, -7, 0, -6, -6, -7, 2, 0, -1, -1, -4, -1, 4, -6, 4, -1, -2, -5, -6, -6, -8, 2, -2, 0, -7, -4, -6, 1, -4, -8, 2, -5, 0, 3, -4, -4, -1, -4, -1, -3, 1, -7, -3, 2, 1, 0, -2, 4, -4, -8, 2, 0, -8, 2, -4, 4, -4, -5, -4, 2, 3, -1, 2, -5, -6, 3, -4, -8, -8, 3, 3, 3, -8, -1, 1, 4, -1, -2, -8, -3, -1, -4, -2, -3, -7, -8, -4, 1, -4, -8, -4, -1, 4, 0, -4, 1, -1, -2, 2, -5, -7]
 
5.47077104533: [2, -1, 0, 1, -3, -5, 4, -3, -4, -1, 0, -7, -5, -2, -3, -8, -6, -2, -5, 3, 2, 0, -3, -2, -4, -5, 0, 0, -7, 0, -6, -6, -7, 2, 0, -1, -1, -4, -1, 4, -6, 4, -1, -2, -5, -6, -6, -8, 2, -2, 0, -7, -4, -6, 1, -4, -8, 2, -5, 0, 3, -4, -4, -1, -4, -1, -3, 1, -7, -3, 2, 1, 0, -2, 4, -4, -8, 2, 0, -8, 2, -4, 4, -4, -5, -4, 2, 3, -1, 2, -5, -6, 3, -4, -8, -8, 3, 3, 3, -8, -1, 1, 4, -1, -2, -8, -3, -1, -4, -2, -3, -7, -8, -4, 1, -4, -8, -4, -1, 4, 0, -4, 1, -1, -2, 2, -5, -7]
 
5.55638284932: [2, -1, 0, 1, -3, -5, 4, -3, -4, -1, 0, -7, -5, -2, -3, -8, -6, -2, -5, 3, 2, 0, -3, -2, -4, -5, 0, 0, -7, 0, -6, -6, -7, 2, 0, -1, -1, -4, -1, 4, -6, 4, -1, -2, -5, -6, -6, -8, 2, -2, 0, -7, -4, -6, 1, -4, -8, 2, -5, 0, 3, -4, -4, -1, -4, -1, -3, 1, -7, -3, 2, 1, 0, -2, 4, -4, -8, 2, 0, -8, 2, -4, 4, -4, -5, -4, 2, 3, -1, 2, -5, -6, 3, -4, -8, -8, 3, 3, 3, -8, -1, 1, 4, -1, -2, -8, -3, -1, -4, -2, -3, -7, -8, -4, 1, -4, -8, -4, -1, 4, 0, -4, 1, -1, -2, 2, -5, -7]
 
5.55815611119: [2, -1, 0, 1, -3, -5, 4, -3, -4, -1, 0, -7, -5, -2, -3, -8, -6, -2, -5, 3, 2, 0, -3, -2, -4, -5, 0, 0, -7, 0, -6, -6, -7, 2, 0, -1, -1, -4, -1, 4, -6, 4, -1, -2, -5, -6, -6, -8, 2, -2, 0, -7, -4, -6, 1, -4, -8, 2, -5, 0, 3, -4, -4, -1, -4, -1, -3, 1, -7, -3, 2, 1, 0, -2, 4, -4, -8, 2, 0, -8, 2, -4, 4, -4, -5, -4, 2, 3, -1, 2, -5, -6, 3, -4, -8, -8, 3, 3, 3, -8, -1, 1, 4, -1, -2, -8, -3, -1, -4, -2, -3, -7, -8, -4, 1, -4, -8, -4, -1, 4, 0, -4, 1, -1, -2, 2, -5, -7]
 
5.65544759259: [2, -1, 0, 1, -3, -5, 4, -3, -4, -1, 0, -7, -5, -2, -3, -8, -6, -2, -5, 3, 2, 0, -3, -2, -4, -5, 0, 0, -7, 0, -6, -6, -7, 2, 0, -1, -1, -4, -1, 4, -6, 4, -1, -2, -5, -6, -6, -8, 2, -2, 0, -7, -4, -6, 1, -4, -8, 2, -5, 0, 3, -4, -4, -1, -4, -1, -3, 1, -7, -3, 2, 1, 0, -2, 4, -4, -8, 2, 0, -8, 2, -4, 4, -4, -5, -4, 2, 3, -1, 2, -5, -6, 3, -4, -8, -8, 3, 3, 3, -8, -1, 1, 4, -1, -2, -8, -3, -1, -4, -2, -3, -7, -8, -4, 1, -4, -8, -4, -1, 4, 0, -4, 1, -1, -2, 2, -5, -7]
 
5.50364552673: [2, -1, 0, 1, -3, -5, 4, -3, -4, -1, 0, -7, -5, -2, -3, -8, -6, -2, -5, 3, 2, 0, -3, -2, -4, -5, 0, 0, -7, 0, -6, -6, -7, 2, 0, -1, -1, -4, -1, 4, -6, 4, -1, -2, -5, -6, -6, -8, 2, -2, 0, -7, -4, -6, 1, -4, -8, 2, -5, 0, 3, -4, -4, -1, -4, -1, -3, 1, -7, -3, 2, 1, 0, -2, 4, -4, -8, 2, 0, -8, 2, -4, 4, -4, -5, -4, 2, 3, -1, 2, -5, -6, 3, -4, -8, -8, 3, 3, 3, -8, -1, 1, 4, -1, -2, -8, -3, -1, -4, -2, -3, -7, -8, -4, 1, -4, -8, -4, -1, 4, 0, -4, 1, -1, -2, 2, -5, -7]
 
5.7130228604: [2, -1, 0, 1, -3, -5, 4, -3, -4, -1, 0, -7, -5, -2, -3, -8, -6, -2, -5, 3, 2, 0, -3, -2, -4, -5, 0, 0, -7, 0, -6, -6, -7, 2, 0, -1, -1, -4, -1, 4, -6, 4, -1, -2, -5, -6, -6, -8, 2, -2, 0, -7, -4, -6, 1, -4, -8, 2, -5, 0, 3, -4, -4, -1, -4, -1, -3, 1, -7, -3, 2, 1, 0, -2, 4, -4, -8, 2, 0, -8, 2, -4, 4, -4, -5, -4, 2, 3, -1, 2, -5, -6, 3, -4, -8, -8, 3, 3, 3, -8, -1, 1, 4, -1, -2, -8, -3, -1, -4, -2, -3, -7, -8, -4, 1, -4, -8, -4, -1, 4, 0, -4, 1, -1, -2, 2, -5, -7]
 
5.62834606118: [2, -1, 0, 1, -3, -5, 4, -3, -4, -1, 0, -7, -5, -2, -3, -8, -6, -2, -5, 3, 2, 0, -3, -2, -4, -5, 0, 0, -7, 0, -6, -6, -7, 2, 0, -1, -1, -4, -1, 4, -6, 4, -1, -2, -5, -6, -6, -8, 2, -2, 0, -7, -4, -6, 1, -4, -8, 2, -5, 0, 3, -4, -4, -1, -4, -1, -3, 1, -7, -3, 2, 1, 0, -2, 4, -4, -8, 2, 0, -8, 2, -4, 4, -4, -5, -4, 2, 3, -1, 2, -5, -6, 3, -4, -8, -8, 3, 3, 3, -8, -1, 1, 4, -1, -2, -8, -3, -1, -4, -2, -3, -7, -8, -4, 1, -4, -8, -4, -1, 4, 0, -4, 1, -1, -2, 2, -5, -7]
 
5.39840619828: [2, -1, 0, 1, -3, -5, 4, -3, -4, -1, 0, -7, -5, -2, -3, -8, -6, -2, -5, 3, 2, 0, -3, -2, -4, -5, 0, 0, -7, 0, -6, -6, -7, 2, 0, -1, -1, -4, -1, 4, -6, 4, -1, -2, -5, -6, -6, -8, 2, -2, 0, -7, -4, -6, 1, -4, -8, 2, -5, 0, 3, -4, -4, -1, -4, -1, -3, 1, -7, -3, 2, 1, 0, -2, 4, -4, -8, 2, 0, -8, 2, -4, 4, -4, -5, -4, 2, 3, -1, 2, -5, -6, 3, -4, -8, -8, 3, 3, 3, -8, -1, 1, 4, -1, -2, -8, -3, -1, -4, -2, -3, -7, -8, -4, 1, -4, -8, -4, -1, 4, 0, -4, 1, -1, -2, 2, -5, -7]
 
5.59884815708: [2, -1, 0, 1, -3, -5, 4, -3, -4, -1, 0, -7, -5, -2, -3, -8, -6, -2, -5, 3, 2, 0, -3, -2, -4, -5, 0, 0, -7, 0, -6, -6, -7, 2, 0, -1, -1, -4, -1, 4, -6, 4, -1, -2, -5, -6, -6, -8, 2, -2, 0, -7, -4, -6, 1, -4, -8, 2, -5, 0, 3, -4, -4, -1, -4, -1, -3, 1, -7, -3, 2, 1, 0, -2, 4, -4, -8, 2, 0, -8, 2, -4, 4, -4, -5, -4, 2, 3, -1, 2, -5, -6, 3, -4, -8, -8, 3, 3, 3, -8, -1, 1, 4, -1, -2, -8, -3, -1, -4, -2, -3, -7, -8, -4, 1, -4, -8, -4, -1, 4, 0, -4, 1, -1, -2, 2, -5, -7]
 
5.45644672677: [2, -1, 0, 1, -3, -5, 4, -3, -4, -1, 0, -7, -5, -2, -3, -8, -6, -2, -5, 3, 2, 0, -3, -2, -4, -5, 0, 0, -7, 0, -6, -6, -7, 2, 0, -1, -1, -4, -1, 4, -6, 4, -1, -2, -5, -6, -6, -8, 2, -2, 0, -7, -4, -6, 1, -4, -8, 2, -5, 0, 3, -4, -4, -1, -4, -1, -3, 1, -7, -3, 2, 1, 0, -2, 4, -4, -8, 2, 0, -8, 2, -4, 4, -4, -5, -4, 2, 3, -1, 2, -5, -6, 3, -4, -8, -8, 3, 3, 3, -8, -1, 1, 4, -1, -2, -8, -3, -1, -4, -2, -3, -7, -8, -4, 1, -4, -8, -4, -1, 4, 0, -4, 1, -1, -2, 2, -5, -7]
 
0.969326489424: [2, -1, 0, 1, -3, -5, 4, -3, -4, -1, 0, -7, -5, -2, -3, -8, -6, -2, -5, 3, 0, 0, -3, 1, -4, -5, -8, 0, -5, 0, 3, -6, -2, 2, 1, 4, -1, -1, -1, 4, -6, 4, -6, -2, -5, -6, -6, -8, 2, -2, 0, -7, -6, -6, 1, -4, -8, 2, -5, -5, 3, -4, -4, -1, -4, -1, -3, 1, 4, -7, 2, -8, 0, -2, 4, -4, -8, 2, -2, -8, 2, -2, 1, -4, -5, -6, 2, -5, -1, -8, -5, -5, 1, -4, -8, -8, 3, 3, 3, -8, -1, 1, 4, -1, -2, 2, -5, -4, -4, -2, -3, -3, 3, 3, 1, -4, -5, -4, 0, 3, 0, -4, 1, -1, -2, 2, -5, -7]
 
5.59992768173: [2, -1, 0, 1, -3, -5, 4, -3, -4, -1, 0, -7, -5, -2, -3, -8, -6, -2, -5, 3, 2, 0, -3, -2, -4, -5, 0, 0, -7, 0, -6, -6, -7, 2, 0, -1, -1, -4, -1, 4, -6, 4, -1, -2, -5, -6, -6, -8, 2, -2, 0, -7, -4, -6, 1, -4, -8, 2, -5, 0, 3, -4, -4, -1, -4, -1, -3, 1, -7, -3, 2, 1, 0, -2, 4, -4, -8, 2, 0, -8, 2, -4, 4, -4, -5, -4, 2, 3, -1, 2, -5, -6, 3, -4, -8, -8, 3, 3, 3, -8, -1, 1, 4, -1, -2, -8, -3, -1, -4, -2, -3, -7, -8, -4, 1, -4, -8, -4, -1, 4, 0, -4, 1, -1, -2, 2, -5, -7]
 
0.595407006798: [2, -1, 0, 1, -1, -5, 4, -3, -4, -1, 0, -7, -5, -2, -3, -8, -6, -2, -5, -8, 2, 0, -3, -2, -5, -4, -8, -6, -7, 0, -6, -6, -7, 2, 0, -4, -1, -4, -1, 4, -6, 4, 0, -2, -5, 4, -7, -2, 2, -2, 0, -8, -4, -6, 1, -4, -8, 2, -5, 0, 3, -4, -4, -1, -4, -1, 2, 1, -7, -3, 2, 1, 0, -2, 4, -4, -8, -8, 0, -8, -8, 0, 3, -4, -5, -4, -8, 3, -1, -6, -3, -4, 3, 2, -8, -8, 3, -1, 4, -8, 0, -4, 4, -1, -2, -8, -6, -1, -4, -2, -3, 2, -8, 1, 1, -4, -8, -4, -1, 4, 0, 0, 1, -1, -2, 3, -5, -7]
 
4.89721411875: [2, -1, 0, 1, -3, -5, 4, -3, -4, -1, 0, -7, -5, -2, -3, -8, -6, -2, -5, 3, 2, 0, -3, -2, -4, -5, 0, 0, -7, 0, -6, -6, -7, 2, 0, -1, -1, -4, -1, 4, -6, 4, -1, -2, -5, -6, -6, -8, 2, -2, 0, -7, -4, -6, 1, -4, -8, 2, -5, 0, 3, -4, -4, -1, -4, -1, -3, 1, -7, -3, 2, 1, 0, -2, 4, -4, -8, 2, 0, -8, 2, -4, 4, -4, -5, -4, 2, 3, -1, 2, -5, -6, 3, -4, -8, -8, 3, 3, 3, -8, -1, 1, 4, -1, -2, -8, -3, -1, -4, -2, -3, -7, -8, -4, 1, -4, -8, -4, -1, 4, 0, -4, 1, -1, -2, 2, -5, -7]
 
1.79359516249: [2, -1, 0, 1, -3, -5, 4, 0, -4, -1, 0, -7, 2, -2, -3, -8, 3, -2, -5, 3, 2, -8, -3, -2, -4, -5, 0, 0, -7, 0, -6, 0, 4, -2, 0, -1, -8, -4, -1, 4, -6, 4, -1, -2, -5, -3, -6, -8, 2, -2, 0, -7, -4, -6, 0, -4, -8, 2, 2, -7, -6, -4, -4, -1, -5, -1, 0, 1, -7, -7, -7, 1, 0, -1, 4, -4, -8, 2, 0, -8, -5, -4, -1, 2, 1, 2, -6, 3, -1, 2, -5, -6, 3, -7, -8, -8, 3, -2, -5, -8, -1, -2, 4, -1, -2, -8, -1, -1, -4, -2, -5, -7, -8, -4, -2, -4, -6, -4, -1, 4, 0, -4, 1, -1, -2, 2, -5, -7]
 
5.56360037265: [2, -1, 0, 1, -3, -5, 4, -3, -4, -1, 0, -7, -5, -2, -3, -8, -6, -2, -5, 3, 2, 0, -3, -2, -4, -5, 0, 0, -7, 0, -6, -6, -7, 2, 0, -1, -1, -4, -1, 4, -6, 4, -1, -2, -5, -6, -6, -8, 2, -2, 0, -7, -4, -6, 1, -4, -8, 2, -5, 0, 3, -4, -4, -1, -4, -1, -3, 1, -7, -3, 2, 1, 0, -2, 4, -4, -8, 2, 0, -8, 2, -4, 4, -4, -5, -4, 2, 3, -1, 2, -5, -6, 3, -4, -8, -8, 3, 3, 3, -8, -1, 1, 4, -1, -2, -8, -3, -1, -4, -2, -3, -7, -8, -4, 1, -4, -8, -4, -1, 4, 0, -4, 1, -1, -2, 2, -5, -7]
 
5.59907130116: [2, -1, 0, 1, -3, -5, 4, -3, -4, -1, 0, -7, -5, -2, -3, -8, -6, -2, -5, 3, 2, 0, -3, -2, -4, -5, 0, 0, -7, 0, -6, -6, -7, 2, 0, -1, -1, -4, -1, 4, -6, 4, -1, -2, -5, -6, -6, -8, 2, -2, 0, -7, -4, -6, 1, -4, -8, 2, -5, 0, 3, -4, -4, -1, -4, -1, -3, 1, -7, -3, 2, 1, 0, -2, 4, -4, -8, 2, 0, -8, 2, -4, 4, -4, -5, -4, 2, 3, -1, 2, -5, -6, 3, -4, -8, -8, 3, 3, 3, -8, -1, 1, 4, -1, -2, -8, -3, -1, -4, -2, -3, -7, -8, -4, 1, -4, -8, -4, -1, 4, 0, -4, 1, -1, -2, 2, -5, -7]
 
5.46323210533: [2, -1, 0, 1, -3, -5, 4, -3, -4, -1, 0, -7, -5, -2, -3, -8, -6, -2, -5, 3, 2, 0, -3, -2, -4, -5, 0, 0, -7, 0, -6, -6, -7, 2, 0, -1, -1, -4, -1, 4, -6, 4, -1, -2, -5, -6, -6, -8, 2, -2, 0, -7, -4, -6, 1, -4, -8, 2, -5, 0, 3, -4, -4, -1, -4, -1, -3, 1, -7, -3, 2, 1, 0, -2, 4, -4, -8, 2, 0, -8, 2, -4, 4, -4, -5, -4, 2, 3, -1, 2, -5, -6, 3, -4, -8, -8, 3, 3, 3, -8, -1, 1, 4, -1, -2, -8, -3, -1, -4, -2, -3, -7, -8, -4, 1, -4, -8, -4, -1, 4, 0, -4, 1, -1, -2, 2, -5, -7]
 
5.44737941465: [2, -1, 0, 1, -3, -5, 4, -3, -4, -1, 0, -7, -5, -2, -3, -8, -6, -2, -5, 3, 2, 0, -3, -2, -4, -5, 0, 0, -7, 0, -6, -6, -7, 2, 0, -1, -1, -4, -1, 4, -6, 4, -1, -2, -5, -6, -6, -8, 2, -2, 0, -7, -4, -6, 1, -4, -8, 2, -5, 0, 3, -4, -4, -1, -4, -1, -3, 1, -7, -3, 2, 1, 0, -2, 4, -4, -8, 2, 0, -8, 2, -4, 4, -4, -5, -4, 2, 3, -1, 2, -5, -6, 3, -4, -8, -8, 3, 3, 3, -8, -1, 1, 4, -1, -2, -8, -3, -1, -4, -2, -3, -7, -8, -4, 1, -4, -8, -4, -1, 4, 0, -4, 1, -1, -2, 2, -5, -7]
 
5.63397482777: [2, -1, 0, 1, -3, -5, 4, -3, -4, -1, 0, -7, -5, -2, -3, -8, -6, -2, -5, 3, 2, 0, -3, -2, -4, -5, 0, 0, -7, 0, -6, -6, -7, 2, 0, -1, -1, -4, -1, 4, -6, 4, -1, -2, -5, -6, -6, -8, 2, -2, 0, -7, -4, -6, 1, -4, -8, 2, -5, 0, 3, -4, -4, -1, -4, -1, -3, 1, -7, -3, 2, 1, 0, -2, 4, -4, -8, 2, 0, -8, 2, -4, 4, -4, -5, -4, 2, 3, -1, 2, -5, -6, 3, -4, -8, -8, 3, 3, 3, -8, -1, 1, 4, -1, -2, -8, -3, -1, -4, -2, -3, -7, -8, -4, 1, -4, -8, -4, -1, 4, 0, -4, 1, -1, -2, 2, -5, -7]
 
5.52866659225: [2, -1, 0, 1, -3, -5, 4, -3, -4, -1, 0, -7, -5, -2, -3, -8, -6, -2, -5, 3, 2, 0, -3, -2, -4, -5, 0, 0, -7, 0, -6, -6, -7, 2, 0, -1, -1, -4, -1, 4, -6, 4, -1, -2, -5, -6, -6, -8, 2, -2, 0, -7, -4, -6, 1, -4, -8, 2, -5, 0, 3, -4, -4, -1, -4, -1, -3, 1, -7, -3, 2, 1, 0, -2, 4, -4, -8, 2, 0, -8, 2, -4, 4, -4, -5, -4, 2, 3, -1, 2, -5, -6, 3, -4, -8, -8, 3, 3, 3, -8, -1, 1, 4, -1, -2, -8, -3, -1, -4, -2, -3, -7, -8, -4, 1, -4, -8, -4, -1, 4, 0, -4, 1, -1, -2, 2, -5, -7]
 
