5.200563311188047: [2, -1, 0, 1, 0, -7, 1, -6, -1, -2, 3, -7, -5, -2, -3, -8, -6, -2, -5, 3, -2, -7, 0, 2, 2, -7, 0, 0, -7, 0, -6, -6, -7, 2, 0, -1, -1, -4, -1, 4, -6, 4, -1, -2, -5, -6, -6, -8, 2, -2, 0, -7, -4, -6, 1, -4, -8, 2, -5, 0, 3, -4, -4, -1, -4, -1, 3, 0, -2, 4, 4, -8, -7, -6, -7, 3, -8, -7, -5, 2, 2, -4, 4, -4, -5, -4, 2, 3, -1, 2, -5, -6, 3, -4, -8, -8, 3, 3, 3, -8, -1, 1, 4, -1, -2, -8, -3, -1, -4, -2, -3, -7, -8, -4, 1, -4, -8, -4, -1, 4, 0, -4, 1, -1, -2, 2, -5, -7]
 
5.199015230673487: [2, -3, 3, -7, -3, -5, 4, -3, -6, -4, -7, 2, -4, -6, -6, -3, -5, 2, -5, -6, -4, 2, 1, 4, 2, -4, 3, 0, -3, 0, 1, -7, 4, -6, 4, 4, -2, 3, 0, 4, -6, 4, -1, -2, -5, -6, -6, -8, 2, -2, 0, -7, -4, -6, 1, -2, -7, -7, 0, 2, 4, -4, -4, -1, -4, -1, 3, 0, -2, 4, 4, -8, -7, -6, -7, 3, -8, -7, -5, 2, 2, -4, 4, -4, -5, -4, 2, 3, -1, 2, -5, -6, 3, -4, -8, -8, 3, 3, 3, -8, -1, 1, 4, -1, -2, -8, -3, -1, -4, -2, -3, -7, -8, -4, 1, -4, -8, -4, -1, 4, 0, -4, 1, -1, -2, 2, -5, -7]
 
5.198688039139603: [0, -5, -6, -1, -8, -2, -7, -2, -4, -1, 0, -7, -5, -2, -3, -8, -6, -2, -5, 3, 2, 0, -3, -2, -4, -5, 0, 0, -7, 0, -6, -6, -7, 2, 0, -1, -1, -4, -1, 4, -6, 4, -1, -2, -5, -6, -6, -8, 2, -2, 0, -7, -4, -6, 1, -4, -8, 2, -5, 0, 3, -5, -7, 3, -3, 2, -3, 1, -7, -3, 2, 1, 0, -2, 4, -4, -8, 2, 0, -8, 2, -4, 4, -4, -5, -4, 2, 3, -1, 2, -5, -6, 3, -4, -8, -8, 3, 3, 3, -8, -1, 1, 4, -1, -2, -8, -3, -1, -4, -2, -3, -7, -8, -4, 1, -4, -8, -4, -1, 4, 0, -4, 1, -1, -2, 2, -5, -7]
 
5.058905019958769: [2, -1, 0, 1, 0, -7, 1, -6, -1, -2, 3, -7, -5, -2, -3, -8, -6, -2, -5, 3, -2, -7, 0, 2, 2, -7, 0, 0, -7, 0, -6, -6, -7, 2, 0, -1, -1, -4, -1, 4, -6, 4, -1, -2, -5, -6, -6, -8, 2, -2, 0, -7, -4, -6, 1, -4, -8, 2, -5, 0, 3, -4, -4, -1, -4, -1, 3, 0, -2, 4, 4, -8, -7, -6, -7, 3, -8, -7, -5, 2, 2, -4, 4, -4, -5, -4, 2, 3, -1, 2, -5, -6, 3, -4, -8, -8, 3, 3, 3, -8, -1, 1, 4, -1, -2, -8, -3, -1, -4, -2, -3, -7, -8, -4, 1, -4, -8, -4, -1, 4, 0, -4, 1, -1, -2, 2, -5, -7]
 
5.024968354968535: [2, -1, 0, 1, 0, -7, 1, -6, -1, -2, 0, -7, -5, -2, -3, -8, -6, -2, -5, 3, 2, 0, -3, -2, -4, -5, 0, 0, -7, 0, -6, -6, -7, 2, 0, -1, -1, -4, -1, 4, -6, 4, -1, -2, -5, -6, -6, -8, 2, -2, 0, -7, -4, -6, 1, -4, -8, 2, -5, 0, 3, -5, -7, 3, -3, 2, -3, 1, -7, -3, 2, 1, 0, -2, 4, -4, -8, 2, 0, -8, 2, -4, 4, -4, -5, -4, 2, 3, -1, 2, -5, -6, 3, -4, -8, -8, 3, 3, 3, -8, -1, 1, 4, -1, -2, -8, -3, -1, -4, -2, -3, -7, -8, -4, 1, -4, -8, -4, -1, 4, 0, -4, 1, -1, -2, 2, -5, -7]
 
1.97691131925: [-8, -5, 2, -3, 4, -3, -7, -1, -4, -1, 0, 2, -5, -3, -3, 2, -6, -2, -5, -2, 2, -5, -3, -7, -4, -5, 0, 0, 2, 0, -4, -6, 3, 2, -6, -3, 0, 4, -1, 4, -6, -4, -1, -6, -5, -6, -6, 0, 3, -2, -7, 0, -4, -6, -1, -8, -8, 2, -6, 1, -4, -5, -7, 3, -1, 2, -3, 1, -6, 3, 2, -2, 0, -8, 4, -4, -4, 2, -8, -8, 2, 3, -4, 3, -5, -4, 3, -6, -4, 2, -7, -6, 3, -4, -8, -8, -8, 3, -7, -8, -1, 1, 4, -1, -2, -5, -3, -7, -4, -2, -7, -7, 0, -4, -3, 0, -8, -4, -1, -3, 0, -4, 1, -1, 1, 2, -5, -7]
 
4.970313058369211: [2, -1, 0, 1, 0, -7, 1, -6, -1, -2, 3, -7, -5, -2, -3, -8, -6, -2, -5, 3, -2, -7, 0, 2, 2, -7, 0, 0, -7, 0, -6, -6, -7, 2, 0, -1, -1, -4, -1, 4, -6, 4, -1, -2, -5, -6, -6, -8, 2, -2, 0, -7, -4, -6, 1, -2, -7, -7, 0, 2, 4, -4, -4, -1, -4, -1, 3, 0, -2, 4, 4, -8, -7, -6, -7, 3, -8, -7, -5, 2, 2, -4, 4, -4, -5, -4, 2, 3, -1, 2, -5, -6, 3, -4, -8, -8, 3, 3, 3, -8, -1, 1, 4, -1, -2, -8, -3, -1, -4, -2, -3, -7, -8, -4, 1, -4, -8, -4, -1, 4, 0, -4, 1, -1, -2, 2, -5, -7]
 
4.934770505463671: [2, -3, 3, -7, -3, -5, 4, -3, -1, -2, 3, -7, -5, -2, -3, -8, -6, -2, -5, 3, -2, -7, 0, 2, 2, -7, 0, 0, -7, 0, -6, -6, -7, 2, 0, -1, -1, -4, -1, 4, -6, 4, -1, -2, -5, -6, -6, -8, 2, -2, 0, -7, -4, -6, 1, -2, -7, -7, 0, 2, 4, -4, -4, -1, -4, -1, 3, 0, -2, 4, 4, -8, -7, -6, -7, 3, -8, -7, -5, 2, 2, -4, 4, -4, -5, -4, 2, 3, -1, 2, -5, -6, 3, -4, -8, -8, 3, 3, 3, -8, -1, 1, 4, -1, -2, -8, -3, -1, -4, -2, -3, -7, -8, -4, 1, -4, -8, -4, -1, 4, 0, -4, 1, -1, -2, 2, -5, -7]
 
4.934752467779431: [2, -1, 0, 1, 0, -7, 1, -6, -1, -2, 3, -7, -5, -2, -3, -8, -6, -2, -5, 3, -2, -7, 0, 2, 2, -7, 0, 0, -7, 0, -6, -6, -7, 2, 0, -1, -1, -4, -1, 4, -6, 4, -1, -2, -5, -6, -6, -8, 2, -2, 0, -7, -4, -6, 1, -2, -7, -7, 0, 2, 4, -4, -4, -1, -4, -1, 3, 0, -2, 4, 4, -8, -7, -6, -7, 3, -8, -7, -5, 2, 2, -4, 4, -4, -5, -4, 2, 3, -1, 2, -5, -6, 3, -4, -8, -8, 3, 3, 3, -8, -1, 1, 4, -1, -2, -8, -3, -1, -4, -2, -3, -7, -8, -4, 1, -4, -8, -4, -1, 4, 0, -4, 1, -1, -2, 2, -5, -7]
 
4.932512304344239: [2, -1, 0, 1, 0, -7, 1, -6, -1, -2, 3, -7, -5, -2, -3, -8, -6, -2, -5, 3, -2, -7, 0, 2, 2, -7, 0, 0, -7, 0, -6, -6, -7, 2, 0, -1, -1, -4, -1, 4, -6, 4, -1, -2, -5, -6, -6, -8, 2, -2, 0, -7, -4, -6, 1, -4, -8, 2, -5, 0, 3, -4, -4, -1, -4, -1, 3, 0, -2, 4, 4, -8, -7, -6, -7, 3, -8, -7, -5, 2, 2, -4, 4, -4, -5, -4, 2, 3, -1, 2, -5, -6, 3, -4, -8, -8, 3, 3, 3, -8, -1, 1, 4, -1, -2, -8, -3, -1, -4, -2, -3, -7, -8, -4, 1, -4, -8, -4, -1, 4, 0, -4, 1, -1, -2, 2, -5, -7]
 
4.926362306537743: [0, -5, -6, -1, -8, -2, -7, -2, -4, -1, 0, -7, -5, -2, -3, -8, -6, -2, -5, 3, 2, 0, -3, -2, -4, -5, 0, 0, -7, 0, -6, -6, -7, 2, 0, -1, -1, -4, -1, 4, -6, 4, -1, -2, -5, -6, -6, -8, 2, -2, 0, -7, -4, -6, 1, -4, -8, 2, -5, 0, 3, -5, -7, 3, -3, 2, -3, 1, -7, -3, 2, 1, 0, -2, 4, -4, -8, 2, 0, -8, 2, -4, 4, -4, -5, -4, 2, 3, -1, 2, -5, -6, 3, -4, -8, -8, 3, 3, 3, -8, -1, 1, 4, -1, -2, -8, -3, -1, -4, -2, -3, -7, -8, -4, 1, -4, -8, -4, -1, 4, 0, -4, 1, -1, -2, 2, -5, -7]
 
4.923544937004392: [2, -1, 0, 1, 0, -7, 1, -6, -1, -2, 3, -7, -5, -2, -3, -8, -6, -2, -5, 3, -2, -7, 0, 2, 2, -7, 0, 0, -7, 0, -6, -6, -7, 2, 0, -1, -1, -4, -1, 4, -6, 4, -1, -2, -5, -6, -6, -8, 2, -2, 0, -7, -4, -6, 1, -2, -7, -7, 0, 2, 4, -4, -4, -1, -4, -1, 3, 0, -2, 4, 4, -8, -7, -6, -7, 3, -8, -7, -5, 2, 2, -4, 4, -4, -5, -4, 2, 3, -1, 2, -5, -6, 3, -4, -8, -8, 3, 3, 3, -8, -1, 1, 4, -1, -2, -8, -3, -1, -4, -2, -3, -7, -8, -4, 1, -4, -8, -4, -1, 4, 0, -4, 1, -1, -2, 2, -5, -7]
 
4.917367960130828: [2, -1, 0, 1, 0, -7, 1, -6, -1, -2, 3, -7, -5, -2, -3, -8, -6, -2, -5, 3, -2, -7, 0, 2, 2, -7, 0, 0, -7, 0, -6, -6, -7, 2, 0, -1, -1, -4, -1, 4, -6, 4, -1, -2, -5, -6, -6, -8, 2, -2, 0, -7, -4, -6, 1, -4, -8, 2, -5, 0, 3, -4, -4, -1, -4, -1, 3, 0, -2, 4, 4, -8, -7, -6, -7, 3, -8, -7, -5, 2, 2, -4, 4, -4, -5, -4, 2, 3, -1, 2, -5, -6, 3, -4, -8, -8, 3, 3, 3, -8, -1, 1, 4, -1, -2, -8, -3, -1, -4, -2, -3, -7, -8, -4, 1, -4, -8, -4, -1, 4, 0, -4, 1, -1, -2, 2, -5, -7]
 
4.913909568844465: [2, -1, 0, 1, 0, -7, 1, -6, -1, -2, 0, -7, -5, -2, -3, -8, -6, -2, -5, 3, 2, 0, -3, -2, -4, -5, 0, 0, -7, 0, -6, -6, -7, 2, 0, -1, -1, -4, -1, 4, -6, 4, -1, -2, -5, -6, -6, -8, 2, -2, 0, -7, -4, -6, 1, -4, -8, 2, -5, 0, 3, -5, -7, 3, -3, 2, -3, 1, -7, -3, 2, 1, 0, -2, 4, -4, -8, 2, 0, -8, 2, -4, 4, -4, -5, -4, 2, 3, -1, 2, -5, -6, 3, -4, -8, -8, 3, 3, 3, -8, -1, 1, 4, -1, -2, -8, -3, -1, -4, -2, -3, -7, -8, -4, 1, -4, -8, -4, -1, 4, 0, -4, 1, -1, -2, 2, -5, -7]
 
4.902571235901791: [2, -1, 0, 1, 0, -7, 1, -6, -1, -2, 3, -7, -5, -2, -3, -8, -6, -2, -5, 3, 2, 0, -3, -2, -4, -5, 0, 0, -7, 0, -6, -6, -7, 2, 0, -1, -1, -4, -1, 4, -6, 4, -1, -2, -5, -6, -6, -8, 2, -2, 0, -7, -4, -6, 1, -4, -8, 2, -5, 0, 3, -4, -4, -1, -4, -1, 3, 0, -2, 4, 4, -8, -7, -6, -7, 3, -8, -7, -5, 2, 2, -4, 4, -4, -5, -4, 2, 3, -1, 2, -5, -6, 3, -4, -8, -8, 3, 3, 3, -8, -1, 1, 4, -1, -2, -8, -3, -1, -4, -2, -3, -7, -8, -4, 1, -4, -8, -4, -1, 4, 0, -4, 1, -1, -2, 2, -5, -7]
 
4.897832243383068: [2, -1, 0, 1, 0, -7, 1, -6, -1, -2, 3, -7, -5, -2, -3, -8, -6, -2, -5, 3, 2, 0, -3, -2, -4, -5, 0, 0, -7, 0, -6, -6, -7, 2, 0, -1, -1, -4, -1, 4, -6, 4, -1, -2, -5, -6, -6, -8, 2, -2, 0, -7, -4, -6, 1, -4, -8, 2, -5, 0, 3, -5, -7, 3, -3, 2, -3, 1, -7, -3, 2, 1, 0, -2, 4, -4, -8, 2, 0, -8, 2, -4, 4, -4, -5, -4, 2, 3, -1, 2, -5, -6, 3, -4, -8, -8, 3, 3, 3, -8, -1, 1, 4, -1, -2, -8, -3, -1, -4, -2, -3, -7, -8, -4, 1, -4, -8, -4, -1, 4, 0, -4, 1, -1, -2, 2, -5, -7]
 
4.889202739964012: [2, -1, 0, 1, 0, -7, 1, -6, -1, -2, 3, -7, -5, -2, -3, -8, -6, -2, -5, 3, -2, -7, 0, 2, 2, -7, 0, 0, -7, 0, -6, -6, -7, 2, 0, -1, -1, -4, -1, 4, -6, 4, -1, -2, -5, -6, -6, -8, 2, -2, 0, -7, -4, -6, 1, -2, -7, -7, 0, 2, 4, -4, -4, -1, -4, -1, 3, 0, -2, 4, 4, -8, -7, -6, -7, 3, -8, -7, -5, 2, 2, -4, 4, -4, -5, -4, 2, 3, -1, 2, -5, -6, 3, -4, -8, -8, 3, 3, 3, -8, -1, 1, 4, -1, -2, -8, -3, -1, -4, -2, -3, -7, -8, -4, 1, -4, -8, -4, -1, 4, 0, -4, 1, -1, -2, 2, -5, -7]
 
4.884241903541311: [2, -1, 0, 1, 0, -7, 1, -6, -1, -2, 3, -7, -5, -2, -3, -8, -6, -2, -5, 3, 2, 0, -3, -2, -4, -5, 0, 0, -7, 0, -6, -6, -7, 2, 0, -1, -1, -4, -1, 4, -6, 4, -1, -2, -5, -6, -6, -8, 2, -2, 0, -7, -4, -6, 1, -4, -8, 2, -5, 0, 3, -5, -7, 3, -3, 2, -3, 1, -7, -3, 2, 1, 0, -2, 4, -4, -8, 2, 0, -8, 2, -4, 4, -4, -5, -4, 2, 3, -1, 2, -5, -6, 3, -4, -8, -8, 3, 3, 3, -8, -1, 1, 4, -1, -2, -8, -3, -1, -4, -2, -3, -7, -8, -4, 1, -4, -8, -4, -1, 4, 0, -4, 1, -1, -2, 2, -5, -7]
 
1.53653688691: [2, 3, 0, 1, 3, -8, -5, -5, -1, 4, 3, -2, -4, -5, -3, -1, -4, 0, 2, 0, -2, -6, -2, -3, -7, -7, -7, 1, -7, 0, -6, -6, -7, 0, -6, -2, -2, -4, 0, 4, 3, 2, -7, 2, -5, -7, -6, 0, 2, -2, -8, -1, 2, 1, 2, -4, -8, -3, 0, 2, 4, -6, -4, -1, -4, -6, -2, 0, -2, 4, 0, -8, -7, -4, -1, 3, -8, 1, -5, -7, -2, -4, 0, -7, 1, -4, 2, 3, -4, 2, -5, -6, -3, -4, -8, -3, 3, 3, 2, -8, -1, 1, 3, -5, -8, -7, -8, 2, -2, -8, -1, -7, -6, 0, 1, -6, 4, -1, -1, 4, 4, -4, 4, -4, -2, 0, -4, -1]
 
4.876427156747514: [2, -1, 0, 1, 0, -7, 1, -6, -1, -2, 3, -7, -5, -2, -3, -8, -6, -2, -5, 3, -2, -7, 0, 2, 2, -7, 0, 0, -7, 0, -6, -6, -7, 2, 0, -1, -1, -4, -1, 4, -6, 4, -1, -2, -5, -6, -6, -8, 2, -2, 0, -7, -4, -6, 1, -2, -7, -7, 0, 2, 4, -4, -4, -1, -4, -1, 3, 0, -2, 4, 4, -8, -7, -6, -7, 3, -8, -7, -5, 2, 2, -4, 4, -4, -5, -4, 2, 3, -1, 2, -5, -6, 3, -4, -8, -8, 3, 3, 3, -8, -1, 1, 4, -1, -2, -8, -3, -1, -4, -2, -3, -7, -8, -4, 1, -4, -8, -4, -1, 4, 0, -4, 1, -1, -2, 2, -5, -7]
 
4.8733614060092885: [2, -3, 3, -7, -3, -5, 4, -3, -1, -2, 3, -7, -5, -2, -3, -8, -6, -2, -5, 3, -2, -7, 0, 2, 2, -7, 0, 0, -7, 0, -6, -6, -7, 2, 0, -1, -1, -4, -1, 4, -6, 4, -1, -2, -5, -6, -6, -8, 2, -2, 0, -7, -4, -6, 1, -4, -8, 2, -5, 0, 3, -5, -7, 3, -3, 2, -3, 1, -7, -3, 2, 1, 0, -2, 4, -4, -8, 2, 0, -8, 2, -4, 4, -4, -5, -4, 2, 3, -1, 2, -5, -6, 3, -4, -8, -8, 3, 3, 3, -8, -1, 1, 4, -1, -2, -8, -3, -1, -4, -2, -3, -7, -8, -4, 1, -4, -8, -4, -1, 4, 0, -4, 1, -1, -2, 2, -5, -7]
 
4.8645545161869235: [0, -5, -6, -1, -8, -2, -7, -2, -4, -1, 0, -7, -5, -2, -3, -8, -6, -2, -5, 3, 2, 0, -3, -2, -4, -5, 0, 0, -7, 0, -6, -6, -7, 2, 0, -1, -1, -4, -1, 4, -6, 4, -1, -2, -5, -6, -6, -8, 2, -2, 0, -7, -4, -6, 1, -4, -8, 2, -5, 0, 3, -5, -7, 3, -3, 2, -3, 1, -7, -3, 2, 1, 0, -2, 4, -4, -8, 2, 0, -8, 2, -4, 4, -4, -5, -4, 2, 3, -1, 2, -5, -6, 3, -4, -8, -8, 3, 3, 3, -8, -1, 1, 4, -1, -2, -8, -3, -1, -4, -2, -3, -7, -8, -4, 1, -4, -8, -4, -1, 4, 0, -4, 1, -1, -2, 2, -5, -7]
 
4.844648133825663: [2, -3, 3, -7, -3, -5, 1, -6, -1, -2, 3, -7, -5, -2, -3, -8, -6, -2, -5, 3, -2, -7, 0, 2, 2, -7, 0, 0, -7, 0, -6, -6, -7, 2, 0, -1, -1, -4, -1, 4, -6, 4, -1, -2, -5, -6, -6, -8, 2, -2, 0, -7, -4, -6, 1, -2, -7, -7, 0, 2, 4, -4, -4, -1, -4, -1, 3, 0, -2, 4, 4, -8, -7, -6, -7, 3, -8, -7, -5, 2, 2, -4, 4, -4, -5, -4, 2, 3, -1, 2, -5, -6, 3, -4, -8, -8, 3, 3, 3, -8, -1, 1, 4, -1, -2, -8, -3, -1, -4, -2, -3, -7, -8, -4, 1, -4, -8, -4, -1, 4, 0, -4, 1, -1, -2, 2, -5, -7]
 
1.34940228927: [1, -1, 1, 1, 0, -7, 1, -8, -1, -2, 3, 2, -7, -2, -3, -8, -6, -2, -5, 3, -2, -7, 0, 0, 2, -7, 1, -7, -7, -1, -2, 2, -7, 2, 0, -1, -1, -4, -2, 4, 1, 4, -5, 1, -5, -6, 0, -8, 2, -2, 0, -7, -1, 2, 1, -2, 0, -7, 0, -3, 4, -5, -4, -8, -2, -1, 3, 0, -2, 4, 4, -8, -7, 4, -7, 3, -6, -7, -5, 2, 2, -4, 2, 3, -8, -4, 2, 3, -1, 0, -7, -6, 1, -6, -5, -3, 3, 3, 3, 1, -1, -4, -1, -3, -2, -8, -3, -5, -4, -2, 2, 0, -8, -4, 1, -4, -7, -3, -1, 0, 0, -4, -6, 2, -2, 1, -5, -7]
 
1.31442704347: [2, -3, -5, -7, -3, 3, 4, -3, -3, -2, 3, -7, -8, -4, -3, -8, -6, -3, -5, 3, 3, -8, -3, 2, 2, -7, -6, -7, -7, 0, -8, -6, 0, -1, 0, -1, -5, -4, -1, 4, -6, -2, 4, -3, 4, -3, -6, -6, 2, -2, -3, -5, -4, 0, -5, 4, -8, 2, -5, 0, 3, -5, -7, -6, -3, -1, -3, 1, -7, -3, 1, 1, 0, -2, -5, -4, -8, -4, 0, -7, 2, -7, 4, -8, 1, 4, 2, 0, -1, 2, -5, -6, 3, -4, 4, -8, 3, 3, 3, -8, -1, -2, -6, -3, -8, 0, 2, -1, -4, -7, -3, -7, -8, -8, -3, -3, -8, -4, 2, 4, 0, -4, 0, -1, -2, 2, -5, -7]
 
1.37949890024: [2, -1, 0, 1, 0, -7, -2, -6, -1, 0, -3, 1, -4, -2, -3, -8, -6, -2, -5, -3, 2, 0, -3, -2, 0, -5, 0, 0, -6, 0, -8, -6, -2, -4, 0, -1, -4, 4, 0, -8, -6, 4, -1, -2, -5, -6, 2, 0, 2, -2, 0, -7, -8, -6, -7, -4, -2, 2, -7, 0, -1, 2, -7, -6, 3, 2, -3, 1, -7, -3, 2, -1, 0, 2, 4, -4, -3, 0, 0, -8, 2, -4, 4, -6, -5, -1, 2, 3, 3, 2, -7, -6, 3, -4, -8, -8, 3, 1, -8, -8, -1, 1, 4, -3, -2, -8, -3, -1, -4, -2, -3, -7, -8, -4, -4, -4, -8, 4, -8, -1, 0, -4, 1, -1, -2, 2, -5, -7]
 
4.821650867436436: [2, -3, 3, -7, -3, -5, 4, -3, -1, -2, 3, -7, -5, -2, -3, -8, -6, -2, -5, 3, -2, -7, 0, 2, 2, -7, 0, 0, -7, 0, -6, -6, -7, 2, 0, -1, -1, -4, -1, 4, -6, 4, -1, -2, -5, -6, -6, -8, 2, -2, 0, -7, -4, -6, 1, -2, -7, -7, 0, 2, 4, -4, -4, -1, -4, -1, 3, 0, -2, 4, 4, -8, -7, -6, -7, 3, -8, -7, -5, 2, 2, -4, 4, -4, -5, -4, 2, 3, -1, 2, -5, -6, 3, -4, -8, -8, 3, 3, 3, -8, -1, 1, 4, -1, -2, -8, -3, -1, -4, -2, -3, -7, -8, -4, 1, -4, -8, -4, -1, 4, 0, -4, 1, -1, -2, 2, -5, -7]
 
4.813193468669024: [2, -3, 3, -7, -3, -5, 4, -3, -1, -2, 3, -7, -5, -2, -3, -8, -6, -2, -5, 3, -2, -7, 0, 2, 2, -7, 0, 0, -7, 0, -6, -6, -7, 2, 0, -1, -1, -4, -1, 4, -6, 4, -1, -2, -5, -6, -6, -8, 2, -2, 0, -7, -4, -6, 1, -4, -8, 2, -5, 0, 3, -5, -7, 3, -3, 2, -3, 1, -7, -3, 2, 1, 0, -2, 4, -4, -8, 2, 0, -8, 2, -4, 4, -4, -5, -4, 2, 3, -1, 2, -5, -6, 3, -4, -8, -8, 3, 3, 3, -8, -1, 1, 4, -1, -2, -8, -3, -1, -4, -2, -3, -7, -8, -4, 1, -4, -8, -4, -1, 4, 0, -4, 1, -1, -2, 2, -5, -7]
 
4.810733270422468: [2, -1, 0, 1, 0, -7, 1, -6, -1, -2, 3, -7, -5, -2, -3, -8, -6, -2, -5, 3, 2, 0, -3, -2, -4, -5, 0, 0, -7, 0, -6, -6, -7, 2, 0, -1, -1, -4, -1, 4, -6, 4, -1, -2, -5, -6, -6, -8, 2, -2, 0, -7, -4, -6, 1, -4, -8, 2, -5, 0, 3, -5, -7, 3, -3, 2, -3, 1, -7, -3, 2, 1, 0, -2, 4, -4, -8, 2, 0, -8, 2, -4, 4, -4, -5, -4, 2, 3, -1, 2, -5, -6, 3, -4, -8, -8, 3, 3, 3, -8, -1, 1, 4, -1, -2, -8, -3, -1, -4, -2, -3, -7, -8, -4, 1, -4, -8, -4, -1, 4, 0, -4, 1, -1, -2, 2, -5, -7]
 
4.790872038043566: [0, -5, -6, -1, -8, -2, -7, -2, -4, -1, 0, -7, -5, -2, -3, -8, -6, -2, -5, 3, 2, 0, -3, -2, -4, -5, 0, 0, -7, 0, -6, -6, -7, 2, 0, -1, -1, -4, -1, 4, -6, 4, -1, -2, -5, -6, -6, -8, 2, -2, 0, -7, -4, -6, 1, -4, -8, 2, -5, 0, 3, -5, -7, 3, -3, 2, -3, 1, -7, -3, 2, 1, 0, -2, 4, -4, -8, 2, 0, -8, 2, -4, 4, -4, -5, -4, 2, 3, -1, 2, -5, -6, 3, -4, -8, -8, 3, 3, 3, -8, -1, 1, 4, -1, -2, -8, -3, -1, -4, -2, -3, -7, -8, -4, 1, -4, -8, -4, -1, 4, 0, -4, 1, -1, -2, 2, -5, -7]
 
4.788633999718535: [2, -3, 3, -7, -3, -5, 4, -3, -1, -2, 3, -7, -5, -2, -3, -8, -6, -2, -5, 3, -2, -7, 0, 2, 2, -7, 0, 0, -7, 0, -6, -6, -7, 2, 0, -1, -1, -4, -1, 4, -6, 4, -1, -2, -5, -6, -6, -8, 2, -2, 0, -7, -4, -6, 1, -4, -8, 2, -5, 0, 3, -5, -7, 3, -3, 2, -3, 1, -7, -3, 2, 1, 0, -2, 4, -4, -8, 2, 0, -8, 2, -4, 4, -4, -5, -4, 2, 3, -1, 2, -5, -6, 3, -4, -8, -8, 3, 3, 3, -8, -1, 1, 4, -1, -2, -8, -3, -1, -4, -2, -3, -7, -8, -4, 1, -4, -8, -4, -1, 4, 0, -4, 1, -1, -2, 2, -5, -7]
 
4.7631903452526: [0, -5, -6, -1, -8, -2, -7, -2, -4, -1, 0, -7, -5, -2, -3, -8, -6, -2, -5, 3, 2, 0, -3, -2, -4, -5, 0, 0, -7, 0, -6, -6, -7, 2, 0, -1, -1, -4, -1, 4, -6, 4, -1, -2, -5, -6, -6, -8, 2, -2, 0, -7, -4, -6, 1, -4, -8, 2, -5, 0, 3, -5, -7, 3, -3, 2, -3, 1, -7, -3, 2, 1, 0, -2, 4, -4, -8, 2, 0, -8, 2, -4, 4, -4, -5, -4, 2, 3, -1, 2, -5, -6, 3, -4, -8, -8, 3, 3, 3, -8, -1, 1, 4, -1, -2, -8, -3, -1, -4, -2, -3, -7, -8, -4, 1, -4, -8, -4, -1, 4, 0, -4, 1, -1, -2, 2, -5, -7]
 
4.97201064271: [2, -1, 0, 1, 0, -7, 1, -6, -1, -2, 3, -7, -5, -2, -3, -8, -6, -2, -5, 3, -2, -7, 0, 2, 2, -7, 0, 0, -7, 0, -6, -6, -7, 2, 0, -1, -1, -4, -1, 4, -6, 4, -1, -2, -5, -6, -6, -8, 2, -2, 0, -7, -4, -6, 1, -2, -7, -7, 0, 2, 4, -4, -4, -1, -4, -1, 3, 0, -2, 4, 4, -8, -7, -6, -7, 3, -8, -7, -5, 2, 2, -4, 4, -4, -5, -4, 2, 3, -1, 2, -5, -6, 3, -4, -8, -8, 3, 3, 3, -8, -1, 1, 4, -1, -2, -8, -3, -1, -4, -2, -3, -7, -8, -4, 1, -4, -8, -4, -1, 4, 0, -4, 1, -1, -2, 2, -5, -7]
 
4.89327197023: [2, -1, 0, 1, 0, -7, 1, -6, -1, -2, 3, -7, -5, -2, -3, -8, -6, -2, -5, 3, -2, -7, 0, 2, 2, -7, 0, 0, -7, 0, -6, -6, -7, 2, 0, -1, -1, -4, -1, 4, -6, 4, -1, -2, -5, -6, -6, -8, 2, -2, 0, -7, -4, -6, 1, -4, -8, 2, -5, 0, 3, -4, -4, -1, -4, -1, 3, 0, -2, 4, 4, -8, -7, -6, -7, 3, -8, -7, -5, 2, 2, -4, 4, -4, -5, -4, 2, 3, -1, 2, -5, -6, 3, -4, -8, -8, 3, 3, 3, -8, -1, 1, 4, -1, -2, -8, -3, -1, -4, -2, -3, -7, -8, -4, 1, -4, -8, -4, -1, 4, 0, -4, 1, -1, -2, 2, -5, -7]
 
3.61722224722: [2, -3, 3, -7, -3, -5, 4, -3, -1, -2, 3, -7, -5, -2, -3, -8, -6, -2, -5, 3, -2, -7, 0, 2, 2, -7, 0, 0, -7, 0, -6, -6, -7, 2, 0, -1, -1, -4, -1, 4, -6, 4, -1, -2, -5, -6, -6, -8, 2, -2, 0, -7, -4, -6, 1, -2, -7, -7, 0, 2, 4, -4, -4, -1, -4, -1, 3, 0, -2, -3, 2, 1, 0, -2, 4, -4, -8, 2, 0, -8, 2, -4, 4, -4, -5, -4, 2, 3, -1, 2, -5, -6, 3, -4, -8, -8, 3, 3, 3, -8, -1, 1, 4, -1, -2, -8, -3, -1, -4, -2, -3, -7, -8, -4, 1, -4, -8, -4, -1, 4, 0, -4, 1, -1, -2, 2, -5, -7]
 
4.72016900855: [2, -3, 3, -7, -3, -5, 4, -3, -1, -2, 3, -7, -5, -2, -3, -8, -6, -2, -5, 3, -2, -7, 0, 2, 2, -7, 0, 0, -7, 0, -6, -6, -7, 2, 0, -1, -1, -4, -1, 4, -6, 4, -1, -2, -5, -6, -6, -8, 2, -2, 0, -7, -4, -6, 1, -4, -8, 2, -5, 0, 3, -5, -7, 3, -3, 2, -3, 1, -7, 4, 4, -8, -7, -6, -7, 3, -8, -7, -5, 2, 2, -4, 4, -4, -5, -4, 2, 3, -1, 2, -5, -6, 3, -4, -8, -8, 3, 3, 3, -8, -1, 1, 4, -1, -2, -8, -3, -1, -4, -2, -3, -7, -8, -4, 1, -4, -8, -4, -1, 4, 0, -4, 1, -1, -2, 2, -5, -7]
 
4.99409569156: [2, -3, 3, -7, -3, -5, 1, -6, -1, -2, 3, -7, -5, -2, -3, -8, -6, -2, -5, 3, -2, -7, 0, 2, 2, -7, 0, 0, -7, 0, -6, -6, -7, 2, 0, -1, -1, -4, -1, 4, -6, 4, -1, -2, -5, -6, -6, -8, 2, -2, 0, -7, -4, -6, 1, -2, -7, -7, 0, 2, 4, -4, -4, -1, -4, -1, 3, 0, -2, 4, 4, -8, -7, -6, -7, 3, -8, -7, -5, 2, 2, -4, 4, -4, -5, -4, 2, 3, -1, 2, -5, -6, 3, -4, -8, -8, 3, 3, 3, -8, -1, 1, 4, -1, -2, -8, -3, -1, -4, -2, -3, -7, -8, -4, 1, -4, -8, -4, -1, 4, 0, -4, 1, -1, -2, 2, -5, -7]
 
4.64835327092: [2, -1, 0, 1, 0, -7, 1, -6, -1, -2, 3, -7, -5, -2, -3, -8, -6, -2, -5, 3, -2, -7, 0, 2, 2, -7, 0, 0, -7, 0, -6, -6, -7, 2, 0, -1, -1, -4, -1, 4, -6, 4, -1, -2, -5, -6, -6, -8, 2, -2, 0, -7, -4, -6, 1, -2, -7, -7, 0, 2, 4, -4, -4, -1, -4, -1, 3, 0, -2, 4, 4, -8, -7, -6, -7, 3, -8, -7, -5, 2, 2, -4, 4, -4, -5, -4, 2, 3, -1, 2, -5, -6, 3, -4, -8, -8, 3, 3, 3, -8, -1, 1, 4, -1, -2, -8, -3, -1, -4, -2, -3, -7, -8, -4, 1, -4, -8, -4, -1, 4, 0, -4, 1, -1, -2, 2, -5, -7]
 
4.76823542232: [2, -3, 3, -7, -3, -5, 4, -3, -1, -2, 3, -7, -5, -2, -3, -8, -6, -2, -5, 3, -2, -7, 0, 2, 2, -7, 0, 0, -7, 0, -6, -6, -7, 2, 0, -1, -1, -4, -1, 4, -6, 4, -1, -2, -5, -6, -6, -8, 2, -2, 0, -7, -4, -6, 1, -2, -7, -7, 0, 2, 4, -4, -4, -1, -4, -1, 3, 0, -2, 4, 4, -8, -7, -6, -7, 3, -8, -7, -5, 2, 2, -4, 4, -4, -5, -4, 2, 3, -1, 2, -5, -6, 3, -4, -8, -8, 3, 3, 3, -8, -1, 1, 4, -1, -2, -8, -3, -1, -4, -2, -3, -7, -8, -4, 1, -4, -8, -4, -1, 4, 0, -4, 1, -1, -2, 2, -5, -7]
 
0.932173277701: [2, -3, 3, -7, -1, -6, -8, -3, -1, -2, 3, -7, -3, -2, -6, -8, -6, -3, -8, 3, -2, -3, 4, -1, 2, -6, 0, 0, -7, -8, -6, -6, -7, 2, 3, -1, -1, -4, -1, 2, -6, 4, -1, -2, -5, -4, -6, -7, 2, -2, 0, -7, -1, -4, 1, -4, -8, 2, -2, -7, 3, -5, -6, -4, -3, 2, -3, 1, -1, -3, 2, 1, 0, -3, -1, -4, 0, 2, -2, -8, -8, -4, 4, 2, -2, -4, 3, 2, -8, 2, 3, 0, 3, -4, -8, -8, 3, -4, 3, 2, -1, 1, -8, -1, -1, -4, -3, -1, 4, 1, -3, -7, -8, -4, 1, -4, -8, -4, -1, 4, 0, -4, -5, -1, -2, 2, -5, -7]
 
4.67179186402: [2, -3, 3, -7, -3, -5, 4, -3, -6, -4, -7, 2, -4, -6, -6, -3, -5, 2, -5, -6, -4, 2, 1, 4, 2, -4, 3, 0, -3, 0, 1, -7, 4, -6, 4, 4, -2, 3, 0, 4, -6, 4, -1, -2, -5, -6, -6, -8, 2, -2, 0, -7, -4, -6, 1, -2, -7, -7, 0, 2, 4, -4, -4, -1, -4, -1, 3, 0, -2, 4, 4, -8, -7, -6, -7, 3, -8, -7, -5, 2, 2, -4, 4, -4, -5, -4, 2, 3, -1, 2, -5, -6, 3, -4, -8, -8, 3, 3, 3, -8, -1, 1, 4, -1, -2, -8, -3, -1, -4, -2, -3, -7, -8, -4, 1, -4, -8, -4, -1, 4, 0, -4, 1, -1, -2, 2, -5, -7]
 
5.05970269701: [2, -1, 0, 1, 0, -7, 1, -6, -1, -2, 3, -7, -5, -2, -3, -8, -6, -2, -5, 3, -2, -7, 0, 2, 2, -7, 0, 0, -7, 0, -6, -6, -7, 2, 0, -1, -1, -4, -1, 4, -6, 4, -1, -2, -5, -6, -6, -8, 2, -2, 0, -7, -4, -6, 1, -4, -8, 2, -5, 0, 3, -4, -4, -1, -4, -1, 3, 0, -2, 4, 4, -8, -7, -6, -7, 3, -8, -7, -5, 2, 2, -4, 4, -4, -5, -4, 2, 3, -1, 2, -5, -6, 3, -4, -8, -8, 3, 3, 3, -8, -1, 1, 4, -1, -2, -8, -3, -1, -4, -2, -3, -7, -8, -4, 1, -4, -8, -4, -1, 4, 0, -4, 1, -1, -2, 2, -5, -7]
 
5.03529343702: [2, -1, 0, 1, 0, -7, 1, -6, -1, -2, 3, -7, -5, -2, -3, -8, -6, -2, -5, 3, -2, -7, 0, 2, 2, -7, 0, 0, -7, 0, -6, -6, -7, 2, 0, -1, -1, -4, -1, 4, -6, 4, -1, -2, -5, -6, -6, -8, 2, -2, 0, -7, -4, -6, 1, -4, -8, 2, -5, 0, 3, -4, -4, -1, -4, -1, 3, 0, -2, 4, 4, -8, -7, -6, -7, 3, -8, -7, -5, 2, 2, -4, 4, -4, -5, -4, 2, 3, -1, 2, -5, -6, 3, -4, -8, -8, 3, 3, 3, -8, -1, 1, 4, -1, -2, -8, -3, -1, -4, -2, -3, -7, -8, -4, 1, -4, -8, -4, -1, 4, 0, -4, 1, -1, -2, 2, -5, -7]
 
4.81835373615: [0, -5, -6, -1, -8, -2, -7, -2, -4, -1, 0, -7, -5, -2, -3, -8, -6, -2, -5, 3, 2, 0, -3, -2, -4, -5, 0, 0, -7, 0, -6, -6, -7, 2, 0, -1, -1, -4, -1, 4, -6, 4, -1, -2, -5, -6, -6, -8, 2, -2, 0, -7, -4, -6, 1, -4, -8, 2, -5, 0, 3, -5, -7, 3, -3, 2, -3, 1, -7, -3, 2, 1, 0, -2, 4, -4, -8, 2, 0, -8, 2, -4, 4, -4, -5, -4, 2, 3, -1, 2, -5, -6, 3, -4, -8, -8, 3, 3, 3, -8, -1, 1, 4, -1, -2, -8, -3, -1, -4, -2, -3, -7, -8, -4, 1, -4, -8, -4, -1, 4, 0, -4, 1, -1, -2, 2, -5, -7]
 
2.83239084849: [-3, -1, 0, 1, 0, 4, 2, -6, -1, -2, 3, -7, -5, -2, 0, -8, -1, -2, -5, -5, -2, 4, -8, 2, 2, 2, -1, 0, 4, 0, -6, -6, -7, -4, 2, -1, -1, -7, -1, -7, -6, -5, -7, -2, 1, -6, -6, -2, 2, -2, -3, -7, -7, -6, 1, -2, -7, -7, 0, -7, 4, -4, -4, -8, -4, -1, 3, 0, -2, 4, -1, 2, -7, -7, -7, 3, -2, -6, -5, 2, 1, -6, -8, 4, -5, 2, 2, 3, -1, -4, 3, -8, 3, -4, -8, -8, 3, -6, 3, 3, -1, -5, 4, -8, -8, -8, -3, -1, 3, -2, -3, -7, -8, -5, 1, -4, 2, -4, -1, 4, 0, -4, 1, -1, -8, 0, -5, -7]
 
4.93283199417: [2, -1, 0, 1, 0, -7, 1, -6, -1, -2, 3, -7, -5, -2, -3, -8, -6, -2, -5, 3, 2, 0, -3, -2, -4, -5, 0, 0, -7, 0, -6, -6, -7, 2, 0, -1, -1, -4, -1, 4, -6, 4, -1, -2, -5, -6, -6, -8, 2, -2, 0, -7, -4, -6, 1, -4, -8, 2, -5, 0, 3, -5, -7, 3, -3, 2, -3, 1, -7, -3, 2, 1, 0, -2, 4, -4, -8, 2, 0, -8, 2, -4, 4, -4, -5, -4, 2, 3, -1, 2, -5, -6, 3, -4, -8, -8, 3, 3, 3, -8, -1, 1, 4, -1, -2, -8, -3, -1, -4, -2, -3, -7, -8, -4, 1, -4, -8, -4, -1, 4, 0, -4, 1, -1, -2, 2, -5, -7]
 
4.85871713954: [2, -3, 3, -7, -3, -5, 4, -3, -1, -2, 3, -7, -5, -2, -3, -8, -6, -2, -5, 3, -2, -7, 0, 2, 2, -7, 0, 0, -7, 0, -6, -6, -7, 2, 0, -1, -1, -4, -1, 4, -6, 4, -1, -2, -5, -6, -6, -8, 2, -2, 0, -7, -4, -6, 1, -4, -8, 2, -5, 0, 3, -5, -7, 3, -3, 2, -3, 1, -7, -3, 2, 1, 0, -2, 4, -4, -8, 2, 0, -8, 2, -4, 4, -4, -5, -4, 2, 3, -1, 2, -5, -6, 3, -4, -8, -8, 3, 3, 3, -8, -1, 1, 4, -1, -2, -8, -3, -1, -4, -2, -3, -7, -8, -4, 1, -4, -8, -4, -1, 4, 0, -4, 1, -1, -2, 2, -5, -7]
 
1.51338314964: [2, -1, 0, 1, 0, -7, 3, -6, 0, -2, 3, -7, -5, 1, -3, -6, -6, 1, -5, 3, -2, -1, 0, -2, -4, -5, 3, 0, -7, 0, -6, -8, -4, 2, 3, -1, -1, -6, -1, 4, -3, 4, -1, 3, -5, -6, -6, -8, 3, -2, -2, 3, -4, -6, -6, -6, -8, 3, -5, 0, 3, -5, -7, -3, -3, 2, -6, -2, -7, -3, 2, 1, 1, -4, 1, -4, -8, -4, 0, -8, -3, 0, -5, -2, -5, -2, 3, -4, -1, 2, -5, -6, 3, -4, -1, -8, 3, 0, 3, 0, -1, 1, 4, -1, 1, -8, 0, -1, -4, -5, -3, -7, -8, -4, 1, 3, -8, -6, -1, 4, 0, -4, -6, -1, -2, 2, 3, -7]
 
0.8658226204: [-8, -5, 0, 1, 2, -3, 2, -8, -5, -1, -7, -7, -5, -2, -3, -8, -4, -3, 3, 4, 0, -7, 1, -3, -8, 3, -2, -1, -5, -2, -6, -7, -8, -1, -1, -1, -4, -4, 0, -2, -4, 3, -4, -8, -5, -4, -6, 0, -1, -6, -3, -6, -4, -6, -6, -4, 2, 2, -3, -5, -1, -4, 3, -5, -6, -1, -1, -4, -6, 4, -6, -7, -1, -6, 0, 0, -8, -1, -5, -2, 2, -4, -5, -4, -3, -4, -8, -3, -4, -1, 2, 0, 1, -7, -8, -5, -3, -3, 3, 3, -1, -1, -8, -5, -2, -8, -3, -1, -6, -2, -3, 0, -1, 1, -3, 3, -3, -4, -3, 4, 1, -6, -7, -4, -2, 4, 3, -2]
 
4.73986538944: [2, -3, 3, -7, -3, -5, 4, -3, -1, -2, 3, -7, -5, -2, -3, -8, -6, -2, -5, 3, -2, -7, 0, 2, 2, -7, 0, 0, -7, 0, -6, -6, -7, 2, 0, -1, -1, -4, -1, 4, -6, 4, -1, -2, -5, -6, -6, -8, 2, -2, 0, -7, -4, -6, 1, -4, -8, 2, -5, 0, 3, -4, -4, -1, -4, -1, 3, 0, -2, 4, 4, -8, -7, -6, -7, 3, -8, -7, -5, 2, 2, -4, 4, -4, -5, -4, 2, 3, -1, 2, -5, -6, 3, -4, -8, -8, 3, 3, 3, -8, -1, 1, 4, -1, -2, -8, -3, -1, -4, -2, -3, -7, -8, -4, 1, -4, -8, -4, -1, 4, 0, -4, 1, -1, -2, 2, -5, -7]
 
5.00386769093: [0, -5, -6, -1, -8, -2, -7, -2, -4, -1, 0, -7, -5, -2, -3, -8, -6, -2, -5, 3, 2, 0, -3, -2, -4, -5, 0, 0, -7, 0, -6, -6, -7, 2, 0, -1, -1, -4, -1, 4, -6, 4, -1, -2, -5, -6, -6, -8, 2, -2, 0, -7, -4, -6, 1, -4, -8, 2, -5, 0, 3, -5, -7, 3, -3, 2, -3, 1, -7, -3, 2, 1, 0, -2, 4, -4, -8, 2, 0, -8, 2, -4, 4, -4, -5, -4, 2, 3, -1, 2, -5, -6, 3, -4, -8, -8, 3, 3, 3, -8, -1, 1, 4, -1, -2, -8, -3, -1, -4, -2, -3, -7, -8, -4, 1, -4, -8, -4, -1, 4, 0, -4, 1, -1, -2, 2, -5, -7]
 
5.06090319818: [0, -5, -6, -1, -8, -2, -7, -2, -4, -1, 0, -7, -5, -2, -3, -8, -6, -2, -5, 3, 2, 0, -3, -2, -4, -5, 0, 0, -7, 0, -6, -6, -7, 2, 0, -1, -1, -4, -1, 4, -6, 4, -1, -2, -5, -6, -6, -8, 2, -2, 0, -7, -4, -6, 1, -4, -8, 2, -5, 0, 3, -5, -7, 3, -3, 2, -3, 1, -7, -3, 2, 1, 0, -2, 4, -4, -8, 2, 0, -8, 2, -4, 4, -4, -5, -4, 2, 3, -1, 2, -5, -6, 3, -4, -8, -8, 3, 3, 3, -8, -1, 1, 4, -1, -2, -8, -3, -1, -4, -2, -3, -7, -8, -4, 1, -4, -8, -4, -1, 4, 0, -4, 1, -1, -2, 2, -5, -7]
 
1.15677378108: [2, -1, -3, -1, 0, 0, 1, -5, -1, -2, -6, -7, -5, -2, 0, -1, -6, -2, -5, 3, -2, -7, -3, 2, 2, -5, 0, 0, -7, 0, -6, -6, -7, 2, 0, -7, -1, -4, -7, 4, -7, 4, -1, -2, 4, 4, -6, -8, 4, 1, 0, -7, 2, 0, -1, -1, -7, -7, 0, -6, 4, -4, -4, -1, -4, -1, -2, 0, -5, 4, 4, -8, -7, 2, -7, -4, -8, 0, 2, 2, 2, -4, 4, -4, -5, 3, 2, 3, -1, 2, -5, -6, -6, 4, -8, -8, 4, 3, 3, -8, 3, 1, 4, -1, -3, -8, -3, -1, 1, -4, 4, 1, -4, -4, 1, -4, -8, -2, -1, -3, 0, -7, -2, -8, -2, 2, -5, 0]
 
0.737772233781: [2, -1, 0, 1, 0, -7, 1, -6, -1, -1, -6, -7, 4, -2, -3, -8, 1, -6, -5, -2, -2, -1, 0, -6, -8, 4, 0, 0, -7, 0, -6, -2, -7, 2, -5, -4, -1, -4, -1, 2, -6, 4, -8, -2, -7, -6, -6, 4, 2, 4, 0, -7, -4, -6, 1, -2, -7, -7, 0, 2, -4, -4, -4, -1, -4, -5, 3, -7, -2, 2, 4, -8, -7, -6, -7, 3, 1, -7, -5, 1, 4, -4, -3, -1, -8, -4, 2, 3, -1, -3, -5, 0, 3, -4, -8, -2, 3, 3, 3, -3, -1, 0, 4, -1, -2, -3, -7, -1, -4, -2, -1, -4, 0, -4, -1, -4, -8, -4, -3, 1, 0, -4, 1, -7, -2, 2, -5, 1]
 
4.83123971716: [2, -1, 0, 1, 0, -7, 1, -6, -1, -2, 3, -7, -5, -2, -3, -8, -6, -2, -5, 3, -2, -7, 0, 2, 2, -7, 0, 0, -7, 0, -6, -6, -7, 2, 0, -1, -1, -4, -1, 4, -6, 4, -1, -2, -5, -6, -6, -8, 2, -2, 0, -7, -4, -6, 1, -2, -7, -7, 0, 2, 4, -4, -4, -1, -4, -1, 3, 0, -2, 4, 4, -8, -7, -6, -7, 3, -8, -7, -5, 2, 2, -4, 4, -4, -5, -4, 2, 3, -1, 2, -5, -6, 3, -4, -8, -8, 3, 3, 3, -8, -1, 1, 4, -1, -2, -8, -3, -1, -4, -2, -3, -7, -8, -4, 1, -4, -8, -4, -1, 4, 0, -4, 1, -1, -2, 2, -5, -7]
 
2.28179300683: [2, -1, 0, -7, 0, -7, 1, -6, -7, -2, -6, -7, -6, -2, -1, -8, 1, -2, -5, 3, -2, -7, -4, -7, 2, -7, -5, 0, -4, 0, -6, -6, -7, 2, -7, -1, -8, 1, -1, -4, -6, 4, -1, -2, 3, 2, 3, -8, 2, -2, 0, -6, -4, -6, -1, -4, -6, 2, -3, 0, -3, -4, -8, -1, -4, -1, 3, 0, -2, 4, 4, -8, -7, -4, -7, 2, -8, -2, -5, 3, -5, -3, 4, 4, -3, -4, 0, 1, -1, -2, -5, -6, 3, -4, -8, -8, 1, -3, 3, 4, -1, 1, 4, -1, -2, -8, -3, -4, -7, -3, -3, -7, -8, -4, 1, -4, -7, -5, -1, 4, -6, -1, 1, -1, -2, -6, -3, -7]
 
4.91849933311: [2, -1, 0, 1, 0, -7, 1, -6, -1, -2, 3, -7, -5, -2, -3, -8, -6, -2, -5, 3, -2, -7, 0, 2, 2, -7, 0, 0, -7, 0, -6, -6, -7, 2, 0, -1, -1, -4, -1, 4, -6, 4, -1, -2, -5, -6, -6, -8, 2, -2, 0, -7, -4, -6, 1, -4, -8, 2, -5, 0, 3, -4, -4, -1, -4, -1, 3, 0, -2, 4, 4, -8, -7, -6, -7, 3, -8, -7, -5, 2, 2, -4, 4, -4, -5, -4, 2, 3, -1, 2, -5, -6, 3, -4, -8, -8, 3, 3, 3, -8, -1, 1, 4, -1, -2, -8, -3, -1, -4, -2, -3, -7, -8, -4, 1, -4, -8, -4, -1, 4, 0, -4, 1, -1, -2, 2, -5, -7]
 
5.00483861858: [2, -1, 0, 1, 0, -7, 1, -6, -1, -2, 0, -7, -5, -2, -3, -8, -6, -2, -5, 3, 2, 0, -3, -2, -4, -5, 0, 0, -7, 0, -6, -6, -7, 2, 0, -1, -1, -4, -1, 4, -6, 4, -1, -2, -5, -6, -6, -8, 2, -2, 0, -7, -4, -6, 1, -4, -8, 2, -5, 0, 3, -5, -7, 3, -3, 2, -3, 1, -7, -3, 2, 1, 0, -2, 4, -4, -8, 2, 0, -8, 2, -4, 4, -4, -5, -4, 2, 3, -1, 2, -5, -6, 3, -4, -8, -8, 3, 3, 3, -8, -1, 1, 4, -1, -2, -8, -3, -1, -4, -2, -3, -7, -8, -4, 1, -4, -8, -4, -1, 4, 0, -4, 1, -1, -2, 2, -5, -7]
 
1.06562565995: [2, 1, -5, 1, 0, -7, 1, -1, -1, -3, 3, 0, -5, 2, -3, -8, -5, -2, -5, 3, 2, 0, 4, -2, -6, -7, 0, 0, -7, -1, 3, -6, -7, -5, -3, 2, -1, -5, -1, 4, -6, -2, -6, -2, -5, -6, -2, -4, 2, -2, 4, 4, -4, -2, 1, -6, -7, -2, 2, 2, 4, -5, -4, -1, -4, -1, 3, 0, -2, 4, 4, -5, -6, -6, 0, 3, 3, -5, -6, -4, 2, -4, 4, 1, -5, -4, 2, 3, -1, -3, -5, -6, -1, -8, -8, -6, 3, 3, 3, -8, 3, 0, 4, -1, 4, 4, -3, -6, -8, 0, -1, 0, -1, -4, -1, -4, -8, -4, -1, -1, 0, -5, 1, -7, -3, -2, -5, 2]
 
0.785811471601: [4, -1, 0, 1, -1, -7, -7, -6, 3, -2, -1, -7, -5, -2, -3, -8, -6, -2, -5, -3, -2, -7, 0, -2, -4, -5, 0, 3, -1, 1, 2, 1, 4, 2, 0, -1, -1, -2, -1, 4, -6, 4, -1, -2, -4, -6, -6, -8, -1, -2, 0, -7, 3, -2, 0, -4, -8, -7, -5, -3, -2, 1, -4, 3, -3, 2, -7, 1, -7, -3, 0, 1, 2, 4, 4, 1, -8, 2, 0, -8, 2, -4, 4, -2, -5, -4, 2, 3, 2, 2, -5, -6, -3, -6, -8, -8, 3, 3, 3, -8, -1, 4, -7, -5, -4, -8, -1, 0, -4, -2, -3, -7, 1, -4, 4, -7, 2, -4, 4, 4, 0, -8, 1, 0, -2, -5, -5, -7]
 
1.83234736844: [3, -1, -5, 4, 0, -1, -1, -6, -1, -2, 3, 2, 4, -2, -3, -8, -6, 4, -5, 3, 4, 1, 0, -1, -3, -7, 0, 0, -7, 0, -6, -6, -7, 2, 0, 3, -1, -4, -1, -1, 4, -5, 4, -2, -5, -7, 0, -5, 2, -2, -8, -4, -3, -4, 1, -2, -7, 4, 0, -7, 4, -4, -4, -1, -5, 1, 3, -6, 0, 1, -1, -2, -7, 2, 3, 3, -8, -7, -5, -4, 2, 2, 3, -4, -5, -4, 2, 3, -2, 2, -5, -2, -1, -4, -8, -8, -1, -2, 3, -3, -1, 1, 4, -1, 3, -8, 0, 4, -4, -2, -3, 0, 4, -4, 1, -4, -8, -4, -1, 4, 0, -4, 1, 3, -2, 2, -5, -1]
 
1.33604062512: [2, -5, 0, 1, 0, 1, 1, -6, -1, -2, 3, -7, -8, -2, -3, -8, 1, -7, -5, 3, -2, -8, 0, 2, 3, -7, -4, 0, -7, 0, 4, -6, 1, 2, 0, -1, -1, -4, -1, 2, 2, 4, -1, -3, -5, -6, 4, -8, 2, -2, 0, -7, -4, -6, 3, -2, -2, -7, -1, 3, 4, -4, -4, -3, -4, -1, 3, 0, -2, -4, 4, -8, -7, -6, -5, 3, -4, -8, -5, -3, -2, -4, 4, -4, -6, -4, -4, 2, -1, -4, -2, -6, 3, -4, -8, -8, 2, -7, 3, -8, -5, 1, 2, -5, -2, -8, -3, -1, 1, -2, 2, -7, -8, -4, 1, 2, 3, -4, -1, -8, 1, -6, 1, -1, -2, 2, -5, -7]
 
4.98080886085: [2, -1, 0, 1, 0, -7, 1, -6, -1, -2, 3, -7, -5, -2, -3, -8, -6, -2, -5, 3, 2, 0, -3, -2, -4, -5, 0, 0, -7, 0, -6, -6, -7, 2, 0, -1, -1, -4, -1, 4, -6, 4, -1, -2, -5, -6, -6, -8, 2, -2, 0, -7, -4, -6, 1, -4, -8, 2, -5, 0, 3, -4, -4, -1, -4, -1, 3, 0, -2, 4, 4, -8, -7, -6, -7, 3, -8, -7, -5, 2, 2, -4, 4, -4, -5, -4, 2, 3, -1, 2, -5, -6, 3, -4, -8, -8, 3, 3, 3, -8, -1, 1, 4, -1, -2, -8, -3, -1, -4, -2, -3, -7, -8, -4, 1, -4, -8, -4, -1, 4, 0, -4, 1, -1, -2, 2, -5, -7]
 
4.6576197625: [2, -1, 0, 1, 0, -7, 1, -6, -1, -2, 3, -7, -5, -2, -3, -8, -6, -2, -5, 3, 2, 0, -3, -2, -4, -5, 0, 0, -7, 0, -6, -6, -7, 2, 0, -1, -1, -4, -1, 4, -6, 4, -1, -2, -5, -6, -6, -8, 2, -2, 0, -7, -4, -6, 1, -4, -8, 2, -5, 0, 3, -5, -7, 3, -3, 2, -3, 1, -7, -3, 2, 1, 0, -2, 4, -4, -8, 2, 0, -8, 2, -4, 4, -4, -5, -4, 2, 3, -1, 2, -5, -6, 3, -4, -8, -8, 3, 3, 3, -8, -1, 1, 4, -1, -2, -8, -3, -1, -4, -2, -3, -7, -8, -4, 1, -4, -8, -4, -1, 4, 0, -4, 1, -1, -2, 2, -5, -7]
 
