4.8252436437069335: [2, -1, 0, 1, 0, -7, 1, -6, -1, -2, 3, -7, -5, -2, -3, -8, -6, -2, -5, 3, 2, 0, -3, -2, -4, -5, 0, 0, -7, 0, -6, -6, -7, 2, 0, -1, -1, -4, -1, 4, -6, 4, -1, -2, -5, -6, -6, -8, 2, -2, 0, -7, -4, -6, 1, -4, -8, 2, -5, 0, 3, -5, -7, 3, -3, 2, -3, 1, -7, -3, 2, 1, 0, -2, 4, -4, -8, 2, 0, -8, 2, -4, 4, -4, -5, -4, 2, 3, -1, 2, -5, -6, 3, -4, -8, -8, 3, 3, 3, -8, -1, 1, 4, -1, -2, -8, -3, -1, -4, -2, -3, -7, -8, -4, 1, -4, -8, -4, -1, 4, 0, -4, 1, -1, -2, 2, -5, -7]
 
4.788590822969314: [2, -1, 0, 1, 0, -7, 1, -6, -1, -2, 3, -7, -5, -2, -3, -8, -6, -2, -5, 3, 2, 0, -3, -2, -4, -5, 0, 0, -7, 0, -6, -6, -7, 2, 0, -1, -1, -4, -1, 4, -6, 4, -1, -2, -5, -6, -6, -8, 2, -2, 0, -7, -4, -6, 1, -4, -8, 2, -5, 0, 3, -5, -7, 3, -3, 2, -3, 1, -7, -3, 2, 1, 0, -2, 4, -4, -8, 2, 0, -8, 2, -4, 4, -4, -5, -4, 2, 3, -1, 2, -5, -6, 3, -4, -8, -8, 3, 3, 3, -8, -1, 1, 4, -1, -2, -8, -3, -1, -4, -2, -3, -7, -8, -4, 1, -4, -8, -4, -1, 4, 0, -4, 1, -1, -2, 2, -5, -7]
 
4.573465970393221: [2, -1, 0, 1, 0, -7, 1, -6, -1, -2, 3, -7, -5, -2, -3, -8, -6, -2, -5, 3, -2, -7, 0, 2, 2, -7, -7, 4, -6, -6, -6, -6, -7, 2, 0, -1, -1, -4, -1, 4, -6, 4, -1, -2, -5, -6, -6, -8, 2, -2, 0, -7, -4, -6, 1, -4, -8, 2, -5, 0, 3, -5, -7, -6, -6, 0, 0, 3, -3, -2, 4, -3, -6, 3, -3, -1, -7, -1, 4, -5, -6, -6, 1, 4, -7, -2, 1, -2, -2, 4, -3, -3, -1, -3, 2, -5, 3, 3, 3, -8, -1, 1, 4, 2, -6, -7, -3, 3, 2, -2, -6, -4, -6, -5, -8, -5, 3, -1, 0, -7, -3, -2, 0, -8, -2, -5, 1, -3]
 
1.71983124595: [2, 3, 0, 1, 0, -3, 1, -6, 3, -2, -1, -7, -5, -8, -3, -3, -6, -4, -5, -3, -3, -7, 0, 1, 2, -7, -5, -2, -6, -3, -6, 2, -7, 4, 0, -1, -1, -4, -1, -3, -5, 4, -2, -5, 4, 0, -6, -8, 2, 2, 0, -7, -4, -8, -4, 2, -8, -7, -5, 0, -3, -5, -7, -6, -6, 0, 0, 2, -3, -4, 4, 4, -6, 3, -3, -1, -3, -1, 4, -6, -6, 1, -5, 4, 2, -2, -7, -2, -2, 4, -3, -3, 2, -3, -6, -5, 4, 1, 3, -6, -1, -4, -5, 0, -2, -8, -3, 3, -2, -2, -6, 1, 4, -5, -8, -7, -2, 4, 0, -7, -3, -2, 0, -8, -2, -5, 1, -1]
 
4.099506679949947: [2, -1, 0, 1, 0, -7, 1, -6, -1, -2, 3, -7, -5, -2, -3, -8, -6, -2, -5, 3, 2, 0, -3, -2, -4, -5, 0, 0, -7, 0, -6, -6, -7, 2, 0, -1, -1, -4, -1, 4, -6, 4, -1, -2, -5, -6, -6, -8, 2, -2, 0, -7, -4, -6, 1, -4, -8, 2, -5, 0, 3, -5, -7, -6, -6, 0, 0, 3, -3, -2, 4, -3, -6, 3, -3, -1, -7, -1, 4, 2, 2, -4, 4, -4, -5, -4, 2, 3, -1, 2, -5, -6, 3, -4, -8, -8, 3, 3, 3, -8, -1, 1, 4, -1, -2, -8, -3, -1, -4, -2, -3, -7, -8, -4, 1, -4, -8, -4, -1, 4, 0, -4, 1, -1, -2, 2, -5, -7]
 
1.71424552949: [2, 4, -7, 1, 0, -5, 1, -6, -6, -2, -7, -7, -5, -2, 2, -8, -2, -2, -6, 0, 2, -8, -3, -2, -3, -7, -6, 0, -7, 0, -6, -6, 3, 1, 2, -3, -1, -5, -1, 4, -8, 4, -1, -2, -8, -6, -3, -8, 2, -2, 0, -7, -4, -6, -3, -1, -8, 2, -5, 0, 3, -3, -7, -6, -6, 4, 2, 3, -3, 4, 4, -3, -6, 3, -3, -1, -7, -6, -5, -1, 2, -2, -2, -2, -3, 1, 2, 3, -1, 2, -6, -6, 3, -4, 0, -8, 3, 3, 3, -8, -1, -1, -6, -6, -2, -8, -3, -1, -4, -2, -3, 2, -8, -7, 4, 4, -8, -4, 4, -3, 0, -5, 1, 2, -2, 2, -5, -7]
 
0.59883193798: [2, -1, -8, 1, 0, -7, 1, -3, -1, -2, 3, 3, -5, -6, -4, 1, -6, 1, -5, 3, -2, -7, -7, 2, 2, 2, -7, 4, -6, 4, -6, 4, 4, -6, 0, -1, -2, -4, -1, 4, -6, 4, -1, -3, -5, 0, 4, -8, 2, -2, 0, -5, 2, -6, 1, 2, -8, -7, -5, -4, -5, -5, -7, -1, -8, 0, 2, 3, 4, -2, -1, -2, -6, 3, -3, -1, -7, -1, 3, -1, 2, -4, 4, -4, 3, -4, -8, 3, -1, -2, -5, -6, 4, -4, -8, -8, 3, 3, 3, -8, 0, 1, 4, -2, -2, -8, -3, -1, -4, -2, -3, 4, -6, 0, 1, -4, -8, -4, -1, 4, 0, -4, 0, -4, -2, -6, -5, -1]
 
4.030038940731383: [0, -5, -6, -1, -8, -2, -7, -2, -4, -1, 0, -2, 3, 4, -3, -8, -6, -2, -5, 3, 2, 0, -3, -2, -4, -5, 0, 0, -7, 0, -6, -6, -7, 2, 0, -1, -1, -4, -1, 4, -6, 4, -1, -2, -5, -6, -6, -8, 2, -2, 0, -7, -4, -6, 1, -2, -7, -7, 0, 2, 4, -4, -4, -1, -4, -1, 3, 0, -2, 4, 4, -8, -7, -6, -7, 3, -8, -7, -5, 2, 2, -4, 4, -4, -5, -4, 2, 3, -1, 2, -5, -6, 3, -4, -8, -8, 3, 3, 3, -8, -1, 1, 4, -1, -2, -8, -3, -1, -4, -2, -3, -7, -8, -4, 1, -4, -8, -4, -1, 4, 0, -4, 1, -1, -2, 2, -5, -7]
 
3.8853930055511072: [2, -3, 3, -7, -3, -5, 4, -3, -6, -4, -7, 2, -4, -6, -6, -3, -5, 2, -5, -6, -4, 2, 1, 4, 2, -4, 3, 0, -7, 0, -6, -6, -7, 2, 0, -1, -1, -4, -1, 4, -6, 4, -1, -2, -5, -6, -6, -8, 2, -2, 0, -7, -4, -6, 1, -4, -8, 2, -5, 0, 3, -5, -7, -6, -6, 0, 0, 3, -3, -2, 4, -3, -6, 3, -3, -1, -7, -1, 4, 2, 2, -4, 4, -4, -5, -4, 2, 3, -1, 2, -5, -6, 3, -4, -8, -8, 3, 3, 3, -8, -1, 1, 4, -1, -2, -8, -3, -1, -4, -2, -3, -7, -8, -4, 1, -4, -8, -4, -1, 4, 0, -4, 1, -1, -2, 2, -5, -7]
 
3.8574460237257746: [2, -3, 3, -7, -3, -5, 4, -3, -6, -4, -7, 2, -4, -6, -6, -3, -5, 2, -5, -6, -4, 2, 1, 4, 2, -4, 3, 0, -3, 0, 1, -7, 4, -6, 4, 4, -2, 3, 0, -2, -7, 0, 2, -6, -2, 2, -4, -6, -5, -6, -4, -3, -6, -7, 3, -1, 1, -7, 0, -3, 4, -8, -1, 3, -3, 2, -3, 1, -7, -3, 4, -3, -6, 3, -3, -1, -7, -1, 4, 2, 2, -4, 4, -4, -5, -4, 2, 3, -1, 2, -5, -6, 3, -4, -8, -8, 3, 3, 3, -8, -1, 1, 4, 2, -6, -7, -3, 3, 2, -2, -6, -4, -6, -5, -8, -5, 3, -1, 0, -7, -3, -2, 0, -8, -2, -5, 1, -3]
 
3.847029101242824: [2, -3, 3, -7, -3, -5, 4, -3, -6, -4, -7, 2, -4, -6, -6, -3, -5, 2, -5, -6, -4, 2, 1, 4, 2, -4, 3, 0, -7, 0, -6, -6, -7, 2, 0, -1, -1, -4, -1, 4, -6, 4, -1, -2, -5, -6, -6, -8, 2, -2, 0, -7, -4, -6, 1, -4, -8, 2, -5, 0, 3, -5, -7, -6, -6, 0, 0, 3, -3, -2, 4, -3, -6, 3, -3, -1, -7, -1, 4, 2, 2, -4, 4, -4, -5, -4, 2, 3, -1, 2, -5, -6, 3, -4, -8, -8, 3, 3, 3, -8, -1, 1, 4, -1, -2, -8, -3, -1, -4, -2, -3, -7, -8, -4, 1, -4, -8, -4, -1, 4, 0, -4, 1, -1, -2, 2, -5, -7]
 
3.797105984868316: [2, -1, 0, 1, 0, -7, 1, -6, -1, -2, 3, -7, -5, -2, -3, -8, -6, -2, -5, 3, 2, 0, -3, -2, -4, -5, 0, 0, -7, 0, -6, -6, -7, 2, 0, -1, -1, -4, -1, 4, -6, 4, -1, -2, -5, -6, -6, -8, 2, -2, 0, -7, -4, -6, 1, -4, -8, 2, -5, 0, 3, -5, -7, 3, -3, 2, -3, 1, -7, -3, 2, 1, 0, -2, 4, -4, -8, 2, 0, -8, -5, -1, -1, 0, 3, -3, -4, -4, -2, 4, -3, -3, -1, -3, 2, -5, 0, -6, -1, -6, -7, -4, -6, -1, -2, -8, -3, 3, 2, -2, -6, -4, -6, -5, -8, -5, 3, -1, 0, -7, -3, -2, 0, -8, -2, -5, 1, -3]
 
3.7905104370251426: [0, -5, -6, -1, -8, -2, -7, -2, -4, -1, 0, -2, 3, 4, -3, -8, -6, -2, -5, 3, 2, 0, -3, -2, -4, -5, 0, 0, -7, 0, -6, -6, -7, 2, 0, -1, -1, -4, -1, 4, -6, 4, -1, -2, -5, -6, -6, -8, 2, -2, 0, -7, -4, -6, 1, -4, -8, 2, -5, 0, 3, -5, -7, -6, -6, 0, 0, 3, -3, -2, 4, -3, -6, 3, -3, -1, -7, -1, 4, 2, 2, -4, 4, -4, -5, -4, 2, 3, -1, 2, -5, -6, 3, -4, -8, -8, 3, 3, 3, -8, -1, 1, 4, -1, -2, -8, -3, -1, -4, -2, -3, -7, -8, -4, 1, -4, -8, -4, -1, 4, 0, 0, 1, -3, 1, -3, -8, 0]
 
0.745747978732: [2, -1, 0, 0, -4, 1, -5, 4, -1, -7, 1, -7, -5, 0, 4, -4, -8, 3, 4, 3, 2, 0, -3, -2, 4, -5, 4, 1, -6, -7, -2, -6, -7, -2, 0, -1, -1, -4, -1, 4, -6, 4, -1, -8, -5, 1, -6, -5, 2, -2, -6, -2, -2, -6, 1, 3, -8, 4, -5, 0, 4, -5, 1, -6, -3, 0, 1, 3, -7, 3, 4, -8, -6, 1, -3, -1, -7, -1, -1, 2, -7, -4, -8, -4, -5, -4, 2, 3, -1, -5, -5, -6, 0, -4, -8, -8, 3, 3, 3, -8, 2, 1, 4, -1, 0, -1, 4, -1, 0, -8, -3, -7, -8, -4, 1, -4, 3, -4, -1, 4, 0, -4, 4, -3, -2, 3, 3, -7]
 
3.593549535431273: [2, -1, 0, 1, 0, -7, 1, -6, -1, -2, 3, -7, -5, -2, -3, -8, -6, -2, -5, 3, -2, -7, 0, 2, 2, -7, -7, 4, -6, -6, -6, 2, 4, 0, -7, -1, -1, -4, -8, -2, -8, -8, -3, 3, 4, 3, 3, 0, -4, 3, 2, -8, -2, -2, -3, -2, -7, -7, 0, 2, 4, -4, -4, -1, -4, -1, 3, 0, -2, 4, 4, -8, -7, -6, -7, 3, -8, -7, -5, 2, 2, -4, 4, -4, -5, -4, 2, 3, -1, 2, -5, -6, 3, -4, -8, -8, 3, 3, 3, -8, -1, 1, 4, 2, -6, -7, -3, 3, 2, -2, -6, -4, -6, -5, -8, -5, 3, -1, 0, -7, -3, -2, 0, -8, -2, -5, 1, -3]
 
3.549475620922907: [0, -5, -6, -1, -8, -2, -7, -2, -4, -1, 0, -2, 3, 4, -3, -8, -6, -2, -5, 3, 2, 0, -3, -2, -4, -5, 0, 0, -7, 0, -6, -6, -7, 2, 0, -1, -1, -4, -1, 4, -6, 4, -1, -2, -5, -6, -6, -8, 2, -2, 0, -7, -4, -6, 1, -2, -7, -7, 0, 2, 4, -4, -4, -1, -4, -1, 3, 0, -2, 4, 4, -8, -7, -6, -7, 3, -8, -7, -5, 2, 2, -4, 4, -4, -5, -4, 2, 3, -1, 2, -5, -6, 3, -4, -8, -8, 3, 3, 3, -8, -1, 1, 4, 2, -6, -7, -3, 3, 2, -2, -6, -4, -6, -5, -8, -5, 3, -1, 0, -7, -3, -2, 0, -8, -2, -5, 1, -3]
 
3.514980590370111: [2, -3, -7, -7, -3, -5, 4, -3, -6, -6, 4, 2, -3, -6, -6, -3, -3, 2, -5, -6, -4, 2, 1, -3, -5, -4, 3, 0, 1, 0, -1, -7, 3, 1, 4, 4, 3, 4, -8, -2, -8, -8, -3, 3, 4, 3, 3, 0, -4, 3, 2, -8, -2, -2, -3, -2, -7, -7, 0, 2, 4, -4, -4, -1, -4, -1, 3, 0, -2, 4, 4, -8, -7, -6, -7, 3, -7, -1, 4, 2, 2, -4, 4, -4, -5, -4, 2, 3, -1, 2, -5, -6, 3, -4, -8, -8, 3, 3, 3, -8, -1, 1, 4, 2, -6, -7, -3, 3, 2, -2, -6, -4, -6, -5, -8, -5, 3, -1, 0, -7, -3, -2, 0, -8, -2, -5, 1, -3]
 
3.508054353568559: [2, -1, 0, 1, 0, -7, 1, -6, -1, -2, 3, -7, -5, -2, -3, -8, -6, -2, -5, 3, -2, -7, 0, 2, 2, -7, -7, 4, -6, -6, -6, 2, 4, 0, -7, -1, 2, 4, -8, -2, -8, -8, -3, 3, 4, 3, 3, 0, -4, 3, 2, -8, -2, -2, -3, -2, -7, -7, 0, 2, 4, -4, -4, -1, -4, -1, 3, 0, -2, 4, 4, -8, -7, -6, -7, 3, -8, -7, -5, 2, 2, -4, 4, -4, -5, -4, 2, 3, -1, 2, -5, -6, 3, -4, -8, -8, 3, 3, 3, -8, -1, 1, 4, 2, -6, -7, -3, 3, 2, -2, -6, -4, -6, -5, -8, -5, 3, -1, 0, -7, -3, -2, 0, -8, -2, -5, 1, -3]
 
3.505979931385401: [2, -1, 0, 1, 0, -7, 1, -6, -1, -2, 3, -7, -5, -2, -3, -8, -6, -2, -5, 3, -2, -7, 0, 2, 2, -7, -7, 4, -6, -6, -6, 2, 4, 0, -7, -1, 2, 4, -8, -2, -8, -8, -3, 3, 4, 3, 3, 0, -4, 3, 2, -8, -2, -2, -3, -2, -7, -7, 0, 2, 4, -4, -4, -1, -4, -1, 3, 0, -2, 4, 4, -8, -7, -6, -7, 3, -8, -7, -5, 2, 2, -4, 4, -4, -5, -4, 2, 3, -1, 2, -5, -6, 3, -4, -8, -8, 3, 3, 3, -8, -1, 1, 4, 2, -6, -7, -3, 3, 2, -2, -6, -4, -6, -5, -8, -5, 3, -1, 0, -7, -3, -2, 0, -8, -2, -5, 1, -3]
 
1.61313075968: [4, -5, -7, 0, -3, -3, 4, -1, -2, -2, -5, -7, 1, 0, -8, -2, -3, 2, -5, 4, -7, -6, -1, -3, -5, 1, 1, -4, -4, -8, -5, 1, 3, 1, -5, 4, -7, 3, 0, -6, -6, -2, 2, -6, -2, 4, -2, -8, -2, 1, -8, -8, -7, -2, -3, -2, -8, -7, 0, 3, 4, -4, -3, -1, -1, -8, 3, -2, -2, 4, 0, -8, -6, 3, 4, -4, -8, -4, 3, -5, -5, -6, -5, -5, -7, 4, -1, -4, 3, 4, 4, -3, -5, -4, 2, -5, -3, -3, 1, -6, 4, -7, -6, -1, -8, -8, -3, -7, 2, -5, -4, 0, -8, -5, 3, -5, 0, 0, 0, -6, -8, -4, 2, -5, 1, -8, 1, -3]
 
3.4647353468053224: [2, -3, -7, -7, -3, -5, 4, -3, -6, -6, 4, 2, -3, -6, -6, -3, -3, 2, -5, -6, -4, 2, 1, -3, -5, -4, 3, 0, 1, 0, -1, -7, 3, 1, 4, 4, 3, 4, -8, -2, -8, -8, -3, 3, 4, 3, 3, 0, -4, 3, 2, -8, -2, -2, -3, -2, -7, -7, 0, 2, 4, -4, -4, -1, -4, -8, 3, 0, -2, 4, 4, -3, -7, -6, -7, -4, -8, -7, -5, 0, -7, -6, -6, 4, -7, -2, -2, -2, -8, 4, -8, -3, -1, -5, 0, 0, 0, -6, -4, -6, 4, 3, -2, -1, -5, -1, -3, 1, -4, -2, -3, -7, 2, -4, 1, -4, -8, -4, -1, 4, 0, 0, 1, -3, 1, -3, -8, 0]
 
1.3139106953: [2, -3, -7, -7, 2, 3, -5, 1, 1, -5, 3, 2, 1, 0, 4, 3, 3, -3, 4, -6, -4, 2, 1, -1, -5, -4, -3, -5, 1, -2, -3, 0, -1, -5, 4, -1, -7, 2, -6, 2, -8, 1, -3, -4, -6, -8, 3, 0, -4, 3, 0, -8, -7, -2, -2, -2, -1, -1, 0, 2, -6, 4, -8, -6, -4, 2, 3, 0, -2, 4, -4, 4, -6, -4, -6, 3, -7, 2, 1, 2, 4, 3, 4, -7, -4, -4, 2, 3, -1, 2, -2, -7, 3, -8, -8, -4, -2, 0, -1, -8, -3, 1, 4, 2, -6, -7, -3, -4, 0, 4, -1, -8, -6, -5, -8, 3, -1, 4, -7, 3, -3, 3, -6, -8, 0, -7, -2, -3]
 
3.417145144922964: [2, -3, 3, -7, -3, -5, 4, -3, -6, -4, -7, 2, -4, -6, -6, -3, -5, 2, -5, -6, -4, 2, 1, 4, 2, -4, 3, 0, -3, 0, 1, -7, 4, -6, 4, 4, -2, 3, 0, -2, -7, 0, 2, -6, -2, 2, -4, -6, -5, -6, -4, -3, -6, -7, 3, -1, 1, -7, -3, 4, 1, -6, 2, 4, -7, 3, -4, -5, 3, 3, -3, 4, 3, 1, -5, -1, -1, -7, -5, 0, -7, -6, -6, 4, -7, -2, -2, -2, -8, 4, -8, -3, 3, -4, -8, -8, 3, 3, 3, -8, -1, 1, 4, -1, -2, -8, -3, -1, -4, -2, -3, -7, -8, -4, 1, -4, -8, -4, -1, 4, 0, 0, 1, -3, 1, -3, -8, 0]
 
3.4149189853028536: [2, -3, -7, -7, -3, -5, 4, -3, -6, -6, 4, 2, -3, -6, -6, -3, -3, 2, -5, -6, -4, 2, 1, -3, -5, -4, 3, 0, 1, 0, -1, -7, 3, 1, 4, 4, 3, 4, -8, -2, -8, -8, -3, 3, 4, 3, 3, 0, -4, 3, 2, -8, -2, -2, -3, -2, -7, -7, 0, 2, 4, -4, -4, -1, -4, -1, 3, 0, -2, 4, 4, -8, -7, -6, -7, 3, -7, -1, 4, 2, 2, -4, 4, -4, -5, -4, 2, 3, -1, 2, -5, -6, 3, -4, -8, -8, 0, -6, -1, -6, -7, -4, -6, -1, -2, -8, -3, 3, 2, -2, -6, -4, -6, -5, -8, -5, 3, -1, 0, -7, -3, -2, 0, -8, -2, -5, 1, -3]
 
1.91823581161: [2, -8, 2, 1, 0, 2, 0, -6, -6, 4, -8, -2, -5, -5, -5, -5, -6, 1, -4, -2, -2, -7, -7, -4, -5, -5, 1, -3, -5, -6, -4, 2, -8, -2, -7, -1, 2, 4, -7, -2, -8, -2, -3, 3, 4, 3, 3, 4, -4, 0, 3, -5, -6, -2, -6, -4, -6, -1, -5, -5, 2, -5, -2, -6, -2, 0, -1, 3, -3, 1, 4, -4, -3, 3, -3, -1, -6, -1, 4, -8, -5, -2, -3, -4, -2, 0, 3, 0, 2, 2, -5, 0, 1, -4, -8, 4, 3, 3, -4, -7, -8, -1, 4, -1, -2, -2, -5, 4, 0, 3, -3, -7, -6, -5, 1, -4, -4, -4, -2, 4, 0, 1, 1, -7, 1, 4, -5, -7]
 
3.3722567242439165: [2, -3, -7, -7, -3, -5, 4, -3, -6, -6, 4, 2, -3, -6, -6, -3, -3, 2, -5, -6, -4, 2, 1, -3, -5, -4, 3, 0, 1, 0, -1, -7, 3, 1, 4, 4, 3, 4, -8, -2, -8, -8, -3, 3, 4, 3, 3, 0, -4, 3, 2, -8, -2, -2, -3, -2, -7, -7, 0, 2, 4, -4, -4, -1, -4, -1, 3, 0, -2, 4, 4, -8, -7, -6, -7, 3, -7, -1, 4, 2, 2, -4, 4, -4, -5, -4, 2, 3, -1, 2, -5, -6, 3, -4, -8, -8, 3, 3, 3, -8, -1, 1, 4, 2, -6, -7, -3, 3, 2, -2, -6, -4, -6, -5, -8, -5, 3, -1, 0, -7, -3, -2, 0, -8, -2, -5, 1, -3]
 
1.10852997181: [0, 2, -6, -2, -8, -8, -1, -8, 1, -1, 2, -2, 3, 4, -3, -8, -6, -2, 3, -5, 2, 0, -3, -2, -4, -5, -4, 0, -7, 0, -6, 2, -7, 2, -4, -1, -1, -1, -2, 4, -6, 4, -1, -2, -5, 1, -6, -8, 2, -8, -8, -7, -4, -6, -5, -4, -4, 0, -5, -2, 1, -5, -7, 3, -3, 0, -4, 1, -7, -3, -7, 1, 0, -2, 3, 4, 2, 0, 0, -8, -5, -7, -1, 0, 0, -1, -1, -4, -4, 4, -3, -3, -1, -3, 2, -5, 0, -6, -1, -6, -7, -4, -1, -1, -2, -8, -3, 3, 2, 0, -6, -4, -6, -6, -8, -5, 3, -7, 0, -7, -3, -2, 3, -1, -2, -5, -1, -4]
 
3.3186841350480663: [2, -1, 0, 1, 0, -7, 1, -6, -1, -2, 3, -7, -5, -2, -3, -8, -6, -2, -5, 3, 2, 0, -3, -2, -4, -5, 0, 0, -7, 0, -6, -6, -7, 2, 0, -1, -1, -4, -1, 4, -6, 4, -1, -2, -5, -6, -6, -8, 2, -2, 0, -7, -4, -6, 1, -4, -8, 2, -5, 0, 3, -5, -7, 3, -3, 2, -3, 1, -7, -3, 2, 1, 0, -2, 4, -4, -8, 2, 0, -8, -5, -1, -1, 0, 3, -3, -4, -4, -2, 4, -3, -3, -1, -3, 2, -5, 0, -6, -1, -6, -7, -4, -6, -1, -2, -8, -3, 3, 2, -2, -6, -4, -6, -5, -8, -5, 3, -1, 0, -7, -3, -2, 0, -8, -2, -5, 1, -3]
 
3.3166427227285844: [2, -1, 0, 1, 0, -7, 1, -6, -1, -2, 3, -7, -5, -2, -3, -8, -6, -2, -5, 3, -2, -7, 0, 2, 2, -7, -7, 4, -6, -6, -6, 2, 4, 0, -7, -1, 2, 4, -8, -2, -8, -8, -3, 3, 4, 3, 3, 0, -4, 3, 2, -8, -2, -2, -3, -2, -7, -7, 0, 2, 4, -4, -4, -1, -4, -1, 3, 0, -2, 4, 4, -8, -7, -6, -7, 3, -7, -1, 4, 2, 2, -4, 4, -4, -5, -4, 2, 3, -1, 2, -5, -6, 3, -4, -8, -8, 3, 3, 3, -8, -1, 1, 4, 2, -6, -7, -3, 3, 2, -2, -6, -4, -6, -5, -8, -5, 3, -1, 0, -7, -3, -2, 0, -8, -2, -5, 1, -3]
 
3.262737959250409: [2, -1, 0, 1, 0, -7, 1, -6, -1, -2, 3, -7, -5, -2, -3, -8, -6, -2, -5, 3, -2, -7, 0, 2, 2, -7, -7, 4, -6, -6, -6, 2, 4, 0, -7, -1, 2, 4, -8, -2, -8, -8, -3, 3, 4, 3, 3, 0, -4, 3, 2, -8, -2, -2, -3, -2, -7, -7, 0, 2, 4, -4, -4, -1, -4, -1, 3, 0, -2, 4, 4, -8, -7, -6, -7, 3, -8, -7, -5, 2, 2, -4, 4, -4, -5, -4, 2, 3, -1, 2, -5, -6, 3, -4, -8, -8, 3, 3, 3, -8, -1, 1, 4, -1, -2, -8, -3, 3, 2, -2, -6, -4, -6, -5, -8, -5, 3, -1, 0, -7, -3, -2, 0, -8, -2, -5, 1, -3]
 
3.2571586434180615: [0, -5, -6, 1, 0, -7, 1, -6, -1, -2, 3, -7, -5, -2, -3, -8, -6, -2, -5, 3, -2, -7, 0, 2, 2, -7, -7, 4, -6, -6, -6, 2, 4, 0, -7, -1, 2, 4, -8, -2, -8, -8, -3, 3, 4, 3, 3, 0, -4, 3, 0, -7, -4, -6, 1, -4, -8, 2, -5, 0, 3, -5, -7, -6, -6, 0, 0, 3, -3, -2, 4, -3, -6, 3, -3, -1, -7, -1, 4, 2, 2, -4, 4, -4, -5, -4, 2, 3, -1, 2, -5, -6, 3, -4, -8, -8, 3, 3, 3, -8, -1, 1, 4, 2, -6, -7, -3, -1, -4, -2, -3, -7, -8, -4, 1, -4, -8, -4, -1, 4, 0, -4, 1, -1, -2, 2, -5, -7]
 
3.227091223461825: [2, -3, 3, -7, -3, -5, 4, -3, -6, -4, -7, 2, -4, -6, -6, -3, -5, 2, -5, -6, -4, 2, 1, 4, 2, -4, 3, 0, -3, 0, 1, -7, 4, -6, 4, 4, -2, 3, 0, -2, -7, 0, 2, -6, -2, 2, -4, -6, -5, -6, -4, -3, -6, -7, 3, -2, -7, -7, 0, 2, 4, -4, -4, -1, -4, -1, 3, 0, -2, 4, 4, -8, -7, -6, -7, 3, -8, -7, -5, 2, 2, -4, 4, -4, -5, -4, 2, 3, -1, 2, -5, -6, 3, -4, -8, -8, 3, 3, 3, -8, -1, 1, 4, 2, -6, -7, -3, 3, 2, -2, -6, -4, -6, -5, -8, -5, 3, -1, 0, -7, -3, -2, 0, -8, -2, -5, 1, -3]
 
4.11763317942: [2, -1, 0, 1, 0, -7, 1, -6, -1, -2, 3, -7, 3, 4, -3, -8, -6, -2, -5, 3, 2, 0, -3, -2, -4, -5, 0, 0, -7, 0, -6, -6, -7, 2, 0, -1, -1, -4, -1, 4, -6, 4, -1, -2, -5, -6, -6, -8, 2, -2, 0, -7, -4, -6, 1, -2, -7, -7, 0, 2, 4, -4, -4, -1, -4, -1, 3, 0, -2, 4, 4, -8, -7, -6, -7, 3, -8, -7, -5, 2, 2, -4, 4, -4, -5, -4, 2, 3, -1, 2, -5, -6, 3, -4, -8, -8, 3, 3, 3, -8, -1, 1, 4, -1, -2, -8, -3, -1, -4, -2, -3, -7, -8, -4, 1, -4, -8, -4, -1, 4, 0, -4, 1, -1, -2, 2, -5, -7]
 
3.10138755542: [0, -5, -6, -1, -8, -2, -7, -2, -4, -1, 0, -2, -5, -2, -3, -8, -6, -2, -5, 3, -2, -7, 0, 2, 2, -7, -7, 4, -6, -6, -6, 2, 4, 0, -7, -1, 2, 4, -8, -2, -8, -8, -3, 3, 4, 3, 3, 0, -4, 3, 2, -8, -2, -2, 1, -4, -8, 2, -5, 0, 3, -5, -7, -6, -6, 0, 0, 3, -3, -2, 4, -3, -6, 3, -3, -1, -7, -1, 4, 2, 2, -4, 4, -4, -5, -4, 2, 3, -1, 2, -5, -6, 3, -4, -8, -8, 3, 3, 3, -8, -1, 1, 4, -1, -2, -8, -3, -1, -4, -2, -3, -7, -8, -4, 1, -4, -8, -4, -1, 4, 0, -4, 1, -1, -2, 2, -5, -7]
 
2.06044883866: [2, -5, -8, 1, -4, -1, -8, -6, -1, -6, -6, -7, -5, -2, 1, -8, -6, -2, -5, 3, -2, -2, 4, 2, 2, -7, 1, 4, -7, -6, -6, 2, 4, 0, 3, -4, -1, -1, -1, 4, -6, 4, -5, -2, -5, -6, 3, -8, 4, -2, -4, -7, -4, -6, 1, -3, -7, 1, 2, -1, 3, -5, -2, 1, -6, 4, 0, 3, 3, -2, 4, 4, -6, 3, -3, 3, -6, -1, 4, -4, 2, -8, 4, -4, -5, -5, -8, 3, -1, -6, -5, 3, 3, -4, -8, -8, 3, 3, -8, 1, -4, 1, 4, -1, 0, -8, -3, -1, -1, -2, -2, -7, -8, -4, 1, -4, -2, -4, -1, 4, 0, -4, 1, 4, -2, 2, -5, -7]
 
3.47569953678: [2, -1, 0, 1, 0, -7, 1, -6, -1, -2, 3, -7, -5, -2, -3, -8, -6, -2, -5, 3, -2, -7, 0, 2, 2, -7, -7, 4, -6, -6, -6, 2, 4, 0, -7, -1, 2, 4, -8, -2, -8, -8, -3, 3, 4, 3, 3, 0, -4, 3, 2, -8, -2, -2, -3, -2, -7, -7, 0, 2, 4, -4, -4, -1, -4, -1, 3, 0, -2, 4, 4, -8, -7, -6, -7, 3, -8, -7, -5, 2, 2, -4, 4, -4, -5, -4, 2, 3, -1, 2, -5, -6, 3, -4, -8, -8, 3, 3, 3, -8, -1, 1, 4, 2, -6, -7, -3, 3, 2, -2, -6, -4, -6, -5, -8, -5, 3, -1, 0, -7, -3, -2, 0, -8, -2, -5, 1, -3]
 
4.73241282082: [2, -1, 0, 1, 0, -7, 1, -6, -1, -2, 3, -7, -5, -2, -3, -8, -6, -2, -5, 3, 2, 0, -3, -2, -4, -5, 0, 0, -7, 0, -6, -6, -7, 2, 0, -1, -1, -4, -1, 4, -6, 4, -1, -2, -5, -6, -6, -8, 2, -2, 0, -7, -4, -6, 1, -4, -8, 2, -5, 0, 3, -5, -7, 3, -3, 2, -3, 1, -7, -3, 2, 1, 0, -2, 4, -4, -8, 2, 0, -8, 2, -4, 4, -4, -5, -4, 2, 3, -1, 2, -5, -6, 3, -4, -8, -8, 3, 3, 3, -8, -1, 1, 4, -1, -2, -8, -3, -1, -4, -2, -3, -7, -8, -4, 1, -4, -8, -4, -1, 4, 0, -4, 1, -1, -2, 2, -5, -7]
 
3.23564956006: [2, -1, 0, 1, 0, -7, 1, -6, -1, -2, 3, -7, -5, -2, -3, -8, -6, -2, -5, 3, -2, -7, 0, 2, 2, -7, -7, 4, -6, -6, -6, 2, 4, 0, -7, -1, 2, 4, -8, -2, -8, -8, -3, 3, 4, 3, 3, 0, -4, 3, 2, -8, -2, -2, 1, -4, -8, 2, -5, 0, 3, -5, -7, -6, -6, 0, 0, 3, -3, -2, 4, -3, -6, 3, -3, -1, -7, -1, 4, 2, 2, -4, 4, -4, -5, -4, 2, 3, -1, 2, -5, -6, 3, -4, -8, -8, 3, 3, 3, -8, -1, 1, 4, -1, -2, -8, -3, -1, -4, -2, -3, -7, -8, -4, 1, -4, -8, -4, -1, 4, 0, -4, 1, -1, -2, 2, -5, -7]
 
3.48803401632: [2, -1, 0, 1, 0, -7, 1, -6, -1, -2, 3, -7, -5, -2, -3, -8, -6, -2, -5, 3, -2, -7, 0, 2, 2, -7, -7, 4, -6, -6, -6, 2, 4, 0, -7, -1, 2, 4, -8, -2, -8, -8, -3, 3, 4, 3, 3, 0, -4, 3, 2, -8, -2, -2, -3, -2, -7, -7, 0, 2, 4, -4, -4, -1, -4, -1, 3, 0, -2, 4, 4, -8, -7, -6, -7, 3, -8, -7, -5, 2, 2, -4, 4, -4, -5, -4, 2, 3, -1, 2, -5, -6, 3, -4, -8, -8, 3, 3, 3, -8, -1, 1, 4, 2, -6, -7, -3, 3, 2, -2, -6, -4, -6, -5, -8, -5, 3, -1, 0, -7, -3, -2, 0, -8, -2, -5, 1, -3]
 
3.36873755265: [2, -3, -7, -7, -3, -5, 4, -3, -6, -6, 4, 2, -3, -6, -6, -3, -3, 2, -5, -6, -4, 2, 1, -3, -5, -4, 3, 0, 1, 0, -1, -7, 3, 1, 4, 4, 3, 4, -8, -2, -8, -8, -3, 3, 4, 3, 3, 0, -4, 3, 2, -8, -2, -2, -3, -2, -7, -7, 0, 2, 4, -4, -4, -1, -4, -1, 3, 0, -2, 4, 4, -8, -7, -6, -7, 3, -7, -1, 4, 2, 2, -4, 4, -4, -5, -4, 2, 3, -1, 2, -5, -6, 3, -4, -8, -8, 0, -6, -1, -6, -7, -4, -6, -1, -2, -8, -3, 3, 2, -2, -6, -4, -6, -5, -8, -5, 3, -1, 0, -7, -3, -2, 0, -8, -2, -5, 1, -3]
 
2.58851781684: [2, -3, -6, -7, -3, -2, 4, 0, -6, -6, 4, 2, -6, -6, 0, -6, -1, 2, -5, -6, -4, -2, 1, -1, -5, 0, 3, -8, 1, 1, 3, -7, 3, -7, 4, 1, 3, 4, -8, -2, -3, -8, -8, 3, 1, 3, 3, 0, -5, -6, 0, -3, -6, -6, -4, 1, 1, -7, -3, 4, -6, -4, -4, 2, -8, -3, -5, -5, 3, 3, -3, 4, 3, 1, -8, -1, -1, -2, 2, 0, -7, -6, -6, 4, -7, -2, 0, -2, -8, 4, -2, -6, 0, -4, -8, 3, 3, 3, 3, -8, 2, -5, 4, -1, -2, 4, -3, -3, -6, -2, -3, -7, 1, -7, -5, -4, -8, 2, 2, 4, 0, -2, 1, -3, -6, -3, -8, -6]
 
4.08276405543: [2, -3, 3, -7, -3, -5, 4, -3, -6, -4, -7, 2, -4, -6, -6, -3, -5, 2, -5, -6, -4, 2, 1, 4, 2, -4, 3, 0, -3, 0, 1, -7, 4, -6, 4, 4, -2, 3, 0, -2, -7, 0, 2, -6, -2, 2, -4, -6, -4, 3, 2, -8, -2, -2, -3, -2, -7, -7, 0, 2, 4, -4, -4, -1, -4, -1, 3, 0, -2, 4, 4, -8, -7, -6, -7, 3, -7, -1, 4, 2, 2, -4, 4, -4, -5, -4, 2, 3, -1, 2, -5, -6, 3, -4, -8, -8, 3, 3, 3, -8, -1, 1, 4, 2, -6, -7, -3, 3, 2, -2, -6, -4, -6, -5, -8, -5, 3, -1, 0, -7, -3, -2, 0, -8, -2, -5, 1, -3]
 
1.83504936478: [-5, 3, 0, 1, 0, -7, -7, -6, 4, -2, -3, -7, -5, -2, -1, -8, -6, 4, -5, 3, -2, -7, 0, 2, -4, -7, -6, 4, -1, -3, -6, 2, 4, 2, 2, -1, -1, 0, -8, -2, -8, -4, -3, -6, 4, 3, -5, 0, -5, 3, 2, -2, -2, -4, -3, -3, -7, 0, 0, 2, 4, -4, -4, -1, -2, -5, 3, 0, -2, -1, 4, -8, -7, -3, -7, -8, -8, -8, -7, 2, 2, 4, 4, -4, -5, -4, -5, 3, -1, 2, -3, 3, 3, -4, -2, -8, -6, 3, 3, 0, -1, 1, 2, 2, -6, -1, -3, 3, 2, -2, -6, -5, -6, -5, -8, -5, 3, -1, -1, -4, -3, -2, -7, 1, -2, -7, 1, -3]
 
3.44409575286: [2, -1, 0, 1, 0, -7, 1, -6, -1, -2, 3, -7, -5, -2, -3, -8, -6, -2, -5, 3, -2, -7, 0, 2, 2, -7, -7, 4, -6, -6, -6, 2, 4, 0, -7, -1, 2, 4, -8, -2, -8, -8, -3, 3, 4, 3, 3, 0, -4, 3, 2, -8, -2, -2, -3, -2, -7, -7, 0, 2, 4, -4, -4, -1, -4, -1, 3, 0, -2, 4, 4, -8, -7, -6, -7, 3, -8, -7, -5, 2, 2, -4, 4, -4, -5, -4, 2, 3, -1, 2, -5, -6, 3, -4, -8, -8, 3, 3, 3, -8, -1, 1, 4, 2, -6, -7, -3, 3, 2, -2, -6, -4, -6, -5, -8, -5, 3, -1, 0, -7, -3, -2, 0, -8, -2, -5, 1, -3]
 
3.16841566519: [2, -1, 0, 1, 0, -7, 1, -6, -1, -2, 3, -7, -5, -2, -3, -8, -6, -2, -5, 3, -2, -7, 0, 2, 2, -7, -7, 4, -6, -6, -6, 2, 4, 0, -7, -1, 2, 4, -8, -2, -8, -8, -3, 3, 4, 3, 3, 0, -4, 3, 2, -8, -2, -2, -3, -2, -7, -7, 0, 2, 4, -4, -4, -1, -4, -1, 3, 0, -2, 4, 4, -8, -7, -6, -7, 3, -8, -7, -5, 2, 2, -4, 4, -4, -5, -4, 2, 3, -1, 2, -5, -6, 3, -4, -8, -8, 3, 3, 3, -8, -1, 1, 4, 2, -6, -7, -3, 3, 2, -2, -6, -4, -6, -5, -8, -5, 3, -1, 0, -7, -3, -2, 0, -8, -2, -5, 1, -3]
 
1.80132192746: [2, 4, -7, -7, -3, -5, 4, -3, -6, -6, 4, 2, -3, -6, 2, -3, -3, 4, 2, -8, -4, 2, -5, 4, -5, -4, 3, 0, 1, 2, 0, -1, 3, 1, 4, 4, 3, 4, -3, -8, -8, -8, -3, 3, 4, -3, 3, -8, -4, 3, 2, -8, -4, -2, -8, -8, -7, -7, 3, -8, 4, -2, -7, -1, -4, -1, -6, 0, -3, 4, 4, -8, -5, -6, -7, 3, -7, -7, -4, 2, 2, -4, 4, -4, 2, 2, 4, 3, 4, -8, -5, -8, -2, 2, 3, -8, 0, 1, -1, -6, -8, -4, -5, -1, 4, -8, -3, 1, 2, -2, -6, -4, -6, -5, -8, -1, 3, 2, 0, -7, -3, -8, 0, -8, -2, 1, 1, -3]
 
2.77908266259: [0, -5, -6, 1, 0, -7, 1, -6, -1, -2, 3, -7, -5, -2, -3, -8, -6, -2, -5, 3, -2, -7, 0, 2, 2, -7, -7, 4, -6, -6, -6, 2, 4, 0, -7, -1, 2, 4, -8, -2, -8, -8, -3, 3, 4, 3, 3, 0, -4, 3, 0, -7, -4, -6, 1, -4, -8, 2, -5, 0, 3, -5, -7, -6, -6, 0, 0, 3, -3, -2, 4, -3, -6, 3, -3, -1, -7, -1, 4, 2, 2, -4, 4, -4, -5, -4, 2, 3, -1, 2, -5, -6, 3, -4, -8, -8, 3, 3, 3, -8, -1, 1, 4, 2, -6, -7, -3, -1, -4, -2, -3, -7, -8, -4, 1, -4, -8, -4, 0, -7, -3, -2, 0, -8, -2, -5, 1, -3]
 
3.63833041654: [2, -1, 0, 1, 0, -7, 1, -6, -1, -2, 3, -7, -5, -2, -3, -8, -6, -2, -5, 3, -2, -7, 0, 2, 2, -7, -7, 4, -6, -6, -6, 2, 4, 0, -7, -1, 2, 4, -8, -2, -8, -8, -3, 3, 4, 3, 3, 0, -4, 3, 2, -8, -2, -2, -3, -2, -7, -7, 0, 2, 4, -4, -4, -1, -4, -1, 3, 0, -2, 4, 4, -8, -7, -6, -7, 3, -8, -7, -5, 2, 2, -4, 4, -4, -5, -4, 2, 3, -1, 2, -5, -6, 3, -4, -8, -8, 3, 3, 3, -8, -1, 1, 4, 2, -6, -7, -3, 3, 2, -2, -6, -4, -6, -5, -8, -5, 3, -1, -1, 4, 0, -4, 1, -1, -2, 2, -5, -7]
 
0.551938600648: [-8, 3, -6, -1, -8, -2, -7, -2, 4, -8, 0, -2, 3, 4, -2, -5, -6, -2, -5, 2, -2, -6, 0, -6, -3, -7, -7, 4, -6, -6, -6, 2, 0, 0, -7, -1, 2, 0, -8, -8, 3, -8, -3, 4, 4, 3, 3, 0, -4, 3, 2, -8, -1, -2, -3, -2, -8, -7, 1, 2, -7, -4, -4, -5, 2, -1, 3, 3, -2, -6, -2, -8, -7, 3, 1, 3, -8, -7, -5, -5, 2, -4, 4, -4, -8, 3, 2, -4, -1, 2, 4, -5, 3, -4, -8, -6, 3, 3, 3, 2, -1, 1, -3, -3, -6, -7, -3, -7, -4, -2, -6, -8, -6, -1, -8, -6, 3, -7, 0, -7, -3, -2, 0, -8, -7, -5, 1, -3]
 
4.11006800516: [2, -1, 0, 1, 0, -7, 1, -6, -1, -2, 3, -7, -5, -2, -3, -8, -6, -2, -5, 3, 2, 0, -3, -2, -4, -5, 0, 0, -7, 0, -6, -6, -7, 2, 0, -1, -1, -4, -1, 4, -6, 4, -1, -2, -5, -6, -6, -8, 2, -2, 0, -7, -4, -6, 1, -4, -8, 2, -5, 0, 3, -5, -7, -6, -6, 0, 0, 3, -3, -2, 4, -3, -6, 3, -3, -1, -7, -1, 4, 2, 2, -4, 4, -4, -5, -4, 2, 3, -1, 2, -5, -6, 3, -4, -8, -8, 3, 3, 3, -8, -1, 1, 4, -1, -2, -8, -3, -1, -4, -2, -3, -7, -8, -4, 1, -4, -8, -4, -1, 4, 0, 0, 1, -3, 1, -3, -8, 0]
 
3.58961113988: [2, -1, 0, 1, 0, -7, 1, -6, -1, -2, 3, -7, -5, -2, -3, -8, -6, -2, -5, 3, 2, 0, -3, -2, -4, -5, 0, 0, -7, 0, -6, -6, -7, 2, 0, -1, -1, -4, -1, 4, -6, 4, -1, -2, -5, -6, -6, -8, 2, -2, 0, -7, -4, -6, 1, -4, -8, 2, -5, 0, 3, -5, -7, -6, -6, 0, 0, 3, -3, -2, 4, -3, -6, 3, -3, -1, -7, -1, 4, 2, 2, -4, 4, -4, -5, -4, 2, 3, -1, 2, -5, -6, 3, -4, -8, -8, 3, 3, 3, -8, -1, 1, 4, -1, -2, -8, -3, -1, 2, -2, -6, -4, -6, -5, -8, -5, 3, -1, 0, -7, -3, -2, 0, -8, -2, -5, 1, -3]
 
1.46110997944: [2, -3, -3, -7, -3, -5, -4, -3, -7, -6, -7, 4, -6, -5, -6, -1, 4, -7, -5, 2, -4, -5, 4, -3, 0, -8, 3, 0, 1, 0, -1, -7, 3, 1, -5, 4, 3, 4, -1, -4, -8, -8, -3, -3, -8, 3, -3, 0, 4, -1, 2, -2, -2, 1, -3, -2, -7, -7, -7, 2, 1, -4, -4, -1, -3, -1, 3, -1, 1, 4, -1, 2, -7, 4, -7, 3, -7, -2, -6, 2, 0, -4, -5, -4, -5, 0, 2, 3, -1, 2, 2, -6, 0, -4, -8, -8, -5, 3, 3, -8, -1, 1, 4, -7, -6, -7, -3, 3, -7, -3, -3, -7, -8, -4, 1, -4, -8, -2, 4, -1, -7, -4, 1, 4, -2, 4, -3, -7]
 
2.87345162266: [2, -1, 0, 1, 0, -7, 1, -6, -1, -2, 3, -7, -5, -2, -3, -8, -6, -2, -5, 3, -2, -7, 0, 2, 2, -7, -7, 4, -6, -6, -6, 2, 4, 0, -7, -1, 2, 4, -8, -2, -8, -8, -3, 3, 4, 3, 3, 0, -4, 3, 2, -8, -2, -2, -3, -2, -7, 2, -5, 0, 3, -5, -7, -6, -6, 0, 0, 3, -3, -2, 4, -3, -6, 3, -3, -1, -7, -1, 4, 2, 2, -4, 4, -4, -5, -4, 2, 3, -1, 2, -5, -6, 3, -4, -8, -8, 3, 3, 3, -8, -1, 1, 4, -1, -2, -8, -3, -1, -4, -2, -3, -7, -8, -4, 1, -4, -8, -4, -1, 4, 0, 0, 1, -3, 1, -3, -8, 0]
 
0.862135319806: [0, -3, 0, -4, 0, 2, -8, -3, -1, 1, 3, -7, -5, 0, 2, -8, 1, 4, 3, -8, 2, -7, -3, -2, 2, -6, -4, 0, -8, -6, -4, -6, -7, 2, 0, -8, -6, -4, -1, 4, -6, 3, -1, 4, 3, -6, -8, -3, -3, -2, 1, -7, -4, -6, -8, -4, -8, 3, 0, 2, 4, -4, -4, -1, -4, -1, 3, -1, -2, 4, 3, -6, -7, -5, -7, 3, -6, -1, -5, 2, 0, -8, -8, 2, 1, 3, -7, -2, -4, 2, -1, 4, -1, -5, 0, 0, 3, 3, 3, 3, 3, 2, -3, 2, 3, -6, -3, -1, 2, -7, -1, 2, -8, -5, -8, 4, -6, -5, 0, 3, -7, -2, -4, -8, -7, -5, -3, -3]
 
4.19452129381: [2, -1, 0, 1, 0, -7, 1, -6, -1, -2, 3, -7, 3, 4, -3, -8, -6, -2, -5, 3, 2, 0, -3, -2, -4, -5, 0, 0, -7, 0, -6, -6, -7, 2, 0, -1, -1, -4, -1, 4, -6, 4, -1, -2, -5, -6, -6, -8, 2, -2, 0, -7, -4, -6, 1, -2, -7, -7, 0, 2, 4, -4, -4, -1, -4, -1, 3, 0, -2, 4, 4, -8, -7, -6, -7, 3, -8, -7, -5, 2, 2, -4, 4, -4, -5, -4, 2, 3, -1, 2, -5, -6, 3, -4, -8, -8, 3, 3, 3, -8, -1, 1, 4, -1, -2, -8, -3, -1, -4, -2, -3, -7, -8, -4, 1, -4, -8, -4, -1, 4, 0, -4, 1, -1, -2, 2, -5, -7]
 
3.94507239251: [0, -5, -6, -1, -8, -2, -7, -2, -4, -1, 0, -2, 3, 4, -3, -8, -6, -2, -5, 3, 2, 0, -3, -2, -4, -5, 0, 0, -7, 0, -6, -6, -7, 2, 0, -1, -1, -4, -1, 4, -6, 4, -1, -2, -5, -6, -6, -8, 2, -2, 0, -7, -4, -6, 1, -2, -7, -7, 0, 2, 4, -4, -4, -1, -4, -1, 3, 0, -2, 4, 4, -8, -7, -6, -7, 3, -8, -7, -5, 2, 2, -4, 4, -4, -5, -4, 2, 3, -1, 2, -5, -6, 3, -4, -8, -8, 3, 3, 3, -8, -1, 1, 4, -1, -2, -8, -3, -1, -4, -2, -3, -7, -8, -4, 1, -4, -8, -4, -1, 4, 0, -4, 1, -1, -2, 2, -5, -7]
 
3.83813107952: [2, -1, 0, 1, 0, -7, 1, -6, -1, -2, 3, -7, -5, -2, -3, -8, -6, -2, -5, 3, -2, -7, 0, 2, 2, -7, -7, 4, -6, -6, -6, 2, 4, 0, -7, -1, -1, -4, -1, 4, -6, 4, -1, -2, -5, -6, -6, -8, 2, -2, 0, -7, -4, -6, 1, -4, -8, 2, -5, 2, 4, -4, -4, -1, -4, -1, 3, 0, -2, 4, 4, -8, -7, -6, -7, 3, -7, -1, 4, 2, 2, -4, 4, -4, -5, -4, 2, 3, -1, 2, -5, -6, 3, -4, -8, -8, 3, 3, 3, -8, -1, 1, 4, 2, -6, -7, -3, 3, 2, -2, -6, -4, -6, -5, -8, -5, 3, -1, 0, -7, -3, -2, 0, -8, -2, -5, 1, -3]
 
2.57923151825: [2, -3, -7, -7, -3, -5, 4, -3, -6, -6, 4, 2, -3, -6, -6, -3, -3, 2, -5, -6, -4, 2, 1, -3, -5, -4, 3, 0, 1, 0, -1, -7, 3, 1, 4, 4, 3, 4, -8, -2, -8, -8, -3, 3, 4, 3, 3, 0, -4, 3, 2, -8, -2, -2, -3, -2, -7, -7, 0, 0, 3, -5, -7, -6, -6, 0, 0, 3, -3, -2, 4, -3, -6, 3, -3, -1, -7, -1, 4, 2, 2, -4, 4, -4, -5, -4, 2, 3, -1, 2, -5, -6, 3, -4, -8, -8, 3, 3, 3, -8, -1, 1, 4, -1, -2, -8, -3, -1, -4, -2, -3, -7, -8, -4, 1, -4, -8, -4, -1, 4, 0, -4, 1, -1, -2, 2, -5, -7]
 
4.65269144265: [2, -1, 0, 1, 0, -7, 1, -6, -1, -2, 3, -7, -5, -2, -3, -8, -6, -2, -5, 3, 2, 0, -3, -2, -4, -5, 0, 0, -7, 0, -6, -6, -7, 2, 0, -1, -1, -4, -1, 4, -6, 4, -1, -2, -5, -6, -6, -8, 2, -2, 0, -7, -4, -6, 1, -2, -7, -7, 0, 2, 4, -4, -4, -1, -4, -1, 3, 0, -2, 4, 4, -8, -7, -6, -7, 3, -8, -7, -5, 2, 2, -4, 4, -4, -5, -4, 2, 3, -1, 2, -5, -6, 3, -4, -8, -8, 3, 3, 3, -8, -1, 1, 4, -1, -2, -8, -3, -1, -4, -2, -3, -7, -8, -4, 1, -4, -8, -4, -1, 4, 0, -4, 1, -1, -2, 2, -5, -7]
 
0.971639411167: [2, -1, 2, 2, 0, -7, 1, -6, -7, -5, -1, -7, -3, 1, -3, -8, -6, -5, -5, 3, -2, -7, 0, -1, -3, -7, -7, 4, -7, -6, -4, -7, 4, -2, -7, -1, -7, 4, 3, -8, -8, 2, 0, -2, 4, 3, -5, 0, -4, -8, -7, 3, 3, -2, -3, -2, -1, -7, 0, 2, 4, -4, -5, 0, -4, -1, 3, 0, 2, 4, 4, -8, -2, -6, -7, 3, -3, -7, -5, 2, -3, -4, -2, -1, -5, -8, 2, 3, -1, -4, -5, -6, 3, -4, 2, -8, 4, 3, 3, -8, -5, -3, -7, -2, -6, -7, -3, 3, 1, -5, -6, -4, -6, -5, -8, -5, -3, -1, 0, -7, -3, -2, 0, 1, -2, -3, 1, -3]
 
3.43908273653: [2, -1, 0, 1, 0, -7, 1, -6, -1, -2, 3, -7, -5, -2, -3, -8, -6, -2, -5, 3, -2, -7, 0, 2, 2, -7, -7, 4, -6, -6, -6, 2, 4, 0, -7, -1, 2, 4, -8, -2, -8, -8, -3, 3, 4, 3, 3, 0, -4, 3, 2, -8, -2, -2, -3, -2, -7, -7, 0, 2, 4, -4, -4, -1, -4, -1, 3, 0, -2, 4, 4, -8, -7, -6, -7, 3, -8, -7, -5, 2, 2, -4, 4, -4, -5, -4, 2, 3, -1, 2, -5, -6, 3, -4, -8, -8, 3, 3, 3, -8, -1, 1, 4, 2, -6, -7, -3, 3, 2, -2, -6, -4, -6, -5, -8, -5, 3, -1, 0, -7, -3, -2, 0, -8, -2, -5, 1, -3]
 
4.36364448913: [2, -3, 3, -7, -3, -5, 4, -3, -6, -4, -7, 2, -4, -6, -6, -3, -5, 2, -5, -6, -4, 2, 1, 4, 2, -4, 3, 0, -3, 0, 1, -7, 4, -6, 4, 4, -2, 3, 0, -2, -7, 0, 2, -6, -2, 2, -4, -6, -4, 3, 2, -8, -2, -2, -3, -2, -7, -7, 0, 2, 4, -4, -4, -1, -4, -1, 3, 0, -2, 4, 4, -8, -7, -6, -7, 3, -7, -1, 4, 2, 2, -4, 4, -4, -5, -4, 2, 3, -1, 2, -5, -6, 3, -4, -8, -8, 3, 3, 3, -8, -1, 1, 4, 2, -6, -7, -3, 3, 2, -2, -6, -4, -6, -5, -8, -5, 3, -1, 0, -7, -3, -2, 0, -8, -2, -5, 1, -3]
 
4.62633121886: [2, -1, 0, 1, 0, -7, 1, -6, -1, -2, 3, -7, -5, -2, -3, -8, -6, -2, -5, 3, -2, -7, 0, 2, 2, -7, -7, 4, -6, -6, -6, 2, 4, 0, -7, -1, 2, 4, -8, -2, -8, -8, -3, 3, 4, 3, 3, 0, 2, -2, 0, -7, -4, -6, 1, -4, -8, 2, -5, 0, 3, -5, -7, -6, -6, 0, 0, 3, -3, -2, 4, -3, -6, 3, -3, -1, -7, -1, 4, 2, 2, -4, 4, -4, -5, -4, 2, 3, -1, 2, -5, -6, 3, -4, -8, -8, 3, 3, 3, -8, -1, 1, 4, -1, -2, -8, -3, -1, -4, -2, -3, -7, -8, -4, 1, -4, -8, -4, -1, 4, 0, -4, 1, -1, -2, 2, -5, -7]
 
3.20977480901: [2, -1, 0, 1, 0, -7, 1, -6, -1, -2, 3, -7, -5, -2, -3, -8, -6, -2, -5, 3, 2, 0, -3, -2, -4, -5, 0, 0, -7, 0, -6, -6, -7, 2, 0, -1, -1, -4, -1, 4, -6, 4, -1, -2, -5, -6, -6, -8, -4, 3, 2, -8, -2, -2, -3, -2, -7, -7, 0, 2, 4, -4, -4, -1, -4, -1, 3, 0, -2, 4, 4, -8, -7, -6, -7, 3, -8, -7, -5, 2, 2, -4, 4, -4, -5, -4, 2, 3, -1, 2, -5, -6, 3, -4, -8, -8, 3, 3, 3, -8, -1, 1, 4, 2, -6, -7, -3, 3, 2, -2, -6, -4, -6, -5, -8, -5, 3, -1, 0, -7, -3, -2, 0, -8, -2, -5, 1, -3]
 
