5.318058688986611: [2, -1, 0, 1, 0, -7, 1, -6, -1, -2, 3, -7, -5, -2, -3, -8, -6, -2, -5, 3, -2, -7, 0, 2, 2, -7, 0, 0, -7, 0, -6, -6, -7, 2, 0, -1, -1, -4, -1, 4, -6, 4, -1, -2, -5, -6, -6, -8, 2, -2, 0, -7, -4, -6, 1, -4, -8, 2, -5, 0, 3, -4, -4, -1, -4, -1, 3, 0, -2, 4, 4, -8, -7, -6, -7, 3, -8, 2, 0, -8, 2, -4, 4, -4, -5, -4, 2, 3, -1, 2, -5, -6, 3, -4, -8, -8, 3, 3, 3, -8, -1, 1, 4, -1, -2, -8, -3, -1, -4, -2, -3, -7, -8, -4, 1, -4, -8, -4, -1, 4, 0, -4, 1, -1, -2, 2, -5, -7]
 
5.30420796598266: [2, -3, 3, -7, -3, -5, 4, -3, -4, -1, 0, -7, -5, -2, -3, -8, -6, -2, -5, 3, -2, -7, 0, 2, 2, -7, 0, 0, -7, 0, -6, -6, -7, 2, 0, -1, -1, -4, -1, 4, -6, 4, -1, -2, -5, -6, -6, -8, 2, -2, 0, -7, -4, -6, 1, -4, -8, 2, -5, 0, 3, -4, -4, -1, -4, -1, -3, 1, -7, -3, 2, 1, 0, -2, 4, -4, -8, 2, 0, -8, 2, -4, 4, -4, -5, -4, 2, 3, -1, 2, -5, -6, 3, -4, -8, -8, 3, 3, 3, -8, -1, 1, 4, -1, -2, -8, -3, -1, -4, -2, -3, -7, -8, -4, 1, -4, -8, -4, -1, 4, 0, -4, 1, -1, -2, 2, -5, -7]
 
5.215391530758209: [2, -1, 0, 1, -8, -2, -7, -2, -4, -1, 0, -7, -5, -2, -3, -8, -6, -2, -5, 3, 2, 0, -3, -2, -4, -5, 0, 0, -7, 0, -6, -6, -7, 2, 0, -1, -1, -4, -1, 4, -6, 4, -1, -2, -5, -6, -6, -8, 2, -2, 0, -7, -4, -6, 1, -4, -8, 2, -5, 0, 3, -5, -7, 3, -3, 2, -3, 1, -7, -3, 2, 1, 0, -2, 4, -4, -8, 2, 0, -8, 2, -4, 4, -4, -5, -4, 2, 3, -1, 2, -5, -6, 3, -4, -8, -8, 3, 3, 3, -8, -1, 1, 4, -1, -2, -8, -3, -1, -4, -2, -3, -7, -8, -4, 1, -4, -8, -4, -1, 4, 0, -4, 1, -1, -2, 2, -5, -7]
 
5.20173277756809: [2, -1, 0, 1, 0, -7, 1, -6, -1, -2, 3, -7, -5, -2, -3, -8, -6, -2, -5, 3, -2, -7, 0, 2, 2, -7, 0, 0, -7, 0, -6, -6, -7, 2, 0, -1, -1, -4, -1, 4, -6, 4, -1, -2, -5, -6, -6, -8, 2, -2, 0, -7, -4, -6, 1, -4, -8, 2, -5, 0, 3, -4, -4, -1, -4, -1, 3, 0, -2, 4, 4, -8, -7, -6, -7, 3, -8, -7, -5, 2, 2, -4, 4, -4, -5, -4, 2, 3, -1, 2, -5, -6, 3, -4, -8, -8, 3, 3, 3, -8, -1, 1, 4, -1, -2, -8, -3, -1, -4, -2, -3, -7, -8, -4, 1, -4, -8, -4, -1, 4, 0, -4, 1, -1, -2, 2, -5, -7]
 
5.197564244347741: [2, -1, 0, 1, 0, -7, 1, -6, -1, -2, 3, -7, -5, -2, -3, -8, -6, -2, -5, 3, -2, -7, 0, 2, 2, -7, 0, 0, -7, 0, -6, -6, -7, 2, 0, -1, -1, -4, -1, 4, -6, 4, -1, -2, -5, -6, -6, -8, 2, -2, 0, -7, -4, -6, 1, -4, -8, 2, -5, 0, 3, -4, -4, -1, -4, -1, 3, 0, -2, 4, 4, -8, -7, -6, -7, 3, -8, 2, 0, -8, 2, -4, 4, -4, -5, -4, 2, 3, -1, 2, -5, -6, 3, -4, -8, -8, 3, 3, 3, -8, -1, 1, 4, -1, -2, -8, -3, -1, -4, -2, -3, -7, -8, -4, 1, -4, -8, -4, -1, 4, 0, -4, 1, -1, -2, 2, -5, -7]
 
5.167170363101751: [2, -3, 0, 1, 0, -7, 1, -6, -1, -2, 3, -7, -5, -2, -3, -8, -6, -2, -5, 3, -2, -7, 0, 2, 2, -7, 0, 0, -7, 0, -6, -6, -7, 2, 0, -1, -1, -4, -1, 4, -6, 4, -1, -2, -5, -6, -6, -8, 2, -2, 0, -7, -4, -6, 1, -4, -8, 2, -5, 0, 3, -4, -4, -1, -4, -1, -3, 1, -7, -3, 2, 1, 0, -2, 4, -4, -8, 2, 0, -8, 2, -4, 4, -4, -5, -4, 2, 3, -1, 2, -5, -6, 3, -4, -8, -8, 3, 3, 3, -8, -1, 1, 4, -1, -2, -8, -3, -1, -4, -2, -3, -7, -8, -4, 1, -4, -8, -4, -1, 4, 0, -4, 1, -1, -2, 2, -5, -7]
 
5.157323293994721: [2, -1, 0, 1, 0, -7, 1, -6, -1, -2, 3, -7, -5, -2, -3, -8, -6, -2, -5, 3, -2, -7, 0, 2, 2, -7, 0, 0, -7, 0, -6, -6, -7, 2, 0, -1, -1, -4, -1, 4, -6, 4, -1, -2, -5, -6, -6, -8, 2, -2, 0, -7, -4, -6, 1, -4, -8, 2, -5, 0, 3, -4, -4, -1, -4, -1, 3, 0, -2, 4, 4, -8, -7, -6, -7, 3, -8, -7, -5, 2, 2, -4, 4, -4, -5, -4, 2, 3, -1, 2, -5, -6, 3, -4, -8, -8, 3, 3, 3, -8, -1, 1, 4, -1, -2, -8, -3, -1, -4, -2, -3, -7, -8, -4, 1, -4, -8, -4, -1, 4, 0, -4, 1, -1, -2, 2, -5, -7]
 
1.49142791224: [-1, -5, 1, -7, -4, -4, 3, -3, -4, -2, -5, -7, -5, -2, -3, -8, 1, -2, -5, 3, 3, -7, -7, -2, -4, -7, -2, 0, -1, 0, 3, -7, -8, -3, -7, -1, -4, -1, -5, 2, -6, 4, -5, 2, -5, -5, -1, -8, -7, -2, 4, 0, 1, 1, 3, -8, -8, -5, -5, 0, 3, -6, -5, -5, -4, -5, 1, 3, 3, -3, 1, 1, 0, -2, -4, -4, 4, -3, -4, -8, 0, -2, -7, -4, -4, -4, 0, 1, -3, -4, -2, 1, 0, -4, 0, -8, 3, 3, 3, -8, -2, -7, 3, -1, -2, -8, -3, -1, 3, -2, -7, -2, -8, -4, 1, -6, 4, -3, 4, 4, 0, 1, 1, -5, 0, 0, -7, -7]
 
1.38208740629: [2, -1, 0, 1, -1, -4, -6, -3, 1, -2, 0, -7, -5, -7, -3, -3, -6, -7, -2, -8, -3, -7, 0, 2, -2, -5, 0, 0, -7, -1, -1, -2, -7, -6, -6, 4, -1, -4, -1, -1, -5, 4, -8, -4, -1, -6, -1, -8, 2, -1, 2, -7, -4, -3, 4, -4, -8, 2, -5, 0, 3, -7, -1, -5, -4, -1, 3, 0, 3, 3, 4, -8, -2, -3, -7, -6, 2, -7, -5, 2, 2, 1, 4, -4, -5, -4, 2, 3, -1, 2, -5, -6, 3, -7, -2, -8, 3, 3, 3, -8, 0, 1, 4, -1, -7, -7, -8, -5, -4, 1, -3, -7, -3, -4, 1, -1, -8, -4, -1, 0, 0, -4, -4, -1, -2, -7, 1, -7]
 
0.716550239193: [-1, -3, 0, -3, -6, -7, -5, 3, -2, -1, -4, 4, -5, 2, -3, 1, 3, -2, 0, -1, -4, -4, -4, 3, 2, -1, 0, -2, 2, 0, 4, -6, -2, 2, 0, -5, -1, -4, -1, 3, -6, 0, -4, 4, 2, -8, -4, -8, 4, -2, -6, 0, 3, -6, -3, -4, -8, -2, -5, 0, -1, 0, -2, -3, 2, -1, -8, -8, -7, 4, -6, -8, -4, 2, -3, 3, 3, -6, 0, -8, 2, 0, -2, -5, -1, -4, 2, 3, 3, 0, -5, -6, -3, -5, -6, -8, 3, 3, 3, 2, 1, -4, 4, 4, -2, -2, -3, 2, 2, 0, -3, -7, -1, -4, 1, 1, -8, 0, -1, 4, 0, -6, 4, -3, -6, -6, -5, -7]
 
5.112322062752006: [2, -1, 0, 1, 0, -7, 1, -6, -1, -2, 3, -7, -5, -2, -3, -8, -6, -2, -5, 3, -2, -7, 0, 2, -4, -5, 0, 0, -7, 0, -6, -6, -7, 2, 0, -1, -1, -4, -1, 4, -6, 4, -1, -2, -5, -6, -6, -8, 2, -2, 0, -7, -4, -6, 1, -4, -8, 2, -5, 0, 3, -4, -4, -1, -4, -1, 3, 0, -2, 4, 4, -8, -7, -6, -7, 3, -8, -7, -5, 2, 2, -4, 4, -4, -5, -4, 2, 3, -1, 2, -5, -6, 3, -4, -8, -8, 3, 3, 3, -8, -1, 1, 4, -1, -2, -8, -3, -1, -4, -2, -3, -7, -8, -4, 1, -4, -8, -4, -1, 4, 0, -4, 1, -1, -2, 2, -5, -7]
 
0.893055116693: [2, -2, 0, 1, 0, -7, 1, -6, -1, -2, 3, -5, -5, -2, -8, -8, -8, -2, -4, 3, -2, -7, 0, 2, -4, -5, 0, 4, -7, 0, -6, -6, -8, 2, -5, -1, -1, -4, -1, -6, -6, 3, -7, -7, 4, -6, -6, -8, 2, 3, 0, -2, -7, -6, -4, 3, -8, -3, -5, 0, -6, -4, -4, -1, -4, -4, 3, 0, -4, 4, 3, -8, -7, -6, -7, -8, 1, -6, -5, 2, 2, -2, 4, -4, -5, -6, -5, -4, -1, 2, 0, -1, -5, -4, 0, -7, -6, -4, 0, -8, -1, -5, 4, -1, -8, -8, 2, -2, -4, -1, -3, -4, 0, -5, -4, -4, -8, -4, -1, 2, -7, -4, 1, -1, -2, 0, -5, -7]
 
5.10537647754734: [2, -3, 3, -7, -3, -5, 4, -3, -4, -1, 0, -7, -5, -2, -3, -8, -6, -2, -5, 3, 2, 0, -3, -2, -4, -5, 0, 0, -7, 0, -6, -6, -7, 2, 0, -1, -1, -4, -1, 4, -6, 4, -1, -2, -5, -6, -6, -8, 2, -2, 0, -7, -4, -6, 1, -4, -8, 2, -5, 0, 3, -5, -7, 3, -3, 2, -3, 1, -7, -3, 2, 1, 0, -2, 4, -4, -8, 2, 0, -8, 2, -4, 4, -4, -5, -4, 2, 3, -1, 2, -5, -6, 3, -4, -8, -8, 3, 3, 3, -8, -1, 1, 4, -1, -2, -8, -3, -1, -4, -2, -3, -7, -8, -4, 1, -4, -8, -4, -1, 4, 0, -4, 1, -1, -2, 2, -5, -7]
 
5.100142493023114: [2, -1, 0, 1, 0, -7, 1, -6, -1, -2, 3, -7, -5, -2, -3, -8, -6, -2, -5, 3, -2, -7, 0, 2, 2, -7, 0, 0, -7, 0, -6, -6, -7, 2, 0, -1, -1, -4, -1, 4, -6, 4, -1, -2, -5, -6, -6, -8, 2, -2, 0, -7, -4, -6, 1, -4, -8, 2, -5, 0, 3, -4, -4, -1, -4, -1, 3, 0, -2, 4, 4, -8, -7, -6, -7, 3, -8, -7, -5, 2, 2, -4, 4, -4, -5, -4, 2, 3, -1, 2, -5, -6, 3, -4, -8, -8, 3, 3, 3, -8, -1, 1, 4, -1, -2, -8, -3, -1, -4, -2, -3, -7, -8, -4, 1, -4, -8, -4, -1, 4, 0, -4, 1, -1, -2, 2, -5, -7]
 
1.46443379809: [-8, -1, -2, -5, 3, -7, -4, 4, 4, -2, 3, -1, -5, -2, 2, -3, -6, -2, -5, 4, -5, -7, 0, 2, -4, 2, 0, 0, 0, -1, -6, 0, -1, 3, 0, -1, -3, -3, -1, 4, -6, 3, -1, -2, -5, -6, -6, -8, 2, -8, 0, 3, -4, -6, 1, -4, 0, -4, -4, 0, -3, -4, -4, -1, -4, -1, 3, -6, 1, -7, 4, 3, -7, -6, -7, -2, 0, -7, -5, 2, 2, 1, 4, -4, 4, -4, -6, 1, -1, 2, -5, -6, 3, -4, -3, 0, 3, 3, 3, -8, 0, -1, 4, -1, -6, -8, -3, -1, -4, -2, -3, -7, -8, -4, 1, -4, -3, -4, -1, 2, 0, -4, 0, -5, 4, 2, -3, 2]
 
5.093971709813972: [2, -1, 0, 1, 0, -7, 1, -6, -1, -2, 3, -7, -5, -2, -3, -8, -6, -2, -5, 3, -2, -7, 0, 2, 2, -7, 0, 0, -7, 0, -6, -6, -7, 2, 0, -1, -1, -4, -1, 4, -6, 4, -1, -2, -5, -6, -6, -8, 2, -2, 0, -7, -4, -6, 1, -4, -8, 2, -5, 0, 3, -4, -4, -1, -4, -1, 3, 0, -2, 4, 4, -8, -7, -6, -7, 3, -8, -7, -5, 2, 2, -4, 4, -4, -5, -4, 2, 3, -1, 2, -5, -6, 3, -4, -8, -8, 3, 3, 3, -8, -1, 1, 4, -1, -2, -8, -3, -1, -4, -2, -3, -7, -8, -4, 1, -4, -8, -4, -1, 4, 0, -4, 1, -1, -2, 2, -5, -7]
 
5.085139553099035: [2, -1, 0, 1, 0, -7, 1, -6, -1, -2, 3, -7, -5, -2, -3, -8, -6, -2, -5, 3, -2, -7, 0, 2, 2, -7, 0, 0, -7, 0, -6, -6, -7, 2, 0, -1, -1, -4, -1, 4, -6, 4, -1, -2, -5, -6, -6, -8, 2, -2, 0, -7, -4, -6, 1, -4, -8, 2, -5, 0, 3, -4, -4, -1, -4, -1, 3, 0, -2, 4, 4, -8, -7, -6, -7, 3, -8, -7, -5, 2, 2, -4, 4, -4, -5, -4, 2, 3, -1, 2, -5, -6, 3, -4, -8, -8, 3, 3, 3, -8, -1, 1, 4, -1, -2, -8, -3, -1, -4, -2, -3, -7, -8, -4, 1, -4, -8, -4, -1, 4, 0, -4, 1, -1, -2, 2, -5, -7]
 
5.083935341128431: [2, -1, 0, 1, 0, -7, 1, -6, -1, -2, 3, -7, -5, -2, -3, -8, -6, -2, -5, 3, -2, -7, 0, 2, 2, -7, 0, 0, -7, 0, -6, -6, -7, 2, 0, -1, -1, -4, -1, 4, -6, 4, -1, -2, -5, -6, -6, -8, 2, -2, 0, -7, -4, -6, 1, -4, -8, 2, -5, 0, 3, -4, -4, -1, -4, -1, 3, 0, -2, 4, 4, -8, -7, -6, -7, 3, -8, 2, 0, -8, 2, -4, 4, -4, -5, -4, 2, 3, -1, 2, -5, -6, 3, -4, -8, -8, 3, 3, 3, -8, -1, 1, 4, -1, -2, -8, -3, -1, -4, -2, -3, -7, -8, -4, 1, -4, -8, -4, -1, 4, 0, -4, 1, -1, -2, 2, -5, -7]
 
5.081746752390112: [2, -1, 0, 1, 0, -7, 1, -6, -1, -2, 3, -7, -5, -2, -3, -8, -6, -2, -5, 3, -2, -7, 0, 2, 2, -7, 0, 0, -7, 0, -6, -6, -7, 2, 0, -1, -1, -4, -1, 4, -6, 4, -1, -2, -5, -6, -6, -8, 2, -2, 0, -7, -4, -6, 1, -4, -8, 2, -5, 0, 3, -4, -4, -1, -4, -1, 3, 0, -2, 4, 4, -8, -7, -6, -7, 3, -8, -7, -5, 2, 2, -4, 4, -4, -5, -4, 2, 3, -1, 2, -5, -6, 3, -4, -8, -8, 3, 3, 3, -8, -1, 1, 4, -1, -2, -8, -3, -1, -4, -2, -3, -7, -8, -4, 1, -4, -8, -4, -1, 4, 0, -4, 1, -1, -2, 2, -5, -7]
 
5.076350532477123: [2, -1, 0, 1, 0, -7, 1, -6, -1, -2, 3, -7, -5, -2, -3, -8, -6, -2, -5, 3, -2, -7, 0, 2, 2, -7, 0, 0, -7, 0, -6, -6, -7, 2, 0, -1, -1, -4, -1, 4, -6, 4, -1, -2, -5, -6, -6, -8, 2, -2, 0, -7, -4, -6, 1, -4, -8, 2, -5, 0, 3, -4, -4, -1, -4, -1, 3, 0, -2, 4, 4, -8, -7, -6, -7, 3, -8, -7, -5, 2, 2, -4, 4, -4, -5, -4, 2, 3, -1, 2, -5, -6, 3, -4, -8, -8, 3, 3, 3, -8, -1, 1, 4, -1, -2, -8, -3, -1, -4, -2, -3, -7, -8, -4, 1, -4, -8, -4, -1, 4, 0, -4, 1, -1, -2, 2, -5, -7]
 
5.061239808404308: [2, -1, 0, 1, 0, -7, 1, -6, -1, -2, 3, -7, -5, -2, -3, -8, -6, -2, -5, 3, -2, -7, 0, 2, 2, -7, 0, 0, -7, 0, -6, -6, -7, 2, 0, -1, -1, -4, -1, 4, -6, 4, -1, -2, -5, -6, -6, -8, 2, -2, 0, -7, -4, -6, 1, -4, -8, 2, -5, 0, 3, -4, -4, -1, -4, -1, 3, 0, -2, 4, 4, -8, -7, -6, -7, 3, -8, -7, -5, 2, 2, -4, 4, -4, -5, -4, 2, 3, -1, 2, -5, -6, 3, -4, -8, -8, 3, 3, 3, -8, -1, 1, 4, -1, -2, -8, -3, -1, -4, -2, -3, -7, -8, -4, 1, -4, -8, -4, -1, 4, 0, -4, 1, -1, -2, 2, -5, -7]
 
5.057313821559627: [2, -3, 0, 1, 0, -7, 1, -6, -1, -2, 3, -7, -5, -2, -3, -8, -6, -2, -5, 3, -2, -7, 0, 2, 2, -7, 0, 0, -7, 0, -6, -6, -7, 2, 0, -1, -1, -4, -1, 4, -6, 4, -1, -2, -5, -6, -6, -8, 2, -2, 0, -7, -4, -6, 1, -4, -8, 2, -5, 0, 3, -4, -4, -1, -4, -1, -3, 1, -7, -3, 2, 1, 0, -2, 4, -4, -8, 2, 0, -8, 2, -4, 4, -4, -5, -4, 2, 3, -1, 2, -5, -6, 3, -4, -8, -8, 3, 3, 3, -8, -1, 1, 4, -1, -2, -8, -3, -1, -4, -2, -3, -7, -8, -4, 1, -4, -8, -4, -1, 4, 0, -4, 1, -1, -2, 2, -5, -7]
 
0.896632199071: [-7, -1, 0, -2, 0, -4, 1, -6, -7, -2, 3, -7, -5, 0, 1, -1, 0, -2, -7, 3, -2, -7, 0, 2, -8, -5, 0, 0, -7, -4, 2, -1, 2, 2, 0, -1, -1, -1, -1, 4, -6, 4, 0, -2, -4, 2, 3, -8, 2, -2, -1, -4, -4, -6, 1, -4, 4, -7, -4, 0, -5, -4, -4, -2, -4, -1, 2, 3, -4, 2, 3, -8, -7, -6, -7, 3, -8, 2, -5, 2, 2, -5, 4, 1, -5, -4, -5, 3, -1, 2, -6, -6, 3, -4, -8, 0, 3, 3, 3, -8, 4, 1, 4, 1, -1, -8, -5, -1, -4, -2, -3, -7, -8, 2, 1, 3, -8, -4, -1, -7, 0, 0, 1, -1, -6, 0, -5, -7]
 
5.052264284768166: [2, -3, 0, 1, 0, -7, 1, -6, -1, -2, 3, -7, -5, -2, -3, -8, -6, -2, -5, 3, -2, -7, 0, 2, 2, -7, 0, 0, -7, 0, -6, -6, -7, 2, 0, -1, -1, -4, -1, 4, -6, 4, -1, -2, -5, -6, -6, -8, 2, -2, 0, -7, -4, -6, 1, -4, -8, 2, -5, 0, 3, -4, -4, -1, -4, -1, -3, 1, -7, -3, 2, 1, 0, -2, 4, -4, -8, 2, 0, -8, 2, -4, 4, -4, -5, -4, 2, 3, -1, 2, -5, -6, 3, -4, -8, -8, 3, 3, 3, -8, -1, 1, 4, -1, -2, -8, -3, -1, -4, -2, -3, -7, -8, -4, 1, -4, -8, -4, -1, 4, 0, -4, 1, -1, -2, 2, -5, -7]
 
1.87254217974: [-6, -1, 0, 1, 0, -7, -4, -7, -6, -2, 3, 3, -5, -6, 1, 2, -2, -5, -5, 3, 4, -7, 3, -3, -2, -7, 0, 0, -4, 0, -5, -6, 2, 2, 0, -8, -1, -2, -1, 2, -6, 4, -1, 0, 1, 1, -6, -8, 2, -1, 0, -7, -4, -6, -4, -4, -8, 2, -5, 0, 3, -1, -4, -1, -4, -1, 3, 0, 0, -5, 4, -5, -7, 4, -7, 3, -8, -7, -5, 2, 2, -4, 4, -1, -5, -4, 2, -5, -1, -3, -5, 4, 3, -4, 4, 1, 3, -1, 3, -8, -1, 1, 4, -1, -3, -6, -6, -1, -2, -2, -3, -7, -8, -4, 1, -4, -2, -4, -1, 4, 0, -4, 1, -2, -5, -8, -6, -7]
 
5.046961461731389: [2, -1, 0, 1, 0, -7, 1, -6, -1, -2, 3, -7, -5, -2, -3, -8, -6, -2, -5, 3, -2, -7, 0, 2, 2, -7, 0, 0, -7, 0, -6, -6, -7, 2, 0, -1, -1, -4, -1, 4, -6, 4, -1, -2, -5, -6, -6, -8, 2, -2, 0, -7, -4, -6, 1, -4, -8, 2, -5, 0, 3, -4, -4, -1, -4, -1, 3, 0, -2, 4, 4, -8, -7, -6, -7, 3, -8, -7, -5, 2, 2, -4, 4, -4, -5, -4, 2, 3, -1, 2, -5, -6, 3, -4, -8, -8, 3, 3, 3, -8, -1, 1, 4, -1, -2, -8, -3, -1, -4, -2, -3, -7, -8, -4, 1, -4, -8, -4, -1, 4, 0, -4, 1, -1, -2, 2, -5, -7]
 
0.777174926531: [-6, 1, 0, -1, 3, 2, 1, -2, 2, -8, -3, -7, 4, -2, -5, 3, -8, -7, -6, 2, -6, -7, 1, 1, -5, 2, -6, -1, -2, 2, 1, 0, -7, -4, 0, 2, 3, -5, -8, 1, -6, 0, 4, -2, -8, -7, -6, 2, 0, -2, 3, 0, -4, 1, -5, 1, 3, -1, -5, 0, 3, -4, -4, -1, -4, -1, 3, -1, -2, 4, 4, -8, -7, -8, -4, -3, -8, -2, -4, -3, 2, -4, 3, -7, -7, -4, 3, -7, -4, 2, 3, -6, -3, -1, -8, 4, 3, 3, -2, 1, 0, 1, 0, -5, -2, -5, -3, -3, -5, 1, -5, 3, -8, 2, 4, 2, -4, -4, -8, 2, -1, 0, -4, -1, -2, -4, 3, -7]
 
5.037262843053375: [2, -1, 0, 1, -8, -2, -7, -2, -1, -2, 3, -7, -5, -2, -3, -8, -6, -2, -5, 3, -2, -7, 0, 2, 2, -7, 0, 0, -7, 0, -6, -6, -7, 2, 0, -1, -1, -4, -1, 4, -6, 4, -1, -2, -5, -6, -6, -8, 2, -2, 0, -7, -4, -6, 1, -4, -8, 2, -5, 0, 3, -4, -4, -1, -4, -1, 3, 0, -2, 4, 4, -8, -7, -6, -7, 3, -8, -7, -5, 2, 2, -4, 4, -4, -5, -4, 2, 3, -1, 2, -5, -6, 3, -4, -8, -8, 3, 3, 3, -8, -1, 1, 4, -1, -2, -8, -3, -1, -4, -2, -3, -7, -8, -4, 1, -4, -8, -4, -1, 4, 0, -4, 1, -1, -2, 2, -5, -7]
 
5.03546790717704: [2, -3, 0, 1, 0, -7, 1, -6, -1, -2, 3, -7, -5, -2, -3, -8, -6, -2, -5, 3, -2, -7, 0, 2, 2, -7, 0, 0, -7, 0, -6, -6, -7, 2, 0, -1, -1, -4, -1, 4, -6, 4, -1, -2, -5, -6, -6, -8, 2, -2, 0, -7, -4, -6, 1, -4, -8, 2, -5, 0, 3, -4, -4, -1, -4, -1, -3, 1, -7, -3, 2, 1, 0, -2, 4, -4, -8, 2, 0, -8, 2, -4, 4, -4, -5, -4, 2, 3, -1, 2, -5, -6, 3, -4, -8, -8, 3, 3, 3, -8, -1, 1, 4, -1, -2, -8, -3, -1, -4, -2, -3, -7, -8, -4, 1, -4, -8, -4, -1, 4, 0, -4, 1, -1, -2, 2, -5, -7]
 
5.02786761489441: [2, -3, 0, 1, 0, -7, 1, -6, -1, -2, 3, -7, -5, -2, -3, -8, -6, -2, -5, 3, -2, -7, 0, 2, 2, -7, 0, 0, -7, 0, -6, -6, -7, 2, 0, -1, -1, -4, -1, 4, -6, 4, -1, -2, -5, -6, -6, -8, 2, -2, 0, -7, -4, -6, 1, -4, -8, 2, -5, 0, 3, -4, -4, -1, -4, -1, 3, 0, -2, 4, 4, -8, -7, -6, -7, 3, -8, -7, -5, 2, 2, -4, 4, -4, -5, -4, 2, 3, -1, 2, -5, -6, 3, -4, -8, -8, 3, 3, 3, -8, -1, 1, 4, -1, -2, -8, -3, -1, -4, -2, -3, -7, -8, -4, 1, -4, -8, -4, -1, 4, 0, -4, 1, -1, -2, 2, -5, -7]
 
5.023543905015996: [0, -3, 3, -1, -8, -2, -7, -2, -4, -1, 0, -7, -5, -2, -3, -8, -6, -2, -5, 3, 2, 0, -3, -2, -4, -5, 0, 0, -7, 0, -6, -6, -7, 2, 0, -1, -1, -4, -1, 4, -6, 4, -1, -2, -5, -6, -6, -8, 2, -2, 0, -7, -4, -6, 1, -4, -8, 2, -5, 0, 3, -5, -7, 3, -3, 2, -3, 1, -7, -3, 2, 1, 0, -2, 4, -4, -8, 2, 0, -8, 2, -4, 4, -4, -5, -4, 2, 3, -1, 2, -5, -6, 3, -4, -8, -8, 3, 3, 3, -8, -1, 1, 4, -1, -2, -8, -3, -1, -4, -2, -3, -7, -8, -4, 1, -4, -8, -4, -1, 4, 0, -4, 1, -1, -2, 2, -5, -7]
 
5.022262161687186: [2, -3, 0, 1, 0, -7, 1, -6, -1, -2, 3, -7, -5, -2, -3, -8, -6, -2, -5, 3, -2, -7, 0, 2, -4, -5, 0, 0, -7, 0, -6, -6, -7, 2, 0, -1, -1, -4, -1, 4, -6, 4, -1, -2, -5, -6, -6, -8, 2, -2, 0, -7, -4, -6, 1, -4, -8, 2, -5, 0, 3, -4, -4, -1, -4, -1, 3, 0, -2, 4, 4, -8, -7, -6, -7, 3, -8, -7, -5, 2, 2, -4, 4, -4, -5, -4, 2, 3, -1, 2, -5, -6, 3, -4, -8, -8, 3, 3, 3, -8, -1, 1, 4, -1, -2, -8, -3, -1, -4, -2, -3, -7, -8, -4, 1, -4, -8, -4, -1, 4, 0, -4, 1, -1, -2, 2, -5, -7]
 
0.530361190761: [2, -3, -7, 2, 0, -7, -4, -6, -1, -2, -4, -7, -5, -2, -3, -4, -6, 0, -5, 3, -2, -5, 0, 3, -3, -7, 0, 0, -1, 4, -2, 3, 1, 2, -1, 2, -1, -7, -1, 4, -6, 4, 0, -2, -5, -6, -5, -8, 2, -5, -4, -7, -4, 2, 1, -4, -7, 2, -5, 0, -8, 4, -4, 2, -3, -6, -3, 1, -7, -3, -8, 1, -7, -2, 1, 4, 3, 2, 0, -8, 2, -4, 4, 4, -5, -4, 2, -6, -1, 2, -8, 1, 3, 2, 4, -8, 3, 0, 3, -7, -1, 1, 3, -8, 2, -7, -3, -1, -4, -2, 0, -7, -8, -4, 3, -4, -7, -4, 0, 4, 0, 3, 1, -1, -2, 2, 1, -7]
 
5.5309150935: [2, -3, 3, -7, -3, -5, 4, -3, -4, -1, 0, -7, -5, -2, -3, -8, -6, -2, -5, 3, 2, 0, -3, -2, -4, -5, 0, 0, -7, 0, -6, -6, -7, 2, 0, -1, -1, -4, -1, 4, -6, 4, -1, -2, -5, -6, -6, -8, 2, -2, 0, -7, -4, -6, 1, -4, -8, 2, -5, 0, 3, -4, -4, -1, -4, -1, -3, 1, -7, -3, 2, 1, 0, -2, 4, -4, -8, 2, 0, -8, 2, -4, 4, -4, -5, -4, 2, 3, -1, 2, -5, -6, 3, -4, -8, -8, 3, 3, 3, -8, -1, 1, 4, -1, -2, -8, -3, -1, -4, -2, -3, -7, -8, -4, 1, -4, -8, -4, -1, 4, 0, -4, 1, -1, -2, 2, -5, -7]
 
1.83031874457: [2, 0, 0, 2, 1, -7, 1, -6, -1, -2, -3, -7, -5, -2, -3, -8, -6, 4, -5, -8, -2, 0, 0, 2, 2, 0, 0, -4, -7, 2, -6, -6, -7, 2, 0, -1, 2, 1, -1, 4, -6, 3, -8, -2, -1, -6, -6, 2, 2, -2, -6, 1, -3, -4, 1, -4, -7, 2, -8, 0, 3, -4, -4, -3, -4, -1, 3, 0, -3, 4, 4, -8, 3, -5, -7, 3, -8, -2, 0, -8, -2, 3, 4, 1, -5, -2, 1, -4, -1, 2, -8, 3, 3, -4, -8, -8, 3, 3, 4, -8, 1, 1, -4, -1, -3, -5, 2, -1, -4, -2, -3, -5, 2, -4, -3, -4, -8, -4, -8, 4, 0, -4, 1, -1, -2, -5, 4, -7]
 
4.82160016006: [2, -3, 0, 1, 0, -7, 1, -6, -1, -2, 3, -7, -5, -2, -3, -8, -6, -2, -5, 3, -2, -7, 0, 2, 2, -7, 0, 0, -7, 0, -6, -6, -7, 2, 0, -1, -1, -4, -1, 4, -6, 4, -1, -2, -5, -6, -6, -8, 2, -2, 0, -7, -4, -6, 1, -4, -8, 2, -5, 0, 3, -5, -7, 3, -3, 2, -3, 1, -7, -3, 2, 1, 0, -2, 4, -4, -8, 2, 0, -8, 2, -4, 4, -4, -5, -4, 2, 3, -1, 2, -5, -6, 3, -4, -8, -8, 3, 3, 3, -8, -1, 1, 4, -1, -2, -8, -3, -1, -4, -2, -3, -7, -8, -4, 1, -4, -8, -4, -1, 4, 0, -4, 1, -1, -2, 2, -5, -7]
 
4.89475428022: [2, -3, 0, 1, 0, -7, 1, -6, -1, -2, 3, -7, -5, -2, -3, -8, -6, -2, -5, 3, -2, -7, 0, 2, 2, -7, 0, 0, -7, 0, -6, -6, -7, 2, 0, -1, -1, -4, -1, 4, -6, 4, -1, -2, -5, -6, -6, -8, 2, -2, 0, -7, -4, -6, 1, -4, -8, 2, -5, 0, 3, -4, -4, -1, -4, -1, 3, 0, -2, 4, 4, -8, -7, -6, -7, 3, -8, -7, -5, 2, 2, -4, 4, -4, -5, -4, 2, 3, -1, 2, -5, -6, 3, -4, -8, -8, 3, 3, 3, -8, -1, 1, 4, -1, -2, -8, -3, -1, -4, -2, -3, -7, -8, -4, 1, -4, -8, -4, -1, 4, 0, -4, 1, -1, -2, 2, -5, -7]
 
3.60920159539: [2, -1, 0, 2, -8, -8, 1, 4, -7, -2, 3, -7, -5, -2, -3, -8, -6, -2, -5, 3, 4, 1, -8, 1, -3, -5, 0, 0, 1, 0, -6, -6, -7, -5, 0, -1, -1, -4, -4, 1, -6, 4, -1, -1, 3, -6, -6, -2, 2, -2, 0, -8, -4, 2, 0, -4, -8, -7, -5, 0, 3, -4, -4, -1, -4, -1, -3, 2, -7, -3, -3, 1, 0, -2, 0, 2, 0, 2, 0, -8, 2, -4, 4, -4, -4, -4, 2, 3, -1, 2, -5, 2, 3, -3, 4, 3, 3, 3, 3, -8, 2, 0, 4, 0, -7, -8, -3, -1, -2, -4, -3, -2, -8, -4, 1, -4, 2, -4, -2, 4, 0, -4, 1, -1, -6, 4, -5, -7]
 
4.89096240328: [2, -1, 0, 1, 0, -7, 1, -6, -1, -2, 3, -7, -5, -2, -3, -8, -6, -2, -5, 3, -2, -7, 0, 2, 2, -7, 0, 0, -7, 0, -6, -6, -7, 2, 0, -1, -1, -4, -1, 4, -6, 4, -1, -2, -5, -6, -6, -8, 2, -2, 0, -7, -4, -6, 1, -4, -8, 2, -5, 0, 3, -4, -4, -1, -4, -1, 3, 0, -2, 4, 4, -8, -7, -6, -7, 3, -8, -7, -5, 2, 2, -4, 4, -4, -5, -4, 2, 3, -1, 2, -5, -6, 3, -4, -8, -8, 3, 3, 3, -8, -1, 1, 4, -1, -2, -8, -3, -1, -4, -2, -3, -7, -8, -4, 1, -4, -8, -4, -1, 4, 0, -4, 1, -1, -2, 2, -5, -7]
 
5.17320828494: [2, -1, 0, 1, -8, -2, -7, -2, -4, -1, 0, -7, -5, -2, -3, -8, -6, -2, -5, 3, 2, 0, -3, -2, -4, -5, 0, 0, -7, 0, -6, -6, -7, 2, 0, -1, -1, -4, -1, 4, -6, 4, -1, -2, -5, -6, -6, -8, 2, -2, 0, -7, -4, -6, 1, -4, -8, 2, -5, 0, 3, -5, -7, 3, -3, 2, -3, 1, -7, -3, 2, 1, 0, -2, 4, -4, -8, 2, 0, -8, 2, -4, 4, -4, -5, -4, 2, 3, -1, 2, -5, -6, 3, -4, -8, -8, 3, 3, 3, -8, -1, 1, 4, -1, -2, -8, -3, -1, -4, -2, -3, -7, -8, -4, 1, -4, -8, -4, -1, 4, 0, -4, 1, -1, -2, 2, -5, -7]
 
4.93332391701: [2, -1, 0, 1, 0, -7, 1, -6, -1, -2, 3, -7, -5, -2, -3, -8, -6, -2, -5, 3, -2, -7, 0, 2, 2, -7, 0, 0, -7, 0, -6, -6, -7, 2, 0, -1, -1, -4, -1, 4, -6, 4, -1, -2, -5, -6, -6, -8, 2, -2, 0, -7, -4, -6, 1, -4, -8, 2, -5, 0, 3, -4, -4, -1, -4, -1, 3, 0, -2, 4, 4, -8, -7, -6, -7, 3, -8, -7, -5, 2, 2, -4, 4, -4, -5, -4, 2, 3, -1, 2, -5, -6, 3, -4, -8, -8, 3, 3, 3, -8, -1, 1, 4, -1, -2, -8, -3, -1, -4, -2, -3, -7, -8, -4, 1, -4, -8, -4, -1, 4, 0, -4, 1, -1, -2, 2, -5, -7]
 
5.05118075371: [2, -1, 0, 1, 0, -7, 1, -6, -1, -2, 3, -7, -5, -2, -3, -8, -6, -2, -5, 3, -2, -7, 0, 2, 2, -7, 0, 0, -7, 0, -6, -6, -7, 2, 0, -1, -1, -4, -1, 4, -6, 4, -1, -2, -5, -6, -6, -8, 2, -2, 0, -7, -4, -6, 1, -4, -8, 2, -5, 0, 3, -4, -4, -1, -4, -1, 3, 0, -2, 4, 4, -8, -7, -6, -7, 3, -8, -7, -5, 2, 2, -4, 4, -4, -5, -4, 2, 3, -1, 2, -5, -6, 3, -4, -8, -8, 3, 3, 3, -8, -1, 1, 4, -1, -2, -8, -3, -1, -4, -2, -3, -7, -8, -4, 1, -4, -8, -4, -1, 4, 0, -4, 1, -1, -2, 2, -5, -7]
 
5.13986787563: [2, -1, 0, 1, 0, -7, 1, -6, -1, -2, 3, -7, -5, -2, -3, -8, -6, -2, -5, 3, -2, -7, 0, 2, 2, -7, 0, 0, -7, 0, -6, -6, -7, 2, 0, -1, -1, -4, -1, 4, -6, 4, -1, -2, -5, -6, -6, -8, 2, -2, 0, -7, -4, -6, 1, -4, -8, 2, -5, 0, 3, -4, -4, -1, -4, -1, 3, 0, -2, 4, 4, -8, -7, -6, -7, 3, -8, -7, -5, 2, 2, -4, 4, -4, -5, -4, 2, 3, -1, 2, -5, -6, 3, -4, -8, -8, 3, 3, 3, -8, -1, 1, 4, -1, -2, -8, -3, -1, -4, -2, -3, -7, -8, -4, 1, -4, -8, -4, -1, 4, 0, -4, 1, -1, -2, 2, -5, -7]
 
4.94014028692: [2, -1, 0, 1, 0, -7, 1, -6, -1, -2, 3, -7, -5, -2, -3, -8, -6, -2, -5, 3, -2, -7, 0, 2, 2, -7, 0, 0, -7, 0, -6, -6, -7, 2, 0, -1, -1, -4, -1, 4, -6, 4, -1, -2, -5, -6, -6, -8, 2, -2, 0, -7, -4, -6, 1, -4, -8, 2, -5, 0, 3, -4, -4, -1, -4, -1, 3, 0, -2, 4, 4, -8, -7, -6, -7, 3, -8, -7, -5, 2, 2, -4, 4, -4, -5, -4, 2, 3, -1, 2, -5, -6, 3, -4, -8, -8, 3, 3, 3, -8, -1, 1, 4, -1, -2, -8, -3, -1, -4, -2, -3, -7, -8, -4, 1, -4, -8, -4, -1, 4, 0, -4, 1, -1, -2, 2, -5, -7]
 
2.61730643578: [2, -1, 0, -3, 0, -7, 1, -2, -1, -2, -8, -7, -5, -2, -3, 2, -8, -2, -5, 3, -2, -7, -1, 2, 2, 0, 4, 0, -7, -2, 1, -6, 3, 0, -4, -1, 3, 3, 3, 0, -6, -5, -6, 4, -5, -6, -6, -1, 2, -2, 0, 0, -4, -6, 1, -4, -7, 2, -5, 0, 1, 4, -4, -1, -8, -6, 3, -1, -2, 4, 0, 1, -7, -6, -7, 3, -8, -3, 0, 3, 2, -4, -3, -4, -5, -4, 2, -2, 0, -6, -5, -6, -1, -5, -8, -8, 3, -5, -2, -8, -1, -8, -5, -1, 2, -8, -3, -1, -4, -3, -7, 1, -8, -4, -6, -4, -8, -4, -1, 0, -3, -4, 1, -1, -2, 2, -5, -7]
 
4.88322127988: [2, -1, 0, 1, 0, -7, 1, -6, -1, -2, 3, -7, -5, -2, -3, -8, -6, -2, -5, 3, -2, -7, 0, 2, 2, -7, 0, 0, -7, 0, -6, -6, -7, 2, 0, -1, -1, -4, -1, 4, -6, 4, -1, -2, -5, -6, -6, -8, 2, -2, 0, -7, -4, -6, 1, -4, -8, 2, -5, 0, 3, -4, -4, -1, -4, -1, 3, 0, -2, 4, 4, -8, -7, -6, -7, 3, -8, -7, -5, 2, 2, -4, 4, -4, -5, -4, 2, 3, -1, 2, -5, -6, 3, -4, -8, -8, 3, 3, 3, -8, -1, 1, 4, -1, -2, -8, -3, -1, -4, -2, -3, -7, -8, -4, 1, -4, -8, -4, -1, 4, 0, -4, 1, -1, -2, 2, -5, -7]
 
5.0143910708: [2, -1, 0, 1, 0, -7, 1, -6, -1, -2, 3, -7, -5, -2, -3, -8, -6, -2, -5, 3, -2, 0, -3, -2, -4, -5, 0, 0, -7, 0, -6, -6, -7, 2, 0, -1, -1, -4, -1, 4, -6, 4, -1, -2, -5, -6, -6, -8, 2, -2, 0, -7, -4, -6, 1, -4, -8, 2, -5, 0, 3, -5, -7, 3, -3, 2, -3, 1, -7, -3, 2, 1, 0, -2, 4, -4, -8, 2, 0, -8, 2, -4, 4, -4, -5, -4, 2, 3, -1, 2, -5, -6, 3, -4, -8, -8, 3, 3, 3, -8, -1, 1, 4, -1, -2, -8, -3, -1, -4, -2, -3, -7, -8, -4, 1, -4, -8, -4, -1, 4, 0, -4, 1, -1, -2, 2, -5, -7]
 
4.55991664455: [2, -1, 0, 1, -8, -2, -7, -2, -4, -1, 0, -7, -5, -2, -3, -8, -6, -2, -5, 3, 2, -7, 0, 2, 2, -7, 0, 0, -7, 0, -6, -6, -7, 2, 0, -1, -1, -4, -1, 4, -6, 4, -1, -2, -5, -6, -6, -8, 2, -2, 0, -7, -4, -6, 1, -4, -8, 2, -5, 0, 3, -4, -4, -1, -4, -1, 3, 0, -2, 4, 4, -8, -7, -6, -7, 3, -8, -7, -5, 2, 2, -4, 4, -4, -5, -4, 2, 3, -1, 2, -5, -6, 3, -4, -8, -8, 3, 3, 3, -8, -1, 1, 4, -1, -2, -8, -3, -1, -4, -2, -3, -7, -8, -4, 1, -4, -8, -4, -1, 4, 0, -4, 1, -1, -2, 2, -5, -7]
 
2.30257902879: [2, -1, 0, 1, -8, -2, -7, -2, 1, -1, 0, 3, -5, 1, -3, 3, -6, -2, -7, 0, 2, 4, 2, -2, -4, -5, 0, -6, -7, 0, -3, 1, -7, 2, 0, -1, -1, -4, -1, 4, -6, -1, -4, -2, -8, -6, -6, -8, -6, -2, -2, -2, -7, -6, -3, -4, -8, 2, -7, 0, 3, -5, -7, -5, -3, -6, -3, 1, -7, 4, 2, -6, -7, -4, 2, -5, 0, -7, -5, -1, 2, -4, 4, -4, -7, 2, 2, 3, -1, 4, -5, 1, 3, -4, -6, -2, 3, 3, -4, -8, -1, 1, 4, -1, -8, -8, -3, -1, -7, -2, -3, -7, -8, 0, 1, -4, -8, -2, -1, 4, -5, -4, 1, -1, -2, 2, -5, 1]
 
4.58256362687: [2, -1, 0, 1, 0, -7, 1, -6, -1, -2, 3, -7, -5, -2, -3, -8, -6, -2, -5, 3, -2, -7, 0, 2, 2, -7, 0, 0, -7, 0, -6, -6, -7, 2, 0, -1, -1, -4, -1, 4, -6, 4, -1, -2, -5, -6, -6, -8, 2, -2, 0, -7, -4, -6, 1, -4, -8, 2, -5, 0, 3, -4, -4, -1, -4, -1, 3, 0, -2, -3, 2, 1, 0, -2, 4, -4, -8, 2, 0, -8, 2, -4, 4, -4, -5, -4, 2, 3, -1, 2, -5, -6, 3, -4, -8, -8, 3, 3, 3, -8, -1, 1, 4, -1, -2, -8, -3, -1, -4, -2, -3, -7, -8, -4, 1, -4, -8, -4, -1, 4, 0, -4, 1, -1, -2, 2, -5, -7]
 
5.07108009644: [2, -1, 0, 1, 0, -7, 1, -6, -1, -2, 3, -7, -5, -2, -3, -8, -6, -2, -5, 3, -2, -7, 0, 2, 2, -7, 0, 0, -7, 0, -6, -6, -7, 2, 0, -1, -1, -4, -1, 4, -6, 4, -1, -2, -5, -6, -6, -8, 2, -2, 0, -7, -4, -6, 1, -4, -8, 2, -5, 0, 3, -4, -4, -1, -4, -1, -3, 1, -7, -3, 2, 1, 0, -2, 4, -4, -8, 2, 0, -8, 2, -4, 4, -4, -5, -4, 2, 3, -1, 2, -5, -6, 3, -4, -8, -8, 3, 3, 3, -8, -1, 1, 4, -1, -2, -8, -3, -1, -4, -2, -3, -7, -8, -4, 1, -4, -8, -4, -1, 4, 0, -4, 1, -1, -2, 2, -5, -7]
 
4.96340712814: [2, -3, 0, 1, 0, -7, 1, -6, -1, -2, 3, -7, -5, -2, -3, -8, -6, -2, -5, 3, -2, -7, 0, 2, 2, -7, 0, 0, -7, 0, -6, -6, -7, 2, 0, -1, -1, -4, -1, 4, -6, 4, -1, -2, -5, -6, -6, -8, 2, -2, 0, -7, -4, -6, 1, -4, -8, 2, -5, 0, 3, -4, -4, -1, -4, -1, 3, 0, -2, 4, 4, -8, -7, -6, -7, 3, -8, 2, 0, -8, 2, -4, 4, -4, -5, -4, 2, 3, -1, 2, -5, -6, 3, -4, -8, -8, 3, 3, 3, -8, -1, 1, 4, -1, -2, -8, -3, -1, -4, -2, -3, -7, -8, -4, 1, -4, -8, -4, -1, 4, 0, -4, 1, -1, -2, 2, -5, -7]
 
4.8581438626: [2, -3, 0, 1, 0, -7, 1, -6, -1, -2, 3, -7, -5, -2, -3, -8, -6, -2, -5, 3, -2, -7, 0, 2, 2, -7, 0, 0, -7, 0, -6, -6, -7, 2, 0, -1, -1, -4, -1, 4, -6, 4, -1, -2, -5, -6, -6, -8, 2, -2, 0, -7, -4, -6, 1, -4, -8, 2, -5, 0, 3, -5, -7, 3, -3, 2, -3, 1, -7, -3, 2, 1, 0, -2, 4, -4, -8, 2, 0, -8, 2, -4, 4, -4, -5, -4, 2, 3, -1, 2, -5, -6, 3, -4, -8, -8, 3, 3, 3, -8, -1, 1, 4, -1, -2, -8, -3, -1, -4, -2, -3, -7, -8, -4, 1, -4, -8, -4, -1, 4, 0, -4, 1, -1, -2, 2, -5, -7]
 
5.807782391: [2, -1, 0, 1, 0, -7, 1, -6, -1, -2, 3, -7, -5, -2, -3, -8, -6, -2, -5, 3, -2, 0, -3, -2, -4, -5, 0, 0, -7, 0, -6, -6, -7, 2, 0, -1, -1, -4, -1, 4, -6, 4, -1, -2, -5, -6, -6, -8, 2, -2, 0, -7, -4, -6, 1, -4, -8, 2, -5, 0, 3, -4, -4, -1, -4, -1, -3, 1, -7, -3, 2, 1, 0, -2, 4, -4, -8, 2, 0, -8, 2, -4, 4, -4, -5, -4, 2, 3, -1, 2, -5, -6, 3, -4, -8, -8, 3, 3, 3, -8, -1, 1, 4, -1, -2, -8, -3, -1, -4, -2, -3, -7, -8, -4, 1, -4, -8, -4, -1, 4, 0, -4, 1, -1, -2, 2, -5, -7]
 
5.004058497: [2, -1, 0, 1, 0, -7, 1, -6, -1, -2, 3, -7, -5, -2, -3, -8, -6, -2, -5, 3, -2, -7, 0, 2, 2, -7, 0, 0, -7, 0, -6, -6, -7, 2, 0, -1, -1, -4, -1, 4, -6, 4, -1, -2, -5, -6, -6, -8, 2, -2, 0, -7, -4, -6, 1, -4, -8, 2, -5, 0, 3, -4, -4, -1, -4, -1, 3, 0, -2, 4, 4, -8, -7, -6, -7, 3, -8, 2, 0, -8, 2, -4, 4, -4, -5, -4, 2, 3, -1, 2, -5, -6, 3, -4, -8, -8, 3, 3, 3, -8, -1, 1, 4, -1, -2, -8, -3, -1, -4, -2, -3, -7, -8, -4, 1, -4, -8, -4, -1, 4, 0, -4, 1, -1, -2, 2, -5, -7]
 
4.89544053747: [2, -1, 0, 1, 0, -7, 1, -6, -1, -2, 3, -7, -5, -2, -3, -8, -6, -2, -5, 3, -2, -7, 0, 2, 2, -7, 0, 0, -7, 0, -6, -6, -7, 2, 0, -1, -1, -4, -1, 4, -6, 4, -1, -2, -5, -6, -6, -8, 2, -2, 0, -7, -4, -6, 1, -4, -8, 2, -5, 0, 3, -4, -4, -1, -4, -1, 3, 0, -2, 4, 4, -8, -7, -6, -7, 3, -8, -7, -5, 2, 2, -4, 4, -4, -5, -4, 2, 3, -1, 2, -5, -6, 3, -4, -8, -8, 3, 3, 3, -8, -1, 1, 4, -1, -2, -8, -3, -1, -4, -2, -3, -7, -8, -4, 1, -4, -8, -4, -1, 4, 0, -4, 1, -1, -2, 2, -5, -7]
 
5.08314337363: [2, -3, 0, 1, 0, -7, 1, -6, -1, -2, 3, -7, -5, -2, -3, -8, -6, -2, -5, 3, -2, -7, 0, 2, -4, -5, 0, 0, -7, 0, -6, -6, -7, 2, 0, -1, -1, -4, -1, 4, -6, 4, -1, -2, -5, -6, -6, -8, 2, -2, 0, -7, -4, -6, 1, -4, -8, 2, -5, 0, 3, -4, -4, -1, -4, -1, 3, 0, -2, 4, 4, -8, -7, -6, -7, 3, -8, -7, -5, 2, 2, -4, 4, -4, -5, -4, 2, 3, -1, 2, -5, -6, 3, -4, -8, -8, 3, 3, 3, -8, -1, 1, 4, -1, -2, -8, -3, -1, -4, -2, -3, -7, -8, -4, 1, -4, -8, -4, -1, 4, 0, -4, 1, -1, -2, 2, -5, -7]
 
5.00695767304: [2, -3, 3, -7, -3, -5, 4, -3, -4, -1, 0, -7, -5, -2, -3, -8, -6, -2, -5, 3, 2, 0, -3, -2, -4, -5, 0, 0, -7, 0, -6, -6, -7, 2, 0, -1, -1, -4, -1, 4, -6, 4, -1, -2, -5, -6, -6, -8, 2, -2, 0, -7, -4, -6, 1, -4, -8, 2, -5, 0, 3, -5, -7, 3, -3, 2, -3, 1, -7, -3, 2, 1, 0, -2, 4, -4, -8, 2, 0, -8, 2, -4, 4, -4, -5, -4, 2, 3, -1, 2, -5, -6, 3, -4, -8, -8, 3, 3, 3, -8, -1, 1, 4, -1, -2, -8, -3, -1, -4, -2, -3, -7, -8, -4, 1, -4, -8, -4, -1, 4, 0, -4, 1, -1, -2, 2, -5, -7]
 
4.97838196754: [2, -1, 0, 1, -8, -2, -7, -2, -1, -2, 3, -7, -5, -2, -3, -8, -6, -2, -5, 3, -2, -7, 0, 2, 2, -7, 0, 0, -7, 0, -6, -6, -7, 2, 0, -1, -1, -4, -1, 4, -6, 4, -1, -2, -5, -6, -6, -8, 2, -2, 0, -7, -4, -6, 1, -4, -8, 2, -5, 0, 3, -4, -4, -1, -4, -1, 3, 0, -2, 4, 4, -8, -7, -6, -7, 3, -8, -7, -5, 2, 2, -4, 4, -4, -5, -4, 2, 3, -1, 2, -5, -6, 3, -4, -8, -8, 3, 3, 3, -8, -1, 1, 4, -1, -2, -8, -3, -1, -4, -2, -3, -7, -8, -4, 1, -4, -8, -4, -1, 4, 0, -4, 1, -1, -2, 2, -5, -7]
 
0.643024784818: [2, -1, 0, 1, 0, -7, 1, -6, -1, -2, 3, -3, -5, -2, -3, 1, 0, 0, -5, 3, 0, -7, 2, 2, 2, -3, 0, 0, -3, -4, -6, -6, -7, 2, -4, 4, -4, -4, -1, 4, -6, -4, -7, -2, -5, -6, -7, -7, -6, -2, 2, -7, -4, -6, 1, -8, -8, 2, -5, 0, 3, -3, -4, -7, -4, -1, 3, 0, -2, -2, 4, -3, -3, -8, -7, 3, -8, -8, 0, 1, 2, -4, -7, -4, -5, 2, 3, 0, -1, -5, -7, -7, 3, -4, -8, -2, 3, -3, -8, 3, -1, -7, 4, -1, -2, -8, -3, -1, -4, -7, -3, -7, -8, -1, 1, -4, 2, -4, -8, 4, -8, -4, 1, -1, -2, 2, -5, -7]
 
0.737933086591: [-1, -3, -2, -7, -3, -5, 4, -3, -4, -7, -7, -7, 1, -2, 3, -4, -6, -2, -5, 3, 2, 0, -3, -2, -4, -5, 0, 0, -7, -7, -6, -6, 0, 2, 0, -1, -1, -4, -1, -3, -1, 4, -3, -5, -4, 1, -6, -8, -2, 1, 0, -7, -4, -6, 1, -4, -8, 2, -1, 0, 3, 2, -7, 0, -2, 0, -1, 1, -7, -3, 2, 1, 0, -2, 4, -4, -8, -6, -3, -3, -8, -4, -2, -4, -3, -4, 2, 3, -7, 2, -5, -5, 3, 1, -8, -8, 2, 3, 1, -8, -1, 1, 2, -1, -2, 2, -7, -1, -4, 0, -3, 0, -8, -4, 1, -4, -8, -4, -1, -8, -5, -4, -4, -1, -2, -1, -5, -7]
 
4.9207970307: [2, -3, 3, -7, -3, -5, 4, -3, -4, -1, 0, -7, -5, -2, -3, -8, -6, -2, -5, 3, 2, 0, -3, -2, -4, -5, 0, 0, -7, 0, -6, -6, -7, 2, 0, -1, -1, -4, -1, 4, -6, 4, -1, -2, -5, -6, -6, -8, 2, -2, 0, -7, -4, -6, 1, -4, -8, 2, -5, 0, 3, -5, -7, 3, -3, 2, -3, 1, -7, -3, 2, 1, 0, -2, 4, -4, -8, 2, 0, -8, 2, -4, 4, -4, -5, -4, 2, 3, -1, 2, -5, -6, 3, -4, -8, -8, 3, 3, 3, -8, -1, 1, 4, -1, -2, -8, -3, -1, -4, -2, -3, -7, -8, -4, 1, -4, -8, -4, -1, 4, 0, -4, 1, -1, -2, 2, -5, -7]
 
0.583755767088: [-8, -3, 3, -1, -1, -5, -4, -4, -4, -1, 4, -7, -4, -2, -3, -8, -5, -2, -4, -8, 2, 0, -3, -2, -4, 0, 2, -2, 3, 3, -6, -6, -7, 2, 1, -7, -1, -4, -1, 4, -6, 4, -1, -2, 2, -6, -5, 2, -1, -6, -1, -7, -4, 3, 1, 3, -1, 2, -5, -8, 1, -5, -7, 3, -3, 2, -3, 1, 0, -3, 2, 1, 0, -3, 3, -8, -8, 2, -8, -8, 2, 2, 4, -4, -2, 2, 2, -3, -1, 2, -4, -6, 3, -4, -8, 1, 3, -8, -7, -8, -1, 1, -2, -1, -2, -8, -3, -1, 1, -2, -3, -7, 1, -6, -7, -4, -1, -4, -1, 3, 0, -4, 1, -1, 1, 2, -4, -2]
 
4.83206210608: [2, -1, 0, 1, 0, -7, 1, -6, -1, -2, 3, -7, -5, -2, -3, -8, -6, -2, -5, 3, -2, -7, 0, 2, 2, -7, 0, 0, -7, 0, -6, -6, -7, 2, 0, -1, -1, -4, -1, 4, -6, 4, -1, -2, -5, -6, -6, -8, 2, -2, 0, -7, -4, -6, 1, -4, -8, 2, -5, 0, 3, -4, -4, -1, -4, -1, 3, 0, -2, 4, 4, -8, -7, -6, -7, 3, -8, -7, -5, 2, 2, -4, 4, -4, -5, -4, 2, 3, -1, 2, -5, -6, 3, -4, -8, -8, 3, 3, 3, -8, -1, 1, 4, -1, -2, -8, -3, -1, -4, -2, -3, -7, -8, -4, 1, -4, -8, -4, -1, 4, 0, -4, 1, -1, -2, 2, -5, -7]
 
