0.824259282494: [3, -1, 1, 1, -3, -5, 4, -3, -7, -4, 0, 1, -5, -2, -3, -8, -6, -2, -5, 3, -6, 0, -3, -7, -4, -5, 0, -7, -8, 0, -6, -6, 3, 2, 0, -1, -6, -4, 2, -7, -6, 4, -1, 1, -5, -6, -6, -8, 2, -3, 1, -7, -4, -6, 1, -4, -1, 2, -5, 0, -5, -7, -4, -1, -4, -1, -3, 1, -7, -3, 2, 1, 0, -2, 4, -1, 2, 2, 0, -4, 2, -4, 4, -4, 4, -2, 2, 3, -4, 2, -2, -4, 3, -1, 3, -8, 3, 3, 3, -3, -7, 1, -4, -8, -2, 2, -3, -1, -4, 0, 0, -7, 2, -4, 1, 2, -8, -4, -6, 4, 0, -4, 1, 3, -2, 2, -5, -8]
 
5.817570180392428: [2, -1, 0, 1, -3, -5, 4, -3, -4, -1, 0, -7, -5, -2, -3, -8, -6, -2, -5, 3, 2, 0, -3, -2, -4, -5, 0, 0, -7, 0, -6, -6, -7, 2, 0, -1, -1, -4, -1, 4, -6, 4, -1, -2, -5, -6, -6, -8, 2, -2, 0, -7, -4, -6, 1, -4, -8, 2, -5, 0, 3, -4, -4, -1, -4, -1, -3, 1, -7, -3, 2, 1, 0, -2, 4, -4, -8, 2, 0, -8, 2, -4, 4, -4, -5, -4, 2, 3, -1, 2, -5, -6, 3, -4, -8, -8, 3, 3, 3, -8, -1, 1, 4, -1, -2, -8, -3, -1, -4, -2, -3, -7, -8, -4, 1, -4, -8, -4, -1, 4, 0, -4, 1, -1, -2, 2, -5, -7]
 
5.807110003111405: [2, -1, 0, 1, -3, -5, 4, -3, -4, -1, 0, -7, -5, -2, -3, -8, -6, -2, -5, 3, 2, 0, -3, -2, -4, -5, 0, 0, -7, 0, -6, -6, -7, 2, 0, -1, -1, -4, -1, 4, -6, 4, -1, -2, -5, -6, -6, -8, 2, -2, 0, -7, -4, -6, 1, -4, -8, 2, -5, 0, 3, -4, -4, -1, -4, -1, -3, 1, -7, -3, 2, 1, 0, -2, 4, -4, -8, 2, 0, -8, 2, -4, 4, -4, -5, -4, 2, 3, -1, 2, -5, -6, 3, -4, -8, -8, 3, 3, 3, -8, -1, 1, 4, -1, -2, -8, -3, -1, -4, -2, -3, -7, -8, -4, 1, -4, -8, -4, -1, 4, 0, -4, 1, -1, -2, 2, -5, -7]
 
1.88343340531: [0, -1, 0, 1, 1, -7, -8, -3, -7, -1, 0, -7, -5, -2, -3, -8, -6, -2, -5, 3, -4, -8, -8, -2, -4, -5, 0, -2, -2, 0, -6, -6, -7, 3, 0, -1, -1, -4, -3, -4, -6, 4, -1, -2, -4, -2, -6, -8, 2, -2, -5, -7, -4, -6, 1, -4, 3, 2, -5, 0, 3, -4, -4, 0, -4, 0, -3, 1, -7, 3, -5, -4, 0, -2, 4, -4, 0, 2, -7, -8, -1, -4, 4, 4, -5, -4, 2, -5, -7, 3, -5, -6, 3, -4, -8, 0, -5, 3, -2, -8, -1, 1, 1, -8, 3, 4, -3, -1, -4, -2, 3, -7, 0, 3, 1, -4, -8, -4, -1, 4, 0, -8, 1, 1, -2, 2, 4, -7]
 
1.21079440041: [2, -1, 0, 1, 1, -5, 4, 1, -4, -8, 0, -7, 0, -2, 4, -8, -6, -2, -5, -3, -4, 0, -3, -2, -4, -5, -8, 1, -7, -2, 2, 1, -2, -3, 0, -1, 1, -4, -6, 4, -6, -6, -1, -1, -5, -6, -6, -7, 2, -2, -1, -6, -8, -6, -4, -7, -6, 2, 4, -6, 3, -4, -4, 4, -4, -1, -3, 1, -7, -3, 2, 1, 0, 4, 4, -4, -8, 2, 3, -1, 2, -3, 4, -4, 2, -4, -2, -3, -2, 2, -3, -8, -6, -4, -8, 2, -6, -8, 3, -8, -1, 1, 4, -2, -2, 1, -3, -6, 1, -2, -5, -7, -2, -4, 1, -4, -8, -4, -1, -6, 1, -4, 1, -1, -1, 1, -2, -7]
 
5.699872431354757: [2, -1, 0, 1, -3, -5, 4, -3, -4, -1, 0, -7, -5, -2, -3, -8, -6, -2, -5, 3, 2, 0, -3, -2, -4, -5, 0, 0, -7, 0, -6, -6, -7, 2, 0, -1, -1, -4, -1, 4, -6, 4, -1, -2, -5, -6, -6, -8, 2, -2, 0, -7, -4, -6, 1, -4, -8, 2, -5, 0, 3, -4, -4, -1, -4, -1, -3, 1, -7, -3, 2, 1, 0, -2, 4, -4, -8, 2, 0, -8, 2, -4, 4, -4, -5, -4, 2, 3, -1, 2, -5, -6, 3, -4, -8, -8, 3, 3, 3, -8, -1, 1, 4, -1, -2, -8, -3, -1, -4, -2, -3, -7, -8, -4, 1, -4, -8, -4, -1, 4, 0, -4, 1, -1, -2, 2, -5, -7]
 
1.67962184701: [-5, 2, -5, 1, 1, 4, -4, 2, -4, -1, -5, 3, -5, -4, -3, -8, -6, -2, -5, 0, 2, 0, -3, -2, -4, 4, 0, 3, -7, -5, -6, -6, -7, 2, 4, -6, -1, -4, 0, 4, -6, 4, -3, -2, 4, -6, -6, -6, 2, -5, 0, -7, -4, -6, 1, -4, -8, 2, -5, 0, 3, -4, -7, 1, -1, -1, -3, 1, -7, -3, 4, 1, -1, -2, 4, -4, -8, -5, 0, -8, 2, -8, 4, -4, -5, -7, 2, 3, 0, -2, -5, -6, -1, -4, -6, -8, 3, -3, 3, -8, -1, -4, 4, 1, 0, 0, -3, -1, -4, -4, -3, -7, -6, -6, 3, -4, -5, -4, -5, 4, 0, -4, -2, -1, -5, 2, 2, -7]
 
5.677120768690232: [2, -1, 0, 1, -3, -5, 4, -3, -4, -1, 0, -7, -5, -2, -3, -8, -6, -2, -5, 3, 2, 0, -3, -2, -4, -5, 0, 0, -7, 0, -6, -6, -7, 2, 0, -1, -1, -4, -1, 4, -6, 4, -1, -2, -5, -6, -6, -8, 2, -2, 0, -7, -4, -6, 1, -4, -8, 2, -5, 0, 3, -4, -4, -1, -4, -1, -3, 1, -7, -3, 2, 1, 0, -2, 4, -4, -8, 2, 0, -8, 2, -4, 4, -4, -5, -4, 2, 3, -1, 2, -5, -6, 3, -4, -8, -8, 3, 3, 3, -8, -1, 1, 4, -1, -2, -8, -3, -1, -4, -2, -3, -7, -8, -4, 1, -4, -8, -4, -1, 4, 0, -4, 1, -1, -2, 2, -5, -7]
 
5.672092231224528: [2, -1, 0, 1, -3, -5, 4, -3, -4, -1, 0, -7, -5, -2, -3, -8, -6, -2, -5, 3, 2, 0, -3, -2, -4, -5, 0, 0, -7, 0, -6, -6, -7, 2, 0, -1, -1, -4, -1, 4, -6, 4, -1, -2, -5, -6, -6, -8, 2, -2, 0, -7, -4, -6, 1, -4, -8, 2, -5, 0, 3, -4, -4, -1, -4, -1, -3, 1, -7, -3, 2, 1, 0, -2, 4, -4, -8, 2, 0, -8, 2, -4, 4, -4, -5, -4, 2, 3, -1, 2, -5, -6, 3, -4, -8, -8, 3, 3, 3, -8, -1, 1, 4, -1, -2, -8, -3, -1, -4, -2, -3, -7, -8, -4, 1, -4, -8, -4, -1, 4, 0, -4, 1, -1, -2, 2, -5, -7]
 
0.605865730665: [2, -5, 0, -6, -4, 3, 1, -3, -4, -1, -7, -7, -5, -3, -3, -8, 2, -2, -5, 3, -6, -7, -3, -2, -4, -5, 3, 0, -7, 0, -6, -6, -7, 2, 2, -1, -3, -4, -1, 3, -3, 4, 4, 4, -2, -6, 3, -8, 2, -2, 0, -7, -3, -6, 1, -4, -6, 2, -5, 4, -5, -8, -3, -7, -4, -8, -3, 1, -1, 3, 2, 1, 0, -3, 3, -4, -8, 4, 1, -8, 2, 4, 4, -7, 4, -4, 2, 3, -1, 1, -5, -6, 3, -5, -8, -8, 3, -8, 3, 3, -1, 1, 4, -1, -2, -2, -3, -7, 0, -1, -3, -7, -8, -2, -1, -3, -8, -4, -1, 4, 0, 0, 1, -8, -2, 2, 0, -1]
 
5.661074612005769: [2, -1, 0, 1, -3, -5, 4, -3, -4, -1, 0, -7, -5, -2, -3, -8, -6, -2, -5, 3, 2, 0, -3, -2, -4, -5, 0, 0, -7, 0, -6, -6, -7, 2, 0, -1, -1, -4, -1, 4, -6, 4, -1, -2, -5, -6, -6, -8, 2, -2, 0, -7, -4, -6, 1, -4, -8, 2, -5, 0, 3, -4, -4, -1, -4, -1, -3, 1, -7, -3, 2, 1, 0, -2, 4, -4, -8, 2, 0, -8, 2, -4, 4, -4, -5, -4, 2, 3, -1, 2, -5, -6, 3, -4, -8, -8, 3, 3, 3, -8, -1, 1, 4, -1, -2, -8, -3, -1, -4, -2, -3, -7, -8, -4, 1, -4, -8, -4, -1, 4, 0, -4, 1, -1, -2, 2, -5, -7]
 
5.637284298276915: [2, -1, 0, 1, -3, -5, 4, -3, -4, -1, 0, -7, -5, -2, -3, -8, -6, -2, -5, 3, 2, 0, -3, -2, -4, -5, 0, 0, -7, 0, -6, -6, -7, 2, 0, -1, -1, -4, -1, 4, -6, 4, -1, -2, -5, -6, -6, -8, 2, -2, 0, -7, -4, -6, 1, -4, -8, 2, -5, 0, 3, -4, -4, -1, -4, -1, -3, 1, -7, -3, 2, 1, 0, -2, 4, -4, -8, 2, 0, -8, 2, -4, 4, -4, -5, -4, 2, 3, -1, 2, -5, -6, 3, -4, -8, -8, 3, 3, 3, -8, -1, 1, 4, -1, -2, -8, -3, -1, -4, -2, -3, -7, -8, -4, 1, -4, -8, -4, -1, 4, 0, -4, 1, -1, -2, 2, -5, -7]
 
5.625640623873164: [2, -1, 0, 1, -3, -5, 4, -3, -4, -1, 0, -7, -5, -2, -3, -8, -6, -2, -5, 3, 2, 0, -3, -2, -4, -5, 0, 0, -7, 0, -6, -6, -7, 2, 0, -1, -1, -4, -1, 4, -6, 4, -1, -2, -5, -6, -6, -8, 2, -2, 0, -7, -4, -6, 1, -4, -8, 2, -5, 0, 3, -4, -4, -1, -4, -1, -3, 1, -7, -3, 2, 1, 0, -2, 4, -4, -8, 2, 0, -8, 2, -4, 4, -4, -5, -4, 2, 3, -1, 2, -5, -6, 3, -4, -8, -8, 3, 3, 3, -8, -1, 1, 4, -1, -2, -8, -3, -1, -4, -2, -3, -7, -8, -4, 1, -4, -8, -4, -1, 4, 0, -4, 1, -1, -2, 2, -5, -7]
 
5.606824285639244: [2, -1, 0, 1, -3, -5, 4, -3, -4, -1, 0, -7, -5, -2, -3, -8, -6, -2, -5, 3, 2, 0, -3, -2, -4, -5, 0, 0, -7, 0, -6, -6, -7, 2, 0, -1, -1, -4, -1, 4, -6, 4, -1, -2, -5, -6, -6, -8, 2, -2, 0, -7, -4, -6, 1, -4, -8, 2, -5, 0, 3, -4, -4, -1, -4, -1, -3, 1, -7, -3, 2, 1, 0, -2, 4, -4, -8, 2, 0, -8, 2, -4, 4, -4, -5, -4, 2, 3, -1, 2, -5, -6, 3, -4, -8, -8, 3, 3, 3, -8, -1, 1, 4, -1, -2, -8, -3, -1, -4, -2, -3, -7, -8, -4, 1, -4, -8, -4, -1, 4, 0, -4, 1, -1, -2, 2, -5, -7]
 
0.677780866442: [2, -1, 2, 1, -6, -5, -2, -1, -3, -1, -3, -7, -5, -2, -3, 4, -6, -4, -5, 3, 2, 4, -3, -2, -4, -5, 3, 0, -7, 4, -6, -8, -7, 2, -6, 3, -1, 2, -1, 4, -6, 4, -1, -2, -2, -3, -6, -5, 2, -2, -5, -5, -4, -6, 1, 2, 0, 2, -5, 0, -6, -4, -4, -8, -2, -6, -3, 1, -3, -5, 2, 1, 0, -2, 4, -6, -8, 2, 3, -8, 2, -4, 4, 1, 4, -4, 2, 3, -8, 2, -5, -3, 3, -4, 1, -8, 3, -3, -4, -8, -1, 1, 4, -4, -1, -8, -3, 0, -4, -2, -2, -7, 4, -4, 1, -8, -8, -1, -1, 4, -5, -4, -3, 2, -2, -3, 2, -7]
 
5.599799202393835: [2, -1, 0, 1, -3, -5, 4, -3, -4, -1, 0, -7, -5, -2, -3, -8, -6, -2, -5, 3, 2, 0, -3, -2, -4, -5, 0, 0, -7, 0, -6, -6, -7, 2, 0, -1, -1, -4, -1, 4, -6, 4, -1, -2, -5, -6, -6, -8, 2, -2, 0, -7, -4, -6, 1, -4, -8, 2, -5, 0, 3, -4, -4, -1, -4, -1, -3, 1, -7, -3, 2, 1, 0, -2, 4, -4, -8, 2, 0, -8, 2, -4, 4, -4, -5, -4, 2, 3, -1, 2, -5, -6, 3, -4, -8, -8, 3, 3, 3, -8, -1, 1, 4, -1, -2, -8, -3, -1, -4, -2, -3, -7, -8, -4, 1, -4, -8, -4, -1, 4, 0, -4, 1, -1, -2, 2, -5, -7]
 
5.599424185579731: [2, -1, 0, 1, -3, -5, 4, -3, -4, -1, 0, -7, -5, -2, -3, -8, -6, -2, -5, 3, 2, 0, -3, -2, -4, -5, 0, 0, -7, 0, -6, -6, -7, 2, 0, -1, -1, -4, -1, 4, -6, 4, -1, -2, -5, -6, -6, -8, 2, -2, 0, -7, -4, -6, 1, -4, -8, 2, -5, 0, 3, -4, -4, -1, -4, -1, -3, 1, -7, -3, 2, 1, 0, -2, 4, -4, -8, 2, 0, -8, 2, -4, 4, -4, -5, -4, 2, 3, -1, 2, -5, -6, 3, -4, -8, -8, 3, 3, 3, -8, -1, 1, 4, -1, -2, -8, -3, -1, -4, -2, -3, -7, -8, -4, 1, -4, -8, -4, -1, 4, 0, -4, 1, -1, -2, 2, -5, -7]
 
5.5993078637473666: [2, -1, 0, 1, -3, -5, 4, -3, -4, -1, 0, -7, -5, -2, -3, -8, -6, -2, -5, 3, 2, 0, -3, -2, -4, -5, 0, 0, -7, 0, -6, -6, -7, 2, 0, -1, -1, -4, -1, 4, -6, 4, -1, -2, -5, -6, -6, -8, 2, -2, 0, -7, -4, -6, 1, -4, -8, 2, -5, 0, 3, -4, -4, -1, -4, -1, -3, 1, -7, -3, 2, 1, 0, -2, 4, -4, -8, 2, 0, -8, 2, -4, 4, -4, -5, -4, 2, 3, -1, 2, -5, -6, 3, -4, -8, -8, 3, 3, 3, -8, -1, 1, 4, -1, -2, -8, -3, -1, -4, -2, -3, -7, -8, -4, 1, -4, -8, -4, -1, 4, 0, -4, 1, -1, -2, 2, -5, -7]
 
2.6537111328: [2, 3, 0, 3, -8, -5, 4, -3, -5, 0, 0, -4, -5, -2, -3, -8, -6, -2, -5, 3, 2, 0, -3, -2, -4, -5, 2, -4, -7, -3, -6, 0, -7, 2, -1, -1, -1, -4, -1, -5, -2, 4, 2, -2, -7, -6, -6, -8, 2, -1, 0, -7, -4, -6, 1, -4, -8, 2, -5, 0, 3, -5, -4, -1, -7, 0, -3, -4, -7, 1, 2, -1, 0, -4, -2, -4, 2, 2, -2, -7, 0, -4, 3, -5, 1, -4, 2, 3, -1, 3, 4, -6, -7, -3, -8, -8, 3, -8, 3, -8, -1, -1, -8, 4, 3, -8, -3, 1, -1, 0, -2, -5, 2, -4, 1, -4, -8, -4, -7, 4, -4, -4, 1, -6, -2, 2, -5, -7]
 
5.598234931724284: [2, -1, 0, 1, -3, -5, 4, -3, -4, -1, 0, -7, -5, -2, -3, -8, -6, -2, -5, 3, 2, 0, -3, -2, -4, -5, 0, 0, -7, 0, -6, -6, -7, 2, 0, -1, -1, -4, -1, 4, -6, 4, -1, -2, -5, -6, -6, -8, 2, -2, 0, -7, -4, -6, 1, -4, -8, 2, -5, 0, 3, -4, -4, -1, -4, -1, -3, 1, -7, -3, 2, 1, 0, -2, 4, -4, -8, 2, 0, -8, 2, -4, 4, -4, -5, -4, 2, 3, -1, 2, -5, -6, 3, -4, -8, -8, 3, 3, 3, -8, -1, 1, 4, -1, -2, -8, -3, -1, -4, -2, -3, -7, -8, -4, 1, -4, -8, -4, -1, 4, 0, -4, 1, -1, -2, 2, -5, -7]
 
5.592646324541654: [2, -1, 0, 1, -3, -5, 4, -3, -4, -1, 0, -7, -5, -2, -3, -8, -6, -2, -5, 3, 2, 0, -3, -2, -4, -5, 0, 0, -7, 0, -6, -6, -7, 2, 0, -1, -1, -4, -1, 4, -6, 4, -1, -2, -5, -6, -6, -8, 2, -2, 0, -7, -4, -6, 1, -4, -8, 2, -5, 0, 3, -4, -4, -1, -4, -1, -3, 1, -7, -3, 2, 1, 0, -2, 4, -4, -8, 2, 0, -8, 2, -4, 4, -4, -5, -4, 2, 3, -1, 2, -5, -6, 3, -4, -8, -8, 3, 3, 3, -8, -1, 1, 4, -1, -2, -8, -3, -1, -4, -2, -3, -7, -8, -4, 1, -4, -8, -4, -1, 4, 0, -4, 1, -1, -2, 2, -5, -7]
 
5.589334131202524: [2, -1, 0, 1, -3, -5, 4, -3, -4, -1, 0, -7, -5, -2, -3, -8, -6, -2, -5, 3, 2, 0, -3, -2, -4, -5, 0, 0, -7, 0, -6, -6, -7, 2, 0, -1, -1, -4, -1, 4, -6, 4, -1, -2, -5, -6, -6, -8, 2, -2, 0, -7, -4, -6, 1, -4, -8, 2, -5, 0, 3, -4, -4, -1, -4, -1, -3, 1, -7, -3, 2, 1, 0, -2, 4, -4, -8, 2, 0, -8, 2, -4, 4, -4, -5, -4, 2, 3, -1, 2, -5, -6, 3, -4, -8, -8, 3, 3, 3, -8, -1, 1, 4, -1, -2, -8, -3, -1, -4, -2, -3, -7, -8, -4, 1, -4, -8, -4, -1, 4, 0, -4, 1, -1, -2, 2, -5, -7]
 
1.17846667799: [-1, 2, 0, 1, -3, -5, 4, -3, -4, -1, 2, -7, -5, -2, -3, -8, -6, -2, -5, -7, -2, -4, -3, -2, -2, -5, 1, 0, -7, 0, -6, 1, -7, 1, 0, -1, -7, -4, -6, 4, -6, 3, -3, -2, -5, -6, -7, -8, -2, -2, 0, -7, -4, 3, 1, -4, -3, 2, -5, 0, 2, 3, -4, 2, 4, -1, -3, 1, -7, -3, 2, 1, 0, -2, -6, -4, -8, -4, 0, -8, 2, -6, -4, -5, -5, -4, 2, 3, 2, 3, -5, 3, 4, -4, -3, -8, -8, -7, 3, 0, -6, 1, 4, 4, -2, -8, -3, -1, -7, -2, -3, -7, 0, 4, 0, -2, -8, -7, -7, -4, 0, 1, 1, -1, -2, -2, -5, -7]
 
5.574389915635147: [2, -1, 0, 1, -3, -5, 4, -3, -4, -1, 0, -7, -5, -2, -3, -8, -6, -2, -5, 3, 2, 0, -3, -2, -4, -5, 0, 0, -7, 0, -6, -6, -7, 2, 0, -1, -1, -4, -1, 4, -6, 4, -1, -2, -5, -6, -6, -8, 2, -2, 0, -7, -4, -6, 1, -4, -8, 2, -5, 0, 3, -4, -4, -1, -4, -1, -3, 1, -7, -3, 2, 1, 0, -2, 4, -4, -8, 2, 0, -8, 2, -4, 4, -4, -5, -4, 2, 3, -1, 2, -5, -6, 3, -4, -8, -8, 3, 3, 3, -8, -1, 1, 4, -1, -2, -8, -3, -1, -4, -2, -3, -7, -8, -4, 1, -4, -8, -4, -1, 4, 0, -4, 1, -1, -2, 2, -5, -7]
 
5.572988859376914: [2, -1, 0, 1, -3, -5, 4, -3, -4, -1, 0, -7, -5, -2, -3, -8, -6, -2, -5, 3, 2, 0, -3, -2, -4, -5, 0, 0, -7, 0, -6, -6, -7, 2, 0, -1, -1, -4, -1, 4, -6, 4, -1, -2, -5, -6, -6, -8, 2, -2, 0, -7, -4, -6, 1, -4, -8, 2, -5, 0, 3, -4, -4, -1, -4, -1, -3, 1, -7, -3, 2, 1, 0, -2, 4, -4, -8, 2, 0, -8, 2, -4, 4, -4, -5, -4, 2, 3, -1, 2, -5, -6, 3, -4, -8, -8, 3, 3, 3, -8, -1, 1, 4, -1, -2, -8, -3, -1, -4, -2, -3, -7, -8, -4, 1, -4, -8, -4, -1, 4, 0, -4, 1, -1, -2, 2, -5, -7]
 
5.572257138520972: [2, -1, 0, 1, -3, -5, 4, -3, -4, -1, 0, -7, -5, -2, -3, -8, -6, -2, -5, 3, 2, 0, -3, -2, -4, -5, 0, 0, -7, 0, -6, -6, -7, 2, 0, -1, -1, -4, -1, 4, -6, 4, -1, -2, -5, -6, -6, -8, 2, -2, 0, -7, -4, -6, 1, -4, -8, 2, -5, 0, 3, -4, -4, -1, -4, -1, -3, 1, -7, -3, 2, 1, 0, -2, 4, -4, -8, 2, 0, -8, 2, -4, 4, -4, -5, -4, 2, 3, -1, 2, -5, -6, 3, -4, -8, -8, 3, 3, 3, -8, -1, 1, 4, -1, -2, -8, -3, -1, -4, -2, -3, -7, -8, -4, 1, -4, -8, -4, -1, 4, 0, -4, 1, -1, -2, 2, -5, -7]
 
5.570458426595259: [2, -1, 0, 1, -3, -5, 4, -3, -4, -1, 0, -7, -5, -2, -3, -8, -6, -2, -5, 3, 2, 0, -3, -2, -4, -5, 0, 0, -7, 0, -6, -6, -7, 2, 0, -1, -1, -4, -1, 4, -6, 4, -1, -2, -5, -6, -6, -8, 2, -2, 0, -7, -4, -6, 1, -4, -8, 2, -5, 0, 3, -4, -4, -1, -4, -1, -3, 1, -7, -3, 2, 1, 0, -2, 4, -4, -8, 2, 0, -8, 2, -4, 4, -4, -5, -4, 2, 3, -1, 2, -5, -6, 3, -4, -8, -8, 3, 3, 3, -8, -1, 1, 4, -1, -2, -8, -3, -1, -4, -2, -3, -7, -8, -4, 1, -4, -8, -4, -1, 4, 0, -4, 1, -1, -2, 2, -5, -7]
 
5.569970904689713: [2, -1, 0, 1, -3, -5, 4, -3, -4, -1, 0, -7, -5, -2, -3, -8, -6, -2, -5, 3, 2, 0, -3, -2, -4, -5, 0, 0, -7, 0, -6, -6, -7, 2, 0, -1, -1, -4, -1, 4, -6, 4, -1, -2, -5, -6, -6, -8, 2, -2, 0, -7, -4, -6, 1, -4, -8, 2, -5, 0, 3, -4, -4, -1, -4, -1, -3, 1, -7, -3, 2, 1, 0, -2, 4, -4, -8, 2, 0, -8, 2, -4, 4, -4, -5, -4, 2, 3, -1, 2, -5, -6, 3, -4, -8, -8, 3, 3, 3, -8, -1, 1, 4, -1, -2, -8, -3, -1, -4, -2, -3, -7, -8, -4, 1, -4, -8, -4, -1, 4, 0, -4, 1, -1, -2, 2, -5, -7]
 
5.568968429569141: [2, -1, 0, 1, -3, -5, 4, -3, -4, -1, 0, -7, -5, -2, -3, -8, -6, -2, -5, 3, 2, 0, -3, -2, -4, -5, 0, 0, -7, 0, -6, -6, -7, 2, 0, -1, -1, -4, -1, 4, -6, 4, -1, -2, -5, -6, -6, -8, 2, -2, 0, -7, -4, -6, 1, -4, -8, 2, -5, 0, 3, -4, -4, -1, -4, -1, -3, 1, -7, -3, 2, 1, 0, -2, 4, -4, -8, 2, 0, -8, 2, -4, 4, -4, -5, -4, 2, 3, -1, 2, -5, -6, 3, -4, -8, -8, 3, 3, 3, -8, -1, 1, 4, -1, -2, -8, -3, -1, -4, -2, -3, -7, -8, -4, 1, -4, -8, -4, -1, 4, 0, -4, 1, -1, -2, 2, -5, -7]
 
0.644483673222: [-3, -1, 0, -2, -3, -5, 4, -3, -4, -1, 0, 1, -5, -2, -3, -5, -6, 2, -6, -3, 2, 1, -7, -2, 1, -5, 0, 4, -6, -5, -8, -3, -7, 2, 0, 3, -1, -4, -1, 4, -6, -6, -2, -2, 2, 0, -6, 1, 2, -2, 0, -6, -2, -6, 1, -4, -8, 2, 1, -3, 1, -5, -4, -1, -4, -1, 1, -3, -7, -3, 2, -6, 0, -6, 4, -4, -5, 2, 0, -8, 2, -4, 4, -4, -8, -4, -5, 3, -1, -4, 1, -1, 2, -4, -8, -8, 3, 2, -5, 0, 0, 1, -5, -1, -2, -8, -7, -5, -5, -5, -3, 3, -8, -4, 1, -4, -6, -4, -7, 4, 0, 0, -4, -1, -8, -6, 3, -7]
 
0.922741979635: [-1, -1, 0, 1, -3, -5, 4, -3, -4, -1, 0, -7, 3, -2, -3, -1, -6, -2, 2, 4, -4, 4, -7, -2, -3, 3, 0, 0, -7, 0, -6, -6, -7, -7, 0, 0, -4, -4, -1, 4, 0, 4, -1, -1, -3, -6, -6, -1, 2, -2, 0, -7, -4, 2, 1, -4, -8, 2, -5, 0, 3, -5, 2, -1, -8, 4, -3, 1, 1, -4, 2, -5, 0, -2, -8, -4, 2, -8, 0, -8, 2, -4, 4, -2, -5, -4, -8, 3, -8, 2, -5, -6, 3, -4, -8, -8, 3, 3, 3, -8, -2, 1, 4, -1, -2, -8, -7, -8, 2, -2, -3, -7, -8, -4, -5, -4, -8, 0, -1, 0, 0, 2, -5, -6, -2, 3, -5, 2]
 
5.564205150918939: [2, -1, 0, 1, -3, -5, 4, -3, -4, -1, 0, -7, -5, -2, -3, -8, -6, -2, -5, 3, 2, 0, -3, -2, -4, -5, 0, 0, -7, 0, -6, -6, -7, 2, 0, -1, -1, -4, -1, 4, -6, 4, -1, -2, -5, -6, -6, -8, 2, -2, 0, -7, -4, -6, 1, -4, -8, 2, -5, 0, 3, -4, -4, -1, -4, -1, -3, 1, -7, -3, 2, 1, 0, -2, 4, -4, -8, 2, 0, -8, 2, -4, 4, -4, -5, -4, 2, 3, -1, 2, -5, -6, 3, -4, -8, -8, 3, 3, 3, -8, -1, 1, 4, -1, -2, -8, -3, -1, -4, -2, -3, -7, -8, -4, 1, -4, -8, -4, -1, 4, 0, -4, 1, -1, -2, 2, -5, -7]
 
5.54443385041: [2, -1, 0, 1, -3, -5, 4, -3, -4, -1, 0, -7, -5, -2, -3, -8, -6, -2, -5, 3, 2, 0, -3, -2, -4, -5, 0, 0, -7, 0, -6, -6, -7, 2, 0, -1, -1, -4, -1, 4, -6, 4, -1, -2, -5, -6, -6, -8, 2, -2, 0, -7, -4, -6, 1, -4, -8, 2, -5, 0, 3, -4, -4, -1, -4, -1, -3, 1, -7, -3, 2, 1, 0, -2, 4, -4, -8, 2, 0, -8, 2, -4, 4, -4, -5, -4, 2, 3, -1, 2, -5, -6, 3, -4, -8, -8, 3, 3, 3, -8, -1, 1, 4, -1, -2, -8, -3, -1, -4, -2, -3, -7, -8, -4, 1, -4, -8, -4, -1, 4, 0, -4, 1, -1, -2, 2, -5, -7]
 
5.57274546646: [2, -1, 0, 1, -3, -5, 4, -3, -4, -1, 0, -7, -5, -2, -3, -8, -6, -2, -5, 3, 2, 0, -3, -2, -4, -5, 0, 0, -7, 0, -6, -6, -7, 2, 0, -1, -1, -4, -1, 4, -6, 4, -1, -2, -5, -6, -6, -8, 2, -2, 0, -7, -4, -6, 1, -4, -8, 2, -5, 0, 3, -4, -4, -1, -4, -1, -3, 1, -7, -3, 2, 1, 0, -2, 4, -4, -8, 2, 0, -8, 2, -4, 4, -4, -5, -4, 2, 3, -1, 2, -5, -6, 3, -4, -8, -8, 3, 3, 3, -8, -1, 1, 4, -1, -2, -8, -3, -1, -4, -2, -3, -7, -8, -4, 1, -4, -8, -4, -1, 4, 0, -4, 1, -1, -2, 2, -5, -7]
 
0.991113279252: [4, -2, -6, -6, -3, -5, 4, -3, -7, 3, -3, -7, -5, -2, -3, -6, -6, -6, -5, -7, 2, 0, -1, -8, -4, -7, -8, 0, 3, 0, 1, -6, -3, 2, -7, 0, -6, -8, -1, -5, -2, -3, 0, -5, -5, -6, -3, -7, 2, -2, 0, -7, -4, -8, 0, -2, -4, 2, -5, 0, 0, -4, -6, -1, 4, -1, 1, 3, -2, -4, 2, 4, -8, 0, 4, -4, -5, -2, 0, -3, -3, -4, 4, 4, 1, -6, 2, -7, 0, 4, -5, -7, 0, -7, -6, 0, 3, 2, -1, -5, -1, 1, 4, -1, -1, -8, 2, -1, -3, -7, -3, -7, -5, -7, 1, 2, 1, 3, -3, 3, 0, -4, 1, -1, -2, 2, 2, -7]
 
5.28796784267: [2, -1, 0, 1, -3, -5, 4, -3, -4, -1, 0, -7, -5, -2, -3, -8, -6, -2, -5, 3, 2, 0, -3, -2, -4, -5, 0, 0, -7, 0, -6, -6, -7, 2, 0, -1, -1, -4, -1, 4, -6, 4, -1, -2, -5, -6, -6, -8, 2, -2, 0, -7, -4, -6, 1, -4, -8, 2, -5, 0, 3, -4, -4, -1, -4, -1, -3, 1, -7, -3, 2, 1, 0, -2, 4, -4, -8, 2, 0, -8, 2, -4, 4, -4, -5, -4, 2, 3, -1, 2, -5, -6, 3, -4, -8, -8, 3, 3, 3, -8, -1, 1, 4, -1, -2, -8, -3, -1, -4, -2, -3, -7, -8, -4, 1, -4, -8, -4, -1, 4, 0, -4, 1, -1, -2, 2, -5, -7]
 
5.58455203476: [2, -1, 0, 1, -3, -5, 4, -3, -4, -1, 0, -7, -5, -2, -3, -8, -6, -2, -5, 3, 2, 0, -3, -2, -4, -5, 0, 0, -7, 0, -6, -6, -7, 2, 0, -1, -1, -4, -1, 4, -6, 4, -1, -2, -5, -6, -6, -8, 2, -2, 0, -7, -4, -6, 1, -4, -8, 2, -5, 0, 3, -4, -4, -1, -4, -1, -3, 1, -7, -3, 2, 1, 0, -2, 4, -4, -8, 2, 0, -8, 2, -4, 4, -4, -5, -4, 2, 3, -1, 2, -5, -6, 3, -4, -8, -8, 3, 3, 3, -8, -1, 1, 4, -1, -2, -8, -3, -1, -4, -2, -3, -7, -8, -4, 1, -4, -8, -4, -1, 4, 0, -4, 1, -1, -2, 2, -5, -7]
 
0.778223218967: [0, -1, 0, -8, -5, 4, 4, 1, -6, -1, 1, -3, -5, -2, 4, -3, 2, -2, -5, 3, -4, 0, -3, -2, 2, -3, 0, 0, -7, 0, -6, 2, 2, 4, 0, -1, -1, -4, -1, 0, 2, 4, -8, -2, -5, -6, -6, -8, 2, -2, -7, -7, -4, 2, 1, -4, -7, 4, -5, -1, 3, -4, 4, -1, -4, -1, -3, 1, -7, -3, 2, 1, 4, -4, 0, -8, -8, 2, 0, -8, -4, -4, 4, -4, -5, -4, 2, 3, -1, 1, 2, -6, 3, 1, -8, -8, -8, 2, 3, -8, 2, -6, 4, -1, -2, -1, -3, -1, 0, -2, -1, -7, 0, -4, 1, -4, -8, -2, -1, 4, 0, -4, -6, -1, -2, 2, -5, -7]
 
4.97691135928: [2, -1, 0, 1, -3, -5, 4, -3, -4, -1, 0, -7, -5, -2, -3, -8, -6, -2, -5, 3, 2, 0, -3, -2, -4, -5, 0, 0, -7, 0, -6, -6, -7, 2, 0, -1, -1, -4, -1, 4, -6, 4, -1, -2, -5, -6, -6, -8, 2, -2, 0, -7, -4, -6, 1, -4, -8, 2, -5, 0, 3, -4, -4, -1, -4, -1, -3, 1, -7, -3, 2, 1, 0, -2, 4, -4, -8, 2, 0, -8, 2, -4, 4, -4, -5, -4, 2, 3, -1, 2, -5, -6, 3, -4, -8, -8, 3, 3, 3, -8, -1, 1, 4, -1, -2, -8, -3, -1, -4, -2, -3, -7, -8, -4, 1, -4, -8, -4, -1, 4, 0, -4, 1, -1, -2, 2, -5, -7]
 
1.14582437905: [2, 3, -6, 4, -3, -3, 4, -3, 0, -1, -5, -7, -1, -2, 0, 0, 1, -2, 1, 3, -7, 1, -8, -5, -4, -5, 3, -3, -6, 0, -2, -7, -7, -6, 0, -1, 1, 4, -7, 1, -7, -8, -6, -5, -3, -6, -6, -8, -2, -1, 0, 3, -4, -5, -1, 4, 3, 2, -4, 2, 3, -5, -4, -1, -1, -1, -6, 3, -7, -2, -4, -4, 1, 0, 4, 4, -8, -6, 2, -2, -5, 0, 4, 2, -6, 2, -1, -3, 0, -7, -4, 1, 3, 3, -8, -8, 3, 3, 3, -2, -1, 1, 3, -5, -4, -8, -3, -1, -2, -2, 4, -7, -8, -4, 1, 1, -8, -4, -8, 0, -7, -4, -2, 1, -2, -8, -3, -4]
 
5.60656503427: [2, -1, 0, 1, -3, -5, 4, -3, -4, -1, 0, -7, -5, -2, -3, -8, -6, -2, -5, 3, 2, 0, -3, -2, -4, -5, 0, 0, -7, 0, -6, -6, -7, 2, 0, -1, -1, -4, -1, 4, -6, 4, -1, -2, -5, -6, -6, -8, 2, -2, 0, -7, -4, -6, 1, -4, -8, 2, -5, 0, 3, -4, -4, -1, -4, -1, -3, 1, -7, -3, 2, 1, 0, -2, 4, -4, -8, 2, 0, -8, 2, -4, 4, -4, -5, -4, 2, 3, -1, 2, -5, -6, 3, -4, -8, -8, 3, 3, 3, -8, -1, 1, 4, -1, -2, -8, -3, -1, -4, -2, -3, -7, -8, -4, 1, -4, -8, -4, -1, 4, 0, -4, 1, -1, -2, 2, -5, -7]
 
5.73781494837: [2, -1, 0, 1, -3, -5, 4, -3, -4, -1, 0, -7, -5, -2, -3, -8, -6, -2, -5, 3, 2, 0, -3, -2, -4, -5, 0, 0, -7, 0, -6, -6, -7, 2, 0, -1, -1, -4, -1, 4, -6, 4, -1, -2, -5, -6, -6, -8, 2, -2, 0, -7, -4, -6, 1, -4, -8, 2, -5, 0, 3, -4, -4, -1, -4, -1, -3, 1, -7, -3, 2, 1, 0, -2, 4, -4, -8, 2, 0, -8, 2, -4, 4, -4, -5, -4, 2, 3, -1, 2, -5, -6, 3, -4, -8, -8, 3, 3, 3, -8, -1, 1, 4, -1, -2, -8, -3, -1, -4, -2, -3, -7, -8, -4, 1, -4, -8, -4, -1, 4, 0, -4, 1, -1, -2, 2, -5, -7]
 
5.55264083336: [2, -1, 0, 1, -3, -5, 4, -3, -4, -1, 0, -7, -5, -2, -3, -8, -6, -2, -5, 3, 2, 0, -3, -2, -4, -5, 0, 0, -7, 0, -6, -6, -7, 2, 0, -1, -1, -4, -1, 4, -6, 4, -1, -2, -5, -6, -6, -8, 2, -2, 0, -7, -4, -6, 1, -4, -8, 2, -5, 0, 3, -4, -4, -1, -4, -1, -3, 1, -7, -3, 2, 1, 0, -2, 4, -4, -8, 2, 0, -8, 2, -4, 4, -4, -5, -4, 2, 3, -1, 2, -5, -6, 3, -4, -8, -8, 3, 3, 3, -8, -1, 1, 4, -1, -2, -8, -3, -1, -4, -2, -3, -7, -8, -4, 1, -4, -8, -4, -1, 4, 0, -4, 1, -1, -2, 2, -5, -7]
 
5.55884003404: [2, -1, 0, 1, -3, -5, 4, -3, -4, -1, 0, -7, -5, -2, -3, -8, -6, -2, -5, 3, 2, 0, -3, -2, -4, -5, 0, 0, -7, 0, -6, -6, -7, 2, 0, -1, -1, -4, -1, 4, -6, 4, -1, -2, -5, -6, -6, -8, 2, -2, 0, -7, -4, -6, 1, -4, -8, 2, -5, 0, 3, -4, -4, -1, -4, -1, -3, 1, -7, -3, 2, 1, 0, -2, 4, -4, -8, 2, 0, -8, 2, -4, 4, -4, -5, -4, 2, 3, -1, 2, -5, -6, 3, -4, -8, -8, 3, 3, 3, -8, -1, 1, 4, -1, -2, -8, -3, -1, -4, -2, -3, -7, -8, -4, 1, -4, -8, -4, -1, 4, 0, -4, 1, -1, -2, 2, -5, -7]
 
1.46335937932: [-8, -1, 0, 1, -3, -5, 1, 4, -4, 3, 0, 1, -5, -2, -3, -8, -2, -2, -5, 3, -1, -6, -5, -2, -4, -7, 0, 0, -4, 0, -6, -4, -8, 3, 2, -1, -1, -5, -1, 4, -6, 4, -6, 3, -2, -8, -2, -8, 2, -2, -6, -4, -4, -6, 1, 4, -8, 0, -5, 2, 3, -4, 0, 0, -4, -1, -3, -1, -7, -1, 2, 1, 0, -2, 4, -5, -8, 2, 0, 2, 2, -4, -8, -4, -5, -4, -4, 3, -1, 2, 2, -6, 3, -7, -6, 4, -7, 4, -6, -8, -1, -6, 4, -1, 0, -5, -3, 0, -4, -6, -3, -6, -8, -4, 1, -7, -8, -4, -1, 4, 0, -4, 1, -1, 4, 2, -5, 3]
 
5.60177773726: [2, -1, 0, 1, -3, -5, 4, -3, -4, -1, 0, -7, -5, -2, -3, -8, -6, -2, -5, 3, 2, 0, -3, -2, -4, -5, 0, 0, -7, 0, -6, -6, -7, 2, 0, -1, -1, -4, -1, 4, -6, 4, -1, -2, -5, -6, -6, -8, 2, -2, 0, -7, -4, -6, 1, -4, -8, 2, -5, 0, 3, -4, -4, -1, -4, -1, -3, 1, -7, -3, 2, 1, 0, -2, 4, -4, -8, 2, 0, -8, 2, -4, 4, -4, -5, -4, 2, 3, -1, 2, -5, -6, 3, -4, -8, -8, 3, 3, 3, -8, -1, 1, 4, -1, -2, -8, -3, -1, -4, -2, -3, -7, -8, -4, 1, -4, -8, -4, -1, 4, 0, -4, 1, -1, -2, 2, -5, -7]
 
5.6305384304: [2, -1, 0, 1, -3, -5, 4, -3, -4, -1, 0, -7, -5, -2, -3, -8, -6, -2, -5, 3, 2, 0, -3, -2, -4, -5, 0, 0, -7, 0, -6, -6, -7, 2, 0, -1, -1, -4, -1, 4, -6, 4, -1, -2, -5, -6, -6, -8, 2, -2, 0, -7, -4, -6, 1, -4, -8, 2, -5, 0, 3, -4, -4, -1, -4, -1, -3, 1, -7, -3, 2, 1, 0, -2, 4, -4, -8, 2, 0, -8, 2, -4, 4, -4, -5, -4, 2, 3, -1, 2, -5, -6, 3, -4, -8, -8, 3, 3, 3, -8, -1, 1, 4, -1, -2, -8, -3, -1, -4, -2, -3, -7, -8, -4, 1, -4, -8, -4, -1, 4, 0, -4, 1, -1, -2, 2, -5, -7]
 
5.66005767848: [2, -1, 0, 1, -3, -5, 4, -3, -4, -1, 0, -7, -5, -2, -3, -8, -6, -2, -5, 3, 2, 0, -3, -2, -4, -5, 0, 0, -7, 0, -6, -6, -7, 2, 0, -1, -1, -4, -1, 4, -6, 4, -1, -2, -5, -6, -6, -8, 2, -2, 0, -7, -4, -6, 1, -4, -8, 2, -5, 0, 3, -4, -4, -1, -4, -1, -3, 1, -7, -3, 2, 1, 0, -2, 4, -4, -8, 2, 0, -8, 2, -4, 4, -4, -5, -4, 2, 3, -1, 2, -5, -6, 3, -4, -8, -8, 3, 3, 3, -8, -1, 1, 4, -1, -2, -8, -3, -1, -4, -2, -3, -7, -8, -4, 1, -4, -8, -4, -1, 4, 0, -4, 1, -1, -2, 2, -5, -7]
 
1.90398071832: [-2, -6, 0, -4, 4, -5, 4, -3, -4, -5, 0, -7, -1, -2, -3, -8, -6, -4, 3, 3, 2, 0, 3, -2, -4, -5, 0, 0, -7, -4, -6, -6, -7, -4, 4, -1, -1, -3, -1, 4, -6, 4, -1, -2, -5, -3, -6, -8, 2, -2, -6, -7, -4, -6, -5, -4, -8, -6, -5, -3, -6, -4, -4, -1, -5, -2, 0, 0, -7, -3, 2, 2, 0, 1, -1, -4, -8, 2, 0, -4, 2, 3, 4, -5, -5, -4, 2, -5, -1, 2, -8, 4, 3, -8, -8, -8, 3, 3, 3, -3, -1, 1, 4, -1, -2, -8, -3, -1, -4, -2, -1, -6, 1, -4, 1, -4, -6, -1, -1, 4, 0, -4, -7, -4, -2, 2, -6, 3]
 
5.63476182333: [2, -1, 0, 1, -3, -5, 4, -3, -4, -1, 0, -7, -5, -2, -3, -8, -6, -2, -5, 3, 2, 0, -3, -2, -4, -5, 0, 0, -7, 0, -6, -6, -7, 2, 0, -1, -1, -4, -1, 4, -6, 4, -1, -2, -5, -6, -6, -8, 2, -2, 0, -7, -4, -6, 1, -4, -8, 2, -5, 0, 3, -4, -4, -1, -4, -1, -3, 1, -7, -3, 2, 1, 0, -2, 4, -4, -8, 2, 0, -8, 2, -4, 4, -4, -5, -4, 2, 3, -1, 2, -5, -6, 3, -4, -8, -8, 3, 3, 3, -8, -1, 1, 4, -1, -2, -8, -3, -1, -4, -2, -3, -7, -8, -4, 1, -4, -8, -4, -1, 4, 0, -4, 1, -1, -2, 2, -5, -7]
 
5.56761860997: [2, -1, 0, 1, -3, -5, 4, -3, -4, -1, 0, -7, -5, -2, -3, -8, -6, -2, -5, 3, 2, 0, -3, -2, -4, -5, 0, 0, -7, 0, -6, -6, -7, 2, 0, -1, -1, -4, -1, 4, -6, 4, -1, -2, -5, -6, -6, -8, 2, -2, 0, -7, -4, -6, 1, -4, -8, 2, -5, 0, 3, -4, -4, -1, -4, -1, -3, 1, -7, -3, 2, 1, 0, -2, 4, -4, -8, 2, 0, -8, 2, -4, 4, -4, -5, -4, 2, 3, -1, 2, -5, -6, 3, -4, -8, -8, 3, 3, 3, -8, -1, 1, 4, -1, -2, -8, -3, -1, -4, -2, -3, -7, -8, -4, 1, -4, -8, -4, -1, 4, 0, -4, 1, -1, -2, 2, -5, -7]
 
5.41960851909: [2, -1, 0, 1, -3, -5, 4, -3, -4, -1, 0, -7, -5, -2, -3, -8, -6, -2, -5, 3, 2, 0, -3, -2, -4, -5, 0, 0, -7, 0, -6, -6, -7, 2, 0, -1, -1, -4, -1, 4, -6, 4, -1, -2, -5, -6, -6, -8, 2, -2, 0, -7, -4, -6, 1, -4, -8, 2, -5, 0, 3, -4, -4, -1, -4, -1, -3, 1, -7, -3, 2, 1, 0, -2, 4, -4, -8, 2, 0, -8, 2, -4, 4, -4, -5, -4, 2, 3, -1, 2, -5, -6, 3, -4, -8, -8, 3, 3, 3, -8, -1, 1, 4, -1, -2, -8, -3, -1, -4, -2, -3, -7, -8, -4, 1, -4, -8, -4, -1, 4, 0, -4, 1, -1, -2, 2, -5, -7]
 
5.5655742137: [2, -1, 0, 1, -3, -5, 4, -3, -4, -1, 0, -7, -5, -2, -3, -8, -6, -2, -5, 3, 2, 0, -3, -2, -4, -5, 0, 0, -7, 0, -6, -6, -7, 2, 0, -1, -1, -4, -1, 4, -6, 4, -1, -2, -5, -6, -6, -8, 2, -2, 0, -7, -4, -6, 1, -4, -8, 2, -5, 0, 3, -4, -4, -1, -4, -1, -3, 1, -7, -3, 2, 1, 0, -2, 4, -4, -8, 2, 0, -8, 2, -4, 4, -4, -5, -4, 2, 3, -1, 2, -5, -6, 3, -4, -8, -8, 3, 3, 3, -8, -1, 1, 4, -1, -2, -8, -3, -1, -4, -2, -3, -7, -8, -4, 1, -4, -8, -4, -1, 4, 0, -4, 1, -1, -2, 2, -5, -7]
 
5.43856370988: [2, -1, 0, 1, -3, -5, 4, -3, -4, -1, 0, -7, -5, -2, -3, -8, -6, -2, -5, 3, 2, 0, -3, -2, -4, -5, 0, 0, -7, 0, -6, -6, -7, 2, 0, -1, -1, -4, -1, 4, -6, 4, -1, -2, -5, -6, -6, -8, 2, -2, 0, -7, -4, -6, 1, -4, -8, 2, -5, 0, 3, -4, -4, -1, -4, -1, -3, 1, -7, -3, 2, 1, 0, -2, 4, -4, -8, 2, 0, -8, 2, -4, 4, -4, -5, -4, 2, 3, -1, 2, -5, -6, 3, -4, -8, -8, 3, 3, 3, -8, -1, 1, 4, -1, -2, -8, -3, -1, -4, -2, -3, -7, -8, -4, 1, -4, -8, -4, -1, 4, 0, -4, 1, -1, -2, 2, -5, -7]
 
5.50871000168: [2, -1, 0, 1, -3, -5, 4, -3, -4, -1, 0, -7, -5, -2, -3, -8, -6, -2, -5, 3, 2, 0, -3, -2, -4, -5, 0, 0, -7, 0, -6, -6, -7, 2, 0, -1, -1, -4, -1, 4, -6, 4, -1, -2, -5, -6, -6, -8, 2, -2, 0, -7, -4, -6, 1, -4, -8, 2, -5, 0, 3, -4, -4, -1, -4, -1, -3, 1, -7, -3, 2, 1, 0, -2, 4, -4, -8, 2, 0, -8, 2, -4, 4, -4, -5, -4, 2, 3, -1, 2, -5, -6, 3, -4, -8, -8, 3, 3, 3, -8, -1, 1, 4, -1, -2, -8, -3, -1, -4, -2, -3, -7, -8, -4, 1, -4, -8, -4, -1, 4, 0, -4, 1, -1, -2, 2, -5, -7]
 
1.85507200879: [-3, -1, 0, -7, -3, -6, 4, -8, -4, -1, 0, -7, -5, -2, 1, -7, -5, -2, -5, -4, 3, 1, -3, -8, -4, -5, -1, -1, -7, 0, -6, 3, -7, 3, 0, -1, -1, -4, -2, -7, -6, -8, -5, 4, -5, -5, -6, -8, -7, -2, 3, -7, -4, -4, -1, -4, -8, 3, -5, 3, 3, -4, -4, -1, -4, -1, -3, 0, -6, -6, -5, 0, 4, -2, -4, -4, -8, 2, 0, -8, -5, 3, 4, -4, -5, -4, 2, -2, -1, 2, -5, 4, 3, 0, -8, -8, 3, 3, 3, -8, -1, -4, 4, -1, -2, -8, -3, 3, -4, -2, -3, -7, -8, -6, -3, -4, -8, 4, -1, 4, 0, -4, -3, -1, -2, -1, -5, -7]
 
5.45819882566: [2, -1, 0, 1, -3, -5, 4, -3, -4, -1, 0, -7, -5, -2, -3, -8, -6, -2, -5, 3, 2, 0, -3, -2, -4, -5, 0, 0, -7, 0, -6, -6, -7, 2, 0, -1, -1, -4, -1, 4, -6, 4, -1, -2, -5, -6, -6, -8, 2, -2, 0, -7, -4, -6, 1, -4, -8, 2, -5, 0, 3, -4, -4, -1, -4, -1, -3, 1, -7, -3, 2, 1, 0, -2, 4, -4, -8, 2, 0, -8, 2, -4, 4, -4, -5, -4, 2, 3, -1, 2, -5, -6, 3, -4, -8, -8, 3, 3, 3, -8, -1, 1, 4, -1, -2, -8, -3, -1, -4, -2, -3, -7, -8, -4, 1, -4, -8, -4, -1, 4, 0, -4, 1, -1, -2, 2, -5, -7]
 
1.18269744838: [2, -1, -8, 1, 4, -3, 4, -3, -4, -1, 0, -7, 2, 3, -3, -8, 3, 2, -5, 3, -3, 0, -6, -4, -4, -5, 0, -1, 0, 0, -6, -6, -7, -3, 0, -1, -5, -8, -1, -6, -6, 4, 1, -2, -5, 3, -6, -4, 2, -2, 0, -7, 3, -6, 1, -8, -8, 2, -5, -1, 3, -4, -4, -1, -2, -1, -3, 1, 1, -3, 0, 1, 0, -2, -1, -4, -8, -4, -7, -8, 2, -1, 4, -1, -5, -4, 2, -3, -1, -6, -5, -6, -3, 0, 3, -8, 3, 3, -4, -1, -5, 1, -5, -1, -2, -3, -3, -7, -4, -2, -3, -7, -1, -6, 1, -4, -8, 2, -1, 4, 0, -6, -2, -2, -2, 2, -5, -8]
 
5.54771922191: [2, -1, 0, 1, -3, -5, 4, -3, -4, -1, 0, -7, -5, -2, -3, -8, -6, -2, -5, 3, 2, 0, -3, -2, -4, -5, 0, 0, -7, 0, -6, -6, -7, 2, 0, -1, -1, -4, -1, 4, -6, 4, -1, -2, -5, -6, -6, -8, 2, -2, 0, -7, -4, -6, 1, -4, -8, 2, -5, 0, 3, -4, -4, -1, -4, -1, -3, 1, -7, -3, 2, 1, 0, -2, 4, -4, -8, 2, 0, -8, 2, -4, 4, -4, -5, -4, 2, 3, -1, 2, -5, -6, 3, -4, -8, -8, 3, 3, 3, -8, -1, 1, 4, -1, -2, -8, -3, -1, -4, -2, -3, -7, -8, -4, 1, -4, -8, -4, -1, 4, 0, -4, 1, -1, -2, 2, -5, -7]
 
5.52618200845: [2, -1, 0, 1, -3, -5, 4, -3, -4, -1, 0, -7, -5, -2, -3, -8, -6, -2, -5, 3, 2, 0, -3, -2, -4, -5, 0, 0, -7, 0, -6, -6, -7, 2, 0, -1, -1, -4, -1, 4, -6, 4, -1, -2, -5, -6, -6, -8, 2, -2, 0, -7, -4, -6, 1, -4, -8, 2, -5, 0, 3, -4, -4, -1, -4, -1, -3, 1, -7, -3, 2, 1, 0, -2, 4, -4, -8, 2, 0, -8, 2, -4, 4, -4, -5, -4, 2, 3, -1, 2, -5, -6, 3, -4, -8, -8, 3, 3, 3, -8, -1, 1, 4, -1, -2, -8, -3, -1, -4, -2, -3, -7, -8, -4, 1, -4, -8, -4, -1, 4, 0, -4, 1, -1, -2, 2, -5, -7]
 
5.49017206703: [2, -1, 0, 1, -3, -5, 4, -3, -4, -1, 0, -7, -5, -2, -3, -8, -6, -2, -5, 3, 2, 0, -3, -2, -4, -5, 0, 0, -7, 0, -6, -6, -7, 2, 0, -1, -1, -4, -1, 4, -6, 4, -1, -2, -5, -6, -6, -8, 2, -2, 0, -7, -4, -6, 1, -4, -8, 2, -5, 0, 3, -4, -4, -1, -4, -1, -3, 1, -7, -3, 2, 1, 0, -2, 4, -4, -8, 2, 0, -8, 2, -4, 4, -4, -5, -4, 2, 3, -1, 2, -5, -6, 3, -4, -8, -8, 3, 3, 3, -8, -1, 1, 4, -1, -2, -8, -3, -1, -4, -2, -3, -7, -8, -4, 1, -4, -8, -4, -1, 4, 0, -4, 1, -1, -2, 2, -5, -7]
 
5.48883204843: [2, -1, 0, 1, -3, -5, 4, -3, -4, -1, 0, -7, -5, -2, -3, -8, -6, -2, -5, 3, 2, 0, -3, -2, -4, -5, 0, 0, -7, 0, -6, -6, -7, 2, 0, -1, -1, -4, -1, 4, -6, 4, -1, -2, -5, -6, -6, -8, 2, -2, 0, -7, -4, -6, 1, -4, -8, 2, -5, 0, 3, -4, -4, -1, -4, -1, -3, 1, -7, -3, 2, 1, 0, -2, 4, -4, -8, 2, 0, -8, 2, -4, 4, -4, -5, -4, 2, 3, -1, 2, -5, -6, 3, -4, -8, -8, 3, 3, 3, -8, -1, 1, 4, -1, -2, -8, -3, -1, -4, -2, -3, -7, -8, -4, 1, -4, -8, -4, -1, 4, 0, -4, 1, -1, -2, 2, -5, -7]
 
5.5232460216: [2, -1, 0, 1, -3, -5, 4, -3, -4, -1, 0, -7, -5, -2, -3, -8, -6, -2, -5, 3, 2, 0, -3, -2, -4, -5, 0, 0, -7, 0, -6, -6, -7, 2, 0, -1, -1, -4, -1, 4, -6, 4, -1, -2, -5, -6, -6, -8, 2, -2, 0, -7, -4, -6, 1, -4, -8, 2, -5, 0, 3, -4, -4, -1, -4, -1, -3, 1, -7, -3, 2, 1, 0, -2, 4, -4, -8, 2, 0, -8, 2, -4, 4, -4, -5, -4, 2, 3, -1, 2, -5, -6, 3, -4, -8, -8, 3, 3, 3, -8, -1, 1, 4, -1, -2, -8, -3, -1, -4, -2, -3, -7, -8, -4, 1, -4, -8, -4, -1, 4, 0, -4, 1, -1, -2, 2, -5, -7]
 
5.5032527544: [2, -1, 0, 1, -3, -5, 4, -3, -4, -1, 0, -7, -5, -2, -3, -8, -6, -2, -5, 3, 2, 0, -3, -2, -4, -5, 0, 0, -7, 0, -6, -6, -7, 2, 0, -1, -1, -4, -1, 4, -6, 4, -1, -2, -5, -6, -6, -8, 2, -2, 0, -7, -4, -6, 1, -4, -8, 2, -5, 0, 3, -4, -4, -1, -4, -1, -3, 1, -7, -3, 2, 1, 0, -2, 4, -4, -8, 2, 0, -8, 2, -4, 4, -4, -5, -4, 2, 3, -1, 2, -5, -6, 3, -4, -8, -8, 3, 3, 3, -8, -1, 1, 4, -1, -2, -8, -3, -1, -4, -2, -3, -7, -8, -4, 1, -4, -8, -4, -1, 4, 0, -4, 1, -1, -2, 2, -5, -7]
 
