2.348640153370012: [-7, -5, -8, 4, -6, -8, 1, -4, -2, -6, 4, -8, -4, -2, -7, -6, 0, -7, -1, -3, 4, -2, -8, -8, 1, 1, -6, -2, -8, 1, -5, 1, 1, -4, 3, 3, -2, 1, -4, -8, -8, -3, -3, -6, -6, -8, -6, 4, 1, -7, -1, 4, 2, -3, -5, -6, 3, 0, 0, 0, -3, -2, 0, -1, 0, -3, 2, -5, -3, 0, -4, -1, 1, 2, -6, -3, 3, -5, -2, -6, -7, 0, -7, 2, -3, 0, -8, 3, 3, -1, 2, 1, -2, -4, 0, 2, -5, -8, -5, 1, -3, -1, -8, -1, -4, 4, -5, -5, 3, -5, -1, -3, 0, -6, -2, 0, 0, 0, -8, 2, 0, 3, -6, 2, -8, 0, -2, 0]
 
2.0429167776483306: [4, 1, 3, 4, 4, -7, -1, 0, -4, -8, -2, 4, 1, -6, -5, -6, 4, -1, -6, -5, 4, 4, -7, -4, 0, -7, -6, -6, 4, -4, -5, -2, -5, -1, -6, -1, -1, 3, -2, 0, -8, 1, -3, -8, -6, 0, 0, -4, 2, 1, 0, -7, -5, -3, -1, 0, -4, -3, -1, -3, -2, 0, -5, -8, 3, -8, -8, -8, -4, -1, 3, 2, -6, -4, -8, 4, -2, -1, -1, -2, -6, 2, -6, 4, 0, 3, -3, -1, -1, -3, -2, -7, -7, 4, -1, 1, 1, -7, 3, -4, -2, -5, -2, -5, -3, 0, 0, -1, -6, -6, -6, -1, -3, 2, 0, 2, -1, 1, -8, 2, 3, 0, 4, 2, -3, -3, -4, -6]
 
2.2283546494752353: [0, 1, 4, 0, -2, -1, 3, -1, -8, -4, -3, 3, 0, 0, 3, 1, 1, 1, 4, -7, 2, -6, -2, 4, -4, -4, -6, -5, 2, 2, -8, 1, -2, -5, 1, 2, 4, -8, -1, -6, -2, 0, -8, -7, -6, -7, -7, -1, 4, 2, 0, 2, 0, -3, -2, 0, -2, -1, -3, -8, -7, 2, -8, 1, -4, -1, -1, 3, -6, 3, -3, -7, -2, 2, 4, -2, 1, -3, -1, -1, -6, 3, -1, 0, 3, -2, -8, -2, 3, -6, 2, 2, -5, -4, -7, 1, 1, -2, 4, -4, -2, -5, -5, -5, 3, -4, 0, -1, -1, -6, 1, -1, -3, 2, -2, 3, -1, 0, -8, 2, -1, 4, 4, -5, -3, 0, -3, -6]
 
4.261029597834117: [-5, -6, -6, -1, -2, -6, -2, 2, -4, -4, 3, -8, -8, -3, -5, -1, 4, -2, 1, -7, 0, -6, -5, 3, 0, -1, 0, 2, -6, -7, -5, -4, 2, -7, -6, 2, -6, -3, 0, -6, -6, 2, -6, 2, -4, -6, -1, -7, 1, 3, -5, 3, -4, 3, 2, 4, -3, 1, 3, -2, -2, -2, -5, -2, 1, -8, 4, -7, -7, -8, -3, -6, -6, 0, -5, 4, 2, 3, 1, 2, -7, 2, 1, -3, -1, -3, -4, -2, -2, -5, 3, -7, -8, -2, -3, -6, 3, 1, -3, 4, -3, -6, 3, 0, -5, -8, -1, -5, -2, -6, -8, -4, -8, -6, 2, -4, 4, 2, -8, -4, -3, 3, -7, -2, -1, -1, -2, 4]
 
0.686491181236: [-5, -4, -2, 0, -2, -1, -3, -1, -8, -4, -3, 3, 0, 4, 4, 4, -7, -3, -2, -2, 4, 3, 3, -2, 1, -7, -6, -6, 2, -4, 0, -2, -5, -1, -5, 2, -4, 3, -5, 0, -1, 3, -3, -8, 0, 2, -8, 0, -6, -3, -1, -7, -7, 1, -3, -2, -5, -1, -1, -4, 1, 4, 2, 4, -8, -4, 2, -8, -4, 3, -1, -5, 1, 4, -2, 3, 3, -5, -6, -4, 4, -7, -7, 2, -3, 2, -3, 2, -7, -6, -1, -5, -7, -5, -5, 1, 1, -6, -5, -5, 3, 3, -7, -4, -6, -4, -3, 1, -6, 1, -6, -1, 0, -8, 1, -8, -1, -1, -6, -4, -7, -1, -2, 4, -3, 0, 3, 4]
 
1.7014685670618293: [2, -2, -3, 0, -2, -5, 0, -1, -8, 0, -3, -4, 0, -8, -7, -3, 2, 3, -8, -7, 3, -7, -8, -1, 1, -7, -6, -6, 1, -6, 1, -4, -5, -2, -2, -1, -1, -8, -7, -2, -5, -7, -8, -8, -8, 2, 4, -8, -2, -6, 4, 0, 0, -4, 3, -2, -3, 2, -3, -6, -3, -4, -4, 4, 2, -3, 2, -8, -8, 0, -4, -5, 0, 2, -2, -8, 3, -5, -7, -6, -3, 3, -7, 2, -3, 0, -3, 3, -7, 2, 1, -5, -1, 0, -7, 0, 1, -7, 0, 1, 3, -1, 1, -4, -6, -4, -5, 1, -1, -6, 1, 3, 0, 2, -4, 0, -1, -3, -6, 1, -1, 4, -2, -2, -3, 0, -2, 4]
 
1.0919444321: [-2, -7, -7, -1, -4, -4, 4, -3, -3, -5, -3, 2, 0, 1, -5, -6, 1, -1, 1, -6, 3, -8, 3, -5, -2, -7, 1, 2, 4, -5, -1, -4, 1, -3, -3, -5, -3, 2, -2, 0, -5, 1, -3, -8, -5, 2, 0, 3, -6, 1, -3, -5, -5, -3, -2, 1, -4, -6, -1, -3, -1, 0, -5, -1, -6, -5, -8, 1, -8, -4, 2, -6, -5, -5, -8, 4, -2, -3, 3, -2, -6, 2, 1, -6, -7, 4, -3, 0, -2, -3, -2, -7, -5, 4, -4, 1, 2, -5, -3, -1, -2, -5, -2, 0, -1, 2, 2, -1, -6, -3, 4, 1, -8, -2, -3, 2, -3, 1, -2, 2, 3, -5, -1, 2, -7, 3, -5, -6]
 
1.0287305668: [-8, -4, 2, -8, 2, -5, 0, 2, 1, 0, -3, -8, 0, -2, 1, -7, -1, -2, -3, -7, 3, 0, -1, -2, -5, 4, -6, -5, 2, -7, -8, -7, -2, -1, 3, -7, 3, 4, 4, -2, 4, 0, -5, -5, 1, 0, -7, -1, -7, 2, -5, -5, 1, 2, -2, 0, -7, -1, -3, -3, 4, -4, -5, -3, -5, 1, -7, -8, 3, -1, -1, -7, -2, 2, 4, 1, 1, -3, 3, -1, -6, 3, -1, -2, 3, 3, -8, -2, 3, -6, 2, 2, -2, -6, -8, 0, -7, -8, 4, 3, 3, 3, 0, -5, -8, 3, 3, 0, -8, -3, -1, 2, 0, 2, -2, -3, -1, 3, -4, 1, -1, 4, -2, -5, 2, 0, 0, -5]
 
2.1102605838113924: [-5, -4, 4, 0, -2, -1, 3, -1, -8, -4, -3, 3, 0, 0, -7, 4, 0, -3, -2, -2, 3, -6, -5, -2, 1, -7, -6, -6, 2, -4, 0, -2, -5, -1, -4, -1, -1, 3, -5, -2, -1, 3, -3, -8, 0, 2, -2, 0, -6, -3, 1, 0, -7, 1, -3, -2, -5, -1, -1, -4, -4, 4, 2, 4, 3, -4, 2, -8, -4, 0, -1, -5, 1, 4, -2, -8, 3, -5, 2, -6, -3, 3, -7, 2, -3, -4, -3, 2, -7, 2, 1, -5, 1, -5, -3, 2, 1, -7, 1, -5, 3, 1, -4, -4, -6, -4, -3, 1, 4, 1, 1, 3, 0, -8, -4, -3, -1, -1, -6, -6, -1, 4, -2, -2, -3, 0, -3, -6]
 
1.9698086798629932: [-5, -4, 4, 0, -2, -1, 3, -1, -8, -4, -3, 3, 0, 0, -7, 4, 0, -3, -2, -2, 3, -6, -5, -2, 1, -7, -6, -6, 2, -4, 0, -2, -5, -1, -4, -1, -1, 3, -5, -2, -1, 3, -3, -8, 0, 2, -2, 0, -6, -3, 1, 0, -7, 1, -3, -2, -5, -1, -1, -4, -4, 4, 2, 4, 3, -4, 2, -8, -4, 0, -1, -5, 1, 4, -2, -8, 3, -5, 2, -6, -3, 3, -7, 2, -3, -4, -3, 2, -7, 2, 1, -5, 1, -5, -3, 2, 1, -7, 1, -5, 3, 1, -4, -4, -6, -4, -3, 1, 4, 1, 1, 3, 0, -8, -4, -3, -1, -1, -6, -6, -1, 4, -2, -2, -3, 0, -3, -6]
 
1.7189078302695906: [0, 1, 4, 0, -2, -1, 3, -1, -8, -4, -3, 3, 0, 0, -7, 4, 0, -3, -2, -2, 3, -6, -5, -2, 1, -7, -6, -6, 2, -4, 0, -2, -5, -1, -4, -1, -1, 3, -5, -2, -1, 3, -3, -8, 0, 2, -2, 0, -6, -3, 1, 0, -7, 1, -3, -2, -5, -1, -1, -4, -4, 4, 2, 4, 3, -4, 2, -8, -4, 0, -1, -5, 1, 4, -2, -8, 3, -5, 2, -6, -3, 3, -7, 2, -3, -4, -3, 2, -7, 2, 1, -5, 1, -5, -3, 2, 1, -7, 1, -5, 3, 1, -4, -4, -6, -4, -3, 1, 4, 1, 1, 3, 0, -8, -4, -3, -1, -1, -6, -1, 1, 4, 4, -1, -6, -1, -3, 2]
 
1.5962220265312728: [0, 1, 4, 0, -2, -1, 3, -2, 4, -3, 3, 2, 3, -4, 3, 1, 1, 1, 4, -7, 2, -6, -2, 4, -4, -4, -6, -5, 2, 2, -8, 1, -2, -5, 1, 2, 4, -8, -1, -6, -2, 0, -8, -7, -6, -7, -7, -1, 4, 2, 0, 2, 0, -3, -2, 0, -2, -1, -3, -8, -7, 2, -8, 1, -4, -1, -1, 3, -6, 3, -3, -7, -2, 2, 4, -2, 1, -3, -1, -1, -6, 3, -1, 0, 3, -2, -8, -2, 3, -6, 2, 2, -5, -4, -7, 1, 1, -2, 4, -4, -2, -5, -5, -5, 3, -4, 0, -1, -1, -6, 1, -1, -3, 2, -2, 3, -1, 0, -8, 2, -1, 4, 4, -5, -3, 0, -3, -6]
 
1.72121579440085: [0, 1, 4, 0, -2, -1, 3, -2, 4, -3, 3, 2, 3, -4, 3, 1, 1, 1, 4, -7, 2, -6, -2, 4, -4, -4, -6, -5, 2, 2, -8, 1, -2, -5, 1, 2, 4, -8, -1, -6, -2, 0, -8, -7, -6, -7, -7, -1, 4, 2, 0, 2, 0, -3, -2, 0, -2, -1, -3, -8, -7, 2, -8, 1, -4, -1, -1, 3, -6, 3, -3, -7, -2, 2, 4, -2, 1, -3, -1, -1, -6, 3, -1, 0, 3, -2, -8, -2, 3, -6, 2, 2, -5, -4, -7, 1, 1, -2, 4, -4, -2, -5, -5, -5, 3, -4, 0, -1, -1, -6, 1, -1, -3, 2, -2, 3, -1, 0, -8, 2, -1, 4, -5, -5, -3, 0, 2, -2]
 
2.37801022987: [1, -2, -8, 3, -1, -1, -6, -1, -6, -2, -1, 3, 0, -7, -6, 4, 0, -8, -2, -6, 1, -6, 1, -8, -5, -7, -6, -3, 3, -8, -8, 1, -5, -1, -7, 2, -1, 3, -5, -2, -1, -2, 2, -3, 0, 4, 0, -4, -6, -7, -7, -7, -7, 1, 3, -8, 2, -1, -2, 4, -4, 4, -4, 4, 3, -4, 2, 2, 0, 0, -1, -8, 3, 4, -2, 4, 3, -7, -6, -1, 0, 3, -7, -8, -3, 0, -4, 2, -7, 3, -2, -4, 1, -5, -3, 2, -3, -7, -8, -3, 3, -5, -6, 2, 3, 1, 3, 1, -7, 4, 4, -6, -8, 0, -3, -1, 2, -7, -6, -7, -8, 3, -5, 4, -5, -5, -2, 4]
 
0.9305909253427651: [0, 1, 4, 0, -2, -1, 3, -1, -8, -4, -3, 3, 0, 0, -7, 4, 0, -3, -2, -2, 3, -6, -5, -2, 1, -7, -6, -6, 2, -4, 0, -2, -5, -1, -4, 2, -3, -1, -8, 0, -8, -4, -2, -1, 0, 3, 1, 4, -3, -2, 0, -7, -5, -7, -3, 3, -4, -4, -1, -1, -2, -8, -5, 2, 3, 1, -8, -8, 1, -1, 2, 0, -6, 3, -8, 4, -2, -1, 0, 0, 4, -6, -3, -2, -3, 3, -7, 2, -2, -2, -2, -1, -1, 4, -1, -4, -5, -6, -5, 4, -4, 3, -1, -2, -8, -1, -1, -2, -3, -3, -4, 1, -8, -1, 2, 4, -7, -3, -6, -1, -4, -4, -5, -5, 2, 4, 4, 3]
 
2.1685465106814057: [-3, -2, -6, 3, -5, -2, -2, -2, 4, -3, 3, 2, 3, -4, -7, 4, 0, -3, -2, -2, 3, -6, -5, -2, 1, -7, -6, -6, 2, -4, 0, -2, -5, -1, -4, -1, -1, 3, -5, -2, -1, 3, -3, -8, 0, 2, -2, 0, -6, -3, 1, 0, -7, 1, -3, -2, -5, -1, -1, -4, -4, 4, 2, 4, 3, -4, 2, -8, -4, 0, -1, -5, 1, 4, -2, -8, 3, -5, 2, -6, -3, 3, -7, 2, -3, -4, -3, 2, -7, 2, 1, -5, 1, -5, -3, 2, 1, -7, 1, -5, 2, 1, -4, -4, 0, -1, -3, 1, 0, 3, -7, 3, 0, -8, -6, -4, 0, 4, 3, -7, -6, 4, -5, -2, -3, -7, -3, -6]
 
3.237769300739057: [4, 1, 3, 4, -4, -4, -1, 4, -3, -8, -3, 2, 3, -4, -4, -2, 1, 1, 4, -7, 2, -5, -2, -1, -4, -4, -6, -5, 2, -2, -8, 1, -2, -5, 1, 2, 4, -8, 3, -6, 3, 0, -8, -7, 3, -6, -1, -3, -6, -5, 4, 1, -7, -4, 1, 3, 1, -7, -1, -3, -4, 3, 2, 4, 3, -5, -4, -8, -4, 0, -1, -5, -3, -4, -2, -7, 3, -1, -6, -3, -8, 3, -7, 2, -1, -4, -3, 0, -1, 2, 1, 3, 1, -5, -5, 2, 1, -4, -1, -5, 2, 1, -4, -4, 3, -1, -3, 1, 0, 3, 1, 3, 0, -8, 0, -4, 0, -1, -6, -6, -1, 4, -5, -2, -3, 4, -3, -6]
 
1.02610854319: [-5, 3, 4, 0, -6, -1, 0, 0, 4, -3, 3, 2, 3, 4, 3, 1, 1, 1, 4, -4, 2, -4, -2, 4, 1, 2, -6, -5, 2, 2, -5, 2, -1, -5, -3, 2, -6, 1, -1, -2, -2, 0, 0, -7, -6, -7, -7, 3, 4, 2, -7, -5, 0, 3, -2, 0, -4, -1, -3, -8, -7, 2, -8, 1, -4, -1, -1, 3, 1, 3, -7, -7, -2, 2, 1, -2, 0, -3, -2, -1, 0, -5, -1, 0, 4, -2, -8, 0, 3, -6, 2, -5, -7, -4, -7, 1, 1, -2, 4, -7, 3, -5, -5, -5, 0, -4, 0, -7, -1, -6, 1, -5, -3, -4, -2, 3, -1, 0, -8, 2, -1, 0, 4, -5, -3, -8, 4, -6]
 
1.10107417717: [-3, -3, 2, -1, -1, 2, 0, -1, -6, -8, 2, 0, -6, -6, 0, -7, -5, -2, 1, -6, -8, 4, 2, -1, 3, 0, -2, -3, -4, -4, -8, 4, -4, 2, 2, 3, 2, -8, 1, 0, -6, -6, -8, 4, 2, 3, -1, -8, -5, 1, -4, 0, -6, 1, -5, 4, -1, -2, 0, -2, 2, -4, -4, 3, -2, 0, -8, -6, -2, -3, -7, 4, -8, -8, -3, -2, -8, -1, 0, 3, -6, -2, -5, -3, 2, 0, 2, -1, 2, -1, -2, -6, -5, -7, -3, -5, -2, 3, -4, -3, 4, 4, 1, -1, -7, -1, -7, -4, -2, -7, -7, 1, 0, 1, 0, -1, -5, 4, -2, -3, -1, -2, 3, -7, -7, 1, 3, -5]
 
1.37653909266: [-7, -2, -1, -3, -1, -2, -3, -1, -6, -2, -7, -1, 4, -7, -4, 0, -8, 0, -1, -2, 4, 3, 3, -2, 4, -5, 2, -7, -6, -8, -6, 1, 4, 0, -6, -4, 4, -5, 2, -3, -1, 2, -1, -3, -3, -2, -1, -6, -6, -3, 1, -6, -7, 1, -3, -8, 3, -1, -1, 0, -4, -7, 1, 4, 2, -4, 2, 2, -6, 0, -7, -5, 1, 4, -7, -8, 3, 4, -8, -6, -3, 1, -7, 4, -5, -8, -3, 1, -2, -5, -7, 2, 1, -5, -6, -1, -6, -2, -5, -5, -2, -5, -5, -4, -6, -1, -3, -6, 1, 2, 0, -5, 0, -8, -2, -3, -1, -1, -1, -5, 3, -7, -2, -2, -3, 0, -6, -6]
 
1.603821656173293: [-7, 2, -5, -1, 1, -1, -4, -2, -8, -3, -5, -5, -2, -8, -6, -3, -2, 3, -7, 4, 1, 1, -4, -3, 3, 3, -3, -2, -5, -7, -7, -6, -2, 1, -6, -2, -3, -4, 0, -6, 0, -7, -1, -4, -2, 1, 2, -4, -1, 1, 2, -5, -4, 1, -7, -4, -6, -2, -1, -5, -8, -2, -8, -2, -3, -2, 1, 4, 1, -2, 2, -5, -5, 1, -6, -8, -3, -5, -3, 0, -4, -1, -1, -1, 4, -5, -6, 2, 4, -5, -2, 3, -1, 1, -8, 3, 4, 4, -7, 2, -1, -7, -1, 1, -2, 0, -4, -1, -1, -3, 4, 0, 1, 0, 1, -1, -4, -1, -4, -4, -8, -8, -8, 0, -3, 1, 1, -5]
 
0.510674522898: [-3, -1, 3, 4, 1, -7, -1, -2, -4, -3, 3, -7, 3, -4, 3, 0, 1, 1, 0, -7, 0, -6, 3, -6, -4, 2, -6, -5, 2, 2, -8, -3, -8, -6, 1, 2, -7, -5, -1, -6, -2, 0, -8, -7, -6, -8, -2, -6, -3, 2, 0, -4, -5, -3, -2, 1, -2, -1, -3, -7, -7, -6, -8, 1, -4, -1, -1, -1, -7, 3, 0, -8, -8, 2, -5, -2, 1, -5, -1, -2, -2, 3, -2, 0, 3, 4, -8, -2, 3, -6, 2, -6, -5, -6, -7, 1, -8, -2, 4, -4, -3, -5, -6, -5, 4, -4, -1, -1, -1, -8, 3, -7, -3, -6, -2, 3, -5, -7, -8, 4, -1, 4, 4, 2, -3, 0, -3, -6]
 
1.31423053581: [-5, 0, 3, -1, -8, 2, 0, -4, -4, 3, -3, 0, -2, 3, -7, 4, 4, -3, -1, 3, 4, -3, -2, -3, -2, 1, -5, 4, 1, -7, -3, -4, 3, -2, 0, -2, -2, -5, -4, -3, 4, -1, -2, -7, -3, -6, 0, 2, 4, -6, 4, 2, -7, 3, -6, -2, -3, 3, -3, -7, 3, -2, -5, 1, -3, -6, -3, -1, -4, 0, -7, 2, -3, 4, -2, -7, 3, -1, -6, -3, -1, 3, 3, 2, -2, -1, -6, -8, -6, -6, -5, -6, -7, -5, -2, -6, 3, -6, -1, -3, 2, -7, -2, -4, -5, -1, -6, 1, 1, -5, -7, -3, 1, -8, -6, 3, 0, -3, -3, -7, -6, 3, -5, -1, 1, -7, 4, -6]
 
0.7247606163062179: [-5, -6, -7, -4, -2, 2, 4, -4, 0, -4, -4, -5, -2, -7, 0, -4, -7, 2, -3, -4, 4, 4, -5, 4, -2, 0, 0, 2, 1, 3, -5, 4, -4, 4, 2, 2, -7, 1, -2, -6, -8, 4, -7, -5, 3, -6, 0, 0, 2, -3, -1, 3, -6, -3, -3, -6, -1, -3, -2, -7, 4, 0, -1, -1, 0, 0, -8, -8, 0, 2, -2, -8, -2, 0, -3, 4, -8, 0, 2, 0, -8, -2, 1, -6, -2, 1, 3, -6, -6, -3, -1, -7, 1, 1, -3, -8, 1, -5, 3, -4, -7, 2, 1, -5, -7, -6, -7, 1, -1, -5, -2, -7, 1, 0, 3, -5, -5, -3, 4, 0, -1, -3, -8, 2, -4, 1, -8, -3]
 
1.0169046806886142: [-5, 1, -7, -4, -2, 2, -1, 0, 3, -1, -4, -5, -5, -4, -6, -6, 4, 2, -3, 2, 4, 4, -1, -1, 3, 0, 0, -8, -6, -2, -4, 4, -2, -2, 2, 2, 4, -2, -4, -6, -8, -2, 0, -6, -2, -6, 1, -8, -8, 1, -1, 0, 0, 1, -3, -6, 0, 3, -2, -3, 4, -1, -5, 0, 0, 2, -5, -5, -8, -3, 3, -8, 0, -3, 4, 4, 4, -8, -8, 0, -8, -2, -7, -7, -2, 1, -2, -6, -6, -3, -4, -7, 1, -4, -3, 3, 1, 3, -1, -1, -2, 1, -1, -1, -4, -7, -5, -7, -3, 1, 1, 3, 0, -8, -4, -2, -8, -1, -6, -7, 2, 4, 2, -1, -4, -1, -3, -4]
 
1.7951377382414542: [-3, -2, -6, 3, -5, -2, -2, -1, -8, -4, -3, 3, 0, 0, -7, 4, 0, -3, -2, -2, 3, -6, -5, -2, 1, -7, -6, -6, 2, -4, 0, -2, -5, -1, -4, -1, -1, 3, -5, -2, -1, 3, -3, -8, 0, 2, -2, 0, -6, -3, 1, 0, -7, 1, -3, -2, -5, -1, -1, -4, -4, 4, 2, 4, 3, -4, 2, -8, -4, 0, -1, -5, 1, 4, -2, -8, 3, -5, 2, -6, -3, 3, -7, 2, -3, -4, -3, 2, -7, 2, 1, -5, 1, -5, -3, 2, 1, -7, 1, -5, 3, 1, -4, -4, -6, -4, -3, 1, 4, 1, 1, 3, 0, -8, -4, -3, -1, -1, -6, -1, 1, 4, 4, -1, -6, -1, -3, 2]
 
1.165907300635278: [0, 1, 4, 0, -2, -1, 3, -1, -8, -4, -3, 3, 0, 0, -7, 4, 0, -3, -2, -2, 3, -6, -5, -2, 1, -7, -6, -6, 2, -4, 0, -2, -5, -1, -4, -1, -1, 3, -5, -2, -1, 3, -3, -8, 0, 2, -2, 0, -6, -3, 1, 0, -7, 1, -3, -2, -5, -1, -1, -4, -4, 4, 2, 4, 3, -4, 2, -8, -4, 0, -1, -5, 1, 4, -2, -8, 3, -5, 2, -6, -3, 3, -7, 2, -3, -4, -3, 2, -7, 2, 1, -5, 1, -5, -3, 2, 1, -7, 1, -5, 3, 1, -4, -4, -6, -4, -3, 1, 4, 1, 1, 3, 0, -8, -4, -3, -1, 3, 0, -6, -3, -2, -7, 4, -8, -2, 0, 4]
 
2.077253392537469: [-5, 1, -7, -1, -8, 2, -1, -4, -4, -4, -4, 4, -2, -3, -5, 3, 4, -2, -1, -6, 4, -6, -2, -3, -2, -5, 2, 2, -5, -7, -3, -4, -6, -7, 0, 2, -7, -5, -4, -3, -8, -1, -7, 2, 3, -6, -1, 3, 2, -6, -8, 1, -7, 1, -3, 0, -2, -1, -3, -8, -7, 2, -8, 1, -4, -1, -1, 3, -6, 3, -3, -7, -2, 2, 4, -2, 1, -3, -1, -1, -6, 3, -1, 0, 3, -2, -8, -2, 3, -6, 2, 2, -5, -6, -8, 0, -7, -7, 0, -3, 3, 2, 0, -5, -8, -4, -5, 0, -8, -3, 1, -4, 0, 2, -2, 1, -1, 3, -3, 1, -1, 4, -2, -5, -3, 0, 0, -2]
 
-1000: [0, 1, 0, 0, -2, -1, 3, -7, -8, -4, -3, 3, 0, 0, -7, 4, 0, -3, 0, -2, -8, -6, -5, -2, 0, -7, -6, -6, -7, -4, 0, -2, 0, -1, -4, 2, 4, -1, -5, -2, 1, 3, 2, -3, 0, 2, -2, -8, -7, -3, 4, 0, -7, 1, -3, -2, -5, -1, 3, -4, -4, 4, 4, -6, -2, 2, 2, -8, -4, 0, -1, -5, 1, 4, -2, -8, 3, -2, 2, 3, 0, 3, -7, 2, -3, -4, -3, 2, -7, 2, 1, -8, -4, -5, -3, 2, 1, -7, -5, -5, -6, 2, -4, -4, 0, -1, 0, 1, 0, 3, -7, 2, -3, -8, -2, -4, 0, 0, 2, -7, 2, 4, -4, -2, -3, -7, -3, -6]
 
1.399737908095851: [1, 1, 3, 4, -5, -7, -3, -1, 4, -8, -2, 4, 1, -6, -8, -6, -6, -1, -6, -8, 4, 4, -2, -4, 0, -3, -3, -5, 2, -7, -1, -3, -2, -5, 2, -1, -1, 3, -5, -2, -1, 3, -3, -8, 0, 2, -2, 0, -6, -3, 1, 0, -7, 1, -3, -2, -5, -1, -1, -4, -4, 4, 2, 4, 3, -4, 2, -8, -4, 0, -1, -5, 1, 4, -2, -8, 3, -5, 2, -6, -3, 3, -7, 2, -3, -4, -3, 2, -7, 2, 1, -5, 1, -5, -3, 2, 1, -7, 1, -5, 3, 1, -4, -4, -6, -4, -3, 1, 4, 1, 1, 3, 0, -8, -4, -3, -1, -1, -6, -1, 1, 4, 4, -1, -6, -1, -3, 2]
 
1.2261053886848652: [-8, -4, 2, -8, 2, -3, 0, 2, 1, 0, -3, -3, -2, 3, -5, 3, -7, -2, -1, -4, -2, -6, -2, -3, -6, -5, 2, 2, -5, -7, 4, 1, -2, -7, 0, 0, -7, 0, 3, -3, 0, -4, -7, -7, 3, -6, -1, 3, -6, -6, 4, 1, -7, -6, 1, -8, 4, -3, -1, -4, -4, 4, 2, 4, 3, -4, 2, -8, -4, 0, -1, -5, 1, 4, -2, -8, 3, -5, 2, -6, -3, 3, -7, 2, -3, -4, -3, 2, -7, 2, 1, -5, 1, -5, -3, 2, 1, -7, 1, -5, 3, 1, -4, -4, -6, -4, -3, 1, 4, 1, 1, 3, 0, -8, -4, -3, -1, -1, -6, -1, 1, 3, -5, 2, -2, 2, -2, 3]
 
0.9446481651658112: [1, 1, 3, 4, -5, -7, -3, -1, 4, -8, -2, 4, 1, -6, -8, -6, -6, -1, -6, -8, 4, 4, -2, -4, 0, -3, -3, -5, 2, -7, -1, -3, -2, -5, 2, 2, -3, -1, -8, 0, -8, -4, -2, -1, 0, 3, 1, 4, -3, -2, 0, -7, -5, -7, -3, 3, -4, -4, -1, -1, -2, -8, -5, 2, 3, 1, -8, -8, 1, -1, 2, 0, -6, 3, -8, 4, -2, -1, 0, 0, 4, -6, -3, -2, -3, 3, -7, 2, -2, -2, -2, -1, -1, 4, -1, -4, -5, -6, -5, 4, -4, 3, -1, -2, -8, -1, -1, -2, -3, -3, -4, 1, -8, -1, 2, 4, -7, -3, -6, -1, -4, -4, -5, -5, 2, 4, 4, 3]
 
1.33623881895: [-3, -2, -6, 3, -5, -2, -2, -2, 4, -3, 3, 2, 3, -4, -7, 4, 0, -3, -2, -2, 3, -6, -5, -2, 1, -7, -6, -6, 2, -4, 0, -2, -5, -1, -4, -1, 4, -8, -1, -6, -2, 0, -8, -7, -6, -7, -7, -1, 4, 2, 0, 2, 0, -3, -2, 0, -2, -1, -3, -8, -7, 2, -8, 1, -4, -1, -1, 3, -6, 3, -3, -7, -2, 2, 4, -2, 1, -3, -1, -1, -6, 3, -1, 0, 3, -2, -8, -2, 3, -6, 2, 2, -5, -4, -7, 1, 1, -2, 4, -4, -2, -5, -5, -5, 3, -4, 0, -1, -1, -6, 1, -1, -3, 2, -2, 3, -1, 0, -8, 2, -1, 4, 4, -5, -3, 0, -3, -6]
 
0.966864847604: [0, 1, 4, 0, -2, -1, 3, -2, 4, -3, 3, 2, 3, -4, 3, 1, 1, 1, 4, -7, 2, -6, -2, 4, -4, -4, -6, -5, 2, 2, -8, 1, -2, -5, 1, 2, -1, 3, -5, -2, -1, 3, -3, -8, 0, 2, -2, 0, -6, -3, 1, 0, -7, 1, -3, -2, -5, -1, -1, -4, -4, 4, 2, 4, 3, -4, 2, -8, -4, 0, -1, -5, 1, 4, -2, -8, 3, -5, 2, -6, -3, 3, -7, 2, -3, -4, -3, 2, -7, 2, 1, -5, 1, -5, -3, 2, 1, -7, 1, -5, 2, 1, -4, -4, 0, -1, -3, 1, 0, 3, -7, 3, 0, -8, -6, -4, 0, 4, 3, -7, -6, 4, -5, -2, -3, -7, -3, -6]
 
0.477216338983: [0, 1, 4, 0, -2, -1, 3, -1, -8, -4, -3, 3, 0, 0, -7, 4, 0, -3, -2, -2, 3, -6, -5, -2, 1, -7, -6, -6, 2, -4, 0, -2, -5, -1, -4, 2, -3, -1, -8, 0, -8, -4, -2, -1, 0, 3, 1, 4, -3, -2, 0, 2, 0, -3, -2, 0, -2, -1, -3, -8, -7, 2, -8, 1, -4, -1, -1, 3, -6, 3, -3, -7, -2, 2, 4, -2, 1, -3, -1, -1, -6, 3, -1, 0, 3, -2, -8, -2, 3, -6, 2, 2, -5, -4, -7, 1, 1, -2, 4, -4, -2, -5, -5, -5, 3, -4, 0, -1, -1, -6, 1, -1, -3, 2, -2, 3, -1, 0, -8, 2, -1, 4, -5, -5, -3, 0, 2, -2]
 
0.77161710466: [0, 1, 4, -7, -3, 2, 3, -2, 4, -3, 1, 2, -2, -4, 3, 1, -8, -4, 4, -7, 0, 1, -2, 4, -4, -1, 3, -5, 2, -1, -8, 1, -2, 3, 1, 2, 4, -8, -1, -6, -2, -6, -8, -7, 1, -7, -7, -1, -8, 2, -4, 2, -5, -7, -3, 3, -4, -1, 2, -1, -7, 1, -3, -8, 3, 2, -8, -8, 1, -2, -6, -8, 2, 3, -8, -8, -2, -1, 3, -6, 4, -6, 0, -5, -3, 3, -7, 2, -2, -7, -2, -1, -1, 4, -1, -4, -5, -6, 2, 4, -4, 3, -1, -1, 1, -1, -1, -3, -3, -3, -4, 1, -8, -2, 2, -6, -1, -3, -6, -1, -4, -4, 2, -5, 3, 1, 4, -8]
 
1.6365159067: [1, -5, -7, -1, -1, 2, -1, 2, -4, -6, -3, -4, -2, 1, -5, 0, 3, -7, -1, -2, -3, -1, -2, -3, -2, -2, 2, 4, -5, -7, -6, 4, 0, -2, 0, -2, 4, -6, 3, -6, -1, 0, 1, -7, 3, -6, -3, -1, -2, -5, -5, 1, -7, 1, -5, 3, 1, -7, -1, -3, -4, 3, 2, 3, -4, -8, -4, -2, -4, -2, -1, -5, -3, -4, -2, -7, 3, -1, 2, -3, -2, 1, -7, 2, -6, -4, -3, 0, -1, 2, 4, 3, 1, -5, -5, -2, 2, -4, -1, -5, 2, -7, -4, -4, 3, -1, -3, 1, 1, 3, -7, 3, -4, -8, 3, -7, 0, -5, -6, -6, -1, 4, -5, -2, -3, 4, 3, -6]
 
0.781203157536: [4, 1, 3, 4, 3, -4, -1, 4, -1, -8, -3, 2, 3, -4, 4, 4, 1, 1, 4, -7, -4, -5, -2, -8, -4, 2, -3, -3, 2, -2, -7, -4, -6, -8, 1, -8, 1, -5, -4, -3, -8, -1, -7, -5, -3, -6, 3, 2, 2, -6, -8, 1, -7, -1, -5, -2, -4, 3, 2, 2, -1, 2, -8, -4, 3, 3, -1, -6, -2, 2, -7, -7, 0, 4, -7, -7, 3, -1, -7, -3, -8, -5, 3, -5, -6, -4, -3, -8, -1, 4, -5, -6, 1, -5, -2, -6, 3, 4, -1, -3, 2, -7, 0, -4, -3, -1, 2, 1, 0, -5, -7, -6, -7, -8, -6, -3, 2, -3, 3, -7, -6, -7, -2, -7, 1, -7, 0, -6]
 
2.91573256578: [4, -4, -7, -3, 4, -3, -5, -1, 3, -2, -4, 3, 4, 1, -4, -1, -4, 0, -1, 3, 4, -6, 3, -2, 4, -5, 2, 2, 0, -8, -2, 1, 4, -7, -6, -4, 4, -5, 0, -3, 4, 2, -1, -3, -3, -2, -1, -3, -6, -5, 4, 1, -7, -4, 1, 3, 1, -7, -1, -3, -4, 3, 2, 4, 3, -5, -4, -8, -4, 0, -1, -5, -3, -4, -2, -7, 3, -1, -6, -3, -8, 3, -7, 2, -1, -4, -3, 0, -1, 2, 1, 3, 1, -5, -5, 2, 1, -4, -1, -5, 2, 1, -4, -4, 3, -1, -3, 1, 0, 3, 1, 3, 0, -8, 0, -4, 0, -1, -6, -6, -1, 4, -5, -2, -3, 4, -3, -6]
 
2.93746423828: [4, 1, 3, 4, -4, -4, -1, 4, -3, -8, -3, 2, 3, -4, -4, -2, 1, 1, 4, -7, 2, -5, -2, -1, -4, -4, -6, -5, 2, -2, -8, 1, -2, -5, 1, 2, 4, -8, 3, -6, 3, 0, -8, -7, 3, -6, -1, -6, -6, -3, 1, -6, -7, 1, -3, -2, -7, -1, -1, 0, -4, 4, 1, 4, 2, -4, 2, -8, -4, 0, -7, -5, 1, 4, -2, -8, 3, 3, -7, -6, -3, 1, -7, 4, -3, -8, 3, 2, -2, -1, 1, -5, 1, -5, -2, 2, 1, -7, -5, -5, 3, -5, -4, -4, -6, -1, -3, -6, -6, 2, 0, 2, 0, -8, -4, -3, -1, -1, -6, 2, 4, 4, -2, -2, -3, 0, -3, -6]
 
1.06272918015: [-5, -6, -7, -4, -2, 2, 4, -4, 0, -4, -4, -5, -2, -7, 0, -4, -7, 2, -3, -4, 4, 4, -5, 4, -2, 0, 0, 2, 1, 3, -5, 4, -4, 4, 2, 2, -7, 1, -2, -6, -8, 4, -7, -5, 3, -6, 0, 0, 2, -3, -1, 3, -6, -3, -3, -6, -1, -3, -2, -7, 4, 0, -1, -1, 0, 0, -8, -8, 0, 2, -2, -8, -2, 0, -3, 4, -8, 0, 2, 0, -8, -2, 1, -6, -2, 1, 3, -6, -6, -3, -1, -7, 1, 1, -8, 3, 4, 4, -7, 2, -1, -7, -1, 1, -2, 0, -4, -1, -1, -3, 4, 0, 1, 0, 1, -1, -4, -1, -4, -4, -8, -8, -8, 0, -3, 1, 1, -5]
 
2.36713210469: [-7, 2, -5, -1, 1, -1, -4, -2, -8, -3, -5, -5, -2, -8, -6, -3, -2, 3, -7, 4, 1, 1, -4, -3, 3, 3, -3, -2, -5, -7, -7, -6, -2, 1, -6, -2, -3, -4, 0, -6, 0, -7, -1, -4, -2, 1, 2, -4, -1, 1, 2, -5, -4, 1, -7, -4, -6, -2, -1, -5, -8, -2, -8, -2, -3, -2, 1, 4, 1, -2, 2, -5, -5, 1, -6, -8, -3, -5, -3, 0, -4, -1, -1, -1, 4, -5, -6, 2, 4, -5, -2, 3, -1, 1, -3, -8, 1, -5, 3, -4, -7, 2, 1, -5, -7, -6, -7, 1, -1, -5, -2, -7, 1, 0, 3, -5, -5, -3, 4, 0, -1, -3, -8, 2, -4, 1, -8, -3]
 
-1000: [0, -6, -6, -1, -2, -7, -6, 2, -7, -4, 3, -8, -8, -3, -5, -1, -8, -7, 1, -7, 0, -6, -5, -3, 2, -1, -3, 2, -6, -7, -5, 1, -3, -7, -6, -7, -6, 4, -3, -6, 4, -4, -6, 2, -4, -1, -1, -7, 1, -8, -5, -8, -7, 3, 2, 2, -3, -4, 3, -2, 4, -2, -5, -2, -4, -8, 4, -7, -8, -8, -2, -6, -6, -1, -5, 4, 0, -3, 0, -2, -7, 2, -1, -3, -8, -3, -4, -2, -7, 4, 1, -1, 1, -5, -3, 3, -4, -7, 0, 2, 0, 1, -4, -4, 0, -3, -5, -6, -1, 3, -7, 3, 0, 3, -6, -4, -2, 4, 3, -7, 4, 4, -2, -2, -3, -1, -3, 0]
 
1.50318742871: [-5, -2, -6, 3, -5, 2, -7, 1, 4, -2, -6, 2, 3, 0, -7, -8, 0, -3, -2, -2, -1, 3, 0, -5, 1, -7, -6, 0, -8, -2, 0, 1, -3, -2, -4, -5, -1, 2, -5, -2, -8, 3, 3, -4, 0, -7, -6, 0, -5, -6, -1, -6, -7, -2, 1, -3, -5, -4, 1, -4, -4, 4, 4, 3, 3, -2, -1, -4, 0, 0, 3, -5, 1, 2, -2, 3, 1, -5, 2, -6, -3, -2, -1, 1, -3, 1, -5, 1, -2, 2, 3, -7, -3, -3, -5, -6, -1, -8, 1, 4, -5, -8, 3, -1, -1, -8, -7, -7, -2, 4, -6, -4, -8, -7, 2, -4, 0, 2, -6, 2, -3, 3, -4, 0, -1, -6, -2, 4]
 
1.12095223075: [-5, -6, -6, -1, -2, -6, -2, 2, -4, -4, 3, -8, -8, -3, -5, -1, 4, -2, 1, -7, 0, -6, -5, 3, 0, -1, 0, 2, -6, -7, -5, -4, 2, -7, -6, 2, -6, -3, 0, -6, -6, 2, -6, 2, -4, -6, -1, -7, 1, 3, -5, 3, -4, 3, 2, 4, -3, 1, 3, -2, -2, -2, -5, -2, 1, -8, 4, -7, -7, 0, -1, -5, 1, 4, -2, -8, 3, -5, 2, -6, -3, 3, -7, 2, -3, -4, -3, 2, -7, 2, 1, -5, 1, -5, -3, 2, 1, -7, 1, -5, 3, -7, 0, 2, -8, -1, 3, -1, -3, -3, -3, -6, -8, 0, -3, -5, -2, 1, -6, -1, 1, 3, -5, 2, -2, 2, -2, 3]
 
1.85671026605: [-3, -2, -6, 3, -5, -2, -2, -1, -8, -4, -3, 3, 0, 0, -7, 4, 0, -3, -2, -2, 3, -6, -5, -2, 1, -7, -6, -6, 2, -4, 0, -2, -5, -1, -4, -1, -1, 3, -5, -2, -1, 3, -3, -8, 0, 2, -2, 0, -6, -3, 1, 0, -7, 1, -3, -2, -5, -1, -1, -4, -4, 4, 2, 4, 3, -4, 2, -8, -4, -8, -3, -6, -6, 0, -5, 4, 2, 3, 1, 2, -7, 2, 1, -3, -1, -3, -4, -2, -2, -5, 3, -7, -8, -2, -3, -6, 3, 1, -3, 4, -3, -6, 3, 0, -5, -8, -1, -5, -2, -6, -8, -4, -8, -6, 2, -4, 4, 2, -8, -4, -3, 3, -7, -2, -1, -1, -2, 4]
 
1.20272545216: [0, 1, 4, 0, -2, -1, 3, -1, -8, -4, -3, 3, 0, 0, -7, 4, 0, -3, -2, -2, 3, 4, -2, -4, 0, -3, -3, -5, 2, -7, -1, -3, -2, -5, 2, -1, -1, 3, -5, -2, -1, 3, -3, -8, 0, 2, -2, 0, -6, -3, 1, 0, -7, 1, -3, -2, -5, -1, -1, -4, -4, 4, 2, 4, 3, -4, 2, -8, -4, 0, -1, -5, 1, 4, -2, -8, 3, -5, 2, -6, -3, 3, -7, 2, -3, -4, -3, 2, -7, 2, 1, -5, 1, -5, -3, 2, 1, -7, 1, -5, 3, 1, -4, -4, -6, -4, -3, 1, 4, 1, 1, 3, 0, -8, -4, -3, -1, -1, -6, -1, 1, 4, 4, -1, -6, -1, -3, 2]
 
1.17267063006: [1, 1, 3, 4, -5, -7, -3, -1, 4, -8, -2, 4, 1, -6, -8, -6, -6, -1, -6, -8, 4, -6, -5, -2, 1, -7, -6, -6, 2, -4, 0, -2, -5, -1, -4, -1, -1, 3, -5, -2, -1, 3, -3, -8, 0, 2, -2, 0, -6, -3, 1, 0, -7, 1, -3, -2, -5, -1, -1, -4, -4, 4, 2, 4, 3, -4, 2, -8, -4, 0, -1, -5, 1, 4, -2, -8, 3, -5, 2, -6, -3, 3, -7, 2, -3, -4, -3, 2, -7, 2, 1, -5, 1, -5, -3, 2, 1, -7, 1, -5, 2, 1, -4, -4, 0, -1, -3, 1, 0, 3, -7, 3, 0, -8, -6, -4, 0, 4, 3, -7, -6, 4, -5, -2, -3, -7, -3, -6]
 
2.35779967503: [0, 1, 4, 0, -2, -1, 3, -1, -8, -4, -3, 3, 0, 0, -7, 4, 0, -3, -2, -2, 3, -6, -5, -2, 1, -7, -6, -6, 2, -4, 0, -2, -5, -1, -4, -1, -1, 3, -5, -2, -1, 3, -3, -8, 0, 2, -2, 0, -6, -3, 1, 0, -7, 1, -3, -2, -5, -1, -1, -4, -4, 4, -8, 1, -4, -1, -1, 3, -6, 3, -3, -7, -2, 2, 4, -2, 1, -3, -1, -1, -6, 3, -1, 0, 3, -2, -8, -2, 3, -6, 2, 2, -5, -4, -7, 1, 1, -2, 4, -4, -2, -5, -5, -5, 3, -4, 0, -1, -1, -6, 1, -1, -3, 2, -2, 3, -1, 0, -8, 2, -1, 4, -5, -5, -3, 0, 2, -2]
 
1.93116088063: [0, 1, 4, 0, -2, -1, 3, -2, 4, -3, 3, 2, 3, -4, 3, 1, 1, 1, 4, -7, 2, -6, -2, 4, -4, -4, -6, -5, 2, 2, -8, 1, -2, -5, 1, 2, 4, -8, -1, -6, -2, 0, -8, -7, -6, -7, -7, -1, 4, 2, 0, 2, 0, -3, -2, 0, -2, -1, -3, -8, -7, 2, 2, 4, 3, -4, 2, -8, -4, 0, -1, -5, 1, 4, -2, -8, 3, -5, 2, -6, -3, 3, -7, 2, -3, -4, -3, 2, -7, 2, 1, -5, 1, -5, -3, 2, 1, -7, 1, -5, 2, 1, -4, -4, 0, -1, -3, 1, 0, 3, -7, 3, 0, -8, -6, -4, 0, 4, 3, -7, -6, 4, -5, -2, -3, -7, -3, -6]
 
2.00889992011: [0, 1, 4, 0, -2, -1, 3, -1, -8, -4, -3, 3, 0, 0, 3, 1, 1, 1, 4, -7, 2, -6, -2, 4, -4, -4, -6, -5, 2, 2, -8, 1, -2, -5, 1, 2, 4, -8, -1, -6, -2, 0, -8, -7, -6, -7, -7, -1, 4, 2, 0, 2, 0, -3, -2, 0, -2, -1, -3, -8, -7, 2, -8, 1, -4, -1, -1, 3, -6, 3, -3, -7, -2, 2, 4, -2, 1, -3, -1, -1, -6, 3, -1, 0, 3, -2, -8, -2, 3, -6, 2, 2, -5, 4, -1, -4, -5, -6, -5, 4, -4, 3, -1, -2, -8, -1, -1, -2, -3, -3, -4, 1, -8, -1, 2, 4, -7, -3, -6, -1, -4, -4, -5, -5, 2, 4, 4, 3]
 
1.4960393212: [0, 1, 4, 0, -2, -1, 3, -2, 4, -3, 3, 2, 3, -4, 3, 1, 1, 1, 4, -7, 2, -6, -2, 4, -4, -4, -6, -5, 2, 2, -8, 1, -2, -5, 1, 2, 4, -8, -1, -6, -2, 0, -8, -7, -6, -7, -7, -1, 4, 2, 0, -7, -5, -7, -3, 3, -4, -4, -1, -1, -2, -8, -5, 2, 3, 1, -8, -8, 1, -1, 2, 0, -6, 3, -8, 4, -2, -1, 0, 0, 4, -6, -3, -2, -3, 3, -7, 2, -2, -2, -2, -1, -1, -4, -7, 1, 1, -2, 4, -4, -2, -5, -5, -5, 3, -4, 0, -1, -1, -6, 1, -1, -3, 2, -2, 3, -1, 0, -8, 2, -1, 4, 4, -5, -3, 0, -3, -6]
 
2.70555805128: [-3, -2, -6, 3, -5, -2, -2, -1, -8, -4, -3, 3, 0, 0, -7, 4, 0, -3, -2, -2, 3, -6, -5, -2, 1, -7, -6, -6, 2, -4, 0, -2, -5, -1, -4, -1, -1, 3, -5, -2, -1, 3, -3, -8, 0, 2, -2, 0, -6, -3, 1, 0, -7, 1, -3, -2, -5, -1, -1, -4, -4, 4, 2, 4, 3, -4, 2, -8, -4, 0, -1, -5, 1, 4, -2, -8, 3, -5, 2, -6, -3, 3, -7, 2, -3, -4, -3, 2, -7, 2, 1, -5, 1, -5, -3, 2, 1, -7, 1, -5, 2, 1, -4, -4, 0, -1, -3, 1, 0, 3, -7, 3, 0, -8, -6, -4, 0, 4, 3, -7, -6, 4, -5, -2, -3, -7, -3, -6]
 
1.37208126348: [0, 1, 4, 0, -2, -1, 3, -2, 4, -3, 3, 2, 3, -4, 3, 1, 1, 1, 4, -7, 2, -6, -2, 4, -4, -4, -6, -5, 2, 2, -8, 1, -2, -5, 1, 2, 4, -8, -1, -6, -2, 0, -8, -7, -6, -7, -7, -1, 4, 2, 0, 2, 0, -3, -2, 0, -2, -1, -3, -8, -7, 2, 2, 4, 3, -4, 2, -8, -4, 0, -1, -5, 1, 4, -2, -8, 3, -5, 2, -6, -3, 3, -7, 2, -3, -4, -3, 2, -7, 2, 1, -5, 1, -5, -3, 2, 1, -7, 1, -5, 3, 1, -4, -4, -6, -4, -3, 1, 4, 1, 1, 3, 0, -8, -4, -3, -1, -1, -6, -1, 1, 4, 4, -1, -6, -1, -3, 2]
 
2.36306554647: [0, 1, 4, 0, -2, -1, 3, -1, -8, -4, -3, 3, 0, 0, 3, 1, 1, 1, 4, -7, 2, -6, -2, 4, -4, -4, -6, -5, 2, 2, -8, 1, -2, -5, 1, 2, 4, -8, -1, -6, -2, 0, -8, -7, -6, -7, -7, -1, 4, 2, 0, 2, 0, -3, -2, 0, -2, -1, -3, -8, -7, 2, -8, 1, -4, -1, -1, 3, -6, 3, -3, -7, -2, 2, 4, -2, 1, -3, -1, -1, -6, 3, -1, 0, 3, -2, -8, -2, 3, -6, 2, 2, -5, -4, -7, 1, 1, -2, 4, -4, -2, -5, -5, -5, 3, -4, 0, -1, -1, -6, 1, -1, -3, 2, 0, -4, 0, -1, -6, -6, -1, 4, -5, -2, -3, 4, -3, -6]
 
2.63694648279: [4, 1, 3, 4, -4, -4, -1, 4, -3, -8, -3, 2, 3, -4, -4, -2, 1, 1, 4, -7, 2, -5, -2, -1, -4, -4, -6, -5, 2, -2, -8, 1, -2, -5, 1, 2, 4, -8, 3, -6, 3, 0, -8, -7, 3, -6, -1, -3, -6, -5, 4, 1, -7, -4, 1, 3, 1, -7, -1, -3, -4, 3, 2, 4, 3, -5, -4, -8, -4, 0, -1, -5, -3, -4, -2, -7, 3, -1, -6, -3, -8, 3, -7, 2, -1, -4, -3, 0, -1, 2, 1, 3, 1, -5, -5, 2, 1, -4, -1, -5, 2, 1, -4, -4, 3, -1, -3, 1, 0, 3, 1, 3, 0, -8, -2, 3, -1, 0, -8, 2, -1, 4, 4, -5, -3, 0, -3, -6]
 
0.8799171897: [-7, 2, -5, -1, 1, -1, -4, -2, -8, -3, -5, -5, -2, -8, -6, -3, -2, 3, -7, 4, 1, 1, -4, -3, 3, 3, -3, -2, -5, -7, -7, -6, -2, 1, -6, -2, -3, -4, 0, -6, 0, -7, -1, -8, 0, 2, -2, 0, -6, -3, 1, 0, -7, 1, -3, -2, -5, -1, -1, -4, -4, 4, 2, 4, 3, -4, 2, -8, -4, -8, -3, -6, -6, 0, -5, 4, 2, 3, 1, 2, -7, 2, 1, -3, -1, -3, -4, -2, -2, -5, 3, -7, -8, -2, -3, -6, 3, 1, -3, 4, -3, -6, 3, 0, -5, -8, -1, -5, -2, -6, -8, -4, -8, -6, 2, -4, 4, 2, -8, -4, -3, 3, -7, -2, -1, -1, -2, 4]
 
2.144838231: [-3, -2, -6, 3, -5, -2, -2, -1, -8, -4, -3, 3, 0, 0, -7, 4, 0, -3, -2, -2, 3, -6, -5, -2, 1, -7, -6, -6, 2, -4, 0, -2, -5, -1, -4, -1, -1, 3, -5, -2, -1, 3, -3, -4, -2, 1, 2, -4, -1, 1, 2, -5, -4, 1, -7, -4, -6, -2, -1, -5, -8, -2, -8, -2, -3, -2, 1, 4, 1, -2, 2, -5, -5, 1, -6, -8, -3, -5, -3, 0, -4, -1, -1, -1, 4, -5, -6, 2, 4, -5, -2, 3, -1, 1, -8, 3, 4, 4, -7, 2, -1, -7, -1, 1, -2, 0, -4, -1, -1, -3, 4, 0, 1, 0, 1, -1, -4, -1, -4, -4, -8, -8, -8, 0, -3, 1, 1, -5]
 
2.81201878556: [-3, -2, -6, 3, -5, -2, -2, -2, 4, -3, 3, 2, 3, -4, -7, 4, 0, 3, -7, 4, 1, 1, -4, -3, 3, 3, -3, -2, -5, -7, -7, -6, -2, 1, -6, -2, -3, -4, 0, -6, 0, -7, -1, -8, 0, 2, -2, 0, -6, -3, 1, 0, -7, 1, -3, -2, -5, -1, -1, -4, -4, 4, 2, 4, 3, -4, 2, -8, -4, -8, -3, -6, -6, 0, -5, 4, 2, 3, 1, 2, -7, 2, 1, -3, -1, -3, -4, -2, -2, -5, 3, -7, -8, -2, -3, -6, 3, 1, -3, 4, -3, -6, 3, 0, -5, -8, -1, -5, -2, -6, -8, -4, -8, -6, 2, -4, 4, 2, -8, -4, -3, 3, -7, -2, -1, -1, -2, 4]
 
1.95309632988: [-7, 2, -5, -1, 1, -1, -4, -2, -8, -3, -5, -5, -2, -8, -6, -3, -2, -3, -2, -2, 3, -6, -5, -2, 1, -7, -6, -6, 2, -4, 0, -2, -5, -1, -4, -1, -1, 3, -5, -2, -1, 3, -3, -8, 0, 2, -2, 0, -6, -3, 1, 0, -7, 1, -3, -2, -5, -1, -1, -4, -4, 4, 2, 4, 3, -4, 2, -8, -4, 0, -1, -5, 1, 4, -2, -8, 3, -5, 2, -6, -3, 3, -7, 2, -3, -4, -3, 2, -7, 2, 3, -7, -8, -2, -3, -6, 3, 1, -3, 4, -3, -6, 3, 0, -5, -8, -1, -5, -2, -6, -8, -4, -8, -6, 2, -4, 4, 2, -8, -4, -3, 3, -7, -2, -1, -1, -2, 4]
 
1.6139677476: [-5, 1, -7, -1, -8, 2, -1, -4, -4, -4, -4, 4, -2, -3, -5, 3, 4, -2, -1, -6, 4, -6, -2, -3, -2, -5, 2, 2, -5, -7, -3, -4, -6, -7, 0, 2, -7, -5, -4, -3, -8, -1, -7, 2, 3, -6, -1, 3, 2, -6, -8, 1, -7, 1, -3, 0, -2, -1, -3, -8, -7, 2, -8, 1, -4, -1, -1, 3, -6, 3, -3, -7, -2, 2, 4, -2, 1, -3, 2, -6, -3, 3, -7, 2, -3, -4, -3, 2, -7, 2, 1, -5, 1, -5, -3, 2, 1, -7, 1, -5, 2, 1, -4, -4, 0, -1, -3, 1, 0, 3, -7, 3, 0, -8, -6, -4, 0, 4, 3, -7, -6, 4, -5, -2, -3, -7, -3, -6]
 
0.78999936446: [-3, -2, -1, 3, -5, -2, 2, -2, 4, -3, 3, -7, 3, -4, -7, -6, -3, 3, -2, -2, 3, -6, -5, -2, 1, -7, -6, -2, -6, -4, 2, -2, -5, -1, -4, -1, -1, 3, -5, 0, -2, 3, -3, -8, -4, 2, -2, 0, -6, 4, -2, 3, -7, 1, -3, -2, -1, -3, -1, -4, 3, 4, 2, 4, 3, -7, 2, -8, -4, 0, -6, 1, 4, 2, 1, -7, 3, -1, -1, -4, -6, 3, -1, 0, 3, -5, 2, -2, 3, -3, 2, 2, -5, -6, 4, 0, -7, -7, 0, -3, 3, -4, 0, 3, -7, -4, 1, -4, -8, 0, -8, 2, 0, 2, -2, 2, -1, 3, -4, 1, -1, 3, -2, -5, -3, 0, 2, -3]
 
1.42231980572: [0, -7, -3, 0, -2, 4, -6, -2, 0, -4, 0, -8, -5, 2, -6, -1, -2, -4, 0, -5, -6, -3, -4, 3, -8, -8, 2, -5, -2, -4, 1, 4, -2, 3, -5, -7, 1, -2, -8, -6, 3, 0, 2, -5, 4, -6, 2, 3, -8, -5, -8, -4, -7, 1, 1, 0, 4, 3, -6, -4, -4, -1, 4, 2, 3, -4, 0, -3, -8, -3, -5, -7, -3, 1, -8, 4, 0, 1, -4, 4, -1, 3, 1, -1, 1, 4, -4, 2, 2, -2, -8, 3, -6, -7, -2, -6, 0, -4, -1, -4, -5, -7, -5, 2, 3, 2, -7, -7, -1, -3, 3, -7, 1, -1, 3, 1, 1, -6, -8, -6, 4, -8, 2, 1, 3, -2, -6, -3]
 
1.42606639382: [4, 1, 3, 4, -4, -4, -1, 4, -3, -8, -3, 2, 3, -4, -4, -2, 1, 1, 4, -7, 2, -5, -2, -1, -4, -4, -6, -5, 2, -2, -8, 1, -2, -5, 1, 2, -3, -5, -4, -3, -8, -1, -7, -7, -3, -6, 3, 2, 2, -6, -8, 2, -7, 3, -5, -2, -4, 3, -3, -7, -7, 2, -8, 1, -4, -6, -1, -1, -4, 0, -7, -7, -3, 4, -2, -7, 3, -1, -6, -3, 0, 3, 3, 2, -2, -4, -3, -8, -1, -7, -2, 3, -1, 1, -8, 3, 4, 4, -7, 2, -1, -7, -1, 1, -2, 0, -4, -1, -1, -3, 4, 0, 1, 0, 1, -1, -4, -1, -4, -4, -8, -8, -8, 0, -3, 1, 1, -5]
 
