1.8569872308189868: [0, -3, 0, -1, -5, 1, -4, 2, -8, -2, -7, -1, -5, -8, -6, 0, -4, -8, -5, 0, -2, 2, -8, 2, -7, 1, -2, 1, 1, -4, 1, 4, -2, -4, -5, -5, -6, 0, 4, 3, -2, -1, -5, -4, -2, -7, -6, -6, -7, -5, -3, -2, 4, -6, -3, -2, -1, -8, -4, -7, 2, -6, -6, 4, -3, -4, 0, -8, 4, 4, -4, -5, -5, -2, -8, -1, 3, -6, -2, 4, -4, -4, -5, -6, -5, 1, -5, 0, 3, 3, 4, -1, -1, -7, 2, -3, 2, -6, 1, 4, -3, 2, -7, 3, 1, -2, -4, 1, -6, 2, -8, -4, 2, 2, -4, -5, 3, -1, 0, -1, -7, -1, -6, -8, -8, 3, -4, -7]
 
2.02566080471: [3, -5, 2, -3, 3, -3, -2, -3, 1, -7, -3, -5, -2, -3, 3, -4, 3, -5, 1, -5, -8, 0, 3, -4, -1, -4, 3, 0, -3, 4, 1, -4, -8, 2, -1, -2, -1, -3, -4, -3, -6, -3, -2, -8, -6, 2, -5, 2, 1, 0, -8, -3, 2, -8, -3, 0, -1, 2, -3, -4, -8, 4, 2, 3, 3, 4, 2, 4, -2, 4, -7, 1, -7, 4, 3, 1, -2, -6, 2, -8, -2, -4, 0, 0, -7, 4, -3, -3, 2, 2, 4, -1, 1, -6, 4, -3, 2, -6, 1, 4, 4, 0, -6, 3, -8, 4, -5, -7, -4, 1, -3, -3, 4, 2, 4, -6, -7, -1, 0, 3, 3, 0, -6, -6, 2, 3, -4, -7]
 
1.24768381639: [4, 3, 4, 4, -4, -3, -3, 2, 1, -4, -3, 1, 2, -3, 2, -4, -2, -1, 0, -8, -6, 4, 2, -4, -6, 0, 1, -2, -8, 4, 1, -5, -3, 0, 0, -5, -3, -8, -3, -2, -6, -3, -2, -5, -4, -4, -6, -1, -4, 2, -8, -7, 2, -8, -3, -3, 1, 2, -3, -4, 2, 4, 2, 3, -2, 4, -7, 4, 3, -3, 4, 1, -6, 0, -6, 1, 3, 2, 2, -7, 4, 2, 4, 0, -7, 4, -3, -3, -3, 2, 4, -1, -1, -4, -5, -7, 3, -6, -6, 4, -4, 3, 3, 0, -2, -1, -8, -7, -5, -8, -1, 3, -5, 1, -7, 2, -8, -2, -2, -3, -7, 1, -1, -4, 2, -6, 2, 1]
 
1.8665796573203155: [4, -5, 2, 4, -4, 4, 2, -1, 0, 4, -7, -6, 1, -1, 4, -4, 3, -8, -2, 3, -1, -2, 0, -3, 2, 0, 1, -2, -3, 4, 1, -4, -3, -4, 0, -2, -1, -3, -4, -2, -6, -3, -2, -7, -4, -4, -6, -4, 1, 0, -8, -7, 2, -8, -3, -3, -1, 2, -3, -4, -8, 4, 2, 3, 3, 4, -7, 4, 3, -3, 4, 1, -5, 4, -6, 1, -2, -4, 2, -8, 4, -4, -7, 0, -7, 4, -3, -3, -3, 2, 4, -1, 1, 3, -3, -3, 2, -6, 1, 4, -3, 0, 3, 3, -8, -1, -8, -7, -3, -8, -8, -5, 0, 1, -1, -7, -8, 4, -2, -5, 0, 1, -1, -4, -6, 1, -7, 1]
 
1.1554133575073537: [-4, -2, -4, -6, -8, -5, 2, 2, 1, -4, 1, -1, -5, 4, -3, 4, 0, -5, -6, -6, -8, 2, -5, -3, -3, 0, 1, -2, 2, -1, -8, -1, -7, -8, -1, -6, 0, 1, -3, -1, -8, -8, -2, -2, 1, -4, -6, 4, -1, -7, -6, -2, -8, 3, -7, -2, -2, 0, 0, 4, -4, -6, -3, -6, 2, -2, 0, -5, -1, -4, -8, 2, -5, -5, 1, -5, -2, -2, -7, 0, -1, -7, 1, -2, -6, -1, -6, 1, 2, 0, -8, -4, -1, -7, 1, 2, 3, -5, -5, 2, -1, 2, -2, -3, 2, -8, -4, -7, -4, -3, 3, -1, -7, -4, -2, -8, -6, 1, -5, -1, -1, -1, -8, -1, 1, -2, -4, -5]
 
1.5782730885849472: [-8, 1, -5, -6, -4, -5, -2, -2, 1, -6, -3, 2, -5, -1, -6, -4, 3, -8, -2, 3, -1, -2, 0, -3, 2, 0, 1, -2, 4, -1, 0, -1, -7, -8, -1, 4, -5, -2, -4, -2, -3, -3, -2, -2, -1, -4, -6, 4, -1, -5, -6, -2, -6, 3, -6, -4, -8, -6, 0, 4, -4, 1, 2, 4, 1, -4, 2, -3, -1, 4, 1, -5, -5, -5, 1, -1, -2, -7, -2, 0, -4, -1, 1, -1, -6, -5, -6, 3, 4, 0, -8, 3, -1, 0, -8, -2, 4, -6, -6, 2, -1, 2, 2, -1, 1, -2, -4, -1, -6, 2, -8, -4, -7, 2, 4, -5, -7, -1, 0, -1, 4, -2, 3, -7, -7, 1, -4, -5]
 
1.2473190726719374: [-8, 1, -5, -6, -4, -5, -2, -2, 1, -6, -3, 2, -5, -1, -6, -4, 3, -8, -2, 3, -1, -1, -3, -1, -4, 1, -6, 4, -5, -4, 1, -1, 3, 0, -6, 4, 2, -6, -4, -3, -6, -6, 0, 4, 4, 0, -4, -4, -1, 3, -5, -2, -7, 3, 3, 1, 1, 2, 1, -2, -7, 3, -7, -8, -6, -8, 4, -6, -2, 3, -3, 3, -1, -5, -1, 3, 3, -6, -2, 0, -4, -1, 1, -1, -6, -5, -6, 3, 4, 0, -8, 3, -1, 0, -8, -2, 4, -6, -6, 2, -1, 2, 2, -1, 1, -2, -4, -1, -6, 3, -8, -4, -7, -6, -5, 4, -8, 1, -2, -3, -1, 1, -6, -4, -1, 3, 4, -7]
 
0.927530379964: [-5, 4, -8, -6, -4, -5, 2, 0, 1, -6, 4, 0, 0, 1, -7, 3, -3, -7, 4, -5, -6, -7, 4, -2, -5, -5, -4, -8, -4, 2, -3, -4, -3, -4, 0, -2, -4, -3, -4, -2, -7, -4, -2, -7, -6, 1, -6, -4, -1, 0, -8, -7, 0, -3, -3, -3, -1, 2, -4, 3, 2, 4, 2, 3, 3, -5, -7, -6, -5, -3, 4, -3, -5, 4, -6, 4, -2, 2, 2, -8, 0, -4, -7, 0, 0, 4, -3, -3, 2, 0, -8, -2, 1, -7, -3, -5, 2, 3, 1, 4, -3, -1, 3, 3, -8, -1, -8, -7, -3, -8, -8, -6, 0, 4, -1, -7, -8, -1, -2, 1, 0, -1, -8, -4, -6, 1, -2, 1]
 
2.1001122792492657: [-5, -6, 2, 2, 0, -6, -2, -1, -1, -1, 0, -1, 3, -6, -6, -8, -1, -2, 1, -8, -8, -8, -7, -6, -5, 2, 2, -1, -8, -4, -7, 4, -3, 2, -7, -5, -5, -2, -5, 2, 0, -5, -4, -7, 3, 2, -5, 0, -1, -1, -3, -2, -6, 3, -7, -3, 0, 1, -3, -2, 2, -1, -6, -5, 4, -4, -1, -5, -4, -4, 1, -8, -8, -1, -2, 3, 2, 1, -7, -1, -1, 3, -5, 1, -6, 4, -3, -2, -6, 3, -8, -1, -3, 2, -6, -7, -7, 2, -3, 0, -2, 4, -2, -2, 2, -5, 4, -1, -5, 3, 2, 1, -1, 4, 3, -7, -8, 1, -2, -4, 1, -7, -6, -7, -7, 4, -4, 4]
 
2.454729501169919: [-1, -3, -3, 0, 4, -4, 3, -4, -2, -1, -7, 2, -8, 3, -7, -4, 3, -4, -2, -5, -4, 1, 0, 2, -2, -5, 3, 3, 4, 4, 0, 1, -7, -6, -6, 4, -5, 4, -2, -2, -6, 3, -7, -6, -1, 0, -2, -2, -2, -4, -2, -2, 4, 3, 3, -5, 1, -6, 0, 4, -8, 4, 0, 3, 3, 4, -7, 4, 3, -3, 4, 1, -5, -5, 1, -1, -2, -7, -2, 0, -4, -1, 1, -1, -6, -5, -6, 3, 4, 0, -8, 3, -1, 0, -8, -2, 4, -6, -6, 2, -1, 2, 2, -1, 1, -2, -4, -1, -6, 2, -8, -4, -7, 2, 4, -5, -7, -1, 0, -1, 4, -2, 3, -7, -7, 1, -4, -5]
 
0.8818304664777852: [0, -8, 0, 2, -1, 1, 1, -8, -6, 2, -8, -1, -5, -6, -6, -2, 1, -8, -5, -5, 0, -6, -4, -2, -7, -4, -1, -8, 0, -1, -1, -6, 4, -8, -1, -5, 2, -8, 0, -8, 2, -5, 3, -3, 3, -5, 4, 3, 2, -6, 0, -3, 2, -7, 0, -2, -1, 4, -1, 0, -6, 4, -5, -3, 4, 2, -3, 3, -5, -4, -7, -5, 0, -2, -5, 2, 4, -3, 1, -7, 2, 1, 4, 3, 0, -5, 1, -6, -5, -8, -8, 3, -2, -3, -5, 3, -4, -6, -2, 2, -4, 3, 2, -1, 1, -2, -4, -1, 4, -1, 2, -4, 3, 0, -4, 4, 4, 1, -5, -7, -3, 1, -7, -7, 1, 1, -8, -7]
 
0.9458725902547953: [4, -5, 2, 4, -4, -3, -2, -2, 1, -7, -3, -5, 2, -3, -7, -4, 3, -1, 0, -5, -6, 0, 3, -4, -2, 0, 1, -2, -3, 4, 1, -4, -3, -4, 0, -2, -1, -3, -4, -2, -6, -3, -2, -7, -4, -4, -6, -4, 1, 0, -8, -7, 2, -8, -3, -3, -1, 2, -3, -4, -8, 4, 2, 3, 3, 4, -7, -5, -5, -4, 0, 2, -8, -1, 4, 3, 2, -2, -7, -2, -1, 3, -5, -3, -6, 3, -3, -4, -6, 3, -8, -1, 2, -5, 2, -7, -7, 2, -3, 0, -4, 4, -7, -2, -6, -7, 2, -1, -5, 3, -7, 1, -8, -5, 3, -7, -8, 1, -2, -4, 1, -8, -6, -7, 3, -2, -4, -4]
 
1.364096686986466: [-1, 2, -3, 0, 3, 4, 2, -1, 0, 4, -7, -6, 1, -1, 4, -1, -8, -6, -3, 2, -7, -3, -2, 1, 2, 0, -1, 3, 4, -8, -8, -7, -2, 2, -2, -6, -1, -7, -1, -6, -1, -4, -6, 4, -7, -7, 3, -4, -6, 2, -6, -4, 4, 3, -7, 1, -6, -8, -1, -3, -6, 0, -7, -6, -8, -7, 3, -2, -4, 3, -3, -5, 0, -8, -1, 0, -6, -5, -2, -5, -5, 3, 1, -1, -6, -6, 1, 3, 2, 3, -8, -6, -4, 1, 3, 3, -6, -6, -5, 2, -4, 2, 2, -1, 1, -2, -4, -1, -6, 2, -8, -4, -7, 2, 4, -5, -7, -1, 0, -1, 4, -2, 3, -7, -7, 1, -4, -5]
 
1.451736249752141: [-8, 1, -5, -6, -4, -5, -2, -2, 1, -6, -3, 2, -5, -1, -6, -4, 3, -8, -2, 3, -1, -1, -3, -1, -4, 1, -6, 4, -5, -4, 1, -1, 3, 0, -6, 4, 2, -6, -4, -3, -6, -6, 0, 4, 4, 0, -4, -4, -1, 3, -5, -2, -7, 3, 3, 1, 1, 2, 1, -2, -7, 3, -7, -8, -6, -8, 4, -6, -2, 3, -3, 3, -1, -5, -1, 3, 3, -6, -2, 0, -4, -1, 1, -1, -6, -5, -6, 3, 4, 0, -8, 3, -1, 0, -8, -2, 4, -6, -6, 2, -1, 2, 2, -1, 1, -2, -4, -1, -6, 3, -8, -4, -7, -6, -5, 4, -8, 1, -2, -3, -1, 1, -6, -4, -1, 3, 4, -7]
 
1.171883173134473: [-8, 1, -5, -6, -4, -5, -2, -2, 1, -6, -3, 2, -5, -1, -6, -4, 3, -8, -2, 3, -1, -2, 0, -3, 2, 0, 1, -2, 4, -1, 0, -1, -7, -8, -1, 4, -5, -2, -4, -2, -3, -3, -2, -2, -1, -4, -6, 4, -1, -5, -6, -2, -6, 3, -6, -4, -8, -6, 0, 4, -4, 1, 2, 4, 1, -4, 2, -3, -1, 4, 1, -5, -5, -5, 1, -1, -2, -7, -2, 0, -4, -1, 1, -1, -6, -5, -6, 3, 4, 0, -8, 3, -1, 0, -8, -2, 4, -6, -6, 2, -1, 2, 2, -1, 1, -2, -4, -1, -6, 2, -8, -4, -7, 2, 4, -5, -7, -1, 0, -1, 4, -2, 3, -7, -7, 1, -4, -5]
 
2.2433099027066703: [-5, 4, 2, -6, -4, -5, -2, -2, 1, -6, -3, 0, -7, -8, -7, -7, 3, -7, 4, -5, -6, -5, 4, -4, 1, -5, -4, -8, -1, -4, 1, -5, -3, -4, -5, -5, -3, -4, -4, -6, -1, -6, -2, -1, 0, 3, -3, -3, -2, 4, -4, 4, 4, -5, -6, -5, 1, -3, 0, 4, -8, 1, 0, -4, -3, -2, -8, -8, -1, 4, -1, 1, -3, -3, -2, -5, -2, -7, -2, 0, -4, -4, -3, 1, -6, 3, -1, 1, 3, -5, 1, -3, -6, 3, -5, -6, -2, -2, 1, -2, -3, -3, -3, -3, 1, -2, -4, 2, -1, 2, -8, -4, -7, 2, 4, 2, -2, -6, 0, -8, -8, -2, -6, -8, 2, -5, -4, -7]
 
1.305170605993252: [-8, 1, -5, -6, -4, -5, -2, -2, 1, -6, -3, 2, -5, -1, -6, -4, 3, -8, -2, 3, -1, -1, -3, -1, -4, 1, -6, 4, -5, -4, 1, -1, 3, 0, -6, 4, 2, -6, -4, -3, -6, -6, 0, 4, 4, 0, -4, -4, -1, 3, -5, -2, -7, 3, 3, 1, 1, 2, 1, -2, -7, 3, -7, -8, -6, -8, 4, -6, -2, 3, -3, 3, -1, -5, -1, 3, 3, -6, -2, 0, -4, -1, 1, -1, -6, -5, -6, 3, 4, 0, -8, 3, -1, 0, -8, -2, 4, -6, -6, 2, -1, 2, 2, -1, 1, -2, -4, -1, -6, 3, -8, -4, -7, -6, -5, 4, -8, 1, -2, -3, -1, 1, -6, -4, -1, 3, 4, -7]
 
1.53883149423: [0, 2, -8, -2, -7, -8, -3, -5, -3, -3, -6, -2, 1, -8, 3, -7, -4, -3, 0, -5, -1, -5, -3, -1, 3, 2, -6, 4, 0, -4, -2, -5, 3, -7, -6, 4, -4, -6, -5, 3, -1, -6, -3, -3, -1, 3, 3, -7, 0, 4, -5, -2, -1, 3, 2, -8, 2, 2, 3, -2, -7, 3, -6, 4, -6, -4, -7, 4, -2, 3, -3, 3, -8, -5, -1, -5, 3, -6, -2, 0, -1, -4, 1, -1, -4, -8, -7, 3, 0, 0, -8, -7, 1, 0, -8, 3, 2, 3, -6, 2, -1, 2, -4, -1, 1, 2, -7, -1, -6, 3, -8, -6, -5, -6, 3, -1, -7, -8, -2, -3, 0, 2, -6, -4, 0, -1, 4, -8]
 
1.1471225461597185: [0, -6, -3, 4, -1, 1, -8, -5, -3, 3, 0, 0, 0, 3, -8, -8, -2, -4, 3, 1, -2, 1, 0, 1, 2, 4, 3, -5, 4, 1, 0, -8, 0, -6, 3, 3, 1, 3, -2, -5, -1, 3, -3, 3, 2, 2, 3, -1, -2, 3, 4, -1, -2, -7, -2, 0, -2, -6, 2, 2, -8, -4, -2, 4, -4, 1, -7, 3, 4, -8, -1, -8, -3, -3, 2, -8, -1, -7, -2, 1, -4, -7, 1, -1, -3, -5, 1, 3, 0, -1, -3, 3, -1, -8, -8, 4, -4, -8, -6, -8, -6, 2, 2, -7, 3, -8, -4, -1, -6, 3, -5, 1, -7, -6, -2, -3, -8, -4, -2, -7, -6, 1, -1, 2, 2, 0, -7, -5]
 
0.778615966038: [-8, 1, -5, -6, -4, 3, -2, 1, 1, 4, -3, -5, 0, -3, -8, -4, 3, 4, 0, -5, 0, -1, 3, 0, -2, 0, -5, -2, -3, 3, 1, -3, -3, -4, 0, -4, -1, -3, -4, -2, -6, 0, -2, 4, -4, -4, -6, 0, 1, 0, -8, -2, -2, -8, 1, -3, -1, -5, -3, -4, -8, 4, 2, 3, 3, -6, -7, -8, 3, -3, -3, 1, -5, -1, -6, 1, 0, 3, 2, -7, 4, -4, -7, 0, -7, 4, 2, -4, 4, 3, -3, 3, 2, 0, -2, -2, -2, -2, -8, 4, -2, -8, 4, -1, -7, -1, 1, 0, -2, -7, -7, -2, 0, -4, 0, -1, -5, 4, 3, -3, 4, -2, -6, -7, -7, 1, 2, -2]
 
1.641027722968478: [4, -5, 2, 4, -4, -3, -2, -2, 1, -7, -3, -5, 2, -3, -7, -4, 3, -1, 0, -5, -6, 0, 3, -4, -2, 0, 1, -2, -3, 4, 1, -4, -3, -4, 0, -2, -1, -3, -4, -2, -6, -3, -2, -7, -4, -4, -6, -4, 1, 0, -8, -7, 2, -8, -3, -3, -1, 2, -3, -4, -8, 4, 2, 3, 3, 4, -7, 4, 3, -3, 4, 1, -5, 4, -6, 1, -2, -4, 2, -8, 4, -4, -7, 0, -7, 4, -3, -3, -3, 2, 4, -1, 1, 3, -3, -3, 2, -6, 1, 4, -3, 0, 3, 3, -8, -1, -8, -7, -3, -8, -8, -5, 0, 1, -1, -7, -8, 4, -2, -5, 0, 1, -1, -4, -6, 1, -7, 1]
 
0.9959820595280834: [-1, 2, -3, 0, 3, -3, -2, -2, 1, -7, -3, -5, 2, -3, -7, -4, 3, -1, 0, -5, -6, 0, 3, -4, -2, 0, 1, -2, -3, 4, 1, -4, -3, -4, 0, -2, -1, -3, -4, -2, -6, -3, -2, -7, -4, -4, -6, -4, 1, 0, -8, -7, 2, -8, -3, -3, -1, 2, -3, -4, -8, 4, 2, 3, 3, 4, -7, 4, 3, -3, 4, 1, -5, 4, -6, 1, -2, -4, 2, -8, 4, -4, -7, 0, -7, 4, -3, -3, -3, 2, 4, -1, 1, 3, -3, -3, 2, -6, 1, 4, -3, 0, 3, 3, -8, -1, -8, -7, -3, -8, -8, -5, 0, 1, -1, -7, -8, 4, -2, -5, 0, 1, -1, -4, -6, 1, 4, -7]
 
0.752248540386: [-5, -8, -5, -6, -4, -5, 0, -2, 1, -6, -3, 2, 4, -1, -6, -4, 3, -8, -2, 3, -1, -2, -4, -3, 2, 0, -8, -2, 4, 0, -8, -1, -7, -1, -1, 4, -6, 0, -4, -2, 2, -3, 2, -2, 4, -4, -6, 4, -1, -5, -6, 4, -6, 3, -4, -1, -5, -3, 3, 3, -4, 1, 2, 4, 4, -4, 2, -3, -1, 0, 3, -5, -5, -5, 1, -8, 2, -7, -2, 0, -4, -6, 1, -1, -6, -6, 4, 3, 4, 2, -8, 3, -1, 0, -6, -2, 4, 2, 1, -3, -1, 2, 2, -1, 1, -2, -4, -1, -4, 2, 4, -4, -7, -2, -6, 4, -8, 1, -2, -8, -1, 1, -1, -4, -2, 3, -3, 4]
 
1.4252888355261777: [-7, 3, -6, -6, -4, -3, -1, 4, -1, -7, -3, 2, 2, -1, -8, 0, -3, -5, -2, 4, -1, -2, -2, -7, -2, -5, -3, 2, -6, 0, 0, -1, 2, 3, -6, 4, -5, -3, 0, 3, -6, 2, -7, -3, -1, -6, -7, -4, 0, -1, 2, -8, 2, -1, -5, -6, -3, -6, -6, -4, -7, -2, 2, 4, 2, 4, -2, 4, -8, -1, -7, 1, -8, -5, 0, -5, 3, -6, -4, 0, -2, -8, -8, -1, -4, -6, -3, -3, -3, 2, 4, -1, 1, 3, -3, -3, 2, -6, 1, 4, -3, 0, 3, 3, -8, -1, -8, -7, -3, -8, -8, -5, 0, 1, -1, -7, -8, 4, -2, -5, 0, 1, -1, -4, -6, 1, -7, 1]
 
2.7444383009643896: [-2, -8, -3, 0, -1, -8, 3, -4, 3, -7, -7, 0, -8, 3, 0, -4, 3, -4, -2, 4, -4, 1, 0, -8, -2, -5, -8, 3, -3, -7, -2, 1, -7, 0, -6, -1, -5, -6, -5, -2, -6, -3, -7, -6, -1, 0, -2, -2, -2, -4, -2, -2, 4, 3, 3, -5, 1, -6, 0, 4, -8, 4, 0, 4, -3, -5, -3, -8, -1, 0, -1, 1, -5, -2, -6, -1, 3, -6, -2, 0, -4, -1, 1, -1, -6, -5, -6, 3, 4, 0, -8, 3, -1, 0, -8, -2, 4, -6, -6, 2, -1, 2, 2, -1, 1, -2, -4, -1, -6, 3, -8, -4, -7, -6, -5, 4, -8, 1, -2, -3, -1, 1, -6, -4, -1, 3, 4, -7]
 
1.64824756231: [-8, 1, -5, 4, -4, -6, -2, -2, 1, -7, -3, -5, 2, -3, 0, -4, 2, -1, -1, -5, -4, -5, -4, -1, -2, 0, 1, -2, -1, 4, -4, -4, -3, 3, 0, 4, -4, -3, -4, 0, -6, -4, -2, 3, -4, -4, -2, -4, 1, -1, -8, -1, -3, -1, -3, -3, -1, -5, -3, -6, -4, 4, 2, 3, 3, -4, -7, 4, 3, -3, 4, 0, -4, 4, -6, 1, -2, 2, 2, -8, 4, -4, -2, 0, -7, 4, -3, -3, -3, -8, 1, -3, 2, -2, -4, 1, 2, -8, 4, 0, -2, -7, 3, -1, -7, 3, 0, 0, -2, -7, -7, -2, -8, -8, -1, -1, -5, 4, 4, -1, -7, 3, 4, -8, 0, -2, -4, -6]
 
0.9297963471805208: [-8, 1, -5, -6, -4, -5, -2, -2, 1, -6, -3, 2, -5, -1, -6, -4, 3, -8, -2, 3, -1, -2, 0, -3, 2, 0, 1, -2, 4, -1, 0, -1, -7, -8, -1, 4, -5, -2, -4, -2, -3, -3, -2, -2, -1, -4, -6, 4, -1, -5, -6, -2, -6, 3, -6, -4, -8, -6, 0, 4, -4, 1, 2, 4, 1, -4, 2, -3, -1, 4, 1, -5, -5, -5, 1, -1, -2, -7, -2, 0, -4, -1, 1, -1, -6, -5, -6, 3, 4, 0, -8, 3, -1, 0, -8, -2, 4, -6, -6, 2, -1, 2, 2, -1, 1, -2, -4, -1, -6, 3, 0, -4, -1, 0, -2, 4, -4, 1, -5, -7, -1, 1, -5, -1, -3, 1, -5, -7]
 
0.975662808592: [-1, 2, 2, 3, -5, 0, -2, -2, -1, -2, -8, -1, -5, -2, -6, -3, -4, -1, -2, -2, -2, 2, -8, -2, 2, 1, -6, -7, 1, 3, -8, -1, -3, 1, -5, 2, -1, -2, -8, 3, 1, -1, -3, -3, -7, -7, 1, -6, 1, -4, 1, -2, -8, -6, -3, -2, -1, -6, 1, 3, 3, -6, -6, 4, -3, 4, -6, -8, -1, -5, -4, -5, -5, -5, -6, -4, 3, -6, -2, 3, -4, -6, -5, -6, 0, 3, -2, 0, 3, -8, 4, -1, 1, 0, -5, -3, 2, -6, 3, 0, -3, 4, 2, -3, 1, -3, -4, -1, -6, 3, -8, -4, 4, 0, -5, 4, -3, 1, -3, -3, 0, 1, 3, -4, -1, 3, 4, -7]
 
1.1388697477: [4, -5, 2, 2, 0, 0, -2, -3, -1, -7, 1, -5, 3, -8, -6, 1, -1, -5, 1, -1, 0, -4, 4, -6, -2, 3, 3, -1, -8, -5, -7, -6, -3, -3, -8, -5, -5, -3, -6, 2, -6, 4, -8, -7, 1, -8, -5, -8, 3, -1, -3, -2, -6, 3, -7, -8, 0, 1, -8, 4, -8, -1, -5, -5, 4, -4, -1, 4, -6, 3, 4, 1, -1, 4, -6, 1, -2, -1, 2, -8, 4, -4, 4, 0, -7, 4, -3, 0, -3, 3, 4, -4, 1, 3, 0, -1, -6, -2, 1, 4, -3, 1, 3, 3, -8, -1, -8, 4, -3, -8, -8, -5, -6, -7, -1, 2, -6, 2, -2, -3, -4, 1, -1, -4, -6, 2, 1, 1]
 
0.647571065471: [-1, -3, -6, -6, 4, -4, 2, -4, 2, -1, -7, 2, -8, 2, -6, -4, 4, -2, -2, -5, -4, -1, -6, -7, -6, -2, -4, 1, 4, 3, 0, -6, -2, 2, -6, 4, 1, -6, -2, 4, -8, 3, -3, -4, -6, -3, -4, -3, -8, 0, -2, 3, 4, -4, 3, -5, -8, -6, 0, -4, -3, 0, 0, -1, -1, 4, -7, 1, 3, -3, -3, 2, -5, -5, -2, -7, -6, 2, 1, -5, 4, -4, -7, 3, -7, 0, -2, -2, 2, 0, -4, -4, -1, 0, -4, -7, -3, -1, 0, -8, -2, 2, 4, 4, -8, -2, -4, -5, 2, -6, 3, 1, 3, -4, 0, -5, 4, -3, -2, 2, 2, 1, 4, -1, -5, -4, -5, -7]
 
1.5612414534831096: [4, -5, 2, 4, -4, -3, -2, -2, 1, -7, -3, -5, 2, -3, -7, -4, 3, -1, 0, -5, -6, 0, 3, -4, -2, 0, 1, -2, -3, 4, 1, -4, -3, -4, 0, -2, -1, -3, -4, -2, -6, -3, -2, -7, -4, -4, -6, -4, 1, 0, -8, -7, 2, -8, -3, -3, -1, 2, -3, -4, -8, 4, 2, 3, 3, 4, -7, 4, 3, -3, 4, 1, -5, 4, -6, 1, -2, -4, 2, -8, 4, -4, -7, 0, -7, 4, -3, -3, -3, -8, 1, -3, 2, -2, -2, 1, -2, -2, -2, -4, -2, -5, 3, -1, -7, -1, 0, 0, -2, -7, -7, -2, 0, 4, 0, -1, -5, 4, 4, -3, -7, 1, -6, -8, 2, 3, -4, -7]
 
1.3845975846978207: [-8, 1, -5, -6, -4, -5, -2, -2, 1, -6, -3, 2, -5, -1, -6, -1, -8, -6, -3, 2, -7, -3, -2, 1, 2, 0, -1, 3, 4, -8, -8, -7, -2, 2, -2, -6, -1, -7, -1, -6, -1, -4, -6, 4, -7, -7, 3, -4, -6, 2, -6, -4, 4, 3, -7, 1, -6, -8, -1, -3, -6, 0, -7, -6, -8, -7, 3, -2, -4, 3, -3, -5, 0, -8, -1, 0, -6, -5, -2, -5, -5, 3, 1, -1, -6, -6, 1, 3, 2, 3, -8, -6, -4, 1, 3, 3, -6, -6, -5, 2, -4, 2, 2, -1, 1, -2, -4, -1, -6, 2, -8, -4, -7, 2, 4, -5, -7, -1, 0, -1, 4, -2, 3, -7, -7, 1, -4, -5]
 
1.01266849265: [-8, 1, -5, -6, -4, -5, -2, -2, 1, -6, -3, 2, -5, -1, -6, -4, 3, -8, -2, 3, -1, -1, -3, -1, -4, 1, -6, 4, -5, -4, 1, -1, 3, 0, -6, 4, 2, -6, -4, -3, -6, -6, 0, 4, 4, 0, -4, -4, -1, 3, -5, -2, -7, 3, 3, 1, 1, 2, 1, -2, -7, 3, -7, -8, -6, -8, 4, -6, -2, 3, -3, 3, -1, -5, -1, 3, 3, -6, -2, 0, -4, 3, -5, 1, -6, 4, -3, -2, -6, 3, -8, -1, -3, 2, -6, -7, -7, 2, -3, 0, -2, 4, -2, -2, 2, -5, 4, -1, -5, 3, 2, 1, -1, 4, 3, -7, -8, 1, -2, -4, 1, -7, -6, -7, -7, 4, -4, 4]
 
1.80330235731: [-5, -6, 2, 2, 0, -6, -2, -1, -1, -1, 0, -1, 3, -6, -6, -8, -1, -2, 1, -8, -8, -8, -7, -6, -5, 2, 2, -1, -8, -4, -7, 4, -3, 2, -7, -5, -5, -2, -5, 2, 0, -5, -4, -7, 3, 2, -5, 0, -1, -1, -3, -2, -6, 3, -7, -3, 0, 1, -3, -2, 2, -1, -6, -5, 4, -4, -1, -5, -4, -4, 1, -8, -8, -1, -2, 3, 2, 1, -7, -1, -1, -1, 1, -1, -6, -5, -6, 3, 4, 0, -8, 3, -1, 0, -8, -2, 4, -6, -6, 2, -1, 2, 2, -1, 1, -2, -4, -1, -6, 3, -8, -4, -7, -6, -5, 4, -8, 1, -2, -3, -1, 1, -6, -4, -1, 3, 4, -7]
 
0.508449226001: [-5, 4, 2, -6, -4, -5, -2, -2, 1, -6, -3, 0, -7, -8, -7, -7, 3, -7, 4, -5, -6, -5, 4, -4, 1, -5, -4, -8, -1, -4, 1, -5, -7, -8, -1, 4, -5, -2, -4, -2, -3, -3, -2, -2, -1, -4, -6, 4, -1, -5, -6, -2, -6, 3, -6, -4, -8, -6, 0, 4, -4, 1, 2, 4, 1, -4, 2, -3, -1, 4, 1, -5, -5, -5, 1, -1, -2, -7, -2, 0, -4, -1, 1, -1, -6, -5, -6, 3, 4, 0, -8, 3, -1, 0, -8, -2, 4, -6, -6, 2, -1, 2, 2, -1, 1, -2, -4, -1, -6, 2, -8, -4, -7, 2, 4, -5, -7, -1, 0, -1, 4, -2, 3, -7, -7, 1, -4, -5]
 
1.03679511028: [-8, 1, -5, -6, -4, -5, -2, -2, 1, -6, -3, 2, -5, -1, -6, -4, 3, -8, -2, 3, -1, -2, 0, -3, 2, 0, 1, -2, 4, -1, 0, -1, -3, -4, -5, -5, -3, -4, -4, -6, -1, -6, -2, -1, 0, 3, -3, -3, -2, 4, -4, 4, 4, -5, -6, -5, 1, -3, 0, 4, -8, 1, 0, -4, -3, -2, -8, -8, -1, 4, -1, 1, -3, -3, -2, -5, -2, -7, -2, 0, -4, -4, -3, 1, -6, 3, -1, 1, 3, -5, 1, -3, -6, 3, -5, -6, -2, -2, 1, -2, -3, -3, -3, -3, 1, -2, -4, 2, -1, 2, -8, -4, -7, 2, 4, 2, -2, -6, 0, -8, -8, -2, -6, -8, 2, -5, -4, -7]
 
0.444461675967: [-8, 1, -5, -6, -4, -5, -2, -2, 1, -6, -3, 2, -5, -1, -6, -4, 3, -8, -2, -2, -2, 2, -8, -2, 2, 1, -6, -7, 1, -4, 1, -1, -3, -4, -5, 2, -1, -2, -4, 3, 2, -1, -3, -3, 3, -7, -6, -6, 0, 3, 1, 3, -8, -6, -3, -2, -1, -8, 1, 4, -6, -6, -6, 4, -3, -4, 0, -8, -1, 4, -4, -5, -5, -5, -6, -1, 3, -6, -2, 0, -4, 3, -5, -6, -4, 2, -5, 0, 3, 2, 4, -1, 1, 3, -3, -3, 2, -6, 1, 4, -3, 2, 2, -3, 1, -2, -4, -1, -6, 3, -8, -4, -7, -6, -5, 4, -8, 1, -2, -3, -1, 1, -6, -4, -1, 3, 4, -7]
 
1.55116545382: [-1, 4, 2, -6, -4, -5, -2, -2, -8, -2, -8, -1, -5, -8, -6, 4, -4, -8, -5, 3, -1, -1, -3, -1, -4, 1, -6, 4, -5, -4, 1, -1, 3, 0, -6, 4, 2, -6, -4, -3, -6, -6, 0, 4, 4, 0, -4, -4, -1, 3, -5, -2, -7, 3, 3, 1, 1, 2, 1, -2, -7, 3, -7, -8, -6, -8, 4, -6, -2, 3, -3, 3, -1, -5, -1, 3, 3, -6, -2, 0, -4, -1, 1, -1, -6, -5, -6, 3, 4, 0, -8, 3, -1, 0, -8, -2, 4, -6, -6, 2, -1, 2, 2, -1, 1, -2, -4, -1, -6, 3, -8, -4, -7, -6, -5, 4, -8, 1, -2, -3, -1, 1, -6, -4, -1, 3, 4, -7]
 
1.09827456284: [-1, -3, -3, 0, 4, -4, 3, -4, -2, -1, -7, 2, -8, 3, -7, -4, 3, -1, 0, -5, -6, 0, 3, -4, -2, 0, 1, -2, -3, 4, 1, -4, -3, -4, 0, -2, -1, -3, -4, -2, -6, -3, -2, -7, -4, -4, -6, -4, 1, 0, -8, -7, 2, -8, -3, -3, -1, 2, -3, -4, -8, 4, 2, 3, 3, 4, -7, 4, 3, -3, 4, 1, -5, 4, -6, 1, -2, -4, 2, -8, 4, -4, -7, 0, -7, 4, -3, -3, -3, 2, 4, -1, 1, 3, -3, -3, 2, -6, 1, 4, -3, 0, 3, 3, -8, -1, -8, -7, -3, -8, -8, -5, 0, 1, -1, 2, -8, 4, -2, -3, -4, 1, -1, -4, 2, 1, 1, 1]
 
0.853313108081: [4, -5, 2, 4, -6, -7, -2, -5, 2, -7, -3, -5, 2, -7, -7, 4, 3, -4, 3, -2, -4, 1, -6, -6, 0, 3, 3, -2, 4, 4, -4, 1, -7, -6, -6, -5, 0, 0, -2, -2, -6, 3, -5, -6, -1, 3, -2, -2, -4, -4, -2, 4, 0, 3, 3, 0, 2, -6, 1, 4, -1, 4, 0, 3, 3, 4, -5, 4, 2, -3, 4, -6, -5, 4, -2, 1, 0, -1, 2, -8, -8, -4, -7, 0, -5, 1, -2, 3, -8, 0, 3, 3, -1, 0, -4, -7, -3, -4, 0, -8, -2, 3, -3, -4, 1, -5, -5, -5, 4, 2, -2, -3, 3, 2, 4, -4, -4, 2, 1, -1, -2, 1, -6, -1, 3, 2, -5, -7]
 
0.934096754014: [-8, 1, 0, 2, -1, 1, 1, -8, -6, 2, -8, -1, -5, -6, -6, -2, 1, -8, -5, -5, 0, -6, -4, -2, -7, -4, -1, -8, 0, -1, -1, -6, 4, -8, -1, -5, 2, -8, 0, -8, 2, -5, 3, -3, 3, -5, 4, 3, 2, -6, 0, -3, 2, -7, 0, -2, -1, 4, -1, 0, -6, 4, -5, -3, 4, 2, -3, 3, -5, -4, -7, -5, 0, -2, -5, 2, 4, -3, 1, -7, 2, 1, 4, 3, 0, -5, 1, -6, -5, -8, -8, 3, -2, -3, -5, 3, -4, -6, -2, 2, -4, 3, 2, -1, 1, -2, -4, -1, 4, -1, 2, -4, 3, 0, -4, 4, 4, 1, -5, -7, -3, 1, -7, -7, 1, 1, -8, -7]
 
2.07988595892: [0, -8, -5, -6, -4, -5, -2, -2, 1, -6, -3, 2, -5, -1, -6, -4, 3, -8, -2, 3, -1, -1, -3, -1, -4, 1, -6, 4, -5, -4, 1, -1, 3, 0, -6, 4, 2, -6, -4, -3, -6, -6, 0, 4, 4, 0, -4, -4, -1, 3, -5, -2, -7, 3, 3, 1, 1, 2, 1, -2, -7, 3, -7, -8, -6, -8, 4, -6, -2, 3, -3, 3, -1, -5, -1, 3, 3, -6, -2, 0, -4, -1, 1, -1, -6, -5, -6, 3, 4, 0, -8, 3, -1, 0, -8, -2, 4, -6, -6, 2, -1, 2, 2, -1, 1, -2, -4, -1, -6, 3, -8, -4, -7, -6, -5, 4, -8, 1, -2, -3, -1, 1, -6, -4, -1, 3, 4, -7]
 
2.41109243908: [-5, 4, 2, -6, -4, -5, -2, -2, 1, -6, -3, 0, -7, -8, -7, -7, 3, -7, 4, -5, -6, -5, 4, -4, 1, -5, -4, -8, -3, 4, 1, -4, -3, -4, 0, -2, -1, -3, -4, -2, -6, -3, -2, -7, -4, -4, -6, -4, 1, 0, -8, -7, 2, -8, -7, -3, 0, 1, -3, -2, 2, -1, -6, -5, 4, -4, -1, -5, -4, -4, 1, -8, -8, -1, -2, 3, 2, 1, -7, -1, -1, -1, 1, -1, -6, -5, -6, 3, 4, 0, -8, 3, -1, 0, -8, -2, 4, -6, -6, 2, -1, 2, 2, -1, 1, -2, -4, -1, -6, 3, -8, -4, -7, -6, -5, 4, -8, 1, -2, -3, -1, 1, -6, -4, -1, 3, 4, -7]
 
1.18028284629: [-5, -6, 2, 2, 0, -6, -2, -1, -1, -1, 0, -1, 3, -6, -6, -8, -1, -2, 1, -8, -8, -8, -7, -6, -5, 2, 2, -1, -8, -4, -7, 4, -3, 2, -7, -5, -5, -2, -5, 2, 0, -5, -4, -7, 3, 2, -5, 0, -1, -1, -3, -2, -6, 3, -3, -3, -1, 2, -3, -4, -8, 4, 2, 3, 3, 4, -7, 4, 3, -3, 4, 1, -5, 4, -6, 1, -2, -4, 2, -8, 4, -4, -7, 0, -7, 4, -3, -3, -3, 2, 4, -1, 1, 3, -3, -3, 2, -6, 1, 4, -3, 0, 3, 3, -8, -1, -8, -7, -3, -8, -8, -5, 0, 1, -1, -7, -8, 4, -2, -5, 0, 1, -1, -4, -6, 1, -7, 1]
 
1.29474894145: [-8, 1, -5, -6, -4, -5, -2, -2, 1, -7, -3, -5, 2, -3, -7, -4, 3, -1, 0, -5, -6, 0, 3, -4, -2, 0, 1, -2, -3, 4, 1, -4, -3, -4, 0, -2, -1, -3, -4, -2, -6, -3, -2, -7, -4, -4, -6, -4, 1, 0, -8, -7, 2, -8, -3, -3, -1, 2, -3, -4, -8, 4, 2, 3, 3, 4, -7, 4, 3, -3, 4, 1, -5, 4, -6, 1, -2, -4, 2, -8, 4, -4, -7, 0, -7, 4, -3, -3, -3, -8, 1, -3, 2, -2, -2, 1, -2, -2, -2, -4, -2, -5, 3, -1, -7, -1, 0, 0, -2, -7, -7, -2, 0, 4, -5, 4, -8, 1, -2, -3, -1, 1, -6, -4, -1, 3, 4, -7]
 
2.67276915854: [-2, -8, -3, 0, -1, -8, 3, -4, 3, -7, -7, 0, -8, 3, 0, -4, 3, -4, -2, 4, -4, 1, 0, -8, -2, -5, -8, 3, -3, -7, -2, 1, -7, 0, -6, -1, -5, -6, -5, -2, -6, -3, -7, -6, -1, 0, -2, -2, -2, -4, -2, -2, 4, 3, 3, -5, 1, -6, 0, 4, -8, 4, 0, 4, -3, -5, -3, -8, -1, 0, -1, 1, -5, -2, -6, -1, 3, -6, -2, 0, -4, -1, 1, -1, -6, -5, -6, 3, 4, 0, -8, 3, -1, 0, -8, -2, 4, -6, -6, 2, -1, 2, 2, -1, 1, -2, -4, -1, -6, 3, -8, -4, -7, -6, 0, -1, -5, 4, 4, -3, 4, -2, 3, -7, -7, 1, -4, -5]
 
2.35660115216: [4, -5, 2, 4, -4, 4, 2, -1, 0, 4, -7, -6, 1, -1, 4, -4, 3, -8, -2, 3, -1, -2, 0, -3, 2, 0, 1, -2, -3, 4, 1, -4, -3, -4, 0, -2, -1, -3, -4, -2, -6, -3, -2, -7, -4, -4, -6, -4, 1, 0, -8, -7, 2, -8, -3, -3, -1, 2, -3, -4, -8, 4, 2, 3, 3, 4, -7, 4, 3, -3, 4, 1, -5, 4, -6, 1, -2, -4, 2, -8, 4, -4, -7, 0, -7, 4, -3, -3, -3, 2, 4, -1, 1, 3, 2, -3, 2, -6, 1, 4, -3, 2, -7, 3, 1, -2, -4, 1, -6, 2, -8, -4, 2, 2, -4, -5, 3, -1, 0, -1, -7, -1, -6, -8, -8, 3, -4, -7]
 
1.23633296284: [0, -3, 0, -1, -5, 1, -4, 2, -8, -2, -7, -1, -5, -8, -6, 0, -4, -8, -5, 0, -2, 2, -8, 2, -7, 1, -2, 1, 1, -4, 1, 4, -2, -4, -5, -5, -6, 0, 4, 3, -2, -1, -5, -4, -2, -7, -6, -6, -7, -5, -3, -2, 4, -6, -3, -2, -1, -8, -4, -7, 2, -6, -6, 4, -3, -4, 0, -8, 4, 4, -4, -5, -5, -2, -8, -1, 3, -6, -2, 4, -4, -4, -5, -6, -5, 1, -5, 0, 3, 3, 4, -1, -1, -7, -3, -3, 2, -6, 1, 4, -3, 0, 3, 3, -8, -1, -8, -7, -3, -8, -8, -5, 0, 1, -1, -7, -8, 4, -2, -5, 0, 1, -1, -4, -6, 1, -7, 1]
 
1.3045147023: [-2, -8, -3, 0, -1, -8, 3, -4, 3, -7, -7, 0, -8, 3, 0, -4, 3, -4, -2, 4, -4, 1, 0, -8, -2, -5, -8, 3, -3, -7, -2, 1, -7, 0, -6, -1, -5, -6, -5, -2, -6, -3, -7, -6, -1, 0, -2, -2, -2, -4, -2, -2, 4, 3, 3, -5, 1, -6, 0, 4, -8, 4, 0, 4, -3, -5, -7, 4, 3, -3, 4, 1, -5, 4, -6, 1, -2, -4, 2, -8, 4, -4, -7, 0, -7, 4, -3, -3, -3, 2, 4, -1, 1, 3, -3, -3, 2, -6, 1, 4, -3, 0, 3, 3, -8, -1, -8, -7, -3, -8, -8, -5, 0, 1, -1, 2, -8, 4, -2, -3, -4, 1, -1, -4, 2, 1, 1, 1]
 
1.31940886926: [-1, 1, -3, 0, 0, -4, -6, 0, -2, -1, -7, 2, -8, -1, -7, -4, 0, -1, 0, -5, -6, 0, 3, -4, -2, 0, -3, -2, -3, 4, -2, -4, -3, -4, 4, -2, 0, -1, -7, -2, -4, -3, 0, -7, -4, -4, 2, 2, -5, 0, -5, -7, 3, -7, -3, -3, 1, -3, -3, 4, -8, -5, 2, -7, 3, 4, -3, 0, -1, 0, -1, 1, -5, -2, -6, -6, 0, -1, 4, -3, -4, -1, 1, -1, -6, -5, -6, 2, 4, 0, -8, 3, 3, 0, -1, -2, 4, -6, -7, 2, 1, 2, -6, -1, -3, -2, 4, -1, -6, 4, -2, -4, -5, -6, -5, 4, -8, -7, -2, -3, -8, 1, -6, -7, -6, 3, 4, 3]
 
0.905739792957: [-1, -6, -6, -1, 0, -6, -2, -1, -3, -1, 0, -2, 3, -3, -6, -8, -4, -2, 1, 4, -7, -8, 2, -6, -5, 2, 2, -1, -8, 3, -7, -4, 3, 1, -2, -5, -5, -2, -1, 2, 0, -5, -4, -7, 3, -6, 2, 4, -5, -1, 1, -2, -6, 3, -7, -7, -8, 1, 3, -6, 2, -1, 4, -8, 4, 4, -5, -5, -4, -4, 1, -8, 2, -1, -2, 3, 1, 1, -7, -7, 3, 1, -2, -1, -6, -5, 4, 3, -5, 0, -8, -3, -1, 0, -8, -2, -7, 1, -6, -6, -1, 2, -1, -3, 1, 1, -4, -1, -6, -7, -8, -6, -7, -6, -5, 4, -8, -1, -1, -3, 4, -4, -8, 4, 4, 1, -5, -5]
 
1.39881807049: [-2, -8, -3, 0, -1, -8, 3, -4, 3, -7, -7, 0, -8, 3, 0, -4, 3, -4, -2, 4, -4, 1, 0, -8, -2, -5, -8, 3, -3, -7, -2, 1, -7, 0, -6, -1, -5, -6, -5, -2, -6, -3, -7, -6, -1, 0, -2, -2, -2, -4, -2, -2, 4, 3, 3, -5, 1, -6, 0, 4, -8, 4, 0, 4, -3, -5, -3, -8, -1, 0, -1, 1, -5, -2, -6, -1, 3, -6, -2, 0, -4, -1, 1, -1, -6, -5, -6, 3, 4, 0, -8, 3, -1, 0, -8, -2, 4, -6, -6, 2, -1, 2, 2, -1, 1, -2, -4, -1, -6, 3, -8, -4, -7, -6, 0, -1, -5, 4, 4, -3, -1, 1, -6, -4, -1, 3, 4, -7]
 
1.26508592783: [-4, -3, 3, -8, -4, 4, -2, 1, -8, -2, 2, -1, -5, -8, -6, 4, -4, 3, -5, -2, -2, -8, 0, 1, -6, 1, -6, -7, 0, -4, 1, -1, -3, -8, -5, -3, -1, -2, -4, 3, -6, -1, -2, 0, -8, -7, -6, -1, 0, 3, 0, -8, -8, 2, -3, -2, 1, -8, -6, 4, -6, -6, -2, 0, -3, -7, 0, -8, -1, 1, -7, -4, 1, -5, 0, -1, 3, -6, -8, 0, -5, 3, -5, -6, 4, 2, -5, -5, -1, 2, 4, -6, -8, 3, -4, 3, 4, -6, -2, 2, -1, 2, 2, -1, 0, -2, -7, -1, -6, 3, -8, -4, 3, -6, -8, 4, -8, 1, -2, -3, -1, 1, -6, -4, -3, 3, 4, -7]
 
1.18153114022: [-8, 1, -5, -6, -4, -5, -2, -2, 1, -6, -3, 2, -5, -1, -6, -4, 3, -8, -2, 3, -1, -1, -3, -1, -4, 1, -6, 4, -5, -4, 1, -1, 3, 0, -6, 4, 2, -6, -4, -3, -6, -6, 0, 4, 4, 0, -4, -4, -1, 3, -5, -2, -7, 3, 3, 1, 1, 2, 1, -2, -7, 3, -7, -8, -6, -8, 4, -6, -2, 3, -3, 3, -1, -5, -1, 3, 3, -6, -2, 0, -4, -1, 1, -1, -6, -5, -6, 3, 4, 0, -8, 3, -1, 0, -3, -3, 2, -6, 1, 4, -3, 2, 2, -3, 1, -2, -4, -1, -6, 3, -8, -4, -7, -6, -5, 4, -8, 1, -2, -3, -1, 1, -6, -4, -1, 3, 4, -7]
 
1.68641008891: [-1, -3, -3, 0, 4, -4, 3, -4, -2, -1, -7, 2, -8, 3, -7, -4, 3, -4, -2, -5, -4, 1, 0, 2, -2, -5, 3, 3, 4, 4, 0, 1, -7, -6, -6, 4, -5, 4, -2, -2, -6, 3, -7, -6, -1, 0, -2, -2, -2, -4, -2, -2, 4, 3, 3, -5, 1, -6, 0, 4, -8, 4, 0, 3, 3, 4, -7, 4, 3, -3, 4, 1, -5, -5, 1, -1, -2, -7, -2, 0, -4, -1, 1, -1, -6, -5, -6, 3, 4, 0, -8, 3, -1, 0, -8, -2, 4, -6, -6, 2, -1, 2, 2, -1, 1, -2, -4, -1, -3, -8, -8, -5, 0, 1, -1, 2, -8, 4, -2, -3, -4, 1, -1, -4, 2, 1, 1, 1]
 
1.080740378: [4, -6, 2, 2, 0, -7, -2, 3, -1, -7, -8, -4, 3, -8, -6, -1, -1, -5, 1, -8, 3, -8, 4, -6, -2, -4, -7, -1, -8, -4, -7, 4, -3, 2, -8, -5, -5, -5, -5, -6, -6, 4, -7, -7, 1, 2, -5, 0, 3, -1, -3, -2, -6, 3, -7, -3, 0, 1, -3, 4, 2, -1, -7, -5, 4, -4, -1, 4, 3, -3, 4, 1, -5, 4, -6, 1, -2, -4, 2, -8, 4, -4, -7, 0, -7, 4, -3, -3, -3, 2, 4, -1, 1, 3, -3, -3, 2, -6, 1, 4, -3, 0, 3, 3, -8, -1, -8, -7, -6, 2, -8, -4, -7, 2, 4, -5, -7, -1, 0, -1, 4, -2, 3, -7, -7, 1, -4, -5]
 
1.08340510736: [-8, 1, -5, -6, -7, -5, -2, -2, 1, 0, -3, -1, -5, -1, -6, -7, 4, -3, -6, -3, -1, -2, -3, -6, 3, -8, -6, -3, -5, -2, 1, -1, 3, -3, -6, -7, -8, -6, -4, -3, -2, -3, -4, -3, 3, -7, -6, -8, 0, 3, 1, 3, -4, -6, -3, -2, 0, -8, 1, 4, -3, -6, -7, 1, -3, -5, 0, -8, -8, 4, -4, 0, -5, -5, -6, -1, 3, -6, -2, 0, -4, 3, -5, 2, -4, 2, 1, 0, -6, 0, 4, -1, 3, -2, 0, 1, 2, -6, -6, 2, -1, -8, 2, -1, 1, -2, -4, -1, -6, 3, -8, -4, -2, -6, -5, 4, -8, 1, -4, -3, 4, 1, -5, -4, -1, 3, 4, -3]
 
1.81621229971: [-1, 4, 2, -6, -4, -5, -2, -2, -8, -2, -8, -1, -5, -8, -6, 4, -4, -8, -5, -2, -2, 2, -8, -2, 2, 1, -6, -7, 1, -4, 1, -1, -3, -4, -5, 2, -1, -2, -4, 3, 2, -1, 0, 4, 4, 0, -4, -4, -1, 3, -5, -2, -7, 3, 3, 1, 1, 2, 1, -2, -7, 3, -7, -8, -6, -8, 4, -6, -2, 3, -3, 3, -1, -5, -1, 3, 3, -6, -2, 0, -4, 3, -5, 1, -6, 4, -3, -2, -6, 3, -8, -1, -3, 2, -6, -7, -7, 2, -3, 0, -2, 4, -2, -2, 2, -5, 4, -1, -5, 3, 2, 1, -1, 4, 3, -7, -8, 1, -2, -4, 1, -7, -6, -7, -7, 4, -4, 4]
 
0.951318337111: [1, 1, 2, -3, 1, 4, -2, 1, 1, -6, -3, 2, 0, -2, -6, -6, -5, -8, -2, 3, -1, -1, -3, -1, 4, 1, -6, 0, -5, -3, 1, -8, 3, 0, -6, 4, 2, -2, -4, -3, -6, -6, 0, 4, 4, -1, -4, -4, 1, 3, 0, -2, -7, -4, 3, -3, 1, 2, 1, -2, 0, 3, 2, 4, -6, 2, 1, -6, -2, -6, -3, 3, -1, -5, -1, 3, 3, -5, -1, 0, -4, 3, 1, -2, -6, -6, -6, 3, 4, 0, -7, -2, -1, 3, -8, -2, -5, -1, -6, 2, 3, 2, -5, -1, -1, -2, -4, -1, -6, 3, -2, -4, -3, -2, -1, 2, -8, 1, 1, 3, -4, -1, -1, -4, -5, 1, -1, 1]
 
1.61762054893: [-1, -3, -3, 0, 4, -4, 3, -4, -2, -1, -7, 2, -8, 3, -7, -4, 3, -1, 0, -5, -6, 0, 3, -4, -2, 0, 1, -2, -3, 4, 1, -4, -3, -4, 0, -2, -1, -3, -4, -2, -6, -3, -2, -7, -4, -4, -6, -4, 1, 0, -8, -7, 2, -8, -3, -3, -1, 2, -3, -4, -8, 4, 2, 3, 3, 4, -7, 4, 3, -3, 4, 1, -5, 4, -6, 1, -2, -4, 2, -8, 4, -4, -7, 0, -7, 4, -3, -3, -3, 2, 4, -1, 1, 3, -3, -3, 2, -6, 1, 4, -3, 0, 3, 3, -8, -1, -8, -7, -3, -8, -8, -5, -7, -6, -5, 4, -8, 1, -2, -3, -1, 1, -6, -4, -1, 3, 4, -7]
 
1.0741745034: [-1, 4, 2, -6, -4, -5, -2, -2, -8, -2, -8, -1, -5, -8, -6, -8, -1, -2, 1, -8, -8, -8, -7, -6, -5, 2, 2, -1, -8, -4, -7, 4, -3, 2, -7, -5, -5, -2, -5, 2, 0, -5, -4, -7, 3, 2, -5, 0, -1, -1, -3, -2, -6, 3, -7, -3, 0, 1, -3, -2, 2, -1, -6, -5, 4, -4, -1, -5, -4, -4, 1, -8, -8, -1, -2, 3, 2, 1, -7, -1, -1, -1, 1, -1, -6, -5, -6, 3, 4, 0, -8, 3, -1, 0, -8, -2, 4, -6, -6, 2, -1, 2, 2, -1, 1, -2, -4, -1, -6, 3, -8, -4, -7, -6, -5, 4, -8, 1, -2, -3, -1, 1, -6, -4, -1, 3, 4, -7]
 
0.777948017843: [-7, -6, 2, 2, 0, -6, -6, -1, -4, -1, 0, -1, 3, -6, -6, 4, -4, -8, -1, -2, 4, 2, -8, -2, 2, 4, -6, -7, 1, -4, 1, -8, -4, -4, -6, 2, -6, -2, -4, -2, 2, -6, -3, -3, 3, -7, -6, -6, -3, 4, 1, 3, -8, -6, -5, -2, -1, -8, -4, -8, -6, -7, -4, 3, 2, -4, 0, -8, 1, 4, -4, -7, -1, -5, -4, -1, 2, -6, 4, -8, -1, 3, -1, -6, -4, 2, -5, 0, 3, -4, 4, -4, 1, 0, -1, -3, 3, -6, 1, 4, -3, 2, 2, -3, 1, -2, 2, -8, 0, 3, -8, 0, -7, -6, -5, 0, -8, 1, -2, -6, -1, -1, -6, -4, -6, 4, -7, -7]
 
1.44569218764: [-1, 4, 2, -6, -4, -5, -2, -2, -8, -2, -8, -1, -5, -8, -6, 4, -4, -8, -5, -2, -2, 2, -8, -2, 2, 1, -6, -7, 1, -4, 1, -1, -3, -4, -5, 2, -1, -2, -4, 3, 2, -1, -3, -3, 3, -7, -6, -6, 0, 3, 1, 3, -8, -6, -3, -2, -1, -8, 1, 4, -6, -6, -6, 4, -3, -4, 0, -8, 4, 4, -4, -5, -5, -2, -8, -1, 3, -6, -2, 4, -4, -4, -5, -6, -5, 1, -5, 0, 3, 3, 4, -1, -1, -7, -3, -3, 2, -6, 1, 4, -3, 0, 3, 3, -8, -1, -8, -7, -3, -8, -8, -5, 0, 1, -1, -7, -8, 4, -2, -5, 0, 1, -1, -4, -6, 1, -7, 1]
 
2.16117307478: [0, -3, -3, -1, -5, -5, -5, 2, -8, -8, -3, -1, 1, -8, 2, 0, -4, 3, -5, 0, 4, 2, -2, 2, -7, 1, -8, -4, 2, -4, 1, 4, -2, -4, -5, -5, -3, 3, 4, 1, -2, -1, -8, -4, -2, -7, -3, -6, -7, -5, -3, -2, -4, -6, 4, -2, -1, 4, -4, -7, 2, -6, -6, 4, -3, -4, -2, -7, 0, 4, -4, -5, -5, 3, -8, -1, 3, -6, -2, 2, -4, 3, -5, -4, -4, -7, 2, 0, 1, 2, -5, -1, 1, 3, -6, -2, 4, -4, -6, -2, -1, -2, -1, -1, 1, -2, -4, -6, -6, 3, -8, -4, -7, -3, -7, 2, -7, -8, 1, -3, -1, 1, -6, 0, -1, 3, 2, 0]
 
