3.1598731252008116: [-3, 4, -4, -6, 4, -1, -7, -5, 0, -6, -4, -2, 1, 4, 2, 0, -6, -6, 4, -5, -7, -3, 2, -1, -7, 2, 0, -5, -7, -8, -3, -8, -4, -3, 3, -1, 1, -3, 0, -6, -5, 2, -6, 2, -8, -8, -3, -7, 0, -8, 4, -7, 4, -8, -4, 1, -2, 3, -7, -7, -2, -1, -4, -6, 4, -2, -4, -5, 3, -1, -8, 4, 0, -4, -7, -4, 0, -7, -8, 3, -1, -6, -4, -3, -2, 4, -8, 3, -3, 3, 4, -3, 0, -4, 1, -8, -4, -4, -8, -5, -8, 3, -8, 3, -8, -4, 0, -3, -3, -5, 0, -8, 1, 2, -4, 1, -6, -2, -8, -6, -2, -1, -3, 4, -7, -2, -4, 0]
 
3.7430358576189215: [-7, 4, -4, -6, 4, -1, -2, -5, 0, -6, -4, 2, 1, -1, 2, -8, 3, -6, 4, -5, -7, -3, 2, -1, -7, 2, 0, -5, -7, -8, -3, -8, -4, -3, 3, -1, 1, -3, 0, -6, -5, 2, -6, -4, -8, -8, -8, -3, -8, 2, 4, -7, 4, -8, -4, 4, -2, 3, 0, -7, -2, -1, -3, -6, 4, -2, -4, -5, -7, -1, -8, 4, -2, 3, -1, -4, 3, -7, -6, -3, -1, -3, -4, 2, -7, 4, -8, -4, 1, -1, 4, -3, 0, 0, 0, -8, 3, 3, -8, 1, -8, 3, -8, 3, -8, -4, 0, -3, -3, -5, 0, -8, 1, 2, -4, 1, -6, -2, -8, -6, -2, -1, -3, 4, -7, -2, -4, 0]
 
2.009893226947809: [-3, 4, -4, -6, 4, -1, -7, -5, 0, -6, -4, -2, 1, 4, 2, 0, -6, -6, 4, -5, -7, -3, 2, -1, -7, 2, 0, -5, -7, -8, -3, -8, -4, -3, 3, -1, 1, -3, 0, -6, -5, 2, -6, 2, -8, -8, -3, -7, 0, -8, 4, -7, 4, -8, -4, 1, -2, 3, -7, -7, -2, -1, -3, -6, 4, -2, -4, -5, -7, -1, -8, 4, -2, 3, -1, -4, 3, -7, -6, -3, -1, -3, -2, 4, -8, -4, -3, -1, -7, 3, -4, 1, 4, -8, -4, -8, -6, -4, -8, -5, 3, 0, 0, 0, -2, 2, 1, -2, -3, 0, -2, -3, 4, -5, -2, -6, 1, -1, -6, 4, -8, 3, -3, 1, -6, -8, 4, -6]
 
0.640858307983: [-3, 4, -4, -6, 4, -1, -7, -5, -6, -6, -4, 4, 1, 4, 2, 0, 2, -6, -4, 2, -3, -7, 2, 1, -4, 2, -5, -3, -4, 1, -3, -8, -4, -3, 3, -1, 1, -3, 0, -6, -3, 0, -8, -4, -2, -8, -8, 2, -8, 2, 4, -7, 4, -5, -4, 4, -2, 3, 0, -7, -2, -3, -3, -6, -3, -2, 0, -5, -7, 0, -8, -1, -2, -6, 4, -4, 3, -7, -6, -3, -1, -3, -8, 0, -2, 4, -8, 3, 0, -4, -1, -5, -5, 0, 0, -3, 3, 3, -4, 1, -8, 3, -8, 3, 1, -4, 1, -6, -3, -2, 0, -6, -4, 0, 4, 4, 3, -1, 3, -3, 0, 3, 3, -5, -6, 2, 4, -6]
 
0.5483975285277671: [-5, 4, 2, -6, 4, 1, -2, -8, 0, -6, -4, 1, 1, -1, 2, -8, 4, -6, -4, -5, -7, -1, 2, -1, -7, 2, 0, -5, 3, -5, -3, -8, -4, 0, 3, -1, 1, -3, 0, -6, -5, 2, -6, 2, 2, -8, -3, -2, 0, -1, 4, 4, 4, -8, -3, 4, -2, -1, -7, -7, -2, -1, 0, -5, 4, 1, -4, 3, 3, -6, -8, 4, 0, -2, -8, -4, -8, -7, -6, 3, -1, -3, -4, 2, -7, 4, 0, -7, 0, -5, 4, -5, -2, 0, 0, -6, 3, 3, -8, 1, -8, 3, -8, 1, -8, -4, 0, -8, -3, -5, 2, -8, -6, 0, 4, 4, -8, 2, 4, 4, -1, 3, -3, 1, -6, -8, 4, -6]
 
0.44777746384053563: [-8, -1, -4, 3, 0, -1, -2, -8, 0, -1, -4, 2, 1, -1, 2, -8, -5, -6, 1, -5, -7, -1, -4, -1, 2, 2, -4, 3, 2, -6, -6, -2, -3, 3, 3, -1, 1, 1, 1, -4, -1, 2, -6, -5, 0, -8, 4, 3, 3, 1, 0, 0, 0, 1, -8, 1, 0, -4, -3, -5, -5, -2, -8, -2, 0, 1, 1, -2, -1, -4, 3, -5, 3, 4, -8, 3, -2, -1, -3, 3, -8, -8, -7, -6, 3, -7, -2, -7, 4, 3, 0, -5, 1, 0, -7, -8, 3, 0, -8, 1, -5, -8, 2, -5, -1, 3, 0, -3, -3, -5, -5, 4, -6, 1, 4, 4, 1, -1, 4, -8, -8, 3, 0, -2, 1, -5, -8, -3]
 
0.5126970207073329: [-7, 4, 1, 2, 2, 2, -1, -8, -6, 1, -4, -8, -6, 3, -1, 4, 0, 3, -1, 1, 4, -5, -4, -1, 0, -3, -8, -4, -5, -2, -7, 4, 1, 0, 4, 3, -1, -1, 2, 4, 1, 4, -5, -8, 4, -4, -6, 3, -5, 2, 0, 0, -3, -3, 2, -5, -3, -1, -1, 1, -7, 2, -7, -6, 4, -2, -4, -5, 3, -1, -8, 4, 0, -4, -7, -4, 0, -7, -8, 3, -1, -6, -4, -3, -2, 4, -8, 3, -3, 3, 4, -3, 0, -4, 1, -8, -4, -4, -8, -5, -8, 3, -8, 3, -8, -4, 0, -3, -3, -5, 0, -8, 1, 2, -4, 1, -6, -2, -8, -6, -2, -1, -3, 4, -7, -2, -4, 0]
 
0.77202816223: [2, 3, -4, 1, 2, 4, -8, 1, -7, 1, -6, 2, -2, -8, 4, -5, 0, 0, 4, -2, -5, 2, 4, -1, 0, -3, 3, -4, 1, -2, 1, 4, 1, 0, 4, 3, -1, -1, 2, 4, 1, 4, -5, -8, -2, -4, -6, 3, -5, 2, 0, 0, -3, -3, 2, -6, -7, -1, -1, 1, -7, 2, -7, -2, 1, -1, -4, -5, -5, 2, -1, -6, 0, 2, -2, -5, 4, -6, 4, 2, -1, -3, -2, 4, 2, -4, -3, -1, 2, -8, -4, -7, 4, 2, -4, -8, 1, -6, -7, -5, -7, 0, -7, 0, -3, -5, 1, -2, -5, -1, -4, 2, 4, 2, 4, 4, -5, 0, -6, -4, 2, 1, 0, 1, 4, 1, 0, 4]
 
1.131215981868773: [3, -3, -6, -6, 4, -5, 2, 4, 0, -6, -2, 2, 4, -1, -1, -8, 3, -6, 4, 2, -7, -1, 2, -1, -3, 2, -6, -5, 1, -8, -3, -3, -4, -3, 3, -6, -6, -3, -8, -1, -5, -1, -7, 2, -5, 2, -8, 0, -8, 2, -1, 2, -7, 4, -7, 4, -5, -7, 3, -2, 4, -1, 0, -5, -3, -7, -1, -6, 4, -4, -4, 4, 3, -6, -1, -4, -6, -8, -6, -3, -1, -1, -4, 1, 0, 4, 2, 1, 3, -4, -1, -5, -2, 0, 0, -8, 3, 3, -4, 1, -8, 3, -8, 3, -5, -4, 1, 3, -3, -5, 0, -6, -4, 0, 4, 4, 3, -1, 3, -3, -5, 3, -3, 1, -6, 2, 4, -6]
 
1.7477096610010348: [-3, 4, -4, -6, 2, -1, 4, -5, -7, 3, -8, 2, 1, -8, 0, -6, -2, -6, -6, -2, 1, -7, 2, -1, -7, 2, -2, -5, 2, -6, -3, -6, -3, -3, 3, -1, 1, -1, -1, -6, -6, 2, -6, -4, -8, -8, -8, -3, -8, 2, 4, -7, 4, -8, -4, 4, -2, 3, 0, -7, -2, -1, -3, -6, 4, -2, -4, -5, -7, -1, -8, 4, -2, 3, -1, -4, 3, -7, -6, -3, -1, -3, -4, 2, -7, 4, -8, -4, 1, -1, 4, -3, 0, 0, 0, -8, 3, 3, -8, 1, -5, 4, 1, -5, -3, 3, 0, -3, -3, -2, -5, -2, -6, 0, -1, 4, 1, -7, 1, 4, 1, 3, -3, 1, -6, -8, 4, -6]
 
1.14973287795: [2, 3, -4, 1, 2, 0, -8, 1, -7, -6, -6, -4, -2, -5, -2, 0, -2, 0, 4, -2, -8, -2, 2, -3, 2, -3, -2, 3, 2, 1, -6, -6, 1, -3, 3, 4, -3, -1, 3, -6, -1, 2, -6, 2, 2, 1, -3, -2, 0, -1, 4, 1, 4, -8, -3, 0, 0, 3, -2, -7, 2, 3, -1, -5, -3, -1, -1, -6, -6, -3, -4, 4, 3, -2, -3, -4, 0, -7, -1, -3, -4, -3, -8, -2, -2, 4, 1, 3, -3, -4, 4, -3, 0, 3, 2, -7, 3, 2, 0, -6, -5, 4, 2, -1, -3, 3, 1, -3, -3, -5, -5, -7, -3, -1, -4, 4, 1, -1, -6, 4, -8, 0, -4, 2, -1, -8, -8, -8]
 
1.0100097933550236: [-7, 4, -4, -6, 4, -1, -2, -5, 0, -6, -4, 2, 1, -1, 2, -8, 3, -6, 4, -5, -7, -3, -6, -1, -7, 0, -8, -5, 2, -7, -3, -6, -3, -3, 4, 3, -1, -1, -1, -6, 0, 2, -6, -3, 2, -8, -3, 1, 0, 1, -1, 4, -3, -8, -3, 1, -2, 3, -7, -7, 4, -1, -6, -6, 4, -2, -4, -6, -4, -1, -8, -8, 1, -2, -7, -4, 1, -7, -7, 3, -3, 3, -4, 0, -2, 4, -8, 3, -3, -4, -1, -3, 0, 2, 2, -2, -2, -8, -8, 1, -8, 3, -2, 0, -7, -4, 1, 3, -3, -5, 0, -6, -4, 0, 4, 4, 3, -1, 3, 4, -8, 3, -3, -4, -6, -8, 4, -6]
 
2.16262628762182: [2, -1, -2, -6, -5, -1, -2, -5, -3, -6, -4, 2, 1, -1, 2, -8, 3, -8, -6, -5, -4, -6, -6, -1, -7, 2, 0, -5, -4, -8, -3, 3, -4, -3, -5, -1, 1, -8, 0, -6, -5, 2, -6, 2, -5, 0, -3, -7, 2, -8, 4, -7, 4, -8, -1, 4, -2, 3, 0, -7, -2, -1, -3, -6, 4, -2, -4, -5, -7, -1, -5, 4, -2, 3, -1, -4, 3, -7, -6, 4, 3, -3, 0, 2, -7, 2, -8, -4, 1, -1, 4, -3, 0, -4, 1, -8, -4, -4, -8, 1, -8, 3, -8, 3, -8, -4, 0, -3, -3, -5, 0, -8, 1, 2, -4, 1, -6, -2, -8, -6, -2, -1, -3, 4, -7, -2, -4, 0]
 
1.5564489631656357: [-3, 1, 0, -1, -4, -4, -3, -8, -5, -4, -1, 4, 1, 0, 3, 1, -6, -1, 4, -6, -1, -2, 4, -3, -3, -5, -7, -5, 4, -5, -5, 2, -6, -3, -1, -3, -3, 4, -8, 0, 2, -4, 3, -2, 4, -7, 0, -6, 3, 3, -6, -3, -7, 4, -5, 4, -5, -6, -1, -8, 3, -6, -1, -1, 1, -2, 1, -6, -3, -4, 3, -5, 1, -2, 3, -7, -5, 3, -1, 3, -4, -5, -5, 1, -2, 2, 4, -3, 3, 1, -6, -3, -4, -6, -2, -6, -4, -6, 0, -7, -8, 1, -2, 1, 4, -4, 2, -5, 2, -4, -3, -7, -6, -7, 2, 3, -3, -5, -5, -7, -3, -6, -2, -3, -5, 3, -1, 0]
 
1.8504316822834213: [2, -1, -2, -6, -5, -1, -2, -5, -3, -6, -4, 2, 1, -1, 2, -8, 3, -8, -6, -5, -4, -6, -6, -1, -7, 2, 0, -5, -4, -8, -3, 3, -4, -3, -5, -1, 1, -8, 0, -6, -5, 2, -6, 2, -5, 0, -3, -7, 2, -8, 4, -7, 4, -8, -1, 1, -2, 3, -7, -7, 3, -1, -6, -6, 4, -2, -4, -5, 3, -1, -8, 4, 0, 1, -6, -4, 0, -7, -4, 3, -1, -6, -4, -3, -3, 4, -8, 3, -3, 3, 4, -3, 0, -4, 1, -8, -4, -4, -5, -2, -5, -8, 2, -4, -5, 1, 0, -3, 3, -5, -2, -1, -6, 1, 4, 4, 1, -1, -6, 4, -8, 3, -3, -4, -6, -8, 4, -6]
 
0.5990319381531017: [-4, -6, -6, -6, 0, -1, -2, 0, -4, -6, -4, 0, 1, -1, 2, -8, 2, -6, 4, 0, 1, -3, 2, -1, -7, 2, 0, -5, -4, 1, -3, -8, -4, -3, -5, -1, 1, -3, 0, -6, -5, 0, -6, -4, -1, -8, -8, -3, -8, 2, -3, -7, 4, -8, -4, 4, -2, 3, 0, -7, -2, -1, -3, -6, 4, -2, -4, -5, -7, -1, -5, 4, -2, 3, -1, -4, 3, -7, -6, 4, 3, -3, 0, 2, -7, 2, -8, -4, 1, -1, 4, -3, 0, -4, 1, -8, -4, -4, -8, 1, -8, 3, -8, 3, -8, -4, 0, -3, -3, -5, 0, -8, 1, 2, -4, 1, -6, -2, -8, -6, -2, -1, -3, 4, -7, -2, -4, 0]
 
0.9890626006588827: [-3, 4, -4, -6, 2, -1, 4, -5, -7, 3, -8, 2, 1, -8, 0, -6, -2, -6, -6, -2, 1, -7, 2, -1, -7, 2, -2, -5, 2, -6, -3, -6, -3, -3, 3, -1, 1, -1, -1, -6, -6, 2, -6, 2, 2, -8, -3, -2, 0, 0, 4, 4, 4, -8, -3, 1, -2, 3, -7, -7, 4, -1, -1, -6, 4, -2, -4, -5, 3, -1, -8, 4, 0, -2, -7, -4, -8, -7, -6, 3, -1, -3, -4, 2, -7, 4, 2, -7, 0, -5, 4, -5, -2, 0, 0, -8, 3, 3, -8, 1, -8, 3, -8, 3, -8, -4, 0, -3, -3, -5, 0, -8, -6, 0, 4, 4, 1, -1, -6, 4, -8, 3, -3, 1, -6, -8, -4, 0]
 
1.2590544871121625: [-7, 4, -4, -8, -6, -1, -2, -5, -2, -6, -6, 2, 2, -1, 2, 0, 3, -6, 4, -5, -7, -7, 2, -6, 2, -8, -2, 3, 2, -3, -6, -6, -3, 3, 3, -1, 1, -1, 4, -4, -6, 2, -6, -4, 1, -6, -7, 3, 3, 4, -4, 0, 0, 1, 0, 1, 0, -4, -7, -5, -5, -2, -6, -2, 0, -1, 1, -2, -1, -4, -5, -5, 3, 1, -8, 3, -4, 4, -3, 3, -8, -8, 0, -6, -8, -7, 3, -7, 0, 3, -8, -5, 1, 0, 0, -8, -6, 3, -8, -7, -2, 3, -8, 3, -8, 3, -5, -3, -3, -6, 2, -8, 1, 2, 1, 1, 2, -1, -8, 2, 1, -1, -3, -4, -7, -7, 1, 0]
 
0.8020544289729913: [2, 4, 1, -2, 2, -1, 4, 0, 4, 3, 1, 2, 1, 4, -5, -6, 4, 4, -3, -2, 1, -2, -6, -1, -7, 0, -8, -5, 2, -7, -3, -6, -3, -3, 4, 3, -1, -1, -1, -6, 0, 2, -6, -3, 2, -8, -3, 1, 0, 1, -1, 4, -3, -8, -3, 1, -2, 3, -7, -7, 4, -1, -6, -6, 4, -2, -4, -6, -4, -1, -8, -8, 1, -2, -7, -4, 1, -7, -7, 3, -3, 3, -4, 0, -2, 4, -8, 3, -3, -4, -1, -3, 0, 2, 2, -2, -2, -8, -8, 1, -8, 3, -2, 0, -7, -4, 1, 3, -3, -5, 0, -6, -4, 0, 4, 4, 3, -1, 3, 4, -8, 3, -3, -4, -6, -8, 4, -6]
 
3.5789587337820468: [2, 4, -4, -6, -5, -1, 4, -5, 0, -6, -4, 2, 1, -1, 2, -8, 3, -6, 4, -5, -7, -3, 2, -1, -7, 2, 0, -5, -7, -8, -3, -8, -4, -3, 3, -1, 1, -3, 0, -6, -5, 2, -6, -4, -8, -8, -7, 3, 3, 1, -4, 0, 0, -3, -6, 1, 0, -4, 2, -5, -3, -2, -8, -2, 0, 1, 1, -1, -1, 3, 3, -6, 3, 1, -8, -8, -7, -1, -1, 3, -8, -8, -7, -6, -8, -7, -2, -7, 0, -5, 4, -5, -2, 0, 0, -8, 3, 3, -8, 1, -8, 3, -8, 3, -8, -4, 0, -3, -3, -5, 0, -8, -6, 0, 4, 4, 1, -1, -6, 4, -8, 3, -3, 1, -6, -8, 4, -6]
 
0.6501680550039923: [-3, 4, -4, -6, 4, -1, -7, -5, 0, -6, -4, -2, 1, 4, 2, 0, -6, -6, 4, -5, -7, -3, 2, -1, -7, 2, 0, -5, -7, -8, -3, -8, -4, -3, 3, -1, 1, -3, 0, -6, -5, 2, -6, 2, -8, -8, -3, -7, 0, -8, 4, -7, 4, -8, -4, 3, -2, -2, -4, -7, -2, -3, -4, -6, -8, -2, -4, 3, 2, -1, -8, 4, 0, -4, -7, -4, 0, -7, -8, 3, -1, -6, -4, -3, -2, -1, -8, 3, -3, 3, 4, -3, -7, -4, 1, -8, 4, -4, -4, -5, -5, 4, 2, -1, -3, 3, 0, -7, -3, -5, -5, 4, -1, -1, 0, -7, -5, 0, 0, 3, -7, -4, -4, -7, 4, -2, 3, 3]
 
1.0549229148631527: [-4, -6, -6, -6, 0, -1, -2, 0, -4, -6, -4, 0, 1, -1, 2, -8, 2, -6, 4, 0, 1, -3, 2, -1, -7, 2, 0, -5, -4, 1, -3, -8, -4, -3, -5, -1, 1, -3, 0, -6, -5, 0, -6, -4, -1, -8, -8, -3, -8, 2, -3, -7, 4, -8, -4, 4, -2, 3, 0, -7, -2, -1, -3, -6, 4, -2, -4, -5, -7, -1, -5, 4, -2, 3, -1, -4, 3, -7, -6, 4, 3, -3, 0, 2, -7, 2, -8, -4, 1, -1, 4, -3, 0, 0, 0, -8, 3, -4, -8, 2, 0, 4, -8, 3, -7, -4, 0, -3, -3, -5, 0, -1, -1, 2, -4, 1, -6, -2, -8, -6, -2, -1, -3, 4, -7, -2, 4, -6]
 
0.877970195922: [-7, 4, -4, -6, 4, 2, -7, -5, 0, -6, -4, 2, 1, -1, -1, -8, -7, -6, 4, -5, -2, -3, 2, -1, -7, 2, -1, -5, -7, -8, -3, -7, -4, -3, -5, -1, 1, -8, -6, -8, -5, -5, -6, 2, -5, 0, -3, -7, 3, -2, -8, -7, 4, -8, -1, 1, -2, 3, -7, -7, 3, -5, -6, -6, 4, -2, -4, -5, 2, -1, -8, 4, 0, -4, -6, -4, 0, -7, -4, 3, -1, -6, -1, -8, -3, 4, -7, 3, -3, 0, 4, 0, 0, -4, 1, -8, -4, -4, -5, -2, -5, -8, 2, -6, -5, -6, 1, 2, 0, -5, -2, -1, -6, 1, 4, 4, 1, -1, -6, -3, -5, 3, -3, 1, -6, 2, 4, -8]
 
1.4211794267542937: [-3, 1, 0, -1, 2, -4, -3, -8, -5, -1, -1, -2, 3, 0, 3, 1, -6, -1, 4, -6, -1, -2, -7, -3, -3, -3, -7, 0, -2, -5, -5, -1, -3, 3, 1, -1, 1, -1, -1, 4, -6, 2, -6, 2, 2, 1, -3, -2, 0, -2, 4, 4, 0, -8, -3, 1, -2, 3, -7, -7, 4, -7, -1, -6, 4, -5, -4, -5, 3, -1, -8, 2, 3, -2, -7, -4, -8, -7, -6, 3, -5, -4, -4, -1, -4, 4, 2, -4, 0, -5, 4, -5, -2, 0, 0, -8, -8, 3, -8, 1, -6, -2, -8, 3, -8, -4, 0, -3, -3, -5, 0, -8, -6, 0, -8, 4, 1, -1, -4, -8, -8, 3, -3, -2, -6, -8, -4, 0]
 
2.1380459204345437: [2, -1, -2, -6, -5, -1, -2, -5, -3, -6, -4, 2, 1, -1, 2, -8, 3, -8, -6, -5, -4, -6, -6, -1, -7, 2, 0, -5, -4, -8, -3, 3, -4, -3, -5, -1, 1, -8, 0, -6, -5, 2, -6, 2, -5, 0, -3, -7, 2, -8, 4, -7, 4, -8, -1, 1, -2, 3, -7, -7, 3, -1, -6, -6, 4, -2, -4, -5, 3, -1, -8, 4, 0, 1, -6, -4, 0, -7, -4, 3, -1, -6, -4, -3, -3, 4, -8, 3, -3, 3, 4, -3, 0, -4, 1, -8, -4, -4, -5, -2, -5, -8, 2, -4, -5, 1, 0, -3, 3, -5, -2, -1, -6, 1, 4, 4, 1, -1, -6, 4, -8, 3, -3, -4, -6, -8, 4, -6]
 
0.6317152105420626: [2, 4, -4, -6, -5, -1, 4, -5, 0, -6, -4, 2, 1, -1, 2, -8, 3, -6, 4, -5, -7, -3, 2, -1, -7, 2, 0, -5, -7, -8, -3, -8, -4, -3, 3, -1, 1, -3, 0, -6, -5, 2, -6, -4, -8, -8, -7, 3, 3, 1, -4, 0, 0, -3, -6, 1, 0, -4, -1, -8, 3, -6, -1, -1, 1, -2, 1, -6, -3, -4, 3, -5, 1, -2, 3, -7, -5, 3, -1, 3, -4, -5, -5, 1, -2, 2, 4, -3, 3, 1, -6, -3, -4, -6, -2, -6, -4, -6, 0, -7, -8, 1, -2, 1, 4, -4, 2, -5, 2, -4, -3, -7, -6, -7, 2, 3, -3, -5, -5, -7, -3, -6, -2, -3, -5, 3, -1, 0]
 
3.6227932947355583: [2, 4, -4, -6, -5, -1, 4, -5, 0, -6, -4, 2, 1, -1, 2, -8, 3, -6, 4, -5, -7, -3, 2, -1, -7, 2, 0, -5, -7, -8, -3, -8, -4, -3, 3, -1, 1, -3, 0, -6, -5, 2, -6, -4, -8, -8, -8, -3, -8, 2, 4, -7, 4, -8, -4, 4, -2, 3, 0, -7, -2, -1, -3, -6, 4, -2, -4, -5, -7, -1, -8, 4, -2, 3, -1, -4, 3, -7, -6, -3, -1, -3, -4, 2, -7, 4, -8, -4, 1, -1, 4, -3, 0, 0, 0, -8, 3, 3, -8, 1, -5, 4, 1, -5, -3, 3, 0, -3, -3, -2, -5, -2, -6, 0, -1, 4, 1, -7, 1, 4, 1, 3, -3, 1, -6, -8, 4, -6]
 
0.702809061093365: [-7, 4, -4, -6, 4, -1, -2, -5, 0, -6, -4, 2, 1, -1, 2, -8, 3, -6, 4, -5, -7, -1, 2, -1, 2, 2, -2, 3, 2, -6, -6, -2, -3, 3, 3, -1, 1, -1, 4, -4, -6, 2, -6, -4, -8, -8, -7, 3, 3, 4, -4, 0, 0, 1, -8, 1, 0, -4, 2, -5, -5, -2, -8, -2, 0, 1, 1, -2, -1, -4, 3, -5, 3, 1, -8, 3, -4, -1, -3, 3, -1, -6, -4, -3, -2, 4, -8, 3, -3, 3, 4, -3, 0, -4, 1, -8, -4, -4, -8, -5, -8, 3, -8, 3, -8, -4, 0, -3, -3, -5, 0, -8, 1, 2, -4, 1, -6, -2, -8, -6, -2, -1, -3, 4, -7, -2, -4, 0]
 
1.0789119888644054: [-7, 4, -4, -6, 4, -1, -2, -5, 0, -6, -4, 2, 1, -1, 2, -8, 3, -6, 4, -5, -7, -3, 2, -1, -7, 2, 0, -5, -7, -8, -3, -8, -4, -3, 3, -1, 1, -3, 0, -6, -5, 2, -6, -4, -8, -8, -8, -3, -8, 2, 4, -7, 4, -8, -4, 4, -2, 3, 0, -7, -2, -1, -4, -6, 4, -2, -4, -5, 3, -1, -8, 4, 0, -4, -7, -4, 0, -7, -8, 3, -1, -6, -4, -3, -2, 4, -8, 3, -3, 3, 4, -3, 0, -4, 1, -8, -4, -4, -8, -5, -8, 3, -8, 3, -8, -4, 0, -3, -3, -5, 0, -8, 1, 2, -4, 1, -6, -2, -8, -6, -2, -1, -3, 4, -7, -2, -4, 0]
 
1.9916827818893603: [-7, 4, -4, -6, 4, -1, -2, -5, 0, -6, -4, 2, 1, -1, 2, -8, 3, -6, 4, -5, -7, -3, 2, -1, -7, 2, 0, -5, -7, -8, -3, 3, -4, -3, -5, -1, 1, -8, 0, -6, -5, 2, -6, 2, -5, 0, -3, -7, 2, -8, 4, -7, 4, -8, -1, 1, -2, 3, -7, -7, 3, -1, -6, -6, 4, -2, -4, -5, 3, -1, -8, 4, 0, 1, -6, -4, 0, -7, -4, 3, -1, -6, -4, -3, -3, 4, -8, 3, -3, 3, 4, -3, 0, -4, 1, -8, -4, -4, -5, -2, -5, -8, 2, -4, -5, 1, 0, -3, 3, -5, -2, -1, -6, 1, 4, 4, 1, -1, -6, 4, -8, 3, -3, -4, -6, -8, 4, -6]
 
0.68901875687: [-4, -6, -6, -2, 0, -1, 4, 0, 4, -6, -4, -2, 1, -1, 2, -2, 2, -6, 4, 0, 1, -4, 2, -1, -7, 2, 0, -5, -4, -1, -3, -8, -4, -3, -5, 3, 1, -3, 0, -8, -5, 0, 2, -4, -1, -8, -8, -3, -8, 2, -3, 1, 4, -8, -4, 1, -2, 3, -7, -7, -2, -1, -6, -6, 4, -2, -4, -5, 3, -1, -8, 4, 0, 1, -6, -4, 3, -7, -4, 3, -7, -6, -5, -7, -3, 4, -8, -5, -3, 3, -4, 4, 2, -4, 1, -8, -7, -4, -3, -2, -5, -8, 2, 2, -5, 3, 0, -4, 3, -3, 4, -1, -6, 1, 4, 4, 1, -3, -6, 4, -8, 3, -3, -4, -6, -8, 4, -1]
 
0.8693146567007257: [-7, 4, 1, 2, 2, 2, -1, -8, -6, 1, -4, -8, -6, 3, -1, 4, 0, 3, -1, 1, 4, -5, -4, -6, 2, 4, -2, 3, 2, -6, -6, -6, 1, -3, 3, 4, 1, -1, 3, -6, -6, 2, -6, 2, 2, 1, -3, -2, 0, -1, 4, 3, 4, -8, -3, 1, 0, 3, -2, -7, 2, 3, -1, -5, -3, -2, -1, -7, 3, -3, -4, 4, 3, -2, -3, -4, 0, -7, -1, -3, -4, -3, -4, -2, -2, 4, -8, 3, -3, -4, 4, -3, 0, -1, 0, -8, 3, 2, -8, -6, -5, 4, 2, -5, -3, 3, 1, -3, -3, -5, -5, 4, -3, -1, 4, 4, 1, -1, -6, 4, -8, 3, 0, -2, -1, 4, -8, -8]
 
2.37277282177: [2, 3, -4, 1, 2, -3, -8, 1, -7, -6, -6, 2, -2, -8, -2, -6, -2, 0, 4, -2, -5, -1, 2, -1, 0, -3, -8, -4, -5, -2, -7, 4, -4, -3, -5, -1, 1, -3, 0, -6, -5, 0, -6, -4, -1, -8, -8, -3, -8, 2, -3, -7, 4, -8, -4, 4, -2, 3, 0, -7, -2, -1, -3, -6, 4, -2, -4, -5, -7, -1, -5, 4, -2, 3, -1, -4, 3, -7, -6, 4, 3, -3, 0, 2, -7, 2, -8, -4, 1, -1, 4, -3, 0, -4, 1, -8, -4, -4, -8, 1, -8, 3, -8, 3, -8, -4, 0, -3, -3, -5, 0, -8, 1, 2, -4, 1, -6, -2, -8, -6, -2, -1, -3, 4, -7, -2, -4, 0]
 
1.96737636841: [-4, -6, -6, -7, 0, -1, 4, 0, -4, -6, -8, 4, 1, -1, 3, -8, 2, -5, 4, 0, 1, -3, -5, 4, -7, 2, 0, -1, -4, 1, -3, -8, 1, -8, 4, 3, -1, -5, 2, 4, 1, -5, -4, -8, 4, -4, -6, -6, -5, 2, 0, 0, -3, -3, 2, -5, -3, -1, -1, 1, 0, -3, -7, -7, 0, -1, -7, -5, -2, -1, -1, -7, -3, 2, -2, -5, 4, -6, -6, 0, 0, -1, -2, 4, -8, -4, -3, -1, 2, -8, -4, 1, 4, -8, -4, -8, -7, -1, -7, -5, -7, 0, -7, 0, -2, 1, 1, -2, -3, 0, 1, -7, 4, 2, 4, -6, -5, 0, 1, -4, -6, 1, 0, 1, -3, 1, 1, 4]
 
1.59928482008: [2, -1, -2, -6, -5, -1, -2, -5, -3, -6, -4, 2, 1, -1, 2, -8, 3, -8, -6, -5, -4, -6, -6, -1, -7, 2, 0, -5, -4, -8, -3, -8, -4, -3, 3, -1, 1, -3, 0, -6, -5, 0, 0, -4, -8, -8, -8, 3, -8, 2, 4, -7, 4, -5, -4, 4, -2, 3, 0, -7, -2, -1, -3, -6, 4, -2, 0, -5, -7, 0, -8, 0, -2, -6, 1, -4, 3, -7, -6, -3, -1, -3, -8, 0, -2, 4, -8, 3, 3, -4, -1, -5, -2, 0, 0, -8, 3, 3, -4, 1, -8, 3, -8, 3, -5, -4, 1, 3, -3, -5, 0, -6, -4, 0, 4, 4, 3, -1, 3, -3, -5, 3, -3, 1, -6, 2, 4, -6]
 
0.569916066383: [-3, 4, -4, -6, 4, -1, -7, -5, 0, -6, -4, -2, 1, 4, 2, 0, -6, -6, 4, -5, 1, -7, 2, -1, -4, 2, 0, -5, -7, -8, -3, 3, -4, -3, -5, -1, 1, -8, 0, -6, -5, 2, -6, 2, -5, 0, -3, -7, 2, -8, 4, -7, 4, -8, -1, 1, -2, 3, -7, -7, 3, -1, -6, -6, 4, -2, -4, -5, 3, -1, -8, 4, 0, 1, -6, -4, 0, -7, -4, 3, -1, -6, -4, -3, -3, 4, -8, 3, -3, 3, 4, -3, 0, -4, 1, -8, -4, -4, -5, -2, -5, -8, 2, -4, -5, 1, 0, -3, 3, -5, -2, -1, -6, 1, 4, 4, 1, -1, -6, 4, -8, 3, -3, -4, -6, -8, 4, -6]
 
0.842557579174: [-3, 4, -4, -6, 2, -1, 4, -5, -7, 3, -8, 2, 1, -8, 0, -6, -2, -6, -6, -2, 1, -7, 2, -1, -7, 2, -2, -5, 2, -6, -3, -6, -3, -3, 3, -1, 1, -1, -1, -6, -6, 2, -6, 2, 2, -8, -3, -2, 0, 0, 4, 4, 4, -8, -3, 1, -2, 3, -7, -7, 4, -1, -1, -6, 4, -2, -4, -5, 3, -1, -8, 4, 0, 1, -6, -4, 0, -7, -4, 3, -1, -6, -4, -3, -3, 4, -8, 3, -3, 3, 4, -3, 0, -4, 1, -8, -4, -4, -5, -2, -5, -8, 2, -4, -5, 1, 0, -3, 3, -5, -2, -1, -6, 1, 4, 4, 1, -1, -6, 4, -8, 3, -3, -4, -6, -8, 4, -6]
 
0.907920388078: [2, -1, -2, -6, -5, -1, -2, -5, -3, -6, -4, 2, 1, -1, 2, -8, 3, -8, -6, -5, -4, -6, -6, -1, -7, 2, 0, -5, -4, -8, -3, 3, -4, -3, -5, -1, 1, -8, 0, -6, -5, 2, -6, 2, -5, 0, -3, -7, 2, -8, 4, -7, 4, -8, -1, 1, -2, 3, -7, -7, 3, -1, -6, -6, 4, -2, -4, -5, 3, -1, -8, 4, 0, -2, -7, -4, -8, -7, -6, 3, -1, -3, -4, 2, -7, 4, 2, -7, 0, -5, 4, -5, -2, 0, 0, -8, 3, 3, -8, 1, -8, 3, -8, 3, -8, -4, 0, -3, -3, -5, 0, -8, -6, 0, 4, 4, 1, -1, -6, 4, -8, 3, -3, 1, -6, -8, -4, 0]
 
1.08032101986: [2, -1, -2, -6, -5, -1, -2, -5, -3, -6, -4, 2, 1, -1, 2, -8, 3, -8, -6, -5, -4, -6, -6, -1, -7, 2, 0, -5, -4, -8, -3, 3, -4, -3, -5, -1, 1, -8, 0, -6, -5, 2, -6, 2, -5, 0, -3, -7, 2, -8, 4, -7, 4, -8, -1, 1, -2, 3, -7, -7, 3, -1, -6, -6, 4, -2, -4, -5, 3, -1, -8, 4, 0, -2, -7, -4, -8, -7, -6, 3, -1, -3, -4, 2, -7, 4, 2, -7, 0, -5, 4, -5, -2, 0, 0, -8, 3, 3, -8, 1, -8, 3, -8, 3, -5, -4, 1, 3, -3, -5, 0, -6, -4, 0, 4, 4, 3, -1, 3, -3, -5, 3, -3, 1, -6, 2, 4, -6]
 
2.85857864345: [2, -1, -2, -6, -5, -1, -2, -5, -3, -6, -4, 2, 1, -1, 2, -8, 3, -8, -6, -5, -4, -6, -6, -1, -7, 2, 0, -5, -4, -8, -3, -8, -4, -3, 3, -1, 1, -3, 0, -6, -5, 0, 0, -4, -8, -8, -8, 3, -8, 2, 4, -7, 4, -5, -4, 4, -2, 3, 0, -7, -2, -1, -3, -6, 4, -2, 0, -5, -7, 0, -8, 0, -2, -6, 1, -4, 3, -7, -6, -3, -1, -3, -8, 0, -2, 4, -8, 3, 3, -4, -1, -5, -2, 0, 0, -8, 3, 3, -4, 1, -8, 3, -8, 3, -8, -4, 0, -3, -3, -5, 0, -8, -6, 0, 4, 4, 1, -1, -6, 4, -8, 3, -3, 1, -6, -8, -4, 0]
 
0.66060496903: [2, -1, -2, -6, 1, -1, -2, -5, -3, -6, -4, 4, 1, 2, 2, 4, 3, -8, -6, -5, -4, 1, 4, -1, -7, 2, 0, -5, 3, -8, -3, 3, -4, -3, -5, -6, 1, -8, 1, -1, 4, 2, 0, 2, -5, 0, -3, 0, 2, -8, -1, 2, 4, -8, -1, 1, -2, 3, -7, -7, 3, -1, -3, -6, 4, -2, -4, -5, 3, -1, -6, -3, 0, 1, -6, -4, 0, 4, -4, -1, 3, 3, -4, -3, -3, -6, -8, -2, -3, 3, -5, -1, 0, -3, 1, -8, -4, -4, -5, -2, -5, -8, 2, -4, -5, 1, 4, -3, 3, -5, -2, 1, -6, 4, 4, 4, 1, -4, 1, 4, -8, 3, -3, -4, -6, 2, 4, -6]
 
1.44823323021: [-7, 4, -4, -6, 4, -1, -2, -5, 0, -6, -1, -6, 1, -1, -8, 4, 3, 3, 4, -5, -7, -3, -3, -8, -4, 2, 0, -5, -7, -8, -3, 3, -4, -3, -5, -1, -3, -8, 0, -6, -1, 2, -6, 2, -5, 0, 4, 3, 2, -8, -7, -1, 4, -7, -1, 1, -2, 3, -7, -7, 3, -1, -6, -2, 4, -2, -4, -5, 1, -1, -8, 4, 0, 1, -6, 1, 0, -7, -4, 3, -5, -6, -3, -3, -5, 4, -8, 3, -3, 3, 4, -3, 0, -4, 1, 4, -4, -2, -7, -2, -8, -8, 2, -4, -5, 1, 0, -3, -8, -5, -2, -1, -3, 1, 4, -7, 1, -1, 3, -3, 4, 3, -3, 2, -6, -8, 4, -6]
 
0.861086856758: [-3, 4, -4, -6, 4, -1, -7, -5, 0, -6, -4, -2, 1, 4, 2, 0, -6, -6, 4, -5, -7, -3, 2, -1, -7, 2, 0, -5, -7, -8, -3, -8, -4, -3, 3, -1, 1, 1, 1, -4, -1, 2, -6, -5, 0, -8, 4, 3, 3, 1, 0, 0, 0, 1, -8, 1, 0, -4, -3, -5, -5, -2, -8, -2, 0, 1, 1, -2, -1, -4, 3, -5, 3, 4, -8, 3, -2, -1, -3, 3, -8, -8, -7, -6, 3, -7, -2, -7, 4, 3, 0, -5, 1, 0, -7, -8, 3, 0, -8, 1, -5, -8, 2, -5, -1, 3, 0, -3, -3, -5, -5, 4, -6, 1, 4, 4, 1, -1, 4, -8, -8, 3, 0, -2, 1, -5, -8, -3]
 
1.59153146692: [-8, -1, -4, 3, 0, -1, -2, -8, 0, 3, -4, 2, 1, 3, 2, -8, -1, 0, 1, -5, -7, -3, -4, -7, 2, -4, -7, 2, 2, -6, -6, -2, -3, -1, 3, -1, 1, -3, -7, -6, -5, 2, -6, 2, -8, -8, -3, 3, 0, 1, 4, -7, 4, 4, -4, 4, -2, -5, -7, -7, -8, -1, -3, -6, 4, -6, -4, -5, -7, -8, 4, 4, -2, 3, -1, -7, 3, -7, -6, -3, -1, -3, -2, -4, -8, -7, 0, -1, -3, 3, -4, 1, 4, -8, -4, -8, -6, -4, -8, -5, -7, 0, 0, 0, -2, 0, -2, -2, -3, -6, -2, -3, 4, -5, -2, -6, 1, -1, -6, -7, -8, 3, -3, 1, -6, -8, -3, -6]
 
0.434415259822: [-7, 4, -4, -6, 0, -1, -2, -5, 0, 3, -4, 1, 4, -1, -3, -8, 2, -6, 4, -5, -7, -2, 2, 4, 2, 2, -4, -4, 2, -6, -6, -2, -3, 3, 3, -1, -7, -7, 4, -4, -6, 2, -6, -4, -8, -7, -7, 3, 3, 4, -4, 0, 0, 1, -1, 1, 0, -4, 2, -5, -5, -2, -3, -5, 0, 1, 1, -2, -1, -4, -3, -5, 3, 1, -8, 3, -4, -7, -6, 3, -1, -3, -4, 2, -7, -6, 2, -8, 0, -5, 4, -5, 4, 0, 0, -8, 3, 3, -8, -6, -8, 3, -8, -8, -5, -4, 1, -6, -3, -6, 0, -6, -4, 0, 4, 4, 3, -2, 3, -3, -5, 3, -4, 1, -6, 2, -2, -6]
 
2.49640518393: [2, -1, -2, -6, -5, -1, -2, -5, -3, -6, -4, 2, 1, -1, 2, -8, 3, -8, -6, -5, -4, -6, -6, -1, -7, 2, 0, -5, -4, -8, -3, 3, -4, -3, -5, -1, 1, -8, 0, -6, -5, 2, -6, 2, -5, 0, -3, -7, 2, -8, 4, -7, 4, -8, -1, 1, -2, 3, -7, -7, 3, -1, -6, -6, 4, -2, -4, -5, 3, -1, -8, 4, 0, -2, -7, -4, -8, -1, -3, 3, -1, -6, -4, -3, -2, 4, -8, 3, -3, 3, 4, -3, 0, -4, 1, -8, -4, -4, -8, -5, -8, 3, -8, 3, -8, -4, 0, -3, -3, -5, 0, -8, 1, 2, -4, 1, -6, -2, -8, -6, -2, -1, -3, 4, -7, -2, -4, 0]
 
1.01058533646: [-3, 1, 0, -1, 2, -4, -3, -8, -5, -1, -1, -2, 3, 0, 3, 1, -6, -1, 4, -6, -1, -2, -7, -3, -3, -3, -7, 0, -2, -5, -5, -1, -3, 3, 1, -1, 1, -1, -1, 4, -6, 2, -6, 2, 2, 1, -3, -2, 0, -2, 4, 4, 0, -8, -3, 1, -2, 3, -7, -7, 4, -7, -1, -6, 4, -5, -4, -5, 3, -1, -8, 2, 3, -2, -7, -4, -8, -7, -6, 3, -5, -4, -7, -6, 3, -7, -2, -7, 4, 3, 0, -5, 1, 0, -7, -8, 3, 0, -8, 1, -5, -8, 2, -5, -1, 3, 0, -3, -3, -5, -5, 4, -6, 1, 4, 4, 1, -1, 4, -8, -8, 3, 0, -2, 1, -5, -8, -3]
 
1.13068670013: [-3, 4, -4, -6, 4, -1, -7, -5, 0, -6, -4, -2, 1, 4, 2, 0, -6, -6, 4, -5, -7, -3, 2, -1, -7, 2, 0, -5, -7, -8, -3, -8, -4, -3, 3, -1, 1, 1, 1, -4, -1, 2, -6, -5, 0, -8, 4, 3, 3, 1, 0, 0, 0, 1, -8, 1, 0, -4, -3, -5, -5, -2, -8, -2, 0, 1, 1, -2, -1, -4, 3, -5, 3, 4, -8, 3, -2, -1, -3, 3, -8, -8, -4, -1, -4, 4, 2, -4, 0, -5, 4, -5, -2, 0, 0, -8, -8, 3, -8, 1, -6, -2, -8, 3, -8, -4, 0, -3, -3, -5, 0, -8, -6, 0, -8, 4, 1, -1, -4, -8, -8, 3, -3, -2, -6, -8, -4, 0]
 
0.810025953768: [-7, 4, -4, -6, 4, -1, -2, -5, 0, -6, -4, 2, 1, -1, 2, -8, 3, -6, 4, -5, -7, -3, 2, -1, -7, 2, 0, -5, -7, -8, -3, -8, -4, -3, 3, -1, 1, -1, -1, 4, -6, 2, -6, 2, 2, 1, -3, -2, 0, -2, 4, 4, 0, -8, -3, 1, -2, 3, -7, -7, 4, -7, -1, -6, 4, -5, -4, -5, 3, -1, -8, 2, 3, -2, -7, -4, -8, -7, -6, 3, -5, -4, -7, -6, 3, -7, -2, -7, 4, 3, 0, -5, 1, 0, -7, -8, 3, 0, -8, 1, -5, -8, 2, -5, -1, 3, 0, -3, -3, -5, -5, 4, -6, 1, 4, 4, 1, -1, 4, -8, -8, 3, 0, -2, 1, -5, -8, -3]
 
1.63209587013: [-3, 1, 0, -1, 2, -4, -3, -8, -5, -1, -1, -2, 3, 0, 3, 1, -6, -1, 4, -6, -1, -2, -7, -3, -3, -3, -7, 0, -2, -5, -5, -1, -3, 3, 1, -1, 1, -3, 0, -6, -5, 2, -6, -4, -8, -8, -8, -3, -8, 2, 4, -7, 4, -8, -4, 4, -2, 3, 0, -7, -2, -1, -4, -6, 4, -2, -4, -5, 3, -1, -8, 4, 0, -4, -7, -4, 0, -7, -8, 3, -1, -6, -4, -3, -2, 4, -8, 3, -3, 3, 4, -3, 0, -4, 1, -8, -4, -4, -8, -5, -8, 3, -8, 3, -8, -4, 0, -3, -3, -5, 0, -8, 1, 2, -4, 1, -6, -2, -8, -6, -2, -1, -3, 4, -7, -2, -4, 0]
 
1.54160674996: [-7, 4, -4, -8, -6, -1, -2, -5, -2, -6, -6, 2, 2, -1, 2, 0, 3, -6, 4, -5, -7, -7, 2, -6, 2, -8, -2, 3, 2, -3, -6, -6, -3, 3, 3, -1, 1, -1, 4, -4, -6, 2, -6, -4, 1, -6, -7, 3, 3, 4, -4, 0, 0, 1, 0, 1, 0, -4, -7, -5, -5, -2, -6, -2, 0, -1, 1, -2, -1, -4, -5, -5, 3, 1, -8, 3, -4, 4, -3, 3, -8, -8, 0, -6, -8, -7, 3, -7, 0, 3, -8, -5, 1, 0, 0, -8, -6, 3, -8, -7, -2, 3, -8, 3, -8, 3, -5, -3, -3, -5, 0, -6, -4, 0, 4, 4, 3, -1, 3, -3, -5, 3, -3, 1, -6, 2, 4, -6]
 
1.24019676862: [-7, 4, -4, -6, 4, -1, -2, -5, 0, -6, -4, 2, 1, -1, 2, -8, 3, -6, 4, -5, -7, -1, 2, -1, 2, 2, -2, 3, 2, -6, -6, -2, -3, 3, 3, -1, 1, -1, 4, -4, -6, 2, -6, -4, -8, -8, -7, 3, 3, 4, -4, 0, 0, 1, -8, 1, 0, -4, 2, -5, -5, -2, -8, -2, 0, 1, 1, -2, -1, -4, 3, -5, 3, 1, -8, 3, -4, -7, -6, 3, -1, -3, -4, 2, -7, 4, 2, -7, 0, -5, 4, -5, -2, 0, 0, -8, 3, 3, -8, 1, -8, 3, -8, 3, -5, -4, 1, 3, -3, -6, 2, -8, 1, 2, 1, 1, 2, -1, -8, 2, 1, -1, -3, -4, -7, -7, 1, 0]
 
2.77551347095: [2, 1, -2, -6, -5, -1, -2, -5, 0, -6, -4, 2, 1, -1, 2, -8, -1, -3, -6, 4, -4, -6, -6, 0, -7, 2, 0, -5, -6, -8, -3, -8, -4, -3, -6, -6, 1, -8, 0, -6, -5, -6, -6, 3, -5, 0, -3, -7, 2, -8, 4, -7, 4, -1, -1, -3, 1, -4, -3, -5, -5, -3, -8, 1, 0, -7, 3, -2, -1, -4, 0, -5, 3, 4, -8, 3, -2, -1, -1, 3, -8, -8, -7, -6, 3, -7, -2, -7, 4, 3, 0, -5, 1, 0, -7, -8, -8, 0, -8, 1, 2, -8, 2, -5, -2, 3, 0, -3, -3, -6, -5, 4, -6, 1, 4, 4, 4, -1, -6, -8, 3, 3, -5, -2, 1, -5, 4, -3]
 
1.5553155658: [-3, 4, -4, -6, 4, -1, -7, -5, 0, -6, -4, -2, 1, 4, 2, 0, -6, -6, 4, -5, -7, -3, 2, -1, -7, 2, 0, -5, -7, -8, -3, -8, -4, -3, 3, -1, 1, 1, 1, -4, -1, 2, -6, -5, 0, -8, 4, 3, 3, 1, 0, 0, 0, 1, -8, 1, -2, 3, -7, -7, 3, -1, -6, -6, 4, -2, -4, -5, 3, -1, -8, 4, 0, -2, -7, -4, -8, -7, -6, 3, -1, -3, -4, 2, -7, 4, 2, -7, 0, -5, 4, -5, -2, 0, 0, -8, 3, 3, -8, 1, -8, 3, -8, 3, -8, -4, 0, -3, -3, -5, 0, -8, -6, 0, 4, 4, 1, -1, -6, 4, -8, 3, -3, 1, -6, -8, -4, 0]
 
1.25319836127: [-4, -6, -6, -6, 0, -1, -2, 0, -4, -6, -4, 0, 1, -1, 2, -8, 2, -6, 4, 0, 1, -3, 2, -1, -7, 2, 0, -5, -4, 1, -3, -8, -4, -3, -5, -1, 1, -3, 0, -6, -5, 0, -6, -4, -1, -8, -8, -3, -8, 2, -3, -7, 4, -8, -4, 4, -2, 3, 0, -7, -2, -1, -3, -6, 4, -2, -4, -5, -7, -1, -5, 4, -2, 3, -1, -4, 3, -7, -6, 4, 3, -3, 0, 2, -7, 2, -8, -4, 1, -1, 4, -3, 0, -4, 1, -8, -4, -4, -5, -2, -5, -8, 2, -4, -5, 1, 0, -3, 3, -5, -2, -1, -6, 1, 4, 4, 1, -1, -6, 4, -8, 3, -3, -4, -6, -8, 4, -6]
 
2.64753041146: [2, -1, -2, -6, -5, -1, -2, -5, -3, -6, -4, 2, 1, -1, 2, -8, 3, -8, -6, -5, -4, -6, -6, -1, -7, 2, 0, -5, -4, -8, -3, 3, -4, -3, -5, -1, 1, -8, 0, -6, -5, 2, -6, 2, -5, 0, -3, -7, 2, -8, 4, -7, 4, -8, -1, 1, -2, 3, -7, -7, 3, -1, -6, -6, 4, -2, -4, -5, 3, -1, -8, 4, 0, 1, -6, -4, 0, -7, -4, 3, -1, -6, -4, -3, -3, 4, -8, 3, -3, 3, 4, -3, 0, -4, 1, -8, -4, -4, -8, 1, -8, 3, -8, 3, -8, -4, 0, -3, -3, -5, 0, -8, 1, 2, -4, 1, -6, -2, -8, -6, -2, -1, -3, 4, -7, -2, -4, 0]
 
2.67968337449: [-7, 4, -4, -6, 4, -1, -2, -5, 0, -6, -4, 2, 1, -1, 2, -8, 3, -6, 4, -5, -7, -3, 2, -1, -7, 2, 0, -5, -7, -8, -3, -8, -4, -3, 3, -1, 1, -3, 0, -6, -5, 2, -6, -4, -8, -8, -8, -3, -8, 2, 4, -7, 4, -8, -4, 4, -2, 3, 0, -7, -2, -1, -3, -6, 4, -2, -4, -5, -7, -1, -8, 4, -2, 3, -1, -4, 3, -7, -6, -3, -1, -3, -4, 2, -3, 4, -8, 3, -3, 3, 4, -3, 0, -4, 1, -8, -4, -4, -5, -2, -5, -8, 2, -4, -5, 1, 0, -3, 3, -5, -2, -1, -6, 1, 4, 4, 1, -1, -6, -3, -5, 3, -3, 1, -6, 2, 4, -6]
 
0.984210576485: [-7, 4, -4, -6, 4, -1, -2, -5, 0, -6, -4, 2, 1, -1, 2, -8, 3, -6, 4, -5, -7, -3, 2, -1, -7, 2, 0, -5, -7, -8, -3, 3, -4, -3, -5, -1, 1, -8, 0, -6, -5, 2, -6, 2, -5, 0, -3, -7, 2, -8, 4, -7, 4, -8, -1, 1, -2, 3, -7, -7, 3, -1, -6, -6, 4, -2, -4, -5, 3, -1, -8, 4, 0, 1, -6, -4, 0, -7, -4, 3, -1, -6, -4, -3, -7, 4, -8, -4, 1, -1, 4, -3, 0, 0, 0, -8, 3, 3, -8, 1, -8, 3, -8, 3, -8, -4, 0, -3, -3, -5, 0, -8, 1, 2, -4, 1, -6, -2, -8, -6, -2, -1, -3, 4, -7, -2, -4, 0]
 
0.504457669313: [-3, 4, -4, -6, 4, -1, -7, -5, 0, -6, -4, -2, 1, 4, 2, 0, -6, -6, 4, -5, -7, -3, 2, -1, -7, 2, 0, -5, -7, -8, -3, -8, -4, -3, 3, -1, 1, 1, 1, -4, -1, 2, -6, -5, 0, -8, 4, 3, 3, 1, 0, 0, 0, 1, -8, 1, 0, -4, -3, -5, -5, -2, -8, -2, 0, 1, 1, -2, -1, -4, 3, -5, 3, 4, -8, 3, -2, -1, -3, 3, -8, -8, -7, -6, 3, -7, -2, -7, 4, 3, 0, -5, 1, 0, -7, -8, 3, 0, -8, 1, -5, -8, 2, -5, -1, 3, 0, -3, -3, -5, -5, 4, -6, 1, 4, 4, 1, -1, 4, -8, -8, 3, 0, -2, 1, -5, -8, -3]
 
0.986948148024: [-3, 4, -4, -6, 4, -1, -7, -5, 0, -6, -4, -2, 1, 4, 2, 0, -6, -6, 4, -5, -7, -3, 2, -1, -7, 2, 0, -5, -7, -8, -3, -8, -4, -3, 3, -1, 1, 1, 1, -4, -1, 2, -6, -5, 0, -8, 4, 3, 3, 1, 0, 0, 0, 1, -8, 1, 0, -4, -3, -5, -5, -2, -8, -2, 0, 1, 1, -2, -1, -4, 3, -5, 3, 4, -8, 3, -2, -1, -3, 3, -8, -8, -4, -1, -4, 4, 2, -4, 0, -5, 4, -5, -2, 0, 0, -8, -8, 3, -8, 1, -6, -2, -8, 3, -8, -4, 0, -3, -3, -5, 0, -8, -6, 0, -8, 4, 1, -1, -4, -8, -8, 3, -3, -2, -6, -8, -4, 0]
 
1.49095511279: [-3, -3, -4, -6, 2, -6, 4, -5, -6, 3, -8, -7, 1, -2, 0, 3, -2, -6, -6, -2, 1, -7, 2, -3, -7, 2, -2, -5, 2, -6, -3, -6, -3, 0, 3, -1, 1, -1, -1, -6, -6, 2, -6, 2, -4, -8, 0, -8, 0, 0, 4, 4, -6, -4, -3, -2, -2, -6, 1, -7, 4, 0, -1, -6, 3, -2, -4, -5, 3, -1, -2, 4, 0, -8, 4, -4, -8, 2, -6, -3, -1, -3, -8, 0, -2, 4, -6, 3, 3, 4, -1, -2, -8, 2, 0, -8, 3, 3, -4, 1, -8, 3, -8, 3, -5, -4, -2, 3, -3, -5, 0, -6, -4, 0, 4, 4, 3, -1, 4, -3, -1, 3, 3, -8, -6, 2, 4, -6]
 
2.68808017934: [-3, 4, -4, -6, 4, -1, -7, -5, 0, -6, -4, -2, 1, 4, 2, 0, -6, -6, 4, -5, 1, -7, 2, -1, -4, 2, 0, -5, -7, -8, -3, -8, -4, -3, 3, -1, 1, -3, 0, -6, -5, 0, 0, -4, -8, -8, -8, 3, -8, 2, 4, -7, 4, -5, -4, 4, -2, 3, 0, -7, -2, -1, -3, -6, 4, -2, 0, -5, -7, 0, -8, 0, -2, -6, 1, -4, 3, -7, -6, 3, -1, -3, -4, 2, -7, 4, 2, -7, 0, -5, 4, -5, -2, 0, 0, -8, 3, 3, -8, 1, -8, 3, -8, 3, -8, -4, 0, -3, -3, -5, 0, -8, -6, 0, 4, 4, 1, -1, -6, 4, -8, 3, -3, 1, -6, -8, -4, 0]
 
1.04901129767: [2, 3, -4, 1, 2, -3, -8, 1, -7, -6, -6, 2, -2, -8, -2, -6, -2, 0, 4, -2, -5, -1, 2, -1, 0, -3, -8, -4, -5, -2, -7, 4, 1, 0, 4, 3, -1, -1, 2, 4, 1, 2, -6, 2, -5, 0, -3, -7, 2, -8, 4, -7, 4, -8, -1, 1, -2, 3, -7, -7, 3, -1, -6, -6, 4, -2, -4, -5, 3, -1, -8, 4, 0, 1, -6, -4, 0, -7, -4, 3, -1, -6, -4, -3, -3, 4, -8, 3, -3, 3, 4, -3, 0, -4, 1, -8, -4, -4, -5, -2, -5, -8, 2, -4, -5, 1, 0, -3, 3, -5, -2, -1, -6, 1, 4, 4, 1, -1, -6, 4, -8, 3, -3, -4, -6, 2, 4, -6]
 
0.818176486838: [2, -1, -2, -6, -5, -1, -2, -5, -3, -6, -4, 2, 1, -1, 2, -8, 3, -8, -6, -5, -4, -6, -6, -1, -7, 2, 0, -5, -4, -8, -3, 3, -4, -3, -5, -1, 1, -8, 0, -6, -5, 4, -5, -8, 4, -4, -6, 3, -5, 2, 0, 0, -3, -3, 2, -5, -3, -1, -1, 1, -7, 2, -7, -2, 1, -1, -4, -5, -2, 3, -1, -6, -3, 2, -2, -5, 4, -6, -6, 2, -1, -3, -2, 4, -8, -4, -3, -1, 2, -8, -4, 1, 4, -8, -4, -8, -7, -6, -7, -5, -7, 0, -7, 0, -2, 4, 1, -2, -3, 0, -2, 2, 4, 2, 4, -6, -5, 0, -3, -4, 2, 1, 0, 1, 4, 1, 0, 4]
 
