2.4501182815162825: [1, -4, 0, -8, -7, -4, 3, -6, 3, 2, -5, -8, -2, 2, -4, -4, 3, 4, -2, -8, -8, -3, 2, -2, -7, -8, 2, -5, 2, 1, 0, -1, -3, -5, -1, 1, 4, -2, -3, -7, -6, -7, -4, 4, -6, 3, -2, -8, -1, -8, -5, -6, 2, -5, 4, -6, 3, -6, -8, 2, -7, 0, -1, 3, -6, 3, 3, 2, -8, 1, 4, 3, -4, 3, 0, 3, -1, 3, 3, 3, -8, -8, 0, -6, -8, -7, -2, -7, 2, -5, 4, 4, 0, 2, -6, -8, -6, 3, 2, 1, 4, 3, -8, 3, -2, -4, 0, 3, 1, -5, 0, -8, -6, 0, 4, 4, 0, -4, -8, 4, -6, 2, -3, 1, -6, -8, -4, -8]
 
2.602607234962623: [-1, -7, -4, 0, -5, 0, -3, 2, -3, -8, -7, 3, -2, 1, 0, -1, -8, 0, -8, -2, 3, -8, 3, -7, -3, -3, -5, -4, -3, -3, 0, 4, -5, -8, -2, 0, -3, -3, -1, 2, 3, 0, -1, -2, 1, -8, -3, 4, -5, -7, -8, 2, -7, 4, -3, 4, -2, -4, 2, -1, -6, 2, -6, -8, -4, 3, -1, 1, -7, -1, -5, -2, -6, 0, -5, -2, -3, -4, -4, 2, 3, -3, -4, 2, -7, -4, -8, 4, -8, -3, 4, -3, 1, 0, 0, -8, 3, 3, -8, 3, -8, -7, -6, 0, 0, -2, -8, 1, -8, 2, 1, 0, 3, 0, 3, 3, -4, 2, -5, -7, -3, -6, -2, -3, -5, -3, 4, -3]
 
1.0529598148231463: [-4, 0, -6, -5, -4, 0, -2, -3, -7, 4, -1, 0, 3, 4, 0, 0, 0, -5, -3, -3, 1, -6, -3, -4, 1, 1, 4, -5, -5, -3, -3, -1, -8, -4, 0, -7, -4, 0, -8, -1, 3, 2, 3, -4, -1, -4, -2, -3, -5, 4, -1, -5, -2, -8, -2, -3, -4, -6, -7, 2, 1, 3, 1, -1, -6, 1, -4, -3, 0, -5, -6, 1, 1, -2, 0, 4, -5, -3, 0, 2, -7, 4, -2, -4, -7, 0, 2, 4, 1, -2, 2, -1, -1, -7, 1, -5, -1, -8, -7, -5, 2, -3, -3, -1, -1, -1, -6, 1, -5, 3, -1, -1, 2, -5, 0, -2, 3, -1, -1, -4, -4, 4, -5, -2, 0, -8, -5, -4]
 
2.520034071751051: [-7, 4, -4, -6, 4, -3, -2, 4, 4, -6, -5, 1, -7, -5, 1, 4, -8, -2, 1, -6, -6, -3, -4, -2, -7, -3, -4, 2, 2, -6, -6, -5, -2, -5, -8, -1, 1, -3, 4, -6, -5, 2, -6, 2, -8, -2, -2, 3, -3, -8, -5, -6, 2, -5, 4, -1, 1, -7, 2, -6, -1, 3, -5, -5, -7, -2, -6, 4, 4, 2, 4, -3, -4, 0, -5, 1, -3, -4, -4, 2, -2, -4, 0, 4, 0, 1, -1, 4, -4, -5, -6, -2, -2, -5, 4, -5, -1, -5, -8, 1, -3, -5, -4, -8, -7, -4, 0, -2, 2, -2, 2, -8, -6, -5, -7, 1, -5, -4, -5, 4, -7, -1, -5, 2, -1, 4, -2, -3]
 
1.978208792428178: [-2, 2, -4, -8, -2, 2, -7, 4, -3, -7, -8, 1, -3, 4, -3, 0, -7, 1, -8, 3, -7, -6, -6, -6, 2, 4, 2, -5, 2, 0, 0, -1, 1, -5, 0, -1, -4, -5, -3, -5, -6, 0, -6, -5, -6, -2, -2, -2, -3, -8, -5, -6, 2, -5, 4, -6, -3, 3, -8, -7, -5, 0, 4, -6, 4, -2, -3, -5, -7, -1, -8, 4, -8, 3, -1, -4, 4, -7, 1, -3, -1, -3, -2, -2, -8, -4, -3, -1, 4, 3, -4, 1, 4, -8, -6, 2, -6, -4, -8, -5, 3, 0, 0, 0, 0, -2, -8, 0, -8, 2, 1, 0, -2, 0, 3, 4, -4, 2, -5, -7, -3, -6, -2, -3, -5, -3, 4, -3]
 
1.2948760422511505: [1, -4, 0, -8, -7, 2, 3, -5, 2, 2, -4, -8, -2, 2, -2, -4, 0, 4, -2, -8, -5, -3, 2, -2, -7, -2, 0, -4, -7, -8, -3, -2, -3, -5, 3, -1, -3, -5, 0, -6, -5, 2, -6, -1, -3, -8, -2, 3, 0, 1, -8, -7, -7, -5, 4, 1, -6, 1, -5, -1, 0, -5, -5, -6, -8, -5, -2, 2, 2, 4, -7, -3, -1, 3, -1, -4, 3, -7, -6, -3, -1, -3, -2, 4, -8, -4, -3, -1, -7, 3, -4, 1, 4, -8, -4, -8, -6, -4, -8, -5, 3, 0, 0, 0, 0, -2, -8, 0, -8, 2, 1, 0, -2, 0, 3, 4, -4, 2, -5, -7, -3, -6, -2, -3, -5, -3, 4, -3]
 
1.34465501210199: [1, -1, 1, -2, -4, -7, 4, 2, -7, -8, 2, 0, 0, -2, -1, 4, 3, 4, 1, 4, -5, -7, 3, 4, -6, 1, -8, -4, -8, -6, -4, -8, -7, -5, -8, 3, -2, -3, 2, -2, 1, 4, -2, -8, -8, -7, -6, -4, -8, -3, -3, 4, -3, -1, 4, -2, 3, -3, -6, -8, -6, 4, -5, -2, -7, -4, -1, -8, -4, 1, -2, 1, 2, 2, -8, -7, -4, -7, -8, 3, 1, -5, -5, 2, -7, -1, -2, -1, -3, -4, -3, 2, -4, -5, -3, -5, 2, -3, -4, -1, -6, 3, -5, -2, -2, 0, -4, -1, -3, -3, -3, 0, 1, -7, -1, -4, -3, 3, -3, -8, -3, 2, -3, 1, -6, -8, -4, -8]
 
2.20154203385: [1, -5, 0, 3, 2, -5, 3, -6, -4, -3, -3, -8, -2, -4, -2, -1, 1, -2, 1, 2, -8, -3, -6, -1, 2, 4, 0, -6, -7, -6, -3, -2, -8, -5, 3, -1, -3, -5, 0, -6, -2, 2, -6, -1, -3, -8, -2, 3, 0, -5, -4, -8, -1, 4, 0, -8, -6, 1, -5, -1, 0, -5, -5, -6, -8, -5, -2, 2, 2, -5, -7, 1, 0, -5, -7, 3, 3, -5, 2, -2, -7, 4, 3, 1, -7, 0, -8, -2, -2, 1, -4, -5, 2, -7, 3, -7, 4, -8, 4, 2, 0, 3, -4, -6, 0, -6, -8, 0, -5, 2, -3, 0, -5, -4, 4, 4, -2, -7, -6, -2, -5, 3, 2, -3, 4, 3, 2, -6]
 
2.2596185806020816: [-1, -7, -4, -5, 4, 0, -3, 4, 3, -8, -5, 1, -7, -5, 1, 4, -8, -2, 1, -6, -6, -3, -4, -2, -7, -3, -4, 2, 2, -6, -6, -5, -2, -5, -8, -1, 1, -3, 4, -6, -5, 2, -6, 2, -8, -2, -2, 3, -3, -8, -5, -6, 2, -5, 4, -1, 1, -7, 2, -6, -1, 3, -5, -5, -7, -2, -6, 4, 4, 2, 4, -3, -4, 0, -5, 1, -3, -4, -4, 2, -2, -4, 0, 4, 0, 1, -1, 4, -4, -5, -6, -2, -2, -5, 4, -5, -1, -5, -8, 1, -3, -5, -4, -8, -7, -4, 0, -2, 2, -2, 2, -8, -6, -5, -7, 1, -5, -4, -5, 4, -7, -1, -5, 2, -1, 4, -2, -3]
 
2.3551905787636174: [-7, 4, -4, -6, 4, -3, -2, 4, 4, -6, -4, 2, 1, -1, 2, -8, 1, -6, 4, 3, -7, -3, 2, -8, -7, -3, -4, 2, 2, -6, -6, -8, -4, -3, 3, -1, 1, -3, 0, -6, -5, 2, -6, 2, -8, -2, -2, -2, -3, -8, -5, -6, 2, -5, 4, -1, 1, -7, 2, 3, -1, 3, 2, -5, -7, -2, -6, 4, 4, 2, 4, -7, -1, 3, -1, -4, 3, -7, -6, -3, -1, -3, -2, 4, -8, -4, -3, -1, -7, 3, -4, 1, 4, -8, -4, -8, -6, -4, -8, -5, 3, 0, 0, 0, 0, -2, -8, 0, -8, 2, 1, 0, -2, 0, 3, 4, -4, 2, -5, -7, -3, -6, -2, -3, -5, -3, 4, -3]
 
3.03592690162: [1, 4, -4, -6, 4, 0, -2, -1, 0, 4, -4, -8, 1, -1, 1, -8, 1, 1, -8, -2, -7, -2, 2, -3, -7, -5, -2, -4, -7, -7, -2, -2, -1, -3, -8, -1, -3, -8, -6, -4, -5, 2, -7, -1, 3, -4, -2, -8, 0, -7, 4, -7, 0, 0, -6, -5, 0, -4, -2, 4, -4, 4, -3, 4, 4, -8, -4, -7, -6, 4, 4, 0, -5, -2, -5, -7, 3, -2, 0, -4, -1, -3, -3, -5, -7, -5, -6, -4, -3, 2, -1, -8, 0, 3, -3, -1, -4, -1, -8, 1, -5, 4, 1, 3, 3, 3, 0, -3, 0, 4, -3, -6, -6, 2, 2, -6, -3, -5, -4, -2, -8, -2, -2, 1, -6, 2, 1, -1]
 
1.0646490889317755: [-2, 2, -4, -8, -2, 2, -7, 4, -3, -7, -8, 1, -3, 4, -3, 0, -7, 1, -8, 3, -7, -6, -6, -6, 2, 4, 2, -5, 2, 0, 0, -1, 1, -5, 0, -1, -4, -5, -3, -5, -6, 0, -6, -5, -6, -2, -2, -2, -3, -8, -5, -6, 2, -5, 4, -6, -3, 3, -8, -7, -5, 0, 4, -6, 4, -2, -3, -5, -7, -1, -8, 4, -8, 3, -1, -4, 4, -7, 1, -3, -1, -3, -2, -2, -8, -4, -3, -1, 4, 3, -4, 1, 4, -8, -6, 2, -6, -4, -8, -5, 3, 0, 0, 0, 0, -2, -8, 0, -8, 2, 1, 0, -2, 0, 3, 4, -4, 2, -5, -5, -3, -6, -5, -3, -5, -3, -4, -3]
 
1.664464298749353: [1, -8, 0, 3, 2, -6, 3, -6, -7, 2, -3, -8, -2, -4, -2, -1, 1, -2, 1, 2, -8, 4, -8, 2, -3, -1, -6, -7, 1, -7, 3, -7, -4, -4, -8, 0, -4, 4, -6, -5, -2, -5, -8, -5, 2, -7, -2, 1, 2, -8, -3, -2, 2, -5, -8, -3, -3, 3, -8, 1, -5, 0, 3, 2, 0, -7, 3, -6, -8, 1, 1, 3, -7, -8, 0, 0, -7, -1, -1, 3, -8, -8, -7, -6, -7, 3, -2, -4, 0, -5, 4, -5, -2, 0, 0, -8, 3, 2, -8, 1, -8, -6, -8, 3, -8, -4, 0, -5, -5, 2, 1, 0, 3, 0, 3, 4, -8, 2, -5, -5, -3, -6, -5, -3, -5, -3, -4, -7]
 
2.3217147377048883: [2, -4, 0, -8, -7, -1, 2, -1, 3, 1, -3, 1, 1, -7, -3, 4, 3, -2, 1, -6, -6, -3, -4, -2, -7, -4, -4, 2, 2, -6, -6, 4, -4, -4, 2, -1, 1, -3, 0, -6, -2, 2, -6, 2, -8, -2, 2, -2, -3, -8, -5, -6, 2, -5, 3, -1, 1, -7, 2, 3, -8, 3, 2, -5, -7, -2, -6, 4, 4, 2, 4, -3, -4, 0, -5, 1, -3, -5, -4, 2, -2, -4, 0, 4, 0, 1, 1, 4, -6, -6, -6, -2, -2, -3, 4, -5, -1, 0, -7, -1, -3, -5, -4, -2, -1, 4, -8, -2, 2, 4, -6, -6, -8, 4, -7, 1, -5, -4, -5, 4, -7, -1, -7, 2, -4, 4, -5, 2]
 
1.7733151085896703: [-2, 2, -4, -8, -2, 2, -7, 4, -3, -7, -8, 1, -3, 4, -3, 0, -7, 1, -8, 3, -7, -6, -6, -6, 2, 4, 2, -5, 2, 0, 0, -1, 1, -5, 0, -1, -2, -3, 0, -5, 3, 0, -6, -5, -4, -2, -2, -2, -3, -8, -8, 2, -5, 4, -3, 1, -2, -4, 2, -1, -3, -4, -6, -8, -4, -5, -1, 1, -2, -1, -5, -7, -1, 3, -1, -4, 3, -7, -6, -3, -1, -3, -2, 4, -8, -4, -3, -1, -7, 3, -4, 1, 4, -8, -4, -8, -6, -4, -8, -5, 3, 0, 0, 0, 0, -2, -8, 0, -8, 2, 1, 0, -2, 0, 3, 4, -4, 2, -5, -7, -3, -6, -2, -3, -5, -3, 4, -3]
 
1.5987843403192359: [-8, 3, -5, -6, -6, -7, -8, -1, 3, -3, -7, 3, 2, 1, 0, -1, -8, 0, -8, -2, -2, -8, 3, -7, -3, 3, -5, 1, -5, -2, 0, 4, -5, -8, -4, 0, 1, -3, -1, 2, 3, 0, -1, -2, 1, -8, -3, 4, 3, -7, -8, 2, -5, 4, -3, 1, -2, -4, 2, -1, -3, -4, 2, -5, -7, -2, -6, 4, 4, 2, 4, -7, -1, 3, -1, -4, 3, -7, -6, -3, -1, -3, -2, 4, -8, -4, -3, -1, -7, 3, -4, 1, 4, -8, -4, -8, -6, -4, -8, -5, 3, 0, 0, 0, 0, -2, -8, 0, -8, 2, 1, 0, -2, 0, 3, 4, -4, 2, -5, -7, -3, -6, -2, -3, -5, -3, 4, -3]
 
2.0604496916969226: [-1, -1, -4, 3, 0, -1, -2, -8, 0, 3, -4, 2, 1, 3, -5, -4, -1, 4, 1, -5, -7, -3, -4, 0, 2, -4, -7, 2, 3, -6, -6, 4, -4, -3, 3, -1, 1, -3, 0, -6, -5, 2, -6, -4, -5, -8, -7, 3, 3, 1, -4, 0, -5, -5, -6, -1, 0, -7, 2, -5, -7, -2, -8, -2, 0, 1, -8, -8, -1, 3, -5, -6, 3, 1, 1, -1, -7, -1, -1, 3, -4, -3, 1, 2, -8, -7, -8, 1, 0, -5, 4, -2, 4, -8, -4, -8, 2, -3, -4, -1, -6, 3, -5, -2, -2, 0, -4, -1, -3, -3, -3, 0, 1, -7, -1, -4, -3, 3, -3, -8, -3, 2, -3, 1, -6, -8, -4, -8]
 
3.3988136654129484: [-7, 4, -4, -6, 4, -1, 4, -4, 3, 0, -5, 2, 1, -1, 2, -8, -6, -6, 4, -5, -7, -3, 2, -1, -7, 2, -3, -5, -7, -8, 0, -8, -4, -3, 2, -1, 1, -8, 0, -4, -5, 2, -6, -4, -8, -8, -3, -3, -8, 2, 3, 1, 4, -8, -4, -6, -3, 3, -8, -7, -5, 2, 1, -6, 4, -2, -4, -5, -7, -5, -8, 4, -2, 3, -1, -4, 3, -7, 3, 4, -1, -3, -2, 4, 4, -4, -3, -1, 4, 3, -4, 1, 4, 1, -4, -8, -6, -8, -7, -5, -2, -3, 0, 0, -3, 0, -2, 0, -3, -7, -2, -3, 4, -8, -2, -4, -6, -1, -2, -7, -8, -2, -2, 1, -6, -8, -3, -6]
 
2.1625429409815817: [-2, 2, -4, -8, -2, 2, -3, 4, 3, -8, -4, 2, 1, -1, 2, -8, 1, -6, 4, 3, -7, -3, 2, -8, -7, -3, -4, 2, 2, -6, -6, -8, -4, -3, 3, -1, 1, -3, 0, -6, -5, 2, -6, 2, -8, -2, -2, -2, -3, -8, -5, -6, 2, -5, 4, -1, 1, -7, 2, 3, -1, 3, 2, -5, -7, -2, -3, -5, -7, -1, -8, 4, -8, 3, -1, -4, 4, -7, 1, -3, -1, -3, -2, -2, -8, -4, -3, -1, 4, 3, -4, 1, 4, -8, -6, 2, -6, -4, -8, -5, 3, 0, 0, 0, 0, -2, -8, 0, -8, 2, 1, 0, -2, 0, 3, 4, -4, 2, -5, -5, -3, -6, -5, -3, -5, -3, -4, -3]
 
1.2940133363696602: [-7, 4, -4, -6, 4, -3, -2, 4, 4, -6, -4, 2, 1, -1, 2, -8, 1, -6, 4, 3, -7, -3, 2, -8, -7, -3, -4, 2, 2, -6, -6, -8, -4, -3, 3, -1, 1, -3, 0, -6, -5, 2, -6, 2, -8, -2, -2, -2, -3, -8, -5, -6, 2, -5, 4, -1, 1, -7, 2, 3, -1, 3, 2, -5, -7, -2, -6, 4, 4, 2, 4, -7, -1, 3, -1, -4, 3, -7, -6, -3, -1, -3, -2, 4, -8, -4, -3, -1, -7, 3, -4, 1, 4, -8, -4, -8, -6, -4, -8, -5, 3, 0, 0, -5, 3, 3, -3, -3, -3, -2, -5, -2, -6, 3, 2, 1, 1, -7, 1, 1, 1, 3, -8, 1, -6, -8, 2, -6]
 
0.986227971039: [4, -1, 3, 0, -7, -1, 3, -6, 3, 2, -1, -8, -2, 2, 1, -4, 3, 4, 0, -3, -8, -3, 2, -2, -7, -8, 2, 2, 2, -7, 0, -1, -3, -5, 4, 4, 4, -1, -7, -7, 2, -5, 2, 4, -6, 1, -7, -8, -3, -3, -5, -6, 2, -7, 4, -7, 3, 1, -3, 2, -7, 0, -1, 3, -6, 1, 3, 2, -8, 1, 4, -8, -4, 3, 0, 3, -1, 3, 3, 3, -8, -8, -5, 3, -3, -7, -5, -7, 2, 3, 4, 4, -6, 2, -6, 4, -6, -3, 3, 1, 4, 3, -8, 2, 2, -4, 1, 2, -6, -5, 0, 2, -6, 3, -8, 3, 0, -4, -5, -8, -5, -1, 4, -1, -8, -1, 1, 3]
 
1.6534697962272884: [1, -5, 0, 3, 2, -6, 3, -6, -4, 2, -3, -8, -2, -4, -2, -1, 1, -2, 1, 2, -8, 4, -8, 2, -6, -1, -6, -7, 1, -7, -4, -7, -4, -4, -8, 0, -4, 4, -6, -2, -3, -5, -8, -5, -1, -7, -2, 1, 2, -8, -3, -1, 2, -5, -8, -6, -3, 3, -8, -7, -5, 0, 1, 2, -6, -7, 3, 0, -8, 1, 1, 3, 2, 3, 0, 0, -7, -1, -1, 3, -8, -8, -7, 1, -7, 1, -3, -2, -2, 1, -4, -5, 2, -7, 3, 2, 4, -8, 1, -7, 0, 3, -4, -6, 0, -6, -8, 0, -5, 2, -5, 0, -6, -4, 4, 4, -1, -7, -6, -8, -5, 3, 2, -3, -7, 3, 2, -6]
 
1.395009521787794: [-7, 4, -2, 0, 4, -1, -2, -5, 0, -6, -2, 2, 1, -1, 2, -8, 3, 4, 4, -5, -7, -3, 2, -1, -7, 2, 4, -5, -7, -5, -4, -8, 1, -3, 3, -1, 1, -3, -8, -5, -6, 0, -6, -5, -6, -2, -2, -2, -3, -4, -5, -6, 2, -5, 4, -1, 1, -7, 2, 3, -1, 3, 2, -1, -7, -2, -6, 4, 4, -3, 4, -3, -4, 0, 2, 1, -3, -6, -4, 2, -2, 2, 0, 1, 2, 1, 1, 4, 3, -3, -6, -5, -2, -3, 4, -3, -1, 0, -7, -7, -3, -7, -4, -8, -1, -5, -8, -2, 2, -2, -6, -5, 4, 3, -7, 1, -5, -4, -5, 4, -7, -1, -5, -2, -4, 4, -5, -4]
 
1.3710771541000968: [-8, 3, -5, -6, -6, -7, -8, 4, 4, -6, -4, 2, 1, -1, 2, -8, 1, -6, 4, 3, -7, -3, 2, -8, -7, -3, -4, 2, 2, -6, -6, -8, -4, -3, 3, -1, 1, -3, 0, -6, -5, 2, -6, 2, -8, -2, -2, -2, -3, -8, -5, -6, 2, -5, 4, -1, 1, -7, 2, 3, -1, 3, 2, -5, -7, -2, -6, 4, 4, 2, 4, -3, -4, 0, -5, 1, -3, -4, -4, 2, -1, -3, -4, 2, -7, -4, -8, 4, 1, -1, 4, -3, 1, 0, 0, -8, 3, 3, -8, 3, -5, 4, 1, -5, 3, 3, -3, -3, -3, -2, -5, -2, -6, 3, 2, 1, 1, -7, 1, 1, 1, 3, -8, 1, -6, -8, 2, -6]
 
2.080591400579414: [1, -5, 0, 3, 2, -6, 3, -6, -4, 2, -3, -8, -2, -4, -2, -1, 1, -2, 1, 2, -8, 4, -8, 2, -6, -1, -6, -7, 1, -7, -4, -7, -4, -4, -8, 0, -4, 4, -6, -2, -3, -5, -8, -5, -1, -7, -2, 1, 2, -8, -3, -1, 2, -5, -8, -6, -3, 3, -8, -7, -5, 0, 1, 2, -6, -7, 3, 0, -8, 1, 1, 3, 2, 3, 0, 0, -7, -1, -1, 3, -8, -8, -7, -6, -8, -7, -2, -7, 0, -5, 4, -5, -2, 0, 0, -8, 3, 3, -8, 1, -8, 3, -8, 3, -8, -4, 0, -3, -3, -5, 0, -8, -6, 0, 4, 4, 1, -1, -6, 4, -8, 3, -3, 1, -6, -8, 4, -3]
 
1.0929558231757883: [1, -1, 1, -2, -4, -7, 4, 2, -7, -8, 2, 0, 0, -2, -1, 4, 3, 4, 1, 4, -5, -7, 3, 4, -6, 1, -8, -4, -8, -6, -4, -8, -7, -5, -8, 3, -2, -3, 2, -2, 1, 4, -2, -8, -8, -7, -6, -4, -8, -3, -3, 4, -3, -1, 4, -2, 3, -3, -6, -8, -6, 4, -5, -2, -7, -4, -1, -8, -4, 1, -2, 1, 2, 2, -8, -7, -4, -7, -8, 3, 1, -5, -5, 2, -7, -1, -2, -1, -3, -4, -3, 2, -4, -5, -3, -5, 2, -3, -4, -1, -6, 3, -5, -2, -2, 0, -4, -1, -3, -3, -3, 0, 1, -7, -1, -4, -3, 3, -3, -8, -3, -1, 4, -6, 2, -7, -1, 3]
 
1.1406345682582395: [1, -1, 1, -2, -4, -7, 4, 2, -7, -8, 2, 0, 0, -2, -1, 4, 3, 4, 1, 4, -5, -7, 3, 4, -6, 1, -8, -4, -8, -6, -4, -8, -7, -5, -8, 3, -2, -3, 2, -2, 1, 4, -2, -8, -8, -7, -6, -4, -8, -3, -3, 4, -3, -1, 4, -2, 3, -3, -6, -8, -6, 4, -5, -2, -7, -4, -1, -8, -4, 1, -2, 1, 2, 2, -8, -7, -4, -7, -8, 3, 1, -5, -5, 2, -7, -1, -2, -1, -3, -4, -3, 2, -4, -5, -3, -5, -6, -4, -8, -5, 3, 0, 0, -5, 3, 3, -3, -3, -3, -2, -5, -2, -6, 3, 2, 1, 1, -7, 1, 1, 1, 3, -8, 1, -6, -8, 2, -6]
 
2.3748077002521946: [-8, 3, -5, -6, -6, -7, -8, -1, 3, -3, -7, 3, 2, 1, 0, -1, -8, 0, -8, -2, -2, -8, 3, -7, -3, 3, -5, 1, -5, -2, 0, 4, -5, -8, -4, 0, 1, -3, -1, 2, 3, 0, -1, -2, 1, -8, -3, 4, 3, -7, -8, 2, -5, 4, -3, 1, -2, -4, 2, -1, -3, -4, 2, -5, -7, -2, -6, 4, 4, 2, 4, -7, -1, 3, -1, -4, 3, -7, -6, -3, -1, -3, -2, 4, 4, -4, -3, -1, 4, 3, -4, 1, 4, 1, -4, -8, -6, -8, -7, -5, -2, -3, 0, 0, -3, 0, -2, 0, -3, -7, -2, -3, 4, -8, -2, -4, -6, -1, -2, -7, -8, -2, -2, 1, -6, -8, -3, -6]
 
1.3766203996237893: [-2, 2, -4, -8, -2, 2, -7, 4, -3, -7, -8, 1, -3, 4, -3, 0, -7, 1, -8, 3, -7, -6, -6, -6, 2, 4, 2, -5, 2, 0, 0, -2, -3, -5, 3, -1, -3, -5, 0, -6, -5, 2, -6, -1, -3, -8, -2, 3, 0, 1, -8, -7, -7, -5, 4, 1, -6, 1, -5, -1, 0, -5, -5, -6, -8, -5, -2, 2, 2, 4, -7, -3, -3, -2, 3, 3, -3, -1, 2, -2, -4, -7, 3, -6, -8, -7, -2, -7, 0, -5, 4, -5, -2, 0, 0, -8, 3, 3, -8, 1, -8, 3, -8, 3, -8, -4, 0, -3, -3, -5, 0, -8, -6, 0, 4, 4, 1, -1, -6, 4, -8, 3, -3, 1, -6, -8, 4, -6]
 
2.1997833554304957: [-7, 4, -4, -6, 4, -3, -2, 4, 4, -6, -4, 2, 1, -1, 2, -8, 1, -6, 4, 3, -7, -3, 2, -8, -7, -3, -4, 2, 2, -6, -6, -8, -4, -3, 3, -1, 1, -3, 0, -6, -5, 2, -6, 2, -8, -2, -2, -2, -3, -8, -5, -6, 2, -5, 4, -1, 1, -7, 2, 3, -1, 3, 2, -5, -7, -2, -6, 4, 4, 2, 4, -7, -1, 3, -1, -4, 3, -7, -6, -3, -1, -3, -2, 4, -8, -4, -3, -1, -7, 3, -4, 1, 4, -8, -4, -8, -6, -4, -8, -5, 3, 0, 0, 0, 0, -2, -8, 0, -8, 2, 1, 0, -2, 0, 3, 4, -4, 2, -5, -7, -3, -6, -2, -3, -5, -3, 4, -3]
 
1.9614285429746134: [-1, -1, -4, 3, 0, -1, -2, -8, 0, 3, -4, 2, 1, 3, -5, -4, -1, 4, 1, -5, -7, -3, -4, 0, 2, -4, -7, 2, 3, -6, -6, 4, -4, -3, 3, -1, 1, -3, 0, -6, -5, 2, -6, -4, -5, -8, -7, 3, 3, 1, -4, 0, -5, -5, -6, -1, 0, -7, 2, -5, -7, -2, -8, -2, 0, 1, -8, -8, -1, 3, -5, -6, 3, 1, 1, -1, -7, -1, -1, 3, -4, -3, 1, 2, -8, -7, -8, 1, 0, -5, 4, -2, 4, -8, -4, -8, -6, -4, -8, -5, 3, 0, 0, -5, 3, 3, -3, -3, -3, -2, -5, -2, -6, 3, 2, 1, 1, -7, 1, 1, 1, 3, -8, 1, -6, -8, 2, -6]
 
1.9976084242584193: [-7, 4, -4, -6, 4, -3, -2, -1, 3, -3, -7, 3, 2, 1, 0, -1, -8, 0, -8, -2, -2, -8, 3, -7, -3, 3, -5, 1, -5, -2, 0, 4, -5, -8, -4, 0, 1, -3, -1, 2, 3, 0, -1, -2, 1, -8, -3, 4, 3, -7, -8, 2, -5, 4, -3, 1, -2, -4, 2, -1, -3, -4, 2, -5, -7, -2, -6, 4, 4, 2, 4, -7, -1, 3, -1, -4, 3, -7, -6, -3, -1, -3, -2, 4, -8, -4, -3, -1, -7, 3, -4, 1, 4, -8, -4, -8, -6, -4, -8, -5, 3, 0, 0, 0, 0, -2, -8, 0, -8, 2, 1, 0, -2, 0, 3, 4, -4, 2, -5, -7, -3, -6, -2, -3, -5, -3, 4, -6]
 
0.572726488972: [1, -4, 0, -8, -1, -4, 3, -3, 3, 2, -5, -8, -6, 2, 1, -4, 3, 4, -1, -8, 0, -3, 1, -2, -7, -6, 2, -3, 2, -4, 3, -7, -4, -4, -8, 0, -4, 4, -6, -5, 0, -5, -8, -5, 2, -7, -2, 1, 2, -1, -3, -6, 2, 0, -8, -3, -3, 3, -1, 1, -5, 0, 3, 2, 0, 0, 3, -6, -8, 1, 1, 0, -8, -8, -2, 0, 3, 4, -1, 3, -8, -8, -7, -6, -7, 3, -2, -4, 0, -5, 4, -5, -2, 0, 0, -8, 3, 2, -8, 1, -8, -4, -8, 3, 3, -5, 0, -5, -5, -3, 1, 0, 3, -1, 3, 4, -8, 2, 0, -5, -3, -7, -6, -3, -8, -3, -4, -7]
 
2.06676866869: [1, -8, 0, 3, 2, -6, 3, -6, -7, 2, -3, -8, -2, -4, -2, -1, 1, -2, 1, 2, -8, 4, -8, 2, -3, -1, -6, -7, 1, -7, 0, -1, -3, -5, -1, 1, 4, -2, -3, -7, -6, -7, -4, 4, -6, 3, -2, -8, -1, -8, -5, -6, 2, -5, 4, -6, 3, -6, -8, 2, -7, 0, -1, 3, -6, 3, 3, 2, -8, 1, 4, 3, -4, 3, 0, 3, -1, 3, 3, 3, -8, -8, 0, -6, -8, -7, -2, -7, 2, -5, 4, 4, 0, 2, -6, -8, -6, 3, 2, 1, 4, 3, -8, 3, -2, -4, 0, 3, 1, -5, 0, -8, -6, 0, 4, 4, 0, -4, -8, 4, -6, 2, -3, 1, -6, -8, -4, -8]
 
0.934235053198: [1, -5, 0, 3, 2, -6, 3, -6, -4, 2, -3, -8, -2, -4, -2, -1, 1, -2, 1, 2, -8, 4, -8, 2, -6, -1, -6, -7, 1, -7, -4, -7, -4, -4, -8, 0, -4, 4, -6, -2, -3, -5, -8, -5, -1, -7, -2, 1, 2, -8, -3, -1, 2, -5, -8, -6, -3, 3, -8, -7, -5, 0, 1, 2, -6, -7, 3, 0, -8, 1, 1, 3, 2, 3, 0, 0, -7, -1, -1, 3, -8, -8, 0, -6, -8, -7, -2, -7, 2, -5, 4, 4, 0, 2, -6, -8, -6, 3, 2, 1, 4, 3, -8, 3, -2, -4, 0, 3, 1, -5, 0, -8, -6, 0, 4, 4, 0, -4, -8, 4, -6, 2, -3, 1, -6, -8, -4, -8]
 
2.13038843052: [1, -8, 0, 3, 2, -6, 3, -6, -7, 2, -3, -8, -2, -4, -2, -1, -3, 2, 1, 2, -8, 4, -8, 2, -3, -1, -6, -7, -2, -5, 0, -1, 3, -5, -5, 1, 4, -6, -8, -8, -6, -7, -3, 4, 1, 3, -3, -8, -1, -8, -5, -6, 2, -5, 4, -6, 3, -6, -8, 2, -7, 0, -1, 3, -6, 1, -3, 2, -8, 1, 4, 3, -4, 3, -7, 3, 0, 3, 3, 3, -8, -8, -7, -6, -8, -7, -2, -7, -4, 1, 4, -5, -2, -7, 0, -8, -7, 2, -8, -3, -8, 3, -8, 3, -8, -4, 0, -8, -3, -5, 0, -8, 2, -5, 0, -6, 1, 4, -6, 4, -8, -2, -3, 1, -6, -8, 4, -3]
 
1.76031999816: [-2, 2, -4, -8, -2, 2, -7, 4, -3, -7, -8, 1, -3, 4, -3, 0, -7, 1, -8, 3, -7, -6, -6, -6, 2, 4, 2, -5, 2, -6, -6, 4, -4, -4, 2, -1, 1, -3, 0, -6, -2, 2, -6, 2, -8, -2, 2, -2, -3, -8, -5, -6, 2, -5, 3, -1, 1, -7, 2, 3, -8, 3, 2, -5, -7, -2, -6, 4, 4, 2, 4, -3, -4, 0, -5, 1, -3, -5, -4, 2, -2, -4, 0, 4, 0, 1, 1, 4, -6, -6, -6, -2, -2, -3, 4, -5, -1, 0, -7, -1, -3, -5, -4, -2, -1, 4, -8, -2, 2, 4, -6, -6, -8, 4, -7, 1, -5, -4, -5, 4, -7, -1, -7, 2, -4, 4, -5, 2]
 
1.67619147798: [2, -4, 0, -8, -7, -1, 2, -1, 3, 1, -3, 1, 1, -7, -3, 4, 3, -2, 1, -6, -6, -3, -4, -2, -7, -4, -4, 2, 2, 0, 0, -2, -3, -5, 3, -1, -3, -5, 0, -6, -5, 2, -6, -1, -3, -8, -2, 3, 0, 1, -8, -7, -7, -5, 4, 1, -6, 1, -5, -1, 0, -5, -5, -6, -8, -5, -2, 2, 2, 4, -7, -3, -3, -2, 3, 3, -3, -1, 2, -2, -4, -7, 3, -6, -8, -7, -2, -7, 0, -5, 4, -5, -2, 0, 0, -8, 3, 3, -8, 1, -8, 3, -8, 3, -8, -4, 0, -3, -3, -5, 0, -8, -6, 0, 4, 4, 1, -1, -6, 4, -8, 3, -3, 1, -6, -8, 4, -6]
 
2.6149688937: [-1, -7, -4, 0, -5, 0, -3, 2, -3, -8, -7, 3, -2, 1, 0, -1, -8, 0, -8, -2, 3, -8, 3, -7, -3, -3, -5, -4, -3, -3, 0, 4, -5, -8, -2, 0, -3, -3, 0, -6, -2, 2, -6, 2, -8, -2, 2, -2, -3, -8, -5, -6, 2, -5, 3, -1, 1, -7, 2, 3, -8, 3, 2, -5, -7, -2, -6, 4, 4, 2, 4, -3, -4, 0, -5, 1, -3, -5, -4, 2, -2, -4, 0, 4, 0, 1, 1, 4, -6, -6, -6, -2, -2, -3, 4, -5, -1, 0, -7, -1, -3, -5, -4, -2, -1, 4, -8, -2, 2, 4, -6, -6, -8, 4, -7, 1, -5, -4, -5, 4, -7, -1, -7, 2, -4, 4, -5, 2]
 
3.0197458386: [2, -4, 0, -8, -7, -1, 2, -1, 3, 1, -3, 1, 1, -7, -3, 4, 3, -2, 1, -6, -6, -3, -4, -2, -7, -4, -4, 2, 2, -6, -6, 4, -4, -4, 2, -1, 1, -3, -1, 2, 3, 0, -1, -2, 1, -8, -3, 4, -5, -7, -8, 2, -7, 4, -3, 4, -2, -4, 2, -1, -6, 2, -6, -8, -4, 3, -1, 1, -7, -1, -5, -2, -6, 0, -5, -2, -3, -4, -4, 2, 3, -3, -4, 2, -7, -4, -8, 4, -8, -3, 4, -3, 1, 0, 0, -8, 3, 3, -8, 3, -8, -7, -6, 0, 0, -2, -8, 1, -8, 2, 1, 0, 3, 0, 3, 3, -4, 2, -5, -7, -3, -6, -2, -3, -5, -3, 4, -3]
 
0.502874884385: [1, -8, 0, 3, 2, -6, 3, -6, -7, 2, -3, -8, -2, -4, -2, -1, 1, -2, 1, 2, -8, 4, -8, 2, -3, -1, -6, -7, 1, -7, 3, -7, -4, -4, -8, 0, -4, 4, -6, -5, -2, -5, -8, -5, 2, -7, -2, 1, 2, -8, -3, -2, 2, -5, -8, -3, -3, 3, -8, 1, -5, 0, 3, 2, 0, -7, 3, -6, -8, 1, 1, 3, -7, -8, 0, 0, -7, -1, -1, 3, -8, -8, -7, -6, -7, 3, -2, -4, 0, -5, 4, -5, -2, 0, 0, -8, -6, -4, -8, -5, 3, 0, 0, 0, 0, -2, -8, 0, -8, 2, 1, 0, -2, 0, 3, 4, -4, 2, -5, -7, -3, -6, -2, -3, -5, -3, 4, -3]
 
0.677578544105: [-8, 3, -5, -6, -6, -7, -8, -1, 3, -3, -7, 3, 2, 1, 0, -1, -8, 0, -8, -2, -2, -8, 3, -7, -3, 3, -5, 1, -5, -2, 0, 4, -5, -8, -4, 0, 1, -3, -1, 2, 3, 0, -1, -2, 1, -8, -3, 4, 3, -7, -8, 2, -5, 4, -3, 1, -2, -4, 2, -1, -3, -4, 2, -5, -7, -2, -6, 4, 4, 2, 4, -7, -1, 3, -1, -4, 3, -7, -6, -3, -1, -3, -2, 4, -8, -4, -3, -1, -7, 3, -4, 1, 4, -8, -4, -8, 3, 2, -8, 1, -8, -6, -8, 3, -8, -4, 0, -5, -5, 2, 1, 0, 3, 0, 3, 4, -8, 2, -5, -5, -3, -6, -5, -3, -5, -3, -4, -7]
 
1.49894883688: [2, -4, 0, -8, 1, 1, 2, -5, 3, 1, -7, 1, 1, 0, -3, 4, 3, -2, -8, -1, -6, -3, -4, -8, -8, -4, -5, -7, -1, 0, 0, 0, -3, -5, 3, -1, -4, -5, -4, 1, -6, 4, -3, -5, -3, -8, -4, 3, -7, 1, -8, 1, -7, -6, 4, -1, -4, 1, 2, -6, 0, -1, -5, -6, -8, -5, -2, 2, 2, 4, -7, -8, -6, -2, 4, 3, -3, -1, 2, 3, -1, -5, -5, 2, -7, -1, -2, 3, -3, -4, 3, 2, -4, -8, -3, -7, -7, 0, -4, -1, -4, -7, 4, 2, -2, 0, -1, -7, 1, -7, -3, 3, 1, -7, -1, -4, -3, -6, -8, -8, -4, -7, 4, -6, -1, -7, -1, 1]
 
1.9511860933: [1, -1, 4, 1, -4, -8, 4, 2, -7, -8, 2, 0, 0, 1, 1, 4, 3, 4, 1, 4, -5, -7, 3, 4, -6, 4, -8, -4, -6, 4, -4, -8, -2, -7, -8, 3, -2, -3, -5, -2, 0, 4, -2, -8, -5, 3, -6, -4, -8, -4, -3, -1, -3, 1, 4, -2, 3, -3, -6, -5, -6, 4, 2, -2, -7, -4, -4, -2, -4, 1, -4, 1, 2, 2, -7, -7, -4, 2, -8, -2, -4, -7, 3, -6, -8, -7, -2, -7, 0, -5, 4, -5, -1, 0, 0, -8, 3, 3, -8, 1, -8, 3, -8, 3, -8, -4, -1, -3, -8, -5, 0, -8, -6, -2, 4, 4, -1, -1, -8, 4, -8, 3, -3, 1, -6, -8, -6, -6]
 
1.88935650782: [-7, 4, -4, -6, 4, -3, -2, 4, 4, -6, -4, 2, 1, -1, 2, -8, 1, -6, 4, 3, -7, -3, 2, -8, -7, -3, -4, 2, 2, -6, -6, -5, -2, -5, -8, -1, 1, -3, 4, -6, -5, 2, -6, 2, -8, -2, -2, 3, -3, -8, -5, -6, 2, -5, 4, -1, 1, -7, 2, -6, -1, 3, -5, -5, -7, -2, -6, 4, 4, 2, 4, -3, -4, 0, -5, 1, -3, -4, -4, 2, -2, -4, 0, 4, 0, 1, -1, 4, -4, -5, -6, -2, -2, -5, 4, -5, -1, -5, -8, 1, -3, -5, -4, -8, -7, -4, 0, -2, 2, -2, 2, -8, -6, -5, -7, 1, -5, -4, -5, 4, -7, -1, -5, 2, -1, 4, -2, -3]
 
1.34572079721: [-4, 4, -4, -6, 1, -1, -2, 4, 4, -5, -5, 2, 2, -5, 1, 2, -1, -2, 1, -6, -6, -1, -4, -2, -7, -3, -4, 2, 2, -6, -6, -8, -4, -3, 3, -1, 1, -3, -7, -6, -5, 2, -6, 2, -8, -2, 0, -2, -3, -8, -7, -4, 2, -5, 4, -1, 1, -7, 2, 3, -1, 3, 2, -5, -8, -2, -4, 4, 2, 2, 4, -7, -1, -5, -1, -4, 3, -1, -6, -3, -7, 4, -2, 4, -8, -7, -3, -1, -7, 3, 3, 2, 4, -8, -4, -8, -6, -6, -8, -5, 3, 0, 0, -1, 0, -2, -6, 0, -7, 2, 1, 0, -2, -3, 3, 4, -4, 2, -5, -7, -3, -7, -2, -3, -5, -3, 4, -3]
 
1.62200193177: [-4, 0, -6, -5, -4, 0, -2, -3, -7, 4, -1, 0, 3, 4, 0, 0, 0, -5, -3, -3, 1, -6, -3, -4, 1, 1, 4, -5, -5, -3, -3, -1, -8, -4, 0, -7, -4, 0, -8, -1, 3, 2, 3, -4, -3, -8, -2, 3, 0, 1, -8, -7, -7, -5, 4, 1, -6, 1, -5, -1, 0, -5, -5, -6, -8, -5, -2, 2, 2, 4, -7, -3, -3, -2, 3, 3, -3, -1, 2, -2, -4, -7, 3, -6, -8, -7, -2, -7, 0, -5, 4, -5, -2, 0, 0, -8, 3, 3, -8, 1, -8, 3, -8, 3, -8, -4, 0, -3, -3, -5, 0, -8, -6, 0, 4, 4, 1, -1, -6, 4, -8, 3, -3, 1, -6, -8, 4, -6]
 
1.15638903307: [-2, 2, -4, -8, -2, 2, -7, 4, -3, -7, -8, 1, -3, 4, -3, 0, -7, 1, -8, 3, -7, -6, -6, -6, 2, 4, 2, -5, 2, 0, 0, -2, -3, -5, 3, -1, -3, -5, 0, -6, -5, 2, -6, -1, -1, -4, -2, -3, -5, 4, -1, -5, -2, -8, -2, -3, -4, -6, -7, 2, 1, 3, 1, -1, -6, 1, -4, -3, 0, -5, -6, 1, 1, -2, 0, 4, -5, -3, 0, 2, -7, 4, -2, -4, -7, 0, 2, 4, 1, -2, 2, -1, -1, -7, 1, -5, -1, -8, -7, -5, 2, -3, -3, -1, -1, -1, -6, 1, -5, 3, -1, -1, 2, -5, 0, -2, 3, -1, -1, -4, -4, 4, -5, -2, 0, -8, -5, -4]
 
1.49127810524: [-8, 3, -5, -6, -6, -7, -8, 4, 4, -6, -4, 2, 1, -1, 2, -8, 1, -6, 4, 3, -7, -3, 2, -8, -7, -3, -4, 2, 2, -6, -6, -8, -4, -3, 3, -1, 1, -3, 0, -6, -5, 2, -6, 2, -8, -2, -2, -2, -3, -8, -5, -6, 2, -5, 4, -1, 1, -7, 2, 3, -1, 3, 2, -5, -7, -2, -6, 4, 4, 2, 4, -3, -4, 0, -5, 1, -3, -4, -4, 2, -1, -3, -4, 2, -7, -4, -8, 4, 1, -1, 4, -3, 1, 0, 0, -8, 3, 3, -8, 3, -5, 4, 1, -5, 3, 3, -3, -3, -3, -2, 1, 0, 3, 0, 3, 4, -8, 2, -5, -5, -3, -6, -5, -3, -5, -3, -4, -7]
 
0.726952712246: [1, -4, 0, -8, -7, -4, 3, -6, 3, 2, -5, -8, -2, 2, -4, -4, 3, 4, -2, -8, -8, -3, 2, -2, -7, -8, 2, -5, 2, 1, 3, -7, -4, -4, -8, 0, -4, 4, -6, -5, -2, -5, -8, -5, 2, -7, -2, 1, 2, -8, -3, -2, 2, -5, -8, -3, -3, 3, -8, 1, -5, 0, 3, 2, 0, -7, 3, -6, -8, 1, 1, 3, -7, -8, 0, 0, -7, -1, -1, 3, -8, -8, -7, -6, -7, 3, -2, -4, 0, -5, 4, -5, -2, 0, 0, -8, 3, 2, -8, 1, -8, -6, -8, 3, -8, -4, 0, -5, -5, 2, -5, -2, -6, 3, 2, 1, 1, -7, 1, 1, 1, 3, -8, 1, -6, -8, 2, -6]
 
2.14251101789: [2, -4, 0, -8, -7, -1, 2, -1, 3, 1, -3, 1, 1, -7, -3, 4, 3, -2, 1, -6, -6, -3, -4, -2, -7, -4, -4, 2, 2, 0, 0, -2, -3, -5, 3, -1, -3, -5, 0, -6, -5, 2, -6, -1, -3, -8, -2, 3, 0, 1, -8, -7, -7, -5, 4, 1, -6, 1, -5, -1, 0, -5, -5, -6, -8, -5, -2, 2, 2, 4, -7, -3, -1, 3, -1, -4, 3, -7, -6, -3, -1, -3, -2, 4, -8, -4, -3, -1, -7, 3, -4, 1, 4, -8, -4, -8, -6, -4, -8, -5, 3, 0, 0, 0, 0, -2, -8, 0, -8, 2, 1, 0, -2, 0, 3, 4, -4, 2, -5, -7, -3, -6, -2, -3, -5, -3, 4, -3]
 
2.8609307431: [1, -4, 0, -8, -7, 2, 3, -5, 2, 2, -4, -8, -2, 2, -2, -4, 0, 4, -2, -8, -5, -3, 2, -2, -7, -2, 0, -4, -7, -8, -3, -2, -3, -5, 3, -1, -3, -5, 0, -6, -5, 2, -6, -1, -3, -8, -2, 3, 0, 1, -8, -7, -7, -5, 4, 1, -6, 1, -5, -1, 0, -5, -5, -6, -8, -5, -2, 2, 2, 4, -7, -3, -3, -2, 3, 3, -3, -1, 2, -2, -4, -7, 3, -6, -8, -7, -2, -7, 0, -5, 4, -5, -2, 0, 0, -8, 3, 3, -8, 1, -8, 3, -8, 3, -8, -4, 0, -3, -3, -5, 0, -8, -6, 0, 4, 4, 1, -1, -6, 4, -8, 3, -3, 1, -6, -8, 4, -6]
 
2.07222945976: [1, 4, -4, -6, 4, -3, -2, -1, 3, -3, -7, 3, 2, 1, 0, -1, -8, 0, -8, -2, -2, -8, 3, -7, -3, 3, -5, 1, -5, -2, 0, 4, -5, -8, -4, 0, 1, -3, -1, 2, 3, 0, -1, -2, 1, -8, -3, 4, 3, -7, -8, 2, -5, 4, -3, 1, -2, -4, 2, -1, -3, -4, 2, -5, -7, -2, -6, 4, 4, 2, 4, -7, -1, 3, -1, -4, 3, -7, -6, -3, -1, -3, -2, 4, -8, -4, -3, -1, -7, 3, -4, 1, 4, -8, -4, -8, -6, -4, -8, -5, 3, 0, 0, 0, 0, -2, -8, 0, -8, 2, 1, 0, -2, 0, 3, 4, -4, 2, -5, -7, -3, -6, -2, -3, -5, -3, 4, -6]
 
0.869011083772: [-7, -4, 0, -8, -7, -4, 3, -6, 3, 2, -5, -8, -2, 2, -4, -4, 3, 4, -2, -8, -8, -3, 2, -2, -7, -8, 2, -5, 2, 1, 3, -7, -4, -4, -8, 0, -4, 4, -6, -5, -2, -5, -8, -5, 2, -7, -2, 1, 2, -8, -3, -2, 2, -5, -8, -3, -3, 3, -8, 1, -5, 0, 3, 2, 0, -7, 3, -6, -8, 1, 1, 3, -7, -8, 0, 0, -7, -1, -1, 3, -8, -8, -7, -6, -7, 3, -2, -4, 0, -5, 4, -5, -2, 0, 0, -8, 3, 2, -8, 1, -8, -6, -8, 3, -8, -4, 0, -5, -5, 2, 1, 0, 3, 0, 3, 4, -8, 2, -5, -5, -3, -6, -5, -3, -5, -3, -4, -7]
 
2.01888970846: [2, -4, 0, -8, -7, -1, 2, -1, 3, 1, -3, 1, 1, -7, -3, 4, 3, -2, 1, -6, -6, -3, -4, -2, -7, -4, -4, 2, 2, 0, 0, -2, -3, -5, 3, -1, -3, -5, -1, 2, 3, 0, -1, -2, 1, -8, -3, 4, 3, -7, -8, 2, -5, 4, -3, 1, -2, -4, 2, -1, -3, -4, 2, -5, -7, -2, -6, 4, 4, 2, 4, -7, -1, 3, -1, -4, 3, -7, -6, -3, -1, -3, -2, 4, -8, -4, -3, -1, -7, 3, -4, 1, 4, -8, -4, -8, -6, -4, -8, -5, 3, 0, 0, 0, 0, -2, -8, 0, -8, 2, 1, 0, -2, 0, 3, 4, -4, 2, -5, -7, -3, -6, -2, -3, -5, -3, 4, -3]
 
2.00957972832: [-8, 3, -5, -6, -6, -7, -8, -1, 3, -3, -7, 3, 2, 1, 0, -1, -8, 0, -8, -2, -2, -8, 3, -7, -3, 3, -5, 1, -5, -2, 0, 4, -5, -8, -4, 0, 1, -3, 0, -6, -5, 2, -6, -1, -3, -8, -2, 3, 0, 1, -8, -7, -7, -5, 4, 1, -6, 1, -5, -1, 0, -5, -5, -6, -8, -5, -2, 2, 2, 4, -7, -3, -1, 3, -1, -4, 3, -7, -6, -3, -1, -3, -2, 4, -8, -4, -3, -1, -7, 3, -4, 1, 4, -8, -4, -8, -6, -4, -8, -5, 3, 0, 0, 0, 0, -2, -8, 0, -8, 2, 1, 0, -2, 0, 3, 4, -4, 2, -5, -7, -3, -6, -2, -3, -5, -3, 4, -3]
 
0.873178499092: [-7, 4, 2, 3, 4, -6, -2, 4, 4, -6, -8, -6, -1, -1, -8, -1, 1, -6, -1, 2, -7, 4, 1, -8, -7, -3, -4, 2, 2, -6, -6, -8, -4, -3, 3, -1, 2, -2, -6, -6, -5, 2, -6, 2, -8, -2, -5, -2, -6, -8, -5, 1, 2, -5, -7, -1, 1, -1, 2, 3, -3, 3, 2, -5, -7, -2, -6, 4, 4, 4, -8, -7, -1, 3, -1, -4, 3, -7, -6, -3, -1, 0, -2, 4, -8, -4, -3, -1, -4, 3, -4, 1, 4, -8, -4, -8, -6, -4, -8, -5, -5, -4, 0, -3, -6, 3, -3, -3, -3, -2, -5, 4, 0, 3, 2, 1, 1, -7, 1, 1, 1, -5, -8, 1, -6, -8, 2, -3]
 
2.16946396263: [-2, 2, -4, -8, -2, 2, -7, 4, -3, -7, -8, 1, -3, 4, -3, 0, -7, 1, -8, 3, -7, -6, -6, -6, 2, 4, 2, -5, 2, 0, 0, -1, 1, -5, 0, -1, -2, -3, 0, -5, 3, 0, -6, -5, -4, -2, -2, -2, -3, -8, -8, 2, -5, 4, -3, 1, -2, -4, 2, -1, -3, -4, -6, -8, -4, -5, -1, 1, -2, -1, -5, -7, -1, 3, -1, -4, 3, -7, -6, -3, -1, -3, -2, 4, -8, -4, -3, -1, -7, 3, -4, 1, 4, -8, -4, -8, -6, -4, -8, -5, 3, 0, 0, 0, 0, -2, -8, 0, -8, 2, 1, 0, -2, 0, 3, 4, -4, 2, -5, -7, -3, -6, -2, -3, -5, -3, 4, -6]
 
1.02273792111: [1, -1, 1, -2, -4, -7, 4, 2, -7, -8, 2, 0, 0, -2, -1, 4, 3, 4, 1, 4, -5, -7, 3, 4, -6, 1, -8, -4, -8, -6, -4, -8, -7, -5, -8, 3, -2, -3, 2, -2, 1, 4, -2, -8, -8, -7, -6, -4, -8, -3, -3, 4, -3, -1, 4, -2, 3, -3, -6, -8, -6, 4, -5, -2, -7, -4, -1, -8, -4, 1, -2, 1, 2, 2, -8, -7, -4, -7, -8, 3, 1, -5, -5, 2, -7, -1, -2, -1, -3, -4, -3, 2, -4, -5, -3, -5, 2, -3, -7, -5, -2, -3, 0, 0, -3, 0, -2, 0, -3, -7, -2, -3, 4, -8, -2, -4, -6, -1, -2, -7, -8, -2, -2, 1, -6, -8, -3, -6]
 
2.44689222979: [-7, 4, -4, -6, 4, -5, -6, -1, 3, 0, -4, 3, 1, -1, 2, -8, -6, -6, -3, -5, -7, -2, 2, -1, -7, 2, -3, -5, -7, -8, 0, -8, -4, -3, 2, -8, -2, -6, 0, -4, -5, 2, -6, -4, -8, -8, -3, -3, -8, 2, 3, 1, -5, -8, -4, -7, -3, -2, -8, -7, -5, 2, 3, 4, 4, -2, -4, -5, -7, -5, 2, 4, -2, 3, 4, -4, 3, -7, 3, 4, -1, 0, -2, 3, 4, -4, -8, -5, -2, 4, -4, 1, 2, 1, -8, -8, -1, -8, -4, -1, -6, 3, -5, -2, -2, -2, -4, -1, -3, -3, -3, 0, 1, -5, -1, 0, -1, -7, -3, -8, -3, -1, 4, 1, -6, -7, -1, 3]
 
0.763774156387: [-2, 2, -4, -8, -2, -4, 3, -6, 3, 2, -5, -8, -2, 2, -4, -4, 3, 4, -2, -8, -8, -3, 2, -2, -7, -8, 2, -5, 2, 1, 3, -7, -4, -4, -8, 0, -4, 4, -6, -5, -2, -5, -8, -5, 2, -7, -2, 1, 2, -8, -3, -2, 2, -5, -8, -3, -3, 3, -8, 1, -5, 0, 3, 2, 0, -7, 3, -6, -8, 1, 1, 3, -7, -8, 0, 0, -7, -1, -1, 3, -8, -8, -7, -6, -7, 3, -2, -4, 0, -5, 4, -5, -2, 0, 0, -8, 3, 2, -8, 1, -8, -6, -8, 3, -8, -4, 0, -5, -5, 2, 1, 0, 3, 0, 3, 4, -8, 2, -5, -5, -3, -6, -5, -3, -5, -3, -4, -7]
 
1.19640206461: [-7, -4, 0, -8, -7, 2, -7, 4, -3, -7, -8, 1, -3, 4, -3, 0, -7, 1, -8, 3, -7, -6, -6, -6, 2, 4, 2, -5, 2, 0, 0, -2, -3, -5, 3, -1, -3, -5, 0, -6, -5, 2, -6, -1, -3, -8, -2, 3, 0, 1, -8, -7, -7, -5, 4, 1, -6, 1, -5, -1, 0, -5, -5, -6, -8, -5, -2, 2, 2, 4, -7, -3, -3, -2, 3, 3, -3, -1, 2, -2, -4, -7, 3, -6, -8, -7, -2, -7, 0, -5, 4, -5, -2, 0, 0, -8, 3, 3, -8, 1, -8, 3, -8, 3, -8, -4, 0, -3, -3, -5, 0, -8, -6, 0, 4, 4, 1, -1, -6, 4, -8, 3, -3, 1, -6, -8, 4, -6]
 
1.07265460103: [1, -5, -4, -8, -2, -4, 3, -6, 3, 2, -5, -8, -2, 2, -4, -4, 3, 4, -2, -8, -8, -3, 2, -2, -7, -8, 2, -5, 2, 1, 3, -7, -4, -4, -8, 0, -4, 4, -6, -5, -2, -5, -8, -5, 2, -7, -2, 1, 2, -8, -3, -2, 2, -5, -8, -3, -3, 3, -8, 1, -5, 0, 3, 2, 0, -7, 3, -6, -8, 1, 1, 3, -7, -8, 0, 0, -7, -1, -1, 3, -8, -8, -7, -6, -7, 3, -2, -4, 0, -5, 4, -5, -2, 0, 0, -8, 3, 2, -8, 1, -8, -6, -8, 3, -8, -4, 0, -5, -5, 2, 1, 0, 3, 0, 3, 4, -8, 2, -5, -5, -3, -6, -5, -3, -5, -3, -4, -7]
 
2.17492824142: [-2, 2, 0, 3, 2, -6, 3, -6, -4, 2, -3, -8, -2, -4, -2, -1, 1, -2, 1, 2, -8, 4, -8, 2, -6, -1, -6, -7, 1, -7, -4, -7, -4, -4, -8, 0, -4, 4, -6, -2, -3, -5, -8, -5, -1, -7, -2, 1, 2, -8, -3, -1, 2, -5, -8, -6, -3, 3, -8, -7, -5, 0, 1, 2, -6, -7, 3, 0, -8, 1, 1, 3, 2, 3, 0, 0, -7, -1, -1, 3, -8, -8, -7, -6, -8, -7, -2, -7, 0, -5, 4, -5, -2, 0, 0, -8, 3, 3, -8, 1, -8, 3, -8, 3, -8, -4, 0, -3, -3, -5, 0, -8, -6, 0, 4, 4, 1, -1, -6, 4, -8, 3, -3, 1, -6, -8, 4, -3]
 
