0.56028246774: [-8, 2, 2, -6, -1, -5, -4, -1, -8, -3, -5, -1, -8, -8, -1, -5, -3, 1, -1, -3, 4, -3, -8, -5, -5, 3, -7, -1, 3, -6, 0, -7, 3, 0, 1, -1, -2, 1, 1, 2, -6, 4, -1, -2, -4, 3, 1, -4, -3, -3, 4, 0, -8, 1, -7, -2, -5, -6, -5, 4, 2, 0, -3, 4, -3, 0, -1, -6, -8, 1, -2, 1, -8, 4, 0, -8, -1, -5, -8, -3, -3, -2, -1, -7, 3, 0, -5, 3, 3, -1, 2, 2, -4, -6, -3, 1, -5, -2, -7, -6, -2, 4, 1, -5, -6, -1, -3, 2, 4, -7, 4, 3, 2, 3, -1, -3, -4, 1, 0, -2, -2, 2, -1, 0, -3, 2, 1, -1]
 
0.490014095786: [3, -3, 2, -1, -4, -2, -6, -3, 1, 2, 0, -7, -5, 0, -6, -1, -7, -6, -1, 2, -6, -1, -4, 0, -5, -8, 2, -5, -2, 1, 3, -6, -2, -1, -4, 0, 3, -8, 3, -5, -4, 3, -3, -3, -1, 2, 0, 1, -2, -3, 1, -2, -3, 1, -3, -2, -5, -6, -1, 4, -3, 4, -5, -2, -3, -8, 4, 0, -1, 2, -3, 4, 0, 0, 4, 4, 2, 3, -2, 2, -6, 2, 0, -3, -3, -4, -5, -1, -3, -5, 4, 2, 2, -8, -2, -2, 3, -1, -3, 4, -3, -7, 3, -6, 1, -1, -1, -8, -2, -4, -8, -4, -8, -1, -2, -6, 4, 2, -8, -1, -1, 0, 3, -5, 2, 0, -3, -5]
 
0.6711857329390369: [0, -4, -7, -2, 2, -3, 0, 2, 1, 2, -3, -3, -2, 3, -3, 3, -1, -2, -1, -4, 3, -1, -2, 1, -6, -5, 2, 2, -5, -7, 4, -1, -2, 4, 0, -4, 1, -5, 3, -3, 0, -4, -7, -7, 3, -6, -2, 3, -6, -5, 4, 1, -7, -5, 1, -8, 4, -3, -1, -4, 1, 4, -2, -1, 3, -4, 2, -8, -1, 0, -1, -5, 1, 4, -7, -7, 3, -1, 2, -3, -7, 3, -2, 2, -3, -4, -3, 2, -7, 2, -2, 2, 1, -7, -3, 0, -2, -7, 2, -5, 3, 1, -4, -4, 1, -4, -3, 1, 4, 1, 1, 4, 0, -8, -4, -3, 1, -1, -6, -1, -5, 3, -7, 2, 3, -1, -2, 4]
 
0.702700552066: [-1, 4, 2, -8, -4, 4, -5, -6, 1, -3, 2, 3, -8, -1, -2, 0, 3, -7, -6, -5, 3, -1, -1, -3, 4, 3, -3, 2, -1, -3, -7, -6, -5, -5, -6, 2, -3, -1, 0, -1, 0, 4, -5, -8, 0, 2, -4, -6, -5, -7, 1, -1, -7, -5, -3, -3, -5, -6, -1, -4, -4, 4, -2, 3, 2, -7, -8, 1, -8, -3, -7, 2, -8, -8, -3, 0, -3, -8, -7, 3, 2, -2, 0, 1, 2, 0, -4, -1, -3, -1, -8, -7, 3, 0, 0, -6, 3, -8, -4, 3, 0, -3, 2, -8, -2, -5, -7, -5, -6, -7, -7, -3, 0, 1, 1, -3, -3, 4, -8, 1, -1, -2, 3, -7, -6, 1, -4, -7]
 
1.2736610771535166: [-5, 4, 2, -6, -4, -5, 3, -1, 1, 4, -8, 3, 0, -1, -2, -4, 0, 2, -2, 4, 1, 1, -4, -3, 3, 3, -3, -2, -5, -7, -7, -6, -2, 1, -6, -2, -3, -4, 0, -6, 0, -7, -1, -8, 0, 2, -2, 0, -6, -3, 1, 0, -7, 1, -3, -2, -5, -1, -1, -4, -4, 4, -4, 3, -2, 0, -8, -6, -2, -3, -7, 4, -8, -8, -8, 4, -2, -1, 0, 0, 4, -6, -3, -2, -3, 3, -7, 2, -2, -2, -2, -1, -1, 4, -1, -4, -5, -6, -5, 4, -4, 3, -5, -5, 3, -4, -3, -1, -1, 2, -3, 3, -3, 2, -2, 3, 0, 0, -6, 2, -3, 1, -7, 3, 3, -1, -2, 4]
 
1.1196468241682178: [-3, -3, 2, -6, -4, -5, 3, -1, 1, 4, -8, 3, 0, -1, -2, -4, 0, 2, -2, 4, 1, 1, -4, -3, 3, 3, -3, -2, -5, -7, -7, -6, -2, 1, -6, -2, -3, -4, 0, -6, 0, -7, -1, -8, 0, 2, -2, 0, -6, -3, 1, 0, -7, 1, -3, -2, -5, -1, -1, -4, -4, 4, -4, 3, -2, 0, -8, -6, -2, -3, -7, 4, -8, -8, -3, -2, -8, -1, 0, 3, -6, -2, -5, -3, 2, 0, 2, -1, 2, -1, -2, -6, -5, -7, -3, -5, -2, 3, -4, -3, 4, 4, 1, -1, -7, -1, -7, -4, -2, -7, -7, 1, 0, 1, 0, -1, -5, 4, -2, -3, -1, -2, 3, -7, -7, 1, 3, -5]
 
1.7507601168499707: [-7, 2, -5, -1, 1, -1, -4, -2, -8, -3, -5, -5, -2, -8, -6, 4, 0, -3, -2, -2, 3, -6, -5, -2, 1, -7, -6, -6, 2, -4, 0, -2, -5, -1, -4, -1, -1, 3, -5, -2, -1, 3, -3, -8, 0, 2, -2, 0, -6, -3, 1, 0, -7, 1, -3, -2, -5, -1, -1, -4, -4, 4, 2, 4, 3, -4, 2, -8, -4, 0, -1, -5, 1, 4, -2, -8, 3, -5, 2, -6, -3, 3, -7, 2, 3, -2, -5, -2, 3, 4, 2, 2, 2, -2, 0, 1, -2, -2, 4, -8, -2, -5, -5, -5, 3, -4, -3, -1, -1, 2, -3, 3, -3, 2, -2, 3, 0, 0, -6, 2, -3, 1, -7, 3, 3, -1, -2, 4]
 
0.810362209531: [1, -3, -3, 0, 3, -5, -4, -3, 4, 1, -7, -5, -4, 4, -6, -5, -8, -5, -1, 2, 4, -1, -4, -3, -8, 0, -8, -3, -4, 3, 4, 1, -5, 4, -2, -6, -2, -3, -2, -7, -4, -5, -7, -6, -6, -5, -6, -4, -7, -2, -1, 3, -8, 2, -3, -6, 1, -5, 0, -6, 2, -4, -1, 0, -8, 3, -6, -8, 0, 1, -4, -7, -8, 1, -5, -8, -8, 1, -7, 3, -1, -4, -5, -3, 2, -5, -3, -8, 3, -6, 2, -6, 3, 4, -3, 0, -1, -7, -5, 4, 4, 4, 1, -6, -8, -1, -7, -8, 3, -4, -7, 4, -2, 1, -4, 0, -5, 4, -2, -5, 0, -5, 0, -7, -7, 1, -6, -5]
 
1.9835526491293147: [-3, -3, 2, -1, -1, 2, 0, -1, -6, -8, 2, 0, -6, -6, 0, -7, -5, -2, 1, -6, -8, 4, 2, -1, 3, 0, -2, -3, -4, -4, -8, -2, -3, -5, -6, -1, -3, -8, 1, 4, -8, 3, -3, -8, -8, 4, -8, 4, -6, -3, 2, 0, -7, 1, -3, -2, -5, -1, -1, -4, -4, 4, 2, 4, 1, -8, 4, -7, -7, -8, -3, -6, -6, 0, -5, 4, 2, 3, 1, 2, -7, 2, 1, -3, -1, -3, -4, -2, -2, -5, 3, -7, -8, -2, -3, -6, 3, 1, -3, 4, -3, -6, 3, 0, -5, -8, -1, -5, -2, -6, -8, -4, -8, -6, 2, -4, 4, 2, -8, -4, -3, 3, -7, -2, -1, -1, -3, -6]
 
1.6876551932844812: [-7, 2, -5, -1, 1, -1, -4, -2, -8, -3, -5, -5, -2, -8, -6, 4, 0, -3, -2, -2, 3, -6, -5, -2, 1, -7, -6, -6, 2, -4, 0, -2, -5, -1, -4, -1, -7, -7, -4, -5, -1, 3, -3, -3, 0, 2, -2, 0, -6, -3, 1, 0, -7, 1, -3, -2, -5, -1, -1, -4, -4, 4, -4, 3, -2, 0, -8, -6, -2, -3, -7, 4, -8, -8, -3, -2, -8, -1, 0, 3, -6, -2, -5, -3, 2, 0, 2, -1, 2, -1, -2, -6, -5, -7, -3, -5, -2, 3, -4, -3, 4, 4, 1, -1, -7, -1, -7, -4, -2, -7, -7, 1, 0, 1, 0, -1, -5, 4, -2, -3, -1, -2, 3, -7, -7, 1, 3, -5]
 
0.8725409733023302: [0, -6, -3, -6, -1, -6, -2, -2, 1, -6, -3, 2, 2, -1, -6, -4, 3, -4, -2, -5, -1, 0, 0, -3, -2, -5, 1, -2, 4, 4, 0, -1, -7, -4, -6, 4, -5, -2, -4, -2, -6, -3, -7, 0, -1, 0, -6, -4, -1, -4, -6, -7, 2, -1, 0, 2, -2, 1, -7, -1, -2, -1, -1, -5, 4, 4, 4, -2, 2, 1, -3, 1, -4, -4, -6, 3, 1, -8, 4, 4, -6, -6, 1, -4, -4, -4, -5, 1, 1, 0, 2, 4, 2, 0, -5, -7, -4, -5, 4, -3, -8, -8, -1, -1, -5, 1, -4, -2, -5, 2, 2, -1, -6, -8, -4, 2, 4, -6, 3, -2, -8, -2, -3, -1, -3, 0, -3, -8]
 
0.7934001894669216: [0, 3, 4, 0, -2, -1, 4, -4, -8, 0, -8, 3, 0, 1, -7, -2, 0, -3, -2, -2, -7, -6, -5, -1, 3, -7, -2, -4, 2, 2, 0, 4, -5, -1, 4, 1, -1, -8, -5, -2, -1, 3, -3, -8, 0, 3, 0, 0, -6, -3, -1, 1, -7, 3, -3, -2, -5, -8, -1, -4, 0, -8, -2, 1, 2, -8, 4, -7, -7, -8, 1, -6, -6, 4, 3, 4, 2, 3, 1, 2, -1, 2, 1, -4, -1, -3, -4, -2, -2, 0, 3, -7, 1, -4, -4, 1, 3, 2, -5, 4, -3, -6, 3, 1, -5, -5, -1, -5, -2, -6, -8, 4, -8, -6, -3, 4, 4, 2, 2, 1, 1, 3, -7, -2, -7, 1, 3, -5]
 
1.6169874807795224: [0, 3, 4, 0, -2, -1, 4, -4, -8, 0, -8, 3, 0, 1, -7, -2, 0, -3, -2, -2, -7, -6, -5, -1, 3, -7, -2, -4, 2, 2, 0, 4, -5, -1, 4, 1, -1, -8, -5, -2, -1, 3, -3, -8, 0, 3, 0, 0, -6, -3, -1, 1, -7, 3, -3, -2, -5, -8, -1, -4, 0, -8, -2, 1, 2, -8, 4, -7, -7, -8, 1, -6, -6, 4, 3, 4, 2, 3, 1, 2, -1, 2, 1, -4, -1, -3, -4, -2, -2, 0, 3, -7, 1, -4, -4, 1, 3, 2, -5, 4, -3, -6, 3, 1, -5, -5, -1, -5, -2, -6, -8, 4, -8, -6, -3, 4, 4, 2, 2, 1, 1, 3, -7, -2, -1, 4, 0, -3]
 
1.1292807807365102: [2, -3, -3, 0, 3, -5, -6, -3, 1, 2, 0, -7, -5, 0, -6, -1, -2, -6, -1, 2, -6, -1, -4, -2, -8, -8, 2, -5, -2, -4, 3, -6, -2, -1, -4, -1, -7, -7, -4, -5, -1, 3, -3, -3, 3, 2, -2, 1, -6, -3, 1, -2, -7, 1, -3, -2, -5, -1, -1, 4, -3, 4, 2, 4, -3, -8, 4, 0, -7, -8, -3, -6, -4, 0, -5, 4, 2, 3, -2, 2, -7, 2, 1, 4, -3, -4, -3, 2, -7, 4, 1, -5, 1, -5, -7, 2, 1, -3, 1, -5, 3, 1, -4, -5, -6, -4, -6, -3, 4, 3, -2, 3, 0, -8, -4, -3, -3, -1, -6, 2, -1, -4, -3, -2, -1, 0, -3, -6]
 
0.777254253022: [-4, 0, 0, -3, 1, -6, -2, 1, -1, 2, 0, 2, -8, -2, 4, -8, 3, -1, -7, -6, 2, -7, -4, -2, -3, 2, -5, 4, -3, -7, 4, -2, -3, 1, -4, -3, 4, -1, -2, -6, -3, 3, -6, -4, -2, 1, -5, 4, 0, 3, 0, 0, -8, 2, -1, 3, 0, -6, 0, 0, 1, 2, 1, -3, -6, -2, -4, -8, -6, 4, 4, -2, 0, -1, -3, -4, 4, -5, -7, 2, -6, 0, 3, -3, 2, -2, -3, 2, -5, -7, -1, -1, -5, 2, 4, -2, 4, -6, 1, -2, 2, -3, 4, -2, -1, -4, 2, 1, -7, -6, 2, -1, -4, 4, 4, 2, 4, 0, 0, -5, -3, -4, 3, 4, 2, 1, -2, -3]
 
2.2200129136053848: [3, -3, -3, 0, 3, -5, -6, -3, 1, 2, 0, -7, -5, 0, -6, -1, -2, -6, -1, 2, -6, -1, -4, -2, -8, -8, 2, -5, -2, -4, 3, -6, -2, -1, -4, -1, -7, -7, -4, -5, -1, 3, -3, -3, 0, 2, -2, 0, -6, -3, 1, 0, -7, 1, -3, -2, -5, -1, -1, -4, -4, 4, -4, 3, -2, 0, -8, -6, -2, -3, -7, 4, -8, -8, -3, -2, -8, -1, 0, 3, -6, -2, -5, -3, 2, 0, 2, -1, 2, -1, -2, -6, -5, -7, -3, -5, -2, 3, -4, -3, 4, 4, 1, -1, -7, -1, -7, -4, -2, -7, -7, 1, 0, 1, 0, -1, -5, 4, -2, -3, -1, -2, 3, -7, -7, 1, 3, -5]
 
1.3051711836233704: [3, -3, -3, 0, 4, -5, -6, -7, -3, 2, 0, -7, -5, 0, 1, -5, -2, 0, 4, 2, 2, -1, -4, -2, -8, -5, 2, -5, -5, -5, 2, -6, -2, -1, -4, -1, -1, -7, -5, -6, -8, 3, -1, -3, 3, -6, -4, 3, -6, -3, -2, -2, -8, 1, -3, -6, 4, -2, -1, -2, -3, 3, -7, 4, 3, -8, 4, 0, -7, -8, -3, -6, -2, 2, -5, 0, -6, 3, -2, -8, -7, 2, -6, -1, 1, -4, -3, -1, -1, -3, -6, -7, -3, 4, -1, -3, 3, -5, -3, 4, -3, -1, -4, 3, -7, -8, -7, -4, 2, -7, -3, 1, 0, 1, 0, -4, -5, 2, -2, -3, -1, -2, 3, -7, -7, 3, 3, -5]
 
2.709410877211033: [-3, -3, 2, -1, -1, 2, 0, -1, -6, -8, 2, 0, -6, -6, 0, -7, -5, -2, -1, 2, -6, -1, -4, -2, -8, -8, 2, -5, -2, -4, 3, -6, -2, -1, -4, -1, -7, -7, -4, -5, -1, 3, -3, -3, 3, 2, -2, 1, -6, -3, 1, -2, -7, 1, -3, -2, -5, -1, -1, 4, -3, 4, 2, 4, -3, -8, 4, 0, -7, -8, -3, -6, -4, 0, -5, 4, 2, 3, -2, 2, -7, 2, 1, -3, -3, -3, -4, -2, 1, -5, -4, 2, -3, -2, -2, -6, 3, -1, -3, 4, -3, -6, 3, 0, -5, -1, -1, -8, -2, -4, -8, -4, -8, -6, 2, -4, 4, 2, -8, -3, -3, 1, -7, 3, 2, 1, -2, 3]
 
2.206457947031202: [3, -3, -3, 0, 3, -5, -6, -3, 4, 1, -7, -5, -5, 2, -6, 3, -8, -6, -1, 2, 4, -1, -4, -2, -8, 0, -1, -3, -4, 2, 4, 1, -5, -8, -2, -6, -7, -1, -7, -7, 4, -6, -7, -6, -6, -5, 0, -5, -6, 2, -1, 3, -8, 2, -3, -6, 3, -5, -5, -6, -2, -4, 2, 2, -8, 3, 4, 2, 0, -3, -8, -4, -8, 1, -5, -2, -8, -1, -1, 3, -6, -4, -5, 2, 2, -5, -3, -1, 2, -1, -2, -6, 3, -7, -3, -3, -1, 3, -4, -3, 4, 4, 1, -6, -8, -1, -7, -4, 3, -7, -7, 4, 0, 1, 0, 0, -5, 4, -2, -3, 0, -5, 0, -7, -7, 1, -6, -5]
 
1.2119630790162619: [-2, -7, -7, -1, -2, 3, 3, -1, -8, -4, -7, 3, 4, 0, -3, 4, 0, -3, -2, -2, 3, -6, 2, -2, -6, -7, -7, 4, -5, -4, 0, -8, 1, -3, -4, 2, -3, -1, -5, 0, 0, -7, -2, -1, -7, 3, -8, 4, -3, -2, -6, -7, 3, -7, -4, 3, -4, -3, -1, -1, -2, -8, -5, 2, 3, 1, 2, -7, 1, -1, -4, 0, -6, 3, -8, -5, -2, -1, 0, -7, 4, -2, -2, -2, 2, 3, -7, 3, -5, -2, -2, -1, -1, 0, 4, -4, -5, 3, 1, 4, -4, 2, 2, -4, 1, -1, -3, -2, -3, -3, -4, 1, 2, 3, 2, -1, -2, -3, -4, -1, -4, -4, -5, -5, -2, -3, 4, 3]
 
1.117984347591676: [-7, 2, -5, -1, 3, 2, -4, -7, -8, 2, -8, -5, -2, -8, -6, -3, -2, 0, 0, -2, -1, -1, -5, -2, 1, -7, -6, -6, -6, -4, 0, 0, -5, -1, -4, -1, 0, 3, -5, -2, -1, 1, -3, -8, 1, -4, -2, -8, -6, -3, 1, 4, -7, 1, -3, -2, -3, 2, -4, -4, -8, 4, 2, 4, 2, 4, 3, 4, -4, -1, -1, 1, 1, 4, -2, 1, 3, -4, 2, -6, 4, -5, -7, 0, -3, -4, -3, 2, 3, 2, 3, -7, -8, 3, -3, 4, 2, 1, -7, 4, 2, -6, 3, 0, -8, -8, -8, 4, -2, -8, -8, -7, -6, -6, 2, -8, 4, 2, -7, 4, -5, 3, -8, -2, -1, 3, -2, 4]
 
0.9948560917849384: [-2, -7, -7, -1, -4, -4, 4, -3, -3, -5, -3, 2, 0, 1, -5, -6, 1, -1, 1, -6, 3, -8, 3, -5, -2, -7, 1, 2, 4, -5, -1, -4, 1, -3, -3, -5, -3, 2, -2, 0, -5, 1, -3, -8, -5, 3, 1, 4, -3, -2, 0, -7, -5, -7, -3, 3, -4, -4, -1, -1, -2, -8, -5, 2, 3, 1, -8, -8, 1, -1, 2, 0, -6, 3, -3, -2, -8, -1, 0, 3, -6, -2, -5, -3, 2, 0, 2, -1, 2, -1, -2, -6, -5, -7, -3, -5, -2, 3, -4, -3, 4, 4, 1, -1, -7, -1, -7, -4, -2, -7, -7, 1, 0, 1, 0, -1, -5, 4, -2, -3, -1, -2, 3, -7, -7, 1, 3, -5]
 
-1000: [3, -3, -7, 0, 3, -6, -6, -3, 4, -5, -6, -5, -5, -1, -6, 3, -8, -6, -1, 2, 3, -1, -4, -2, -8, 0, -1, -3, -4, 2, -2, -3, -5, -8, -2, -6, -7, 4, -8, -7, -7, 4, -7, -6, -3, -5, 0, -5, -6, 2, -1, -7, -8, -5, -3, -6, -5, -5, -5, -6, -2, -4, 2, 2, 2, 3, -8, -3, 0, -7, -8, -4, 1, 1, -2, 0, -8, -1, -1, 3, -5, -4, -5, 0, 2, -5, -3, -1, -1, -1, -2, -8, -8, -7, -1, -7, -6, 3, -4, -2, 4, 2, 3, -6, -5, -1, -7, 2, 3, 2, 2, 4, 0, 1, 0, 0, -5, 4, -7, 1, -7, -5, -6, -7, -6, 1, -6, 3]
 
0.8511178877757788: [-2, -7, -7, -1, -4, -4, 4, -3, -3, -5, -3, 2, 0, 1, -5, -6, 1, -1, 1, -6, 3, -8, 3, -5, -2, -7, 1, 2, 4, -5, -1, -4, 1, -3, -3, -5, -3, 2, -2, 0, -5, 1, -3, -8, -5, 3, 1, 4, -3, -2, 0, -7, -5, -7, -3, 3, -4, -4, -1, -1, -2, -8, -5, 2, 3, 1, -8, -8, 1, -1, 2, 0, -6, 3, -8, 4, -2, -1, 0, 0, 4, -6, -3, -2, -3, 3, -7, 2, -2, -2, -2, -1, -1, 4, -1, -4, -5, -6, -5, 4, -4, 3, -1, -2, -8, -1, -1, -2, -3, -3, -4, 1, -8, -1, 2, -4, 4, 2, -8, -3, -3, 1, -7, 3, 3, -1, -2, -7]
 
0.5914576140576555: [-5, 4, 2, -6, -4, -5, 3, -1, 1, 4, -8, 3, 0, -1, -2, -4, 0, 2, -2, 4, 1, 1, -4, -3, 3, 3, -3, -2, -5, -7, -7, -6, -2, 1, -4, -1, -7, -7, -4, -5, -1, 3, -3, -3, 3, 2, -2, 1, -6, -3, 1, -2, -7, 1, -3, -2, -5, -1, -1, 4, -3, 4, 2, 4, -3, -8, 4, 0, -7, -8, -3, -6, -4, 0, -5, 4, 2, 3, -2, 2, -7, 2, 1, -3, -3, -3, -4, -2, 1, -5, -4, 2, -3, -2, -2, -6, 3, -1, -3, 4, -3, -6, 3, 0, -5, -1, -1, -8, -2, -4, -8, -4, -8, -6, 2, -4, 4, 2, -8, -3, -1, -2, 3, -7, -7, 3, 3, -5]
 
1.4139541782748308: [-2, -7, -7, -1, 2, -2, 4, -3, -3, -5, -3, 0, -1, -7, -5, -6, -4, -1, 3, -6, 3, -8, 3, -5, -2, -7, 1, -4, 4, -5, -1, -6, 1, -1, -3, -5, 0, 2, -2, 0, 1, 1, -3, -8, 4, -6, -4, -8, 3, -2, -4, -8, -5, -6, -3, 3, -4, -4, 4, 3, -4, -8, -5, 3, 3, 1, -8, -8, 1, -1, 2, 0, -1, -6, -7, 4, -2, -1, 0, 0, 4, -6, -3, -2, -3, 3, -7, 2, -2, -2, -2, -6, -1, 4, -1, -2, -5, 0, -3, 4, -4, 3, -1, -3, -5, -1, -1, -2, -3, -6, -6, 2, -4, -1, 2, 4, -7, -3, -3, -1, -4, -4, -7, -8, 2, 4, -8, -4]
 
0.424873474547: [-4, -3, 4, 0, -5, -7, 0, -5, -8, -5, 3, -3, -4, -5, -4, -3, -8, -3, -8, -5, -5, 2, 3, -5, -1, -8, 2, 0, -6, -5, -2, -6, -2, 3, -1, -3, -7, -5, 2, -1, 1, -2, -1, -7, 3, -3, 3, -4, -6, -1, 1, -2, -2, -7, 0, -5, -8, -3, 2, 4, 3, 4, -1, 4, -2, 3, -7, -1, 2, 4, -8, 2, 4, -3, -4, -6, 2, -1, 0, 3, 3, -4, -2, -5, -7, -6, 1, -5, 1, 0, 1, 3, 1, 3, 0, -6, -1, -7, -7, -6, 4, 2, 3, 2, 0, -1, 3, -3, -6, -4, -8, -4, -5, -7, -2, -4, -6, -6, -3, -2, -3, -3, -2, -7, -8, -7, -2, -7]
 
1.5654547049425727: [-2, -7, -7, -1, -4, -4, 4, -3, -3, -5, -3, 2, 0, 1, -5, -6, 1, -1, 1, -6, 3, -8, 3, -5, -2, -7, 1, 2, 4, -5, -1, -4, 1, -3, -3, -5, -3, 2, -2, 0, -5, 1, -3, -8, -5, 3, 1, 4, -3, -2, 0, -7, -5, -7, -3, 3, -4, -4, -1, -1, -2, -8, -5, -2, 2, -8, -4, 0, -5, -5, -3, -4, -2, -4, -6, -5, 1, 1, 4, -7, -6, 3, -1, 4, -3, -1, -4, -2, 1, 2, -4, 2, -3, 1, -1, -6, 0, -7, 0, -4, -7, -1, -2, -7, -3, 0, 2, 4, -6, -2, -5, -1, -2, 2, 0, 2, -1, -6, -6, 2, -4, 0, 0, 1, -3, 1, -7, -6]
 
0.8578344549631809: [-7, 2, -5, -1, 1, -1, -4, -2, -8, -3, -5, -5, -2, -8, -6, -3, -2, 3, -7, 4, 1, 1, -4, -3, 3, 3, -3, -2, -5, -7, -7, -6, -2, 1, -6, -2, -3, -4, 0, -6, 0, -7, -1, -4, -2, 1, 2, -4, -1, 1, 2, -5, -4, 1, -7, -4, -6, -2, -1, -5, -8, -2, -8, -2, -3, -2, 1, 4, 1, -2, 2, -5, -5, 1, -6, -8, -3, -5, -3, 0, -4, -1, -1, -1, 4, -5, -6, 2, 4, -5, -2, 3, -1, 1, -8, 3, 4, 4, -7, 2, -1, -7, -1, 1, -2, 0, -4, -1, -1, -3, -8, -4, -8, -6, 2, -1, -5, 4, -2, -3, -1, -2, 3, -7, -7, 1, 3, -5]
 
1.2716942646998208: [2, -4, -7, -3, 2, -5, 0, -7, 1, 2, -3, -3, -4, -2, -3, 3, -1, -2, -1, -1, -4, -1, -6, 1, -8, -4, 2, 2, 0, -7, 3, -1, -5, -6, -2, -4, 4, -5, -2, -3, 0, -4, -3, -3, -6, 2, 1, 1, -6, -3, -8, -2, -4, 1, -3, -2, -7, 2, -1, 4, 4, 4, 4, 4, -3, -8, -8, 0, -7, -7, 4, -6, 3, 0, -5, 4, 2, -7, -2, 2, -7, 2, -2, -3, -3, -8, -1, -2, 1, -5, -3, 2, -3, -2, 1, -7, 3, -7, -3, 4, -3, -6, -2, 0, -5, -1, -1, 1, -2, -4, -1, -4, -8, -2, 2, -4, -5, 2, 1, -3, -2, -2, -7, -5, 3, -1, -4, -7]
 
1.8403712992056767: [-5, 4, 2, -1, -1, 2, 0, -1, -6, -8, 2, 0, -6, -6, 0, -7, -5, -2, 1, -6, -8, 4, 2, -1, 3, 0, -2, -3, -4, -4, -8, -2, -3, -5, -6, -1, -3, -8, 1, 4, -8, 3, -3, -8, -8, 4, -8, 4, -6, -3, 2, 0, -7, 1, -3, -2, -5, -1, -1, -4, -4, 4, 2, 4, 1, -8, 4, -7, -7, -8, -3, -6, -6, 0, -5, 4, 2, 3, 1, 2, -7, 2, 1, -3, -1, -3, -4, -2, -2, -5, 3, -7, -8, -2, -3, -6, 3, 1, -3, 4, -3, -6, 3, 0, -5, -8, -1, -5, -2, -6, -8, -4, -8, -6, 2, -4, 4, 2, -8, -4, -3, 3, -7, -2, -1, -1, -3, -6]
 
0.9437817868727768: [-3, 2, 2, -4, -1, 2, -6, -1, -6, -8, 4, 0, -6, 1, 0, -7, -2, -2, -8, 2, -6, 3, -4, -2, 1, 3, 4, -4, 2, 3, 2, -1, -5, -1, -4, -1, 3, 4, -5, -6, -2, 0, -8, 0, 3, 0, -7, -4, 1, 0, 4, 2, 0, -3, -2, 0, 3, 1, -3, -6, -7, 2, -8, -3, -4, -8, -1, 3, 4, -3, 4, 4, 2, 0, 4, -2, 1, -3, -8, -7, 4, -6, 3, 0, 2, -4, -3, 4, 0, 2, 1, -5, -4, -5, -2, 2, -6, -7, -1, -5, -8, -4, -4, 2, 3, 4, -3, -2, -4, 1, -4, -4, -7, -8, -4, -8, -1, 3, -2, 0, -5, 4, -4, -1, 1, -1, -3, -8]
 
1.53539007602: [3, -3, -3, 0, 3, -5, -6, -3, 4, 1, -7, -5, -5, 2, -6, 3, -8, -6, -1, 2, 4, -1, -4, -2, -8, 0, -1, -3, -4, 2, 4, 1, -5, -8, -2, -6, -7, -1, -5, 0, 0, -7, -2, -1, -7, 3, -8, 4, -3, -2, -6, -7, 3, -7, -4, 3, -4, -3, -1, -1, -2, -8, -5, 2, 3, 1, 2, -7, 1, -1, -4, 0, -6, 3, -8, -5, -2, -1, 0, -7, 4, -2, -2, -2, 2, 3, -7, 3, -5, -2, -2, -1, -1, 0, 4, -4, -5, 3, 1, 4, -4, 2, 2, -4, 1, -1, -3, -2, -3, -3, -4, 1, 2, 3, 2, -1, -2, -3, -4, -1, -4, -4, -5, -5, -2, -3, 4, 3]
 
-1000: [-2, -3, -1, -1, -2, -5, 3, -3, 4, -4, -7, 3, 4, 0, -7, 4, 0, -3, -2, -7, 3, -6, 2, -2, -6, 0, -7, -3, -5, 4, 0, -8, 0, -3, -4, -4, -3, -7, -7, -7, 4, -7, -3, -6, -4, -5, 0, -5, -6, -3, 2, -2, 0, 2, 3, 3, 1, -5, -5, -6, 0, -4, -7, 4, -8, -8, -1, 2, 0, 2, -8, -4, -8, 1, -4, -2, -4, -6, -1, 3, -6, -4, -5, 2, -5, -7, -3, -1, -7, -1, -2, -6, -5, -7, -3, -3, -1, 4, -7, -3, 4, -6, 1, -6, -4, -6, -7, -8, 3, -7, 0, 4, 0, 1, 1, 1, 3, 4, -5, -3, 0, -5, 0, -7, -7, 1, -6, 3]
 
1.98851671445: [3, -3, -3, 0, 3, -5, -6, -3, 4, 1, -7, -5, -5, 2, -6, 3, -8, -6, -1, 2, 4, -1, -4, -2, -8, 0, -1, -3, -4, 2, 4, 1, -5, -8, -2, -6, -7, -1, -7, -7, 4, -6, -7, -6, -6, -5, 0, -5, -6, 2, -1, 3, -8, 2, -3, -6, 3, -5, -5, -6, -2, -4, 2, 2, -8, 3, 4, 2, 0, -3, -8, -4, -8, 1, -5, -2, -8, -1, -1, 3, -6, -4, -5, 2, 2, -5, -3, -1, 2, -1, -2, -6, 3, -7, -3, -3, -1, 3, -4, -3, 4, 4, 1, -6, -8, -1, -7, -4, 3, -7, -7, 4, 0, 1, 0, 0, -5, 4, -2, -3, 0, -5, 0, -7, -7, 1, -6, -5]
 
2.88112999656: [3, -3, -3, 0, 3, -5, -6, -3, 4, 1, -7, -5, -5, 2, -6, 3, -8, -6, -1, 2, 4, -1, -4, -2, -8, 0, -1, -3, -4, 2, 4, 1, -5, -8, -2, -6, -7, -1, -7, -7, 4, -6, -7, -6, -6, -5, 0, -5, -6, 2, -1, 3, -8, 2, -3, -6, 3, -5, -5, -6, -2, -4, 2, 2, -8, 3, 4, 2, 0, -3, -8, -4, -8, 1, -5, -2, -8, -1, -1, 3, -6, -4, -5, 2, 2, -5, -3, -1, 2, -1, -2, -6, 3, -7, -3, -3, -1, 3, -4, -3, 4, 4, 1, -6, -8, -1, -7, -4, 3, -7, -7, 4, 0, 1, 0, 0, -5, 4, -2, -3, 0, -5, 0, -7, -7, 1, -6, -5]
 
0.726152665599: [-3, -3, 2, -1, -1, 2, 0, -1, -6, -8, 2, 0, -6, -6, 0, -7, -5, -2, 1, -6, -8, 4, 2, -1, 3, 0, -2, -3, -4, -4, -8, -2, -3, -5, -6, -1, -3, -8, 1, 4, -8, 3, -3, -8, -8, 4, -8, 4, -6, -3, 2, 0, -7, 1, -3, -2, -5, -1, -1, -4, -4, 4, 2, 4, 1, -8, 4, -7, -7, -8, -3, -6, -6, 0, -5, 4, 2, -8, 4, 4, -6, -6, 1, -4, -4, -4, -5, 1, 1, 0, 2, 4, 2, 0, -5, -7, -4, -5, 4, -3, -8, -8, -1, -1, -5, 1, -4, -2, -5, 2, 2, -1, -6, -8, -4, 2, 4, -6, 3, -2, -8, -2, -3, -1, -3, 0, -3, -8]
 
2.36137143507: [0, -6, -3, -6, -1, -6, -2, -2, 1, -6, -3, 2, 2, -1, -6, -4, 3, -4, -2, -5, -1, 0, 0, -3, -2, -5, 1, -2, 4, 4, 0, -1, -7, -4, -6, 4, -5, -2, -4, -2, -6, -3, -7, 0, -1, 0, -6, -4, -1, -4, -6, -7, 2, -1, 0, 2, -2, 1, -7, -1, -2, -1, -1, -5, 4, 4, 4, -2, 2, 1, -3, 1, -4, -4, -6, 3, 1, 3, 1, 2, -7, 2, 1, -3, -1, -3, -4, -2, -2, -5, 3, -7, -8, -2, -3, -6, 3, 1, -3, 4, -3, -6, 3, 0, -5, -8, -1, -5, -2, -6, -8, -4, -8, -6, 2, -4, 4, 2, -8, -4, -3, 3, -7, -2, -1, -1, -3, -6]
 
0.798838609218: [-7, 2, -5, -1, 1, -1, -4, -2, -8, -3, -5, -5, -2, -8, -6, -3, -2, 3, -7, 4, 1, 1, -4, -3, 3, 3, -3, -2, -5, -7, -7, -6, -2, 1, -6, -2, -3, -4, 0, -6, 0, -7, -1, -4, -2, 1, 2, -4, -1, 1, 2, -5, -4, 1, -7, -4, -6, -2, -1, -5, -8, -2, -8, -2, -3, -2, 1, 4, 1, -2, 2, -5, -5, 1, -6, -8, -3, -5, -3, 0, -4, -1, -1, -1, 4, -5, -6, 2, 4, -5, -2, 3, -1, 1, -8, -2, -5, 0, -3, 4, -4, 3, -1, -3, -5, -1, -1, -2, -3, -6, -6, 2, -4, -1, 2, 4, -7, -3, -3, -1, -4, -4, -7, -8, 2, 4, -8, -4]
 
0.813750918024: [-1, -7, -5, -1, -1, 3, 4, -3, -3, -5, 0, 1, -1, -7, -5, -6, -5, -1, 2, -6, 3, -5, -4, -5, -8, 4, 1, -5, 4, -5, -1, 0, 1, -1, -3, -5, 0, 2, -2, 2, -2, 1, -6, 2, 4, -6, -4, -8, 3, -2, -4, -6, -5, -6, -3, 3, -4, -4, -7, 1, -3, -8, 2, 3, -1, 3, -6, -8, 0, -1, 2, 0, 0, -6, -7, 4, -2, 3, 0, 0, 4, -5, -3, -2, -4, 3, -7, 2, -8, -2, -2, -6, -1, -5, -1, 4, -3, -6, 0, 2, -6, -7, 0, 4, -2, -2, -4, -1, -3, -3, -8, -4, -2, 1, 2, -1, -7, 1, -2, -4, -2, -2, 3, -7, -7, 1, 3, 1]
 
0.59089430228: [-5, 4, 2, -6, -4, -5, -2, -2, 1, -6, -3, 2, 2, -1, -6, -4, 3, -4, -2, -5, -1, 0, 0, -3, -2, -5, 1, -2, 4, 4, 0, -1, -7, -4, -6, 4, -5, -2, -4, -2, -6, -3, -7, 0, -1, 0, -6, -4, -1, -4, -6, -7, 2, -1, 0, 2, -2, 1, -7, -1, -2, -1, -1, -5, 4, 4, 4, -2, 2, 1, -3, 1, -4, -4, -6, 3, 1, -8, 4, 4, -6, -6, 1, -4, -4, -4, -5, 1, 1, 0, 2, 4, 2, 0, -5, -7, -4, -5, 4, -3, -8, -8, -1, -1, -5, 1, -4, -2, -5, 2, 2, -1, -6, -8, -4, 2, 4, -6, 3, -2, -8, -2, -3, -1, -3, 0, -3, -8]
 
1.11921812928: [0, -6, -3, -6, -1, -6, 3, -1, 1, 4, -8, 3, 0, -1, -2, -4, 0, 2, -2, 4, 1, 1, -4, -3, 3, 3, -3, -2, -5, -7, -7, -6, -2, 1, -6, -2, -3, -4, 0, -6, 0, -7, -1, -8, 0, 2, -2, 0, -6, -3, 1, 0, -7, 1, -3, -2, -5, -1, -1, -4, -4, 4, -4, 3, -2, 0, -8, -6, -2, -3, -7, 4, -8, -8, -3, -2, -8, -1, 0, 3, -6, -2, -5, -3, 2, 0, 2, -1, 2, -1, -2, -6, -5, -7, -3, -5, -2, 3, -4, -3, 4, 4, 1, -1, -7, -1, -7, -4, -2, -7, -7, 1, 0, 1, 0, -1, -5, 4, -2, -3, -1, -2, 3, -7, -7, 1, 3, -5]
 
0.494622152786: [-1, 2, -5, -1, 3, 2, -4, -7, -8, 2, -8, -5, -2, -8, -8, -3, -2, 2, 0, 0, 3, -1, -2, -2, 1, -7, -6, -6, -6, -4, -4, 0, 1, 0, -4, -1, 0, 3, -5, -2, -3, 0, -2, -8, -6, 4, -2, -1, -6, -3, 2, 4, -7, -3, 0, -2, 0, 4, -4, 3, -8, 4, 2, 4, -6, 4, 3, 4, -4, -1, -1, 1, -8, 4, -2, 1, -8, -4, 3, -2, 4, -5, -7, -6, -3, -4, -2, 2, 3, 3, 3, 1, -3, 3, -3, -5, 2, 1, -8, 2, 2, -6, 3, 0, -8, -7, -8, -2, -4, -8, -8, -3, -6, -6, 3, -8, 4, -4, -7, -4, 3, 3, -8, 4, -4, 3, -2, 4]
 
1.26213010524: [-7, 2, -5, -1, 3, 2, -4, -7, -8, 2, -8, -5, -2, -8, -6, -3, -2, 0, 0, -2, -1, -1, -5, -2, 1, -7, -6, -6, -6, -4, 0, 0, -5, -1, -4, -1, 0, 3, -5, -2, -1, 1, -3, -8, 1, -4, -2, -8, -6, -3, 1, 4, -7, 1, -3, -2, -3, 2, -4, -4, -8, 4, 2, 4, 2, 4, 3, 4, -4, -1, -1, 1, 1, 4, -2, 1, 3, -4, 2, -6, 4, -5, -7, 0, -3, -4, -3, 2, 3, 2, 3, -7, -8, 3, -3, 4, 2, 1, -7, 4, 2, -6, 3, 0, -8, -8, -8, 4, -2, -8, -8, -7, -6, -6, 2, -8, 4, 2, -7, 4, -5, 3, -8, -2, -1, 3, -2, 4]
 
0.754080507149: [0, -6, 2, -6, -1, -6, -2, -2, 1, 4, -3, 2, 2, 2, -6, -4, -5, -4, -2, -5, -7, 2, 0, 1, -2, -6, 1, -2, -1, 3, 0, -3, -7, -4, -2, 4, 2, -5, -1, -2, -6, -3, -8, 0, -1, -2, -7, -4, -1, -1, -6, 4, -3, -1, -1, 2, -2, -1, -1, -1, -2, -1, -7, 0, 0, 4, -3, -1, -8, 1, -3, -2, -4, -4, -6, 3, 1, -8, -1, -4, -1, 2, 1, -4, -1, -3, -4, -2, -8, 0, 3, -7, -6, 3, -2, 1, -2, 2, -5, 4, -7, -6, 3, -2, 0, -4, -3, 0, -2, -6, -8, 4, -8, -1, -2, 4, -5, 2, 2, 1, 1, 3, -1, -6, -1, 4, -6, -3]
 
0.645862742324: [0, 3, 4, 0, -2, -1, 4, -4, -8, 0, -8, 3, 0, 1, -7, -2, 0, -3, -2, -2, -7, -6, -5, -1, 3, -7, -2, -4, 2, 2, 0, 4, -5, -1, 4, 1, -1, -8, -5, -2, -1, 3, -3, -8, 0, 3, 0, 0, -6, -3, -1, 1, -7, 3, -3, -2, -5, -8, -1, -4, 0, -8, -2, 1, 2, -8, 4, -7, -7, -8, 1, -6, -6, 4, 3, 4, 2, 3, 4, 4, -6, -6, 1, -4, -4, -4, -5, 1, 1, 0, 2, 4, 2, 0, -5, -7, -4, -5, 4, -3, -8, -8, -1, -1, -5, 1, -4, -2, -5, 2, 2, -1, -6, -8, -4, 2, 4, -6, 3, -2, -8, -2, -3, -1, -3, 0, -3, -8]
 
0.840940559751: [-2, -7, -7, -1, -4, -4, 4, -3, -3, -5, -3, 2, 0, 1, -5, -6, 1, -1, 1, -6, 3, -8, 3, -5, -2, -7, 1, 2, 4, -5, -1, -4, 1, -3, -3, -5, -3, 2, -2, 0, -5, 1, -3, -8, -5, 3, 1, 4, -3, -2, 0, -7, -5, -7, -3, 3, -4, -4, -1, -1, -2, -8, -5, 2, 3, 1, -8, -8, 1, -1, 2, 0, -6, 3, -8, 4, -2, -1, 0, 0, 4, -6, -3, -2, -3, 3, -7, 2, -2, -2, -2, -1, -1, 4, -1, -4, -5, -6, -5, 4, -4, 3, -1, -2, -8, -1, -1, -2, -3, -3, -4, 1, -8, -1, 2, -4, 4, 2, -8, -3, -3, 1, -7, 3, 3, -1, -2, -7]
 
0.86630212408: [-2, -7, -7, -1, -4, -4, 4, -3, -3, -5, -3, 2, 0, 1, -5, -6, 1, -1, 1, -6, 3, -8, 3, -5, -2, -7, 1, 2, 4, -5, -1, -4, 1, -3, -3, -5, -3, 2, -2, 0, -5, 1, -3, -8, -5, 3, 1, 4, -3, -2, 0, -7, -5, -7, -3, 3, -4, -4, -1, -1, -2, -8, -5, 2, 3, 1, -8, -8, 1, -1, 2, 0, -6, 3, -8, 4, -2, -1, 0, 0, 4, -6, -3, -2, -3, 3, -7, 2, -2, -2, -2, -1, -1, 4, -1, -4, -5, -6, -5, 4, -4, 3, -1, -2, -8, -1, -1, -2, -3, -3, -4, 1, -8, -1, 2, -4, 4, 2, -8, -3, -3, 1, -7, 3, 3, -1, -2, -7]
 
1.57870627056: [-7, 2, -5, -1, 1, -1, -4, -2, -8, -3, -5, -5, -2, -8, -6, 4, 0, -3, -2, -2, 3, -6, -5, -2, 1, -7, -6, -6, 2, -4, 0, -2, -5, -1, -4, -1, -1, 3, -5, -2, -1, 3, -3, -8, 0, 2, -2, 0, -6, -3, 1, 0, -7, 1, -3, -2, -5, -1, -1, -4, -4, 4, 2, 4, 3, -4, 4, 0, -7, -8, -3, -6, -4, 0, -5, 4, 2, 3, -2, 2, -7, 2, 1, -3, -3, -3, -4, -2, 1, -5, -4, 2, -3, -2, -2, -6, 3, -1, -3, 4, -3, -6, 3, 0, -5, -1, -1, -8, -2, -4, -8, -4, -8, -6, 2, -4, 4, 2, -8, -3, -1, -2, 3, -7, -7, 3, 3, -5]
 
0.645960665706: [-5, 4, 2, -6, -4, -5, 3, -1, 1, 4, -8, 3, 0, -1, -2, -4, 0, 2, -2, 4, 1, 1, -4, -3, 3, 3, -3, -2, -5, -7, -7, -6, -2, 1, -4, -1, -7, -7, -4, -5, -1, 3, -3, -3, 3, 2, -2, 1, -6, -3, 1, -2, -7, 1, -3, -2, -5, -1, -1, 4, -3, 4, 2, 4, -3, -8, 2, -8, -4, 0, -1, -5, 1, 4, -2, -8, 3, -5, 2, -6, -3, 3, -7, 2, 3, -2, -5, -2, 3, 4, 2, 2, 2, -2, 0, 1, -2, -2, 4, -8, -2, -5, -5, -5, 3, -4, -3, -1, -1, 2, -3, 3, -3, 2, -2, 3, 0, 0, -6, 2, -3, 1, -7, 3, 3, -1, -2, 4]
 
0.846419907425: [-5, 4, 2, -6, -4, -5, 3, -1, 1, 4, -8, 3, 0, -1, -2, -4, 0, 2, -2, 4, 1, 1, -4, -3, 3, 3, -3, -2, -5, -7, -7, -6, -2, 1, -4, -1, -7, -7, -4, -5, -8, 3, -3, -8, -8, 4, -8, 4, -6, -3, 2, 0, -7, 1, -3, -2, -5, -1, -1, -4, -4, 4, 2, 4, 1, -8, 4, -7, -7, -8, -3, -6, -6, 0, -5, 4, 2, 3, 1, 2, -7, 2, 1, -3, -1, -3, -4, -2, -2, -5, 3, -7, -8, -2, -3, -6, 3, 1, -3, 4, -3, -6, 3, 0, -5, -8, -1, -5, -2, -6, -8, -4, -8, -6, 2, -4, 4, 2, -8, -4, -3, 3, -7, -2, -1, -1, -3, -6]
 
2.09032788084: [-5, 2, 2, -1, -1, 2, 0, -1, -6, -8, -7, 0, -6, -6, 4, -7, -5, -4, 1, -6, -8, 4, -8, -5, 3, 1, -2, -3, -4, -4, -8, -1, -3, -5, -5, -1, -3, -8, 1, 3, -1, -3, -3, -3, 3, -7, 2, -6, -6, -3, 1, -3, -8, 1, -3, -2, -5, -1, -8, 4, -4, 4, 0, 4, -3, 0, 4, -8, -1, 0, -1, 1, 1, 4, -2, -2, 3, 2, 0, -6, -5, 3, -5, 3, -4, 2, -5, -2, 3, 4, 2, -3, 2, -2, 0, 1, -2, -2, 4, 3, -2, -5, 1, -5, 0, -1, -6, -2, -1, 2, -7, 3, 0, 2, 0, -8, -3, 0, -8, 2, -3, 4, -7, 3, 3, 2, 4, -7]
 
0.975174445681: [-5, 4, 2, -1, -1, 2, 0, -1, -6, -8, 2, 0, -6, -6, 0, -7, -5, -2, 1, -6, -8, 4, 2, -1, 3, 0, -2, -3, -4, -4, -8, -2, -3, -5, -6, -1, -3, -8, 1, 4, -8, 3, -3, -8, -8, 4, -8, 4, -6, -3, 2, 0, -7, 1, -3, -2, -5, -1, -1, -4, -4, 4, 2, 4, 1, -8, 4, -7, -7, -8, -3, -6, -6, 0, -5, 4, 2, 3, 1, 2, -7, 2, 1, -3, -1, -3, -4, -2, -2, -5, 3, -7, -8, -2, -3, -6, 3, 1, -3, 4, -3, -6, 3, 0, -5, -4, -3, -1, -1, 2, -3, 3, -3, 2, -2, 3, 0, 0, -6, 2, -3, 1, -7, 3, 3, -1, -2, 4]
 
-1000: [-5, 4, 2, -6, -4, -5, 3, 4, -7, -8, -8, -7, 0, -1, -2, -3, 0, 1, -2, -4, -7, 1, -4, -3, 3, 3, -3, -4, -5, -7, 2, -6, 1, 1, -6, -2, 0, -4, 0, -6, 0, -7, -5, -8, 0, 2, -2, 0, 1, 2, 1, 0, -7, 3, -6, -6, -5, -1, -1, -4, -4, 4, -8, -7, 0, -6, 4, -6, -2, -3, -7, -8, -7, -8, -8, -4, -2, -1, 1, 0, 4, -6, -3, -2, -3, -2, -7, 2, -2, 0, 0, -1, -1, 4, -1, -4, -5, -6, 4, 1, -4, 3, -8, 1, -2, -8, -8, -1, -6, -6, 2, -4, -8, -6, 2, -4, 4, 2, -8, -4, -3, -7, -7, -2, 1, -1, 4, -6]
 
0.712540821365: [-5, 4, 2, -6, -4, -5, 3, -1, 1, 4, -8, 3, 0, -1, -2, -4, 0, 2, -2, 4, 1, 1, -4, -3, 3, 3, -3, -2, -5, -7, -7, -6, -2, 1, -4, -1, -7, -7, -4, -5, -1, 3, -3, -3, 3, 2, -2, 1, -6, -3, 1, -2, -7, 1, -3, -2, -5, -1, -1, 4, -3, 4, 2, 4, -3, -8, 2, -8, -4, 0, -1, -5, 1, 4, -2, -8, 3, -5, 2, -6, -3, 3, -7, 2, 3, -2, -5, -2, 3, 4, 2, 2, 2, -2, 0, 1, -2, -2, 4, -8, -2, -5, -5, -5, 3, -4, -3, -1, -1, 2, -3, 3, -3, 2, -2, 3, 0, 0, -6, 2, -3, 1, -7, 3, 3, -1, -2, 4]
 
1.55057201158: [-5, 4, 2, -1, -1, 2, 0, -1, -6, -8, 2, 0, -6, -6, 0, -7, -5, -2, 1, -6, -8, 4, 2, -1, 3, 0, -2, -3, -4, -4, -8, -2, -3, -5, -6, -1, -3, -8, 1, 4, -1, 3, -3, -3, 3, 2, -2, 1, -6, -3, 1, -2, -7, 1, -3, -2, -5, -1, -1, 4, -3, 4, 2, 4, -3, -8, 4, 0, -7, -8, -3, -6, -4, 0, -5, 4, 2, 3, -2, 2, -7, 2, 1, -3, -3, -3, -4, -2, 1, -5, -4, 2, -3, -2, -2, -6, 3, -1, -3, 4, -3, -6, 3, 0, -5, -1, -1, -8, -2, -4, -8, -4, -8, -6, 2, -4, 4, 2, -8, -3, -1, -2, 3, -7, -7, 3, 3, -5]
 
2.29843038963: [2, -3, -3, 0, 3, -5, -6, -3, 4, 1, -7, -5, -5, 2, -6, 3, -8, -6, -1, 2, 4, -1, -4, -2, -8, 0, -1, -3, -4, 2, 4, 1, -5, -8, -2, -6, -7, -1, -7, -7, 4, -6, -7, -6, -6, -5, 0, -5, -6, 2, -1, 3, -8, 2, -3, -6, 3, -5, -5, -6, -2, -4, 2, 2, -8, 3, 4, 2, 0, -3, -8, -4, -8, 1, -5, -2, -8, -1, -1, 3, -6, -4, -5, 2, 2, -5, -3, -1, 2, -1, -2, -6, 3, -7, -3, -3, -1, 3, -4, -3, 4, 4, 1, 0, -5, -1, -1, -8, -2, -4, -8, -4, -8, -6, 2, -4, 4, 2, -8, -3, -1, -2, 3, -7, -7, 3, 3, -5]
 
2.73795959011: [-8, 4, -5, 4, -3, -1, 4, -2, -8, -7, -5, -5, -2, -8, -6, -1, 0, -3, -2, -2, 3, -6, -7, -5, 1, 0, -6, 1, 2, -6, 0, -2, -3, -1, -4, -1, -2, 3, -5, -2, -1, 3, -3, -8, -4, 2, -8, -8, 0, -3, 3, -6, -5, 1, 4, -2, -5, -1, -1, 1, -4, 4, 2, 4, -4, -4, 4, -3, 3, -8, -3, -6, -4, 0, -5, 1, 2, 3, -6, 2, -8, -1, 1, -3, -3, -3, -5, -2, -2, -3, -4, 2, -6, -2, -2, -6, 3, -1, -3, 4, -3, -6, 3, -5, -8, -1, -7, 4, 3, -1, -6, -2, -2, -4, 0, 0, 3, 3, 3, -5, -7, -5, 0, -4, -1, 1, -6, -5]
 
1.18313242858: [-6, -5, -3, 0, 4, -4, -6, -7, 3, -1, -5, -7, -5, 0, 1, -5, -8, -6, 4, 0, 2, -1, -4, -2, 4, -5, 2, -5, -5, -5, 2, -6, -2, -2, -3, -1, -1, 0, -5, 2, -5, 3, -1, -3, 2, -6, 1, 3, 4, -3, 4, -2, -6, 3, 3, -4, 1, -6, -1, -2, -7, 3, -7, -8, 3, -8, 4, 0, -7, -8, -5, -6, -2, 2, -6, 0, 3, -3, 0, -7, -4, -6, 2, -2, -3, 3, -7, 2, -2, -2, -1, -6, -1, 4, -1, 3, -2, 4, -8, 2, 2, -7, -1, 3, -6, 0, -4, 2, -1, -8, -8, -6, -8, -6, 2, -1, -5, -2, -2, -3, -6, 4, 3, -7, -7, -6, 3, -5]
 
1.49410235561: [-2, -7, -7, -1, 2, -2, 4, -3, -3, -5, -3, 0, -1, -7, -5, -6, -4, -1, 3, -6, 3, -8, 3, -5, -2, -7, 1, -4, 4, -5, -1, -6, 1, -1, -3, -5, 0, 2, -2, 0, 1, 1, -3, -8, 4, -6, -4, -8, 3, -2, -4, -8, -5, -6, -3, 3, -4, -4, 4, 3, -4, -8, -5, 3, 3, 1, -8, -8, 1, -1, 2, 0, -1, -6, -7, 4, -6, 3, -2, -8, -7, 2, -6, -1, 1, -4, -3, -1, -1, -3, -6, -7, -3, 4, -1, -3, 3, -5, -3, 4, -3, -1, -4, 3, -7, -8, -7, -4, 2, -7, -3, 1, 0, 1, 0, -4, -5, 2, -2, -3, -1, -2, 3, -7, -7, 3, 3, -5]
 
0.851740032804: [0, -6, 4, -6, 4, 4, -2, -2, -4, -6, 4, -1, 0, -1, 1, -4, 3, -4, -2, -5, 1, -3, 0, -8, -2, -5, 1, -2, -3, -7, 0, -2, -3, -4, -6, 4, -5, -2, -4, -2, -6, -7, -7, -1, -1, 0, -6, -4, -1, -2, -6, -7, -2, 1, -4, -7, -4, 1, -1, -4, -2, -8, -1, -6, 4, 4, -2, 0, 2, 1, -5, 1, -4, -4, -8, -5, 1, -8, 4, -7, -3, -5, -6, -4, -4, 3, -4, 3, -5, -5, -4, 2, -3, -2, 0, -6, 3, -5, -3, 4, -3, -6, 3, 0, -5, 1, -3, -8, -2, -4, -8, -4, -8, -1, 2, -4, 4, 2, -8, -3, -1, -2, 3, 1, -7, 3, 0, -5]
 
1.7246540136: [-7, 2, -5, -1, 1, -1, -4, -2, -8, -3, -5, -5, -2, -8, -6, 4, 0, -3, -2, -2, 3, -6, -5, -2, 1, -7, -6, -6, 2, -4, 0, -2, -5, -1, -4, -1, -1, 3, -5, -2, -1, 3, -3, -8, 0, 2, -2, 0, -6, -3, 1, 0, -7, 1, -3, -2, -5, -1, -1, -4, -4, 4, 2, 4, 3, -4, 4, 0, -7, -8, -3, -6, -4, 0, -5, 4, 2, 3, -2, 2, -7, 2, 1, -3, -3, -3, -5, 1, 1, 0, 2, 4, 2, 0, -5, -7, -4, -5, 4, -3, -8, -8, -1, -1, -5, 1, -4, -2, -5, 2, 2, -1, -6, -8, -4, 2, 4, -6, 3, -2, -8, -2, -3, -1, -3, 0, -3, -8]
 
1.07405653663: [-5, -5, 2, -6, -4, 2, 3, -1, 1, -6, -2, 3, -1, -2, -6, -4, 0, 2, -2, 4, 4, 3, -4, -3, 3, 3, -3, -5, 3, -7, -7, -6, -2, 1, -5, 1, -3, 0, 0, -6, -8, -7, -1, -8, -3, 2, -6, -7, -6, 0, 1, 0, 1, 1, -3, 0, -5, -1, -1, -4, -4, 4, -4, 3, -2, 0, -8, 0, -2, -3, -7, 4, -8, -8, -8, 0, -2, 3, -4, 0, 4, 1, -3, -1, -4, 3, -2, 2, 2, -2, 4, -1, -1, 4, -1, -4, -5, 0, -5, -6, -4, 3, -5, 4, 1, -8, -6, 3, 1, 2, -3, 4, -2, -2, 0, 0, -8, 4, 3, -1, 0, 2, 0, -7, -7, 1, -6, -5]
 
1.29231943267: [3, -3, -5, -7, -6, -6, 1, -3, 4, 1, -7, -5, 1, 2, 1, 3, -8, -6, -1, 3, 4, 0, -4, -5, -8, -8, 4, 3, -4, -7, 4, 1, -5, -8, -2, -6, -7, -1, -7, 2, 4, -7, -7, -1, 1, -5, -6, -5, -6, 2, -1, 3, 0, 2, -3, -6, -8, -4, -5, -5, -2, -4, 2, 2, 2, 3, 4, 2, -5, -3, -8, -4, -8, 1, -5, -4, -3, -8, -7, 3, -6, -4, -5, 2, -4, -7, -3, -1, 2, -1, -5, -6, 3, -5, -3, -3, 0, 3, -4, 4, 4, 4, 4, -6, -8, -1, -7, -4, -3, 4, -6, 3, -3, 2, -2, 3, -6, 3, -6, -6, -3, 1, 3, -4, 2, -1, -2, 4]
 
