2.3876136935107333: [2, 4, -4, -6, -5, -1, 4, -5, 0, -6, -4, 2, 1, -1, 2, -8, 3, -6, 4, -5, -7, -3, 2, -1, -7, 2, 0, -5, -7, -8, -3, -8, -4, -3, 3, -1, 1, -3, 0, -6, -5, 2, -6, -4, -8, -8, -8, -3, -8, 2, 4, -7, 4, -8, -4, 4, -2, 3, 0, -7, -2, -1, -3, -6, 4, -2, -4, -5, -7, -1, -8, 4, -2, 3, -1, -4, 3, -7, -6, -3, -1, -3, -4, 0, -2, 4, -8, 3, -3, -4, 4, -3, 0, -1, 0, -8, -4, -4, -8, -5, -8, 3, -8, 3, -8, 3, 0, -3, -3, -5, -5, 4, -6, -1, 4, 4, 1, -1, -6, 4, -8, 3, -3, 1, -6, -8, 4, -6]
 
3.569554511711285: [2, 4, -4, -6, -5, -1, 4, -5, 0, -6, -4, 2, 1, -1, 2, -8, 3, -6, 4, -5, -7, -3, 2, -1, -7, 2, 0, -5, -7, -8, -3, -8, -4, -3, 3, -1, 1, -3, 0, -6, -5, 2, -6, -4, -8, -8, -8, -3, -8, 2, 4, -7, 4, -8, -4, 4, -2, 3, 0, -7, -2, -1, -3, -6, 4, -2, -4, -5, -7, -1, -8, 4, -2, 3, -1, -4, 3, -7, -6, -3, -1, -3, -4, 2, -7, 4, -8, -4, 1, -1, 4, -3, 0, 0, 0, -8, 3, 3, -8, 1, -8, 3, -8, 3, -8, -4, 0, -3, -3, -5, 0, -8, 1, 2, -4, 1, -6, -2, -8, -6, -2, -1, -3, 4, -7, -2, -4, 0]
 
3.5789587337820468: [2, 4, -4, -6, -5, -1, 4, -5, 0, -6, -4, 2, 1, -1, 2, -8, 3, -6, 4, -5, -7, -3, 2, -1, -7, 2, 0, -5, -7, -8, -3, -8, -4, -3, 3, -1, 1, -3, 0, -6, -5, 2, -6, -4, -8, -8, -7, 3, 3, 1, -4, 0, 0, -3, -6, 1, 0, -4, 2, -5, -3, -2, -8, -2, 0, 1, 1, -1, -1, 3, 3, -6, 3, 1, -8, -8, -7, -1, -1, 3, -8, -8, -7, -6, -8, -7, -2, -7, 0, -5, 4, -5, -2, 0, 0, -8, 3, 3, -8, 1, -8, 3, -8, 3, -8, -4, 0, -3, -3, -5, 0, -8, -6, 0, 4, 4, 1, -1, -6, 4, -8, 3, -3, 1, -6, -8, 4, -6]
 
0.935940700708: [-8, 0, -3, -7, -4, -4, 2, 1, -1, -2, -1, -4, 3, -7, 2, -1, -2, -8, 0, -4, 1, -7, 0, -1, -8, -4, -3, -4, -7, 0, 1, -8, -2, -3, -7, -7, -1, -3, 2, 4, -5, 2, -8, -4, -8, -8, -5, 3, 3, -3, -5, -7, 4, -8, -5, -4, -2, -2, 0, -7, -2, 0, -3, 1, 2, -2, 4, -4, -7, -4, -5, 4, -4, 4, -1, 4, 3, -7, -1, -1, -4, 4, -4, 0, -1, -8, -8, -4, -5, -1, 3, -3, 0, -2, 3, -4, 2, 3, -6, 0, 4, 3, -5, -1, -8, -4, -6, -3, 4, -5, 0, -8, -7, 2, -4, 1, 0, 4, -8, -6, -2, 2, 3, -5, -7, -2, -4, 0]
 
0.9688272752435375: [-2, -8, -5, 3, -1, 4, 4, -3, -1, -4, 1, -7, -7, -1, 1, -3, -4, 4, 4, -3, -5, -3, 3, -5, -4, -1, -3, 2, -4, 3, -1, -2, -2, 4, 0, 1, -8, -1, -1, -5, 4, -7, -4, -1, -7, -3, 0, -6, 4, -3, -8, -3, -7, 1, -4, -3, 4, -3, 2, 2, -6, -8, -7, -8, -6, -4, -8, -2, 3, -6, 1, -2, 3, 0, 0, 0, -6, 1, -8, -5, -5, -4, 2, -4, -7, -2, 4, -2, -4, -3, -5, -1, -1, -1, -4, -1, -4, 3, -5, 2, 4, 0, -6, -1, 1, 0, -7, 4, -7, 4, -8, -2, 3, -3, 0, -7, -5, -8, 0, 4, -7, -4, -4, -7, 4, -2, 3, 3]
 
0.9106348541302263: [-7, 4, -4, -6, 4, -1, -2, -5, 0, -6, -4, 2, 1, -1, 2, -8, 3, -6, 4, -2, 1, -7, 2, -1, -7, 2, -2, -5, 2, -6, -3, -6, -3, -3, 3, -1, 1, -1, -1, -6, -6, 2, -6, 2, 2, -8, -3, -2, 0, 0, 4, 4, 4, -8, -3, 1, -2, 3, -7, -7, 4, -1, -1, -6, 4, -2, -4, -5, 3, -1, -8, 4, 0, -2, -7, -4, 0, -7, -8, 3, -1, -6, -4, -3, -2, 4, -8, 3, -3, 3, 4, -3, 0, -4, 1, -8, -4, -4, -8, -5, -5, 4, 2, -5, -3, 3, 0, -3, -3, -5, -5, 4, -6, -1, 4, 4, 1, -1, 4, 4, -8, 3, 0, -2, -1, -8, -8, -3]
 
3.029221505083913: [2, 4, -4, -6, -5, -1, 3, 1, 4, -5, -4, 0, 1, -4, -4, 1, 1, -7, 3, -8, -3, -5, -6, 3, 2, -6, 0, -3, 2, -3, 2, -8, -4, 2, -2, -4, 1, -3, 0, -6, -6, 2, -2, -4, -4, -7, -7, 3, 3, 1, -4, 0, 0, -3, -6, 1, 0, -4, 2, -5, -3, -2, -8, -2, 0, 1, 1, -1, -1, 3, 3, -6, 3, 1, -8, -8, -7, -1, -1, 3, -8, -8, -7, -6, -8, -7, -2, -7, 0, -5, 4, -5, -2, -4, 1, -8, -4, -4, -8, -5, -5, 4, 2, -5, -3, 3, 0, -3, -3, -5, -5, 4, -6, -1, 4, 4, 1, -1, -6, 4, -8, 3, -3, 1, -6, -8, 4, -6]
 
0.520014797573: [-7, 4, -4, -6, 4, -1, -8, -1, 4, -5, 0, 2, 1, -1, 2, -8, 3, 1, 4, 4, 1, -3, 2, -3, -1, 2, 0, -5, -7, -8, -3, -8, -3, -3, -3, -1, 1, 4, 0, -6, -5, 2, -6, 2, -8, -8, -3, 0, 2, 3, 4, -7, 4, -8, -4, 1, 1, 3, -7, -7, -2, -1, 2, -8, 4, -2, -4, -5, 3, -1, -8, 4, 0, -5, -7, -4, 0, 0, -3, 3, -1, -6, 1, -3, -2, 4, -8, 3, -2, 3, 4, -5, 3, -4, 1, -3, -4, -4, -8, -5, 1, -5, 2, -5, -3, 3, 0, -2, -3, -5, -5, -8, 1, 2, -4, 1, -6, -2, 3, -6, -2, -2, -3, 4, 3, -2, -4, 0]
 
1.08392909308: [-7, 4, 4, 4, -1, 0, -7, -7, 2, -5, -4, -2, -7, -8, 4, 0, -7, -1, -4, 2, -3, -8, 4, -5, 2, -6, -3, -3, -1, 1, -4, 3, -4, 2, 4, -4, -8, -2, -8, -3, -4, -2, -6, 3, -2, -2, -1, -4, -6, 2, -4, 3, -7, -8, -5, -7, -6, 0, 0, -7, -4, -1, -4, 2, 2, -2, 0, 0, -7, -1, 2, -7, -2, 3, -4, -7, -3, -6, 0, 0, -1, 3, -4, 2, -5, -6, -2, -5, 0, -1, 0, -3, 4, -7, 3, -7, -5, -6, -8, -3, -8, -7, 2, -4, 3, -2, 0, -3, -3, -3, -3, -8, -3, -7, -4, -5, -6, -1, -6, -7, -8, 3, -2, 1, -2, -8, -3, -6]
 
3.55767672029609: [-7, 4, -4, -6, 4, -1, -2, -5, 0, -6, -4, 2, 1, -1, 2, -8, 3, -6, 4, -5, -7, -3, 2, -1, -7, 2, 0, -5, -7, -8, -3, -8, -4, -3, 3, -1, 1, -3, 0, -6, -5, 2, -6, -4, -8, -8, -8, -3, -8, 2, 4, -7, 4, -8, -4, 4, -2, 3, 0, -7, -2, -1, -3, -6, 4, -2, -4, -5, -7, -1, -8, 4, -2, 3, -1, -4, 3, -7, -6, -3, -1, -3, -4, 2, -7, 4, -8, -4, 1, -1, 4, -3, 0, 0, 0, -8, 3, 3, -8, 1, -8, 3, -8, 3, -8, -4, 0, -3, -3, -5, 0, -8, 1, 2, -4, 1, -6, -2, -8, -6, -2, -1, -3, 4, -6, -2, -4, 0]
 
2.125957351117054: [2, 4, -4, -6, -5, -1, 4, -5, 0, -6, -4, 2, 1, -1, 2, -8, 3, -6, 4, -5, -7, -3, 2, -1, -7, 2, 0, -5, -7, -8, -3, -8, -4, -3, 3, -1, 1, -3, 0, -6, -5, 2, -6, -4, -8, -8, -8, -3, -8, 2, 4, -7, 4, -8, -4, 4, -2, 3, 0, -7, -2, -1, -3, -6, 4, -2, -4, -5, -7, -1, -8, 4, -2, 3, -1, -4, 3, -7, -6, -3, -1, -3, -4, 2, -8, -6, -2, -4, 0, -1, 0, -3, 4, -7, 0, 2, 3, -7, -8, -4, -5, 4, 1, -5, -3, 3, 0, -3, -3, -2, -5, -8, -6, 0, 4, 4, 1, -1, -6, 4, -8, 3, -3, 1, -6, -8, 4, -6]
 
3.6227932947355583: [2, 4, -4, -6, -5, -1, 4, -5, 0, -6, -4, 2, 1, -1, 2, -8, 3, -6, 4, -5, -7, -3, 2, -1, -7, 2, 0, -5, -7, -8, -3, -8, -4, -3, 3, -1, 1, -3, 0, -6, -5, 2, -6, -4, -8, -8, -8, -3, -8, 2, 4, -7, 4, -8, -4, 4, -2, 3, 0, -7, -2, -1, -3, -6, 4, -2, -4, -5, -7, -1, -8, 4, -2, 3, -1, -4, 3, -7, -6, -3, -1, -3, -4, 2, -7, 4, -8, -4, 1, -1, 4, -3, 0, 0, 0, -8, 3, 3, -8, 1, -5, 4, 1, -5, -3, 3, 0, -3, -3, -2, -5, -2, -6, 0, -1, 4, 1, -7, 1, 4, 1, 3, -3, 1, -6, -8, 4, -6]
 
0.34644389564134903: [2, 4, -4, -6, 2, -1, 4, -5, -7, 3, -8, 2, 1, -8, 0, -6, -2, -6, -6, -2, 1, -7, 2, -1, -7, 2, -2, -5, 2, -6, -3, -6, -3, -3, 3, -1, 1, -1, -1, -6, -6, 2, -6, 2, 2, -8, -3, -2, 0, 0, 4, 4, 4, -8, -3, 1, -2, 3, -7, -7, 4, -1, -1, -6, 4, -2, -4, -5, 3, -1, -8, 4, 0, -2, -7, -4, 0, -7, -8, 3, -1, -6, -4, -3, -2, 4, -8, 3, -3, 3, 4, -3, 0, -4, 1, -8, -4, -4, -8, -5, -5, 4, 2, -5, -3, 3, 0, -3, -3, -5, -5, 4, -6, -1, 4, 4, 1, -1, -6, 4, -8, 3, -3, 1, -6, -8, 4, -6]
 
2.11534797638: [2, 4, -4, -6, -5, -1, 3, 1, 4, 4, -2, 0, 1, 0, -4, 1, 1, -7, 3, -8, -3, -5, -8, 3, 2, -6, 0, -3, -2, -6, 2, -8, -4, 2, -2, -4, -3, -8, 0, -3, 4, 2, -2, -4, -4, -7, 1, 3, 3, -4, -2, 0, 4, -3, -6, 1, 0, -4, -2, -5, -3, -2, 1, -6, -4, 0, -4, -5, 4, -1, -8, 4, -2, -8, -1, -4, 3, -7, -6, -3, -1, -3, -4, 2, -7, 4, -8, -4, -8, -1, 4, -3, 0, -5, 0, -8, 3, 3, -8, 1, -8, 3, -8, 3, -8, -4, -8, -5, -3, -5, 4, 3, 1, 2, -4, -7, -6, -2, -8, -6, -2, -1, -3, 4, -6, -2, -4, 0]
 
2.3299656627252006: [3, 1, -5, -6, 4, -5, -2, -5, 0, -6, -4, 2, 1, -1, -7, -8, 3, -6, 4, 1, -7, -1, 2, -1, -3, 2, -6, -5, 1, -8, -3, -8, -4, -3, 3, 2, 1, -3, 0, -6, -5, 2, -6, -4, -8, 2, -8, 0, -8, 2, 4, -7, -7, -8, -4, 4, -2, 3, 3, -7, -2, -1, -3, -6, 4, -2, 0, -5, -7, -1, -4, 4, 3, -6, -1, -4, 3, -7, -6, -3, -1, -3, -4, 2, -7, 4, 2, -4, -3, -1, 4, -3, 3, 0, 0, -2, 3, 3, -8, 1, -8, 3, 4, -2, -8, -4, 0, -3, -3, -5, 0, -8, -7, 3, 4, 1, -6, -2, -8, -6, -2, -1, 2, 0, -6, -8, -7, -2]
 
4.203464141064908: [-7, 4, -4, -6, 4, -1, -2, -5, 0, -6, -4, 2, 1, -1, 2, -4, 3, -2, 4, -2, -7, 0, 2, -5, 2, 2, -6, -5, -7, 2, -3, -8, -4, -3, 3, -1, 1, -3, 0, -6, -5, 2, -6, -4, -8, -8, -8, -3, -8, 2, 4, -7, 4, -8, -4, 4, -2, 3, 0, -7, -2, -1, -3, -6, 4, -2, -4, -5, -7, -1, -8, 4, -2, 3, -1, -4, 3, -7, -6, -3, -1, -3, -4, 2, -7, 4, -8, -4, 1, -1, 4, -3, 0, 0, 0, -8, 3, 3, -8, 1, -8, 3, -8, 3, -8, -4, 0, -3, -3, -5, 0, -8, 1, 2, -4, 1, -6, -2, -8, -6, -2, -1, -3, 4, -7, -2, -4, 0]
 
0.6618129980813354: [-2, 4, -4, -6, 4, -1, -2, 4, 0, -6, -6, 2, 1, -1, 2, -8, 3, -6, 4, -5, -7, -3, 2, -1, -7, -8, 0, -5, -1, -8, -3, -8, 4, 3, 3, -1, -5, -2, 0, 4, -5, -3, 2, -4, -8, -8, -8, -3, -8, 2, 0, -7, -2, -8, -4, 3, 2, 3, -6, -7, -2, -1, -3, -6, 4, -2, -4, -8, -7, -1, -8, -2, -2, -7, -1, -4, 3, -7, -6, -4, -1, -3, -4, 0, -2, -7, 4, 3, -3, -4, 4, -6, 3, -1, 0, -8, -4, -4, -8, -5, -7, -6, -8, 3, -3, -4, 0, -3, -3, -5, 0, -8, 1, 2, 0, 1, -6, -2, -8, -2, -2, -1, -4, 4, -7, -2, -4, 0]
 
1.4411277401854194: [-7, 4, -4, -6, 4, 0, 3, 1, 4, -5, -4, 0, 1, -4, -4, 1, 1, -7, 3, -8, -3, -5, -6, 3, 2, -6, 0, -3, 2, -3, 2, -8, -4, 2, -2, -4, 1, -3, 0, -6, -6, 2, -2, -4, -4, -7, -8, -3, -8, 2, 4, -7, 4, -8, -4, 4, -2, 3, 0, -7, -2, -1, -3, -6, 4, -2, -4, -5, -7, -1, -8, 4, -2, 3, -1, -4, 3, -7, -6, -3, -1, -3, -4, 2, -7, 4, -8, -4, 1, -1, 4, -3, 0, 0, 0, -8, 3, 3, -8, 1, -8, 3, 1, -5, -3, 3, 0, -3, -3, -5, 2, -8, -6, -5, -4, 1, -6, 0, -8, -5, -1, 3, -3, 1, -6, -2, -4, 0]
 
2.1169118631837653: [2, 4, -4, -6, -5, -1, 3, 1, 4, -5, -4, 0, 1, -4, -4, 1, 1, -7, 3, -8, -3, -5, -6, 3, 2, -6, 0, -3, 2, -3, 2, -8, -4, 2, -2, -4, 1, -3, 0, -6, -6, 2, -2, -4, -4, -7, -7, 3, 3, 1, -4, 0, 0, -3, -6, 1, 0, -4, 2, -5, -3, -2, -8, -2, 0, 1, 1, -1, -1, 3, 3, -6, 3, 1, -8, -8, -7, -1, -1, 3, -8, -8, -7, -6, -8, -7, -2, -7, 0, -5, 4, -5, -2, 4, -3, 2, 3, -6, -8, 1, -8, 3, 1, 4, -3, 3, 0, -3, -3, -5, 2, -8, -6, -7, -4, 1, -6, -1, -8, -5, -4, 3, -3, 1, -6, -8, -3, -2]
 
1.184428207561297: [2, 4, -4, -6, 2, -1, 4, -5, -7, 3, -8, 2, 1, -8, 0, -6, -2, -6, -6, -2, 1, -7, 2, -1, -7, 2, -2, -5, 2, -6, -3, -6, -3, -3, 3, -1, 1, -1, -1, -6, -6, 2, -6, 2, 2, -8, -3, -2, 0, 0, 4, 4, 4, -8, -3, 1, -2, 3, -7, -7, 4, -1, -1, -6, 4, -2, -4, -5, 3, -1, -8, 4, 0, -2, -7, -4, -8, -7, -6, 3, -1, -3, -4, 0, -2, 4, -8, 3, -3, -4, 4, -3, 0, -1, 0, -8, 3, 3, -8, -5, -5, 4, 2, -5, -3, 3, 0, -3, -3, -5, -5, 4, -6, -1, 4, 4, 1, -1, 4, 4, -8, 3, 0, -2, -1, -8, -8, -3]
 
0.8064195077432568: [2, 4, -4, -6, 2, -1, 4, -5, -7, 3, -8, 2, 1, -8, 0, -6, -2, -6, -6, -2, 1, -7, 2, -1, -7, 2, -2, -5, 2, -6, -3, -6, -3, -3, 3, -1, 1, -1, -1, -6, -6, 2, -6, 2, 2, -8, -3, -2, 0, 0, 4, 4, 4, -8, -3, 1, -2, 3, -7, -7, 4, -1, -1, -6, 4, -2, -4, -5, 3, -1, -8, 4, 0, -2, -7, -4, 0, -7, -8, 3, -1, -6, -4, -3, -2, 4, -8, 3, -3, 3, 4, -3, 0, -4, 1, -8, -4, -4, -8, 1, -8, 3, -8, 3, -8, -4, 0, -3, -3, -5, 0, -8, 1, 2, -4, 1, -6, -2, -8, -6, -2, -1, -3, 4, -7, -2, -4, 0]
 
3.7430358576189215: [-7, 4, -4, -6, 4, -1, -2, -5, 0, -6, -4, 2, 1, -1, 2, -8, 3, -6, 4, -5, -7, -3, 2, -1, -7, 2, 0, -5, -7, -8, -3, -8, -4, -3, 3, -1, 1, -3, 0, -6, -5, 2, -6, -4, -8, -8, -8, -3, -8, 2, 4, -7, 4, -8, -4, 4, -2, 3, 0, -7, -2, -1, -3, -6, 4, -2, -4, -5, -7, -1, -8, 4, -2, 3, -1, -4, 3, -7, -6, -3, -1, -3, -4, 2, -7, 4, -8, -4, 1, -1, 4, -3, 0, 0, 0, -8, 3, 3, -8, 1, -8, 3, -8, 3, -8, -4, 0, -3, -3, -5, 0, -8, 1, 2, -4, 1, -6, -2, -8, -6, -2, -1, -3, 4, -7, -2, -4, 0]
 
1.2581429893577145: [2, 4, -4, -6, -5, -1, 4, -5, 0, -6, -4, 2, 1, -1, 2, -8, 3, -6, 4, -5, -7, -3, 2, -1, -7, 2, 0, -5, -7, -8, -3, -8, -4, -3, 3, -1, 1, -3, 0, -6, -5, 2, -6, -4, -8, -8, -7, 3, 3, 1, -4, 0, 0, -3, -6, 1, 0, -4, 2, -5, -3, -2, -8, -2, 0, 1, 1, -1, -1, 3, 3, -6, 3, 1, -8, -8, -7, -1, -1, 3, -8, -8, -7, -6, -8, -7, -2, -7, 0, -5, 4, -5, -2, 4, -3, 2, 3, -6, -8, 1, -8, 3, 1, 4, -3, 3, 0, -3, -3, -5, 2, -8, -6, -7, -4, 1, -6, -1, -8, -5, -4, 3, -3, 1, -6, -8, -3, -2]
 
2.9744984067717493: [2, 4, -7, -6, 4, -1, -2, -5, 0, -6, -4, 2, 1, -1, 2, -8, 3, -6, 4, -5, -7, -3, 2, -1, -7, 2, 0, -5, -7, -8, -3, -8, -4, -3, 3, -1, 1, -3, 0, -6, -5, 2, -6, -4, -8, -8, -8, -3, -8, 2, 4, -7, 4, -8, -4, 4, -2, 3, 0, -7, -2, -1, -3, -6, 4, -2, -4, -5, -7, -1, -8, 4, -2, 3, -1, -4, 3, -7, -6, -3, -1, -3, -4, 2, -8, -6, -2, -4, 0, -1, 0, -3, 4, -7, 0, 2, 3, -7, -8, -4, -5, 4, 1, -5, -3, 3, 0, -3, -3, -2, -5, -8, -6, 0, 4, 4, 1, -1, -6, 4, -8, 3, -3, 1, -6, -8, 4, -6]
 
1.3186156603055261: [-7, 4, -4, -6, 4, -1, -2, -5, 0, -6, -4, 2, 1, -1, 2, -8, 3, -6, 4, -5, -7, -3, 2, -1, -7, 2, 0, -5, -7, -8, -3, -8, -4, -3, 3, -1, 1, -3, 0, -6, -5, 2, -6, -4, -8, -8, -8, -3, -8, 2, 4, -7, 4, -8, -4, 4, -2, 3, 0, -7, -2, -1, -8, -2, 0, 1, 1, -1, -1, 3, 3, -6, 3, 1, -8, -8, -7, -1, -1, 3, -8, -8, -7, -6, -8, -7, -2, -7, 0, -5, 4, -5, -2, -4, 1, -8, -4, -4, -8, -5, -5, 4, 2, -5, -3, 3, 0, -3, -3, -5, -5, 4, -6, -1, 4, 4, 1, -1, -6, 4, -8, 3, -3, 1, -6, -8, 4, -6]
 
1.3822243927965436: [2, 3, -4, 1, 2, 4, -8, 1, -7, -6, -6, 2, -2, -8, -2, -6, -2, 0, -6, -2, -5, -1, 2, -1, 2, 2, -2, 3, 2, -6, -6, -2, -3, 3, 3, -1, 1, -1, 4, -4, -6, 2, -6, -1, 2, 1, 1, -2, 0, 4, 4, 4, -5, -6, -2, 1, -7, 3, 0, -7, 4, -1, -6, -5, -3, -2, -1, -7, 3, -1, 2, 0, 0, -8, 4, -4, -8, -7, -6, 3, -6, -3, -4, 0, -8, 4, -5, 2, -3, -4, 4, 2, 4, -1, 0, 2, -2, -3, -8, 1, -5, 4, 1, -5, -3, 3, 0, 4, -5, -2, -4, -8, -7, -3, 4, 4, 1, -1, -6, 4, -8, 3, -7, -6, -6, -8, -1, -6]
 
2.02139460349924: [2, 4, -4, -6, -5, -1, 4, -5, 0, -6, -4, 2, 1, 4, 0, -6, -5, -6, 4, -2, 1, -7, 2, -1, -7, 2, -2, -5, 2, 2, -3, -6, -3, -3, 3, -1, 1, -3, 0, -6, -5, 2, -6, 2, -8, -8, -3, -7, 0, -8, 4, -7, 4, -8, -4, 1, -2, 3, -7, -7, -2, -1, -4, -6, 4, -2, -4, -5, 3, -1, -8, 4, 0, -4, -7, -4, -8, -7, -6, 3, -1, -3, -4, 0, -2, 4, -8, 3, -3, -4, 4, -3, 0, -1, 0, -8, -4, -4, -8, -5, -5, 4, 1, -5, -3, 3, 0, -3, -3, -2, -5, -8, -6, 0, 4, 4, 1, -1, -6, 4, -8, 3, -3, 1, -6, -8, 4, -6]
 
0.879914696756: [2, 4, -4, -6, -5, -1, 4, -5, 0, -6, -5, 2, 1, -1, 2, -8, -5, -6, 3, -5, -7, -3, 4, -1, -7, 2, 0, -5, -7, 3, 3, -8, -4, -3, -6, -3, -2, -3, 0, -6, -5, 2, -6, -4, -8, -8, -7, 3, 3, 4, -4, 0, 0, 1, -8, 1, 0, -4, 2, -5, -5, -2, -8, -2, 0, 1, 1, -2, -1, -4, 3, -5, 3, 1, -8, 3, -4, -1, -3, 3, -8, -8, -7, -6, -8, -7, -2, -7, 0, 3, 0, -5, 1, 0, -7, -8, 3, 3, -8, 1, -2, 3, -8, 3, -8, -4, 0, -3, -3, -6, 2, -8, 1, 2, -4, 1, -6, -1, -8, 2, 1, -1, -3, -4, -7, -7, -4, 0]
 
0.557675751365271: [2, 4, -4, -6, 2, -1, 4, -5, -7, 3, -8, 2, 1, -8, 0, -6, -2, -6, -6, -2, 1, -7, 2, -1, -7, 2, -2, -5, 2, -6, -3, -6, -3, -3, 3, -1, 1, -1, -1, -6, -6, 2, -6, 2, 2, -8, -3, -2, 0, 0, 4, 4, 4, -8, -3, 1, -2, 3, -7, -7, 4, -1, -1, -6, 4, -2, -4, -5, 3, -1, -8, 4, 0, -2, -7, -4, -8, -7, -6, 3, -1, -3, -4, 0, -2, 4, -8, 3, -3, -4, 4, -3, 0, -1, 0, -8, 3, 3, -8, 1, -8, 3, -8, 3, -8, -4, 0, -3, -3, -5, 0, -8, 1, 2, -4, 1, -6, -2, -8, -6, -2, -1, -3, 4, -7, -2, -4, 0]
 
1.7993368783490697: [-7, 4, -4, -6, 4, -1, -2, -5, 0, -6, -4, 2, 1, -1, 2, -8, 3, -6, 4, -5, -7, -3, 2, -1, -7, 2, 0, -5, -7, -8, -3, -8, -4, -3, 3, -1, 1, -3, 0, -6, -5, 2, -6, 2, -8, -8, -3, -7, 0, -8, 4, -7, 4, -8, -4, 1, -2, 3, -7, -7, -2, -1, -4, -6, 4, -2, -4, -5, 3, -1, -8, 4, 0, -4, -7, -4, 0, -7, -8, 3, -1, -6, -4, -3, -2, 4, -8, 3, -3, 3, 4, -3, 0, -4, 1, -8, -4, -4, -8, -5, -5, 4, 2, -5, -3, 3, 0, -3, -3, -5, -5, 4, -6, -1, 4, 4, 1, -1, 4, 4, -8, 3, 0, -2, -1, -8, -8, -3]
 
2.251269535793349: [-7, 4, -4, -6, 4, -1, -2, -5, 0, -6, -4, 2, 1, -1, 2, -8, 3, -6, 4, -5, -7, -3, 2, -1, -7, 2, 0, -5, -7, -8, -3, -8, -4, -3, 3, -1, 1, -3, 0, -6, -5, 2, -6, -4, -8, -8, -8, -3, -8, 2, 4, -7, 4, -8, -4, 4, -2, 3, 0, -7, -2, -1, -3, -6, 4, -2, -4, -5, -7, -1, -8, 4, -2, 3, -1, -4, 3, -7, -6, -3, -1, -3, -4, 0, -2, 4, -8, 3, -3, -4, 4, -3, 0, -1, 0, -8, -4, -4, -8, -5, -5, 4, 1, -5, -3, 3, 0, -3, -3, -2, -5, -8, 1, 2, -4, 1, -6, -2, -8, -6, -2, -1, -3, 4, -7, -2, -4, 0]
 
3.811668716920127: [-7, 4, -4, -6, 4, -1, -2, -5, 0, -6, -4, 2, 1, -1, 2, -4, 3, -2, 4, -2, -7, 0, 2, -5, 2, 2, -6, -5, -7, 2, -3, -8, -4, -3, 3, -1, 1, -3, 0, -6, -5, 2, -6, -4, -8, -8, -8, -3, -8, 2, 4, -7, 4, -8, -4, 4, -2, 3, 0, -7, -2, -1, -3, -6, 4, -2, -4, -5, -7, -1, -8, 4, -2, 3, -1, -4, 3, -7, -6, -3, -1, -3, -4, 2, -7, 4, -8, -4, 1, -1, 4, -3, 0, 0, 0, -8, 3, 3, -8, 1, -5, 4, 1, -5, -3, 3, 0, -3, -3, -2, -5, -2, -6, 0, -1, 4, 1, -7, 1, 4, 1, 3, -3, 1, -6, -8, 4, -6]
 
1.16397385222: [2, 4, -4, -6, 2, -1, 4, -5, -7, 3, -8, 2, 1, -8, 0, -6, -2, -6, -6, -2, 1, -7, 2, -1, -7, 2, -2, -5, 2, -6, -3, -6, -3, -3, 3, -1, 1, -1, -1, -6, -6, 2, -6, 2, 2, -8, -3, -2, 0, 0, 4, 4, 4, -8, -3, 1, -2, 3, -7, -7, 4, -1, -4, -6, 4, -2, -4, -5, 3, -1, -8, 4, 0, -4, -7, -4, 0, -7, -8, 3, -1, -6, -4, -3, -2, 4, -8, 3, -3, 3, 4, -3, 0, -4, 1, -8, -4, -4, -8, -5, -5, 4, 2, -5, -3, 3, 0, -3, -3, -5, -5, -8, 1, 2, -4, 1, -6, -2, -8, -6, -2, -1, -3, 4, -7, -2, -4, 0]
 
1.96192804549: [-7, 4, -4, -6, 4, -1, -2, -5, 0, -6, -4, 2, 1, -1, 2, -8, 3, -6, 4, -5, -7, -3, 2, -1, -7, 2, 0, -5, -7, -8, -3, -8, -4, -3, 3, -1, 1, -3, 0, -6, -5, 2, -6, 2, -8, -8, -3, -7, 0, -8, 4, -7, 4, -8, -4, 1, -2, 3, -7, -7, -2, -1, -1, -6, 4, -2, -4, -5, 3, -1, -8, 4, 0, -2, -7, -4, 0, -7, -8, 3, -1, -6, -4, -3, -2, 4, -8, 3, -3, 3, 4, -3, 0, -4, 1, -8, -4, -4, -8, -5, -5, 4, 2, -5, -3, 3, 0, -3, -3, -5, -5, 4, -6, -1, 4, 4, 1, -1, -6, 4, -8, 3, -3, 1, -6, -8, 4, -6]
 
0.821775995792: [-7, -3, -4, -6, -2, -1, -2, -5, 0, -6, -1, -8, -6, -1, 2, -1, 3, 4, 4, -5, -7, -3, 2, -1, -7, -7, -8, -2, -7, -5, -3, 4, -4, -3, 3, -1, 1, -3, 0, -6, -5, 2, -6, 2, 1, -3, -3, -7, 0, -8, 4, -7, -6, -8, 2, 1, 2, 3, -7, -7, -2, -1, -1, -6, -2, -4, -4, -5, 3, -1, -8, 4, -6, 3, -7, 0, -1, -7, -8, 3, -1, -6, -4, -3, -1, -5, -8, 3, -7, -7, 4, -3, 0, -4, 1, -8, -4, -4, -8, -5, -3, -3, 2, -5, -3, 3, 0, -3, -3, -5, -5, -2, -2, 2, -4, 1, -6, -2, -8, -6, -2, -1, -3, 4, -7, -2, -4, 0]
 
1.9923268796: [-7, 4, -4, -6, 4, -1, -2, -5, 0, -6, -4, 2, 1, -1, 2, -8, 3, -6, 4, -5, -7, -3, 2, -1, -7, 2, 0, -5, -7, -8, -3, -8, -4, -3, 3, -1, 1, -3, 0, -6, -5, 2, -6, 2, -8, -8, -3, -7, 0, -8, 4, -7, 4, -8, -4, 1, -2, 3, -7, -7, -2, -1, -4, -6, 4, -2, -4, -5, 3, -1, -8, 4, 0, -4, -7, -4, 0, -7, -8, 3, -1, -6, -4, -3, -2, 4, -8, 3, -3, 3, 4, -3, 0, -4, 1, -8, -4, -4, -8, -5, -5, 4, 2, -5, -3, 3, 0, -3, -3, -5, -5, 4, -6, -1, 4, 4, 1, -1, -6, 4, -8, 3, -3, 1, -6, -8, 4, -6]
 
2.13132056038: [-4, -8, -3, 3, -5, 4, -2, -3, -1, -4, 1, -7, -2, -1, 1, -3, -4, 4, 4, -3, 3, -3, 3, -1, -4, -1, -3, 2, -4, 3, -8, -2, -2, 4, 0, 1, -8, -1, -2, -5, 3, -7, -2, -1, -7, -3, -4, -3, 4, -3, -8, -3, 3, 1, -4, -3, 4, -3, 2, 2, -6, -8, -7, -8, -6, -4, -8, -6, -2, -7, 1, -1, 3, 0, 0, 0, -6, 1, -6, -5, -5, -4, 2, -4, -7, 4, -8, 3, -3, 3, 4, 1, 0, -4, 1, -8, -4, -4, -8, 3, -5, 4, 2, -5, -3, 3, 0, -3, -3, -5, -8, 4, -6, -1, -1, -5, -5, -7, 4, 4, -8, 3, -3, -8, -1, 1, -8, -7]
 
1.73893914577: [-7, 4, -4, -6, 4, -1, -2, -5, 0, -6, -4, 2, 1, -1, 2, -8, 3, -6, 4, -5, -7, -3, 2, -1, -7, 2, 0, -5, -7, -8, -3, -8, -4, -3, 3, -1, 1, -3, 0, -6, -5, 2, -6, 2, -8, -8, -3, -7, 0, -8, 4, -7, 4, -8, -4, 1, -2, 3, -7, -7, -2, -1, -4, -6, 4, -2, -4, -5, 3, -1, -8, 4, 0, -4, -7, -4, 0, -7, -8, 3, -1, -6, -4, -3, -2, 4, 4, -2, -4, -3, -5, -1, -1, -1, -4, -1, -4, 3, -5, 2, 4, 0, -6, -1, 1, 0, -7, 4, -7, 4, -8, -2, 3, -3, 0, -7, -5, -8, 0, 4, -7, -4, -4, -7, 4, -2, 3, 3]
 
0.459075504539: [-2, -8, -5, 3, -1, 4, 4, -3, -1, -4, 1, -7, -7, -1, 1, -3, -4, 4, 4, -3, -5, -3, 3, -5, -4, -1, -3, 2, -4, 3, -1, -2, -2, 4, 0, 1, -8, -1, -1, -5, 4, -7, -4, -1, -7, -3, 0, -6, 4, -3, -8, -3, -7, 1, -4, -3, 4, -3, 2, 2, -6, -8, -7, -8, -6, -4, -8, -2, 3, -6, 1, -2, 3, 0, 0, 0, -6, 1, -8, -5, -5, -4, 2, -4, -7, -2, 4, -2, -4, -3, -5, -1, -1, -1, -4, -1, -4, 3, -5, 2, 4, 0, -6, -1, 1, 0, -7, 4, -7, 4, -8, -2, 3, -3, 4, 4, 1, -1, -6, 4, -8, 3, -3, 1, -6, -8, 4, -6]
 
3.05341745358: [-7, 4, -4, -6, 4, -1, -2, -5, 0, -6, -4, 2, 1, -1, 2, -8, 3, -6, 4, -5, -7, -3, 2, -1, -7, 2, 0, -5, -7, -8, -3, -8, -4, -3, 3, -1, 1, -3, 0, -6, -5, 2, -6, 2, -8, -8, -3, -7, 0, -8, 4, -7, 4, -8, -4, 1, -2, 3, -7, -7, -2, -1, -4, -6, 4, -2, -4, -5, 3, -1, -8, 4, 0, -4, -7, -4, 0, -7, -8, 3, -1, -6, -4, -3, -2, 4, -8, 3, -3, 3, 4, -3, 0, -4, 1, -8, -4, -4, -8, -5, -5, 4, 2, -5, -3, 3, 0, -3, -3, -5, -5, 4, -6, -1, 0, -7, -5, -8, 0, 4, -7, -4, -4, -7, 4, -2, 3, 3]
 
2.31528563158: [2, 4, -4, -6, -5, -1, 3, 1, 4, -5, -4, 0, 1, -8, 0, -6, -2, -6, -6, -2, 1, -7, 2, -1, -7, 2, -2, -5, 2, -6, -3, -6, -3, -3, 3, -1, 1, -1, -1, -6, -6, 2, -6, 2, 2, -8, -3, -2, 0, 0, 4, 4, 4, -8, -3, 1, -2, 3, -7, -7, 4, -1, -1, -6, 4, -2, -4, -5, 3, -1, -8, 4, 0, -2, -7, -4, -8, -7, -6, 3, -1, -3, -4, 0, -2, 4, -8, 3, -3, -4, 4, -3, 0, -1, 0, -8, 3, 3, -8, 1, -8, 3, -8, 3, -8, -4, 0, -3, -3, -5, 0, -8, 1, 2, -4, 1, -6, -2, -8, -6, -2, -1, -3, 4, -7, -2, -4, 0]
 
2.51421723296: [2, 4, -4, -6, 2, -1, 4, -5, -7, 3, -8, 2, 1, -4, -4, 1, 1, -7, 3, -8, -3, -5, -6, 3, 2, -6, 0, -3, 2, -3, 2, -8, -4, 2, -2, -4, 1, -3, 0, -6, -6, 2, -2, -4, -4, -7, -7, 3, 3, 1, -4, 0, 0, -3, -6, 1, 0, -4, 2, -5, -3, -2, -3, -6, 4, -2, -4, -5, -7, -1, -8, 4, -2, 3, -1, -4, 3, -7, -6, -3, -1, -3, -4, 2, -7, 4, -8, -4, 1, -1, 4, -3, 0, 0, 0, -8, 3, 3, -8, 1, -8, 3, -8, 3, -8, -4, 0, -3, -3, -5, 0, -8, 1, 2, -4, 1, -6, -2, -8, -6, -2, -1, -3, 4, -6, -2, -4, 0]
 
2.03849842104: [-7, 4, -4, -6, 4, -1, -2, -5, 0, -6, -4, 2, 1, -1, 2, -8, 3, -6, 4, -5, -7, -3, 2, -1, -7, 2, 0, -5, -7, -8, -3, -8, -4, -3, 3, -1, 1, -3, 0, -6, -5, 2, -6, 2, -8, -8, -3, -7, 0, -8, 4, -7, 4, -8, -4, 1, -2, 3, -7, -7, -2, -1, -1, -6, 4, -2, -4, -5, 3, -1, -8, 4, 0, -2, -7, -4, 0, -7, -8, 3, -1, -6, -4, -3, -2, 4, -8, 3, -3, 3, 4, -3, 0, -4, 1, -8, -4, -4, -8, -5, -5, 4, 2, -5, -3, 3, 0, -3, -3, -5, -5, 4, -6, -1, 4, 4, 1, -1, -6, 4, -8, 3, -3, 1, -6, -8, 4, -6]
 
1.93673454381: [-7, 4, -4, -6, 4, -1, -2, -5, 0, -6, -4, 2, 1, -1, 2, -8, 3, -6, 4, -5, -7, -3, 2, -1, -7, 2, 0, -5, -7, -8, -3, -8, -4, -3, 3, -1, 1, -3, 0, -6, -5, 2, -6, 2, -8, -8, -3, -7, 0, -8, 4, -7, 4, -8, -4, 1, -2, 3, -7, -7, -2, -1, -1, -6, 4, -2, -4, -5, 3, -1, -8, 4, 0, -2, -7, -4, 0, -7, -8, 3, -1, -6, -4, -3, -2, 4, -8, 3, -3, 3, 4, -3, 0, -4, 1, -8, -4, -4, -8, -5, -5, 4, 2, -5, -3, 3, 0, -3, -3, -5, -5, 4, -6, -1, 4, 4, 1, -1, -6, 4, -8, 3, -3, 1, -6, -8, 4, -6]
 
0.815219843956: [-2, -8, -5, -5, -1, -6, 4, -3, -1, -4, -8, -7, -7, -1, -7, -3, -4, 3, 0, 2, 2, -3, 3, -5, -4, -1, -3, 2, -4, 3, -1, -1, -5, 4, 0, 1, -8, -1, -1, -5, 1, -7, -4, -1, -7, -3, 0, -6, 4, -3, 2, -3, -7, 1, -4, -3, 4, -3, 2, 2, -6, -8, -3, -8, -6, -4, -8, -2, 3, -6, 1, -2, 3, 0, 0, 0, -6, 1, 2, -2, -5, -4, 2, -4, -7, -2, 4, -2, -5, 3, -5, -1, -1, -8, -4, -1, -8, 3, -5, 2, 4, 0, -6, -1, -7, 0, -7, 4, -7, 0, -1, -2, 3, -3, 4, 4, 1, 4, -6, -2, -8, 3, -5, 1, 4, -8, -1, -3]
 
2.26684122383: [2, -4, -4, -6, -5, -4, -5, 1, 0, -5, -4, 1, -7, -4, -4, 1, 0, -7, 3, -2, -3, 0, -6, -4, 2, -7, -3, -3, -7, -3, 2, -4, -4, 2, 1, -4, -8, -7, 0, -6, -6, -3, -2, -4, -4, -5, -1, 3, -3, 3, -4, 0, -5, 3, -6, 1, -8, -4, 4, -5, -3, -8, -8, -2, 0, 4, 1, -1, -2, -8, 3, -2, 3, 1, -8, 0, -7, 2, -3, 3, -8, -8, -5, -5, 3, -7, -3, 0, -5, -5, 4, -5, -7, -1, -3, 4, -6, -7, -8, 1, 3, 3, 1, 4, -4, 3, -3, -3, -3, -5, -7, -8, -7, -4, -4, 1, -5, -1, -8, 1, -1, 3, -3, 1, 0, -8, 4, -6]
 
1.51024103449: [-7, 4, -4, -6, 4, -1, 4, -5, 0, -6, -4, 2, 1, -1, 2, -8, 3, -6, 4, -5, -7, -3, 2, -1, -7, 2, 0, -5, -7, -8, -3, -8, -4, -3, 3, -1, 1, -3, 0, -6, -5, 2, -6, -4, -8, -8, -8, -3, -8, 2, 4, -7, 4, -8, -4, 4, -2, 3, 0, -7, -2, -1, -3, -6, 4, -2, -4, -5, -7, -1, -8, 4, -2, 3, -1, -4, 3, -7, -6, -3, -1, -3, -4, 0, -2, 4, -8, 3, -3, -4, 4, -3, 0, -1, 0, -8, -4, -4, -8, -5, -8, 3, -8, 3, -8, 3, 0, -3, -3, -5, -5, 4, -6, -1, 4, 4, 1, -1, -6, 4, -8, 3, -3, 1, -6, -8, 4, -6]
 
2.36082815647: [2, 4, -4, -6, -5, -1, -2, -5, 0, -6, -4, 2, 1, -1, 2, -8, 3, -6, 4, -5, -7, -3, 2, -1, -7, 2, 0, -5, -7, -8, -3, -8, -4, -3, 3, -1, 1, -3, 0, -6, -5, 2, -6, 2, -8, -8, -3, -7, 0, -8, 4, -7, 4, -8, -4, 1, -2, 3, -7, -7, -2, -1, -1, -6, 4, -2, -4, -5, 3, -1, -8, 4, 0, -2, -7, -4, 0, -7, -8, 3, -1, -6, -4, -3, -2, 4, -8, 3, -3, 3, 4, -3, 0, -4, 1, -8, -4, -4, -8, -5, -5, 4, 2, -5, -3, 3, 0, -3, -3, -5, -5, 4, -6, -1, 4, 4, 1, -1, -6, 4, -8, 3, -3, 1, -6, -8, 4, -6]
 
0.41521912177: [2, 3, -4, 1, 2, 4, 4, -3, -1, -4, 1, -7, -7, -1, 1, -3, -4, 4, 4, -3, -5, -3, 3, -5, -4, -1, -3, 2, -4, 3, -1, -2, -2, 4, 0, 1, -8, -1, -1, -5, 4, -7, -4, -1, -7, -3, 0, -6, 4, -3, -8, -3, -7, 1, -4, -3, 4, -3, 2, 2, -6, -8, -7, -8, -6, -4, -8, -2, 3, -6, 1, -2, 3, 0, 0, 0, -6, 1, -8, -5, -5, -4, 2, -4, -7, -2, 4, -2, -4, -3, -5, -1, -1, -1, -4, -1, -4, 3, -5, 2, 4, 0, -6, -1, 1, 0, -7, 4, -7, 4, -8, -2, 3, -3, 4, 4, 1, -1, -6, 4, -8, 3, -3, 1, -6, -8, 4, -6]
 
1.15162159597: [-2, -8, -5, 3, -1, 4, -8, 1, -7, -6, -6, 2, -2, -8, -2, -6, -2, 0, -6, -2, -5, -1, 2, -1, 2, 2, -2, 3, 2, -6, -6, -2, -3, 3, 3, -1, 1, -1, 4, -4, -6, 2, -6, -1, 2, 1, 1, -2, 0, 4, 4, 4, -5, -6, -2, 1, -7, 3, 0, -7, 4, -1, -6, -5, -3, -2, -1, -7, 3, -1, 2, 0, 0, -8, 4, -4, -8, -7, -6, 3, -6, -3, -4, 0, -8, 4, -5, 2, -3, -4, 4, 2, 4, -1, 0, 2, -2, -3, -8, 1, -5, 4, 1, -5, -3, 3, 0, 4, -5, -2, -4, -8, -7, -3, 4, 4, 1, -1, -6, 4, -8, 3, -7, -6, -6, -8, -1, -6]
 
1.10373818095: [-2, 4, -4, -6, 4, -1, -2, 4, 0, -6, -6, 2, 1, -1, 2, -8, 3, -6, 4, -5, -7, -3, 2, -1, -7, -8, 0, -5, -1, -8, -3, -8, 4, 3, 3, -1, -5, -2, 0, 4, -5, -3, -6, 2, -8, -8, -3, -7, 0, -8, 4, -7, 4, -8, -4, 1, -2, 3, -7, -7, -2, -1, -1, -6, 4, -2, -4, -5, 3, -1, -8, 4, 0, -2, -7, -4, 0, -7, -8, 3, -1, -6, -4, -3, -2, 4, -8, 3, -3, 3, 4, -3, 0, -4, 1, -8, -4, -4, -8, -5, -5, 4, 2, -5, -3, 3, 0, -3, -3, -5, -5, 4, -6, -1, 4, 4, 1, -1, -6, 4, -8, 3, -3, 1, -6, -8, 4, -6]
 
0.778504405418: [-7, 4, -4, -6, 4, -1, -2, -5, 0, -6, -4, 2, 1, -1, 2, -8, 3, -6, 4, -5, -7, -3, 2, -1, -7, 2, 0, -5, -7, -8, -3, -8, -4, -3, 3, -1, 1, -3, 0, -6, -5, 2, 2, -4, -8, -8, -8, -3, -8, 2, 0, -7, -2, -8, -4, 3, 2, 3, -6, -7, -2, -1, -3, -6, 4, -2, -4, -8, -7, -1, -8, -2, -2, -7, -1, -4, 3, -7, -6, -4, -1, -3, -4, 0, -2, -7, 4, 3, -3, -4, 4, -6, 3, -1, 0, -8, -4, -4, -8, -5, -7, -6, -8, 3, -3, -4, 0, -3, -3, -5, 0, -8, 1, 2, 0, 1, -6, -2, -8, -2, -2, -1, -4, 4, -7, -2, -4, 0]
 
1.83874900515: [2, 4, -4, -6, 2, -1, 4, -5, -7, 3, -8, 2, 1, -8, 0, -6, -2, -6, -6, -2, 1, -7, 2, -1, -7, 2, -2, -5, 2, -6, -3, -6, -3, -3, 3, -1, 1, -1, -1, -6, -6, 2, -6, 2, 2, -8, -3, -2, 0, 0, 4, 4, 4, -8, -3, 1, -2, 3, -7, -7, 4, -1, -3, -6, 4, -2, -4, -5, -7, -1, -8, 4, -2, 3, -1, -4, 3, -7, -6, -3, -1, -3, -4, 2, -7, 4, -8, -4, 1, -1, 4, -3, 0, 0, 0, -8, 3, 3, -8, 1, -5, 4, 1, -5, -3, 3, 0, -3, -3, -2, -5, -2, -6, 0, -1, 4, 1, -7, 1, 4, 1, 3, -3, 1, -6, -8, 4, -6]
 
1.70897580372: [2, 4, -4, -6, -5, -1, 4, -5, 0, -6, -4, 2, 1, -1, 2, -8, 3, -6, 4, -5, -7, -3, 2, -1, -7, 2, 0, -5, -7, -8, -3, -8, -4, -3, 3, -1, 1, -3, 0, -6, -5, 2, -6, -4, -8, -8, -8, -3, -8, 2, 4, -7, 4, -8, -4, 4, -2, 3, 0, -7, -2, -1, -1, -6, 4, -2, -4, -5, 3, -1, -8, 4, 0, -2, -7, -4, 0, -7, -8, 3, -1, -6, -4, -3, -2, 4, -8, 3, -3, 3, 4, -3, 0, -4, 1, -8, -4, -4, -8, 1, -8, 3, -8, 3, -8, -4, 0, -3, -3, -5, 0, -8, 1, 2, -4, 1, -6, -2, -8, -6, -2, -1, -3, 4, -7, -2, -4, 0]
 
3.37946419992: [-2, -8, -5, 3, -1, 4, 4, -3, -1, -4, 1, -7, -7, -1, 1, -3, 3, -2, 4, -2, -7, 0, 2, -5, 2, 2, -6, -5, -7, 2, -3, -8, -4, -3, 3, -1, 1, -3, 0, -6, -5, 2, -6, -4, -8, -8, -8, -3, -8, 2, 4, -7, 4, -8, -4, 4, -2, 3, 0, -7, -2, -1, -3, -6, 4, -2, -4, -5, -7, -1, -8, 4, -2, 3, -1, -4, 3, -7, -6, -3, -1, -3, -4, 2, -7, 4, -8, -4, 1, -1, 4, -3, 0, 0, 0, -8, 3, 3, -8, 1, -8, 3, -8, 3, -8, -4, 0, -3, -3, -5, 0, -8, 1, 2, -4, 1, -6, -2, -8, -6, -2, -1, -3, 4, -7, -2, -4, 0]
 
1.70763443513: [-7, 4, -4, -6, 4, -1, -2, -5, 0, -6, -4, 2, 1, -1, 2, -4, -4, 4, 4, -3, -5, -3, 3, -5, -4, -1, -3, 2, -4, 3, -1, -2, -2, 4, 0, 1, -8, -1, -1, -5, 4, -7, -4, -1, -7, -3, 0, -6, 4, -3, -8, -3, -7, 1, -4, -3, 4, -3, 2, 2, -6, -8, -7, -8, -6, -4, -8, -2, 3, -6, 1, -2, 3, 0, 0, 0, -6, 1, -8, -5, -5, -4, 2, -4, -7, -2, 4, -2, -4, -3, -5, -1, -1, -1, -4, -1, -4, 3, -5, 2, 4, 0, -6, -1, 1, 0, -7, 4, -7, 4, -8, -2, 3, -3, 0, -7, -5, -8, 0, 4, -7, -4, -4, -7, 4, -2, 3, 3]
 
1.97758298161: [-7, 4, -4, -6, 4, -1, -2, -5, 0, -6, -4, 2, 1, -1, 2, -8, 3, -6, 4, -5, -7, -3, 2, -1, -7, 2, 0, -5, -7, -8, -3, -8, -4, -3, 3, -1, 1, -3, 0, -6, -5, 2, -6, 2, -8, -8, -3, -7, 0, -8, 4, -7, 4, -8, -4, 1, -2, 3, -7, -7, -2, -1, -1, -6, 4, -2, -4, -5, 3, -1, -8, 4, 0, -2, -7, -4, 0, -7, -8, -5, -5, -4, 2, -4, -7, -2, 4, -2, -4, -3, -5, -1, -1, -1, -4, -1, -4, 3, -5, 2, 4, 0, -6, -1, 1, 0, -7, 4, -7, 4, -8, -2, 3, -3, 4, 4, 1, -1, -6, 4, -8, 3, -3, 1, -6, -8, 4, -6]
 
0.86743562388: [2, 3, -4, 1, 2, 4, 4, -3, -1, -4, 1, -7, -7, -1, 1, -3, -4, 4, 4, -3, -5, -3, 3, -5, -4, -1, -3, 2, -4, 3, -1, -2, -2, 4, 0, 1, -8, -1, -1, -5, 4, -7, -4, -1, -7, -3, 0, -6, 4, -3, -8, -3, -7, 1, -4, -3, 4, -3, 2, 2, -6, -8, -7, -8, -6, -4, -8, -2, 3, -6, 1, -2, 3, 0, 0, 0, -6, 1, -8, 3, -1, -6, -4, -3, -2, 4, -8, 3, -3, 3, 4, -3, 0, -4, 1, -8, -4, -4, -8, -5, -5, 4, 2, -5, -3, 3, 0, -3, -3, -5, -5, 4, -6, -1, 4, 4, 1, -1, -6, 4, -8, 3, -3, 1, -6, -8, 4, -6]
 
1.96467459792: [-7, 4, -4, -6, 4, -1, -2, -5, 0, -6, -4, 2, -7, -1, 1, -3, -4, 4, 4, -3, -5, -3, 3, -5, -4, -1, -3, 2, -4, 3, -1, -2, -2, 4, 0, 1, -8, -1, -1, -5, 4, -7, -4, -1, -7, -3, 0, -6, 4, -3, -8, -3, -7, 1, -4, -3, 4, -3, 2, 2, -6, -8, -7, -8, -6, -4, -8, -2, 3, -6, 1, -2, 3, 0, 0, 0, -6, 1, -8, -5, -5, -4, 2, -4, -7, -2, 4, -2, -4, -3, -5, -1, -1, -1, -4, -1, -4, 3, -5, 2, 4, 0, -6, -1, 1, 0, -7, 4, -7, 4, -8, -2, 3, -3, 0, -7, -5, -8, 0, 4, -7, -4, -4, -7, 4, -2, 3, 3]
 
3.22998878698: [-2, -8, -5, 3, -1, 4, 4, -3, -1, -4, 1, -7, 1, -1, 2, -8, 3, -6, 4, -5, -7, -3, 2, -1, -7, 2, 0, -5, -7, -8, -3, -8, -4, -3, 3, -1, 1, -3, 0, -6, -5, 2, -6, -4, -8, -8, -8, -3, -8, 2, 4, -7, 4, -8, -4, 4, -2, 3, 0, -7, -2, -1, -3, -6, 4, -2, -4, -5, -7, -1, -8, 4, -2, 3, -1, -4, 3, -7, -6, -3, -1, -3, -4, 2, -7, 4, -8, -4, 1, -1, 4, -3, 0, 0, 0, -8, 3, 3, -8, 1, -8, 3, -8, 3, -8, -4, 0, -3, -3, -5, 0, -8, 1, 2, -4, 1, -6, -2, -8, -6, -2, -1, -3, 4, -6, -2, -4, 0]
 
1.71260743832: [-7, 4, -4, -6, 4, -1, -2, -5, 0, -6, -4, 2, 1, -1, 2, -8, 3, -6, 4, -5, -7, -3, 2, -1, -7, 2, 0, -5, -7, -8, -3, -8, -4, -3, 3, -1, 1, -3, 0, -6, -5, 2, -6, 2, -8, -8, -3, -7, 0, -8, 4, -7, 4, -8, -4, 1, -2, 3, -7, -7, -2, -1, -4, -6, 4, -2, -4, -5, 3, -1, -8, 4, 0, -4, -7, -4, 0, -7, -8, 3, -1, -6, -4, -3, -2, 4, 4, -2, -4, -3, -5, -1, -1, -1, -4, -1, -4, 3, -5, 2, 4, 0, -6, -1, 1, 0, -7, 4, -7, 4, -8, -2, 3, -3, 0, -7, -5, -8, 0, 4, -7, -4, -4, -7, 4, -2, 3, 3]
 
2.11832082013: [-7, 4, -4, -6, 4, -1, -2, -5, 0, -6, -4, 2, 1, -1, 2, -8, 3, -6, 4, -5, -7, -3, 2, -1, -7, 2, 0, -5, -7, -8, -3, -8, -4, -3, 3, -1, 1, -3, 0, -6, -5, 2, -6, 2, -8, -8, -3, -7, 0, -8, 4, -7, 4, -8, -4, 1, -2, 3, -7, -7, -2, -1, -1, -6, 4, -2, -4, -5, 3, -1, -8, 4, 0, -2, -7, -4, 0, -7, -8, 3, -1, -6, -4, -3, -2, 4, -8, 3, -3, 3, 4, -3, 0, -4, 1, -8, -4, -4, -8, -5, -5, 4, 2, -5, -3, 3, 0, -3, -3, -5, -5, 4, -6, -1, 4, 4, 1, -1, -6, 4, -8, 3, -3, 1, -6, -8, 4, -6]
 
2.11140717362: [-2, 4, -6, -6, 4, -1, -2, -5, -5, 2, -4, 2, -7, -1, 2, -8, 0, -6, 4, -5, -7, -4, 2, 3, -7, 2, 0, -5, -7, -8, -3, 2, -3, 1, 3, -3, 2, -3, 0, -6, -5, 2, -6, 2, -8, -8, -3, -7, -8, -1, 4, -7, -1, -2, -4, 4, -2, 3, 0, -7, -2, -2, -3, -6, 4, -2, -4, -5, -7, -1, -8, 4, -7, 3, -1, -4, 3, -7, -6, -3, 1, -3, -4, 2, -7, 4, -8, -7, -8, -1, 4, -3, 0, 0, 0, -8, 3, 3, -8, 1, 0, -7, -8, 3, -8, -4, -1, -3, -3, 0, 0, -8, -4, 3, 2, 1, -6, -2, -8, -6, -2, -1, -3, 4, -7, -5, -4, 0]
 
1.17512331327: [2, 4, -4, -6, -5, -1, 4, -5, 0, -6, -4, 2, 1, -1, 2, -8, 3, -6, 4, -5, -7, -3, 2, -1, -7, 2, 0, -5, -7, -8, -3, -8, -4, -3, 3, -1, 1, -3, 0, -6, -5, 2, -6, -4, -8, -8, -8, -3, 0, -8, 4, -7, 4, -8, -4, 1, -2, 3, -7, -7, -2, -1, -1, -6, 4, -2, -4, -5, 3, -1, -8, 4, 0, -2, -7, -4, 0, -7, -8, -5, -5, -4, 2, -4, -7, -2, 4, -2, -4, -3, -5, -1, -1, -1, -4, -1, -4, 3, -5, 2, 4, 0, -6, -1, 1, 0, -7, 4, -7, 4, -8, -2, 3, -3, 4, 4, 1, -1, -6, 4, -8, 3, -3, 1, -6, -8, 4, -6]
 
