3.0598390286147454: [-4, -5, -6, 3, -8, -5, -5, -7, -3, 1, 4, -5, 4, 1, -2, 1, -4, -3, 0, 2, -7, -2, 4, 2, 1, -8, -2, 4, 2, -3, -6, -2, -1, -5, -4, -7, 1, -4, 1, -4, 0, -5, -1, -7, -7, -2, -1, -4, -6, 0, -6, -2, -6, -8, -4, 4, 3, 3, 0, -7, -6, -1, -3, -3, 4, -2, -2, 0, -7, -1, -8, 4, -2, 3, -1, -7, 0, -8, -6, 0, -8, -3, -4, 2, -8, 3, 2, -4, 0, -1, 0, -3, 0, -8, 0, 2, 3, 3, -4, -4, -8, -6, -8, 3, -8, -4, 0, 1, -3, -1, -5, -5, 4, 2, -8, 1, -6, -5, -8, -2, -6, -1, -3, 0, -6, -2, -7, -5]
 
0.6832759171154779: [4, -5, -2, -2, -4, 4, -2, -3, 0, -5, 4, 0, -7, -4, -4, -4, -1, -3, -5, -8, -7, -3, -3, -5, 0, -1, 0, -6, -7, 2, 4, 1, -6, 3, -4, -3, -8, 0, 0, -6, -4, -7, 4, 1, 1, -1, 0, 1, -8, 2, 4, 2, -2, -3, 3, -2, 4, -1, -4, 2, -7, -3, -5, -8, -2, -8, -8, -8, -3, 3, 1, -2, 2, -8, -3, -3, -7, -4, -7, 4, -3, -4, 3, -4, -2, -4, 1, 2, -6, 0, 0, -1, -8, -2, 1, 0, 4, -3, 3, -3, -1, -6, -8, 1, 1, 2, 0, 2, -3, -3, 0, 1, -2, -1, 3, -2, -7, 4, -3, -4, -4, 2, -3, 3, 3, -2, 1, -1]
 
0.793807651646: [3, -5, 1, -3, 4, -5, -5, -7, -3, 1, 4, -7, -7, -5, -2, -6, 1, -3, -7, -8, -7, -2, 1, 4, 1, 3, 1, -5, 0, 4, -1, 4, -5, 0, -3, 1, 0, -7, 0, 0, 0, -6, -2, -4, -8, 1, 2, -6, 3, -1, 3, 0, -5, -1, 0, -6, -1, -8, 0, -7, 4, -2, -6, -3, 2, -5, 2, -8, -4, 3, -6, 0, -6, -6, 0, -6, -7, -6, -6, -3, -3, -3, -6, 2, -8, -6, -2, -6, 0, -1, 0, -3, -1, -7, 0, 2, 3, -7, -8, -4, -8, -3, -2, -8, -6, -3, 0, 2, -3, -1, 0, -3, -6, -4, -4, -5, -1, -2, 4, -7, -2, -3, -5, -7, -5, -8, 2, -7]
 
2.895288957953821: [-2, -3, -4, -6, -8, -1, -2, -7, 3, -4, -4, -8, 1, -4, -4, 1, 1, -7, 3, -2, 0, -5, -6, -8, 2, 3, -7, -5, 0, 4, -1, 4, -5, 0, -3, 1, -1, -7, 0, -5, 0, -6, -2, -4, -8, 1, 2, 2, 3, -1, 3, 0, -2, -1, 0, -6, -2, -8, -2, -7, 4, -2, -6, -1, 2, -5, 2, -6, -4, 3, -7, -4, -6, 1, 0, -6, -7, -6, -6, -2, -6, -4, -7, 3, -2, -8, -2, -1, -8, -5, -8, -5, 0, 1, -8, -7, 0, 0, 3, 4, -1, -7, -8, 1, -6, 4, 0, -2, -3, -6, -5, -5, -2, -6, -4, 1, -4, -6, -4, 0, 0, 1, 1, -2, -6, 1, 3, -8]
 
1.56458191540306: [-2, -3, -4, -6, -8, -1, -2, -7, 3, -4, -4, -8, 1, -4, -4, 1, 1, -7, 3, -2, 0, -5, -6, -8, 2, 3, -7, -5, 0, 4, -1, 4, -5, 0, -3, 1, -1, 0, 0, 3, -4, -7, 4, 1, -2, -5, 0, -3, 0, 2, 4, 2, -6, -3, 3, -2, 4, -6, -4, 2, -7, -3, -6, 2, -7, 4, -8, -8, -2, 3, 1, -6, 2, 2, -3, -6, 3, -4, -7, 4, -3, -3, 3, -4, 2, -4, 1, 2, -3, 0, -4, 4, -8, -2, 1, 0, 4, -3, 3, -3, -1, -8, -8, 1, 1, 2, 0, -2, -3, 0, -7, -8, 1, 4, -4, 2, -6, 0, -8, -2, -6, -1, -3, 4, -6, -2, -4, -2]
 
3.0464394118212024: [-2, -3, -4, -6, -8, -1, -2, -7, 3, -4, -4, -8, 1, -4, -4, 1, 1, -7, 3, -2, 0, -5, -6, -8, 2, 3, -7, -5, 0, 4, -1, 4, -5, 0, -3, 1, -1, -7, 0, -5, 0, -6, -2, -4, -8, 1, 2, 2, 3, -1, 3, 0, -2, -3, 3, -2, 4, -1, -4, 2, -7, -3, -6, -8, -7, 4, -8, -8, -3, 3, 1, -6, 2, -8, -1, -7, -2, -8, -6, -8, -5, -7, 3, 4, -6, -3, 1, -7, -4, -3, -6, 3, -1, -7, -7, 4, 1, -5, 0, 0, -6, 0, 3, -7, -4, 3, 4, -1, -8, -3, -8, -4, -8, -3, -3, 2, -2, -7, -3, -3, 3, 2, -7, -1, 4, -3, -3, -5]
 
2.8835501065982005: [-7, 4, 0, -7, -8, 2, 3, 1, 4, -2, -4, 0, 1, 1, -1, 4, -3, 3, -2, -8, 0, -5, -6, 3, 2, -7, 0, -5, 2, -8, -2, -8, -4, 2, -1, -4, 1, -4, 0, -5, -6, -6, -1, -4, -4, -8, -5, 3, 3, 1, -4, 0, 0, -3, -6, 2, 0, 4, 2, 3, -2, 3, -2, -2, -1, 1, 1, -1, -7, 3, -7, -3, 1, 1, -6, -8, -7, -1, -1, 3, 0, 4, -3, -5, -2, 4, -2, 2, 2, 0, -7, 3, 3, 1, -4, -1, -3, -5, -8, 3, 0, 3, -3, 1, -6, -4, 4, 3, -3, 0, 0, -7, -8, -3, -4, -4, 1, 4, -5, -4, 4, -6, 0, -2, -6, -8, 0, -6]
 
0.8321686352612198: [-5, 2, 4, 3, 1, -2, -4, 0, 4, -3, 2, -5, -4, -4, -7, -7, 3, -7, -5, -8, -7, -6, 4, -5, 0, -1, 0, -6, -7, 2, -3, 1, -6, 3, 1, -3, -8, 0, 0, -6, -4, -7, 4, 1, -2, -2, 0, -3, -6, 2, 4, 2, 4, -3, 3, -2, 4, -1, -4, 2, -7, -3, -6, -8, -7, 4, -8, -8, -3, 3, 1, -6, 2, -8, -1, -7, -2, -8, -6, -3, -1, -3, -4, 2, -8, -6, -2, -4, 0, -1, 0, -3, 4, -7, 0, 2, 3, -7, -8, -4, -8, -3, -2, -4, -6, -3, 0, -3, -3, -1, 0, -3, -6, -4, -4, -5, -1, -2, 4, -2, 4, -2, -8, 0, -5, -4, 1, -1]
 
2.7264453533879287: [-3, -5, -5, -8, 3, 3, 0, -7, 3, -4, 4, -4, -7, -5, 4, -6, -3, -3, -7, -2, -3, -5, -1, -8, -6, 2, -5, -5, -7, -8, -5, -2, -1, -1, -7, -4, 1, 2, 1, 2, -2, -3, -6, 0, -2, -1, -3, -4, -6, 0, -7, -3, 2, 4, 3, -7, -8, 2, -5, -3, 3, -5, 1, 0, -7, -8, -4, -3, -2, -2, -7, 3, -2, 3, 3, 3, -7, -5, -5, -4, -4, 4, -3, 1, -5, -2, -2, -5, -1, -8, 3, -7, 0, 1, -8, -3, 0, 4, -2, 4, 0, -6, -6, -2, 4, 0, 1, -5, -5, 4, -5, 2, 4, 2, 1, -2, -3, -1, 2, -2, 0, 1, 3, -4, -3, -6, 1, -5]
 
1.1656988880012904: [3, -5, -5, 3, 3, -4, 0, -7, 4, 4, 4, 2, -7, 1, 4, -6, -3, 2, -2, -8, -3, 1, -4, 0, 1, -6, -5, -5, 4, -3, -1, 0, -5, 0, 2, -3, -1, -4, 1, -5, 3, -6, -8, 4, -8, -6, 2, 2, 2, 4, 3, -3, -7, -1, 3, -1, -8, -8, 1, -7, -1, -2, -6, 3, -7, -5, 1, -6, -6, 3, -7, 0, -6, -6, 0, -6, 2, -6, -5, -2, -6, -8, -7, 3, -2, -8, -2, -1, -6, -5, -8, -2, 0, 1, -8, -4, 4, -3, 3, -3, -4, 2, -8, 1, 2, -4, 0, 3, -3, 0, -1, -7, 3, 2, -6, -5, -7, 2, -8, -2, -6, 2, -3, 4, -6, -2, 1, -5]
 
1.0697688621339623: [3, -5, 1, 3, -8, 3, -5, -7, 3, 3, -6, -5, 1, 0, 3, -2, 3, -7, -5, -6, -7, 1, 4, 3, -3, -1, -3, -7, -3, -3, -8, -2, -1, -3, -7, -6, -6, -4, 1, -3, -2, -3, -6, 0, -6, 3, -3, -4, -3, 0, -7, -2, -6, 4, 3, -7, -8, 2, -5, -3, 3, 2, 1, -3, -8, -2, -4, 3, 2, -3, -2, -8, -2, 4, -3, 4, 0, -1, -4, -6, -7, -7, -3, 2, 4, 0, -2, 4, 2, 0, 0, -1, 0, -6, 1, -7, 4, -3, -7, -3, -6, -7, 0, 1, -6, -6, 0, 3, -3, -3, -7, 1, -8, -6, -1, -3, 4, -8, -1, 3, 4, 3, -1, -6, -2, 3, -1, -5]
 
2.22631834274969: [3, -3, -6, -6, 4, -1, -2, -5, 0, -6, -4, 2, 1, -1, 2, -8, 3, -6, 4, -5, -7, -3, 2, -1, -7, 2, 0, -5, -7, -8, -3, -8, -4, -3, 3, -1, 1, -3, 0, -6, -5, 2, -6, -4, -8, -8, -8, 3, -1, 1, -4, -2, -2, -1, -7, -6, -2, 1, -2, -7, -4, -7, 4, 0, 3, -7, -1, -2, -5, -6, -6, 3, -2, 4, -6, -1, 2, -5, -6, 4, 2, -4, -2, 4, -5, -4, -6, 2, 0, -3, -8, -7, -5, -4, -5, -1, 2, 0, -5, 2, -3, -7, -3, -1, -3, -4, -5, -8, -1, 4, 0, 1, -2, -1, -4, -7, -3, 4, -1, -2, -6, 2, -1, 3, -6, -4, 1, -1]
 
2.2102840201220495: [3, -5, 1, 3, -8, 3, -5, -7, 3, 3, 4, -4, -7, -5, -4, -6, -4, -3, -7, 2, -7, -2, 1, 4, 1, -8, -2, 4, 2, -3, -6, -2, -1, -5, -7, 1, 1, -7, 1, -3, 0, 2, -6, -7, -2, -2, -1, -4, -6, 0, -7, -2, -6, -8, -4, -7, -2, 2, 0, -7, -2, -1, -3, -6, 4, -2, -4, 0, -7, -1, -8, 4, -2, 3, -1, -7, -2, -8, -6, -2, -6, -4, -7, 3, -2, -8, -2, -1, -8, -5, -8, -5, 0, 1, -8, -7, 0, 0, 3, 4, -1, -7, -8, 1, -6, 4, 0, -2, -3, -6, -5, -5, -2, -6, -4, 1, -4, -6, -4, 0, 0, 1, 1, -2, -6, 1, 3, -8]
 
1.2320842101095737: [3, -5, -5, 3, 3, -4, 0, 0, 4, 3, 4, -5, -7, -5, -2, -6, -4, -3, -7, 2, -7, -2, 1, 4, 1, -8, -2, 4, 2, -3, -6, -2, -1, -5, -1, -7, 1, -7, 1, -4, 0, -5, -1, -7, -7, -2, -1, -4, -6, 0, -6, -2, -6, -8, -4, 4, -2, 3, 0, -7, -2, -1, -3, -6, 4, -2, -4, 0, -7, -1, -8, 4, -2, 3, -1, -7, -6, -8, -6, -3, -1, -3, -4, 2, -8, -6, -8, -4, 0, -1, 0, -3, 0, -7, 0, 2, 3, 3, -4, -4, -8, -6, -8, 3, -8, -4, 0, -3, -3, -1, 0, -8, 1, 2, -4, 1, -6, -5, -8, -2, -6, -1, -3, 4, -6, -2, -4, -5]
 
2.6075500503124833: [-5, 2, 4, 3, 1, -2, -4, 0, 4, 3, 4, -5, -7, -5, -2, -6, -4, -3, -7, 2, -7, -2, 1, 4, 1, -8, -2, 4, 2, 4, -1, 4, -5, 0, -3, 1, -1, -7, 0, -5, 0, -6, -2, -4, -8, 1, 2, 2, 3, -1, 3, 0, -2, -1, 0, -6, -2, -8, -2, -7, 4, -2, -6, -1, 2, -5, 2, -6, -4, 3, -7, -4, -6, 1, 0, -6, -7, -6, -6, -2, -6, -4, -7, 3, -2, -8, -2, -1, -8, -5, -8, -5, 0, 1, -8, -7, 0, 0, 3, 4, -1, -7, -8, 1, -6, 4, 0, -2, -3, -6, -5, -5, -2, -6, -4, 1, -4, -6, -4, 0, 0, 1, 1, -2, -6, 1, 3, -8]
 
1.8070701050678817: [3, -5, -2, -2, 3, 4, -2, -3, 4, 3, 4, -4, -7, -5, -4, -6, -4, -3, -5, -8, -7, -6, 4, -5, 0, -1, 0, -6, -7, 2, -3, 1, -6, 3, 1, -3, -8, 0, 0, -6, -4, -7, 4, 1, -2, -2, 0, -3, -6, 2, 4, 2, 4, -3, 3, -2, 4, -1, -4, 2, -7, -3, -6, -8, -7, 4, -8, -8, -3, 3, 1, -6, 2, -8, -3, -6, -7, -4, -7, 4, -3, -4, 3, -4, -2, -4, 1, 2, -3, 0, 0, -1, -8, -2, 1, 0, 4, -3, 3, -3, -1, -7, -8, 1, 1, 2, 0, 3, -3, 0, -7, 4, 1, -4, -4, 2, -6, 0, -8, -2, -6, -1, -3, 4, -6, -2, -4, -1]
 
1.2373798561333418: [3, -5, 1, 3, -8, 3, -5, -7, 3, 3, 4, -4, -7, -5, -4, -6, -4, -3, -7, 2, -7, -2, 1, 4, 1, -8, -2, 4, 2, -3, -6, -2, -1, -5, -7, 1, 1, -7, 1, -3, 0, 2, -6, -7, -2, -2, -1, -4, -6, 0, -7, -2, -6, -8, -4, -7, -2, 2, 0, -7, -2, -1, -3, -6, 4, -2, -4, 0, -7, -1, -8, 4, -2, 3, -3, -6, -7, -4, -7, 4, -3, -4, 3, -4, -2, -4, 1, 2, -3, 0, 0, -1, -8, 1, -8, -7, 4, -3, -1, 3, -6, 0, 0, 1, -6, -2, 0, 1, -3, 2, 0, 1, -2, -6, -4, 4, -3, -3, -1, -4, 2, -8, -7, -2, -6, -8, 0, -2]
 
1.5193065209329921: [4, -5, -2, -2, -5, 4, -2, 0, 4, 3, 4, -4, -7, -5, -4, -6, 0, -3, -7, -8, -7, -6, -6, -5, 0, -1, 1, -6, -7, 2, -3, 1, -8, 3, -5, 1, 2, 0, 0, -6, 2, -7, 4, -5, -2, -2, 0, -3, -8, 2, 4, 2, 4, -3, 3, -2, 4, -1, -4, 2, -7, -3, -6, -8, -7, 4, -4, -8, -3, 3, 0, -6, 2, -8, -3, -8, 3, -4, -7, 4, -3, -4, -2, -4, 1, -4, 1, 2, -3, -7, 0, -1, -3, -2, 1, 0, 4, -3, 3, -3, -1, -7, -8, 1, 1, 2, 0, 2, 4, 0, 0, 1, -3, -1, 3, 4, -7, 2, -1, -4, -4, -3, -3, 4, 3, -2, 3, 2]
 
2.2809008925224417: [-2, -3, -4, -6, -8, -1, -2, -7, 3, -4, -4, -8, 1, -4, -4, 1, 1, -7, 3, -2, 0, -5, -6, -8, 2, 3, -7, -5, 0, -3, -6, -2, -1, -5, -1, -7, 1, -7, 1, -4, 0, -5, -1, -7, -7, -2, -1, -4, -6, 0, -6, -2, -6, -8, -4, 4, -2, 3, 0, -7, -2, -1, -3, -6, 4, -2, -4, 0, -7, -1, -8, 4, -2, 3, -1, -7, -6, -8, -6, -3, -1, -3, -4, 2, -8, -6, -8, -4, 0, -1, 0, -3, 0, -7, 0, 2, 3, 3, -4, -4, -8, -6, -8, 3, -8, -4, 0, -3, -3, -1, 0, -8, 1, 2, -4, 1, -6, -5, -8, -2, -6, -1, -3, 4, -6, -2, -4, -5]
 
3.5684148558699933: [3, -3, -6, -6, 4, -1, -2, -5, 0, -6, -4, 2, 1, -1, 2, -8, 3, -6, 4, -5, -7, -3, 2, -1, -7, 2, 0, -5, -7, -8, -3, -8, -4, -3, 3, -1, 1, -3, 0, -6, -5, 2, -6, -4, -8, -8, -8, 3, -1, 1, -4, -2, -2, -1, -7, -6, -2, 1, -2, -7, -4, -7, 4, 0, 3, -7, -1, -2, -5, -6, -6, 3, -2, 4, -6, -1, 2, -5, -6, 4, 2, -4, -2, 4, -5, -4, -6, 2, 0, -3, -8, -7, -5, -4, -5, -1, 2, 0, -5, 2, -3, -7, -3, -1, -3, -4, -5, -8, -1, -3, -7, 1, -8, -6, -1, -3, 4, -8, -1, 3, 4, 3, -1, -6, -2, 3, -1, -5]
 
0.7138351305726074: [3, -5, -2, -2, 3, 4, -2, -3, 4, 3, -6, 2, -4, -1, 2, -2, 3, -6, 4, -5, -2, -3, 2, -1, -2, -2, 0, -5, -7, -8, -3, -8, -4, -3, -6, -5, 1, -3, 0, -6, -5, 2, -6, -4, -8, -8, -8, 3, -1, -7, -3, -2, -2, -1, -2, -7, -8, 2, -5, -3, 3, 2, 1, 0, -8, -8, -4, -3, -2, -3, -7, 3, -2, 3, -3, -5, 4, -1, -4, -6, -7, 4, -3, -5, -8, 0, -2, 4, 0, 0, 0, -1, 3, 1, -8, -7, 4, -3, -1, -3, -6, -7, 0, 1, -6, -2, 0, 1, -3, 4, 0, 1, -2, -4, -4, -5, -7, 0, -8, -2, -6, 2, -3, 4, -6, -2, 1, -1]
 
1.1113583952825536: [3, -5, 1, 3, -2, -5, -5, -7, -3, -3, 2, -5, -4, -4, -7, -7, 3, -7, -5, -8, -7, -6, 4, -5, 0, -1, 0, -6, -7, 2, -3, 1, -6, 3, 1, -3, -8, 0, 0, -6, -4, -7, 4, 1, -2, -2, 0, -3, -6, 2, 4, 2, 4, -3, 3, -2, 4, -1, -4, 2, -7, -3, -6, -8, -7, 4, -8, -8, -3, 3, 1, -6, 2, -8, -1, -7, -2, -8, -6, -3, -1, -3, -4, 2, -8, -6, -2, -4, 0, -1, 0, -3, 4, -7, 0, 2, 3, -7, -8, -4, -8, -3, -2, -4, -6, -3, 0, -3, -3, -1, 0, -3, -6, -4, -4, -5, -1, -2, 4, -2, 4, -2, -8, 0, -5, -4, 1, -1]
 
1.2105216877743175: [3, -5, 1, 3, -8, 3, -5, -7, 3, 3, 4, -4, -7, -5, -4, -6, -4, -3, -7, 2, -7, -2, 1, 4, 1, 3, -7, -5, 0, 4, -1, 4, -5, 0, -3, 1, -1, -7, 0, -5, 0, -6, -2, -4, -8, 1, 2, 2, 3, -1, 3, 0, -2, -1, 0, -6, -2, -8, -2, -7, 4, -2, -6, -1, 2, -5, 2, -6, -4, 3, -7, -4, -6, 1, 0, -6, -7, -6, -6, -3, -1, -3, -4, 2, -8, -6, -2, -4, 0, -1, 0, -3, 4, -7, 0, 2, 3, -7, -8, -4, -8, -3, -2, -4, -6, -3, 0, -3, -3, -1, 0, -3, -6, -4, -4, -5, -1, -2, 4, -2, -2, 2, -1, -7, -5, -8, 2, -2]
 
1.20189376404: [3, -5, -5, -7, 3, -4, 2, -7, 4, -7, 4, -8, 1, -4, -4, 1, -7, 0, -3, -7, 0, 3, -6, -8, -8, -1, 1, 3, 2, 4, 3, -2, -1, 3, 0, -3, -7, -4, -8, -4, -2, -3, -4, 0, -6, 3, -3, -4, -3, 2, -7, -2, -6, 4, 3, -7, -8, 2, -5, -3, 3, -8, 1, -3, -8, -1, 0, 4, 2, -3, -2, -8, 1, 4, -3, 1, 0, -1, -5, -6, -8, -7, 0, 2, -7, 0, -2, 4, 1, 0, 0, -1, 0, -3, 1, -7, 4, -8, -7, -3, -6, -7, 0, 1, -6, -3, -8, 2, -3, -6, -8, 1, -2, -4, -4, 2, -7, 4, -1, -4, -4, 2, 2, -2, -6, -8, 0, -2]
 
1.18457724992: [3, -8, -7, -6, -8, -4, -5, -7, -4, 3, 4, -4, -7, -4, -4, -6, -4, -3, -3, 2, -7, -2, 1, 4, -6, -8, 2, 4, 2, -1, -5, -2, -1, -5, -7, -5, -5, 0, -5, -3, -4, 2, -6, 3, -2, -2, 3, -1, -6, 0, -7, -2, -8, -8, -4, -7, -2, 2, 0, -7, -4, -1, 0, -6, -4, -8, -4, -1, -7, 3, 1, 3, 2, 4, -1, -7, -2, 3, -6, -3, -1, 1, -4, -7, -8, -8, -2, -4, 3, -7, 0, -3, 4, 2, 0, 2, 1, -7, -8, -4, -8, 3, -2, -4, -6, -3, 0, -4, -3, -1, 0, -3, -6, -4, -8, 2, 4, -2, -1, -2, -2, -2, 4, 1, -5, -4, 1, -4]
 
1.086470985325736: [3, -5, 1, 3, -8, 3, -5, -7, 3, 3, -6, -5, 1, 0, 3, -2, 3, -7, -5, -6, -7, 1, 4, 3, -3, -1, -3, -7, -3, -3, -8, -2, -1, -3, -7, -6, -6, -4, 1, -3, -2, -3, -6, 0, -6, 3, -3, -4, -3, 0, -7, -2, -6, 4, 3, -7, -8, 2, -5, -3, 3, 2, 1, -3, -8, -2, -4, 3, 2, -3, -2, -8, -2, 4, -3, 4, 0, -1, -4, -6, -7, -7, -3, 2, 4, 0, -2, 4, 2, 0, 0, -1, 0, -6, 1, -7, 4, -3, -7, -3, -6, -7, 0, 1, -6, -6, 0, 3, -3, 0, -7, 4, 1, -4, -4, 2, -6, 0, -8, -2, -6, -1, -3, 4, -6, -2, -4, -1]
 
2.6497182025542307: [0, 4, 4, -7, -2, 0, 3, 1, 4, -5, -4, 0, 1, -2, 4, 4, -3, 3, -2, -8, -3, -5, -6, 3, 2, -6, 0, -3, 2, -3, 2, -8, -4, 2, -2, -4, 3, -4, 0, -2, -6, 2, -2, -4, -4, -7, -7, 3, 3, 1, -4, 0, 0, -3, -6, 1, 0, -4, 2, -5, -3, -2, -8, -2, 0, 1, 1, -1, -1, 3, 3, -6, 3, 1, -8, -8, -6, -1, -1, 3, -6, 4, -3, 0, -2, -5, 2, 2, -4, 0, -8, -4, 3, 3, 0, -1, 3, -5, -8, 3, -5, 3, -6, 1, -6, 3, -1, -3, -3, -1, -7, -4, -6, 0, -6, -5, -1, -2, -6, 4, 4, -7, -8, -8, -5, -4, 1, 2]
 
0.462504331883: [-6, -8, 2, 4, -3, 4, 3, -5, 4, 3, -4, -5, -2, 2, -7, -7, 3, -7, -5, -8, -8, -6, 4, -5, 0, -1, 0, -6, -7, 2, -3, 1, -6, 3, -7, -3, -8, 0, -3, -6, -4, -7, 4, 1, -2, -2, 0, 0, -1, -2, 4, 2, 4, -3, 3, -6, -7, -1, -4, -4, 4, -3, -6, -8, 0, 4, -8, -8, 4, -1, -8, 1, -2, 3, 0, -7, -2, -8, -6, -3, -1, -3, 1, 2, -8, 3, -2, -4, 3, -1, 0, -4, 4, -7, 0, 2, 3, -1, -8, -4, -8, -3, 3, -4, -6, -3, 0, -3, -3, -1, 0, -8, 1, 4, -4, 2, -6, -4, -4, 0, -6, -1, -3, 4, -6, -2, -4, 2]
 
1.513859935164683: [-7, -5, 4, -4, -3, -3, 4, -5, -3, -8, -6, -7, -5, -2, -4, -5, -7, 3, -5, -7, -5, -5, -4, 0, 3, -2, -6, -6, 2, -7, -8, -6, -1, 0, -1, 3, 2, -8, 3, 3, 4, -1, 0, 3, 0, 3, 1, 3, -4, -4, 4, 0, -5, 3, -6, 4, -7, -3, -7, -5, -5, -8, 4, -7, -5, -6, -8, -5, 0, -3, 2, 3, 4, -3, -2, 3, -8, -4, -4, -7, 2, 2, -1, 1, 3, 1, 1, -7, -6, 1, 4, 1, 3, 0, 4, -8, -1, 0, -5, 0, 0, -6, 1, -3, -8, -7, 2, 1, -1, -8, 4, 4, 0, -4, -5, -1, -3, -4, -3, -2, -6, -5, 0, -5, -7, -7, -4, 4]
 
1.1698269553931158: [-5, 2, 4, 3, 1, -2, -4, 0, 4, 3, 4, -5, -7, -5, -2, -6, -4, -3, -7, 2, -7, -2, 1, 4, 1, -8, -2, 4, 2, -3, -6, -2, -1, -5, -1, -7, 1, -7, 1, -4, 0, -5, -1, -7, -7, -2, -1, -4, -6, 0, -6, -2, -6, -8, -4, 4, -2, 3, 0, -7, -2, -1, -3, -6, 4, -2, -4, 0, -7, -1, -8, 4, -2, 3, -1, -7, -6, -8, -6, -3, -1, -3, -4, 2, -8, -6, -8, -4, 0, -1, 0, -3, 0, -7, 0, 2, 3, 3, -4, -4, -8, -6, -8, 3, -8, -4, 0, -3, -3, -1, 0, -8, 1, 2, -4, 1, -6, -5, -8, -2, -6, -1, -3, 4, -6, -2, -4, -5]
 
0.4940193772063397: [-5, 2, 4, 3, 1, -2, -4, 0, 4, -3, 2, -5, -4, -4, -7, -7, 3, -7, -5, -8, -7, -6, 4, -5, 0, -1, 0, -6, -7, 2, -3, 1, -6, 3, 1, -3, -8, 0, 0, -6, -4, -7, 4, 1, -2, -2, 0, -3, -6, 2, 4, 2, 4, -3, 3, -5, -2, -2, -6, 3, 3, -1, 0, 0, -7, 1, 3, -3, 4, -3, -7, -4, -6, 1, 0, -6, -7, -6, -6, -4, -4, -4, 1, -1, -3, -4, 1, 3, -3, 3, -4, -5, 0, -2, 1, -6, -4, -3, 3, -3, -1, -7, -8, 1, -6, 2, 3, 2, -3, 0, -7, -7, -4, -4, -4, -5, -7, -5, -8, -2, -6, 2, -3, -2, -6, -2, 1, -1]
 
0.516925009178219: [-5, 2, 4, 3, 1, -2, -4, 0, 4, -3, 2, -5, -4, -4, -7, -7, 3, -7, -5, -8, -7, -6, 4, -5, 0, -1, 0, -6, -7, 2, -3, 1, -6, 3, 1, -3, -8, 0, 0, -6, -4, -7, 4, 1, -2, -2, 0, -3, -6, 2, 4, 2, 4, -8, 4, -2, 4, -1, -4, 2, -7, -3, -6, -8, -7, 4, -8, -8, -3, 3, 1, -6, 2, -8, -1, -7, -2, -8, -6, -3, -1, -3, -4, 2, -8, -6, -2, -4, 0, -1, 0, -3, 4, -7, 0, 2, 3, -7, -8, -4, -8, -3, -2, -4, -6, -3, 0, -3, -3, -1, 0, -3, -6, -4, -4, -5, -1, -2, 4, -2, 4, -2, -8, 0, -5, -4, 1, -1]
 
1.09979206953: [3, -5, 1, 3, -8, 3, -5, -7, 3, 3, 4, -4, -7, -5, -4, -6, -4, -3, -7, 2, -7, -2, 1, 4, 1, 3, -7, -5, 0, 4, -1, 4, -5, 0, -3, 1, -1, -7, 0, -5, 0, -6, -2, -4, -8, 1, 2, 2, 3, -1, 3, 0, -2, -1, 0, -6, -2, -8, -2, -7, 4, -2, -6, -1, 2, -5, 2, -6, -4, 3, -7, -4, -6, 1, 0, -6, -7, -6, -6, -3, -1, -3, -4, 2, -8, -6, -2, -4, 0, -1, 0, -3, 4, -7, 0, 2, 3, -7, -8, -4, -8, -3, -2, -4, -6, -3, 0, -3, -3, -1, 0, -3, -6, -4, -4, -5, -1, -2, 4, -2, -2, 2, -1, -7, -5, -8, 2, -2]
 
1.12916082182: [3, -5, 1, 3, -8, 3, -5, -7, 3, 3, 4, -4, -7, -5, -4, -6, -4, -3, -7, 2, -7, -2, 1, 4, 1, 3, -7, -5, 0, 4, -1, 4, -5, 0, -3, 1, -1, -7, 0, -5, 0, -6, -2, -4, -8, 1, 2, 2, 3, -1, 3, 0, -2, -1, 0, -6, -2, -8, -2, -7, 4, -2, -6, -1, 2, -5, 2, -6, -4, 3, -7, -4, -6, 1, 0, -6, -7, -6, -6, -3, -1, -3, -4, 2, -8, -6, -2, -4, 0, -1, 0, -3, 4, -7, 0, 2, 3, -7, -8, -4, -8, -3, -2, -4, -6, -3, 0, -3, -3, -1, 0, -3, -6, -4, -4, -5, -1, -2, 4, -2, -2, 2, -1, -7, -5, -8, 2, -2]
 
1.53372530392: [-2, -3, -4, -6, -8, -1, -2, -7, 3, -4, -4, -8, 1, -4, -4, 1, 1, -7, 3, -2, 0, -5, -6, -8, 2, 3, -7, -5, 0, 4, -1, 4, -5, 0, -3, 1, -1, -7, 0, -5, 0, -6, -2, -4, -8, 1, 2, 2, 3, -1, 3, 0, -2, -3, 3, -2, 4, -1, -4, 2, -7, -3, -6, -8, -7, 4, -4, -8, -3, 3, 0, -6, 2, -8, -3, -8, 3, -4, -7, 4, -3, -4, -2, -4, 1, -4, 1, 2, -3, -7, 0, -1, -3, -2, 1, 0, 4, -3, 3, -3, -1, -7, -8, 1, 1, 2, 0, 2, 4, 0, 0, 1, -3, -1, 3, 4, -7, 2, -1, -4, -4, -3, -3, 4, 3, -2, 3, 2]
 
1.97908349633: [4, -5, -2, -2, -5, 4, -2, 0, 4, 3, 4, -4, -7, -5, -4, -6, 0, -3, -7, -8, -7, -6, -6, -5, 0, -1, 1, -6, -7, 2, -3, 1, -8, 3, -5, 1, 2, 0, 0, -6, 2, -7, 4, -5, -2, -2, 0, -3, -8, 2, 4, 2, 4, -3, 3, -2, 4, -1, -4, 2, -7, -3, -6, -8, -7, 4, -8, -8, -3, 3, 1, -6, 2, -8, -1, -7, -2, -8, -6, -8, -5, -7, 3, 4, -6, -3, 1, -7, -4, -3, -6, 3, -1, -7, -7, 4, 1, -5, 0, 0, -6, 0, 3, -7, -4, 3, 4, -1, -8, -3, -8, -4, -8, -3, -3, 2, -2, -7, -3, -3, 3, 2, -7, -1, 4, -3, -3, -5]
 
0.474161498775: [-2, -3, -4, -6, -8, -1, -2, -7, 3, -4, -4, -8, 1, -4, -4, 1, 1, -7, 3, -2, 0, -5, -6, -8, 2, 3, -7, -5, 0, 4, -1, 4, -5, 0, -3, 1, -1, -7, 0, -5, 0, -6, -6, 0, -2, -1, -3, -4, -6, 0, -7, -3, 2, 4, 3, -7, -8, 2, -5, -3, 3, -5, 1, 0, -7, -8, -4, -3, -2, -2, -7, 3, -2, 3, 3, 3, -7, -5, -5, -4, -4, 4, -3, 1, -5, -2, -2, -5, -1, -8, 3, -7, 0, 1, -8, -3, 0, 4, -2, 4, 0, -6, -6, -2, 4, 0, 1, -5, -5, 4, -5, 2, 4, 2, 1, -2, -3, -1, 2, -2, 0, 1, 3, -4, -3, -6, 1, -5]
 
0.805332559913: [-3, -5, -5, -8, 3, 3, 0, -7, 3, -4, 4, -4, -7, -5, 4, -6, -3, -3, -7, -2, -3, -5, -1, -8, -6, 2, -5, -5, -7, -8, -5, -2, -1, -1, -7, -4, 1, 2, 1, 2, -2, -3, -2, -4, -8, 1, 2, 2, 3, -1, 3, 0, -2, -1, 0, -6, -2, -8, -2, -7, 4, -2, -6, -1, 2, -5, 2, -6, -4, 3, -7, -4, -6, 1, 0, -6, -7, -6, -6, -2, -6, -4, -7, 3, -2, -8, -2, -1, -8, -5, -8, -5, 0, 1, -8, -7, 0, 0, 3, 4, -1, -7, -8, 1, -6, 4, 0, -2, -3, -6, -5, -5, -2, -6, -4, 1, -4, -6, -4, 0, 0, 1, 1, -2, -6, 1, 3, -8]
 
1.57988978864: [-2, -3, -4, -6, -8, -1, -2, -7, 3, -4, -4, -8, 1, -4, -4, 1, 1, -7, 3, -2, 0, -5, -6, -8, 2, 3, -7, -5, 0, 4, -1, 4, -5, 0, -3, 1, -1, 0, 0, 3, -4, -7, 4, 1, -2, -5, 0, -3, 0, 2, 4, 2, -6, -3, 3, -2, 4, -6, -4, 2, -7, -3, -6, 2, -7, 4, -8, -8, -2, 3, 1, -6, 2, 2, -3, -6, 3, -4, -7, 4, -3, -3, 3, -4, 2, -4, 1, 2, -3, 0, -4, 4, -8, -2, 1, 0, 4, -3, 3, -3, -1, -8, -8, 1, 1, 2, 0, -2, -3, 0, -7, -8, 1, 4, -4, 2, -6, 0, -8, -2, -6, -1, -3, 4, -6, -2, -4, -2]
 
1.50547325753: [-2, -3, -4, -6, -8, -1, -2, -7, 3, -4, -4, -8, 1, -4, -4, 1, 1, -7, 3, -2, 0, -5, -6, -8, 2, 3, -7, -5, 0, 4, -1, 4, -5, 0, -3, 1, -1, -7, 0, -5, 0, -6, -2, -4, -8, 1, 2, 2, 3, -1, 3, 0, -2, -3, 3, -2, 4, -1, -4, 2, -7, -3, -6, -8, -7, 4, -4, -8, -3, 3, 0, -6, 2, -8, -3, -8, 3, -4, -7, 4, -3, -4, -2, -4, 1, -4, 1, 2, -3, -7, 0, -1, -3, -2, 1, 0, 4, -3, 3, -3, -1, -7, -8, 1, 1, 2, 0, 2, 4, 0, 0, 1, -3, -1, 3, 4, -7, 2, -1, -4, -4, -3, -3, 4, 3, -2, 3, 2]
 
1.11851920585: [2, -8, -1, 4, -3, -4, 3, -3, 4, 3, -4, -5, 1, 2, -7, -7, 3, -7, -5, -8, -7, -6, 4, -5, 0, -1, 0, -6, -7, 2, -3, 1, -6, 3, 1, -3, -8, 0, 0, -6, -4, -7, 4, 1, -2, -2, 0, -3, -6, 2, 4, 2, 4, -3, 3, -2, 4, -1, -4, 2, -7, -3, -6, -8, -7, 4, -8, -8, -3, 3, 1, -6, 2, -8, -3, -6, -7, -4, -7, 4, -3, -4, 3, -4, -2, -4, 1, 2, -3, 0, 0, -1, -8, -2, 1, 0, 4, -3, 3, -3, -1, -7, -8, 1, 1, 2, 0, 3, -3, 0, -7, 4, 1, -4, -4, 2, -6, 0, -8, -2, -6, -1, -3, 4, -6, -2, -4, -1]
 
0.995177425062: [3, -5, -2, -2, 3, 4, -2, -3, 4, 3, 4, -4, -7, -5, -4, -6, -4, -3, -5, -8, -7, -6, 4, -5, 0, -1, 0, -6, -7, 2, -3, 1, -6, 3, 1, -3, -8, 0, 0, -6, -4, -7, 4, 1, -2, -2, 0, -3, -6, 2, 4, 2, 4, -3, 3, -2, 4, -1, -4, 2, -7, -3, -6, -8, -7, 4, -8, -8, -3, -1, -8, 4, -2, 3, -1, -7, -2, -8, -6, -3, -1, -3, -4, 2, -8, -6, -2, -4, 0, -1, 0, -3, 4, -7, 0, 2, 3, -7, -8, -4, -8, -3, -2, -4, -6, -3, 0, -3, -3, -1, 0, -8, 1, 4, -4, 2, -6, 0, -8, -2, -6, -1, -3, 4, -6, -2, -4, -2]
 
1.93637734713: [-5, 2, 4, 3, 1, -2, -4, 0, 4, 3, 4, -5, -7, -5, -2, -6, -4, -3, -7, 2, -7, -2, 1, 4, 1, -8, -2, 4, 2, -3, -6, -2, -1, -5, -1, -7, 1, -7, 1, -4, 0, -5, -1, -7, -7, -2, -1, -4, -6, 2, 4, 2, 4, -3, 3, -2, 4, -1, -4, 2, -7, -3, -6, -8, -7, 4, -8, -8, -3, 3, 1, -6, 2, -8, -1, -7, -2, -8, -6, -8, -5, -7, 3, 4, -6, -3, 1, -7, -4, -3, -6, 3, -1, -7, -7, 4, 1, -5, 0, 0, -6, 0, 3, -7, -4, 3, 4, -1, -8, -3, -8, -4, -8, -3, -3, 2, -2, -7, -3, -3, 3, 2, -7, -1, 4, -3, -3, -5]
 
1.20131307768: [4, -5, -2, -2, -5, 4, -2, 0, 4, 3, 4, -4, -7, -5, -4, -6, 0, -3, -7, -8, -7, -6, -6, -5, 0, -1, 1, -6, -7, 2, -3, 1, -8, 3, -5, 1, 2, 0, 0, -6, 2, -7, 4, -5, -2, -2, 0, -3, -8, 0, -6, -2, -6, -8, -4, 4, -2, 3, 0, -7, -2, -1, -3, -6, 4, -2, -4, 0, -7, -1, -8, 4, -2, 3, -1, -7, -6, -8, -6, -3, -1, -3, -4, 2, -8, -6, -8, -4, 0, -1, 0, -3, 0, -7, 0, 2, 3, 3, -4, -4, -8, -6, -8, 3, -8, -4, 0, -3, -3, -1, 0, -8, 1, 2, -4, 1, -6, -5, -8, -2, -6, -1, -3, 4, -6, -2, -4, -5]
 
1.72400092545: [3, -5, -2, -2, 3, 4, -2, -3, 4, 3, 4, -4, -7, -5, -4, -6, -4, -3, -5, -8, -7, -6, 4, -5, 0, -1, 0, -6, -7, 2, -3, 1, -6, 3, 1, -3, -8, 0, 0, -6, -4, -7, 4, 1, -2, -2, 0, -3, -6, 2, 4, 2, 4, -3, 3, -2, 4, -1, -4, 2, -7, -3, -6, -8, -7, 4, -8, -8, -3, 3, 1, -6, 2, -8, -3, -6, -7, -4, -7, 4, -3, -4, 3, -4, -2, -4, 1, 2, -3, 0, 0, -1, -8, -2, 1, 0, 4, -3, 3, -3, -1, -7, -8, 1, 1, 2, 0, 3, -3, 0, -7, 4, 1, -4, -4, 2, -6, 0, -8, -2, -6, -1, -3, 4, -6, -2, -4, -1]
 
1.12963733512: [3, -5, -2, -2, 3, 4, -2, -3, 4, 3, 4, -4, -7, -5, -4, -6, -4, -3, -5, -8, -7, -6, 4, -5, 0, -1, 0, -6, -7, 2, -3, 1, -6, 3, 1, -3, -8, 0, 0, -6, -4, -7, 4, 1, -2, -2, 0, -3, -6, 2, 4, 2, 4, -3, 3, -2, 4, -1, -4, 2, -7, -3, -6, -8, -7, 4, -8, -8, -3, -1, -8, 4, -2, 3, -1, -7, -2, -8, -6, -3, -1, -3, -4, 2, -8, -6, -2, -4, 0, -1, 0, -3, 4, -7, 0, 2, 3, -7, -8, -4, -8, -3, -2, -4, -6, -3, 0, -3, -3, -1, 0, -8, 1, 4, -4, 2, -6, 0, -8, -2, -6, -1, -3, 4, -6, -2, -4, -2]
 
1.91972910552: [-7, -5, 4, -4, -3, -3, 4, -5, -3, -8, -6, -7, -5, -2, -4, -5, -7, 3, -5, -7, -5, -5, -4, 0, 3, -2, -6, -6, 2, -7, -8, -6, -1, 0, -1, 3, 2, -8, 3, 3, 4, -1, 0, 3, 0, 3, 1, 3, -4, -4, 4, 0, -5, 3, -6, 4, -7, -3, -7, -5, -5, -8, 4, -7, -5, -6, -8, -5, 0, -3, 2, 3, 4, -3, -2, 3, -8, -4, -4, -7, 2, 2, -1, 1, 3, 1, 1, -7, -6, 1, 4, 1, 3, 0, 4, -8, -1, 0, -5, 3, -6, 0, 0, 1, -6, -2, 0, 1, -3, 2, 0, 1, -2, -6, -4, 4, -3, -3, -1, -4, 2, -8, -7, -2, -6, -8, 0, -2]
 
1.91156435923: [3, -5, 1, 3, -8, 3, -5, -7, 3, 3, 4, -4, -7, -5, -4, -6, -4, -3, -7, 2, -7, -2, 1, 4, 1, -8, -2, 4, 2, -3, -6, -2, -1, -5, -7, 1, 1, -7, 1, -3, 0, 2, -6, -7, -2, -2, -1, -4, -6, 0, -7, -2, -6, -8, -4, -7, -2, 2, 0, -7, -2, -1, -3, -6, 4, -2, -4, 0, -7, -1, -8, 4, -2, 3, -3, -6, -7, -4, -7, 4, -3, -4, 3, -4, -2, -4, 1, 2, -3, 0, 0, -1, -8, 1, -8, -7, 4, -3, -1, 0, 0, -6, 1, -3, -8, -7, 2, 1, -1, -8, 4, 4, 0, -4, -5, -1, -3, -4, -3, -2, -6, -5, 0, -5, -7, -7, -4, 4]
 
1.89214300061: [-4, -8, -5, -6, -6, -4, 4, -6, -4, -8, -4, -3, 1, -1, -6, 1, -4, -5, -7, -7, 3, 0, -8, 0, -4, -5, 1, 0, -3, -1, 0, 3, 0, -6, -1, 4, 4, 4, 0, 3, -7, 2, 3, 3, 1, 1, -8, -5, -8, -5, -1, -7, 1, -7, 1, -3, -2, -4, -2, -3, -8, 0, 4, 3, -6, -6, 2, -7, 1, -6, -1, 0, -5, -4, 0, -4, -6, -6, -4, -6, -5, -3, -1, -6, -1, -1, -8, -2, 3, 1, 2, 4, -3, -3, -2, -2, -8, 4, -1, -5, -3, 3, 3, -8, 2, -7, -2, -5, 3, 4, 1, -4, -5, 4, 2, -5, -2, -4, 2, 4, 0, -7, -7, 0, 3, 4, 1, -7]
 
1.27535787201: [0, 4, 4, -7, -2, 0, 3, 1, 4, -5, -4, 0, 1, -2, 4, 4, -3, 3, -2, -8, -3, -5, -6, 3, 2, -6, 0, -3, 2, -3, 2, -8, -4, 2, -2, -4, 3, -4, 0, -2, -6, 2, -2, -4, -4, -7, -7, 3, 3, 1, -4, 0, 0, -3, -6, 1, 0, -4, 2, -5, -3, -2, -8, -2, 0, 1, 1, -1, -1, 3, 3, -6, 3, 1, -8, -8, -6, -1, -1, 3, -6, 4, -3, 0, -2, -5, 2, 2, -4, 0, -8, -4, 3, 1, -8, -7, 0, 0, 3, 4, -1, -7, -8, 1, -6, 4, 0, -2, -3, -6, -5, -5, -2, -6, -4, 1, -4, -6, -4, 0, 0, 1, 1, -2, -6, 1, 3, -8]
 
2.15828984007: [2, -8, -1, 4, -3, -4, 3, -3, 4, 2, -4, -5, 0, 2, -7, -7, 3, -5, 0, -8, 1, -7, -6, -5, 0, -1, 0, -6, -7, -5, -3, 1, -6, -8, 1, -1, -8, 0, -7, -8, -4, -7, 4, 1, -2, -2, 0, -3, -6, 2, 4, 2, 4, -3, 3, -2, 4, -4, -4, -6, -7, -3, -2, -8, -7, 4, 1, -3, -3, 1, -8, 4, -2, 3, -1, -7, -2, -8, -6, -2, -6, -4, 3, 3, -2, -8, -2, -1, -8, 3, -8, -5, 1, -8, -8, -7, 0, 0, 3, -2, -1, 4, 4, 1, -6, 4, -4, -2, -3, -6, -5, -5, -2, -6, -4, -1, -8, -6, -4, 0, 0, -6, 1, -2, -2, 1, -2, -7]
 
1.43012060488: [3, -5, 1, 3, -8, 3, -5, -7, 3, 3, 4, -4, -7, -5, -4, -6, -4, -3, -7, 2, -7, -2, 1, 4, 1, -8, -2, 4, 2, -3, -6, -2, -1, -5, -7, 1, 1, -7, 1, -3, 0, 2, -6, -7, -2, -2, -1, -4, -6, 0, -7, -2, -6, -8, -4, -7, -2, 2, 0, -7, -2, -1, -3, -6, 4, -2, -4, 0, -7, -1, -8, 4, -2, 3, -1, -7, -2, -8, -6, -3, -1, -3, -4, 2, -8, -6, -2, -4, 0, -1, 0, -3, 4, -7, 0, 2, 3, -7, -8, -4, -8, -3, -2, -4, -6, -3, 0, -3, -3, -1, 0, -8, 1, 4, -4, 2, -6, 0, -8, -2, -6, -1, -3, 4, -6, -2, -4, -2]
 
0.872935008562: [2, -8, -1, 4, -3, -4, -5, -6, 4, 3, -4, -5, 1, -2, -7, -7, 3, -7, 0, -8, 1, -6, -7, -5, -2, -1, 0, 3, -7, 2, -3, 1, -6, 2, 1, -3, -8, -1, 0, -6, -8, -7, 4, 1, -2, -2, 0, -3, -6, 2, 4, -3, 4, -2, 3, -2, 4, -1, -4, 2, -7, -3, -6, -4, -7, 4, 1, -8, -3, -8, -4, 2, -2, -7, -1, -7, 2, -8, -6, -2, -6, -4, -7, 3, -2, -8, -2, 0, -8, -5, -8, -5, -3, 1, -8, -3, -4, -7, 3, 0, -1, -7, -8, 1, -1, 4, 0, 0, -3, -6, -5, -5, -6, -6, -4, 1, -4, -6, -4, 0, 0, 2, 1, 1, -6, 1, 3, -8]
 
1.73398335253: [2, -8, -1, 4, -3, -4, -5, -3, 4, 3, -4, -5, 1, 2, -7, -7, 3, -7, -5, -8, -7, -6, -1, -5, 3, -1, 0, -6, -6, 2, -3, 1, -6, 3, 1, -3, 4, 0, 0, -6, -4, -7, 4, 1, -2, -2, 0, 2, -6, 2, 4, 4, 2, -3, 0, -2, 4, -1, -4, 2, -7, -3, -6, -8, -7, -4, -4, -8, -3, -1, 4, 4, -2, 3, -6, -7, -8, -8, -6, -2, -6, -4, 2, 3, -6, -8, -2, 3, -2, -5, -8, -4, 0, 1, -8, -5, 0, 0, 3, 4, 3, 2, -7, 1, -8, -4, 0, -2, -3, -6, -5, -5, 1, -6, -4, 3, -4, 2, -4, 0, 0, 1, 2, 3, -6, 1, 3, -8]
 
1.44208900481: [4, -5, -2, -2, -4, 4, -2, -3, 0, -5, 4, 0, -7, -4, -4, -4, -1, -3, -5, -8, -7, -3, -3, -5, 0, -1, 0, -6, -7, 2, 4, 1, -6, 3, -4, -3, -8, 0, 0, -6, -4, -7, 4, 1, 1, -1, 0, 1, -8, 2, 4, 2, -2, -3, 3, -2, 4, -1, -4, 2, -7, -3, -5, -8, -2, -8, -8, -8, -3, 3, 1, -2, 2, -8, -3, -3, -7, -4, -7, 4, -3, -4, 3, -4, -2, -4, 1, 2, -6, 0, 0, -1, -8, -2, 1, 0, 4, -3, 3, -3, -1, -6, -8, 1, 1, 2, 0, 2, -3, -3, 0, 1, -2, -1, 3, -2, -7, 4, -3, -2, -2, 2, -1, -7, -5, -8, 2, -2]
 
2.28878403671: [3, -5, 1, 2, -8, -3, -5, -7, 3, 3, -7, -4, -7, -5, -4, -6, -4, -4, -7, 2, -7, -1, 1, 4, 1, 3, -7, -5, 0, -8, -1, 4, 4, -7, -3, 1, -3, -7, 0, -5, -5, -6, -2, -4, -8, 1, 3, 2, 3, -1, 3, 0, -2, 0, 0, -6, -2, 4, 1, 4, 4, -2, -6, -1, 2, -5, 2, -6, -2, 3, -8, -4, -6, 1, 0, -6, -7, -6, -6, -3, -8, -3, -4, 2, -8, -6, -2, -4, 0, -1, 0, -3, 4, 3, -7, 2, 3, -4, -8, -7, -8, -2, -2, -4, -4, -3, 0, -3, -3, -1, 0, -3, -6, -4, -2, 2, -1, 3, 4, -4, -4, 2, -8, 3, 3, -5, 4, 4]
 
1.24125581775: [3, -5, 1, 3, -8, 3, -5, -7, 3, 3, 4, -4, -7, -5, -4, -6, -4, -3, -7, 2, -7, -2, 1, 4, 1, -8, -2, 4, 2, -3, -6, -2, -1, -5, -7, 1, 1, -7, 1, -3, 0, 2, -6, -7, -2, -2, -1, -4, -6, 0, -7, -2, -6, -8, -4, -7, -2, 2, 0, -7, -2, -1, -3, -6, 4, -2, -4, 0, -7, -1, -8, 4, -2, 3, -1, -7, -2, -8, -6, -3, -1, -3, -4, 2, -8, -6, -2, -4, 0, -1, 0, -3, 4, -7, 0, 2, 3, -7, -8, -4, -8, -3, -2, -4, -6, -3, 0, -3, -3, -1, 0, -8, 1, 4, -4, 2, -6, 0, -8, -2, -6, -1, -3, -1, 4, -3, -3, -5]
 
1.54620290927: [4, -5, -2, -2, -5, 4, -2, 0, 4, 3, 4, -4, -7, -5, -4, -6, 0, -3, -7, -8, -7, -6, -6, -5, 0, -1, 1, -6, -7, 2, -3, 1, -8, 3, -5, 1, 2, 0, 0, -6, 2, -7, 4, -5, -2, -2, 0, -3, -8, 2, 4, 2, 4, -3, 3, -2, 4, -1, -4, 2, -7, -3, -6, -8, -7, 4, -8, -8, -3, 3, 1, -6, 2, -8, -1, -7, -2, -8, -6, -8, -5, -7, 3, 4, -6, -3, 1, -7, -4, -3, -6, 3, -1, -7, -7, 4, 1, -5, 0, 0, -6, 0, 3, -7, -4, 3, 4, -1, -8, -3, -8, -4, -8, -3, -3, 2, -2, -7, -3, -3, 3, 2, -7, 4, -6, -2, -4, -2]
 
0.735166672173: [2, -5, -2, -2, -5, 4, -2, -3, 4, 1, -6, 2, -4, -1, 2, -2, 3, -1, -6, -5, -2, -3, 2, -1, 3, -2, 0, -5, -1, -8, -3, -8, -4, -3, -1, -5, -4, -3, 0, -6, -5, 2, -6, -4, -8, -8, -8, -4, -1, -7, -3, -1, -2, -1, -2, -7, -6, 4, -5, 0, -8, 2, 4, -8, 1, 4, 3, -2, -7, 3, 1, -6, 2, -8, -1, -7, -2, -8, -6, -8, -5, -7, 3, 4, -6, -3, 3, -7, -1, -3, -6, 3, -1, -7, -7, 4, 1, -5, 0, -2, -6, 0, 3, -7, -8, 3, 4, -1, -7, -8, -8, -5, -8, -1, -3, 2, -2, -7, 0, -3, 3, 1, -7, 4, -6, -2, -4, -2]
 
0.762949849586: [4, -6, -2, -2, -5, -5, -2, 3, 4, 3, 4, -4, -7, -5, -4, -8, 2, -2, -7, -8, -7, -6, 0, -2, 0, -1, 1, -6, -7, 2, -3, 1, -4, 3, -5, 4, 2, 0, 0, 1, 2, -7, 4, -5, -2, -2, 0, -3, -8, -5, 4, 2, 4, -3, 3, -2, 4, 4, -4, 4, -7, -3, -6, 0, -8, -8, -4, -3, -2, -3, -7, -3, -2, 3, -3, -5, -5, -1, -4, -6, -7, 4, -3, -5, -8, 0, -2, -1, 0, 0, -4, -1, 3, -6, -3, -7, -7, -3, -1, -3, -6, -7, 0, 1, -6, -2, 0, -1, -3, -8, 0, 1, -2, 3, -2, -5, -7, 0, -8, -2, -6, 2, 1, 0, -6, -2, 1, -1]
 
1.83271162131: [3, -5, 1, 3, -8, 3, -5, -7, 3, 3, 4, -4, -7, -5, -4, -6, -4, -3, -7, 2, -7, -2, 1, 4, 1, 3, -7, -5, 0, 4, -1, 4, -5, 0, -3, 1, -1, -7, 0, -5, 0, -6, -2, -4, -8, 1, 2, 2, 3, -1, 3, 0, -2, -1, 0, -6, -2, -8, -2, -7, 4, -2, -6, -1, 2, -5, 2, -6, -4, 3, -7, -4, -6, 1, 0, -6, -7, -6, -6, -3, -1, -3, 1, -1, -3, -4, 1, 3, -3, 3, -4, -5, 0, -2, 1, -6, -4, -3, 3, -3, -1, -7, -8, 1, -6, 2, 3, 2, -3, 0, -7, -7, -4, -4, -4, -5, -7, -5, -8, -2, -6, 2, -3, -2, -6, -2, 1, -1]
 
1.02670803023: [-5, 2, 4, 3, 1, -2, -4, 0, 4, -3, 2, -5, -5, -3, -2, -7, 3, -7, -5, -8, -7, -2, 4, -5, -3, -1, -1, -6, -7, 2, -3, -6, -6, 3, 1, 0, -8, 0, 0, -6, -4, -7, 4, 1, -2, -2, 0, -3, 1, -7, 4, 2, 4, -3, 3, -5, -2, -2, -6, 3, -1, -1, -1, 2, -7, 1, 3, -3, -8, -3, -7, -2, -8, 1, 0, -6, -7, -6, -6, -4, -4, -7, -4, -5, -8, -6, -2, 4, 0, -1, 1, -3, 4, -7, 0, -3, 3, -7, -2, -4, -2, -3, -2, -5, -6, -3, 0, 2, 4, -1, 0, -3, 0, -6, -4, -5, -1, -2, 4, -2, -2, 2, -1, -7, -5, -1, 2, -2]
 
1.16721514188: [3, -5, 1, 3, -8, 3, -5, -7, 3, 3, 4, -4, -7, -5, -4, -6, -4, -3, -7, 2, -7, -2, 1, 4, 1, -8, -2, 4, 2, -3, -6, -2, -1, -5, -7, 1, 1, -7, 1, -3, 0, 2, -6, -7, -2, -2, -1, -4, -6, 0, -7, -2, -6, -1, -2, -7, -8, 2, -5, -3, 3, 2, 1, 0, -8, -8, -4, -3, -2, -3, -7, 3, -2, 3, -3, -5, 4, -1, -4, -6, -7, 4, -3, -5, -8, 0, -2, 4, 0, 0, 0, -1, 3, 1, -8, -7, 4, -3, -1, -3, -6, -7, 0, 1, -6, -2, 0, 1, -3, 4, 0, 1, -2, -4, -4, -5, -7, 0, -8, -2, -6, 2, -3, 4, -6, -2, 1, -1]
 
1.49337215107: [3, -5, -2, -2, 3, 4, -2, -3, 4, 3, -6, 2, -4, -1, 2, -2, 3, -6, 4, -5, -2, -3, 2, -1, -2, -2, 0, -5, -7, -8, -3, -8, -4, -3, -6, -5, 1, -3, 0, -6, -5, 2, -6, -4, -8, -8, -8, 3, -1, -7, -3, -2, -2, -8, -4, -7, -2, 2, 0, -7, -2, -1, -3, -6, 4, -2, -4, 0, -7, -1, -8, 4, -2, 3, -1, -7, -2, -8, -6, -2, -6, -4, -7, 3, -2, -8, -2, -1, -8, -5, -8, -5, 0, 1, -8, -7, 0, 0, 3, 4, -1, -7, -8, 1, -6, 4, 0, -2, -3, -6, -5, -5, -2, -6, -4, 1, -4, -6, -4, 0, 0, 1, 1, -2, -6, 1, 3, -8]
 
