2.837323213947312: [2, 4, -7, -7, -1, 0, -2, -7, 2, -5, -4, 0, 1, -2, 4, -6, 3, -6, 4, -5, -7, -3, 2, -1, -7, 2, 0, -5, -7, -8, -3, -8, -4, -3, 3, -1, 1, -3, 0, -6, -5, 2, -6, -4, -8, -8, -8, -3, -8, 2, 4, -7, 4, -8, -4, 4, -2, 3, 0, -7, -2, -1, -3, -6, 4, -2, -4, -5, -7, -1, -8, 4, -2, 3, -1, -4, 3, -7, -6, -3, -1, -3, -4, 2, -7, 4, -8, -4, 1, -1, 4, -3, 0, 0, 0, -8, 3, 3, -8, 1, -8, 2, -4, 3, -8, -4, -5, -3, -1, -5, -6, -8, 1, 2, -8, 1, -6, 1, -8, -8, -2, -7, -3, -7, 0, -2, -4, 3]
 
-1000: [-7, 3, -6, -6, 4, -1, -2, -8, 2, -6, -4, 2, 1, -1, 2, -5, 3, -6, 4, -7, -7, -3, 2, -1, -7, 2, -8, -5, -7, -8, -3, 2, -4, -3, -6, -1, 1, -3, 1, -6, -5, -4, 3, 1, -2, -8, -8, -3, -8, 2, -7, -7, 4, -3, -4, 4, -2, 3, 0, -7, -2, -1, -3, -6, 4, -2, -4, 3, -3, -3, -8, 0, -2, 3, -1, 3, 3, -7, -6, -3, -1, -3, -4, 2, -6, -5, 0, -4, 1, -1, 4, -3, 0, -5, 0, -8, 3, 3, -3, 1, -8, 3, -8, 3, 4, -4, 0, -3, -1, -5, 0, -8, -2, 2, -4, 2, -6, -2, -8, -5, -1, -4, -3, 1, -6, -2, -4, 0]
 
3.7430358576189215: [-7, 4, -4, -6, 4, -1, -2, -5, 0, -6, -4, 2, 1, -1, 2, -8, 3, -6, 4, -5, -7, -3, 2, -1, -7, 2, 0, -5, -7, -8, -3, -8, -4, -3, 3, -1, 1, -3, 0, -6, -5, 2, -6, -4, -8, -8, -8, -3, -8, 2, 4, -7, 4, -8, -4, 4, -2, 3, 0, -7, -2, -1, -3, -6, 4, -2, -4, -5, -7, -1, -8, 4, -2, 3, -1, -4, 3, -7, -6, -3, -1, -3, -4, 2, -7, 4, -8, -4, 1, -1, 4, -3, 0, 0, 0, -8, 3, 3, -8, 1, -8, 3, -8, 3, -8, -4, 0, -3, -3, -5, 0, -8, 1, 2, -4, 1, -6, -2, -8, -6, -2, -1, -3, 4, -7, -2, -4, 0]
 
3.6828754399036185: [3, -3, -6, -6, 4, -1, -2, -5, 0, -6, -4, 2, 1, -1, 2, -8, 3, -6, 4, -5, -7, -3, 2, -1, -7, 2, 0, -5, -7, -8, -3, -8, -4, -3, 3, -1, 1, -3, 0, -6, -5, 2, -6, -4, -8, -8, -8, -3, -8, 2, 4, -7, 4, -8, -4, 4, -2, 3, 0, -7, -2, -1, -3, -6, 4, -2, -4, -5, -7, -1, -8, 4, -2, 3, -1, -4, 3, -7, -6, -3, -1, -3, -4, 2, -7, 4, -8, -4, 1, -1, 4, -3, 0, 0, 0, -8, 3, 3, -8, 1, -8, 3, -8, 3, -8, -4, 0, -3, -3, -5, 0, -8, 1, 2, -4, 1, -6, -2, -8, -6, -2, -1, -3, 4, -7, -2, -4, 0]
 
3.322329737169225: [3, -3, -6, -6, 4, -1, -2, -5, 0, -6, -4, 2, 1, -1, 2, -8, 3, -6, 4, -5, -7, -3, 2, -1, -7, 2, 0, -5, -7, -8, -3, -8, -4, -3, 3, -1, 1, -3, 0, -6, -5, 2, -6, -4, -8, -8, -8, -3, -8, 2, 4, -7, 4, -8, -4, 4, -2, 3, 0, -7, -2, -1, -3, -6, 4, -2, -4, -5, -7, -1, -8, 4, -2, 3, -1, -4, 3, -7, -6, -3, -1, -3, -4, 2, -7, 4, -8, -4, 1, -1, 4, -3, 0, 0, 0, -8, 3, 3, -8, 1, -8, 3, -8, 3, -8, -4, 0, -3, -3, -5, 0, -8, 1, 2, -4, 1, -6, -2, -8, -6, -2, -1, -3, 4, -7, -2, -4, 0]
 
3.569554511711285: [2, 4, -4, -6, -5, -1, 4, -5, 0, -6, -4, 2, 1, -1, 2, -8, 3, -6, 4, -5, -7, -3, 2, -1, -7, 2, 0, -5, -7, -8, -3, -8, -4, -3, 3, -1, 1, -3, 0, -6, -5, 2, -6, -4, -8, -8, -8, -3, -8, 2, 4, -7, 4, -8, -4, 4, -2, 3, 0, -7, -2, -1, -3, -6, 4, -2, -4, -5, -7, -1, -8, 4, -2, 3, -1, -4, 3, -7, -6, -3, -1, -3, -4, 2, -7, 4, -8, -4, 1, -1, 4, -3, 0, 0, 0, -8, 3, 3, -8, 1, -8, 3, -8, 3, -8, -4, 0, -3, -3, -5, 0, -8, 1, 2, -4, 1, -6, -2, -8, -6, -2, -1, -3, 4, -7, -2, -4, 0]
 
3.232301305358969: [0, 4, 4, -7, -2, 0, 3, 1, 4, -2, -4, 0, 1, 1, 2, -8, 3, -6, 4, -5, -7, -3, 2, -1, -7, 2, 0, -5, -7, 2, -3, -8, -4, -3, 3, -1, 1, -3, 0, -6, -5, 2, -6, -4, -8, -8, -8, -3, -8, 2, 4, -7, 4, -8, -4, 4, -2, 3, 0, -7, -2, -1, -3, -6, 4, -2, -4, -5, -7, -1, -8, 4, -2, 3, -1, -4, 3, -7, -6, -3, -1, -3, -4, 2, -7, 4, -8, -4, 1, -1, 4, -3, 0, 0, 0, -8, 3, 3, -8, 1, -8, 3, 1, -5, -3, 3, 0, -3, -3, -5, 2, -8, -6, -5, -4, 1, -6, 0, -8, -5, -1, 3, -3, 1, -6, -2, -4, 0]
 
2.049082450433854: [3, -3, -6, -6, 4, 0, 3, 1, 4, -5, -4, 0, 1, -4, -4, 1, 1, -7, 3, -8, -3, -5, -6, 3, 2, -6, 0, -3, 2, -3, 2, -8, -4, 2, -2, -4, 1, -3, 0, -6, -6, 2, -2, -4, -4, -7, -7, 3, 3, 1, -4, 0, 0, -3, -6, 1, 0, -4, 2, -5, -3, -2, -8, -2, 0, 1, 1, -1, -1, 3, 3, -6, 3, 1, -8, -8, -7, -1, -1, 3, -8, -8, -7, -6, -8, -7, -2, -7, 0, -5, 4, -5, -2, 4, -3, 2, 3, -6, -8, 1, -8, 3, 1, 4, -3, 3, 0, -3, -3, -5, 2, -8, -6, -7, -4, 1, -6, -1, -8, -5, -4, 3, -3, 1, -6, -8, -3, -2]
 
3.262389932961667: [2, -8, -2, -6, -1, 1, 4, -6, -2, -3, 2, -4, 0, -4, -4, -7, -3, -3, -5, -5, -7, -6, -3, -5, 0, -1, 0, -4, -7, 2, -3, 1, -3, -3, 3, -1, 1, -3, 0, -6, -5, 2, -6, -4, -8, -8, -8, -3, -8, 2, 4, -7, 4, -8, -4, 4, -2, 3, 0, -7, -2, -1, -3, -6, 4, -2, -4, -5, -7, -1, -8, 4, -2, 3, -1, -4, 3, -7, -6, -3, -1, -3, -4, 2, -7, 4, -8, -4, 1, -1, 4, -3, 0, 0, 0, -8, 3, 3, -8, 1, -8, 3, -8, 3, -8, -4, 0, -3, -3, -5, 0, -8, 1, 2, -4, 1, -6, -2, -8, -6, -2, -1, -3, 4, -7, -2, -4, 0]
 
3.2499930397674777: [3, -3, -6, -6, 4, -1, -2, -5, 0, -6, -4, 2, 1, -1, 2, -8, 3, -6, 4, -5, -7, -3, 2, -1, -7, 2, 0, -5, -7, -8, -3, -8, -4, -3, 3, -1, 1, -3, 0, -6, -5, 2, -6, -4, -8, -8, -8, -3, -8, 2, 4, -7, 4, -8, -4, 4, -2, 3, 0, -7, -2, -1, -3, -6, 4, -2, -4, -5, -7, -1, -8, 4, -2, 3, -1, -4, 3, -7, -6, -3, -1, -3, -4, 2, -7, 4, -8, -4, 1, -1, 4, -3, 0, 0, 0, -8, 3, 3, -8, 1, -8, 3, 1, -5, -3, 3, 0, -3, -3, -5, 2, -8, -6, -5, -4, 1, -6, 0, -8, -5, -1, 3, -3, 1, -6, -2, -4, 0]
 
3.5941027297613504: [-7, 4, -4, -6, 4, -1, -2, -5, 0, -6, -4, 2, 1, -1, 2, -8, 3, -6, 4, -5, -7, -3, 2, -1, -7, 2, 0, -5, -7, 2, -3, -8, -4, -3, 3, -1, 1, -3, 0, -6, -5, 2, -6, -4, -8, -8, -8, -3, -8, 2, 4, -7, 4, -8, -4, 4, -2, 3, 0, -7, -2, -1, -3, -6, 4, -2, -4, -5, -7, -1, -8, 4, -2, 3, -1, -4, 3, -7, -6, -3, -1, -3, -4, 2, -7, 4, -8, -4, 1, -1, 4, -3, 0, 0, 0, -8, 3, 3, -8, 1, -8, 3, 1, -5, -3, 3, 0, -3, -3, -5, 2, -8, -6, -5, -4, 1, -6, 0, -8, -5, -1, 3, -3, 4, -7, -2, -4, 0]
 
3.4238564906908686: [0, 4, 4, -7, -2, 0, 3, 1, 4, -5, -4, 0, 1, -4, -4, 1, 1, -7, 3, -8, -3, -5, -6, 3, 2, -6, 0, -3, 2, -3, 2, -8, -4, 2, -2, -4, 3, -4, 0, -2, -5, 2, -6, -4, -8, -8, -8, -3, -8, 2, 4, -7, 4, -8, -4, 4, -2, 3, 0, -7, -2, -1, -3, -6, 4, -2, -4, -5, -7, -1, -8, 4, -2, 3, -1, -4, 3, -7, -6, -3, -1, -3, -4, 2, -7, 4, -8, -4, 1, -1, 4, -3, 0, 0, 0, -8, 3, 3, -8, 1, -8, 3, -8, 3, -8, -4, 0, -3, -3, -5, 0, -8, 1, 2, -4, 1, -6, -2, -8, -6, -2, -1, -3, 4, -7, -2, -4, 0]
 
2.9325717876131603: [-7, 4, -4, -6, 4, -1, -2, -5, 0, -6, -4, 2, 1, -1, 2, -8, 3, -6, 4, -5, -7, -3, 2, -1, -7, 2, 0, -5, -7, 2, -3, -8, -4, -3, 3, -1, 1, -3, 0, -6, -5, 2, -6, -4, -8, -8, -8, -3, -8, 2, 4, -7, 4, -8, -4, 4, -2, 3, 0, -7, -2, -1, -3, -6, 4, -2, -4, -5, -7, -1, -8, 4, -2, 3, -1, -4, 3, -7, -6, -3, -1, -3, -4, 2, -7, 4, -8, -4, 1, -1, 4, -3, 0, 0, 0, -8, 3, 3, -8, 1, -8, 3, 1, -5, -3, 3, 0, -3, -3, -5, 2, -8, -6, -5, -4, 1, -6, 0, -8, -5, -1, 3, -3, 1, -6, -2, -4, 0]
 
2.3629147140972933: [3, -3, -6, -6, 4, -1, -2, -5, 0, -6, -4, 2, 1, -1, 2, -8, 3, -6, 4, -5, -7, -3, 2, -1, -7, 2, 0, -5, -7, -8, -3, -8, -4, -3, 3, -1, 1, -3, 0, -6, -5, 2, -6, -4, -8, -8, -8, -3, -8, 2, 4, -7, 4, -8, -4, 4, -2, 3, 0, -7, -2, -1, -3, -6, 4, -2, -4, -5, -7, -1, -8, 4, -2, 3, -1, -4, 3, -7, -6, -3, -1, -3, -4, 2, -7, 4, -8, -4, 1, -1, 4, -3, 0, 0, 0, -8, 3, 3, -8, 1, -8, 3, 1, -5, -3, 3, 0, -3, -3, -5, 2, -8, -6, -5, -4, 1, -6, -2, -8, -6, -2, -1, -3, 4, -7, -2, -4, 0]
 
1.52768725232: [2, 4, -7, -7, -1, 0, -2, 0, 2, -5, -4, 0, 1, -2, 4, -6, 1, -1, -4, -8, -3, -1, -5, -5, 2, -6, -3, -3, -4, 1, 3, 3, -4, 2, -2, 1, -8, 0, -8, -3, -6, -6, -6, -7, -2, -2, -1, -4, -6, -7, -7, -2, -6, -8, 0, -7, -2, 2, 0, -7, -2, -1, -3, -6, 4, -4, -4, -4, -8, -1, -8, 4, 2, -3, -6, -7, -2, -8, -6, -5, -1, -3, -4, 4, -8, -6, -2, -4, 0, -1, 0, -3, 4, -7, 0, -8, 3, -7, -8, -4, -4, -3, -2, -4, -3, -3, 0, -3, -6, -1, 4, -1, 1, -3, -4, 2, -4, -3, -8, -2, -6, -1, -3, 4, -6, -2, -4, -2]
 
2.3632287565446664: [0, 4, 4, -7, -2, -2, 3, 1, 4, -5, -4, 0, 1, -4, -4, 1, -2, -7, 3, -8, -3, -5, 2, 3, 2, -6, 0, -3, 2, -8, 2, -8, -4, 2, -2, -4, -1, -4, 0, -7, -6, 2, -2, -4, -1, -7, -7, 3, 3, 1, -4, -2, 0, -3, -3, 4, -2, 3, -3, -7, -4, -1, -1, -6, 4, -2, -5, -5, -7, 1, -8, 4, -2, 3, -1, -4, -4, -7, 1, -3, 1, -3, -4, 2, -7, 4, -8, -3, 1, -1, 4, -3, 0, 0, 0, -8, 3, 3, -8, 1, -8, 3, -8, 3, -8, -4, 0, -3, -3, -5, 0, -8, 1, 2, -4, 1, -6, -2, -8, -6, -2, -1, -3, 4, -7, -2, -4, 0]
 
3.8221224113726713: [-7, 4, -4, -6, 4, -1, -2, -5, 0, -6, -4, 2, 1, -1, 2, -8, 3, -6, 4, -5, -7, -3, 2, -1, -7, 2, 0, -5, -7, -8, -3, -8, -4, -3, 3, -1, 1, -3, 0, -6, -5, 2, -6, -4, -8, -8, -8, -3, -8, 2, 4, -7, 4, -8, -4, 4, -2, 3, 0, -7, -2, -1, -3, -6, 4, -2, -4, -5, -7, -1, -8, 4, -2, 3, -1, -4, 3, -7, -6, -3, -1, -3, -4, 2, -7, 4, -8, -4, 1, -1, 4, -3, 0, 0, 0, -8, 3, 3, -8, 1, -8, 3, -8, 3, -8, -4, 0, -3, -3, -5, 0, -8, 1, 2, -4, 1, -6, -2, -8, -6, -2, -1, -3, 4, -7, -2, -4, 0]
 
1.2833918804412954: [3, 1, -6, -6, -7, -1, -2, -5, -5, -6, -4, 2, 1, -3, 2, -8, 3, 3, 1, 4, -7, -3, 2, -1, -7, 2, 0, 2, 0, -8, -3, -8, -4, -3, 3, -1, 1, -3, 3, -6, -5, 4, -6, 3, -8, -8, -8, -3, -8, 2, 4, -2, 4, -3, -4, 4, 1, 3, 0, -7, -2, -1, -3, -6, 4, -2, -4, 1, 2, -1, -8, 4, -2, 3, -1, -4, 3, -7, -6, -3, -1, 3, -4, 2, -7, 4, -8, -4, 1, -1, 4, -3, 0, 0, 0, -8, 3, 3, -7, 1, -3, 2, 1, 3, -8, 4, 0, -3, -3, -5, 0, 4, 1, 2, -4, 1, -6, -5, -8, -5, -2, -1, -3, 4, -3, -2, -5, -7]
 
1.895830743447841: [-7, 4, -4, -6, 4, -1, -2, -5, 0, -6, -4, 2, 1, -1, 2, -8, 3, -6, 4, -5, -7, -3, 2, -1, -7, 2, 0, -5, -7, -8, -3, -8, -4, -3, 3, -1, 1, -3, 0, -6, -5, 2, -6, -4, -8, -8, -8, -3, -8, 1, -4, 0, 0, -3, 4, 1, 4, -5, 2, -3, -3, -2, -8, -2, -6, 1, 1, 0, 4, -7, 3, -3, 3, 1, -8, -8, -6, -1, -1, 3, -6, -8, -7, 3, -8, -7, -8, -4, 1, -1, 4, -3, 0, 0, 0, -8, 3, 3, -8, 1, -8, 3, 1, -5, -3, 3, 0, -3, -3, -5, 0, -8, 1, -3, -4, 1, -2, -2, -8, -6, -8, -1, -3, -4, -6, -2, -4, -2]
 
1.9959811782956671: [2, 4, -4, -6, -5, -1, 4, -5, 0, 3, -8, 2, 1, 4, 0, -6, -5, -6, 4, -2, 1, -7, 2, -1, -7, 2, -2, -5, 2, 2, -3, -6, -3, -3, 3, -1, 1, -3, 0, -6, -5, 2, -6, 2, -8, -8, -3, -7, 0, -8, 4, -7, 4, -8, -4, 1, -2, 3, -7, -7, -2, -1, -4, -6, 4, -2, -4, -5, 3, -1, -8, 4, 0, -4, -7, -4, -8, -7, -6, 3, -1, -3, -4, 0, -2, 4, -8, 3, -3, -4, 4, -3, 0, -1, 0, -8, -4, -4, -8, -5, -5, 4, 1, -5, -3, 3, 0, -3, -3, -2, -5, -8, -6, 0, 4, 4, 1, -1, -6, 4, -8, 3, -3, 1, -6, -8, 4, -6]
 
1.7537112785531508: [-7, 4, -4, -6, 4, -1, -2, -5, 0, -6, -4, 2, 1, -1, 2, -8, 3, -6, 4, -5, -7, -3, 2, -1, -7, 2, 0, -5, -7, -8, -3, -8, -4, -3, 3, -1, 1, -3, 0, -6, -5, 2, -6, -4, -8, -8, -8, -3, -8, 2, 4, -7, 4, -8, -4, 4, -2, 3, 0, -7, -2, -1, -3, -6, 4, -2, -4, -5, -7, -1, -8, 4, -2, 3, -1, -4, 3, -7, -6, -3, -1, -3, -4, 2, -7, 4, -8, -4, 1, -1, 4, -3, 0, 0, 0, -8, 3, 3, -8, 1, -8, 3, 1, -5, -3, 3, 0, -3, -3, -5, 2, -8, -6, -5, -4, 1, -6, -2, -8, -6, -2, -1, -3, 4, -7, -2, -4, 0]
 
2.3240711607919824: [-7, 4, -4, -6, -2, -1, -5, -5, 0, -4, -4, 2, 1, -1, 2, -4, 3, -2, 4, -2, -7, 0, 2, -5, 2, 2, -6, -5, -7, 2, -3, -3, -3, -3, 2, -1, 1, -1, 0, -6, -5, 2, -6, -4, -8, -8, -8, -3, -8, 2, -1, -7, 4, -6, -4, 4, -2, 3, 0, -7, -2, -1, -3, -5, 4, -8, -4, -5, 3, -8, -8, 4, -2, 3, -1, -4, 3, -7, -6, -3, -1, -3, -4, 2, -7, 4, -8, -4, 1, -1, 4, -3, 0, 0, 0, -8, 3, 3, -8, 1, -8, 3, -8, 3, -8, -4, 0, -3, -3, -5, 0, -8, 1, 2, -4, 1, -6, -2, -8, -6, -2, -1, -3, 4, -7, -2, -4, 0]
 
0.574424848013: [4, 4, 4, -7, -8, 2, 3, -5, 4, -5, -3, 0, 1, -4, -4, 1, -5, -7, 3, -8, -3, 1, -5, 3, -1, -3, -1, -3, 2, -3, 2, -2, 2, 2, -2, -2, 4, -3, -1, -6, -3, 2, -1, -1, 1, -4, -8, 3, -8, 2, 4, -7, 3, 3, 2, 4, -2, -6, -4, -7, -2, -1, -4, -6, 1, -2, 3, -5, -6, 1, 4, 4, -2, 3, -1, -5, 1, -7, -7, -3, -8, -1, -4, 2, -7, 4, -5, -4, -7, 4, -8, -3, 2, 0, -8, -5, 3, -6, 2, 1, -6, 3, -8, -7, -8, -4, 0, 4, 3, -5, 0, -8, 1, 2, -4, 1, -6, -2, -8, -6, -2, -1, 3, 4, -7, -2, -4, 0]
 
-1000: [0, 4, 4, 1, -1, -2, 3, -5, 4, -5, -4, -8, 4, -7, -4, -6, -2, 2, 3, -8, 2, -5, -4, 3, 2, -6, 0, -3, 4, -8, 2, -8, 2, 2, 4, 3, -2, -4, 0, -7, -2, 2, -2, -4, -1, 4, 0, 3, -8, -1, -4, -2, -3, 4, 0, 4, 1, 0, 0, -7, 1, -2, -8, -1, -1, -6, 2, -1, -4, 3, -7, -7, -6, -3, 0, -6, -4, -3, 3, -3, -1, 3, -4, -5, -4, 2, 4, -4, 4, -7, -3, -7, 4, 2, -1, -8, -8, -5, -7, 0, 0, -8, -2, -5, -2, -3, -7, -3, -7, 2, -4, -8, 0, 4, -4, -6, 0, -6, 4, 3, -2, -7, -5, -6, -5, -3, 1, 4]
 
2.5505889926985343: [-7, 4, -4, -6, 4, -1, -2, -5, 0, -6, -4, 2, 1, -1, 2, -8, 3, -6, 4, -5, -7, -3, 2, -1, -7, 2, 0, -5, -7, -8, -3, -8, -4, -3, 3, -1, 1, -3, 0, -6, -5, 2, -6, -4, -8, -8, -8, -3, -8, 2, 4, -7, 4, -8, -4, 4, -2, 3, 0, -7, -2, -1, -3, -6, 4, -2, -4, -5, -7, -1, -8, 4, -2, 3, -1, -4, 3, -7, -6, -3, -1, -3, -4, 2, -7, 4, -8, -4, 1, -1, 4, -3, -2, 4, -3, 2, 3, -6, -8, 1, -8, 3, 1, 4, -3, 3, 0, -3, -3, -5, 2, -8, -6, -7, -4, 1, -6, -1, -8, -5, -4, 3, -3, 1, -6, -8, -3, -2]
 
3.0296575199561255: [2, -8, -2, -6, -1, 1, 4, -6, -2, -3, 2, -4, 0, -4, -4, -7, -3, -3, -5, -5, -7, -6, -3, -5, 0, -1, 0, -4, -7, 2, -3, 1, -3, -3, 3, -1, 1, -3, 0, -6, -5, 2, -6, -4, -8, -8, -8, -3, -8, 2, 4, -7, 4, -8, -4, 4, -2, 3, 0, -7, -2, -1, -3, -6, 4, -2, -4, -5, -7, -1, -8, 4, -2, 3, -1, -4, 3, -7, -6, -3, -1, -3, -4, 2, -7, 4, -8, -4, 1, -1, 4, -3, 0, 0, 0, -8, 3, 3, -8, 1, -8, 3, 1, -5, -3, 3, 0, -3, -3, -5, 2, -8, -6, -5, -4, 1, -6, 0, -8, -6, -2, -1, -3, 4, -7, -2, -4, 0]
 
1.773832711691648: [-7, 4, -4, -6, 4, -1, -2, -5, 0, -6, -4, 2, 1, -1, 2, -8, 3, -6, 4, -5, -7, -3, 2, -1, -7, 2, 0, -5, -7, 2, -3, -8, -4, -3, 3, -1, 1, -3, 0, -6, -5, 2, -6, -4, -8, -8, -8, -3, -8, 2, 4, -7, 4, -8, -4, 4, -2, 3, 0, -7, -2, -1, -3, -6, 4, -2, -4, -5, -7, -1, -8, 4, -2, 3, -1, -4, 3, -7, -6, -3, -1, -3, -4, 2, -7, 4, -8, -4, 1, -1, 4, -3, 0, 0, 0, -8, 3, 3, -8, 1, -8, 3, 1, -5, -3, 3, 0, -3, -3, -5, 2, -8, -6, -5, -4, 1, -6, 0, -8, -5, -1, 3, -3, 1, -6, -2, -4, 0]
 
3.6419128304649053: [3, -3, -6, -6, 4, 0, 3, 1, 4, -5, -4, 0, 1, -4, -4, 1, 1, -7, 3, -8, -3, -5, -6, 3, 2, -6, 0, -3, 2, -3, 2, -8, -4, 2, -2, -4, 3, -3, 0, -6, -5, 2, -6, -4, -8, -8, -8, -3, -8, 2, 4, -7, 4, -8, -4, 4, -2, 3, 0, -7, -2, -1, -3, -6, 4, -2, -4, -5, -7, -1, -8, 4, -2, 3, -1, -4, 3, -7, -6, -3, -1, -3, -4, 2, -7, 4, -8, -4, 1, -1, 4, -3, 0, 0, 0, -8, 3, 3, -8, 1, -8, 3, 1, -5, -3, 3, 0, -3, -3, -5, 2, -8, -6, -5, -4, 1, -6, 0, -8, -5, -1, 3, -3, 1, -6, -2, -4, 0]
 
3.9526296818855293: [-7, 4, 0, -7, -8, 2, 3, 1, 4, -2, -4, 0, 1, 1, -4, 1, 1, -7, 4, -5, -7, -3, 2, -1, -7, 2, 0, -5, -7, -8, -3, -8, -4, -3, 3, -1, 1, -3, 0, -6, -5, 2, -6, -4, -8, -8, -8, -3, -8, 2, 4, -7, 4, -8, -4, 4, -2, 3, 0, -7, -2, -1, -3, -6, 4, -2, -4, -5, -7, -1, -8, 4, -2, 3, -1, -4, 3, -7, -6, -3, -1, -3, -4, 2, -7, 4, -8, -4, 1, -1, 4, -3, 0, 0, 0, -8, 3, 3, -8, 1, -8, 3, -8, 3, -8, -4, 0, -3, -3, -5, 0, -8, 1, 2, -4, 1, -6, -2, -8, -6, -2, -1, -3, 1, -6, -2, -4, 0]
 
3.1367842025729105: [3, -3, -6, -6, 4, -1, -2, -5, 0, -6, -4, 2, 1, -1, 2, -8, 3, -6, 4, -5, -7, -3, 2, -1, -7, 2, 0, -5, -7, -8, -3, -8, -4, -3, 3, -1, 1, -3, 0, -6, -5, 2, -6, -4, -8, -8, -8, -3, -8, 2, 4, -7, 4, -8, -4, 4, -2, 3, 0, -7, -2, -1, -3, -6, 4, -2, -4, -5, -7, -1, -8, 4, -2, 3, -1, -4, 3, -7, -6, -3, -1, -3, -4, 2, -7, 4, -8, -4, 1, -1, 4, -3, 0, 0, 0, -8, 3, 3, -8, 1, -8, 3, 1, -5, -3, 3, 0, -3, -3, -5, 2, -8, -6, -5, -4, 1, -6, 0, -8, -5, -1, 3, -3, 1, -6, -2, -4, 0]
 
2.995578141888264: [-8, 4, -3, -7, -4, -4, -6, 1, 4, -2, -6, -4, -3, -7, -5, 3, -2, -5, 0, -2, 0, -3, 2, -1, -7, 2, 0, -5, -7, -8, -3, -8, -4, -3, 3, -1, 1, -3, 0, -6, -5, 2, -6, -4, -8, -8, -8, -3, -8, 2, 4, -7, 4, -8, -4, 4, -2, 3, 0, -7, -2, -1, -3, -6, 4, -2, -4, -5, -7, -1, -8, 4, -2, 3, -1, -4, 3, -7, -6, -3, -1, -3, -4, 2, -7, 4, -8, -4, 1, -1, 4, -3, 0, 0, 0, -8, 3, 3, -8, 1, -8, 3, -8, 3, -8, -4, 0, -3, -3, -5, 0, -8, 1, 2, -4, 1, -6, -2, -8, -6, -2, -1, -3, 4, -7, -2, -4, 0]
 
0.752820990259617: [3, -3, -1, 0, 4, -1, -2, 1, 0, 3, -8, 2, 1, 4, -8, -6, -5, 0, 4, -2, 1, -7, -4, -1, -7, 2, -2, -5, 2, 2, -3, -6, -3, -6, 3, -1, 1, -3, 0, -6, -5, 2, -6, -8, -8, -8, -3, -7, 0, -8, 4, 2, 4, -8, -3, 1, -4, 3, -7, -7, -2, -5, -8, -8, 4, 2, 4, -5, 3, -5, -8, 4, 0, -3, -1, -4, -8, -7, -6, 3, 4, -3, -4, 0, -2, 4, -8, 3, -3, 1, 4, -4, -3, -1, 0, -8, -4, -4, -8, 4, -5, 4, 1, -5, -3, 3, 0, -3, -3, -2, -5, -2, -6, 0, -1, 4, 1, -7, 1, 4, 1, 3, -3, 1, -6, -8, 4, -6]
 
3.40050772023: [3, -3, -6, -6, 4, -1, -2, -5, 0, -6, -4, 2, 1, -1, 2, -8, 3, -6, 4, -5, -7, -3, 2, -1, -7, 2, 0, -5, -7, -8, -3, -8, -4, -3, 3, -1, 1, -3, 0, -6, -5, 2, -6, -4, -8, -8, -8, -3, -8, 2, 4, -7, 4, -8, -4, 4, -2, 3, 0, -7, -2, -1, -3, -6, 4, -2, -4, -5, -7, -1, -8, 4, -2, 3, -1, -4, 3, -7, -6, -3, -1, -3, -4, 2, -7, 4, -8, -4, 1, -1, 4, -3, 0, 0, 0, -8, 3, 3, -8, 1, -8, 3, -8, 3, -8, -4, 0, -3, -3, -5, 0, -8, 1, 2, -4, 1, -6, -2, -8, -6, -2, -1, -3, 4, -7, -2, -4, 0]
 
3.6113552039: [3, -3, -6, -6, 4, -1, -2, -5, 0, -6, -4, 2, 1, -1, 2, -8, 3, -6, 4, -5, -7, -3, 2, -1, -7, 2, 0, -5, -7, -8, -3, -8, -4, -3, 3, -1, 1, -3, 0, -6, -5, 2, -6, -4, -8, -8, -8, -3, -8, 2, 4, -7, 4, -8, -4, 4, -2, 3, 0, -7, -2, -1, -3, -6, 4, -2, -4, -5, -7, -1, -8, 4, -2, 3, -1, -4, 3, -7, -6, -3, -1, -3, -4, 2, -7, 4, -8, -4, 1, -1, 4, -3, 0, 0, 0, -8, 3, 3, -8, 1, -8, 3, -8, 3, -8, -4, 0, -3, -3, -5, 0, -8, 1, 2, -4, 1, -6, -2, -8, -6, -2, -1, -3, 4, -7, -2, -4, 0]
 
3.82634950931: [2, 4, -7, -7, -1, 0, -2, -7, 2, -5, -4, 0, 1, -2, 4, -6, -3, -1, -4, -8, -3, -1, -6, -5, 2, -6, -3, -3, 2, -1, 4, -7, -4, 2, -2, -4, -8, 0, -8, -3, 0, 2, -6, -7, -2, -2, -1, -4, -6, 0, -7, -2, -6, -8, -4, -7, -2, 2, 0, -7, -2, -1, -3, -6, 4, -2, -4, 0, -7, -1, -8, 4, -2, 3, -1, -7, -2, -8, -6, -3, -1, -3, -4, 2, -8, -6, -2, -4, 0, -1, 0, -3, 4, -7, 0, 2, 3, -7, -8, -4, -8, -3, -2, -4, -6, -3, 0, -3, -3, -1, 0, -8, 1, 4, -4, 2, -6, -1, -6, 4, -8, 3, -3, 1, -6, -8, 4, -6]
 
1.7933738425: [2, 4, -4, -6, -5, -1, 4, -5, 0, 3, -8, 2, 1, 4, 0, -6, -5, -6, 4, -2, 1, -7, 2, -1, -7, 2, -2, -5, 2, 2, -3, -6, -3, -3, 3, -1, 1, -3, 0, -6, -5, 2, -6, 2, -8, -8, -3, -7, 0, -8, 4, -7, 4, -8, -4, 1, -2, 3, -7, -7, -2, -1, -4, -6, 4, -2, -4, -5, 3, -1, -8, 4, 0, -4, -7, -4, -8, -7, -6, 3, -1, -3, -4, 0, -2, 4, -8, 3, -3, -4, 4, -3, 0, -1, 0, -8, -4, -4, -8, -5, -5, 4, 1, -5, -3, 3, 0, -3, -3, -2, -5, -8, -6, 0, 4, 4, 1, 0, -8, -2, -6, -1, -3, 4, -6, -2, -4, -2]
 
2.65069538307: [3, -3, -1, 0, 4, -1, -2, 1, 0, 3, -8, 2, 1, 4, -8, -6, -5, 0, 4, -2, 1, -7, -4, -1, -7, 2, -2, -5, 2, 2, -3, -6, -3, -6, 3, -1, 1, -3, 0, -6, -5, 2, -6, -8, -8, -8, -3, -7, 0, -8, 4, 2, 4, -8, -3, 1, -4, 3, -7, -7, -2, -1, -3, -6, 4, -2, -4, -5, -7, -1, -8, 4, -2, 3, -1, -4, 3, -7, -6, -3, -1, -3, -4, 2, -7, 4, -8, -4, 1, -1, 4, -3, 0, 0, 0, -8, 3, 3, -8, 1, -8, 3, 1, -5, -3, 3, 0, -3, -3, -5, 2, -8, -6, -5, -4, 1, -6, 0, -8, -5, -1, 3, -3, 4, -7, -2, -4, 0]
 
0.857318950011: [-7, 4, -4, -6, 4, -1, -2, -5, 0, -6, -4, 2, 1, -1, 2, -8, 3, -6, 4, -5, -7, -3, 2, -1, -7, 2, 0, -5, -7, 2, -3, -8, -4, -3, 3, -1, 1, -3, 0, -6, -5, 2, -6, -4, -8, -8, -8, -3, -8, 2, 4, -7, 4, -8, -4, 4, -2, 3, 0, -7, -2, -5, -8, -8, 4, 2, 4, -5, 3, -5, -8, 4, 0, -3, -1, -4, -8, -7, -6, 3, 4, -3, -4, 0, -2, 4, -8, 3, -3, 1, 4, -4, -3, -1, 0, -8, -4, -4, -8, 4, -5, 4, 1, -5, -3, 3, 0, -3, -3, -2, -5, -2, -6, 0, -1, 4, 1, -7, 1, 4, 1, 3, -3, 1, -6, -8, 4, -6]
 
-1000: [2, 4, -7, -6, -2, 1, -3, -5, 3, -4, -4, 2, -7, -1, 2, -5, -7, -2, -8, -2, -7, 0, 2, -5, 2, 2, 0, -5, -7, 2, 2, -3, -3, -8, -7, -1, -5, -1, 4, -6, -5, 2, -6, 0, -8, -5, -8, 2, -8, 2, -1, -7, 4, -6, -4, -2, -2, 3, 0, -7, -4, -1, 2, -5, 4, -8, -4, -5, 3, -8, -8, -3, -7, 3, -1, 1, 3, -7, -6, -3, -6, -3, -4, 2, 1, 4, -8, -4, 1, -1, 4, -3, 0, -1, -1, -8, 4, -4, -8, 2, -8, 3, -8, 3, 1, -4, 0, -3, -3, -5, 0, -8, 1, 2, -4, 1, -6, -2, -8, -6, -2, -1, -3, -7, -7, -2, -4, 0]
 
4.15726611054: [-7, 4, -4, -7, -1, 0, -2, -7, 2, -5, -4, 0, 1, -2, 4, -6, -3, -1, -4, -8, -3, -1, -6, -5, 2, -6, -3, -3, 2, -1, 4, -7, -4, 2, -2, -4, -8, 0, -8, -3, 0, 2, -6, -7, -2, -2, -1, -4, -6, 0, -7, -2, -6, -8, -4, -7, -2, 2, 0, -7, -2, -1, -3, -6, 4, -2, -4, 0, -7, -1, -8, 4, -2, 3, -1, -7, -2, -8, -6, -3, -1, -3, -4, 2, -8, -6, -2, -4, 0, -1, 0, -3, 4, -7, 0, 2, 3, -7, -8, -4, -8, -3, -2, -4, -6, -3, 0, -3, -3, -1, 0, -8, 1, 4, -4, 2, -6, -1, -6, 4, -8, 3, -3, 1, -6, -8, 4, -6]
 
3.50046118589: [2, 4, -4, -6, -5, -1, 4, -5, 0, -6, -4, 2, 1, -1, 2, -8, 3, -6, 4, -5, -7, -3, 2, -1, -7, 2, 0, -5, -7, -8, -3, -8, -4, -3, 3, -1, 1, -3, 0, -6, -5, 2, -6, -4, -8, -8, -8, -3, -8, 2, 4, -7, 4, -8, -4, 4, -2, 3, 0, -7, -2, -1, -3, -6, 4, -2, -4, -5, -7, -1, -8, 4, -2, 3, -1, -4, 3, -7, -6, -3, -1, -3, -4, 2, -7, 4, -8, -4, 1, -1, 4, -3, 0, 0, 0, -8, 3, 3, -8, 1, -8, 3, 1, -5, -3, 3, 0, -3, -3, -5, 2, -8, -6, -5, -4, 1, -6, 0, -8, -5, -1, 3, -3, 1, -6, -2, -4, 0]
 
3.4950770309: [3, -3, -6, -6, 4, -1, -2, -5, 0, -6, -4, 2, 1, -1, 2, -8, 3, -6, 4, -5, -7, -3, 2, -1, -7, 2, 0, -5, -7, -8, -3, -8, -4, -3, 3, -1, 1, -3, 0, -6, -5, 2, -6, -4, -8, -8, -8, -3, -8, 2, 4, -7, 4, -8, -4, 4, -2, 3, 0, -7, -2, -1, -3, -6, 4, -2, -4, -5, -7, -1, -8, 4, -2, 3, -1, -4, 3, -7, -6, -3, -1, -3, -4, 2, -7, 4, -8, -4, 1, -1, 4, -3, 0, 0, 0, -8, 3, 3, -8, 1, -8, 3, -8, 3, -8, -4, 0, -3, -3, -5, 0, -8, 1, 2, -4, 1, -6, -2, -8, -6, -2, -1, -3, 4, -7, -2, -4, 0]
 
1.46491472568: [3, -3, -6, -6, 4, -1, -2, -5, 0, 3, -8, 2, 1, 4, 0, -6, -5, -6, 4, -2, 1, -7, 2, -1, -7, 2, -2, -5, 2, 2, -3, -6, -3, -3, 3, -1, 1, -3, 0, -6, -5, 2, -6, 2, -8, -8, -3, -7, 0, -8, 4, -7, 4, -8, -4, 1, -2, 3, -7, -7, -2, -1, -4, -6, 4, -2, -4, -5, 3, -1, -8, 4, 0, -4, -7, -4, -8, -7, -6, 3, -1, -3, -4, 0, -2, 4, -8, 3, -3, -4, 4, -3, 0, -1, 0, -8, -4, -4, -8, -5, -5, 4, 1, -5, -3, 3, 0, -3, -3, -2, -5, -8, -6, 0, 4, 4, 1, 0, -8, -2, -6, -1, -3, 4, -6, -2, -4, -2]
 
3.26433833368: [2, 4, -4, -6, -5, -1, 4, -5, 0, -6, -4, 2, 1, -1, 2, -8, 3, -6, 4, -5, -7, -3, 2, -1, -7, 2, 0, -5, -7, -8, -3, -8, -4, -3, 3, -1, 1, -3, 0, -6, -5, 2, -6, -4, -8, -8, -8, -3, -8, 2, 4, -7, 4, -8, -4, 4, -2, 3, 0, -7, -2, -1, -3, -6, 4, -2, -4, -5, -7, -1, -8, 4, -2, 3, -1, -4, 3, -7, -6, -3, -1, -3, -4, 2, -7, 4, -8, -4, 1, -1, 4, -3, 0, 0, 0, -8, 3, 3, -8, 1, -8, 3, 1, -5, -3, 3, 0, -3, -3, -5, 2, -8, -6, -5, -4, 1, -6, 0, -8, -5, -1, 3, -3, 1, -6, -2, -4, 0]
 
4.1902228634: [-8, 4, 4, -7, -2, 3, 3, -6, -1, -2, -4, 0, 1, 1, 2, -8, 3, -6, 4, -5, -7, -3, 2, -1, -7, 2, 0, -5, 1, 2, -3, -8, -4, -3, -5, -1, 1, -3, 0, -6, -2, 2, -6, 0, -8, -8, -8, -3, 2, 2, 4, -7, 4, -8, -4, 4, -2, 3, -2, -7, 3, -1, -3, -6, 4, -2, -3, -5, -8, -1, -8, 4, -2, 3, 3, -4, 3, -7, -6, 2, -1, -3, -4, 2, -7, 4, -1, -4, 1, 4, 4, -3, 4, 0, 0, -8, 3, 0, -5, 1, -8, 3, 1, -5, -3, 3, 0, -8, 4, -5, 2, -8, 3, -5, -4, -5, -2, -5, -8, -5, -3, 3, -2, 1, -6, -2, -4, 0]
 
2.4802253376: [2, 4, -4, -6, -5, -1, 4, -5, 0, -6, -4, 2, 1, -1, 2, -8, 3, -6, 4, -5, -7, -3, 2, -1, -7, 2, 0, -5, -7, -8, -3, -8, -4, -3, 3, -1, 1, -3, 0, -6, -5, 2, -6, -4, -8, -8, -8, -3, -8, 2, 4, -7, 4, -8, -4, 4, -2, 3, 0, -7, -2, -1, -3, -6, 4, -2, -4, -5, -7, -1, -8, 4, -2, 3, -1, -4, 3, -7, -6, -3, -1, -3, -4, 2, -7, 4, -8, -4, 1, -1, 4, -3, 0, 0, 0, -8, 3, 3, -8, 1, -8, 3, 1, -5, -3, 3, 0, -3, -3, -5, 2, -8, -6, -5, -4, 1, -6, 0, -8, -5, -1, 3, -3, 1, -6, -2, -4, 0]
 
3.14114194377: [2, 4, -4, -6, -5, -1, 4, -5, 0, -6, -4, 2, 1, -1, 2, -8, 3, -6, 4, -5, -7, -3, 2, -1, -7, 2, 0, -5, -7, -8, -3, -8, -4, -3, 3, -1, 1, -3, 0, -6, -5, 2, -6, -4, -8, -8, -8, -3, -8, 2, 4, -7, 4, -8, -4, 4, -2, 3, 0, -7, -2, -1, -3, -6, 4, -2, -4, -5, -7, -1, -8, 4, -2, 3, -1, -4, 3, -7, -6, -3, -1, -3, -4, 2, -7, 4, -8, -4, 1, -1, 4, -3, 0, 0, 0, -8, 3, 3, -8, 1, -8, 3, 1, -5, -3, 3, 0, -3, -3, -5, 2, -8, -6, -5, -4, 1, -6, 0, -8, -5, -1, 3, -3, 4, -7, -2, -4, 0]
 
2.01373979258: [-7, 4, -4, -6, 4, -1, -2, -5, 0, -6, -4, 2, 1, -1, 2, -8, 3, -6, 4, -5, -7, -3, 2, -1, -7, 2, 0, -5, -7, 2, -3, -8, -4, -3, 3, -1, 1, -3, 0, -6, -5, 2, -6, -4, -8, -8, -8, -3, -8, 2, 4, -7, 4, -8, -4, 4, -2, 3, 0, -7, -2, -1, -3, -6, 4, -2, -4, -5, -7, -1, -8, 4, -2, 3, -1, -4, 3, -7, -6, -3, -1, -3, -4, 2, -7, 4, -8, -4, 1, -1, 4, -3, 0, 0, 0, -8, 3, 3, -8, 1, -8, 3, -8, 3, -8, -4, 0, -3, -3, -5, 0, -8, 1, 2, -4, 1, -6, -2, -8, -6, -2, -1, -3, 4, -7, -2, -4, 0]
 
3.88458463091: [2, 4, -4, -6, -5, -1, 4, -5, 0, -6, -4, 2, 1, -1, 2, -8, 3, -6, 4, -5, -7, -3, 2, -1, -7, 2, 0, -5, -7, -8, -3, -8, -4, -3, 3, -1, 1, -3, 0, -6, -5, 2, -6, -4, -8, -8, -8, -3, -8, 2, 4, -7, 4, -8, -4, 4, -2, 3, 0, -7, -2, -1, -3, -6, 4, -2, -4, -5, -7, -1, -8, 4, -2, 3, -1, -4, 3, -7, -6, -3, -1, -3, -4, 2, -7, 4, -8, -4, 1, -1, 4, -3, 0, 0, 0, -8, 3, 3, -8, 1, -8, 3, -8, 3, -8, -4, 0, -3, -3, -5, 0, -8, 1, 2, -4, 1, -6, -2, -8, -6, -2, -1, -3, 4, -7, -2, -4, 0]
 
1.0113929173: [2, 4, -4, -6, -5, -1, 4, -5, 0, -6, -4, 2, 1, -1, 2, -8, 3, -6, 4, -5, -7, -3, 2, -1, -7, 2, 0, -5, -7, -8, -3, -8, -4, -3, 3, -1, 1, -3, 0, -6, -5, 2, -6, -4, -8, -8, -8, -3, -8, 2, 4, -7, 4, -8, -4, 4, -2, 3, 0, -7, -2, -1, -3, -6, 4, -2, -4, -5, -7, -1, -8, 4, -2, 3, -1, -4, 3, -7, -6, -3, -1, -3, -4, 2, -7, 4, -8, -4, 1, -1, 4, -3, 0, 0, 0, -8, 3, 3, -8, 1, -8, 3, 1, -5, -3, 3, 0, -3, -3, -5, 2, -8, -6, -5, -4, 1, -6, 0, -8, -5, -1, 3, -3, 1, -6, -2, -4, 0]
 
0.599366379818: [-7, 4, -4, -7, -1, 0, -2, -7, 2, -5, -4, 0, 1, -2, 4, -6, -3, -1, -6, -2, -3, -1, -6, -5, 4, -6, -3, 4, 2, 4, 4, -7, -4, 2, 2, 3, 0, 0, -4, -3, -6, 2, -4, -7, -2, 3, -1, -4, -6, 0, -7, 3, -6, -8, -4, -7, -2, 4, 0, -7, -2, -1, -3, -6, 0, -2, -4, 0, -8, -1, -8, 4, 1, 3, -1, -6, -7, -8, -6, -3, -1, -3, -4, 2, -8, -6, -2, -4, 0, -1, -1, -3, 4, -1, 0, 2, 3, -7, -1, 1, -8, -3, -5, -4, -6, -7, 2, -3, -4, -1, -4, 2, 1, 4, 4, 2, -6, -1, -6, 4, -8, 3, -3, 1, -6, -8, 4, -6]
 
0.563876964566: [-7, 4, -4, -7, 4, -1, 4, 4, 3, -6, -4, -5, 1, -5, 2, -8, 3, -2, 0, -7, -7, 3, 3, -6, -7, -6, 0, -2, -7, -8, -2, -6, 3, -3, 3, -1, 1, -3, -1, -6, -1, -7, -6, -4, -8, -5, -6, -3, -8, 1, -4, 0, 0, -3, 4, 1, 4, -5, 2, 3, -3, -2, -8, -2, -6, -3, 1, 0, 4, 3, -7, 0, 3, 1, -8, -3, -6, -1, -7, 1, -7, -6, 4, 3, -3, -2, -8, -4, 1, 1, 4, -3, -8, -8, 2, -8, 3, 4, -8, 1, -8, 3, 1, -1, -3, 3, -1, -3, 4, 2, 0, 2, 1, -3, 4, 1, -2, -2, -8, -7, -8, -1, -3, -4, -6, -6, 0, -2]
 
2.30334560391: [2, -8, -2, -6, -1, 1, 4, -6, -2, -3, 2, -4, 0, -4, -4, -7, -3, -3, -5, -5, -7, -6, -3, -5, 0, -1, 0, -4, -7, 2, -3, 1, -3, -3, 3, -1, 1, -3, 0, -6, -5, 2, -6, -4, -8, -8, -8, -3, -8, 2, 4, -7, 4, -8, -4, 4, -2, 3, 0, -7, -2, -1, -3, -6, 4, -2, -4, -5, -7, -1, -8, 4, -2, 3, -1, -7, -2, -8, -6, -3, -1, -3, -4, 2, -8, -6, -2, -4, 0, -1, 0, -3, 4, -7, 0, 2, 3, -7, -8, -4, -8, -3, -2, -4, -6, -3, 0, -3, -3, -1, 0, -8, 1, 4, -4, 2, -6, -1, -6, 4, -8, 3, -3, 1, -6, -8, 4, -6]
 
3.54803474602: [-7, 4, -4, -7, -1, 0, -2, -7, 2, -5, -4, 0, 1, -2, 4, -6, -3, -1, -4, -8, -3, -1, -6, -5, 2, -6, -3, -3, 2, -1, 4, -7, -4, 2, -2, -4, -8, 0, -8, -3, 0, 2, -6, -7, -2, -2, -1, -4, -6, 0, -7, -2, -6, -8, -4, -7, -2, 2, 0, -7, -2, -1, -3, -6, 4, -2, -4, 0, -7, -1, -8, 4, -2, 3, -1, -4, 3, -7, -6, -3, -1, -3, -4, 2, -7, 4, -8, -4, 1, -1, 4, -3, 0, 0, 0, -8, 3, 3, -8, 1, -8, 3, 1, -5, -3, 3, 0, -3, -3, -5, 2, -8, -6, -5, -4, 1, -6, 0, -8, -6, -2, -1, -3, 4, -7, -2, -4, 0]
 
1.60485932374: [-7, 4, -4, -6, 4, -1, -2, -5, 0, -6, -4, 2, 1, -1, 2, -8, 3, -6, 4, -5, -7, -3, 2, -1, -7, 2, 0, -5, -7, -8, -3, -8, -4, -3, 3, -1, 1, -3, 0, -6, -5, 2, -6, -4, -8, -8, -8, -3, -8, 2, 4, -7, 4, -8, -4, 4, -2, 3, 0, -7, -2, -1, -3, -6, 4, -2, -4, -5, -7, -1, -8, 4, -2, 3, -1, -4, 3, -7, -6, -3, -1, -3, -4, 2, -7, 4, -8, -4, 1, -1, 4, -3, 0, 0, 0, -8, 3, 3, -8, 1, -8, 3, -8, 3, -8, -4, 0, -3, -3, -5, 0, -8, 1, 2, -4, 1, -6, -2, -8, -6, -2, -1, -3, 4, -7, -2, -4, 0]
 
1.52544810468: [-8, 4, -3, -7, -4, -4, -6, 1, 4, -2, -6, -4, -3, -7, -5, 3, -2, -5, 0, -2, 0, -3, 2, -1, -7, 2, 0, -5, -7, -8, -3, -8, -4, -3, 3, -1, 1, -3, 0, -6, -5, 2, -6, -4, -8, -8, -8, -3, -8, 2, 4, -7, 4, -8, -4, 4, -2, 3, 0, -7, -2, -1, -3, -6, 4, -2, -4, -5, -7, -1, -8, 4, -2, 3, -1, -4, 3, -7, -6, -3, -1, -3, -4, 2, -7, 4, -8, -4, 1, -1, 4, -3, 0, 0, 0, -8, 3, 3, -8, 1, -8, 3, 1, -5, -3, 3, 0, -3, -3, -5, 2, -8, -6, -5, -4, 1, -6, -2, -8, -6, -2, -1, -3, 4, -7, -2, -4, 0]
 
2.11613703965: [3, -3, -6, -6, 4, -1, -2, -5, 0, -6, -4, 2, 1, -1, 2, -8, 3, -6, 4, -5, -7, -3, 2, -1, -7, 2, 0, -5, -7, -8, -3, -8, -4, -3, 3, -1, 1, -3, 0, -6, -5, 2, -6, -4, -8, -8, -8, -3, -8, 2, 4, -7, 4, -8, -4, 4, -2, 3, 0, -7, -2, -1, -3, -6, 4, -2, -4, -5, -7, -1, -8, 4, -2, 3, -1, -4, 3, -7, -6, -3, -1, -3, -4, 2, -7, 4, -8, -4, 1, -1, 4, -3, 0, 0, 0, -8, 3, 3, -8, 1, -8, 3, 1, -5, -3, 3, 0, -3, -3, -5, 2, -8, -6, -5, -4, 1, -6, -2, -8, -6, -2, -1, -3, 4, -7, -2, -4, 0]
 
2.5624182588: [-7, 4, -4, -6, -2, -1, -5, -5, 0, -4, -4, 2, 1, -1, 2, -4, 3, -2, 4, -2, -7, 0, 2, -5, 2, 2, -6, -5, -7, 2, -3, -3, -3, -3, 2, -1, 1, -1, 0, -6, -5, 2, -6, -4, -8, -8, -8, -3, -8, 2, -1, -7, 4, -6, -4, 4, -2, 3, 0, -7, -2, -1, -3, -5, 4, -8, -4, -5, 3, -8, -8, 4, -2, 3, -1, -4, 3, -7, -6, -3, -1, -3, -4, 2, -7, 4, -8, -4, 1, -1, 4, -3, 0, 0, 0, -8, 3, 3, -8, 1, -8, 3, -8, 3, -8, -4, 0, -3, -3, -5, 0, -8, 1, 2, -4, 1, -6, 0, -8, -5, -1, 3, -3, 1, -6, -2, -4, 0]
 
0.489718229373: [0, -2, -8, 4, -8, -6, 4, 3, 2, -3, 1, 2, -1, -2, 3, -8, -5, -7, -1, 1, 3, 4, -3, -1, 1, 3, 3, 1, -6, -8, 3, -6, -6, -3, -3, 0, 4, -3, -2, -7, -2, -3, -2, -7, 2, -8, 0, -5, 4, 4, -5, -1, 0, -8, -6, -2, -5, -5, 2, 0, -6, 4, -7, 1, 4, -1, -3, 3, -3, 0, -6, 2, -4, 4, -4, -8, -5, -8, 2, -7, -4, 0, 2, 0, -4, -3, -7, -3, -2, -7, -4, 4, 0, 0, -1, -7, -5, 4, 3, 1, 1, -1, -2, -6, 4, -8, 0, -5, -6, -5, -8, 2, 0, -3, -3, -6, 3, 4, 4, -6, -8, 4, 4, -5, -3, -7, -1, 1]
 
1.89691187959: [-7, -8, -4, 3, 2, -3, -2, -4, 2, -5, -4, 0, -2, -2, 4, -6, -3, -1, -7, -8, -3, -1, -6, -7, 2, -3, 0, -5, 2, -1, 4, 1, -4, -3, -2, -4, -8, 0, -8, -3, 0, 2, -6, -7, 0, -2, -1, -4, -6, 0, 4, -2, -6, -8, -5, 4, -2, 3, 0, -7, -2, -1, -3, 1, 4, -2, -4, 1, 2, -6, -8, 4, -8, 3, -1, -1, 3, -7, -2, -3, -1, -3, -4, -7, -4, 4, -8, -2, 1, -1, -3, -3, 0, -6, 0, -8, -6, 3, -8, 1, -8, 3, 1, -3, -1, 3, 0, -3, -3, -5, 2, -8, -8, -5, -8, -6, -6, -2, -8, -6, -2, -1, -3, 4, -7, -2, -4, 0]
 
3.17665583709: [3, -3, -6, -6, 4, -1, -2, -5, 0, -6, -4, 2, 1, -1, 2, -8, 3, -6, 4, -5, -7, -3, 2, -1, -7, 2, 0, -5, -7, -8, -3, -8, -4, -3, 3, -1, 1, -3, 0, -6, -5, 2, -6, -4, -8, -8, -8, -3, -8, 2, 4, -7, 4, -8, -4, 4, -2, 3, 0, -7, -2, -1, -3, -6, 4, -2, -4, -5, -7, -1, -8, 4, -2, 3, -1, -4, 3, -7, -6, -3, -1, -3, -4, 2, -7, 4, -8, -4, 1, -1, 4, -3, 0, 0, 0, -8, 3, 3, -8, 1, -8, 3, 1, -5, -3, 3, 0, -3, -3, -5, 2, -8, -6, -5, -4, 1, -6, 0, -8, -5, -1, 3, -3, 1, -6, -2, -4, 0]
 
3.31827976989: [2, 4, -4, -6, -5, -1, 4, -5, 0, -6, -4, 2, 1, -1, 2, -8, 3, -6, 4, -5, -7, -3, 2, -1, -7, 2, 0, -5, -7, -8, -3, -8, -4, -3, 3, -1, 1, -3, 0, -6, -5, 2, -6, -4, -8, -8, -8, -3, -8, 2, 4, -7, 4, -8, -4, 4, -2, 3, 0, -7, -2, -1, -3, -6, 4, -2, -4, -5, -7, -1, -8, 4, -2, 3, -1, -4, 3, -7, -6, -3, -1, -3, -4, 2, -7, 4, -8, -4, 1, -1, 4, -3, 0, 0, 0, -8, 3, 3, -8, 1, -8, 3, 1, -5, -3, 3, 0, -3, -3, -5, 2, -8, -6, -5, -4, 1, -6, 0, -8, -5, -1, 3, -3, 1, -6, -2, -4, 0]
 
3.01583161408: [2, 4, -4, -6, -5, -1, 4, -5, 0, -6, -4, 2, 1, -1, 2, -8, 3, -6, 4, -5, -7, -3, 2, -1, -7, 2, 0, -5, -7, -8, -3, -8, -4, -3, 3, -1, 1, -3, 0, -6, -5, 2, -6, -4, -8, -8, -8, -3, -8, 2, -7, -2, -6, -8, -4, -7, -2, 2, 0, -7, -2, -1, -3, -6, 4, -2, -4, 0, -7, -1, -8, 4, -2, 3, -1, -7, -2, -8, -6, -3, -1, -3, -4, 2, -8, -6, -2, -4, 0, -1, 0, -3, 4, -7, 0, 2, 3, -7, -8, -4, -8, -3, -2, -4, -6, -3, 0, -3, -3, -1, 0, -8, 1, 4, -4, 2, -6, -1, -6, 4, -8, 3, -3, 1, -6, -8, 4, -6]
 
1.9718074616: [2, 4, -7, -7, -1, 0, -2, -7, 2, -5, -4, 0, 1, -2, 4, -6, -3, -1, -4, -8, -3, -1, -6, -5, 2, -6, -3, -3, 2, -1, 4, -7, -4, 2, -2, -4, -8, 0, -8, -3, 0, 2, -6, -7, -2, -2, -1, -4, -6, 0, 4, -7, 4, -8, -4, 4, -2, 3, 0, -7, -2, -1, -3, -6, 4, -2, -4, -5, -7, -1, -8, 4, -2, 3, -1, -4, 3, -7, -6, -3, -1, -3, -4, 2, -7, 4, -8, -4, 1, -1, 4, -3, 0, 0, 0, -8, 3, 3, -8, 1, -8, 3, 1, -5, -3, 3, 0, -3, -3, -5, 2, -8, -6, -5, -4, 1, -6, 0, -8, -5, -1, 3, -3, 1, -6, -2, -4, 0]
 
