1.0506543817445997: [-4, -3, -5, -5, -5, -8, 3, -4, 2, 4, -2, 0, 1, 1, -6, 4, -7, 0, 1, 3, 4, 1, 4, -3, 0, 4, -5, 4, 3, -6, -1, -6, -3, 0, -1, 2, -4, -4, -3, -6, 0, -2, 0, -5, 0, -4, -1, 3, -4, -5, -5, -2, 0, 3, 3, 1, -8, -5, 1, -2, -7, 3, -2, -1, -6, 4, 3, 4, -1, -5, -3, 1, 4, -8, -7, 1, -2, -7, 2, -2, -8, -4, -3, -1, -2, 4, -7, -2, -3, -2, -5, -1, -2, 4, -8, -7, -7, 2, -3, 4, -3, -3, -7, -1, -6, 1, 0, 0, 4, -2, -7, -1, 0, -6, 0, -8, -5, -4, 3, -1, -2, -1, -2, 3, -5, -2, -4, -1]
 
0.753745050064: [2, -5, -5, 3, -6, 0, -4, 3, 1, 0, -6, 0, -1, -1, 1, -3, -4, 3, -3, -8, -3, -6, -1, 1, 3, -3, 3, -6, -6, -3, 2, 1, 3, -5, -3, -3, -2, 2, 1, -7, 2, -6, -2, -8, 1, 4, -3, 0, 4, -8, -7, 2, -2, -4, -8, -1, -2, 2, -8, -5, -7, 2, 4, 3, -8, -1, -8, 4, 4, -7, 4, -2, 3, 4, -6, 4, -1, -6, 0, 4, -5, 2, 2, -1, -3, 4, -7, 4, -3, 3, -8, -4, -2, 4, 0, -7, 3, -7, -1, 2, -3, -3, -7, 0, 2, 1, -4, 0, 4, 4, -4, -1, -6, 4, -8, -8, -5, -2, -7, -3, -2, -6, 2, -4, -4, 0, -2, -2]
 
0.8789775672682811: [-1, -5, 0, -7, -6, 0, -7, 3, -1, -6, -7, 4, 0, -3, 3, 0, -1, 2, 0, -6, -2, 4, -2, 2, 1, -5, -8, 2, -6, 4, -2, -1, -1, 4, -3, -3, -3, -4, 1, -2, 3, 3, -2, 2, -3, -2, -3, 0, -8, 4, -7, 2, 3, -6, -8, 4, -2, 1, -8, -5, -5, -4, 4, -2, -8, -7, -1, 4, 4, -7, -5, 2, 4, -7, 0, 1, -7, -1, -8, 4, 3, 3, 0, -1, -7, 4, 0, -2, 0, 0, -7, 3, 1, 3, 3, -3, 2, 3, -6, 1, -3, -3, -7, -6, 4, -2, -2, 2, -7, -7, -2, -5, -5, -6, -7, 0, 4, -8, -4, -8, -2, 0, -8, 3, -2, -2, 4, 2]
 
1.08272041081: [3, -7, 2, -6, 3, -8, -5, 3, -8, -6, -3, 0, 3, 1, -5, -7, -7, -1, -4, 3, 4, 1, 2, -5, 1, 3, 2, 0, 3, 4, -1, -6, -3, 0, -7, 2, -2, -4, -3, -7, 4, -2, -8, -1, -4, -6, -4, 2, 4, -7, -6, -2, -1, 1, -3, -8, -4, 0, 1, -7, 0, 2, -2, 2, 0, 3, -7, -2, -7, -6, 4, 3, 3, 1, -2, -4, -3, -3, -2, -4, 2, 4, -7, -1, -1, -4, -8, -7, 0, 0, -6, -2, -2, 4, 4, 2, -5, -2, 0, 2, 2, -3, -8, 2, -6, -4, 1, -8, 4, -8, -7, 4, 2, 3, 0, 4, -1, -2, 2, -3, 3, -5, 0, -5, 1, -6, -4, -7]
 
1.0862643922011075: [-1, -1, -7, -5, -6, 3, 0, 1, 4, -6, 4, 0, 1, 1, -6, 4, -3, 4, -2, 3, -6, -5, -6, 4, 4, 2, 3, -5, -3, -8, 2, -1, -2, 2, 2, -5, 2, -4, -2, 3, -7, 4, -1, 2, -3, -2, 0, 0, 2, 4, 0, -5, -8, -6, -8, 4, -2, 1, -8, -5, 1, -4, 4, -2, -8, -7, -7, -5, 4, -7, -5, 2, 4, -7, 0, -4, 0, 4, -8, -8, 0, -6, -4, -1, -7, 4, 0, -2, 0, 0, -7, 3, 1, 3, 3, -3, 2, 3, -6, -2, -3, -3, -7, -7, 4, -7, -2, 2, -7, -7, -2, 1, 3, -6, -7, 2, 4, -8, 1, -8, -2, 0, -8, 3, -2, -2, -4, 2]
 
0.764504767076: [-2, 3, -1, -8, -7, 1, 3, 3, -1, 2, 3, 0, -6, -1, 4, 1, -3, 2, -8, 3, -7, 3, -2, -8, -3, -3, -3, 1, -2, -4, -2, 1, -1, 4, 1, -3, -3, 3, -1, 3, -5, -1, -8, -3, 4, 0, -4, 1, -1, -4, -6, -2, -7, -7, 4, 1, 1, -4, 3, 1, 4, -6, 3, -5, 3, -1, 4, 1, -8, -2, 0, -3, 3, -5, -5, -3, -2, 1, -5, 0, -8, -1, -1, -2, -8, 4, 4, -4, -3, -5, -7, 0, -6, -3, -5, -3, 2, 1, 4, 1, -1, 3, -5, -7, 4, -2, 4, -1, -4, 2, 2, 3, -1, -6, -2, -1, -8, 2, -4, -6, 0, 4, -2, -5, -8, -7, -3, 0]
 
2.152424272944768: [-1, -5, 0, -2, -5, 0, -7, 3, -1, -6, -4, -5, 0, -3, 3, 0, -3, 2, 0, -6, -2, 4, -7, 2, -8, -3, -3, -6, 1, 1, 3, 1, -2, 2, -4, -2, 1, -1, 3, 3, -6, 0, -4, -8, -1, -4, -7, 3, 0, 0, -4, -5, -1, -8, 4, 2, -2, -7, -7, -4, -4, -3, -7, -5, -2, -2, -1, -5, -8, -4, 0, 1, 3, -2, 2, 2, -6, -6, -7, -7, -8, -1, -3, -6, -8, -8, 4, -2, -3, -5, -7, 3, -4, -1, -5, -3, -7, 3, 4, 1, -1, -3, -8, 0, 4, -2, -6, 2, -2, -7, 0, -5, -5, -6, 0, -6, -8, -6, -4, 3, 2, 2, -7, 1, -6, -8, -4, -4]
 
0.610310376048: [-2, -5, 0, -3, -8, -2, 2, -7, -1, 1, 3, -3, -6, -1, 4, 1, -3, -7, -6, -7, -5, 1, 3, 4, -8, -5, -5, 4, -6, -2, -2, -1, -1, -2, -7, -8, -8, -4, 1, 2, -2, 3, -3, 0, -7, 4, 1, 0, 0, 4, -3, 3, 3, -4, -8, -6, 1, -5, -8, -5, -5, -4, -3, -2, -7, -7, -1, 0, -1, 2, -3, 4, 3, -1, 1, -5, 0, -6, -3, 2, -1, -4, 4, -4, -3, -8, -2, 1, 3, -7, 1, -7, -4, -6, 2, 0, -1, 3, -3, -1, -5, -7, -3, -5, -6, -4, 1, -1, -5, 0, 2, -1, -1, -7, 0, 1, 3, 0, -5, 3, -8, 2, -4, 1, 2, 1, -3, -8]
 
0.622773515821: [2, 3, -1, 0, 1, -8, -6, 0, -1, -7, 3, 4, 0, -3, 0, 0, -1, 2, 0, -6, -2, 4, -2, 2, 1, -6, -6, 2, -6, 4, 1, 2, 4, 1, -7, 3, 4, 3, -5, -6, -5, -8, -8, -1, 2, 0, -4, -4, -1, 4, -4, -2, 3, 3, 4, 1, 1, -6, 3, 1, -5, 3, -8, -5, -2, 1, 4, 1, -8, 3, 0, -4, -4, 1, 4, -7, -6, -6, -5, -2, -8, 3, 1, -6, -7, 4, -8, -8, -1, 3, -8, -1, -3, 2, -3, -7, -3, 2, -6, 0, 0, 4, -6, -1, -6, 1, 0, 0, 4, -2, -7, -5, 0, 1, 0, -6, 2, -3, 3, -1, -1, -1, -8, -2, -2, -2, -6, 2]
 
0.757959557111: [0, -5, 0, -7, -2, -6, -3, -7, -3, -1, 4, 0, -7, 2, -2, -3, 4, 4, 4, -8, -6, -7, -2, -3, -3, 0, 4, -2, 4, 4, 2, 2, 3, -6, -8, -6, -4, 3, 2, -3, -7, 2, -8, 3, 0, 1, -1, -1, 2, 4, 1, 4, -6, -7, -4, 4, -7, -4, -6, 3, -5, -3, 4, 3, 3, -8, 3, -8, -2, 0, -8, 3, -7, -8, -3, 0, 3, -7, -7, 0, 4, 3, -1, -4, -4, -7, -7, -7, 0, 2, -2, -7, -2, 4, -6, 4, 1, 2, -5, 4, 0, -5, 3, -1, -6, 1, -5, -2, 4, -7, 4, -8, 4, 4, -4, -1, 0, 2, 2, 0, -2, 0, 1, 3, -3, 2, -6, -7]
 
2.377443260417845: [-7, 4, -6, 4, -1, -8, 3, -7, -3, -8, 3, 0, -7, 1, 3, 1, 2, -8, -6, -7, -5, -7, -4, -5, -2, 0, 1, -2, -2, 1, -6, -6, -3, -6, 1, -6, -4, -4, 2, 1, -3, -4, -8, -8, -5, -8, -1, 3, 2, -8, 4, -2, -4, 1, -3, 4, -3, -4, -3, 2, 2, -3, 3, -5, 3, -3, -4, -1, -4, -6, -8, 2, -4, 4, -2, 4, 1, -7, 4, 0, -4, 1, -5, -1, -7, -7, 4, -2, -3, -5, -7, 3, -4, 3, 3, -3, -7, 3, 4, -7, -1, -6, -8, -7, -4, 0, -2, -7, -1, -8, 3, -1, 0, -7, 0, 4, -4, -2, 2, -3, -7, -7, 4, 0, 2, -7, -8, 3]
 
1.5464731705838382: [-1, -3, -7, -2, -1, -8, 3, 0, 4, 4, -6, 4, -7, -7, -1, -6, 2, -6, -5, 4, -6, 0, -5, -6, 3, 2, 3, -2, -4, -3, 1, 2, 4, 1, -7, 3, -3, -4, 1, -2, 3, 3, -2, 2, -3, -2, -3, 0, -8, 4, -7, 2, 3, -6, -8, 4, -2, 1, -8, -5, -5, -4, 4, -2, -8, -7, -1, 4, 4, -7, 4, -6, 3, 4, -2, -4, -2, -7, 3, 0, 1, 1, -3, -1, 1, 4, -3, -2, -1, 3, -8, -1, -3, 2, -3, -7, -7, 2, -6, 0, -2, 4, -6, -1, -6, 1, 0, 0, 4, -2, -7, -1, 0, -6, 0, -8, -5, 2, 3, -1, -2, -1, -8, 3, -2, -2, 4, 2]
 
0.8383398204563244: [2, -6, -1, 1, 1, -4, -6, -5, -1, -6, -7, 4, 0, -3, 3, 0, -1, 2, 0, -6, -2, 4, -2, 2, 1, -5, -1, 3, -2, -1, -8, -1, -3, -4, -1, 2, -4, -4, -3, -2, -4, -3, -6, 0, 0, -4, -4, -5, -4, -5, -5, -2, 0, 3, 3, 1, -8, -5, 1, -2, -7, 3, -2, -1, -6, 4, 3, 4, -1, -5, -3, 1, 4, -8, -7, 1, -2, -7, 2, -2, -8, -4, -3, -1, -2, 4, -7, -2, -3, -2, -5, -1, -2, 4, -8, -7, -7, 2, -3, 4, -3, -3, -3, -5, -5, -4, 1, -5, -5, 2, 4, -8, 4, 2, -4, -2, 0, 2, 3, -1, -2, -7, 1, 3, -2, 2, -6, -3]
 
0.845749271687: [0, -5, 4, -5, 4, -7, -1, 2, -8, -7, -6, 0, 0, -6, -1, -1, 1, -7, -5, 4, -6, 0, 4, -7, 3, 2, 3, 0, -4, -7, -3, -4, 4, 3, -7, 3, -8, -8, -1, -3, -5, -8, -5, -1, 4, -5, 0, -6, -1, -4, -5, -2, -7, -8, 4, 1, 4, 2, 3, -8, -7, 3, 4, -5, 1, -8, 2, 4, -4, -5, -1, -3, -6, -8, 2, -5, -1, -6, -5, -3, -6, -3, -8, 4, 3, 4, -4, 1, -3, -1, 0, 3, 3, 0, 3, -3, -7, -8, 4, 1, -8, -5, -8, -7, 4, -2, -3, 2, 0, 4, 4, -8, -5, -6, -7, -8, -5, 3, -4, 1, -1, 1, -7, 1, 1, -8, -7, -4]
 
3.43094264921: [4, 0, 2, -7, -6, 0, -7, 3, -1, 1, -8, -2, 2, -1, -7, -1, -3, 2, -2, -1, -7, 3, -2, -3, 4, -6, -3, -4, 1, -8, -8, 3, -1, 4, -3, -3, -7, 2, 1, -1, 2, 2, -5, 0, -3, -2, -3, 0, 0, -5, -5, -6, 0, -6, -2, 4, -2, 1, -6, -4, -6, -4, 4, -7, 3, 0, 3, -3, 4, -5, 4, -6, -7, 4, -1, -4, -6, -7, 0, 0, 2, -7, -1, 3, -2, -7, -1, -3, -7, 3, 1, 3, -5, 3, 3, -3, -7, 3, -3, 1, -1, -4, -8, -7, 4, -2, 0, -4, -7, -7, -4, -7, -5, 1, -7, 0, 2, 0, -5, -7, -6, 1, -5, 0, 1, -5, 4, -8]
 
1.9229051222097542: [-1, -5, 0, -7, -6, 0, -7, 3, -1, 1, 3, -3, -6, -1, 4, 1, -3, 2, -2, -1, -7, 3, -2, 4, 4, -3, -3, -6, -2, -5, 2, 1, 4, 2, -8, -5, -8, -8, -2, 0, -6, -3, -4, 0, -1, -6, -2, -7, -3, -8, 4, -8, 4, 2, -6, -7, 2, -4, 4, 1, 4, -1, -6, -7, -3, 3, -7, -6, -2, -3, -1, 4, -8, -4, -2, -8, -6, 4, -3, 4, 0, -5, -8, 1, 3, 3, -3, -1, -8, -8, 3, -2, -2, -2, -6, -2, 3, 0, 4, -6, 2, 0, -5, 0, -5, 1, -3, -8, -8, 0, 4, -4, -6, -1, -4, -4, -8, 2, 4, -1, 3, -1, -8, 3, 4, -2, 4, 2]
 
1.627099561920967: [-2, -8, 1, -2, -1, -8, 3, -7, 2, -8, -5, 4, -7, -1, 3, 2, 4, -8, -5, -8, -8, 4, -6, -3, 2, 0, -7, -2, -2, -4, -3, -1, -3, -4, -8, 2, 2, 0, 2, 1, -3, 1, -8, 1, -5, 0, -1, 3, 2, 3, 4, -8, -2, 1, -4, 4, -3, -2, -6, 4, 2, -3, 1, -3, 4, -6, -1, 1, -1, 0, 2, 2, -5, -4, -2, -4, -3, -7, 3, 0, 4, -2, -1, -1, -1, -7, -3, -3, -3, -5, -4, -4, -2, 4, -1, -7, 3, 2, -1, 2, -3, -3, -5, -1, 1, 4, -4, -4, -7, -4, -7, -1, 0, -3, 0, 3, 4, -2, 2, -3, -6, -4, -8, -1, -6, -3, -4, 4]
 
1.35691950753: [-2, 3, 3, -8, -1, -4, 3, 3, -1, 1, 1, 3, -4, -6, 0, 4, -3, -5, -2, -4, 0, 3, -1, 4, -6, -6, -5, -6, -8, -2, 1, -6, 0, 4, 2, -3, -2, -6, 3, -2, 1, 4, 0, 2, -3, -3, 1, 2, -8, -2, -1, 2, 3, -6, -1, 3, 3, 3, -4, -8, -5, -6, 4, -7, -5, 2, -8, 2, -6, 2, 4, -6, 0, -5, 3, 0, -4, -2, 1, 0, 0, -4, -6, -4, -8, 4, 3, 4, -2, 2, -8, 4, -7, -2, -7, -1, -4, 2, 0, 1, 1, -1, -7, -1, -6, -7, 0, 0, -1, -8, -7, -1, -2, 4, 0, 3, -1, -8, 3, -8, -7, -8, -4, -6, 3, -3, 1, 1]
 
0.6977065647633378: [-1, -8, -7, -5, -1, -8, -7, 1, 4, 1, -6, -6, -7, -2, -4, 1, -2, -5, -5, -6, -4, -5, 4, -7, 3, 4, -3, -1, 3, -6, -6, -8, 2, 0, 2, -2, -4, -2, -8, 0, -7, 0, -4, -7, -6, 4, -7, -6, 0, -4, 1, -3, 2, -8, 4, -8, -2, -7, -7, -8, -3, -1, 1, -4, -8, -7, -1, -3, 4, -7, -5, -1, -2, -4, 0, 1, -7, -1, -8, 4, -8, -1, 0, -7, 0, -5, 2, -2, 0, 0, 0, 3, 1, 3, 3, -3, 2, -5, -6, -4, 4, -3, -7, -6, 4, 0, -2, 4, -7, -7, -2, -5, -5, -6, -7, 0, -5, 4, -6, -8, -2, 0, -4, -6, -2, 1, -5, 2]
 
0.5757863512445323: [-1, -5, 0, -7, -6, 4, 2, 3, -1, -1, -7, 4, 0, -1, 3, -4, -1, 2, 2, -6, -2, -2, -2, -2, 1, -1, 0, -6, -2, 2, -2, 1, -1, -3, -6, -3, -3, -4, 1, -2, 3, 3, -2, 4, -3, -2, 4, 0, -7, 0, 4, 2, 4, -6, 3, 4, -2, 1, 4, -3, -5, -2, 4, -8, 2, -7, -1, 4, 4, 1, 4, 2, 3, -7, -2, -4, -7, -7, 3, 0, 0, 4, -3, -8, 1, 4, -3, -1, -1, 4, -8, -1, -3, 2, -3, -8, -7, -8, -6, 0, -2, 4, -6, -1, 3, -1, 0, 0, 4, -2, -7, -4, 0, -8, -1, 2, -5, 2, 4, 0, -2, 1, -1, 3, -2, -2, 4, -2]
 
1.02427998242: [-1, -3, -2, -3, -7, -8, 3, 1, -4, 0, -4, -8, -2, -1, 2, -2, -2, 3, -5, -6, -6, -5, 0, -7, -1, -7, -3, -1, 3, -6, -3, -7, -6, -5, 3, -5, -8, 2, 1, 0, -6, -6, -4, -3, -1, -6, -7, -7, -3, -8, 4, -6, -6, 2, 1, -7, 2, -4, 4, -2, 4, -1, -6, -7, -3, 3, 4, -6, 0, 3, -1, 4, -8, -4, -2, -8, -6, 1, -3, 2, 0, 4, -8, 1, -8, 3, -3, -1, -8, -8, 4, -2, -2, -2, -8, -8, -3, 0, 4, -6, -8, 0, -7, -4, -5, 1, -3, -8, 1, 0, -6, -4, 0, 3, -1, -3, 2, 2, 4, -4, -7, -1, -5, 2, 4, -2, 4, 2]
 
0.37568553005156125: [-1, -5, 0, -7, -6, 0, -7, 3, -1, 1, 3, -3, -6, -1, 4, 1, -3, 2, -2, -1, -7, 3, -2, 4, 4, -3, -3, -6, -2, -5, 2, 1, 4, 2, -8, -5, -8, -8, -2, 0, -6, -3, -4, 0, -1, -6, -2, -7, -3, -8, 4, -8, 4, 2, -6, -7, 2, -4, 4, 1, 4, -1, -6, -7, -8, -7, -1, 4, 4, -7, -3, 4, 3, -5, -1, -5, -2, -6, 0, -2, -1, 1, 4, -5, -2, -8, -2, -8, 0, -7, -7, -5, -3, -5, 0, -5, -1, 3, -8, -1, 2, -7, 0, -6, -2, -4, 3, -1, -5, -7, 0, -8, -1, 4, -7, -1, 3, 4, -4, 3, 3, 2, -7, 0, 3, 3, -3, -7]
 
1.6936511434362989: [-1, 0, 0, -7, -6, -2, -7, -7, -1, 1, 3, -3, -8, -1, 4, 1, -3, -6, -2, -1, -5, 1, -2, 4, 4, -3, 3, -6, -2, -5, -1, 1, -1, 0, 0, -3, 4, -4, 1, 2, -7, 3, -2, 2, -6, -6, 3, 0, -3, 4, -7, 0, -8, -6, -8, -8, -2, 1, -8, -6, -5, 3, -4, -2, -3, -7, -1, 4, 4, -7, 4, -6, -2, 4, -4, -4, -2, -7, -4, -3, 1, 1, -3, -1, 1, 4, -3, -2, -2, -3, -8, 3, -3, 2, -2, -7, -7, -5, -8, -6, -6, 4, 0, 3, -6, -7, -5, -3, 4, -2, -7, -1, 0, -6, 0, -8, -5, -1, -5, -6, 4, -6, -2, -2, 3, -8, 4, 2]
 
0.948742337634211: [-3, -1, -7, -7, 1, 0, -7, 3, -1, 1, 2, -3, -6, -5, 2, -4, -3, 2, -2, 4, -7, 3, -5, 3, 4, -3, -3, -3, -3, -5, 2, 1, -1, 0, -5, -3, -3, -4, -3, -2, -4, -1, -3, -7, -8, -4, -3, -5, -4, -7, -4, -2, 2, -4, 3, -6, 0, -1, 1, -2, -4, 3, 0, -1, -6, 4, 3, -2, 2, -2, -3, 1, -3, -8, -7, 1, -2, -7, 1, -7, -7, 0, -3, -1, -2, 4, -7, 3, -3, -2, -3, -1, -2, 4, -8, -7, -2, 2, 3, 4, 4, -4, -7, -1, -6, 1, 0, 0, 1, -2, -7, 2, 0, -6, 0, -1, -5, -1, -5, -7, 4, -6, -2, -2, 3, -8, -6, -2]
 
0.8273240899800167: [1, -3, -5, -5, -7, 1, 4, -8, 2, 4, -6, 4, -7, -7, -1, -6, 2, -6, -5, 4, -6, 0, -5, -6, 3, 2, 3, -2, -4, -3, 1, 2, 4, 1, -7, 3, -3, 3, -1, 3, -5, -1, -8, -3, 4, 0, -4, -4, -1, -4, -5, -2, -7, 3, 4, 1, 1, 2, 3, 1, -7, 3, -7, -5, -2, -8, 4, 1, -8, -2, 0, -4, 3, -5, 2, -7, -6, -6, -5, -7, -8, -1, -1, -2, -8, 4, 4, -2, -3, -5, -7, 3, -4, 3, 3, -3, -7, 3, 4, 1, -1, -3, -8, -7, 4, -2, -4, 0, -7, -8, 3, -1, 0, -7, 0, 4, -4, -2, 2, -3, -7, -7, 4, 0, -6, 3, -2, 1]
 
0.5674913031686024: [2, -6, -1, 1, 1, -4, -6, -5, -1, -6, -7, 4, 0, -3, 3, 0, -1, 2, 0, -6, -2, 4, -2, 2, 1, -5, -1, 3, -2, -1, -8, -1, -3, -4, -1, 2, -4, -4, -3, -2, -4, -3, -6, 0, 0, -4, -4, -5, -4, -5, -5, -2, 0, 3, 3, 1, -8, -5, 1, -2, -7, 3, -2, -1, -6, 4, 3, 4, -1, -5, -3, 1, 4, -8, -7, 1, -2, -7, 2, -2, -8, -4, -3, -1, -2, 4, -7, -2, -3, -2, -5, -1, -2, 4, -8, -7, -7, 2, -3, 4, -3, -3, -3, -5, -5, -4, 1, -5, -7, -8, 3, -1, 0, -7, 0, 4, -4, -2, 2, -3, -7, -7, 4, 0, -6, 3, -2, 1]
 
0.508064083471834: [1, -3, -5, -5, -7, 1, 4, -8, 2, 4, -6, 4, -7, -7, -1, -6, 2, -6, -5, 4, -6, 0, -5, -6, 3, 2, 3, -2, -4, -3, 1, 2, 4, 1, -7, 3, -3, 3, -1, 3, -5, -1, -8, -3, 4, 0, -4, -4, -1, -4, -5, -2, -7, 3, 4, 1, 1, 2, 3, 1, -7, 3, -7, -5, -2, -8, 4, 1, -8, -2, 0, -4, 3, -5, 2, -7, -6, -6, -5, -7, -8, -1, -1, -2, -8, 4, 4, -2, -3, -5, -7, 3, -4, 3, 3, -3, -7, 3, 4, 1, -1, -3, -8, -7, 4, -2, -2, -1, -4, 2, 2, 1, -1, -6, -2, -1, -8, 4, -4, 1, 0, 4, -2, -5, -8, -7, -3, -2]
 
1.2152293178054447: [-1, -1, -7, 0, -6, -3, 0, 4, 4, -1, -8, 0, 1, 1, 4, 4, -3, 0, -2, 3, -7, 3, -6, 4, 4, 2, -2, 3, -2, -8, 2, -7, -2, 2, -8, -5, 2, -4, -2, 3, -6, 2, -2, 0, -1, -3, -2, -7, -3, 2, -3, -8, 4, -1, -6, 1, 2, -4, 4, -2, 4, -8, -6, -3, 2, 3, -3, -6, -2, -6, -2, 4, -8, -8, -3, -2, -6, 0, 3, -4, 0, -4, -3, -5, 3, 3, -3, -8, -8, -8, -6, -2, -2, -8, -5, 2, -3, 0, -2, -2, 3, -6, -3, 0, -5, 4, -6, -8, -6, -5, 4, -4, -4, -7, -2, -7, 4, -4, -1, -1, 3, -8, 1, -8, 4, -2, 4, -5]
 
1.2295767803874202: [-2, 4, -7, -5, -1, -8, -6, 3, 4, 0, -6, -8, -7, -2, 1, -6, 4, -6, -5, 4, 3, -6, 0, -3, 3, 4, -5, -6, 3, -2, -7, -8, 2, -4, -5, -2, -7, -4, 2, 1, -7, -2, -6, -8, -1, -4, -4, -5, 3, 1, 1, 4, -3, -8, 4, 4, -2, -5, -7, -8, -4, 4, -4, 1, -1, 1, -7, -7, 3, -3, -3, -2, 0, 2, -6, 1, 2, -3, -5, -4, -8, 0, -2, -1, -7, -5, 0, -8, 1, -2, -8, -3, 1, 1, 3, -2, 2, 3, -6, 1, -3, -3, -3, -5, -6, 4, 1, -6, -2, 2, 4, -3, -5, 2, -4, -2, 0, 2, 3, -8, -2, -7, 1, -1, -2, -8, -6, -4]
 
0.42662701585718305: [2, -6, -1, 1, 1, -4, -6, -5, -1, -6, -7, 4, 0, -3, 3, 0, -1, 2, 0, -6, -2, 4, -2, 2, 1, -5, -1, 3, -2, -1, -8, -1, -3, -4, -1, 2, -4, -4, 1, -2, 3, 3, -2, 2, -3, -2, -3, 0, -8, 4, -7, 2, 3, -6, -8, 4, -2, 1, -8, -5, -5, -4, 4, -2, -8, -7, -1, 4, 4, -7, 4, -6, 3, 4, -2, -4, -2, -7, 3, 0, 1, 1, -3, -1, 1, 4, 4, -2, -3, -5, -7, 3, -4, 3, 3, -3, -7, 3, 4, 1, -1, -3, -8, -7, 4, -2, -2, 2, -7, -7, -2, -5, -5, -6, -7, 0, 4, 0, -4, 3, -1, 1, -7, 1, 1, -8, -4, -4]
 
2.10740663477: [-4, -3, -7, 3, -1, -8, -1, -5, 4, -2, -6, 3, -7, 3, -6, -5, 0, -6, -5, 4, -1, 0, 3, 1, -5, -2, 3, -2, -4, -3, -6, -6, 1, -7, -2, 3, 3, 3, -4, 2, 0, 3, 3, -4, -3, -2, -5, 0, -7, 4, 0, -6, 3, -6, -8, 4, -5, -1, -8, 3, -1, -4, 4, -7, -8, -7, -5, 4, -8, -4, -6, -7, -5, 4, -7, -4, -2, -1, 3, -2, -4, -7, -5, -1, -4, 4, 0, 3, -6, 3, -3, 0, -3, -8, -3, -7, -3, -8, 3, -5, -6, 4, -3, -2, 3, -1, 0, -2, -8, -2, 0, -4, 0, -6, 0, 4, 2, -7, 3, -1, -2, -1, -6, 3, -3, -2, 1, -8]
 
1.4378407475334964: [2, -6, -1, 1, 1, -4, -6, -5, -1, -6, -7, 4, 0, -3, 3, 0, -1, 2, 0, -6, -2, 4, -2, 2, 1, -5, -1, 3, -2, -1, -8, -1, -3, -4, -1, 2, -4, -4, -3, -2, -4, -3, -6, 0, 0, -4, -4, -5, 0, 3, 2, -2, -1, 3, -3, -8, -4, 0, -3, -7, 0, 2, 4, -3, 1, -8, -1, 1, 4, -6, 4, 3, 3, 4, -2, -4, -2, -8, -2, -4, 1, 1, -3, -1, -2, 4, -7, -3, -3, -5, 1, -7, -2, 4, 4, -7, 3, -2, -1, 2, -5, -3, -8, -1, -6, 1, -4, -3, 4, -8, 3, -1, 0, -7, 0, 4, -4, -2, 2, -3, -7, -7, -7, 1, 1, -8, -4, -4]
 
0.362760895558: [-6, -6, -2, -3, 3, -8, 3, 2, 2, 4, -6, 0, -5, -2, -5, 4, -7, 0, -3, 3, 4, 1, 4, -2, 0, 3, 2, 0, 3, -4, 4, 2, -3, 0, -6, 2, -2, -4, -3, -7, 0, -2, 2, -1, -7, -6, -1, -3, -4, 3, -7, -2, -1, 1, -4, -4, -5, 3, -3, 1, 2, 4, 4, -5, 3, -2, 3, -3, -8, 0, -8, 2, 3, 4, -2, -4, 3, -7, -1, 0, -4, -7, -3, -2, -7, 2, -3, -3, -3, -5, -4, 2, -6, 2, 2, -7, -3, 2, -1, -1, -3, 3, -1, -1, -1, 1, 1, 0, -7, 2, 4, -8, 4, 2, -4, -2, 0, 2, 3, -1, -2, 3, 1, 3, -2, 0, -6, -3]
 
1.37758458184: [-1, -5, 0, -7, -6, 0, -7, -7, 3, -8, 3, 0, -7, 1, 3, 1, 4, -8, -5, -8, -8, -7, -6, -3, 3, 0, -5, -2, -2, 1, -6, -6, -3, -4, -8, 2, -4, -4, 2, 1, -3, 2, -8, -8, -5, -4, -1, 3, 2, 3, 4, -2, -2, -7, -3, -8, -4, 0, -8, -7, 0, 2, 4, -3, 0, -8, -1, 1, -8, -6, 4, 3, -7, 4, -2, -4, -2, -8, -2, -4, 1, 4, -7, -1, -1, -7, -7, -3, -3, 0, 4, -8, -2, 4, 4, -7, 3, -2, -1, 2, 2, -3, -8, 2, -6, 1, -4, -3, 4, -8, -7, -1, 0, -3, 0, 4, -4, -2, 2, -3, -7, -7, -7, -5, 1, -8, -4, -7]
 
0.837132771573: [-3, -1, -7, -7, 1, 0, -7, 3, -1, 1, 2, -3, -6, -5, 2, -4, -3, 2, -2, 4, -7, 3, -5, 3, 4, -3, -3, -3, -3, -5, 2, 1, -1, 0, -5, -3, -3, -4, -3, -2, -4, -1, -3, -7, -8, -4, -3, -5, -4, -7, -4, -2, 2, -4, 3, -6, 0, -1, 1, -2, -4, 3, 0, -1, -6, 4, 3, -2, 2, -2, -3, 1, -3, -8, -7, 1, -2, -7, 1, -7, -7, 0, -3, -1, -2, 4, -7, 3, -3, -2, -3, -1, -2, 4, -8, -7, -2, 2, 3, 4, 4, -4, -7, -1, -6, 1, 0, 0, 1, -2, -7, 2, 0, -6, 0, -1, -5, -1, -5, -7, 4, -6, -2, -2, 3, -8, -6, -2]
 
0.961272700005: [-3, -1, -7, -7, 1, 0, -7, 3, -1, 1, 2, -3, -6, -5, 2, -4, -3, 2, -2, 4, -7, 3, -5, 3, 4, -3, -3, -3, -3, -5, 2, 1, -1, 0, -5, -3, -3, -4, -3, -2, -4, -1, -3, -7, -8, -4, -3, -5, -4, -7, -4, -2, 2, -4, 3, -6, 0, -1, 1, -2, -4, 3, 0, -1, -6, 4, 3, -2, 2, -2, -3, 1, -3, -8, -7, 1, -2, -7, 1, -7, -7, 0, -3, -1, -2, 4, -7, 3, -3, -2, -3, -1, -2, 4, -8, -7, -2, 2, 3, 4, 4, -4, -7, -1, -6, 1, 0, 0, 1, -2, -7, 2, 0, -6, 0, -1, -5, -1, -5, -7, 4, -6, -2, -2, 3, -8, -6, -2]
 
1.48272080221: [-3, -1, -7, -7, 1, 0, -7, 3, -1, 1, 2, -3, -6, -5, 2, -4, -3, 2, -2, 4, -7, 3, -5, 3, 4, -3, -3, -3, -3, -5, 2, 1, -1, 0, -5, -3, -3, -4, -3, -2, -4, -1, -3, -7, -8, -4, -3, -5, -4, -7, -4, -2, 2, -4, 3, -6, 0, -1, 1, -2, -4, 3, 0, -1, -6, 4, 3, -2, 2, -2, -3, 1, -3, -8, -7, 1, -2, -8, -2, -4, 1, 4, -7, -1, -1, -7, -7, -3, -3, 0, 4, -8, -2, 4, 4, -7, 3, -2, -1, 2, 2, -3, -8, 2, -6, 1, -4, -3, 4, -8, -7, -1, 0, -3, 0, 4, -4, -2, 2, -3, -7, -7, -7, -5, 1, -8, -4, -7]
 
2.11513597348: [-6, 3, -5, -6, 3, -8, 3, -4, 2, 4, -3, 0, -5, 1, -5, 4, -7, 0, -3, 3, 4, 1, 2, -5, 0, 3, 2, 0, 3, -5, 4, -6, -3, 0, -3, 2, -2, -4, -3, -7, 0, -2, 0, -1, 0, -6, -1, 2, 2, 3, -6, -2, -1, 1, -3, -8, -4, 0, -8, -7, 0, 2, 4, -3, 0, -8, -1, 1, -8, -6, 4, 3, -7, 4, -2, -4, -2, -7, 1, -7, -7, 0, -3, -1, -2, 4, -7, 3, -3, -2, -3, -1, -2, 4, -8, -7, -2, 2, 3, 4, 4, -4, -7, -1, -6, 1, 0, 0, 1, -2, -7, 2, 0, -6, 0, -1, -5, -1, -5, -7, 4, -6, -2, -2, 3, -8, -6, -2]
 
1.66154553281: [-3, -1, -7, -7, 1, 0, -7, 3, -1, 1, 2, -3, -6, -5, 2, -4, -3, 2, -2, 4, -7, 3, -5, 3, 4, -3, -3, -3, -3, -5, 2, 1, -1, 0, -5, -3, -3, -4, -3, -2, -4, -1, -3, -7, -8, -4, -3, -5, -4, -7, -4, -2, 2, -4, 3, -6, 0, -1, 1, -2, -4, 3, 0, -1, -6, 4, 3, -2, 4, 1, 4, 2, 3, -7, -2, -4, -7, -7, 3, 0, 0, 4, -3, -8, 1, 4, -3, -1, -1, 4, -8, -1, -3, 2, -3, -8, -7, -8, -6, 0, -2, 4, -6, -1, 3, -1, 0, 0, 4, -2, -7, -4, 0, -8, -1, 2, -5, 2, 4, 0, -2, 1, -1, 3, -2, -2, 4, -2]
 
0.560062298863: [-1, -5, 0, -7, -6, 4, 2, 3, -1, -1, -7, 4, 0, -1, 3, -4, -1, 2, 2, -6, -2, -2, -2, -2, 1, -1, 0, -6, -2, 2, -2, 1, -1, -3, -6, -3, -3, -4, 1, -2, 3, 3, -2, 4, -3, -2, 4, 0, -7, 0, 4, 2, 4, -6, 3, 4, -2, 1, 4, -3, -5, -2, 4, -8, 2, -7, -1, 4, 2, -2, -3, 1, -3, -8, -7, 1, -2, -7, 1, -7, -7, 0, -3, -1, -2, 4, -7, 3, -3, -2, -3, -1, -2, 4, -8, -7, -2, 2, 3, 4, 4, -4, -7, -1, -6, 1, 0, 0, 1, -2, -7, 2, 0, -6, 0, -1, -5, -1, -5, -7, 4, -6, -2, -2, 3, -8, -6, -2]
 
2.19343412221: [-6, 3, -8, -6, -4, -8, 3, -6, -6, 4, -3, 0, -1, 1, -5, 4, -7, -5, 0, 4, 4, 3, 2, -3, -6, 3, 2, 0, -1, -4, -5, -6, -3, 0, -3, 0, -2, -4, -3, 1, 4, -4, 1, -1, 0, -6, 3, -3, 4, 3, 2, -2, -1, 1, -3, -8, -4, -2, -7, -7, 0, 2, 4, -3, -7, 0, -6, -1, -8, -4, 4, -1, -3, 4, -2, -4, -2, -8, -4, -6, -6, 4, -7, 1, -1, -2, -7, -7, -3, 0, -7, -1, -2, -6, 4, 2, 3, -2, -1, 2, 2, -3, -7, 4, -6, 1, 1, -8, 4, -2, -7, -1, 0, -3, -8, -7, -4, -2, 2, -3, -7, -4, -3, -5, -2, -8, 1, 0]
 
0.594951995693: [-6, 3, -5, 3, 3, 2, 3, -4, 2, 4, -3, 0, 2, 1, 4, 4, 1, 0, -5, 3, 4, 1, -6, 2, 0, -5, 2, 0, -4, -5, 4, -6, 1, 0, 1, 2, -2, -4, -3, -7, -3, 0, 0, -6, 2, -6, 3, 2, 2, 3, -6, 1, -1, -4, 4, -8, -6, 2, -8, 0, -2, 2, 4, -8, 0, -8, -1, -1, -8, -6, 4, -8, -8, -5, -2, -4, -8, -4, -2, -4, 1, 4, 2, -1, -1, 0, -2, -3, -4, 0, 4, -8, -2, -3, -5, -7, 3, -2, -1, 2, 4, -3, -8, -7, -6, 4, -4, -3, 3, -8, -6, -1, 0, 0, -5, -6, -4, -2, 2, -4, -7, -7, -2, -5, 4, -6, -2, 3]
 
1.31162759691: [-6, 3, -5, -6, 3, -8, 3, -4, 2, 4, -3, 0, -5, 1, -5, 4, -7, 0, -3, 3, 4, 1, 2, -5, 0, 3, 2, 0, 3, -5, 4, -6, -3, 0, -3, 2, -2, -4, -3, -7, 0, -2, 0, -1, 0, -6, -1, 2, 2, 3, -6, -2, -1, 1, -3, -8, -4, 0, -8, -7, 0, 2, 4, -3, 0, -8, -1, 1, -8, -6, 4, 3, -7, 4, -2, -4, -2, -7, 1, -7, -7, 0, -3, -1, -2, 4, -7, 3, -3, -2, -3, -1, -2, 4, -8, -7, -2, 2, 3, 4, 4, -6, -3, 0, -5, 4, -6, -8, -6, -5, 4, -4, -4, -7, -2, -7, 4, -4, -1, -1, 3, -8, 1, -8, 4, -2, 4, -5]
 
1.82712497862: [-1, -1, -7, 0, -6, -3, 0, 4, 4, -1, -8, 0, 1, 1, 4, 4, -3, 0, -2, 3, -7, 3, -6, 4, 4, 2, -2, 3, -2, -8, 2, -7, -2, 2, -8, -5, 2, -4, -2, 3, -6, 2, -2, 0, -1, -3, -2, -7, -3, 2, -3, -8, 4, -1, -6, 1, 2, -4, 4, -2, 4, -8, -6, -3, 2, 3, -3, -6, -2, -6, -2, 4, -8, -8, -3, -2, -6, 0, 3, -4, 0, -4, -3, -5, 3, 3, -3, -8, -8, -8, -6, -2, -2, -8, -5, 2, -3, 0, -2, -2, 3, -4, -7, -1, -6, 1, 0, 0, 1, -2, -7, 2, 0, -6, 0, -1, -5, -1, -5, -7, 4, -6, -2, -2, 3, -8, -6, -2]
 
1.26505584104: [-1, -5, 0, -7, -6, 0, -7, -7, 3, -8, 3, 0, -7, 1, 3, 1, 4, -8, -5, -8, -8, -7, -6, -3, 3, 0, -5, -2, -2, 1, -6, -6, -3, -4, -8, 2, -4, -4, 2, 1, -3, 2, -8, -8, -5, -4, -1, 3, 2, 3, 4, -2, -2, -7, -3, -8, -4, 0, -8, -7, 0, 2, 0, -1, -6, 4, 3, -2, 2, -2, -3, 1, -3, -8, -7, 1, -2, -7, 1, -7, -7, 0, -3, -1, -2, 4, -7, 3, -3, -2, -3, -1, -2, 4, -8, -7, -2, 2, 3, 4, 4, -4, -7, -1, -6, 1, 0, 0, 1, -2, -7, 2, 0, -6, 0, -1, -5, -1, -5, -7, 4, -6, -2, -2, 3, -8, -6, -2]
 
1.21727468786: [-3, -1, -7, -7, 1, 0, -7, 3, -1, 1, 2, -3, -6, -5, 2, -4, -3, 2, -2, 4, -7, 3, -5, 3, 4, -3, -3, -3, -3, -5, 2, 1, -1, 0, -5, -3, -3, -4, -3, -2, -4, -1, -3, -7, -8, -4, -3, -5, -4, -7, -4, -2, 2, -4, 3, -6, 0, -1, 1, -2, -4, 3, 4, -3, 0, -8, -1, 1, -8, -6, 4, 3, -7, 4, -2, -4, -2, -8, -2, -4, 1, 4, -7, -1, -1, -7, -7, -3, -3, 0, 4, -8, -2, 4, 4, -7, 3, -2, -1, 2, 2, -3, -8, 2, -6, 1, -4, -3, 4, -8, -7, -1, 0, -3, 0, 4, -4, -2, 2, -3, -7, -7, -7, -5, 1, -8, -4, -7]
 
0.446206329773: [-1, -5, 0, 0, -6, -3, 0, 4, 4, -1, -8, 0, 1, 1, 4, 4, -3, 0, -2, 3, -7, 3, -6, 4, 4, 2, -2, 3, -2, -8, 2, -7, -2, 2, -8, -5, 2, -4, -2, 3, -6, 2, -2, 0, -1, -3, -2, -7, -3, 2, -3, -8, 4, -1, -6, 1, 2, -4, 4, -2, 4, -8, -6, -3, 2, 3, -3, -6, -2, -6, -2, 4, -8, -8, -3, -2, -6, 0, 3, -4, 0, -4, -3, -5, 3, 3, -3, -8, -8, -8, -6, -2, -2, -8, -5, 2, -3, 0, -2, -2, 3, -6, -3, 0, -5, 4, -6, -8, -6, -5, 4, -4, -4, -7, -2, -7, 4, -4, -1, -1, 3, -8, 1, -8, 4, -2, 4, -5]
 
2.33131097184: [-1, -1, -7, -2, -5, 0, -7, 3, -1, -6, -4, -5, 0, -3, 3, 0, -3, 2, 0, -6, -2, 4, -7, 2, -8, -3, -3, -6, 1, 1, 3, 1, -2, 2, -4, -2, 1, -1, 3, 3, -6, 0, -4, -8, -1, -4, -7, 3, 0, 0, -4, -5, -1, -8, 4, 2, -2, -7, -7, -4, -4, -3, -7, -5, -2, -2, -1, -5, -8, -4, 0, 1, 3, -2, 2, 2, -6, -6, -7, -7, -8, -1, -3, -6, -8, -8, 4, -2, -3, -5, -7, 3, -4, -1, -5, -3, -7, 3, 4, 1, -1, -3, -8, 0, 4, -2, -6, 2, -2, -7, 0, -5, -5, -6, 0, -6, -8, -6, -4, 3, 2, 2, -7, 1, -6, -8, -4, -4]
 
1.19957715396: [-6, 3, -5, -6, 3, -8, 3, -4, 2, 4, -3, 0, -5, 1, -5, 4, -7, 0, -3, 3, 4, 1, 2, -5, 0, 3, 2, 0, 3, -5, 4, -6, -3, 0, -3, 2, -2, -4, -3, -7, 0, -2, 0, -1, 0, -6, -1, 2, 2, 3, -6, -2, -1, 1, -3, -8, -4, 0, -8, -7, 0, 2, 4, -3, 0, -6, -8, 2, 1, 2, 4, -7, 3, -5, -5, 0, -7, -2, 1, 0, 0, -8, 0, -4, -2, 4, 3, 4, -1, 2, -8, -6, -3, 3, 4, -7, -2, 2, 0, -5, -2, 4, -7, -1, -6, -7, 0, 0, -1, -8, -7, -1, -2, -5, 0, 3, -1, 3, 3, -1, -7, -8, -4, -6, -2, -3, 4, 1]
 
1.64286727085: [-2, 3, 4, -8, -1, -2, 3, 3, -1, 1, 1, 4, 1, -1, 0, 1, -3, 2, -2, -4, -7, 3, -1, 4, 4, -6, 4, -6, -8, 3, 1, 1, 0, 4, -7, -3, -2, -6, -8, 2, 1, -8, 0, 2, -3, 4, -3, 2, -8, -8, -5, 2, 3, -6, 4, 3, -2, 3, -4, -8, -5, -4, 4, 3, -5, -8, -1, 1, -8, -6, 4, 3, -7, 4, -2, -4, -2, -8, -2, -4, 1, 4, -7, -1, -1, -7, -7, -3, -3, 0, 4, -8, -2, 4, 4, -7, 3, -2, -1, 2, 2, -3, -8, 2, -6, 1, -4, -3, 4, -8, -7, -1, 0, -3, 0, 4, -4, -2, 2, -3, -7, -7, -7, -5, 1, -8, -4, -7]
 
0.698441206061: [-2, -8, 1, -2, -1, -8, 3, -7, 2, -8, -5, 4, -7, -3, 3, 0, -1, 2, 0, -6, -2, 4, -2, 2, 1, -5, -1, 3, -2, -1, -8, -1, -3, -4, -1, 2, -4, -4, -3, -2, -4, -3, -6, 0, 0, -4, -4, -5, -4, -5, -5, -2, 0, 3, 3, 1, -8, -5, 1, -2, -7, 3, -2, -1, -6, 4, 3, 4, -1, -5, -3, 1, 4, -8, -7, 1, -2, -7, 2, -2, -8, -4, -3, -1, -2, 4, -7, -2, -3, -2, -5, -1, -2, 4, -8, -7, -7, 2, -3, 4, -3, -3, -3, -5, -5, -4, 1, -5, -7, -8, 3, -1, 0, -7, 0, 4, -4, -2, 2, -3, -7, -7, 4, 0, -6, 3, -2, 1]
 
0.97452515208: [2, -5, 0, -3, 1, -4, -2, 1, -1, -8, -7, 4, 0, -1, 3, 2, -1, -8, 2, -4, -8, 4, -6, -8, -7, 0, -7, -5, -2, -4, -3, -1, -3, -4, -8, -4, 2, 0, 2, 2, -3, 1, -6, -4, -5, -5, 1, 3, -5, -3, 4, -8, 0, 1, -4, 4, -3, 3, -6, 0, 4, 4, 1, -3, 3, -6, -1, 1, -1, 0, 2, 2, 1, -4, -2, -4, -3, -8, 3, -7, 4, -2, -1, -1, -1, -7, 2, -1, -1, -5, -4, -4, -2, 4, -1, -1, 3, 2, -1, 2, -3, -3, -6, -2, 1, 4, -4, -4, -7, -5, -7, -1, 0, -3, 0, 3, 4, -7, -6, -8, -4, -4, -8, -1, -6, -3, -4, -5]
 
0.901151329768: [1, -8, -7, -2, -1, -8, -5, -7, 3, 2, 0, 4, -6, -1, 1, 2, 1, -8, -5, -6, -8, 4, -6, -3, 2, -5, -7, -3, -1, -2, 1, -1, -3, -4, -8, -1, 2, 3, -4, 1, -3, -6, -8, -3, 1, -3, -1, 3, 2, 3, 4, 4, -2, 1, 3, -4, -3, -2, -6, 2, -6, -3, 1, -3, 1, -6, -1, 1, 1, 0, 2, 2, -5, -4, -1, -4, -3, 1, -6, 0, -8, -2, -2, -1, -1, -5, -3, 3, -3, -5, -4, -4, -6, 4, 2, -7, -7, 2, -5, -8, 0, -3, -7, -1, 3, 4, -4, -4, -7, 3, -7, -1, 0, -3, 0, 1, 4, -4, -1, -3, -6, -4, -8, -1, -6, -3, -6, -4]
 
1.31594168193: [-2, -8, 1, -2, -1, -8, 3, -7, 2, -8, -5, 4, -7, -1, 3, 2, 4, -8, -5, -8, -8, 4, -6, -3, 2, 0, -7, -2, -2, -4, -3, -1, -3, -4, -8, 2, 2, 0, 2, 1, -3, 1, -8, 1, -5, 0, -1, 3, 2, 3, 4, -8, -2, 1, -4, 4, -3, -2, -6, 4, 2, -3, 1, -3, 4, -6, -1, 1, -1, 0, 2, 2, -5, -4, -2, -4, -3, -7, 3, 0, 4, -2, -1, -1, -1, -7, -3, -3, -3, -5, -4, -4, -2, 4, -1, -7, 3, 2, -1, 2, -3, -3, -5, -1, 1, 4, -4, -4, -7, -4, -7, -1, 0, -3, 0, 3, 4, -2, 2, -3, -6, -4, -8, -1, -6, -3, -4, 4]
 
1.96069742328: [-1, -1, -7, -5, -6, 3, 0, 1, 4, -6, 4, 0, 1, 1, -6, 4, -3, 4, -2, 3, -6, -5, -6, 4, 4, 2, 3, -5, -3, -8, 2, -1, -3, -4, -8, 2, -4, -4, 2, 1, -3, 2, -8, -8, -5, -4, -1, 3, 2, 3, 4, -2, -2, -7, -3, -8, -4, 0, -8, -7, 0, 2, 0, -1, -6, 4, 3, -2, 2, -2, -3, 1, -3, -8, -7, 1, -2, -7, 1, -7, -7, 0, -3, -1, -2, 4, -7, 3, -3, -2, -3, -1, -2, 4, -8, -7, -2, 2, 3, 4, 4, -4, -7, -1, -6, 1, 0, 0, 1, -2, -7, 2, 0, -6, 0, -1, -5, -1, -5, -7, 4, -6, -2, -2, 3, -8, -6, -2]
 
1.07123136599: [-1, -5, 0, -7, -6, 0, -7, -7, 3, -8, 3, 0, -7, 1, 3, 1, 4, -8, -5, -8, -8, -7, -6, -3, 3, 0, -5, -2, -2, 1, -6, -6, -2, 2, 2, -5, 2, -4, -2, 3, -7, 4, -1, 2, -3, -2, 0, 0, 2, 4, 0, -5, -8, -6, -8, 4, -2, 1, -8, -5, 1, -4, 4, -2, -8, -7, -7, -5, 4, -7, -5, 2, 4, -7, 0, -4, 0, 4, -8, -8, 0, -6, -4, -1, -7, 4, 0, -2, 0, 0, -7, 3, 1, 3, 3, -3, 2, 3, -6, -2, -3, -3, -7, -7, 4, -7, -2, 2, -7, -7, -2, 1, 3, -6, -7, 2, 4, -8, 1, -8, -2, 0, -8, 3, -2, -2, -4, 2]
 
2.43251089063: [-2, -5, -8, -8, -1, -8, 3, 3, -1, 1, 3, -3, -6, -1, 4, 1, -3, 2, -2, -1, -7, 3, -2, 4, 4, -3, -3, -6, -2, -5, 2, 1, -1, 4, -3, -3, -3, 3, -1, 3, -5, -1, -8, -3, 4, 0, -4, -4, -1, -4, -5, -2, -7, 3, 4, -7, 2, -4, 4, 1, 4, -1, -6, -7, -3, 3, -7, -6, -2, -3, -1, 4, -8, -4, -2, -8, -6, 4, -3, 4, 0, -5, -8, 1, 3, 3, -3, -1, -8, -8, 3, -2, -2, -2, -6, -2, 3, 0, 4, -6, 2, 0, -5, 0, -5, 1, -3, -8, -8, 0, 4, -4, -6, -1, -4, -4, -8, 2, 4, -1, 3, -1, -8, 3, 4, -2, 4, 2]
 
1.37645589039: [-1, -3, -7, -2, -1, -8, 3, 0, 4, 4, -6, -8, 1, -2, 2, 1, -2, 3, -5, -6, 3, -5, 0, -7, 3, 4, -3, -1, 3, -6, -6, -8, 2, 0, -8, -5, -8, -8, -2, 0, -6, -3, -4, 0, -1, -6, -2, -7, -3, -8, 4, -8, 4, 2, -6, 1, 1, 2, 3, 1, -7, 3, -7, -5, -2, -8, 4, 1, -8, -2, 0, -4, 3, -5, 2, -7, -6, -6, -5, -7, -8, -1, -1, -2, -8, 4, 4, -2, -3, -5, -7, 3, -4, 3, 3, -3, -7, 3, 4, 1, -1, -3, -8, -7, 4, -2, -2, -1, -4, 2, 2, 1, -1, -6, -2, -1, -8, 4, -4, 1, 0, 4, -2, -5, -8, -7, -3, -2]
 
0.645420909895: [-3, -1, -7, -7, 1, 0, -7, 3, -1, 1, 2, -3, -6, -5, 2, -4, -3, 2, 2, -6, -2, -2, -2, -2, 1, -1, 0, -6, -2, 2, -2, 1, -1, -3, -6, -3, -3, -4, 1, -2, 3, 3, -2, 4, -3, -2, 4, 0, -7, 0, 4, 2, 4, -6, 3, 4, -2, 1, 4, -3, -5, -2, 4, -8, 2, -7, -1, 4, 4, 1, 4, 2, 3, -7, -2, -4, -7, -7, 3, 0, 0, 4, -3, -8, 1, 4, -3, -1, -1, 4, -8, -1, -3, 2, -3, -8, -7, -8, -6, 0, -2, 4, -6, -1, 3, -1, 0, 0, 4, -2, -7, -4, 0, -8, -1, 2, -5, 2, 4, 0, -2, 1, -1, 3, -2, -2, 4, -2]
 
0.844146792754: [-5, -5, 0, -7, 0, -2, 2, 3, -1, -1, 0, 4, 0, -7, 3, -4, -1, 2, -1, -2, -7, 4, -5, 3, 0, -3, -3, 3, -3, -5, 2, -2, -8, -1, -5, -2, -3, -3, 1, -2, -4, -1, -3, -4, 2, -4, 4, 3, -1, -7, -3, -2, -5, -4, 3, 4, 0, 1, 1, -2, -4, -5, 0, -1, -1, 4, -1, -6, 4, 1, 4, 2, 3, -1, 1, -4, -7, -7, 3, 0, 0, 4, -4, -6, -1, -1, 3, -1, -1, 4, -7, -1, -3, 0, -2, -8, -7, -8, -7, 0, -1, 1, -1, -1, -8, -1, 3, 1, 4, -8, -7, -4, 0, -5, -1, 2, -4, -5, -7, 0, -8, -6, -1, 3, -6, -6, 4, -4]
 
0.344155815165: [-6, 3, -5, -6, 3, -8, 3, -4, 2, 4, -3, 0, -5, 1, -5, 4, -7, 0, -3, 3, 4, 1, 2, -5, 0, 3, 2, 0, 3, -5, 4, -6, -3, 0, -3, 2, -2, -4, -3, -7, 0, -2, 0, -1, 0, -6, -1, 2, 2, 3, -6, -2, -1, 1, -3, -8, -4, 0, -8, -7, 0, 2, 4, -3, 0, -8, -1, 1, -8, -6, 4, 3, -7, 4, -2, -4, -2, -8, -2, -4, 1, 4, -7, -1, -1, -7, -7, -3, -3, 0, 4, 3, 1, 3, 3, -3, 2, 3, -6, -2, -3, -3, -7, -7, 4, -7, -2, 2, -7, -7, -2, 1, 3, -6, -7, 2, 4, -8, 1, -8, -2, 0, -8, 3, -2, -2, -4, 2]
 
0.792863558601: [-1, -1, -7, -5, -6, 3, 0, 1, 4, -6, 4, 0, 1, 1, -6, 4, -3, 4, -2, 3, -6, -5, -6, 4, 4, 2, 3, -5, -3, -8, 2, -1, -2, 2, 2, -5, 2, -4, -2, 3, -7, 4, -1, 2, -3, -2, 0, 0, 2, 4, 0, -5, -8, -6, -8, 4, -2, 1, -8, -5, 1, -4, 4, -2, -8, -7, -7, -5, 4, -7, -5, 2, 4, -7, 0, -4, 0, 4, -8, -8, 0, -6, -4, -1, -7, 4, 0, -2, 0, 0, -7, -8, -2, 4, 4, -7, 3, -2, -1, 2, 2, -3, -8, 2, -6, 1, -4, -3, 4, -8, -7, -1, 0, -3, 0, 4, -4, -2, 2, -3, -7, -7, -7, -5, 1, -8, -4, -7]
 
1.89699322069: [-2, -8, 1, -2, -1, -8, 3, -7, 2, -8, -5, 4, -7, -1, 3, 2, 4, -8, -5, -8, -8, 4, -6, -3, 2, 0, -7, -2, -2, -4, -3, -1, -3, -4, -8, 2, 2, 0, 2, 1, -3, 1, -8, 1, -5, 0, -1, 3, 2, 3, 4, -8, -2, 1, -4, 4, -3, -2, -6, 4, 2, -3, 1, -3, 4, -6, -1, 1, -1, 0, 2, 2, -5, -4, -2, -4, -3, -7, 3, 0, 4, -2, -1, -1, -1, -7, -3, -3, -3, -5, -4, -4, -2, 4, -1, -7, 3, 2, -1, 2, -3, -3, -5, -1, 1, 4, -4, -4, -7, -4, -7, -1, 0, -3, 0, 3, 4, -2, 2, -3, -6, -4, -8, -1, -6, -3, -4, 4]
 
1.55980251573: [-2, -8, 1, -2, -1, -8, 3, -7, 2, -8, -5, 4, -7, -1, 3, 2, 4, -8, -5, -8, -8, 4, -6, -3, 2, 0, -7, -2, -2, -4, -3, -1, -3, -4, -8, 2, 2, 0, 2, 1, -3, 1, -8, 1, -5, 0, -1, 3, 2, 3, 4, -8, -2, 1, -4, 4, -3, -2, -6, 4, 2, -3, 1, -3, 4, -6, -1, 1, -1, 0, 2, 2, -5, -4, -2, -4, -3, -7, 3, 0, 4, -2, -1, -1, -1, -7, -3, -3, -3, -5, -4, -4, -2, 4, -1, -7, 3, 2, -1, 2, -3, -3, -5, -1, 1, 4, -4, -4, -7, -4, -7, -1, 0, -3, 0, 3, 4, -2, 2, -3, -6, -4, -8, -1, -6, -3, -4, 4]
 
