2.08653394821: [1, -8, 2, -7, -1, 0, 0, -3, -7, 0, 0, 0, 1, -2, -3, -8, -3, 0, -2, -3, 1, -5, -6, 1, 2, -8, 0, -3, -6, -3, 2, -5, -7, 2, -1, -4, 4, -6, -5, 2, -3, 2, -2, -8, -1, -7, -2, -3, 4, -2, -4, 0, 0, -3, -6, 1, 0, -3, -4, 0, 4, -2, -6, -1, 2, -5, 2, 2, -8, -4, -7, 0, -1, 1, 0, -4, 0, -6, 0, -3, -1, 3, -4, -5, -5, -6, 4, -4, 4, -3, 0, -1, 4, -7, 0, 2, -2, 2, -8, 3, -4, -8, -2, -1, -6, 4, 0, -3, -7, 4, -4, -3, 0, -4, 1, -5, -1, 0, 4, 3, 0, -7, -1, -1, 1, 1, 2, -6]
 
3.817423811042648: [3, -3, -6, -6, 4, -1, -2, -5, 0, -6, -4, 2, 1, -1, 2, -8, 3, -6, 4, -5, -7, -3, 2, -1, -7, 2, 0, -5, -7, -8, -3, -8, -4, -3, 3, -1, 1, -3, 0, -6, -5, 2, -6, -4, -8, -8, -8, -3, -8, 2, 4, -7, 4, -8, -4, 4, -2, 3, 0, -7, -2, -1, -3, -6, 4, -2, -4, -5, -7, -1, -8, 4, -2, 3, -1, -4, 3, -7, -6, -3, -1, -3, -4, 2, -7, 4, -8, -4, 1, -1, 4, -3, 0, 0, 0, -8, 3, 3, -8, 1, -8, 3, -8, 3, -8, -4, 0, -3, -3, -5, 0, -8, 1, 2, -4, 1, -6, -2, -8, -6, -2, -1, -3, 4, -7, -2, -4, 0]
 
3.9636695868913625: [2, -8, -2, -6, -1, 1, 4, -6, -2, -3, 2, -4, 0, -4, -4, -7, -3, -3, -5, -5, -7, -6, -3, -5, 0, -1, 0, -4, -7, 2, -3, 1, -3, -3, 3, -1, 1, -3, 0, -6, -5, 2, -6, -4, -8, -8, -8, -3, -8, 2, 4, -7, 4, -8, -4, 4, -2, 3, 0, -7, -2, -1, -3, -6, 4, -2, -4, -5, -7, -1, -8, 4, -2, 3, -1, -4, 3, -7, -6, -3, -1, -3, -4, 2, -7, 4, -8, -4, 1, -1, 4, -3, 0, 0, 0, -8, 3, 3, -8, 1, -8, 3, 1, -5, -3, 3, 0, -3, -3, -5, 2, -8, -6, -5, -4, 1, -6, 0, -8, -5, -1, 3, -3, 1, -6, -2, -3, -2]
 
0.379871984003: [-2, -2, -8, -7, 0, -1, -5, -1, -5, -1, 4, 2, 2, -5, -1, 4, 0, 4, 2, 2, -6, -5, -3, -5, -6, -7, -4, -2, -2, -7, -4, 4, 4, -6, -7, -2, 3, 3, 4, 1, 1, 4, 4, 4, 1, -8, 4, 4, -8, -3, -7, -3, -2, -6, 3, -5, 0, -2, 0, 2, -2, -1, -8, -3, 3, 1, -7, -8, 4, 1, 1, 3, -7, 4, -7, 0, 2, -1, -8, -1, -8, 3, -7, -4, -5, -1, -3, 4, -7, -1, -3, -1, 1, 1, -2, -4, -3, -4, 2, 4, 3, -4, -6, -6, -3, -3, 4, 0, 0, 4, 1, 2, -8, -4, 0, -2, -8, -2, 0, -2, -4, 0, -6, -2, 3, -8, -4, 3]
 
2.2439527206490473: [-7, 0, 0, -7, -8, 2, 3, -6, -7, -2, -4, 0, 1, 4, -4, -2, 1, -6, -2, -6, 3, -5, -3, -8, 2, 3, -7, -5, 0, 4, -1, 4, -5, 0, -3, 1, -1, -7, 0, -5, 0, -6, -2, -4, -8, 1, 2, 2, 3, -1, 3, 0, -2, -1, 0, -6, -2, -8, -2, -7, 4, -2, -6, -1, 2, -5, 2, -6, -4, 3, -7, -4, -6, 1, 0, -6, -7, -6, -6, -2, -6, -4, -7, 3, 0, -6, -8, -7, -4, -3, 2, -3, 0, 2, 0, 2, -6, 1, -4, -4, -3, -2, -8, 3, -6, -4, 0, -3, 4, -7, 4, -8, 0, 2, -4, 1, 0, -5, 4, -2, 0, -1, -3, 4, -7, -2, -4, 0]
 
3.343038416001562: [3, -3, -6, -6, 4, -1, -2, -5, 0, -6, -4, 2, 1, -1, 2, -8, 3, -6, 4, -5, -7, -3, 2, -1, -7, 2, 0, -5, -7, -8, -3, -8, -4, -3, 3, -1, 1, -3, 0, -6, -5, 2, -6, -4, -8, -8, -8, -3, -8, 2, 4, -7, 4, -8, -4, 4, -2, 3, 0, -7, -2, -1, -3, -6, 4, -2, -4, -5, -7, -1, -8, 4, -2, 3, -1, -4, 3, -7, -6, -3, -1, -3, -4, 2, -7, 4, -8, -4, 1, -1, 4, -3, 0, 0, 0, -8, 3, 3, -8, 1, -8, 3, -8, 3, -8, -4, 0, -3, -3, -5, 0, -8, 1, 2, -4, 1, -6, -2, -8, -6, -2, -1, -3, 4, -7, -2, -4, 0]
 
3.3728099351393213: [2, -8, -2, -6, -1, 1, 4, -6, -2, -3, 2, -4, 0, -4, -4, -7, -3, -3, -5, -5, -7, -6, -3, -5, 0, -1, 0, -4, -7, 2, -3, 1, -3, -3, 3, -1, 1, -3, 0, -6, -5, 2, -6, -4, -8, -8, -8, -3, -8, 2, 4, -7, 4, -8, -4, 4, -2, 3, 0, -7, -2, -1, -3, -6, 4, -2, -4, -5, -7, -1, -8, 4, -2, 3, -1, -4, 3, -7, -6, -3, -1, -3, -4, 2, -7, 4, -8, -4, 1, -1, 4, -3, 0, 0, 0, -8, 3, 3, -8, 1, -8, 3, -8, 3, -8, -4, 0, -3, -3, -5, 0, -8, 1, 2, -4, 1, -6, -2, -8, -6, -2, -1, -3, 4, -7, -2, -4, 0]
 
2.957970673659041: [-7, 4, 0, -7, -8, 2, 3, 1, 4, -2, -4, 0, 1, 1, -4, 1, 1, -7, 3, -2, 0, -5, -6, -8, 2, 2, 0, -5, -7, -8, -3, -8, -4, -3, 3, -1, 1, -3, 0, -6, -5, 2, -6, -4, -8, -8, -8, -3, -8, 2, 4, -7, 4, -8, -4, 4, -2, 3, 0, -7, -2, -1, -3, -6, 4, -2, -4, -5, -7, -1, -8, 4, -2, 3, -1, -4, 3, -7, -6, -3, -1, -3, -4, 2, -7, 4, -8, -4, 1, -1, 4, -3, 0, 0, 0, -8, 3, 3, -8, 1, -8, 3, -8, 3, -8, -4, 0, -3, -3, -5, 0, -8, 1, 2, -4, 1, -6, -2, -8, -6, -2, -1, -3, 4, -7, -2, -4, 0]
 
1.99597108326: [1, -3, 3, -6, -7, -1, -2, -7, 3, -4, -4, -8, 1, -2, 4, -4, -3, 3, -2, -2, 0, -5, -6, -8, 2, 3, 0, -3, -3, 4, 0, 4, -5, 0, -3, -5, -1, -7, -6, -5, -6, -4, 0, -4, 3, -7, -7, 3, 2, -2, 4, -6, 0, -8, -6, 1, 0, -4, -2, -7, -4, -8, -6, -1, 2, -5, -2, -6, -1, 3, -4, -7, -6, 4, -6, -3, -2, -8, -6, -3, -8, -3, -4, 2, -8, -6, 4, -7, -4, -3, -2, 4, -3, -7, -2, -2, -1, -1, -8, 4, -3, 3, 3, -8, -8, -4, 4, -6, -3, -5, 0, -1, 1, 2, -4, -8, 4, -2, -1, -6, -6, 0, -4, 4, -7, -2, -4, 0]
 
1.5741737977090684: [-7, 4, -3, 1, -4, 2, -6, 1, 4, -2, 4, -4, -3, 3, -4, 3, 1, -5, 0, -2, 0, -8, -1, -1, 2, -8, -1, -3, -7, -3, -5, -8, -4, 2, 2, -4, 3, -4, 0, -2, -6, 2, -2, -8, -4, -3, 4, -4, 4, -2, -5, 0, 0, -3, -5, 1, -2, -4, 2, 1, -3, -2, -6, -1, -5, 3, 1, -6, -1, 0, -5, 4, -5, 1, -5, -4, -6, 3, -6, 4, -5, -4, 4, -4, -3, -1, -1, 1, 4, 1, 2, 3, -2, 3, -7, 4, -7, -8, -8, 2, -8, 2, 3, -4, 4, 1, 4, -3, 4, -3, -3, -2, -8, -1, -3, -1, -2, 0, 0, -7, -7, -8, -5, -1, -4, -3, -3, -1]
 
1.5117053762589139: [-5, -3, 2, 3, -3, -4, 0, -4, 4, -8, 0, 1, -6, -4, -7, -6, -3, 0, -5, -8, -6, -6, -6, -5, 0, -1, -3, -4, -2, 2, -3, 2, -1, 3, -4, 3, -3, -7, -8, -6, -4, -6, -2, -8, -6, -7, 0, -3, -1, 0, -7, -7, -7, 0, 4, -4, -1, 1, -4, -6, 4, -3, -5, -8, -7, 4, 4, 4, -5, -5, 0, -6, -5, -3, -1, -7, -4, -7, -6, -3, -1, -3, -4, 2, -7, 4, -8, -4, 1, -1, 4, -3, 0, 0, 0, -8, 3, 3, -8, 1, -8, 3, -8, 3, -8, -4, 0, -3, -3, -5, 0, -8, 1, 2, -4, 1, -6, -2, 4, -2, -2, 2, -1, -7, -5, -8, 2, -2]
 
1.7002282322775248: [2, -8, -2, -6, -1, 1, 4, -6, -2, -8, -4, 4, 1, -1, -6, 1, -4, -5, -7, -7, -5, 2, 2, 0, -4, -4, -6, 0, -6, -1, -6, 3, 0, -4, -1, 4, -7, 1, -8, 3, 4, -4, -6, 3, 1, -5, -8, -5, -8, 2, -1, 2, 1, -5, 1, -3, -1, 3, 1, -3, 1, 2, 4, 3, -6, 1, -5, -5, 1, -6, -1, -7, -5, -4, 0, -4, -6, -6, -6, -6, -5, -4, 4, -8, -8, -1, -8, -2, 3, 1, 2, 3, -1, -7, -7, 4, -2, -2, 0, 2, -3, 2, 3, -4, 4, 1, 4, -6, -8, -3, -8, -4, -8, -3, -3, -5, -1, -2, -8, -6, -2, -1, -3, 4, -7, -2, -4, 0]
 
3.1099721738917623: [2, 4, -7, -7, -1, 0, -2, -7, 2, -5, -4, 0, 1, -2, 4, -6, -3, -1, -4, -8, -3, -1, -6, -5, 2, -6, -3, -3, 2, -1, 4, -7, -4, 2, -2, -4, -8, 0, -8, -3, 0, 2, -6, -7, -2, -2, -1, -4, -6, 0, -7, -2, -6, -8, -4, -7, -2, 2, 0, -7, -2, -1, -3, -6, 4, -2, -4, 0, -7, -1, -8, 4, -2, 3, -1, 0, -1, -7, -4, 0, -1, -3, -4, -3, -7, 4, -1, -4, -8, -1, -4, 0, 0, 0, -6, -6, 2, -5, -8, -8, -8, 3, 1, 3, -4, -4, 0, 4, -3, -7, -6, -1, -8, -3, -4, 3, -8, -1, -8, 2, -6, -1, -3, 4, -7, -2, -4, 0]
 
1.94257428098: [3, 4, -5, -7, 0, 2, 3, 3, 4, -2, -4, 0, -7, 1, -4, 1, 1, -7, 4, -5, 4, -3, -2, -1, -7, 2, 0, -5, -7, -8, -3, -8, -4, -3, 3, -1, -2, -3, 0, -6, -5, 2, -6, -4, -8, -7, -8, -3, -8, 2, 4, -2, 4, 3, -4, 4, -2, 3, 0, -7, -2, -1, -3, -6, -5, 1, -8, -5, -7, -1, -8, 4, -2, 3, -2, -4, 3, -7, -6, -3, -2, -3, -4, 1, -7, 4, -8, -4, 3, -1, -8, -1, -4, -2, 0, -3, 1, 3, -8, -4, -8, 3, -8, 1, -7, -4, 0, -5, -3, -5, 0, -8, 1, -6, -4, 1, -6, -1, -8, -8, -2, -1, -3, 4, -7, 3, -4, 0]
 
3.907504834786097: [-7, 4, 0, -7, -8, 2, 3, 1, 4, -2, -4, 0, 1, 1, -4, 1, 1, -7, 4, -5, -7, -3, 2, -1, -7, 2, 0, -5, -7, -8, -3, -8, -4, -3, 3, -1, 1, -3, 0, -6, -5, 2, -6, -4, -8, -8, -8, -3, -8, 2, 4, -7, 4, -8, -4, 4, -2, 3, 0, -7, -2, -1, -3, -6, 4, -2, -4, -5, -7, -1, -8, 4, -2, 3, -1, -4, 3, -7, -6, -3, -1, -3, -4, 2, -7, 4, -8, -4, 1, -1, 4, -3, 0, 0, 0, -8, 3, 3, -8, 1, -8, 3, -8, 3, -8, -4, 0, -3, -3, -5, 0, -8, 1, 2, -4, 1, -6, -2, -8, -6, -2, -1, -3, 4, -7, -2, -4, 0]
 
0.82823015134742: [-7, 4, -5, -7, 0, 2, 3, 1, 4, -2, 4, 0, 1, 1, -8, -1, -1, -7, 3, -2, 0, -5, -6, -8, 2, 3, 4, -5, 0, 0, -1, 4, -5, 0, -3, -7, 3, -1, 0, 2, 0, -6, -2, -4, -8, 1, 2, 2, 0, -1, 3, 0, -8, -1, -5, -4, -2, -8, -2, -7, 4, -2, -6, -1, 2, -5, 2, -6, -4, 3, -7, -2, -6, 1, -2, 3, -7, -6, -6, -2, -6, -6, -7, 1, 0, -6, -8, -2, -4, -8, 2, -3, 3, 2, 0, 2, -6, 1, -4, -4, -3, -2, -8, 3, 0, -4, 1, -3, 4, -7, 4, -8, 0, 2, 4, -1, 0, -5, -3, -2, 0, -1, -3, 4, -7, -2, -4, 0]
 
0.670806558758: [0, -4, -8, -7, -7, 2, 3, 0, 4, -1, -4, 0, 1, 1, -1, 4, -3, 3, -7, -8, 0, 3, -6, 2, 2, -7, 0, -5, 2, 2, 4, -8, -4, 2, 0, -4, 1, -4, 0, -5, -6, 2, -3, -5, -1, -5, -8, 0, -8, -1, -1, 2, 1, -5, 1, -4, -1, 3, 1, -3, 1, -6, -3, -7, -6, -8, -5, -6, -3, -6, 2, -7, -5, -5, 0, -4, 2, -3, -6, 3, -6, -4, 4, -8, -8, -1, -2, 3, 3, -1, -2, -2, -4, 2, -7, -2, 1, -2, 0, 2, -3, 2, 3, 0, 4, -3, 4, -6, -4, -3, -8, -4, -8, -8, -3, 1, -7, 0, -2, 4, -7, -3, -7, -5, 4, -8, -3, -8]
 
1.9566962478888021: [0, 4, 4, -7, -2, 0, 3, 1, 4, -5, -4, 0, 1, -4, -4, 1, 1, -7, 3, -8, -3, -5, -6, 3, 2, -6, 0, -3, 2, -3, 2, -8, -4, 2, -2, -4, 3, -4, 0, -2, -6, 2, -2, -4, -4, -7, -7, 3, 3, 1, -4, 0, 0, -3, -6, 1, 0, -4, 2, -5, -3, -2, -8, -2, 0, 1, 1, -1, -1, 3, 3, -6, 3, 1, -8, -8, -6, -1, -1, 3, -6, -8, -7, 3, -8, -7, -2, -1, 0, -1, -1, -5, 0, 4, -8, 2, 3, -6, -8, 1, -8, 3, 1, -5, -3, 3, 0, -3, -3, -5, 2, -8, -6, -5, -4, 1, -6, 0, -8, -5, -1, 3, -3, 1, -6, -2, -3, -2]
 
3.3806220306167205: [3, -3, -6, -6, 4, -1, -2, -5, 0, -6, -4, 2, 1, -1, 2, -8, 3, -6, 4, -5, -7, -3, 2, -1, -7, 2, 0, -5, -7, -8, -3, -8, -4, -3, 3, -1, 1, -3, 0, -6, -5, 2, -6, -4, -8, -8, -8, -3, -8, 2, 4, -7, 4, -8, -4, 4, -2, 3, 0, -7, -2, -1, -3, -6, 4, -2, -4, -5, -7, -1, -8, 4, -2, 3, -1, -4, 3, -7, -6, -3, -1, -3, -4, 2, -7, 4, -8, -4, 1, -1, 4, -3, 0, 0, 0, -8, 3, 3, -8, 1, -8, 3, -8, 3, -8, -4, 0, -3, -3, -5, 0, -8, 1, 2, -4, 1, -6, -2, -8, -6, -2, -1, -3, 4, -7, -2, -4, 0]
 
3.2322822986980433: [3, -3, -6, -6, 4, -1, -2, -5, 0, -6, -4, 2, 1, -1, 2, -8, 3, -6, 4, -5, -7, -3, 2, -1, -7, 2, 0, -5, -7, -8, -3, -8, -4, -3, 3, -1, 1, -3, 0, -6, -5, 2, -6, -4, -8, -8, -8, -3, -8, 2, 4, -7, 4, -8, -4, 4, -2, 3, 0, -7, -2, -1, -3, -6, 4, -2, -4, -5, -7, -1, -8, 4, -2, 3, -1, -4, 3, -7, -6, -3, -1, -3, -4, 2, -7, 4, -8, -4, 1, -1, 4, -3, 0, 0, 0, -8, 3, 3, -8, 1, -8, 3, -8, 3, -8, -4, 0, -3, -3, -5, 0, -8, 1, 2, -4, 1, -6, -2, -8, -6, -2, -1, -3, 4, -7, -2, -4, 0]
 
0.548729927086: [1, 4, -3, -7, -4, -8, 4, 1, 4, -2, -6, -4, -3, -7, -5, 3, -2, -5, -4, -2, 0, 0, -1, -8, 2, 2, 3, 4, 1, -3, -3, 4, -3, -3, -5, 4, 2, -3, 0, 4, -7, -1, -5, -4, -1, -5, -7, -4, 2, -3, -4, -5, -7, -5, 4, 1, 4, -5, 2, -3, -3, -2, -8, 0, -6, -7, -2, 0, 4, -7, 3, -7, 3, 1, -8, -8, -7, -1, -1, 3, -8, -8, -7, -6, -8, -7, -2, -7, -4, -5, 4, -5, -2, 4, -3, 2, 3, 0, -8, 1, -8, 3, 1, 4, -3, 2, 0, -3, -3, -5, -6, 1, -6, -7, -4, 1, -6, -1, 0, -5, 3, 3, -3, 1, -6, -8, -3, -2]
 
1.2111384605485944: [3, -3, -6, -6, 4, -1, -2, -5, 0, -6, -4, 2, 1, -1, 2, -8, 3, -6, 4, -5, -7, -3, 2, -1, -7, 2, 0, -5, -7, -8, -3, -8, -4, -3, 3, -1, 1, -3, 0, -6, -5, 2, -6, -4, -8, -8, -8, -3, -8, 2, 4, -7, 4, -8, -4, 4, -2, 3, 0, -7, -2, -1, -3, -6, 4, -2, -4, -5, -7, -1, -8, 4, -2, 3, -1, -4, 3, -7, -6, -3, -1, -3, -4, 2, -7, 4, -8, -4, 1, -1, 4, -3, 0, 0, 0, -8, 3, 3, -8, -4, -8, -3, -2, -4, -6, -3, 0, -3, -3, -1, 0, -8, 1, 4, -4, 2, -6, 0, -8, -2, -6, -1, -3, 4, -6, -2, -4, -2]
 
0.916852983992: [-2, -3, -4, 2, -8, -1, -6, -7, -4, -6, -4, -8, -8, -1, 0, 1, -4, -6, -5, -2, 0, -5, -3, 2, 4, 3, -7, -5, 0, -3, -1, 4, -5, 0, -6, 1, -1, -7, 0, -5, 0, -2, -2, -4, -8, -4, 2, 2, 3, -1, 3, 0, -2, -4, 3, -6, 4, -3, 0, 2, -7, -3, -2, -7, -4, 4, 3, -7, -3, -1, -2, -4, 2, 3, -1, -7, 2, -8, -6, -3, -5, 3, -4, 2, -8, -6, -5, -7, -6, -3, -6, -5, -1, -1, -7, 4, 2, -2, 0, -8, -3, 2, 3, -4, 4, 1, 4, -6, -8, -3, -8, -4, -8, -3, -3, -1, -2, 0, -3, -6, 3, -3, -7, -1, 4, -3, 4, -5]
 
2.3966400510711496: [3, -3, -6, -6, 4, -1, -2, -5, 0, -6, -4, 2, 1, -1, 2, -8, 3, -6, 4, -5, -7, -3, 2, -1, -7, 2, 0, -5, -7, -8, -3, -8, -4, -3, 3, -1, 1, -3, 0, -6, -5, 2, -6, -4, -8, -8, -8, -3, -8, 2, 4, -7, 4, -8, -4, 4, -2, 3, 0, -7, -2, -1, -3, -6, 4, -2, -4, -5, -7, -1, -8, 4, -2, 3, -1, -4, -6, -1, -1, 3, -6, -8, -4, -3, -7, 4, -1, -4, -8, -1, -4, 0, 0, 0, -6, -6, 2, -5, -8, -8, -8, 3, 1, 3, -4, -4, 0, 4, -3, -7, -6, -1, -8, -3, -4, 3, -8, -1, -8, 2, -6, -1, -3, 4, -7, -2, -4, 0]
 
1.24377556363: [3, 4, 4, -7, -2, 0, -4, 1, 4, -5, -4, 0, -4, -4, 2, 1, 0, -8, 3, -2, -5, 4, 3, 3, 1, -7, -7, -5, 3, 4, -1, 4, -5, 0, -8, 1, -1, -6, 0, 0, -7, -6, -2, -4, -8, 1, 2, 2, 3, -1, 3, 0, -2, -1, 0, -6, -2, -8, -2, -7, 4, -2, -6, -7, 2, -5, 2, -6, -4, 3, -2, -4, -6, 1, 0, -6, -7, -6, -6, -2, -6, -4, -7, 3, -2, -8, -1, -1, -8, 4, -8, -1, 4, -7, 0, 2, 1, -7, -8, 1, -8, -6, -3, 3, -4, -4, 0, 2, -4, -2, 0, -8, 1, 2, -1, -8, -6, -2, -8, -6, -2, -1, -3, 4, -7, -7, -4, 0]
 
3.3796658311641696: [2, 4, -7, -7, -1, 0, -2, -7, 2, -5, -4, 0, 1, -2, 4, -6, -3, -1, -4, -8, -3, -1, -6, -5, 2, -6, -3, -3, 2, -1, 4, -7, -4, 2, -2, -4, -8, 0, -8, -3, 0, 2, -6, -7, -2, -2, -1, -4, -6, 0, -7, -2, -6, -8, -4, -7, -2, 2, 0, -7, -2, -1, -3, -6, 4, -2, -4, 0, -7, -1, -8, 4, -2, 3, -1, -7, -2, -8, -6, -3, -1, -3, -4, 2, -8, -6, -2, -4, 0, -1, 0, -3, 4, -7, 0, 2, 3, -7, -8, -4, -8, -3, -2, -4, -6, -3, 0, -3, -3, -1, 0, -8, 1, 4, -4, 2, -6, 0, -8, -2, -6, -1, -3, 4, -6, -2, -4, -2]
 
1.2966096650044694: [-7, 4, -4, -1, -4, 2, 3, 1, 4, 4, -4, -4, 3, 1, -4, 1, 1, -5, 3, -2, 1, -1, -2, -5, 2, 1, 2, -5, -7, -4, -3, -4, -4, -3, -5, -3, 3, -3, 0, -1, -7, 2, -6, -4, -8, -7, -7, 3, 3, 1, -3, 0, 0, -3, -6, 1, 0, -4, 2, -5, 4, -2, -6, -1, 2, -5, 2, -1, -4, 3, -7, -7, -6, -5, 0, -6, -4, -2, 3, -3, -1, 3, -4, -5, -5, 2, 4, -4, 4, -3, -1, -7, 4, 2, 0, -8, -8, -5, -7, 3, -8, -8, -2, 2, -6, -3, 0, -3, -7, 1, -4, -3, 0, 4, -4, -6, -2, -5, 4, 3, -3, -5, -5, -4, -5, -6, 2, 4]
 
2.8246921321735936: [3, -3, -6, -6, 4, -1, -2, -5, 0, -6, -4, 2, 1, -1, 2, -8, 3, -6, 4, -5, -7, -3, 2, -1, -7, 2, 0, -5, -7, -8, -3, -8, -4, -3, 3, -1, 1, -3, 0, -6, -5, 2, -6, -4, -8, -8, -8, -3, -8, 2, 4, -7, 4, -8, -4, 4, -2, 3, 0, -7, -2, -1, -3, -6, 4, -2, -4, -5, -7, -1, -8, 4, -2, 3, -1, -4, 3, 4, -6, -7, -1, -4, -4, 2, 0, -6, -8, -7, -4, -1, 2, -8, 0, -6, 0, 2, -6, 1, -4, -4, -1, 4, -8, 3, -6, -4, -5, -3, 4, 0, 4, -8, -2, 2, -4, 1, 0, -5, 4, -2, 2, -1, 2, 0, -7, -2, -4, 0]
 
2.904547977018534: [-7, 4, -4, -7, 2, 2, 3, 3, 4, -2, -4, -4, -2, -8, -4, -7, -3, -8, 4, 3, 0, -5, -6, -8, 0, 2, 2, -6, -7, -4, -3, -4, -4, -3, -5, -1, 0, -3, -2, -6, -7, 2, -6, -4, -6, 3, -7, -6, -8, -2, 4, 4, 4, -3, -3, 1, -2, 2, 0, -3, -4, -1, 0, 0, -4, -2, -4, 0, -4, -6, -3, 4, -2, 3, -1, 1, -2, -8, -8, -3, -1, -3, -4, 2, -8, -1, -2, -4, 0, 0, 0, -8, 4, -7, -2, 2, -2, -4, -7, -4, -7, -3, -2, -3, -6, -3, 0, -3, -3, -1, 0, -8, 1, 0, -4, 2, -6, 0, -8, -2, -6, 4, -3, -4, -6, -2, -4, -2]
 
1.76523510313: [-5, -5, -3, 3, -3, -4, 2, -4, 4, -8, 3, 1, -6, 0, -7, -7, -2, 2, 3, -6, 4, -6, -6, 0, -4, 2, -3, -4, 1, 2, -6, 2, -1, -6, -4, 3, -3, -1, -8, 3, -8, 4, -2, -8, -6, -7, 0, -3, -2, 0, 2, -7, -1, 0, 4, -4, -3, 1, -4, -6, 4, -1, -5, -8, -7, 4, 4, 4, -8, -5, -2, -6, 4, -3, -1, -2, -6, -1, -6, -7, 4, -2, -8, -6, -2, -6, 4, -7, -4, -6, 2, -5, 0, -4, 0, 1, -2, -3, -4, -4, -1, 4, -7, 3, -6, -4, -5, 4, 4, 0, 4, -8, -6, -5, -4, 1, 2, -5, 4, -2, 2, -1, 2, 0, -7, -2, 1, 0]
 
2.812091018423147: [2, 4, -7, -7, -1, 0, -2, -7, 2, -5, -4, 0, 1, -2, 4, -6, -3, -1, -4, -8, -3, -1, -6, -5, 2, -6, -3, -3, 2, -1, 4, -7, -4, 2, -2, -4, -8, 0, -8, -3, 0, 2, -6, -7, -2, -2, -1, -4, -6, 0, -7, -2, -6, -8, -4, -7, -2, 2, 0, -7, -2, -1, -3, -6, 4, -2, -4, 0, -7, -1, -8, 4, -2, 3, -1, -7, -2, -8, -6, -3, -1, -3, -4, 2, -8, -6, -2, -4, 0, -1, 0, -3, 4, -7, 0, 2, 3, -7, -8, -4, -8, -3, -2, -4, -6, -3, 0, -3, -3, -1, 0, -8, 1, 4, -4, 2, -6, 0, -8, -2, -6, -1, -7, -1, 4, -3, -3, -5]
 
3.786782944823541: [3, -3, -6, -6, 4, -1, -2, -5, 0, -6, -4, 2, 1, -1, 2, -8, 3, -6, 4, -5, -7, -3, 2, -1, -7, 2, 0, -5, -7, -8, -3, -8, -4, -3, 3, -1, 1, -3, 0, -6, -5, 2, -6, -4, -8, -8, -8, -3, -8, 2, 4, -7, 4, -8, -4, 4, -2, 3, 0, -7, -2, -1, -3, -6, 4, -2, -4, -5, -7, -1, -8, 4, -2, 3, -1, -4, 3, -7, -6, -3, -1, -3, -4, 2, -7, 4, -8, -4, 1, -1, 4, -3, 0, 0, 0, -8, 3, 3, -8, 1, -8, 3, -6, 3, 2, 4, 0, -5, 2, 4, 0, 0, -5, 3, 3, -5, -1, 1, -7, 1, 0, 4, -2, -8, 4, -8, -3, -7]
 
3.26238993296: [2, -8, -2, -6, -1, 1, 4, -6, -2, -3, 2, -4, 0, -4, -4, -7, -3, -3, -5, -5, -7, -6, -3, -5, 0, -1, 0, -4, -7, 2, -3, 1, -3, -3, 3, -1, 1, -3, 0, -6, -5, 2, -6, -4, -8, -8, -8, -3, -8, 2, 4, -7, 4, -8, -4, 4, -2, 3, 0, -7, -2, -1, -3, -6, 4, -2, -4, -5, -7, -1, -8, 4, -2, 3, -1, -4, 3, -7, -6, -3, -1, -3, -4, 2, -7, 4, -8, -4, 1, -1, 4, -3, 0, 0, 0, -8, 3, 3, -8, 1, -8, 3, -8, 3, -8, -4, 0, -3, -3, -5, 0, -8, 1, 2, -4, 1, -6, -2, -8, -6, -2, -1, -3, 4, -7, -2, -4, 0]
 
3.25526076524: [3, -3, -6, -6, 4, -1, -2, -5, 0, -6, -4, 2, 1, -1, 2, -8, 3, -6, 4, -5, -7, -3, 2, -1, -7, 2, 0, -5, -7, -8, -3, -8, -4, -3, 3, -1, 1, -3, 0, -6, -5, 2, -6, -4, -8, -8, -8, -3, -8, 2, 4, -7, 4, -8, -4, 4, -2, 3, 0, -7, -2, -1, -3, -6, 4, -2, -4, -5, -7, -1, -8, 4, -2, 3, -1, -4, 3, -7, -6, -3, -1, -3, -4, 2, -7, 4, -8, -4, 1, -1, 4, -3, 0, 0, 0, -8, 3, 3, -8, 1, -8, 3, 1, -5, -3, 3, 0, -3, -3, -5, 2, -8, -6, -5, -4, 1, -6, 0, -8, -5, -1, 3, -3, 1, -6, -2, -3, -2]
 
2.03160860949: [-7, 4, -4, -7, 2, 2, 3, 3, 4, -2, -4, -4, -2, -8, -4, -7, -3, -8, 4, 3, 0, -5, -6, -8, 0, 2, 2, -6, -7, -4, -3, -4, -4, -3, -5, -1, 0, -3, -2, -6, -7, 2, -6, -4, -6, 3, -7, -6, -8, -2, 4, 4, 4, -3, -3, 1, -2, 2, 0, -3, -4, -1, 0, 0, -4, -2, -4, 0, -4, -6, -3, 4, -2, 3, -1, 1, -2, -8, -8, -3, -1, -3, -4, 2, -8, -1, -2, -4, 0, 0, 0, -8, 4, -7, -2, 2, -2, -4, -7, -4, -7, -3, -2, -3, -6, -3, 0, -3, -3, -1, 0, -8, 1, 0, -4, 2, -6, 0, -8, -2, -6, 4, -3, 4, -7, -2, -4, 0]
 
4.34457334731: [-7, 4, 0, -7, -8, 2, 3, 1, 4, -2, -4, 0, 1, 1, -4, 1, 1, -7, 4, -5, -7, -3, 2, -1, -7, 2, 0, -5, -7, -8, -3, -8, -4, -3, 3, -1, 1, -3, 0, -6, -5, 2, -6, -4, -8, -8, -8, -3, -8, 2, 4, -7, 4, -8, -4, 4, -2, 3, 0, -7, -2, -1, -3, -6, 4, -2, -4, -5, -7, -1, -8, 4, -2, 3, -1, -4, 3, -7, -6, -3, -1, -3, -4, 2, -7, 4, -8, -4, 1, -1, 4, -3, 0, 0, 0, -8, 3, 3, -8, 1, -8, 3, -8, 3, -8, -4, 0, -3, -3, -5, 0, -8, 1, 2, -4, 1, -6, -2, -8, -6, -2, -1, -3, -4, -6, -2, -4, -2]
 
1.84115559244: [-5, -3, 2, 3, -3, -4, 0, -4, 4, -8, 0, 1, -6, -4, -7, -6, -3, 0, -5, -8, -6, -6, -6, -5, 0, 2, 0, -5, -7, -8, -3, -8, -4, -3, 3, -1, 1, -3, 0, -6, -5, 2, -6, -4, -8, -8, -8, -3, -8, 2, 4, -7, 4, -8, -4, 4, -2, 3, 0, -7, -2, -1, -3, -6, 4, -2, -4, -5, -7, -1, -8, 4, -2, 3, -1, -4, 3, -7, -6, -3, -1, -3, -4, 2, -7, 4, -8, -4, 1, -1, 4, -3, 0, 0, 0, -8, 3, 3, -8, 1, -8, 3, -6, 3, 2, 4, 0, -5, 2, 4, 0, 0, -5, 3, 3, -5, -1, 1, -7, 1, 0, 4, -2, -8, 4, -8, -3, -7]
 
4.74174748019: [3, -3, -6, -6, 3, -3, -7, -5, -3, -6, -4, -3, 1, -1, 2, -8, -6, 3, 4, -5, -7, -3, 2, -1, -4, -1, -3, -4, -2, 2, -3, 2, -1, 3, -4, 3, 2, -7, -8, -6, -4, -6, -3, 3, -4, -3, 0, -3, -1, 0, 2, 4, -7, 0, 4, -4, -1, 1, -4, -6, 4, -3, -5, -8, -7, 4, 4, -4, -3, -5, 0, -1, -1, -3, -1, -7, -4, -7, -6, -3, 2, -3, -4, 2, -7, 4, -8, -4, 1, 0, 4, -6, 4, 0, 0, -8, 3, 3, -8, 1, -8, 3, -8, 3, 1, -4, 0, -3, 0, -5, 0, -8, 1, 2, -1, 1, -6, -7, 4, -2, -2, 2, -3, -7, -5, -8, 2, -2]
 
1.84468199845: [3, -3, -6, -6, 4, -1, -2, -5, 0, -6, -4, 2, 1, -1, 2, -8, 3, -6, 4, -5, -7, -3, 2, -1, -7, 2, 2, -6, -7, -4, -3, -4, -4, -3, -5, -1, 0, -3, -2, -6, -7, 2, -6, -4, -6, 3, -7, -6, -8, -2, 4, 4, 4, -3, -3, 1, -2, 2, 0, -3, -4, -1, 0, 0, -4, -2, -4, 0, -4, -6, -3, 4, -2, 3, -1, 1, -2, -8, -8, -3, -1, -3, -4, 2, -8, -1, -2, -4, 0, 0, 0, -8, 4, -7, -2, 2, -2, -4, -7, -4, -7, -3, -2, -3, -6, -3, 0, -3, -3, -1, 0, -8, 1, 0, -4, 2, -6, 0, -8, -2, -6, 4, -3, 4, -7, -2, -4, 0]
 
1.92758530516: [-7, 4, -4, -7, 2, 2, 3, 3, 4, -2, -4, -4, -2, -8, -4, -7, -3, -8, 4, 3, 0, -5, -6, -8, 0, 2, 0, -5, -7, -8, -3, -8, -4, -3, 3, -1, 1, -3, 0, -6, -5, 2, -6, -4, -8, -8, -8, -3, -8, 2, 4, -7, 4, -8, -4, 4, -2, 3, 0, -7, -2, -1, -3, -6, 4, -2, -4, -5, -7, -1, -8, 4, -2, 3, -1, -4, 3, -7, -6, -3, -1, -3, -4, 2, -7, 4, -8, -4, 1, -1, 4, -3, 0, 0, 0, -8, 3, 3, -8, 1, -8, 3, -8, 3, -8, -4, 0, -3, -3, -5, 0, -8, 1, 2, -4, 1, -6, -2, -8, -6, -2, -1, -3, 4, -7, -2, -4, 0]
 
1.32420752963: [-7, 4, -5, -7, 0, 2, 3, 1, 4, -2, 4, 0, 1, 1, -8, -1, -1, -7, 3, -2, 0, -5, -6, -8, 2, 3, 4, -5, 0, 0, -1, 4, -5, 0, -3, -7, 3, -1, 0, 2, 0, -6, -2, -4, -8, 1, 2, 2, 0, 2, 4, -7, 4, -8, -4, 4, -2, 3, 0, -7, -2, -1, -3, -6, 4, -2, -4, -5, -7, -1, -8, 4, -2, 3, -1, -4, 3, -7, -6, -3, -1, -3, -4, 2, -7, 4, -8, -4, 1, -1, 4, -3, 0, 0, 0, -8, 3, 3, -8, 1, -8, 3, -8, 3, -8, -4, 0, -3, -3, -5, 0, -8, 1, 2, -4, 1, -6, -2, -8, -6, -2, -1, -3, 4, -7, -2, -4, 0]
 
2.07060768121: [3, -3, -6, -6, 4, -1, -2, -5, 0, -6, -4, 2, 1, -1, 2, -8, 3, -6, 4, -5, -7, -3, 2, -1, -7, 2, 0, -5, -7, -8, -3, -8, -4, -3, 3, -1, 1, -3, 0, -6, -5, 2, -6, -4, -8, -8, -8, -3, -8, -1, 3, 0, -8, -1, -5, -4, -2, -8, -2, -7, 4, -2, -6, -1, 2, -5, 2, -6, -4, 3, -7, -2, -6, 1, -2, 3, -7, -6, -6, -2, -6, -6, -7, 1, 0, -6, -8, -2, -4, -8, 2, -3, 3, 2, 0, 2, -6, 1, -4, -4, -3, -2, -8, 3, 0, -4, 1, -3, 4, -7, 4, -8, 0, 2, 4, -1, 0, -5, -3, -2, 0, -1, -3, 4, -7, -2, -4, 0]
 
1.21893091822: [3, -3, -6, -6, 4, -1, -2, -5, 0, -6, -4, 2, 1, -1, 2, -8, 3, -6, 4, -5, -7, -3, 2, -1, -7, 2, 0, -5, -7, -8, -3, -8, -4, -3, 3, -1, 1, -3, 0, -6, -5, 2, -6, -4, -8, -8, -8, -3, -8, 2, 4, -7, -7, 0, 4, -4, -3, 1, -4, -6, 4, -1, -5, -8, -7, 4, 4, 4, 4, -5, 4, -6, 4, -3, -1, -7, -3, -1, -6, -7, -4, 1, -8, 2, -2, -6, 4, -7, -4, -8, 2, -8, 0, -4, 0, 1, -6, 1, -4, -4, -1, 4, -8, 3, -6, -4, -5, -3, 4, 0, 4, -8, -2, -5, -4, 1, 0, -5, 4, -2, 2, -1, 2, 0, -7, -2, 1, 0]
 
1.87595535078: [-5, -5, -3, 3, -3, -4, 3, -4, 4, -8, 0, 1, -6, 0, -8, -6, -3, 0, 3, -8, -6, -6, -6, 0, 0, -1, -3, -4, 1, 2, -3, 2, -1, 3, -4, 3, -3, -1, -8, 3, -4, -1, -2, -8, -6, -7, 0, -3, -1, 0, 4, -7, 4, -8, -4, 4, -2, 3, 0, -7, -2, -1, -3, -6, 4, -2, -4, -5, -7, -1, -8, 4, -2, 3, -1, -4, 3, -7, -6, -3, -1, -3, -4, 2, -7, 4, -8, -4, 1, -1, 4, -3, 0, 0, 0, -8, 3, 3, -8, 1, -8, 3, -8, 3, -8, -4, 0, -3, -3, -5, 0, -8, 1, 2, -4, 1, -6, -2, -8, -6, -2, -1, -3, 4, -7, -2, -4, 0]
 
3.59333481955: [3, -3, -6, -6, 4, -1, -2, -5, 0, -6, -4, 2, 1, -1, 2, -8, 3, -6, 4, -5, -7, -3, 2, -1, -7, 2, 0, -5, -7, -8, -3, -8, -4, -3, 3, -1, 1, -3, 0, -6, -5, 2, -6, -4, -8, -8, -8, -3, -8, 2, 4, -7, 4, -8, -4, 4, -2, 3, 0, -7, -2, -1, -3, -6, 4, -2, -4, -5, -7, -1, -8, 4, -2, 3, -1, -4, 3, -7, -6, -3, -1, -3, -4, 2, -7, 4, -8, -4, 1, -1, 4, -3, 0, 0, 0, -8, 3, 3, -8, 1, -8, 3, -8, 3, -8, -4, 0, -3, -3, -5, 0, -8, 1, 2, -4, 1, -6, -2, -8, -6, -2, -1, -3, 4, -7, -2, -4, 0]
 
3.72273702545: [-7, 4, 0, -7, -8, 2, 3, 1, 4, -2, -4, 0, 1, 1, -4, 1, 1, -7, 4, -5, -7, -3, 2, -1, -7, 2, 0, -5, -7, -8, -3, -8, -4, -3, 3, -1, 1, -3, 0, -6, -5, 2, -6, -4, -8, -8, -8, -3, -8, 2, 4, -7, 4, -8, -4, 4, -2, 3, 0, -7, -2, -1, -3, -6, 4, -2, -4, -5, -7, -1, -8, 4, -2, 3, -1, -4, 3, -7, -6, -3, -1, -3, -4, 2, -7, 4, -8, -4, 1, -1, 4, -3, 0, 0, 0, -8, 3, 3, -8, 1, -8, 3, -8, 3, -8, -4, 0, -3, -3, -5, 0, -8, 1, 2, -4, 1, -6, -2, -8, -6, -2, -1, -3, 4, -7, -2, -4, 0]
 
4.70188795966: [-7, 4, 0, -7, -8, 2, 3, 1, 4, -2, -4, 0, 1, 1, -4, 1, 1, -7, 4, -5, -7, -3, 2, -1, -7, 2, 0, -5, -7, -8, -3, -8, -4, -3, 3, -1, 1, -3, 0, -6, -5, 2, -6, -4, -8, -8, -8, -3, -8, 2, 4, -7, 4, -8, -4, 4, -2, 3, 0, -7, -2, -1, -3, -6, 4, -2, -4, -5, -7, -1, -8, 4, -2, 3, -1, -4, 3, -7, -6, -3, -1, -3, -4, 2, -7, 4, -8, -4, 1, -1, 4, -3, 0, 0, 0, -8, 3, 3, -8, 1, -8, 3, -8, 3, -8, -4, 0, -3, 4, -3, -3, -2, -8, -1, -3, -1, -2, 0, 0, -7, -7, -8, -5, -1, -4, -3, -3, -1]
 
1.15932038819: [-7, -5, -3, 1, -4, 2, -6, 1, 4, -2, 4, 3, -4, 3, -4, 3, 1, -5, 3, -5, 0, -8, -1, -1, 2, -8, -3, -3, -7, -3, -5, -8, -4, 2, 1, -4, 2, -1, 0, -2, -6, 2, -2, -8, -4, -3, 4, -4, 4, -5, -5, -2, 0, -3, -5, 1, -2, 1, 2, 1, -3, -2, -6, -1, -5, 3, 1, -6, -1, 0, -5, -8, 0, 1, -6, -4, -6, 3, -6, 0, -5, -4, 4, -4, -3, -4, -1, 1, 4, 1, 2, 3, -2, 3, -7, 2, 3, -8, -8, -3, -8, 2, 3, -1, -5, -5, 4, -3, -1, -5, 0, -8, -3, 2, -4, 1, 3, -2, -8, -6, -2, -1, -3, 1, -1, 3, -4, -2]
 
1.0485257515: [-7, 4, -4, -7, 2, 2, 3, 3, 4, -2, -4, -4, -2, -8, -4, -7, -3, -8, 3, -2, 0, -5, -6, -8, 2, 3, 4, -5, 0, 0, -1, 4, -5, 0, -3, -7, 3, -1, 0, 2, 0, -6, -2, -4, -8, 1, 2, 2, 0, 2, 4, -7, 4, -8, -4, 4, -2, 3, 0, -7, -2, -1, -3, -6, 4, -2, -4, -5, -7, -1, -8, 4, -2, 3, -1, -4, 3, -7, -6, -3, -1, -3, -4, 2, -7, 4, -8, -4, 1, -1, 4, -3, 0, 0, 0, -8, 3, 3, -8, 1, -8, 3, -8, 3, -8, -4, 0, -3, -3, -5, 0, -8, 1, 2, -4, 1, -6, -2, -8, -6, -2, -1, -3, 4, -7, -2, -4, 0]
 
0.646605198713: [-7, 4, -5, -7, 0, 2, 3, 1, 4, -2, 4, 0, 1, 1, -8, -1, -1, -7, 4, 3, 0, -5, -6, -8, 0, 2, 2, -6, -7, -4, -3, -4, -4, -3, -5, -1, 0, -3, -2, -6, -7, 2, -6, -4, -6, 3, -7, -6, -8, -2, 4, 4, 4, -3, -3, 1, -2, 2, 0, -3, -4, -1, 0, 0, -4, -2, -4, 0, -4, -6, -3, 4, -2, 3, -1, 1, -2, -8, -8, -3, -1, -3, -4, 2, -8, -1, -2, -4, 0, 0, 0, -8, 4, -7, -2, 2, -2, -4, -7, -4, -7, -3, -2, -3, -6, -3, 0, -3, -3, -1, 0, -8, 1, 0, -4, 2, -6, 0, -8, -2, -6, 4, -3, 4, -7, -2, -4, 0]
 
0.550772264562: [-7, 4, -4, -7, 2, 2, 3, 3, 4, -2, -4, -4, -2, -8, -4, -7, -3, -8, 3, -2, 0, -5, -6, -8, 2, 3, 4, -5, 0, 0, -1, 4, -5, 0, -3, -7, 3, -1, 0, 2, 0, -6, -2, -4, -8, 1, 2, 2, 0, 2, 4, -7, 4, -8, -4, 4, -2, 3, 0, -7, -2, -1, -3, -6, 4, -2, -4, -5, -7, -1, -8, 4, -2, 3, -1, -4, 3, -7, -6, -3, -1, -3, -4, 2, -7, 4, -8, -4, 1, -1, 4, -3, 0, 0, 0, -8, 3, 3, -8, 1, -8, 3, -8, 3, -8, -4, 0, -3, -3, -5, 0, -8, 1, 2, -4, 1, -6, -2, -8, -6, -2, -1, -3, 4, -7, -2, -3, -2]
 
3.37684749574: [3, -3, -6, -6, 4, -1, -2, -5, 0, -6, -4, 2, 1, -1, 2, -8, 3, -6, 4, -5, -7, -3, 2, -1, -7, 2, 0, -5, -7, -8, -3, -8, -4, -3, 3, -1, 1, -3, 0, -6, -5, 2, -6, -4, -8, -8, -8, -3, -8, 2, 4, -7, 4, -8, -4, 4, -2, 3, 0, -7, -2, -1, -3, -6, 4, -2, -4, -5, -7, -1, -8, 4, -2, 3, -1, -4, 3, -7, -6, -3, -1, -3, -4, 2, -7, 4, -8, -4, 1, -1, 4, -3, 0, 0, 0, -8, 3, 3, -8, 1, -8, 3, 1, -5, -3, 3, 0, -3, -3, -5, 2, -8, -6, -5, -4, 1, -6, 0, -8, -5, -1, 3, -3, 1, -6, -2, -4, 0]
 
1.75038963771: [-8, 4, -3, -7, -4, -4, -6, 1, 4, -2, -6, -4, -3, -7, -5, 3, -2, -5, 0, -2, 0, 0, -1, -8, 2, 2, 3, -3, -7, -3, -3, -4, -3, -3, -5, 2, 2, -3, 0, -6, -7, -1, -3, -4, -8, -5, -7, -4, 3, 1, -4, 0, 0, -3, 4, 1, 4, -5, 2, -3, -3, -2, -8, -2, -6, 1, 1, 0, 4, -7, 3, -3, 3, 1, -8, -8, -6, -1, -1, 3, -6, -8, -7, 3, -8, -7, -2, -1, 0, -1, -1, -5, 0, 4, -8, 2, 3, -6, -8, 1, -8, 3, 1, -5, -3, 3, 0, -3, -3, -5, 2, -8, -6, -5, -4, 1, -6, 0, -8, -5, -1, 3, -3, 1, -6, -2, -3, -2]
 
1.96120692816: [0, 4, 4, -7, -2, 0, 3, 1, 4, -5, -4, 0, 1, -4, -4, 1, 1, -7, 3, -8, -3, -5, -6, 3, 2, -6, 0, -3, 2, -3, 2, -8, -4, 2, -2, -4, 3, -4, 0, -2, -6, 2, -2, -4, -4, -7, -7, 3, 3, 1, -4, 0, 0, -3, -6, 1, 0, -4, 2, -5, -3, -2, -8, -2, 0, 1, 1, -1, -1, 3, 3, -6, 3, 1, -8, -8, -7, -1, -1, 3, -8, -8, -7, -6, -8, -7, -2, -7, 0, -5, 4, -5, -2, 4, -3, 2, 3, -6, -8, 1, -8, 3, 1, 4, -3, 3, 0, -3, -3, -5, 2, -8, -6, -7, -4, 1, -6, -1, -8, -5, -4, 3, -3, 1, -6, -8, -3, -2]
 
2.83353314653: [0, 4, 4, -7, -2, 0, 3, 1, 4, -5, -4, 0, 1, -4, -4, 1, 1, -7, 3, -8, -3, -5, -6, 3, 2, -6, 0, -3, 2, -3, 2, -8, -4, 2, -2, -4, 3, -4, 0, -2, -6, 2, -2, -4, -4, -7, -7, 3, 3, 1, -4, 0, 0, -3, -6, 4, -2, 3, 0, -7, -2, -1, -3, -6, 4, -2, -4, -5, -7, -1, -8, 4, -2, 3, -1, -4, 3, -7, -6, -3, -1, -3, -4, 2, -7, 4, -8, -4, 1, -1, 4, -3, 0, 0, 0, -8, 3, 3, -8, 1, -8, 3, -8, 3, -8, -4, 0, -3, -3, -5, 0, -8, 1, 2, -4, 1, -6, -2, -8, -6, -2, -1, -3, 4, -7, -2, -4, 0]
 
1.21291978548: [3, -3, -6, -6, 4, -1, -2, -5, 0, -6, -4, 2, 1, -1, 2, -8, 3, -6, 4, -5, -7, -3, 2, -1, -7, 2, 0, -5, -7, -8, -3, -8, -4, -3, 3, -1, 1, -3, 0, -6, -5, 2, -6, -4, -8, -8, -8, -3, -8, 2, 4, -7, 4, -8, -4, 1, 0, -4, 2, -5, -3, -2, -8, -2, 0, 1, 1, -1, -1, 3, 3, -6, 3, 1, -8, -8, -6, -1, -1, 3, -6, -8, -7, 3, -8, -7, -2, -1, 0, -1, -1, -5, 0, 4, -8, 2, 3, -6, -8, 1, -8, 3, 1, -5, -3, 3, 0, -3, -3, -5, 2, -8, -6, -5, -4, 1, -6, 0, -8, -5, -1, 3, -3, 1, -6, -2, -3, -2]
 
2.3786275881: [-7, 0, 0, -7, -8, 2, 3, -6, -7, -2, -4, 0, 1, 4, -4, -2, 1, -6, -2, -6, 3, -5, -3, -8, 2, 3, -7, -5, 0, 4, -1, 4, -5, 0, -3, 1, -1, -7, 0, -5, 0, -6, -2, -4, -8, 1, 2, 2, 3, -1, 3, 0, -2, -1, 0, -6, -2, -8, -2, -7, 4, -2, -6, -1, 2, -5, 2, -6, -4, 3, -7, -4, -6, 1, 0, -6, -7, -6, -6, -2, -6, -4, -7, 3, 0, -6, -8, -7, -4, -3, 2, -3, 0, 2, 0, -6, 2, -5, -8, -8, -8, 3, 1, 3, -4, -4, 0, 4, -3, -7, -6, -1, -8, -3, -4, 3, -8, -1, -8, 2, -6, -1, -3, 4, -7, -2, -4, 0]
 
1.7109141402: [3, -3, -6, -6, 4, -1, -2, -5, 0, -6, -4, 2, 1, -1, 2, -8, 3, -6, 4, -5, -7, -3, 2, -1, -7, 2, 0, -5, -7, -8, -3, -8, -4, -3, 3, -1, 1, -3, 0, -6, -5, 2, -6, -4, -8, -8, -8, -3, -8, 2, 4, -7, 4, -8, -4, 4, -2, 3, 0, -7, -2, -1, -3, -6, 4, -2, -4, -5, -7, -1, -8, 4, -2, 3, -1, -4, -6, -1, -1, 3, -6, -8, -4, -3, -7, 4, -1, -4, -8, -1, -4, 0, 0, 0, -6, 2, -6, 1, -4, -4, -3, -2, -8, 3, -6, -4, 0, -3, 4, -7, 4, -8, 0, 2, -4, 1, 0, -5, 4, -2, 0, -1, -3, 4, -7, -2, -4, 0]
 
3.54887641484: [3, -3, -6, -6, 4, -1, -2, -5, 0, -6, -4, 2, 1, -1, 2, -8, 3, -6, 4, -5, -7, -3, 2, -1, -7, 2, 0, -5, -7, -8, -3, -8, -4, -3, 3, -1, 1, -3, 0, -6, -5, 2, -6, -4, -8, -8, -8, -3, -8, 2, 4, -7, 4, -8, -4, 4, -2, 3, 0, -7, -2, -1, -3, -6, 4, -2, -4, -5, -7, -1, -8, 4, -2, 3, -1, -4, 3, -7, -6, -3, -1, -3, -4, 2, -7, 4, -8, -4, 1, -1, 4, -3, 0, 0, 0, -8, 3, 3, -8, 1, -8, 3, -8, 3, -8, -4, 0, -3, -3, -5, 0, -8, 1, 2, -4, 1, -6, -2, -8, -6, -2, -1, -3, 4, -7, -2, -4, 0]
 
3.42936998734: [-7, 4, 0, -7, -8, 2, 3, 1, 4, -2, -4, 0, 1, 1, -4, 1, 1, -7, 4, -5, -7, -3, 2, -1, -7, 2, 0, -5, -7, -8, -3, -8, -4, -3, 3, -1, 1, -3, 0, -6, -5, 2, -6, -4, -8, -8, -8, -3, -8, 2, 4, -7, 4, -8, -4, 4, -2, 3, 0, -7, -2, -1, -3, -6, 4, -2, -4, -5, -7, -1, -8, 4, -2, 3, -1, -4, 3, -7, -6, -3, -1, -3, -4, 2, -7, 4, -8, -4, 1, -1, 4, -3, 0, 0, 0, -8, 3, 3, -8, 1, -8, 3, -8, 3, -8, -4, 0, -3, -3, -5, 0, -8, 1, 2, -4, 1, -6, -2, -8, -6, -2, -1, -3, 4, -7, -2, -4, 0]
 
3.05937769864: [-7, 4, -5, -7, 0, -7, 3, 1, 4, -2, 4, -6, 1, 1, -8, -1, -1, -7, 3, -2, 0, -8, -2, -8, 2, 0, 4, -5, 0, 0, 1, 4, -5, 0, -3, -7, 3, -3, 0, 2, 0, -6, -2, -4, 2, 1, 2, 2, 0, -1, 3, 0, -8, -1, -8, -4, -3, -8, -2, -7, 4, -2, -6, -1, -1, -3, -2, -5, 3, 0, -1, 4, -2, 0, -1, -7, 3, 4, -6, -7, -1, -4, -4, 2, 0, -6, 0, -7, -4, -1, 2, -8, 0, 1, 0, 2, -6, 1, -4, -1, -1, 4, -8, 3, -6, -4, -5, -3, 4, -6, 4, -8, -6, 3, -4, 4, 0, -5, 4, -2, 2, -8, 2, 0, -7, -2, -6, 0]
 
1.93124129098: [3, -3, -6, -6, 4, -1, -2, -5, 0, -6, -4, 2, 1, -1, 2, -8, 3, -6, 4, -5, -7, -3, 2, -1, -7, 2, 0, -5, -7, -8, -3, -8, -4, -3, 3, -1, 1, -3, 0, -6, -5, 2, -6, -4, -8, -8, -8, -3, -8, 2, 4, -7, 4, -8, -4, 4, -2, 3, 0, -7, -2, -1, -3, -6, 4, -2, 2, -6, -4, 3, -7, -2, -6, 1, -2, 3, -7, -6, -6, -2, -6, -6, -7, 1, 0, -6, -8, -2, -4, -8, 2, -3, 3, 2, 0, 2, -6, 1, -4, -4, -3, -2, -8, 3, 0, -4, 1, -3, 4, -7, 4, -8, 0, 2, 4, -1, 0, -5, -3, -2, 0, -1, -3, 4, -7, -2, -4, 0]
 
1.07180441854: [0, -4, 2, -7, -7, 2, 3, 1, 4, -1, -4, 0, 1, 1, -1, 4, -3, 3, -2, -8, 0, -5, -6, 2, 2, -7, 0, -5, 2, 2, -2, -8, -4, 2, 0, -4, 1, -4, 0, -5, -6, -6, -1, -4, 1, -5, -8, 0, -8, -5, -1, 2, 1, -5, 1, -3, -1, 3, 1, -3, 1, 2, 4, 3, -6, 1, -5, -5, 1, -6, -1, -7, -5, -4, 0, -4, -6, -6, -6, -6, -5, -4, 4, -8, -8, -1, -8, -2, 3, 1, 2, 3, -1, -7, -7, 4, -2, -2, 0, 2, -3, 2, 3, -4, 4, 1, 4, -6, -8, -3, -8, -4, -8, -3, -3, -5, -1, -2, -8, -6, -2, -1, -3, 4, -7, -2, -4, 0]
 
3.12580429629: [2, -8, -2, -6, -1, 1, 4, -6, -2, -8, -4, 4, 1, -1, -6, 1, -4, -5, -7, -7, -5, 2, 2, 0, -4, -4, -6, 0, -6, -1, -6, 3, 0, -4, -1, 4, -7, 1, -8, 3, 4, -4, -6, 3, 1, -5, -8, -5, -8, 2, -1, 2, 1, -5, 1, -3, -1, 3, 1, -3, 1, -6, 4, -7, -6, -5, -5, -5, 1, -6, 1, -7, -5, 1, 0, -4, 2, -6, -6, -7, -6, -4, 4, -8, -8, -1, -3, -2, 3, -1, -2, -2, -4, 2, -7, -2, -2, -2, 0, 2, -3, 2, 3, -4, 4, -6, 4, -6, -8, -3, -8, -4, -8, -8, -3, 4, -2, 0, -2, 4, -7, -3, -7, -5, 4, -5, -3, -5]
 
