3.569554511711285: [2, 4, -4, -6, -5, -1, 4, -5, 0, -6, -4, 2, 1, -1, 2, -8, 3, -6, 4, -5, -7, -3, 2, -1, -7, 2, 0, -5, -7, -8, -3, -8, -4, -3, 3, -1, 1, -3, 0, -6, -5, 2, -6, -4, -8, -8, -8, -3, -8, 2, 4, -7, 4, -8, -4, 4, -2, 3, 0, -7, -2, -1, -3, -6, 4, -2, -4, -5, -7, -1, -8, 4, -2, 3, -1, -4, 3, -7, -6, -3, -1, -3, -4, 2, -7, 4, -8, -4, 1, -1, 4, -3, 0, 0, 0, -8, 3, 3, -8, 1, -8, 3, -8, 3, -8, -4, 0, -3, -3, -5, 0, -8, 1, 2, -4, 1, -6, -2, -8, -6, -2, -1, -3, 4, -7, -2, -4, 0]
 
2.8336953260626854: [2, 4, -4, -6, -5, -1, 4, -5, 0, -6, -4, 2, 1, -1, 2, -8, 3, -6, 4, -5, -7, -3, 2, -1, -7, 2, 0, -5, -7, -8, -3, -8, -4, -3, 3, -1, 1, -3, 0, -6, -5, 2, -6, -4, -8, -8, -8, -3, -8, 2, 4, -7, 4, -8, -4, 4, -2, 3, 0, -7, -2, -1, -3, -6, 4, -2, -4, -5, -7, -1, -8, 4, -2, 3, -1, -4, 3, -7, -6, -3, -1, -3, -4, 2, -7, 4, -8, -4, 1, -1, 4, -3, 0, 0, 0, -8, 3, 3, -8, 1, -8, 3, -8, 3, -8, -4, 0, -3, -3, -5, 0, -8, 1, 2, -4, 1, -6, -2, -8, -6, -2, -1, -3, 4, -7, -2, -4, 0]
 
3.206437200737548: [-8, 4, -3, -7, -4, -4, -6, 1, 4, -2, -6, -4, -3, -7, -5, 3, -2, -5, 0, -2, 0, -3, 2, -1, -7, 2, 0, -5, -7, 2, -3, -8, -4, -3, 3, -1, 1, -3, 0, -6, -5, 2, -6, -4, -8, -8, -8, -3, -8, 2, 4, -7, 4, -8, -4, 4, -2, 3, 0, -7, -2, -1, -3, -6, 4, -2, -4, -5, -7, -1, -8, 4, -2, 3, -1, -4, 3, -7, -6, -3, -1, -3, -4, 2, -7, 4, -8, -4, 1, -1, 4, -3, 0, 0, 0, -8, 3, 3, -8, 1, -8, 3, -8, 3, -8, -4, 0, -3, -3, -5, 0, -8, 1, 2, -4, 1, -6, -2, -8, -6, -2, -1, -3, 4, -7, -2, -4, 0]
 
1.63993045002: [0, -6, -4, -7, -2, 0, 3, 1, 4, -2, -4, 0, 1, -4, -4, 1, -5, 0, -1, -8, 3, -5, -6, 3, 2, -4, 0, -3, -2, -3, 2, -8, -3, 2, -2, -4, 3, -4, -8, -7, -5, 2, -6, -4, 4, -8, 4, -3, -8, 2, -4, 1, -3, -8, -4, 3, -6, 3, 0, -7, -2, -1, -3, -6, 4, -2, -5, -5, -7, -1, -1, 4, -2, 3, -1, -4, 3, 3, -8, -3, -1, -3, -5, 2, 0, 4, -8, -4, 1, -1, 4, -3, 0, 0, 0, -2, 3, 3, 0, 1, -8, 3, -8, 3, -8, -4, 0, -3, -7, -5, 2, -8, -6, 2, -4, 0, -6, 4, -8, -6, -8, -1, -3, 1, -7, 1, -4, 0]
 
3.884584630906827: [2, 4, -4, -6, -5, -1, 4, -5, 0, -6, -4, 2, 1, -1, 2, -8, 3, -6, 4, -5, -7, -3, 2, -1, -7, 2, 0, -5, -7, -8, -3, -8, -4, -3, 3, -1, 1, -3, 0, -6, -5, 2, -6, -4, -8, -8, -8, -3, -8, 2, 4, -7, 4, -8, -4, 4, -2, 3, 0, -7, -2, -1, -3, -6, 4, -2, -4, -5, -7, -1, -8, 4, -2, 3, -1, -4, 3, -7, -6, -3, -1, -3, -4, 2, -7, 4, -8, -4, 1, -1, 4, -3, 0, 0, 0, -8, 3, 3, -8, 1, -8, 3, -8, 3, -8, -4, 0, -3, -3, -5, 0, -8, 1, 2, -4, 1, -6, -2, -8, -6, -2, -1, -3, 4, -7, -2, -4, 0]
 
2.01373979258037: [-7, 4, -4, -6, 4, -1, -2, -5, 0, -6, -4, 2, 1, -1, 2, -8, 3, -6, 4, -5, -7, -3, 2, -1, -7, 2, 0, -5, -7, 2, -3, -8, -4, -3, 3, -1, 1, -3, 0, -6, -5, 2, -6, -4, -8, -8, -8, -3, -8, 2, 4, -7, 4, -8, -4, 4, -2, 3, 0, -7, -2, -1, -3, -6, 4, -2, -4, -5, -7, -1, -8, 4, -2, 3, -1, -4, 3, -7, -6, -3, -1, -3, -4, 2, -7, 4, -8, -4, 1, -1, 4, -3, 0, 0, 0, -8, 3, 3, -8, 1, -8, 3, -8, 3, -8, -4, 0, -3, -3, -5, 0, -8, 1, 2, -4, 1, -6, -2, -8, -6, -2, -1, -3, 4, -7, -2, -4, 0]
 
3.8221224113726713: [-7, 4, -4, -6, 4, -1, -2, -5, 0, -6, -4, 2, 1, -1, 2, -8, 3, -6, 4, -5, -7, -3, 2, -1, -7, 2, 0, -5, -7, -8, -3, -8, -4, -3, 3, -1, 1, -3, 0, -6, -5, 2, -6, -4, -8, -8, -8, -3, -8, 2, 4, -7, 4, -8, -4, 4, -2, 3, 0, -7, -2, -1, -3, -6, 4, -2, -4, -5, -7, -1, -8, 4, -2, 3, -1, -4, 3, -7, -6, -3, -1, -3, -4, 2, -7, 4, -8, -4, 1, -1, 4, -3, 0, 0, 0, -8, 3, 3, -8, 1, -8, 3, -8, 3, -8, -4, 0, -3, -3, -5, 0, -8, 1, 2, -4, 1, -6, -2, -8, -6, -2, -1, -3, 4, -7, -2, -4, 0]
 
3.232301305358969: [0, 4, 4, -7, -2, 0, 3, 1, 4, -2, -4, 0, 1, 1, 2, -8, 3, -6, 4, -5, -7, -3, 2, -1, -7, 2, 0, -5, -7, 2, -3, -8, -4, -3, 3, -1, 1, -3, 0, -6, -5, 2, -6, -4, -8, -8, -8, -3, -8, 2, 4, -7, 4, -8, -4, 4, -2, 3, 0, -7, -2, -1, -3, -6, 4, -2, -4, -5, -7, -1, -8, 4, -2, 3, -1, -4, 3, -7, -6, -3, -1, -3, -4, 2, -7, 4, -8, -4, 1, -1, 4, -3, 0, 0, 0, -8, 3, 3, -8, 1, -8, 3, 1, -5, -3, 3, 0, -3, -3, -5, 2, -8, -6, -5, -4, 1, -6, 0, -8, -5, -1, 3, -3, 1, -6, -2, -4, 0]
 
-1000: [3, -3, -6, -6, 4, -1, -2, -5, 0, -6, -4, 2, 1, -2, 0, -8, -5, -6, 4, -5, -7, -8, 2, -1, -8, 2, 0, -5, -7, -8, -3, -1, -4, 4, -7, -1, 1, -7, 0, -6, 3, 2, -6, -4, -8, -8, -8, -3, -8, 1, 4, -7, 4, -8, -4, 4, -2, 3, 0, -4, -2, -1, -4, -6, 4, -2, -4, -5, -8, 1, 1, 4, -2, 1, -1, -4, 3, 0, -6, -3, -1, -3, -4, 2, 4, 4, -8, 2, 1, -1, 4, -3, -3, 0, 0, -8, 3, 3, -8, 1, -2, 3, 1, -5, -3, 3, 0, 0, -3, -5, -8, -5, -6, -5, -4, -4, -6, -2, -8, -2, -2, -1, 1, 4, -4, -2, -2, 0]
 
2.049082450433854: [3, -3, -6, -6, 4, 0, 3, 1, 4, -5, -4, 0, 1, -4, -4, 1, 1, -7, 3, -8, -3, -5, -6, 3, 2, -6, 0, -3, 2, -3, 2, -8, -4, 2, -2, -4, 1, -3, 0, -6, -6, 2, -2, -4, -4, -7, -7, 3, 3, 1, -4, 0, 0, -3, -6, 1, 0, -4, 2, -5, -3, -2, -8, -2, 0, 1, 1, -1, -1, 3, 3, -6, 3, 1, -8, -8, -7, -1, -1, 3, -8, -8, -7, -6, -8, -7, -2, -7, 0, -5, 4, -5, -2, 4, -3, 2, 3, -6, -8, 1, -8, 3, 1, 4, -3, 3, 0, -3, -3, -5, 2, -8, -6, -7, -4, 1, -6, -1, -8, -5, -4, 3, -3, 1, -6, -8, -3, -2]
 
4.1902228633959355: [-8, 4, 4, -7, -2, 3, 3, -6, -1, -2, -4, 0, 1, 1, 2, -8, 3, -6, 4, -5, -7, -3, 2, -1, -7, 2, 0, -5, 1, 2, -3, -8, -4, -3, -5, -1, 1, -3, 0, -6, -2, 2, -6, 0, -8, -8, -8, -3, 2, 2, 4, -7, 4, -8, -4, 4, -2, 3, -2, -7, 3, -1, -3, -6, 4, -2, -3, -5, -8, -1, -8, 4, -2, 3, 3, -4, 3, -7, -6, 2, -1, -3, -4, 2, -7, 4, -1, -4, 1, 4, 4, -3, 4, 0, 0, -8, 3, 0, -5, 1, -8, 3, 1, -5, -3, 3, 0, -8, 4, -5, 2, -8, 3, -5, -4, -5, -2, -5, -8, -5, -3, 3, -2, 1, -6, -2, -4, 0]
 
2.3756121164110153: [-8, 4, -3, -7, -4, -4, -6, 1, 4, -2, -6, -4, -3, -7, -5, 3, -2, -5, 0, -2, 0, -3, 2, -1, -7, 2, 0, -5, -7, -8, -3, -8, -4, -3, 3, -1, 1, -3, 0, -6, -5, 2, -6, -4, -8, -8, -8, -3, -8, 2, 4, -7, 4, -8, -4, 4, -2, 3, 0, -7, -2, -1, -3, -6, 4, -2, -4, -5, -7, -1, -8, 4, -2, 3, -1, -4, 3, -7, -6, -3, -1, -3, -4, 2, -7, 4, -8, -4, 1, -1, 4, -3, 0, 0, 0, -8, 3, 3, -8, 1, -5, 4, 1, -5, -3, 3, 0, -3, -3, -2, -5, -2, -6, 0, -1, 4, 1, -7, 1, 4, 1, 3, -3, 1, -6, -8, 4, -6]
 
3.7430358576189215: [-7, 4, -4, -6, 4, -1, -2, -5, 0, -6, -4, 2, 1, -1, 2, -8, 3, -6, 4, -5, -7, -3, 2, -1, -7, 2, 0, -5, -7, -8, -3, -8, -4, -3, 3, -1, 1, -3, 0, -6, -5, 2, -6, -4, -8, -8, -8, -3, -8, 2, 4, -7, 4, -8, -4, 4, -2, 3, 0, -7, -2, -1, -3, -6, 4, -2, -4, -5, -7, -1, -8, 4, -2, 3, -1, -4, 3, -7, -6, -3, -1, -3, -4, 2, -7, 4, -8, -4, 1, -1, 4, -3, 0, 0, 0, -8, 3, 3, -8, 1, -8, 3, -8, 3, -8, -4, 0, -3, -3, -5, 0, -8, 1, 2, -4, 1, -6, -2, -8, -6, -2, -1, -3, 4, -7, -2, -4, 0]
 
-1000: [-4, 4, -4, -6, -8, -1, -6, -5, 0, -6, -2, 2, -4, -1, 2, -8, 3, -6, -2, -5, -8, -8, 4, -1, -3, 2, -6, -5, -7, -2, -3, -8, -1, 1, 3, -1, 1, -3, 0, -6, 1, 2, -6, -4, -7, -4, 2, -3, -8, -1, -1, -7, 4, -8, -4, 0, -2, 3, 0, -7, -2, -1, -3, -6, -8, -2, -4, -5, 4, -1, -7, 3, -2, -4, -1, -4, 3, -7, -6, -7, -1, -8, -4, 2, -7, 4, 3, -4, 1, -1, -3, 4, -7, 2, 0, 0, -5, 3, -4, -4, 1, -3, -1, -4, -4, 4, -6, -5, -3, -4, 0, 1, -1, 0, -4, 2, -6, -5, 1, 4, -8, 3, -3, -5, -3, -8, 4, -8]
 
2.60859577511: [-8, 4, 3, -7, 4, -4, 0, 1, 4, -5, -6, -4, -3, -7, -6, 3, -2, -6, 0, -2, 0, 4, 2, -4, -7, 2, 0, -5, -7, -8, -3, -8, -1, -3, 2, -1, 1, -3, 0, -6, -5, 2, -5, -4, -8, -8, -8, -3, -7, 2, 4, -1, 1, 2, -4, 4, -2, 3, 0, 4, -2, -1, -3, -4, 4, -2, -4, -5, -7, -7, -8, 4, -2, -1, -1, -4, -8, -7, -6, -3, -1, -3, -4, 2, -2, 2, -8, -4, 1, -1, 4, -3, 0, 1, 0, -8, 3, -4, 2, -4, -8, 3, -8, 3, -8, -4, 0, -3, -3, -5, 0, -8, -7, 2, -4, -4, -6, -2, -3, -6, -2, -1, -3, 4, -7, -2, -4, -7]
 
0.8573189500114294: [-7, 4, -4, -6, 4, -1, -2, -5, 0, -6, -4, 2, 1, -1, 2, -8, 3, -6, 4, -5, -7, -3, 2, -1, -7, 2, 0, -5, -7, 2, -3, -8, -4, -3, 3, -1, 1, -3, 0, -6, -5, 2, -6, -4, -8, -8, -8, -3, -8, 2, 4, -7, 4, -8, -4, 4, -2, 3, 0, -7, -2, -5, -8, -8, 4, 2, 4, -5, 3, -5, -8, 4, 0, -3, -1, -4, -8, -7, -6, 3, 4, -3, -4, 0, -2, 4, -8, 3, -3, 1, 4, -4, -3, -1, 0, -8, -4, -4, -8, 4, -5, 4, 1, -5, -3, 3, 0, -3, -3, -2, -5, -2, -6, 0, -1, 4, 1, -7, 1, 4, 1, 3, -3, 1, -6, -8, 4, -6]
 
2.3486066053932064: [-7, 4, -4, -6, 4, -1, -2, -5, 0, -6, -4, 2, 1, -1, 2, -8, 3, -6, 4, -5, -7, -3, 2, -1, -7, 2, 0, -5, -7, -8, -3, -8, -4, -3, 3, -1, 1, -3, 0, -6, -5, 2, -6, -4, -8, -8, -8, -3, -8, 2, 4, -7, 4, -8, -4, 4, -2, 3, 0, -7, -2, -1, -3, -6, 4, -2, -4, -5, -7, -1, -8, 4, -2, 3, -1, -4, 3, -7, -6, -3, -1, -3, -4, 2, -7, 4, -8, -4, 1, -1, 4, -3, 0, 0, 0, -8, 3, 3, -8, 1, -8, 3, -8, 3, -8, -4, 0, -3, -3, -5, 0, -8, 1, 2, -4, 1, -6, -2, -8, -6, -2, -1, -3, 4, -7, -2, -4, 0]
 
3.50046118588551: [2, 4, -4, -6, -5, -1, 4, -5, 0, -6, -4, 2, 1, -1, 2, -8, 3, -6, 4, -5, -7, -3, 2, -1, -7, 2, 0, -5, -7, -8, -3, -8, -4, -3, 3, -1, 1, -3, 0, -6, -5, 2, -6, -4, -8, -8, -8, -3, -8, 2, 4, -7, 4, -8, -4, 4, -2, 3, 0, -7, -2, -1, -3, -6, 4, -2, -4, -5, -7, -1, -8, 4, -2, 3, -1, -4, 3, -7, -6, -3, -1, -3, -4, 2, -7, 4, -8, -4, 1, -1, 4, -3, 0, 0, 0, -8, 3, 3, -8, 1, -8, 3, 1, -5, -3, 3, 0, -3, -3, -5, 2, -8, -6, -5, -4, 1, -6, 0, -8, -5, -1, 3, -3, 1, -6, -2, -4, 0]
 
3.748467334420261: [-7, 4, -4, -6, 4, -1, -2, -5, 0, -6, -4, 2, 1, -1, 2, -8, 3, -6, 4, -5, -7, -3, 2, -1, -7, 2, 0, -5, -7, -8, -3, -8, -4, -3, 3, -1, 1, -3, 0, -6, -5, 2, -6, -4, -8, -8, -8, -3, -8, 2, 4, -7, 4, -8, -4, 4, -2, 3, 0, -7, -2, -1, -3, -6, 4, -2, -4, -5, -7, -1, -8, 4, -2, 3, -1, -4, 3, -7, -6, -3, -1, -3, -4, 2, -7, 4, -8, -4, 1, -1, 4, -3, 0, 0, 0, -8, 3, 3, -8, 1, -8, 3, -8, 3, -8, -4, 0, -3, -3, -5, 0, -8, 1, 2, -4, 1, -6, -2, -8, -6, -2, -1, -3, 4, -7, -2, -4, 0]
 
2.3479988855769696: [0, -2, -8, 4, -8, -6, 4, 3, 2, -3, 1, 2, -1, -2, 3, -8, -5, -7, -1, 1, 3, 4, -3, -1, 1, 3, 3, 1, -6, -8, 3, -6, -6, -3, -3, 0, 4, -3, -2, -7, -2, -3, -2, -7, 2, -8, 0, -5, 4, 4, -5, -1, 0, -8, -6, -2, -5, -5, 2, 0, -6, 4, -3, -6, 4, -2, -4, -5, -7, -1, -8, 4, -2, 3, -1, -4, 3, -7, -6, -3, -1, -3, -4, 2, -7, 4, -8, -4, 1, -1, 4, -3, 0, 0, 0, -8, 3, 3, -8, 1, -8, 3, -8, 3, -8, -4, 0, -3, -3, -5, 0, -8, 1, 2, -4, 1, -6, -2, -8, -6, -2, -1, -3, 4, -7, -2, -4, 0]
 
3.4005077202295166: [3, -3, -6, -6, 4, -1, -2, -5, 0, -6, -4, 2, 1, -1, 2, -8, 3, -6, 4, -5, -7, -3, 2, -1, -7, 2, 0, -5, -7, -8, -3, -8, -4, -3, 3, -1, 1, -3, 0, -6, -5, 2, -6, -4, -8, -8, -8, -3, -8, 2, 4, -7, 4, -8, -4, 4, -2, 3, 0, -7, -2, -1, -3, -6, 4, -2, -4, -5, -7, -1, -8, 4, -2, 3, -1, -4, 3, -7, -6, -3, -1, -3, -4, 2, -7, 4, -8, -4, 1, -1, 4, -3, 0, 0, 0, -8, 3, 3, -8, 1, -8, 3, -8, 3, -8, -4, 0, -3, -3, -5, 0, -8, 1, 2, -4, 1, -6, -2, -8, -6, -2, -1, -3, 4, -7, -2, -4, 0]
 
3.7514457159315917: [-7, 4, -4, -6, -2, -1, -5, -5, 0, -4, -4, 2, 1, -1, 2, -4, 3, -2, 4, -2, -7, 0, 2, -5, 2, 2, -6, -5, -7, 2, -3, -8, -4, -3, 3, -1, 1, -3, 0, -6, -5, 2, -6, -4, -8, -8, -8, -3, -8, 2, 4, -7, 4, -8, -4, 4, -2, 3, 0, -7, -2, -1, -3, -6, 4, -2, -4, -5, -7, -1, -8, 4, -2, 3, -1, -4, 3, -7, -6, -3, -1, -3, -4, 2, -7, 4, -8, -4, 1, -1, 4, -3, 0, 0, 0, -8, 3, 3, -8, 1, -5, 4, 1, -5, -3, 3, 0, -3, -3, -2, -5, -2, -6, 0, -1, 4, 1, -7, 1, 4, 1, 3, -3, 1, -6, -8, 4, -6]
 
1.7197176651312702: [4, 2, -4, -6, 4, 1, -2, -5, 0, -6, -4, 2, 1, 4, 2, -8, 3, -6, 4, -5, -7, -3, -2, -1, -5, 2, 0, -5, 4, 2, -3, 1, -6, -3, 0, 4, 1, -3, 0, -6, -5, 2, -8, -2, -8, -8, 3, -3, -8, 2, 4, -7, 4, -8, -1, 4, -5, 4, -8, 2, -2, -5, -8, -8, -6, -6, 4, -5, 3, -5, -8, 4, 0, -3, -1, -4, -8, -7, 3, 3, 4, -3, -4, 0, -2, -7, -7, -2, -3, 1, 4, -4, -3, -1, 0, -8, -4, -4, -5, -6, -8, 3, 1, -5, -3, 3, 0, -3, -3, -6, -8, -8, -6, -5, -4, 4, -6, -2, -8, -6, 4, -1, -3, 4, -7, -2, -4, -3]
 
1.53447435506: [2, 4, -7, -7, -1, 0, 1, -7, -3, -5, -2, 0, 1, -2, 4, -6, -3, -1, -4, -5, -3, -1, -6, -5, 2, 4, -3, -3, 2, -2, -6, -1, -4, 2, -2, -4, -3, 0, -8, -3, 0, 2, -6, -7, -2, -2, -1, -4, -6, 0, -3, -2, -6, -5, -4, -7, 2, 2, 0, 2, 0, -6, -2, -6, 2, -2, -4, 0, -7, -5, -8, -1, -2, -3, -1, 1, -5, -8, 3, -3, -1, -5, -3, 2, -8, -6, -2, -4, 0, -1, 0, -3, 4, -7, 0, 2, 3, 1, 4, -4, -8, -3, -2, -4, -6, -4, -4, -3, -3, -2, -8, -8, -5, 4, -4, 2, -6, -1, 2, 4, -8, 3, -3, 1, -6, -8, -2, -6]
 
2.67816252838679: [2, 4, -4, -6, -5, -1, 4, -5, 0, -6, -4, 2, 1, -1, 2, -8, 3, -6, 4, -5, -7, -3, 2, -1, -7, 2, 0, -5, -7, -8, -3, -8, -4, -3, 3, -1, 1, -3, 0, -6, -5, 2, -6, -4, -8, -8, -8, -3, -8, 2, 4, -7, 4, -8, -4, 4, -2, 3, 0, -7, -2, -1, -3, -6, 4, -2, -4, 1, 2, -1, -8, 4, -2, 3, -1, -4, 3, -7, -6, -3, -1, 3, -4, 2, -7, 4, -8, -4, 1, -1, 4, -3, 0, 0, 0, -8, 3, 3, -7, 1, -3, 2, 1, 3, -8, 4, 0, -3, -3, -5, 0, 4, 1, 2, -4, 1, -6, -5, -8, -5, -2, -1, -3, 4, -3, -2, -5, -7]
 
0.320403260724: [2, 4, -4, -6, 2, -1, 4, -5, -7, 3, -8, 2, 1, -8, 0, -6, -2, -6, -6, -2, 1, -7, 2, -1, -7, 2, -2, -5, 2, -6, -3, -6, -3, -3, 3, -1, 1, -1, -1, -6, -6, 2, -6, 2, 2, -8, -3, -2, 0, 0, 4, 4, 4, -8, -3, 1, -2, 3, -7, -7, 4, -1, -1, -6, 4, -2, -4, -5, 3, -1, -8, 4, 0, -2, -7, -4, 0, -7, -8, 3, -1, -6, -4, -3, -2, 4, -8, 3, -3, 3, 4, -3, 0, -4, 1, -8, -4, -4, -8, -5, -5, 4, 2, -5, -3, 3, 0, -3, -3, -5, -5, 4, -6, -1, 4, 4, 1, -1, 4, 4, -8, 3, 0, -2, -1, -8, -8, -3]
 
2.5505889926985343: [-7, 4, -4, -6, 4, -1, -2, -5, 0, -6, -4, 2, 1, -1, 2, -8, 3, -6, 4, -5, -7, -3, 2, -1, -7, 2, 0, -5, -7, -8, -3, -8, -4, -3, 3, -1, 1, -3, 0, -6, -5, 2, -6, -4, -8, -8, -8, -3, -8, 2, 4, -7, 4, -8, -4, 4, -2, 3, 0, -7, -2, -1, -3, -6, 4, -2, -4, -5, -7, -1, -8, 4, -2, 3, -1, -4, 3, -7, -6, -3, -1, -3, -4, 2, -7, 4, -8, -4, 1, -1, 4, -3, -2, 4, -3, 2, 3, -6, -8, 1, -8, 3, 1, 4, -3, 3, 0, -3, -3, -5, 2, -8, -6, -7, -4, 1, -6, -1, -8, -5, -4, 3, -3, 1, -6, -8, -3, -2]
 
3.5480347460238915: [-7, 4, -4, -7, -1, 0, -2, -7, 2, -5, -4, 0, 1, -2, 4, -6, -3, -1, -4, -8, -3, -1, -6, -5, 2, -6, -3, -3, 2, -1, 4, -7, -4, 2, -2, -4, -8, 0, -8, -3, 0, 2, -6, -7, -2, -2, -1, -4, -6, 0, -7, -2, -6, -8, -4, -7, -2, 2, 0, -7, -2, -1, -3, -6, 4, -2, -4, 0, -7, -1, -8, 4, -2, 3, -1, -4, 3, -7, -6, -3, -1, -3, -4, 2, -7, 4, -8, -4, 1, -1, 4, -3, 0, 0, 0, -8, 3, 3, -8, 1, -8, 3, 1, -5, -3, 3, 0, -3, -3, -5, 2, -8, -6, -5, -4, 1, -6, 0, -8, -6, -2, -1, -3, 4, -7, -2, -4, 0]
 
2.274274033900034: [-7, 4, -4, -6, 4, -1, -2, -5, 0, -6, -4, 2, 1, -1, 2, -8, 3, -6, 4, -5, -7, -3, 2, -1, -7, 2, 0, -5, -7, -8, -3, -8, -4, -3, 3, -1, 1, -3, 0, -6, -5, 2, -6, -4, -8, -8, -8, -3, -8, 2, 4, -7, 4, -8, -4, 4, -2, 3, 0, -7, -2, -1, -3, -6, 4, -2, -4, -5, -7, -1, -8, 4, -2, 3, -1, -4, 3, -7, -6, -3, -1, -3, -4, 2, -7, 4, -8, -4, 1, -1, 4, -3, 0, 0, 0, -8, 3, 3, -8, 1, -8, 3, -8, 3, -8, -4, 0, -3, -3, -5, 0, -8, 1, 2, -4, 1, -6, -2, -8, -6, -2, -1, -3, 4, -7, -2, -4, 0]
 
2.6475289597770706: [-8, 4, -3, -7, -4, -4, -6, 1, 4, -2, -6, -4, -3, -7, -5, 3, -2, -5, 0, -2, 0, -3, 2, -1, -7, 2, 0, -5, -7, 2, -3, -8, -4, -3, 3, -1, 1, -3, 0, -6, -5, 2, -6, -4, -8, -8, -8, -3, -8, 2, 4, -7, 4, -8, -4, 4, -2, 3, 0, -7, -2, -1, -3, -6, 4, -2, -4, -5, -7, -1, -8, 4, -2, 3, -1, -4, 3, -7, -6, -3, -1, -3, -4, 2, -7, 4, -8, -4, 1, -1, 4, -3, 0, 0, 0, -8, 3, 3, -8, 1, -8, 3, -8, 3, -8, -4, 0, -3, -3, -5, 0, -8, 1, 2, -4, 1, -6, -2, -8, -6, -2, -1, -3, 4, -7, -2, -4, 0]
 
1.3315251252259115: [3, -3, -4, -6, 4, 2, -2, 0, 0, -2, -8, -1, 1, -2, 0, -6, -5, -6, 4, -2, 1, -7, 2, -1, -5, 2, -2, -5, 2, 2, -3, -1, -3, 1, 3, -1, 1, -3, 0, -6, -5, 2, -6, 2, 2, -8, -3, -7, 0, 2, 4, -7, 4, -6, -4, 1, -2, 3, -6, -7, -2, -6, 3, -6, -7, -2, -4, -1, 3, -3, -8, 4, 0, -4, -7, 3, -8, -7, -6, 3, -1, -3, -4, 0, -2, 4, -8, 3, -7, -4, 4, -3, -1, -1, 0, -8, -4, -4, -8, -5, -5, 4, 1, 0, 4, -5, 0, -3, -3, -2, -5, -8, -6, 0, 4, 4, 1, 0, -5, -7, -6, 0, 4, -2, 2, -2, -4, -2]
 
2.668851323846874: [-8, 4, 2, -7, -2, -8, 3, -6, 1, -2, -4, 0, 1, -1, 2, -8, -2, -6, 4, -5, -1, -3, -6, -1, -8, 2, 0, -5, 1, 2, -3, -8, 4, -3, -5, -1, 1, -3, 0, -6, -1, 2, -6, -1, -7, -8, -8, -1, 2, 2, 4, -7, 4, -8, -6, 4, -1, 3, -5, -7, -2, -6, -3, -1, 4, -2, -3, -5, -8, -1, -8, 4, -2, 3, 3, -4, 3, -7, -6, 2, -1, -3, -4, 2, -7, 4, -1, -4, 1, 4, 3, -3, 4, 0, 0, 2, 3, 0, -4, 2, -8, 3, 1, -5, -3, 3, -4, -8, 4, -5, 2, -8, 3, -5, -4, -5, -2, -5, 2, 3, -2, -1, -3, -7, -7, 1, -4, 0]
 
-1000: [-7, 4, -4, -6, -5, -1, -2, -5, -2, 0, -4, 2, 1, -1, 2, 1, 3, -7, 4, 2, -3, -3, 2, -5, -7, -1, -8, -3, -7, -8, -3, -8, -4, -3, 3, -1, 1, -3, 0, -8, -5, 2, -6, -8, -8, -8, -8, -3, -4, 2, -4, -7, 4, -8, -4, 4, 2, -2, 0, -7, 2, -1, -3, -6, -6, -2, -4, -6, -7, -1, -8, 4, -2, 3, -1, -4, 3, 3, -3, -3, -2, -3, -4, 2, -7, 4, -8, -1, 1, -1, 4, -3, -8, 0, -6, -8, 3, -2, -8, 1, -8, 3, 1, -5, -3, 3, -8, -3, -3, -5, 2, 0, -6, -5, -4, 4, -6, 0, -8, -6, -2, -1, -3, 4, -7, 4, -7, 0]
 
4.45242643323: [-7, 4, -4, -7, -1, 0, -2, -7, 2, -5, -4, 0, 1, -2, 4, -6, -3, -1, -4, -8, -3, -1, -6, -5, 2, -6, -3, -3, 2, -1, 4, -7, -4, 2, -2, -4, -8, 0, -8, -3, 0, 2, -6, -7, -2, -2, -1, -4, -6, 0, -7, -2, -6, -8, -4, -7, -2, 2, 0, -7, -2, -1, -3, -6, 4, -2, -4, 0, -7, -1, -8, 4, -2, 3, -1, -4, 3, -7, -6, -3, -1, -3, -4, 2, -7, 4, -8, -4, 1, -1, 4, -3, 0, 0, 0, -8, 3, 3, -8, 1, -8, 3, -8, 3, -8, -4, 0, -3, -3, -5, 0, -8, 1, 2, -4, 1, -6, -2, -8, -6, -2, -1, -3, 4, -7, -2, -4, 0]
 
3.81166871692: [-7, 4, -4, -6, 4, -1, -2, -5, 0, -6, -4, 2, 1, -1, 2, -4, 3, -2, 4, -2, -7, 0, 2, -5, 2, 2, -6, -5, -7, 2, -3, -8, -4, -3, 3, -1, 1, -3, 0, -6, -5, 2, -6, -4, -8, -8, -8, -3, -8, 2, 4, -7, 4, -8, -4, 4, -2, 3, 0, -7, -2, -1, -3, -6, 4, -2, -4, -5, -7, -1, -8, 4, -2, 3, -1, -4, 3, -7, -6, -3, -1, -3, -4, 2, -7, 4, -8, -4, 1, -1, 4, -3, 0, 0, 0, -8, 3, 3, -8, 1, -5, 4, 1, -5, -3, 3, 0, -3, -3, -2, -5, -2, -6, 0, -1, 4, 1, -7, 1, 4, 1, 3, -3, 1, -6, -8, 4, -6]
 
2.12930092948: [-7, 4, -4, -6, -2, -1, -5, -5, 0, -4, -4, 2, 1, -1, 2, -8, 3, -6, 4, -5, -7, -3, 2, -1, -7, 2, 0, -5, -7, -8, -3, -8, -4, -3, 3, -1, 1, -3, 0, -6, -5, 2, -6, -4, -8, -8, -8, -3, -8, 2, 4, -7, 4, -8, -4, 4, -2, 3, 0, -7, -2, -1, -3, -6, 4, -2, -4, -5, -7, -1, -8, 4, -2, 3, -1, -4, 3, -7, -6, -3, -1, -3, -4, 2, -7, 4, -8, -4, 1, -1, 4, -3, 0, 0, 0, -8, 3, 3, -8, 1, -8, 3, -8, 3, -8, -4, 0, -3, -3, -5, 0, -8, 1, 2, -4, 1, -6, -2, -8, -6, -2, -1, -3, 4, -7, -2, -4, 0]
 
-1000: [-7, 4, -4, -6, 4, -1, -2, -5, 0, -6, -4, 2, 1, -1, 3, -4, 3, 4, 3, -2, -3, 0, -8, -5, 2, 2, -6, -5, -7, 2, -7, -8, -4, -3, 3, -1, 1, -1, 2, -6, -7, -6, -6, -4, -8, -8, -8, -4, -8, 2, 4, -4, -6, 4, 4, 4, -2, 3, 0, -2, -2, 4, -3, 1, 4, -2, -4, -5, -7, -1, -8, 4, -4, 3, 2, -7, 3, 4, -6, -3, -1, -3, 2, 2, -7, 4, -8, 4, 1, -1, 4, -3, -5, 0, 0, -6, 3, 3, -8, 1, -5, 4, 1, 1, -4, 1, 0, -4, -3, -1, -5, -3, -6, 0, -1, 4, 1, -7, 1, 4, 1, 3, -3, 1, -6, -8, 4, 0]
 
3.77581271098: [2, 4, -4, -6, -5, -1, 4, -5, 0, -6, -4, 2, 1, -1, 2, -8, 3, -6, 4, -5, -7, -3, 2, -1, -7, 2, 0, -5, -7, -8, -3, -8, -4, -3, 3, -1, 1, -3, 0, -6, -5, 2, -6, -4, -8, -8, -8, -3, -8, 2, 4, -7, 4, -8, -4, 4, -2, 3, 0, -7, -2, -1, -3, -6, 4, -2, -4, -5, -7, -1, -8, 4, -2, 3, -1, -4, 3, -7, -6, -3, -1, -3, -4, 2, -7, 4, -8, -4, 1, -1, 4, -3, 0, 0, 0, -8, 3, 3, -8, 1, -8, 3, -8, 3, -8, -4, 0, -3, -3, -5, 0, -8, 1, 2, -4, 1, -6, -2, -8, -6, -2, -1, -3, 4, -7, -2, -4, -6]
 
2.58048361689: [-7, 4, -4, -6, 4, -1, -2, -5, 0, -6, -4, 2, 1, -1, 2, -8, 3, -6, 4, -5, -7, -3, 2, -1, -7, 2, 0, -5, -7, -8, -3, -8, -4, -3, 3, -1, 1, -3, 0, -6, -5, 2, -6, -4, -8, -8, -8, -3, -8, 2, 4, -7, 4, -8, -4, 4, -2, 3, 0, -7, -2, -1, -3, -6, 4, -2, -4, -5, -7, -1, -8, 4, -2, 3, -1, -4, 3, -7, -6, -3, -1, -3, -4, 0, -2, 4, -8, 3, -3, -4, 4, -3, 0, -1, 0, -8, -4, -4, -8, -5, -5, 4, 1, -5, -3, 3, 0, -3, -3, -2, -5, -8, -6, 0, 4, 4, 1, -1, -6, 4, -8, 3, -3, 1, -6, -8, 4, -6]
 
0.533144312462: [2, 4, -4, -6, -5, -1, 4, -5, 0, 3, -8, 2, 1, 4, 0, -6, -5, -6, 4, -2, 1, -7, 2, -1, -7, 2, -2, -5, 2, 2, -3, -6, -3, -3, 3, -1, 1, -3, 0, -6, -5, 2, -6, 2, -8, -8, -3, -7, 0, -8, 4, -7, 4, -8, -4, 1, -2, 3, -7, -7, -2, -1, -4, -6, 4, -2, -4, -5, 3, -1, -8, 4, 0, -4, -7, -4, -8, -7, -6, 3, -1, -3, -4, 2, -7, 4, -8, -4, 1, -1, 4, -3, 0, 0, 0, -8, 3, 3, -8, 1, -8, 3, -8, 3, -8, -4, 0, -3, -3, -5, 0, -8, 1, 2, -4, 1, -6, -2, -8, -6, -2, -1, -3, 4, -7, -2, -4, 0]
 
2.37234664739: [2, 4, -7, -6, 4, -1, -2, -5, 0, -6, -4, 2, 1, -1, 2, -8, 3, -6, 4, -5, -7, -3, 2, -1, -7, 2, 0, -5, -7, -8, -3, -8, -4, -3, 3, -1, 1, -3, 0, -6, -5, 2, -6, -4, -8, -8, -8, -3, -8, 2, 4, -7, 4, -8, -4, 4, -2, 3, 0, -7, -2, -1, -3, -6, 4, -2, -4, -5, -7, -1, -8, 4, -2, 3, -1, -4, 3, -7, -6, -3, -1, -3, -4, 0, -2, 4, -8, 3, -3, -4, 4, -3, 0, -1, 0, -8, -4, -4, -8, -5, -5, 4, 1, -5, -3, 3, 0, -3, -3, -2, -5, -8, -6, 0, 4, 4, 1, -1, -6, 4, -8, 3, -3, 1, -6, -8, 4, -6]
 
4.22543704264: [-7, 4, -4, -7, -1, 0, -2, -7, 2, -5, -4, 0, 1, -2, 4, -6, -3, -1, -4, -8, -3, -1, -6, -5, 2, -6, -3, -3, 2, -1, 4, -7, -4, 2, -2, -4, -8, 0, -8, -3, 0, 2, -6, -7, -2, -2, -1, -4, -6, 0, -7, -2, -6, -8, -4, -7, -2, 2, 0, -7, -2, -1, -3, -6, 4, -2, -4, 0, -7, -1, -8, 4, -2, 3, -1, -7, -2, -8, -6, -3, -1, -3, -4, 2, -8, -6, -2, -4, 0, -1, 0, -3, 4, -7, 0, 2, 3, -7, -8, -4, -8, -3, -2, -4, -6, -3, 0, -3, -3, -1, 0, -8, 1, 4, -4, 2, -6, -1, -6, 4, -8, 3, -3, 1, -6, -8, 4, -6]
 
2.11573302404: [3, -3, -6, -6, 4, 0, 4, -5, 0, 3, -8, 2, 1, 4, 0, -6, -5, -6, 4, -2, 1, -7, 2, -1, -7, 2, -2, -5, 2, 2, -3, -6, -3, -3, 3, -1, 1, -3, 0, -6, -5, 2, -6, 2, -8, -8, -3, -7, 0, -8, 4, -7, 4, -8, -4, 1, -2, 3, -7, -7, -2, -1, -4, -6, 4, -2, -4, -5, 3, -1, -8, 4, 0, -4, -7, -4, -8, -7, -6, 3, -1, -3, -4, 0, -2, 4, -8, 3, -3, -4, 4, -3, 0, -1, 0, -8, -4, -4, -8, -5, -5, 4, 1, -5, -3, 3, 0, -3, -3, -2, -5, -8, -6, 0, 4, 4, 1, -1, -6, 4, -8, 3, -3, 1, -6, -8, 4, -6]
 
2.11691186318: [2, 4, -4, -6, -5, -1, 3, 1, 4, -5, -4, 0, 1, -4, -4, 1, 1, -7, 3, -8, -3, -5, -6, 3, 2, -6, 0, -3, 2, -3, 2, -8, -4, 2, -2, -4, 1, -3, 0, -6, -6, 2, -2, -4, -4, -7, -7, 3, 3, 1, -4, 0, 0, -3, -6, 1, 0, -4, 2, -5, -3, -2, -8, -2, 0, 1, 1, -1, -1, 3, 3, -6, 3, 1, -8, -8, -7, -1, -1, 3, -8, -8, -7, -6, -8, -7, -2, -7, 0, -5, 4, -5, -2, 4, -3, 2, 3, -6, -8, 1, -8, 3, 1, 4, -3, 3, 0, -3, -3, -5, 2, -8, -6, -7, -4, 1, -6, -1, -8, -5, -4, 3, -3, 1, -6, -8, -3, -2]
 
4.93513364702: [-7, 4, -4, -6, 4, -1, -2, -5, 0, -6, -4, 2, 1, -1, 2, -8, 3, -6, 4, -5, -7, -3, 2, -1, -7, 2, 0, -5, -7, -8, -3, -8, -4, -3, 3, -1, 1, -3, 0, -6, -5, 2, -6, -4, -8, -8, -8, -3, -8, 2, 4, -7, 4, -8, -4, 4, -2, 3, 0, -7, -2, -1, -3, -6, 4, -2, -4, -5, -7, -1, -8, 4, -2, 3, -1, -4, 3, -7, -6, -3, -1, -3, -4, 2, -7, 4, -8, -4, 1, -1, 4, -3, 0, 0, 0, -8, 3, 3, -8, 1, -8, 3, -8, 4, -3, 3, 0, -3, -3, -5, 2, -8, -6, -7, -4, 1, -6, -1, -8, -5, -4, 3, -3, 1, -6, -8, -3, -2]
 
1.51627686987: [-5, -7, -5, -6, 4, -1, 3, 1, 4, 2, -4, 0, 1, -4, -4, 1, -8, -7, 3, -8, -3, -5, -6, 3, 2, -6, 0, -3, 2, -3, -4, -8, -4, 2, -2, -4, 1, -3, -4, -6, -2, 2, -2, -4, -4, -3, 1, 3, 3, 1, -4, 0, 0, -3, -5, -6, -6, -4, 2, -5, 1, -2, -1, -2, 0, 1, 1, -1, -1, 3, 3, -6, 3, 1, -8, -8, -4, -1, 4, 3, -8, -8, -7, -6, -8, -7, -2, -3, 0, -5, 4, -5, -2, 3, -3, 2, 3, -2, -8, 1, 2, 3, 1, 3, -8, 3, 0, -3, -3, -5, 0, 4, -7, 2, -4, -4, -3, -2, 1, -6, -2, -1, -3, 4, 3, -2, -2, 0]
 
3.75934918193: [2, 4, -7, -6, 4, -1, -2, -5, 0, -6, -4, 2, 1, -1, 2, -8, 3, -6, 4, -5, -7, -3, 2, -1, -7, 2, 0, -5, -7, -8, -3, -8, -4, -3, 3, -1, 1, -3, 0, -6, -5, 2, -6, -4, -8, -8, -8, -3, -8, 2, 4, -7, 4, -8, -4, 4, -2, 3, 0, -7, -2, -1, -3, -6, 4, -2, -4, -5, -7, -1, -8, 4, -2, 3, -1, -4, 3, -7, -6, -3, -1, -3, -4, 0, -2, 4, -8, 3, -3, -4, 4, -3, 0, -1, 0, -8, -4, -4, -8, -5, -8, -3, -2, -4, -6, -3, 0, -3, -3, -1, 0, -8, 1, 4, -4, 2, -6, -1, -6, 4, -8, 3, -3, 1, -6, -8, 4, -6]
 
2.41902984405: [2, 4, -7, -7, -1, 0, -2, -7, 2, -5, -4, 0, 1, -2, 4, -6, -3, -1, -4, -8, -3, -1, -6, -5, 2, -6, -3, -3, 2, -1, 4, -7, -4, 2, -2, -4, -8, 0, -8, -3, 0, 2, -6, -7, -2, -2, -1, -4, -6, 0, -7, -2, -6, -8, -4, -7, -2, 2, 0, -7, -2, -1, -3, -6, 4, -2, -4, 0, -7, -1, -8, 4, -2, 3, -1, -7, -2, -8, -6, -3, -1, -3, -4, 2, -8, -6, -2, -4, 0, -1, 0, -3, 4, -7, 0, 2, 3, -7, -8, -4, -5, 4, 1, -5, -3, 3, 0, -3, -3, -2, -5, -8, -6, 0, 4, 4, 1, -1, -6, 4, -8, 3, -3, 1, -6, -8, 4, -6]
 
2.12595735112: [2, 4, -4, -6, -5, -1, 4, -5, 0, -6, -4, 2, 1, -1, 2, -8, 3, -6, 4, -5, -7, -3, 2, -1, -7, 2, 0, -5, -7, -8, -3, -8, -4, -3, 3, -1, 1, -3, 0, -6, -5, 2, -6, -4, -8, -8, -8, -3, -8, 2, 4, -7, 4, -8, -4, 4, -2, 3, 0, -7, -2, -1, -3, -6, 4, -2, -4, -5, -7, -1, -8, 4, -2, 3, -1, -4, 3, -7, -6, -3, -1, -3, -4, 2, -8, -6, -2, -4, 0, -1, 0, -3, 4, -7, 0, 2, 3, -7, -8, -4, -5, 4, 1, -5, -3, 3, 0, -3, -3, -2, -5, -8, -6, 0, 4, 4, 1, -1, -6, 4, -8, 3, -3, 1, -6, -8, 4, -6]
 
3.93390148: [2, 4, -7, -7, -1, 0, -2, -7, 2, -5, -4, 0, 1, -2, 4, -6, -3, -1, -4, -8, -3, -1, -6, -5, 2, -6, -3, -3, 2, -1, 4, -7, -4, 2, -2, -4, -8, 0, -8, -3, 0, 2, -6, -7, -2, -2, -1, -4, -6, 0, -7, -2, -6, -8, -4, -7, -2, 2, 0, -7, -2, -1, -3, -6, 4, -2, -4, 0, -7, -1, -8, 4, -2, 3, -1, -7, -2, -8, -6, -3, -1, -3, -4, 2, -7, 4, -8, -4, 1, -1, 4, -3, 0, 0, 0, -8, 3, 3, -8, 1, -8, 3, -8, 3, -8, -4, 0, -3, -3, -5, 0, -8, 1, 2, -4, 1, -6, -2, -8, -6, -2, -1, -3, 4, -7, -2, -4, 0]
 
4.0344948276: [-7, 4, -4, -6, 4, -1, -2, -5, 0, -6, -4, 2, 1, -1, 2, -8, 3, -6, 4, -5, -7, -3, 2, -1, -7, 2, 0, -5, -7, -8, -3, -8, -4, -3, 3, -1, 1, -3, 0, -6, -5, 2, -6, -4, -8, -8, -8, -3, -8, 2, 4, -7, 4, -8, -4, 4, -2, 3, 0, -7, -2, -1, -3, -6, 4, -2, -4, -5, -7, -1, -8, 4, -2, 3, -1, -4, 3, -7, -6, -3, -1, -3, -4, 2, -7, 4, -8, -4, 1, -1, 4, -3, 0, 0, 0, -8, 3, 3, -8, 1, -8, 3, -8, 3, -8, -4, 0, -3, -3, -5, 0, -8, 1, 2, -4, 1, -6, -2, -8, -6, -2, -1, -3, 4, -7, -2, -4, 0]
 
3.66912016478: [2, 4, -4, -6, -5, -1, 4, -5, 0, -6, -4, 2, 1, -1, 2, -8, 3, -6, 4, -5, -7, -3, 2, -1, -7, 2, 0, -5, -7, -8, -3, -8, -4, -3, 3, -1, 1, -3, 0, -6, -5, 2, -6, -4, -8, -8, -8, -3, -8, 2, 4, -7, 4, -8, -4, 4, -2, 3, 0, -7, -2, -1, -3, -6, 4, -2, -4, -5, -7, -1, -8, 4, -2, 3, -1, -4, 3, -7, -6, -3, -1, -3, -4, 2, -7, 4, -8, -4, 1, -1, 4, -3, 0, 0, 0, -8, 3, 3, -8, 1, -8, 3, -8, 3, -8, -4, 0, -3, -3, -5, 0, -8, 1, 2, -4, 1, -6, -2, -8, -6, -2, -1, -3, 4, -7, -2, -4, 0]
 
3.06520981229: [2, 4, -4, -6, -5, -1, 4, -5, 0, -6, -4, 2, 1, -1, 2, -8, 3, -6, 4, -5, -7, -3, 2, -1, -7, 2, 0, -5, -7, -8, -3, -8, -4, -3, 3, -1, 1, -3, 0, -6, -5, 2, -6, -4, -8, -8, -8, -3, -8, 2, 4, -7, 4, -8, -4, 4, -2, 3, 0, -7, -2, -1, -3, -6, 4, -2, -4, -5, -7, -1, -8, 4, -2, 3, -1, -4, 3, -7, -6, -3, -1, -3, -4, 2, -7, 4, -8, -4, 1, -1, 4, -3, 0, 0, 0, -8, 3, 3, -8, 1, -8, 3, -8, 3, -8, -4, 0, -3, -3, -5, 0, -8, 1, 2, -4, 1, -6, -2, -8, -6, -2, -1, -3, 4, -7, -2, -4, 0]
 
0.74087128686: [-7, 4, -4, -6, 4, -1, -2, -5, 0, -6, -4, 2, 1, -1, 2, -8, 3, -6, 4, -5, -7, -3, 2, -1, -7, 2, 0, -5, -7, -8, -3, -8, -4, -3, 3, -1, 1, -3, 0, -6, -5, 2, -6, -4, -8, -8, -8, -3, -8, 2, 4, -7, 4, -8, -4, 4, -2, 3, 0, -7, -2, -1, -3, -6, 4, -2, -4, -5, -7, -1, -8, 4, -2, 3, -1, -4, 3, -7, -6, -3, -1, -3, -4, 2, -7, 4, -8, -4, 1, -1, 4, -3, 0, 0, 0, -8, 3, 3, -8, 1, -8, 3, -8, 3, -8, -4, 0, -3, -3, -5, 0, -8, 1, 2, -4, 1, -6, -2, -8, -6, -2, -1, -3, 4, -7, -2, -4, 0]
 
3.69212302729: [3, -3, -6, -6, 4, -1, -2, -5, 0, -6, -4, 2, 1, -1, 2, -8, 3, -6, 4, -5, -7, -3, 2, -1, -7, 2, 0, -5, -7, -8, -3, -8, -4, -3, 3, -1, 1, -3, 0, -6, -5, 2, -6, -4, -8, -8, -8, -3, -8, 2, 4, -7, 4, -8, -4, 4, -2, 3, 0, -7, -2, -1, -3, -6, 4, -2, -4, -5, -7, -1, -8, 4, -2, 3, -1, -4, 3, -7, -6, -3, -1, -3, -4, 2, -7, 4, -8, -4, 1, -1, 4, -3, 0, 0, 0, -8, 3, 3, -8, 1, -8, 3, -8, 3, -8, -4, 0, -3, -3, -5, 0, -8, 1, 2, -4, 1, -6, -2, -8, -6, -2, -1, -3, 4, -7, -2, -4, 0]
 
1.78960564756: [2, 4, -4, -6, -5, -1, 4, -5, 0, -6, -4, 2, 1, -1, 2, -8, 3, -6, 4, -5, -7, -3, 2, -1, -7, 2, 0, -5, -7, -8, -3, -8, -4, -3, 3, -1, 1, -3, 0, -6, -5, 2, -6, -4, -8, -8, -8, -3, -8, 2, 4, -7, 4, -8, -4, 4, -2, 3, 0, -7, -2, -1, -3, -6, 4, -2, -4, -5, -7, -1, -8, 4, -2, 3, -1, -4, 3, -7, -6, -3, -1, -3, -4, 2, -7, 4, -8, -4, 1, -1, 4, -3, 0, 0, 0, -8, 3, 3, -8, 1, -8, 3, 1, -5, -3, 3, 0, -3, -3, -5, 2, -8, -6, -5, -4, 1, -6, -2, -8, -6, -2, -1, -3, 4, -7, -2, -4, 0]
 
0.93726616577: [-7, 3, -4, -6, -1, -1, -5, -5, 0, -4, -4, 2, 1, -1, 2, -8, 3, -6, 4, -5, -3, -2, 2, -1, -7, 2, 0, -4, -7, -8, -5, -1, -4, -4, -4, -1, 1, -3, 0, -6, 1, -3, -6, -8, -5, -8, -8, -3, -8, 2, 4, -7, 4, -1, -4, 2, -2, 3, 0, -7, -2, -1, -4, -6, 4, -2, -4, -5, -7, -2, -8, -2, -2, -3, -1, 1, 3, -7, -6, -7, -1, -1, -4, 2, -7, 4, 2, -4, 1, -1, 4, -8, 0, 0, 0, -8, 3, 3, -8, -3, -8, 3, -8, 3, -4, -4, 0, -3, -3, -5, 0, 2, 3, -1, -4, 1, -6, -2, -8, -6, -2, -1, -3, 4, -7, -2, 0, 0]
 
4.02466662188: [-7, 4, -4, -6, 4, -1, -2, -5, 0, -6, -4, 2, 1, -1, 2, -8, 3, -6, 4, -5, -7, -3, 2, -1, -7, 2, 0, -5, -7, -8, -3, -8, -4, -3, 3, -1, 1, -3, 0, -6, -5, 2, -6, -4, -8, -8, -8, -3, -8, 2, 4, -7, 4, -8, -4, 4, -2, 3, 0, -7, -2, -1, -3, -6, 4, -2, -4, -5, -7, -1, -8, 4, -2, 3, -1, -4, 3, -7, -6, -3, -1, -3, -4, 2, -7, 4, -8, -4, 1, -1, 4, -3, 0, 0, 0, -8, 3, 3, -8, 1, -8, 3, -8, 3, -8, -4, 0, -3, -3, -5, 0, -8, 1, 2, -4, 1, -6, -2, -8, -6, -2, -1, -3, 4, -7, -2, -4, 0]
 
1.18726913615: [-7, 4, -4, -6, -2, -1, -5, -5, 0, -4, -4, 2, 1, -1, 2, -8, 3, -6, 4, -5, -7, -3, 2, -1, -7, 2, 0, -5, -7, -8, -3, -8, -4, -3, 3, -1, 1, -3, 0, -6, -5, 2, -6, -4, -8, -8, -8, -3, -8, 2, 4, -7, 4, -8, -4, 4, -2, 3, 0, -7, -2, -1, -3, -6, 4, -2, -4, -5, -7, -1, -8, 4, -2, 3, -1, -4, 3, -7, -6, -3, -1, -3, -4, 2, -7, -7, -7, -2, -3, 1, 4, -4, -3, -1, 0, -8, -4, -4, -5, -6, -8, 3, 1, -5, -3, 3, 0, -3, -3, -6, -8, -8, -6, -5, -4, 4, -6, -2, -8, -6, 4, -1, -3, 4, -7, -2, -4, -3]
 
2.31361161259: [4, 2, -4, -6, 4, 1, -2, -5, 0, -6, -4, 2, 1, 4, 2, -8, 3, -6, 4, -5, -7, -3, -2, -1, -5, 2, 0, -5, 4, 2, -3, 1, -6, -3, 0, 4, 1, -3, 0, -6, -5, 2, -8, -2, -8, -8, 3, -3, -8, 2, 4, -7, 4, -8, -1, 4, -5, 4, -8, 2, -2, -5, -8, -8, -6, -6, 4, -5, 3, -5, -8, 4, 0, -3, -1, -4, -8, -7, 3, 3, 4, -3, -4, 0, -2, 4, -8, -4, 1, -1, 4, -3, 0, 0, 0, -8, 3, 3, -8, 1, -8, 3, -8, 3, -8, -4, 0, -3, -3, -5, 0, -8, 1, 2, -4, 1, -6, -2, -8, -6, -2, -1, -3, 4, -7, -2, -4, 0]
 
1.45859945397: [0, 4, -4, 2, -5, -1, 4, -5, 0, 4, -6, 2, 1, 2, 3, 4, 3, -1, 4, -5, -2, -3, 2, -6, -7, -3, 2, -5, -7, -8, -4, -1, -4, -3, 3, -1, 1, -3, 0, -6, -4, 2, -6, -4, -8, -1, 0, 2, -8, 2, -2, -7, 4, -8, 0, 4, -2, 1, 0, -7, -1, -1, -3, -6, 4, 2, -4, -4, -7, 3, -6, 4, -2, 3, -1, -4, 3, -8, 1, -3, 3, 4, -6, 2, -7, -2, -4, -7, 1, -1, 4, -8, 0, -3, 0, -8, 1, 3, -8, -1, -2, -2, 1, -5, 4, 3, 0, -3, -3, -1, 1, -8, -2, -5, -4, 1, -6, -2, -8, -4, -2, -1, -4, 4, -7, -2, -4, 4]
 
3.46223219448: [3, -3, -6, -6, 4, -1, -2, -5, 0, -6, -4, 2, 1, -1, 2, -8, 3, -6, 4, -5, -7, -3, 2, -1, -7, 2, 0, -5, -7, -8, -3, -8, -4, -3, 3, -1, 1, -3, 0, -6, -5, 2, -6, -4, -8, -8, -8, -3, -8, 2, 4, -7, 4, -8, -4, 4, -2, 3, 0, -7, -2, -1, -3, -6, 4, -2, -4, -5, -7, -1, -8, 4, -2, 3, -1, -4, 3, -7, -6, -3, -1, -3, -4, 2, -7, 4, -8, -4, 1, -1, 4, -3, 0, 0, 0, -8, 3, 3, -8, 1, -8, 3, -8, 3, -8, -4, 0, -3, -3, -5, 0, -8, 1, 2, -4, 1, -6, -2, -8, -6, -2, -1, -3, 4, -7, -2, -4, 0]
 
2.53078931312: [-7, 4, -4, -6, 4, 0, 3, 1, 4, -5, -4, 0, 1, -4, -4, 1, 1, -7, 3, -8, -3, -5, -6, 3, 2, -6, 0, -3, 2, -3, 2, -8, -4, 2, -2, -4, 1, -3, 0, -6, -6, 2, -2, -4, -4, -7, -7, 3, 3, 1, -4, 0, 0, -3, -6, 1, 0, -4, 2, -5, -3, -2, -8, -2, 0, 1, 1, -1, -1, 3, 3, -6, 3, 1, -8, -8, -7, -1, -1, 3, -8, -8, -7, -6, -8, -7, -2, -7, 0, -5, 4, -5, -2, 4, -3, 2, 3, -6, -8, 1, -8, 3, 1, 4, -3, 3, 0, -3, -3, -5, 2, -8, -6, -7, -4, 1, -6, -1, -8, -5, -4, 3, -3, 1, -6, -8, -3, -2]
 
2.41646618672: [3, -3, -6, -6, 4, -1, -2, -5, 0, -6, -4, 2, 1, -1, 2, -8, 3, -6, 4, -5, -7, -3, 2, -1, -7, 2, 0, -5, -7, -8, -3, -8, -4, -3, 3, -1, 1, -3, 0, -6, -5, 2, -6, -4, -8, -8, -8, -3, -8, 2, 4, -7, 4, -8, -4, 4, -2, 3, 0, -7, -2, -1, -3, -6, 4, -2, -4, -5, -7, -1, -8, 4, -2, 3, -1, -4, 3, -7, -6, -3, -1, -3, -4, 2, -7, 4, -8, -4, 1, -1, 4, -3, 0, 0, 0, -8, 3, 3, -8, 1, -8, 3, -8, 3, -8, -4, 0, -3, -3, -5, 0, -8, 1, 2, -4, 1, -6, -2, -8, -6, -2, -1, -3, 4, -7, -2, -4, 0]
 
