1.9572670045870657: [1, -5, 0, 3, 2, -6, 3, -6, -4, 2, -3, -8, -2, -4, -2, -1, 1, -2, 1, 2, -8, -3, -4, -7, 2, -4, -7, 2, 2, -6, -6, -8, -4, -3, 3, -1, 1, -3, 0, -6, -5, 2, -6, 2, -8, -8, -3, -7, 0, -8, 4, -7, 4, -8, -4, 1, -2, 3, -7, -7, -2, -1, -3, -6, 4, -2, -4, -5, -7, -1, -8, 4, -2, 3, -1, -4, 3, -7, -6, -3, -1, -3, -2, -3, -2, 4, -8, 3, -3, 3, 4, -3, 0, -8, -4, -8, -6, -4, -8, -5, 3, 0, 0, 0, -3, 0, -2, -2, -3, -6, -2, -3, 4, -5, -2, 4, 1, -1, -6, -7, -8, -2, -2, 1, -6, -8, -3, -6]
 
3.39881366541: [-7, 4, -4, -6, 4, -1, 4, -4, 3, 0, -5, 2, 1, -1, 2, -8, -6, -6, 4, -5, -7, -3, 2, -1, -7, 2, -3, -5, -7, -8, 0, -8, -4, -3, 2, -1, 1, -8, 0, -4, -5, 2, -6, -4, -8, -8, -3, -3, -8, 2, 3, 1, 4, -8, -4, -6, -3, 3, -8, -7, -5, 2, 1, -6, 4, -2, -4, -5, -7, -5, -8, 4, -2, 3, -1, -4, 3, -7, 3, 4, -1, -3, -2, 4, 4, -4, -3, -1, 4, 3, -4, 1, 4, 1, -4, -8, -6, -8, -7, -5, -2, -3, 0, 0, -3, 0, -2, 0, -3, -7, -2, -3, 4, -8, -2, -4, -6, -1, -2, -7, -8, -2, -2, 1, -6, -8, -3, -6]
 
0.48995521511151796: [-7, 4, -4, -6, 4, -1, -2, -5, 0, -6, -4, 2, 1, 1, 2, -3, 3, -6, 4, 0, -4, -3, 2, -1, 4, 2, 4, -5, 3, -6, 4, -8, -3, -3, -8, -1, 1, -3, 0, -6, -5, 2, -3, -1, -8, -8, -2, 1, -8, -4, 4, -6, 4, -8, -4, 4, -2, 3, 0, 2, -4, -1, -3, -6, 4, -6, -5, -5, -5, -8, 4, -2, 0, 3, -5, -7, 2, -7, -6, -4, -1, -3, -6, 1, -8, -7, 0, -2, -2, -8, -6, 1, 0, 0, 0, -8, 3, 3, -8, 1, -5, 4, 1, -5, -3, 3, 0, -3, -3, -2, -5, -2, -6, 0, -1, 4, 1, -7, 1, 4, 1, 3, -3, 1, -6, -8, 4, -6]
 
1.6211203274446415: [-8, -1, -4, 3, 0, -1, -2, -8, 0, 3, -4, 2, 1, -3, 2, -7, -6, -3, 1, -5, -4, -3, 4, -7, -5, -4, -6, 2, 3, -6, -4, -2, -3, -1, 3, -1, 1, -3, -7, -6, -5, 2, -6, 2, -8, -8, -2, 3, 0, 1, 4, -7, 0, 4, -4, 4, -2, -4, -4, 0, -4, -1, -3, -6, 4, -6, -4, 2, -7, -8, 4, -6, -2, 3, -5, -7, 3, -7, -6, -4, -1, -3, -4, 2, -7, 4, -8, -4, 1, -1, 4, -3, 0, 0, 0, -8, 3, 3, -8, 1, -5, 4, 1, -5, -3, 3, 0, -3, -3, -4, -3, -7, -6, -7, 2, 3, -3, -5, -5, -2, -6, -5, 3, -1, -6, -4, -8, -6]
 
0.762980174764589: [-7, 4, -4, -6, 4, -1, -2, -5, 0, -6, -4, 2, 1, -1, 2, -8, 3, 0, -7, -5, -7, -3, 2, -2, -7, 2, 0, -5, -7, -8, -3, -2, -3, -1, 3, -1, -3, -3, 0, -6, -5, 2, -6, -1, -8, -8, -2, 3, 0, 1, -8, -7, -7, -3, -4, 1, -6, 1, -5, -8, 0, -5, -5, -6, -8, -5, -2, -4, 2, 4, -7, -3, -4, 2, 3, -6, -3, -1, 2, -2, -4, -7, -4, -3, -7, 1, -3, -2, -2, -6, -4, -5, 2, -7, 3, 2, 4, -8, -4, -7, -6, -5, -4, -6, 0, -2, -8, 0, -5, 2, -5, 0, -6, -4, 4, 4, -1, -5, -6, -8, -5, 3, 2, -3, -7, 3, -1, 0]
 
1.8874135996083665: [-1, -1, -4, 3, 0, -1, -2, -8, 0, 3, -4, 2, 1, 3, -5, -4, -1, 4, 1, -5, -7, -3, -4, 0, 2, -4, -7, 2, 3, -6, -6, 4, -4, -3, 3, -1, 1, -3, 0, -6, -5, 2, -6, -4, -5, -8, -7, 3, 3, 1, -4, 0, -5, -5, -6, -1, 0, -7, 2, -5, -7, -2, -8, -2, 0, 1, -8, -8, -1, 3, -5, -6, 3, 1, 1, -1, -7, -1, -1, 3, -4, -3, 1, 2, -8, -7, -8, 1, 0, -5, 4, -2, -2, 0, 0, -8, -3, 3, -8, -7, -8, -5, -8, 3, -8, -4, -3, -8, -3, -5, 0, -8, -2, 0, -8, 4, -4, -1, -5, 4, -8, 3, -3, 1, -6, -8, 4, -6]
 
1.8015472745131333: [-7, 4, -4, -6, 4, -1, -2, -8, 0, 3, -4, 2, 1, 3, 2, -8, -1, 0, 1, -5, -7, -3, -4, -7, 2, -4, -7, 2, 2, -6, -6, -8, -4, -3, 3, -1, 1, -3, 0, -6, -5, 2, -6, 2, -8, -8, -3, -7, 0, -8, 4, -7, 4, -8, -4, 1, -2, 3, -7, -7, -2, -1, -3, -6, 4, -2, -4, -5, -7, -1, -8, 4, -2, 3, -1, -4, 3, -7, -6, -3, -1, -3, -2, 4, -8, -4, -3, -1, -7, 3, -4, 1, 4, -8, -4, -8, -6, -4, -8, -5, 3, 0, 0, 0, 0, -2, -8, -2, -3, -6, -2, -3, 4, -5, -2, 4, 1, -1, -6, -7, -8, -2, -2, 1, -6, -8, -3, -6]
 
0.977814114469: [-1, -1, -4, 3, 0, -1, -2, -5, 0, -6, -4, 2, -7, -1, 2, -8, 3, -6, 4, -5, -7, -3, 2, -1, -7, 2, 0, 0, -7, -8, -3, -1, -4, 1, 3, -1, 1, -3, 0, -5, -7, 0, -6, -4, -6, -2, -2, 4, -3, -8, -5, -6, 2, -1, 4, -1, -1, -7, -2, -4, -1, 3, 2, -5, -1, -2, -6, 4, 4, 2, 4, -7, -3, -7, -6, 1, -3, -4, 0, -5, -2, -4, 0, 3, 0, 1, 1, 4, -4, -6, -6, -2, -1, -3, 0, -1, -5, -2, -7, 3, -3, -5, -4, -8, -1, -4, -7, -2, 2, -2, -6, 4, 1, 3, -7, 1, -5, -4, 4, 4, -7, -1, -5, -6, -2, 4, 1, -3]
 
2.7447198041583962: [-8, -1, -4, 3, 0, -1, -2, -8, 0, 3, -4, 2, 1, 3, 2, -8, -1, 0, 1, -5, -7, -3, -4, -7, 2, -4, -7, 2, 2, -6, -6, -8, -4, -3, 3, -1, 1, -3, 0, -6, -5, 2, -6, 2, -8, -8, -3, -7, 0, -8, 4, -7, 4, -8, -4, 1, -2, 3, -7, -7, -2, -1, -3, -6, 4, -2, -4, -5, -7, -1, -8, 4, -2, 3, -1, -4, 3, -7, -6, -3, -1, -3, -2, 4, -8, -4, -3, -1, -7, 3, -4, 1, 4, -8, -4, -8, -6, -4, -8, -5, 3, 0, 0, 0, 0, -2, -8, -2, -3, -6, -2, -3, 4, -5, -2, 4, 1, -1, -6, -7, -8, -2, -2, 1, -6, -8, -3, -6]
 
0.6579784363628853: [-7, 4, -4, -6, 4, -3, -2, 4, 4, -6, -4, 2, 1, -1, 2, -8, 1, -6, 4, 3, -7, -3, 2, -8, -7, -3, -4, -5, -7, -8, -3, 3, -4, -3, 3, -1, 1, -3, 0, -5, 1, 2, -6, -4, -8, -8, -8, -3, -8, -1, 4, -7, 1, -8, -4, 4, -2, 3, -2, -7, -2, -1, -3, 0, 4, -6, -4, -5, 3, -8, 4, -6, -2, 3, -5, -7, 3, -7, -6, -4, -1, 0, -3, 1, -8, -7, 0, -2, -2, -8, -4, -5, 2, 2, -6, 2, -1, -8, -4, -7, -6, -5, -4, -6, -1, -2, -7, -6, -8, 0, 1, 0, -7, 3, 3, 4, -4, -3, -5, -2, -6, -5, 3, -1, -6, -6, -8, -6]
 
1.7796786961875242: [-1, -1, -4, 3, -8, -1, -2, -8, 1, 3, -4, 2, 1, 3, 2, -8, -1, -8, -4, 4, -4, -5, -6, -1, -7, 2, -3, -4, -4, -7, 2, 3, -4, -3, -5, -1, 1, -8, 0, -6, -5, 2, -6, 2, -5, 0, -3, -7, 2, -8, 3, -7, 4, -8, -1, 1, -4, 3, -4, -7, 3, 4, -6, -6, 3, -8, -4, -5, 3, -3, -8, 4, 2, -3, 0, -4, -6, -1, -3, 3, -1, -6, -4, -3, -5, -4, -3, -1, -7, 3, -4, 1, 4, -8, -4, 3, -6, -4, -8, -1, 3, 0, 0, 0, -3, 4, -4, -2, -3, -5, -2, -3, 4, -5, -2, 4, 1, -1, -7, -7, -8, -2, -2, 1, -6, -8, -7, -6]
 
1.0186787375308293: [2, -1, -2, -6, -5, -1, -2, -5, -3, -6, -4, 2, 1, -1, -3, 0, -7, 1, -8, 3, -7, -6, -6, -6, 2, 4, 2, -5, 2, 0, 0, -1, 1, -5, 0, -1, -4, -5, -3, -5, -6, 0, -6, -5, -6, -2, -2, -2, -3, -8, -5, -6, 2, -5, 4, -1, 1, -7, 2, 3, -1, 3, 2, -5, -7, -2, -6, 4, 4, 2, 4, -3, -4, 0, -5, 1, -3, -4, -4, 2, -2, -4, 0, 4, 0, 1, 1, 4, -4, -6, -6, -2, -2, -3, 4, -5, -1, 0, -4, -7, -6, -5, -4, -6, 0, -2, -8, 0, -8, 2, 1, 0, -2, 0, 2, 4, -4, -3, -5, -2, -6, -5, -4, -1, -6, -4, -8, -6]
 
1.395009521787794: [-7, 4, -2, 0, 4, -1, -2, -5, 0, -6, -2, 2, 1, -1, 2, -8, 3, 4, 4, -5, -7, -3, 2, -1, -7, 2, 4, -5, -7, -5, -4, -8, 1, -3, 3, -1, 1, -3, -8, -5, -6, 0, -6, -5, -6, -2, -2, -2, -3, -4, -5, -6, 2, -5, 4, -1, 1, -7, 2, 3, -1, 3, 2, -1, -7, -2, -6, 4, 4, -3, 4, -3, -4, 0, 2, 1, -3, -6, -4, 2, -2, 2, 0, 1, 2, 1, 1, 4, 3, -3, -6, -5, -2, -3, 4, -3, -1, 0, -7, -7, -3, -7, -4, -8, -1, -5, -8, -2, 2, -2, -6, -5, 4, 3, -7, 1, -5, -4, -5, 4, -7, -1, -5, -2, -4, 4, -5, -4]
 
1.664345041480583: [-2, 2, -4, -8, -2, 2, -7, 4, -3, -7, -8, 1, -3, 4, -3, 0, -7, 1, -8, 3, -7, -6, -6, -6, 2, 4, 2, -5, 2, 0, 0, -1, 1, -5, 0, -1, -4, -5, -3, -5, -6, 0, -6, -5, -6, -2, -2, -2, -3, -8, -5, -6, 2, -5, 4, -1, 1, -7, 2, 3, -1, 3, 2, -5, -7, -2, -6, 4, 4, 2, 4, -3, -4, 0, -5, 1, -3, -4, -4, 2, -2, -4, 0, 4, 0, 1, 1, 4, -4, -6, -6, -2, -2, -3, 4, -5, -1, 0, -7, -1, -3, -5, -4, -8, -1, -4, -8, -2, 2, -2, -6, 4, 1, 3, -7, 1, -5, -4, -5, 4, -7, -1, -5, 2, -4, 4, -5, -3]
 
0.7267986190721993: [2, -1, -2, -6, -5, -1, -2, -5, -3, -6, -4, -2, 1, -1, 2, -5, 3, -5, -6, -5, -4, -6, -5, 4, 2, -4, -7, 2, 2, -6, -7, -7, 2, -7, 2, -1, 1, -3, 0, -6, -3, 2, -6, 2, -8, -6, -3, -5, 0, -8, 4, -7, -8, -8, -3, 1, -2, 3, -5, -7, -2, 3, -3, -6, 4, -2, -4, -5, -7, -1, -8, 4, -4, 2, -1, -4, 3, -7, -6, -4, -1, -3, -3, 4, 2, -4, -3, -1, -7, 3, 0, 1, 4, -8, -8, -7, 4, -4, -8, -5, 3, 0, 1, 3, -3, -8, -6, 0, 3, -5, -2, 2, 0, -2, 3, -6, -8, 0, -6, -4, -8, 4, 3, -5, -6, -5, -2, -6]
 
1.6419213186917898: [2, 4, -4, -6, -1, -1, -7, -5, 0, -6, -4, 2, -5, -1, 2, -7, 3, -6, 4, -5, -7, -3, 3, -2, -7, 2, 0, -5, -8, -8, -3, -8, 0, -3, 3, -8, 1, -3, 0, -5, -6, 0, -6, -5, -8, -2, -2, -2, 1, -8, -4, -6, 2, -5, 4, 3, 1, -7, 2, 1, 1, -4, 2, -1, -7, -2, -6, 4, -8, 2, 4, -5, -4, -7, -5, 1, 4, -4, -4, -7, -2, -4, 0, 4, 0, 2, 1, 4, -4, -6, -6, -2, -2, -2, 4, -5, -1, 0, -7, -1, -6, -5, -4, -8, -1, 4, -5, -2, 2, -2, -6, 4, 1, 3, -6, 1, 1, -4, -5, 4, -7, -1, -6, 2, -4, 4, -5, -3]
 
1.815497536160986: [-8, -1, -4, 3, 0, -1, -2, -8, 0, 3, -4, 2, 1, 3, 2, -8, -1, 0, 1, -5, -7, -3, -4, -7, 2, -4, -7, 2, 2, -6, -6, -8, -4, -3, 3, -1, 1, -3, 0, -6, -5, 2, -6, 2, -8, -8, -3, -7, 0, -8, 4, -7, 4, -8, -4, 1, -2, 3, -7, -7, -2, -1, -3, -6, 4, -6, -5, -5, -5, -8, 4, -2, 0, 3, -5, -7, 2, -7, -6, -4, -1, -3, -6, 1, -8, -7, 0, -2, -2, -8, -6, 1, 2, 2, -6, 2, 0, -8, -4, -7, -6, -5, -4, -6, 0, -2, -8, 0, -8, 2, 1, 0, -2, 0, 2, 4, -4, -3, -5, -2, -6, -5, -4, -1, -6, -4, -8, -6]
 
1.691195925559426: [-7, 4, -4, -6, 4, -3, -2, 4, 4, -6, -4, 2, 1, -1, 2, -8, 1, -6, 4, 3, -7, -3, 2, -8, -7, -3, -4, 2, 2, -6, -6, -8, -4, -3, 3, -1, 1, -3, 0, -6, -5, 2, -6, 2, -8, -2, -2, -2, -3, -8, -5, -6, 2, -5, 4, -1, 1, -7, 2, 3, -1, 3, 2, -5, -7, -2, -6, 4, 4, 2, 4, -3, -4, 0, -5, 1, -3, -4, -4, 2, -2, -4, 0, 4, 0, 1, 1, 4, -4, -6, -6, -2, -2, -3, 4, -5, -1, 0, -7, -1, -3, -5, -4, -8, -1, -4, -8, -2, 2, -2, -6, 4, 1, 3, -7, 1, -5, -4, -5, 4, -7, -1, -5, 2, -4, 4, -5, -3]
 
3.5789587337820468: [2, 4, -4, -6, -5, -1, 4, -5, 0, -6, -4, 2, 1, -1, 2, -8, 3, -6, 4, -5, -7, -3, 2, -1, -7, 2, 0, -5, -7, -8, -3, -8, -4, -3, 3, -1, 1, -3, 0, -6, -5, 2, -6, -4, -8, -8, -7, 3, 3, 1, -4, 0, 0, -3, -6, 1, 0, -4, 2, -5, -3, -2, -8, -2, 0, 1, 1, -1, -1, 3, 3, -6, 3, 1, -8, -8, -7, -1, -1, 3, -8, -8, -7, -6, -8, -7, -2, -7, 0, -5, 4, -5, -2, 0, 0, -8, 3, 3, -8, 1, -8, 3, -8, 3, -8, -4, 0, -3, -3, -5, 0, -8, -6, 0, 4, 4, 1, -1, -6, 4, -8, 3, -3, 1, -6, -8, 4, -6]
 
0.7913388038932434: [-7, 4, -4, -6, 4, -1, -2, -5, 0, -6, -4, 2, 1, -1, 2, -8, 3, 0, -7, -5, -7, -6, -8, -7, -6, -1, -6, -2, 1, 3, -7, -7, -4, -4, -8, 0, -5, 4, -6, 2, -3, -5, 0, 3, -1, 3, -1, 1, 0, -8, 0, -7, 4, -6, -8, 1, 3, 4, -7, 1, -6, -1, -3, 0, -7, -2, -4, -2, -7, -1, -6, 4, -2, 3, -1, -4, -5, -7, -5, -3, 1, -8, -2, 4, -8, -4, -3, -1, -7, -6, -4, -6, 4, -8, -4, -4, -6, -4, 4, -5, 0, 0, 0, 0, -2, -8, 1, -2, -3, 0, 1, -3, 4, -5, 0, -6, 0, -3, -6, 4, -8, -8, -3, 4, -6, 4, 1, -6]
 
1.7491699889502987: [-7, 4, -4, -6, 4, -1, -2, -5, 0, -6, -4, 2, 1, -1, 2, -8, 3, 0, -7, -5, -7, -6, -8, -7, -6, -1, -6, -2, 1, 3, -7, -7, -4, -4, -8, 0, -5, 4, -6, 2, -3, -5, 0, 3, -1, 3, -1, 1, 0, -8, 0, -7, 4, -6, -8, 1, 3, 4, -7, 1, -6, -1, -3, -6, -8, -5, -2, -4, 2, 4, -7, -3, -4, 2, 3, -6, -3, -1, 2, -2, -4, -7, -4, -3, -7, 1, -3, -2, -2, -6, -4, -5, 2, -7, 3, 2, 4, -8, -4, -7, -6, -5, -4, -6, 0, -2, -8, 0, -5, 2, -5, 0, -6, -4, 4, 4, -1, -5, -6, -8, -5, 3, 2, -3, -7, 3, -1, 0]
 
1.3718628411140081: [-7, 4, -4, -6, 4, -1, -2, -5, 0, -6, -4, 2, 1, -1, 2, -8, 3, 0, -7, -5, -7, -6, -8, -7, -6, -1, -6, -2, 1, 3, -7, -7, -4, -4, -8, 0, -5, 4, -6, 2, -3, -5, 0, 3, -1, 3, -1, 1, 0, -8, 0, -7, 4, -6, -8, 1, 3, 4, -7, 1, -6, -1, -3, 0, -7, -2, -4, -2, -7, -1, -6, 4, -2, 3, -1, -4, -5, -7, -5, -3, 1, -8, -2, 4, -8, -4, -3, -1, -7, -6, -4, -6, 4, -8, -4, -4, -6, -4, 4, -5, 0, 0, 0, 0, -2, -8, 1, -2, -3, 0, 1, -3, 4, -5, 0, -6, 0, -3, -6, 4, -8, -8, 3, -1, -6, -4, -8, -6]
 
0.676353325128: [-7, 4, -4, -6, -7, -1, -2, -5, 0, 1, -8, 2, 1, -1, 2, -8, 3, -6, 4, -5, -7, -3, 4, -1, -7, 2, -1, -5, -7, -8, -3, -7, -4, -3, 3, -1, 1, -3, -5, -5, -6, -1, -4, -5, -3, 1, -2, -7, -3, -8, -5, -6, 2, -2, 4, 4, 1, -3, -3, 3, -1, -3, -6, -5, -7, -2, -8, 4, 4, 2, 4, -3, -4, 0, -5, 1, -3, -1, -4, 2, -2, -4, 0, 4, 0, 1, -8, 4, -4, -6, -6, -2, -2, -3, 4, -5, -2, -8, -7, -1, -3, -3, -4, -6, -1, -4, -8, -7, 2, -2, 2, 1, 1, 3, -7, 3, -5, -4, -5, -8, -7, -1, -5, 2, -4, 4, -5, -3]
 
0.9756539592147766: [2, 4, -4, -6, -2, -1, 4, -5, 0, -6, -6, 2, 0, -1, 2, -8, 3, -6, 4, -5, -7, -3, 2, -1, -4, 2, 0, -5, -5, 0, -3, -8, -4, -3, 4, -1, 1, -3, 0, 3, -5, 2, -6, -5, -8, -8, -8, -3, -8, -3, 4, -7, 4, -8, -4, 4, -2, 3, 0, -7, -7, -1, -3, -6, 3, 0, -4, -5, -7, -1, -8, 4, -2, 3, -1, -4, 3, -7, -6, -2, -1, -3, -4, 2, -7, -4, -8, 4, 1, -1, 4, -3, 1, 0, 0, -8, 3, 3, -8, 3, -5, 4, 1, -5, 3, 3, -3, -3, -3, -2, -5, -2, -6, 3, 2, 1, 1, -7, 1, 1, 1, 3, -8, 1, -6, -8, 2, -6]
 
1.23596773718: [1, -5, 2, 3, 2, 0, 3, -6, -4, 2, -3, -8, -2, 3, -2, -1, 1, -6, 1, 2, -8, 4, -8, 2, -6, 4, -6, 2, 1, 3, -4, -7, -4, -4, -5, 0, -8, 4, -6, -2, -5, -5, 2, -5, 0, 2, -2, 1, 2, -8, -3, -1, 2, -5, -8, -6, -3, 3, -8, -7, -5, 0, -3, 2, -6, -7, 3, 2, -8, 1, 2, 3, -7, -3, 0, 0, 3, -7, -6, -3, 0, 0, -1, -4, -6, -7, -5, 0, -3, 3, -4, 1, 4, -1, -4, -8, -6, 4, -8, -7, -8, -4, -2, 1, 4, -4, -5, -5, 2, -4, -5, -2, -6, 0, -1, 4, -8, -7, 1, 4, 1, 3, -3, 1, -6, -8, -3, -6]
 
2.20572310055: [-2, 1, -4, -6, -3, -3, -7, 4, 4, -6, -4, 2, 1, -1, 2, -8, 1, -4, 4, 3, -7, -6, 2, -7, 3, -6, -4, 2, 2, -6, -2, 3, -4, -3, 3, -1, 1, -3, 0, -3, -5, -3, -6, 2, -8, -1, -3, -7, 0, -8, 3, -7, 4, -8, -4, 1, -2, 3, -7, -5, -2, 3, -3, -6, 4, -2, -4, -5, -7, -1, -7, 4, -2, 3, -1, -4, 3, -7, -6, -3, -5, -3, -2, 4, -8, -4, -3, 3, -7, 3, -4, 1, 4, -8, -4, -8, -6, -4, -8, -5, 4, 4, 0, 0, -7, -2, -8, 0, 3, 3, -4, 0, 2, -6, 3, 4, -4, 3, -5, -7, -3, -6, -2, -3, 0, 3, 4, -3]
 
0.754357588868: [-2, 2, -4, -8, -2, 2, -7, 4, -7, -7, -8, 1, -3, 4, -3, 0, -7, 1, -6, 3, -7, -6, -6, -6, 2, 4, 2, -5, 2, 0, -6, -1, 1, -5, 0, -1, -4, -5, -3, -5, -6, 1, -6, 1, -6, -2, -2, -2, -6, -8, -5, -6, 2, 1, 0, 4, -4, -2, 3, 3, 3, 3, -3, -5, -4, -3, -6, -6, -1, 2, 4, -3, -4, 0, -5, 1, -3, -4, -6, 2, 3, -4, 0, 4, 0, 1, -1, 4, -4, -6, -6, -2, -2, -3, 4, -8, -1, 0, -4, -2, -3, -5, -4, -6, 0, -2, -8, 0, -8, 2, 2, 0, -2, -4, 2, 4, -4, -3, -5, -2, -8, -5, -5, -1, -6, -4, -8, -6]
 
1.0363128726853237: [-2, 4, -4, -6, 3, -1, -2, 0, 0, -6, -4, 2, 1, 1, 2, 4, 3, -6, -6, 0, -4, -3, 2, -1, 2, 2, 4, -5, 3, -6, 4, -8, -7, -3, -8, -1, -1, -3, 0, 4, -5, 2, -6, -6, 2, -8, -2, 1, -3, 2, 4, -6, -1, -8, -4, 0, -2, 3, 0, 2, -4, -6, -3, -6, 4, -2, 3, -5, -7, -3, -4, 3, -2, 3, -1, -4, 3, -7, -6, -7, -1, -3, -2, 4, 4, -4, -3, -7, -7, 3, -4, -7, 4, -8, -4, -8, -6, 3, -8, -3, 3, 0, 0, 0, -3, 0, -2, -2, -3, -6, -4, -3, 0, -5, -2, -1, 1, -1, -6, -7, -8, 3, -3, 1, -6, -8, -3, -6]
 
0.794331518104: [-1, -7, 4, 3, -5, -5, -3, 2, -2, -8, -7, 3, 2, -5, 3, -1, -8, -5, -2, -2, -2, -5, 3, -7, -3, 3, -5, -2, -5, -2, -8, 4, 3, -8, -4, 0, 1, -7, -1, -1, -5, -1, 2, -2, 1, -8, -3, 4, 3, -6, 4, 2, 3, -4, 2, -1, -2, -4, 2, -1, -1, 3, -6, -5, -7, -5, -1, 1, -2, -6, -3, -7, 2, 3, -1, -4, -4, -4, -6, -3, -1, -4, -1, 4, 1, 0, -3, -8, -7, -5, -1, 1, -2, -2, -3, -8, -8, 1, -8, -5, -4, 0, 3, -7, -3, 2, -8, -2, -8, 2, -2, 0, -2, -3, -7, 4, -4, 2, -5, -2, -6, -5, 4, -1, -6, -4, -1, -6]
 
1.8407267929417102: [1, -4, 0, -8, -7, 2, 3, -5, 2, 2, -4, -8, -2, 2, -2, -4, 0, 4, -2, -8, -5, -3, 2, -2, -7, -2, 0, -4, -7, -8, -3, -2, -3, -5, 3, -1, -3, -5, 0, -6, -5, 2, -6, -1, -3, -8, -2, 3, 0, 1, -8, -7, -7, -5, 4, 1, -6, 1, -5, -1, 0, -5, -5, -6, -8, -5, -2, 2, 2, 4, -7, -3, -3, -2, 3, 3, -3, -1, 2, -2, -4, -7, 3, 1, -7, 1, -3, -2, -2, 1, -4, -5, 2, -7, 3, 2, 4, -8, 1, -7, 0, 3, -4, -6, 0, -6, -8, 0, -5, 2, -5, 0, -6, -4, 4, 4, -1, -7, -6, -8, -5, 3, 2, -3, -7, 3, -1, -1]
 
1.0139087609704878: [-7, 4, -4, -6, 4, -1, -2, -5, 0, -6, -4, 2, 1, -1, 2, -8, 3, 0, -7, -5, -7, -3, 2, -2, -7, 2, 0, -5, -7, -8, -3, -2, -3, -1, 3, -1, -3, -3, 0, -6, -5, 2, -6, -1, -8, -8, -2, 3, 0, 1, -8, -7, -7, -3, -4, 1, -6, 1, -5, -8, 0, -5, -5, 0, -7, -2, -4, -2, -7, -1, -6, 4, -2, 3, -1, -4, -5, -7, -5, -3, 1, -8, -2, 4, -8, -4, -3, -1, -7, -6, -4, -6, 4, -8, -4, -4, -6, -4, 4, -5, 0, 0, 0, 0, -2, -8, 1, -2, -3, 0, 1, -3, 4, -5, 0, -6, 0, -3, -6, 4, -8, -8, -3, 4, -6, 4, 1, -6]
 
0.36423151375572893: [-8, 3, -5, -6, -6, -7, -8, -1, 3, -3, -5, 1, -3, -7, 1, 4, -8, -2, 1, -6, -6, -3, -4, -2, -8, -8, 3, -7, -5, 3, 4, 4, -1, 2, -7, 2, 2, 1, 4, 4, -5, -3, 0, 2, -4, -6, 1, 2, -1, 3, 0, 0, -8, 3, -3, -5, -8, -6, -1, -2, 2, -1, -6, -3, -3, -7, -7, 3, -3, -1, -4, 4, 4, -3, 4, -2, 0, 0, -6, -1, -8, -4, 2, -2, -3, 0, -2, 3, -3, -4, 3, -6, -2, 0, 3, -1, 4, -5, -7, 4, -2, 1, 3, -2, 1, 0, 4, -5, -7, 1, -3, -6, -2, -2, 3, -6, -6, 1, 1, 4, 4, 4, -7, 2, 1, 3, -8, 0]
 
1.46520994674: [-1, 0, -4, -2, -4, -5, -4, -2, 0, -7, -8, 0, -3, 4, -3, -6, -2, -2, 3, -1, 2, 0, 3, 0, -4, 0, -7, -8, 0, 0, -4, -4, 0, 2, -5, 0, -3, -8, -5, -4, 2, -6, 0, -2, -1, -8, -7, -7, -3, -3, -5, 3, -3, -1, -6, 0, 0, 1, -6, 2, -7, -6, 3, -6, 3, 3, -8, -8, 0, 1, -5, -3, 4, 4, -6, -2, 4, 0, 1, 1, 3, 2, -7, -7, -2, -7, -6, -5, -7, -8, -6, -8, -3, -3, -8, 4, -4, -4, -8, -1, -3, 4, -3, -8, -5, -6, -4, 3, -8, 4, 0, 1, 1, -8, -6, -1, -5, 0, -3, -4, -4, -3, -4, -7, -8, -3, 4, 0]
 
1.02404094484: [-8, 3, -5, -6, -6, -7, -8, -1, 3, -3, -5, 1, -3, -7, 1, 4, -8, -2, 1, -6, -6, -3, -4, -2, -8, -8, 3, -7, -5, 3, 4, 4, -1, 2, -7, 2, 2, 1, 4, 4, -5, -3, 0, 2, -4, -6, 1, 2, -1, 3, 0, 0, -8, 3, -3, -5, -8, -6, -1, -2, 2, -1, -6, -3, 4, -2, -4, -5, -7, -1, -8, 4, -2, 3, -1, -4, 3, -7, -6, -3, -1, -3, -2, 4, -8, -4, -3, -1, -7, 3, -4, 1, 4, -8, -4, -8, -6, -4, -8, -5, 3, 0, 0, 0, 0, -2, -8, -2, -3, -6, -2, -3, 4, -5, -2, 4, 1, -1, -6, -7, -8, -2, -2, 1, -6, -8, -3, -6]
 
1.08511363226: [2, -6, -4, 2, 3, 2, 4, -5, 0, -5, -4, 2, 1, 4, 1, -8, 3, -6, 4, -5, -7, -5, -8, -1, -7, 2, 0, -5, -7, -8, -3, -8, -4, 1, 3, -4, 1, -3, 0, -6, 3, 2, -6, -2, -8, -4, -7, 3, 3, 1, -4, 0, 0, -6, -6, 1, -1, -4, 2, 0, -3, -5, -8, -2, -2, 1, 1, -1, -1, 3, 3, -6, 3, 1, 0, -8, 3, -7, -6, -5, -1, -3, -2, -4, -8, -7, 0, -8, -5, 3, -4, 4, 4, -2, 2, -8, -6, -8, -8, -7, -8, 1, -2, 1, 4, -4, 2, -5, 2, -2, -5, -2, -6, 0, -1, -1, 1, -7, 1, 4, -8, 4, -3, 1, -6, -8, 4, -6]
 
2.17860928921: [1, -5, 0, 3, 2, -6, 3, -6, -4, 2, -3, -8, -2, -4, -2, -1, 1, -2, 1, 2, -8, 4, -8, 2, -6, -1, -6, -7, 1, -7, -4, -7, -4, -4, -8, 0, -4, 4, -6, -2, -3, -5, -8, -5, -1, -7, -2, 1, 2, -8, -3, -1, 2, -5, -8, -6, -3, 3, -8, -7, -5, 0, 1, 2, -6, -7, 3, 0, -8, 1, 1, 3, 2, 3, 0, 0, -7, -1, -1, 3, -8, -8, -7, -6, -8, -7, -2, -7, 0, -5, 4, -5, -2, 0, 0, -8, 3, 3, -8, 1, -8, 3, -8, 3, -8, -4, 0, -3, -3, -5, 0, -8, -6, 0, 4, 4, 1, -1, -6, 4, -8, 3, -3, 1, -6, -8, 4, -6]
 
0.876457461435: [2, -1, -2, -6, -5, -1, -2, -5, -3, -6, -4, -2, 1, -1, 2, -5, 3, -5, -6, -5, -4, -6, -5, 4, 2, -4, -7, 2, 2, -6, -7, -7, 2, -7, 2, -1, 1, -3, 0, -6, -3, 2, -6, 2, -8, -6, -3, -5, 0, -8, 4, -7, -8, -8, -3, 1, -2, 3, -5, -7, -2, 3, -3, -6, 4, -2, -4, -5, -7, -1, -8, 4, -4, 2, -1, -4, 3, -7, -6, -4, -1, -3, -3, 4, 2, -4, -3, -1, -7, 3, 0, 1, 4, -8, -8, -7, 4, -4, -8, -5, 3, 0, 1, 3, -3, -8, -6, 0, -8, 2, 1, 0, -2, 0, 3, 4, -4, 2, -5, -2, -6, -5, 3, -1, -6, -4, -8, -6]
 
0.693361856039: [-1, -7, -4, 3, -5, 0, -3, 2, -3, -8, -7, 3, 2, 1, 0, -1, -8, 0, -8, -2, -2, -8, 3, -7, -3, 3, -5, 1, -5, -2, 0, 4, -5, -8, -4, 0, 1, -3, -1, 2, 3, 0, -1, -2, 1, -8, -3, 4, 3, -7, -8, 2, -5, 4, -3, 1, -2, -4, 2, -1, -3, -4, -6, -8, -4, -5, -1, 1, -2, -1, -5, -7, -1, 3, -1, -4, 3, -7, -6, -3, -1, -3, -2, 4, -8, -4, -3, -1, -7, 3, -4, 1, 4, -8, -4, -8, -6, -4, -8, -5, 3, 0, 0, 0, 0, -2, -8, 0, 3, -5, -2, 2, 0, -2, 3, -6, -8, 0, -6, -4, -8, 4, 3, -5, -6, -5, -2, -6]
 
3.45717795993: [-7, 4, -4, -6, 4, -3, -2, 4, 4, -6, -4, 2, 1, -1, 2, -8, 1, -6, 4, 3, -7, -3, 2, -8, -7, -3, -4, 2, 2, -6, -6, -8, -4, -3, 3, -1, 1, -3, 0, -6, -5, 2, -6, 2, -8, -8, -3, -7, 0, -8, 4, -7, 4, -8, -4, 1, -2, 3, -7, -7, -2, -1, -3, -6, 4, -2, -4, -5, -7, -1, -8, 4, -2, 3, -1, -4, 3, -7, -6, -3, -1, -3, -2, 4, -8, -4, -3, -1, -7, 3, -4, 1, 4, -8, -4, -8, -6, -4, -8, -5, 3, 0, 0, 0, 0, -2, -8, 0, -8, 2, 1, 0, -2, 0, 3, 4, -4, 2, -5, -7, -3, -6, -2, -3, -5, -3, 4, -3]
 
0.744068752339: [-7, 4, -4, -6, 4, -3, -2, 4, 4, -6, -4, 2, 1, -1, 2, -8, 1, -6, 4, 3, -7, -3, 2, -8, -7, -3, -4, -5, -7, -8, -3, 3, -4, -3, 3, -1, 1, -3, 0, -5, 1, 2, -6, -4, -8, -8, -8, -3, -8, -1, 4, -7, 1, -8, -4, 4, -2, 3, -2, -7, -2, -1, -3, 0, 4, -6, -4, -5, 3, -8, 4, -6, -2, 3, -5, -7, 3, -7, -6, -4, -1, 0, -3, 1, -8, -7, 0, -2, -2, -8, -4, -5, 2, 2, -6, 2, -1, -8, -4, -7, -6, -5, -4, -6, -1, -2, -7, -6, -8, 0, 1, 0, -7, 3, 3, 4, -4, -3, -5, -2, -6, -5, 3, -1, -6, -6, -8, -6]
 
1.63281693968: [1, -5, 0, 3, 2, -6, 3, -6, -4, 2, -3, -8, -2, -4, -2, -1, 1, -2, 1, 2, -8, 4, -8, 2, -6, -1, -6, -7, 1, -7, -4, -7, -4, -4, -8, 0, -4, 4, 4, 4, -5, -3, 0, 2, -4, -6, 1, 2, -1, 3, 0, 0, -8, 3, -3, -5, -8, -6, -1, -2, 2, -1, -6, -3, -3, -7, -7, 3, -3, -1, -4, 4, 4, -3, 4, -2, 0, 0, -6, -1, -8, -4, 2, -2, -3, 0, -2, 3, -3, -4, 3, -6, -2, 0, 3, -1, 4, -5, -7, 4, -2, 1, 3, -2, 1, 0, 4, -5, -7, 1, -3, -6, -2, -2, 3, -6, -6, 1, 1, 4, 4, 4, -7, 2, 1, 3, -8, 0]
 
1.2340973224: [-8, 3, -5, -6, -6, -7, -8, -1, 3, -3, -5, 1, -3, -7, 1, 4, -8, -2, 1, -6, -6, -3, -4, -2, -8, -8, 3, -7, -5, 3, 4, 4, -1, 2, -7, 2, 2, 1, -6, -2, -3, -5, -8, -5, -1, -7, -2, 1, 2, -8, -3, -1, 2, -5, -8, -6, -3, 3, -8, -7, -5, 0, 1, 2, -6, -7, 3, 0, -8, 1, 1, 3, 2, 3, 0, 0, 3, -7, -6, -3, -1, -3, -2, -4, -8, -7, 0, -1, -3, 3, -4, 1, 4, -8, -4, -8, -6, -4, -8, -7, -8, 1, -2, 1, 4, -4, 2, -5, 2, -2, -5, -2, -6, 0, -1, 4, 1, -7, 1, 4, 1, 3, -3, 1, -6, -8, 4, -6]
 
1.3716404698: [-1, -7, -4, 3, -5, 0, -3, 2, -3, -8, -7, 3, 2, 1, 0, -1, -8, 0, -8, -2, -2, -8, 3, -7, -3, 3, -5, 1, -5, -2, 0, 4, -5, -8, -4, 0, 1, -3, -1, 2, 3, 0, -1, -2, 1, -8, -3, 4, 3, -7, -8, 2, -5, 4, -3, 1, -2, -4, 2, -1, -3, -4, -6, -8, -4, -5, -1, 1, -2, -1, -5, -7, -1, 3, -1, -4, 3, -7, -6, -3, -1, -3, -2, 4, -8, -4, -3, -1, -7, 3, -4, 1, 4, -8, -4, -8, -6, -4, -8, -5, 3, 0, 0, 0, 0, -2, -8, 0, -8, 2, 1, 0, -2, 0, 3, 4, -4, 2, -5, -7, -3, -6, -2, -3, -5, -3, 4, -3]
 
2.53689081851: [-7, 4, -4, -6, 4, -3, -2, 4, 4, -6, -4, 2, 1, -1, 2, -8, 1, -6, 4, 3, -7, -3, 2, -8, -7, -3, -4, 2, 2, -6, -6, -8, -4, -3, 3, -1, 1, -3, 0, -6, -5, 2, -6, 2, -8, -8, -3, -7, 0, -8, 4, -7, 4, -8, -4, 1, -2, 3, -7, -7, -2, -1, -3, -6, 4, -2, -4, -5, -7, -1, -8, 4, -2, 3, -1, -4, 3, -7, -6, -3, -1, -3, -2, 4, -8, -4, -3, -1, -7, 3, -4, 1, 4, -8, -4, -8, -6, -4, -8, -5, 3, 0, 0, 0, 0, -2, -8, 0, 3, -5, -2, 2, 0, -2, 3, -6, -8, 0, -6, -4, -8, 4, 3, -5, -6, -5, -2, -6]
 
3.54042922473: [-8, 3, -5, -6, -6, -7, -8, -1, 3, -3, -5, 1, -3, -7, 1, 4, 1, -6, 4, 3, -7, -3, 2, -8, -7, -3, -4, 2, 2, -6, -6, -8, -4, -3, 3, -1, 1, -3, 0, -6, -5, 2, -6, 2, -8, -8, -3, -7, 0, -8, 4, -7, 4, -8, -4, 1, -2, 3, -7, -7, -2, -1, -3, -6, 4, -2, -4, -5, -7, -1, -8, 4, -2, 3, -1, -4, 3, -7, -6, -3, -1, -3, -2, 4, -8, -4, -3, -1, -7, 3, -4, 1, 4, -8, -4, -8, -6, -4, -8, -5, 3, 0, 0, 0, 0, -2, -8, 0, -8, 2, 1, 0, -2, 0, 3, 4, -4, 2, -5, -7, -3, -6, -2, -3, -5, -3, 4, -3]
 
0.804752243193: [-7, 4, -4, -6, 4, -3, -2, 4, 4, -6, -4, 2, 1, -1, 2, -8, -8, -2, 1, -6, -6, -3, -4, -2, -8, -8, 3, -7, -5, 3, 4, 4, -1, 2, -7, 2, 2, 1, 4, 4, -5, -3, 0, 2, -4, -6, 1, 2, -1, 3, 0, 0, -8, 3, -3, -5, -8, -6, -1, -2, 2, -1, -6, -3, -3, -7, -7, 3, -3, -1, -4, 4, 4, -3, 4, -2, 0, 0, -6, -1, -8, -4, 2, -2, -3, 0, -2, 3, -3, -4, 3, -6, -2, 0, 3, -1, 4, -5, -7, 4, -2, 1, 3, -2, 1, 0, 4, -5, -7, 1, -3, -6, -2, -2, 3, -6, -6, 1, 1, 4, 4, 4, -7, 2, 1, 3, -8, 0]
 
1.47953068231: [-8, 3, -5, -6, -6, -7, -8, -1, 3, -3, -5, 1, -3, -7, 1, 4, -8, -2, 1, -6, -6, -3, -4, -2, -8, -8, 3, -7, -5, 3, 4, 4, -1, 2, -7, 2, 2, 1, 4, 4, -5, -3, 0, 2, -4, -6, 1, 2, -1, 3, 0, 0, -8, 3, -3, -5, -8, -6, -1, -2, 2, -1, -6, -3, 4, -2, -4, -5, -7, -1, -8, 4, -2, 3, -1, -4, 3, -7, -6, -3, -1, -3, -2, 4, -8, -4, -3, -1, -7, 3, -4, 1, 4, -8, -4, -8, -6, -4, -8, -5, 3, 0, 0, 0, 0, -2, -5, -2, 2, -2, -6, 4, 1, 3, -6, 1, 1, -4, -5, 4, -7, -1, -6, 2, -4, 4, -5, -3]
 
1.07770523872: [2, 4, -4, -6, -1, -1, -7, -5, 0, -6, -4, 2, -5, -1, 2, -7, 3, -6, 4, -5, -7, -3, 3, -2, -7, 2, 0, -5, -8, -8, -3, -8, 0, -3, 3, -8, 1, -3, 0, -5, -6, 0, -6, -5, -8, -2, -2, -2, 1, -8, -4, -6, 2, -5, 4, 3, 1, -7, 2, 1, 1, -4, 2, -1, -7, -2, -6, 4, -8, 2, 4, -5, -4, -7, -5, 1, 4, -4, -4, -7, -2, -4, 0, 4, 0, 2, 1, 4, -4, -6, -6, -2, -2, -2, 4, -5, -1, 0, -7, -1, -6, -5, -4, -8, -1, 4, -8, -2, -3, -6, -2, -3, 4, -5, -2, 4, 1, -1, -6, -7, -8, -2, -2, 1, -6, -8, -3, -6]
 
0.482067123039: [-3, -7, 4, -6, -1, -1, -2, -5, 0, -6, -4, 2, 1, 1, 2, -3, 3, -6, 4, 0, -2, -3, 2, -1, 4, 2, 4, -5, 1, -6, 4, -2, -3, -3, -8, -1, 1, -3, 0, -8, -5, 2, -3, -1, -8, 3, -2, 1, 0, -4, 4, -6, 0, -8, -4, -8, -2, 3, 0, 2, 4, -1, -3, -6, 4, -5, -5, -5, -5, -1, -8, 1, -2, 1, -1, -4, 3, -3, 3, -2, -1, -3, -4, 2, -7, -1, -2, 4, -3, 4, -1, 4, 1, -8, 0, 1, 3, 3, -4, 3, -5, 4, 1, 2, 3, 0, -3, -3, -3, -1, -5, -2, -6, 3, 2, 1, -8, -7, -8, 1, 1, -1, -8, 0, -6, -8, 2, -6]
 
0.655302751452: [2, 4, -4, -6, -2, -1, 4, -5, 0, -6, -6, 2, 0, -1, 2, -8, 3, -6, 4, -5, -7, -3, 2, -1, -4, 2, 0, -5, -5, 0, -3, -8, -4, -3, 4, -1, 1, -3, 0, 3, -5, 2, -6, -5, -8, -8, -8, -3, -8, -3, 4, -7, 4, -8, -4, 4, -2, 3, 0, -7, -7, -1, -3, -6, 3, 0, -4, -5, -7, -8, 4, -2, 0, 3, -5, -7, 2, -7, -6, -4, -1, -3, -6, 1, -8, -7, 0, -2, -2, -8, -6, 1, 0, 0, 0, -8, 3, 3, -8, 1, -5, 4, 1, -5, -3, 3, 0, -3, -3, -2, -5, -2, -6, 0, -1, 4, 1, -7, 1, 4, 1, 3, -3, 1, -6, -8, 4, -6]
 
2.96332938086: [-7, 4, -4, -6, 4, -3, -2, 4, 4, -6, -4, 2, 1, -1, 2, -8, 1, -6, 4, 3, -7, -3, 2, -8, -7, -3, -4, 2, 2, -6, -6, -8, -4, -3, 3, -1, 1, -3, 0, -6, -5, 2, -6, 2, -8, -8, -3, -7, 0, -8, 4, -7, 2, -5, 4, -1, 1, -7, 2, 3, -1, 3, 2, -5, -7, -2, -6, 4, 4, 2, 4, -3, -4, 0, -5, 1, -3, -4, -4, 2, -2, -4, 0, 4, 0, 1, 1, 4, -4, -6, -6, -2, -2, -3, 4, -5, -1, 0, -7, -1, -3, -5, -4, -8, -1, -4, -8, -2, 2, -2, -6, 4, 1, 3, -7, 1, -5, -4, -5, 4, -7, -1, -5, 2, -4, 4, -5, -3]
 
1.53249172892: [-8, -1, 0, 3, 0, -1, -2, -5, -2, -6, -4, 2, -6, 3, -5, -8, 3, -6, 4, -5, -7, -3, 2, -1, -7, 2, -5, -5, -7, -7, -3, -8, -8, -3, 3, -1, -2, -3, 0, -5, 3, 0, -6, -5, -4, -2, -2, -2, -3, -8, -5, -6, 4, -8, -4, 1, -2, 3, -8, -7, 2, -5, 4, -6, 4, -2, -3, -5, -7, -1, -8, 4, -8, 3, -1, -4, 4, -7, 1, -3, -1, -3, -2, -2, -8, -4, -3, -1, 4, 3, -4, 1, 4, -8, -6, 2, -6, -4, -8, -5, 3, 0, 0, 0, 0, -2, -8, 0, -8, 2, 1, 0, -2, 0, 3, 4, -4, 2, -5, -5, -3, -6, -5, -3, -5, -3, -4, -3]
 
1.62661058304: [-7, 4, -4, -6, 4, -3, -2, 4, 4, -6, -4, 2, 1, -1, 2, -8, 1, -6, 4, 3, -7, -3, 2, -8, -7, -3, -4, 2, 2, -6, -6, -8, -4, -3, 3, -1, 1, -3, 0, -6, -5, 2, -6, 2, -8, -2, -2, -2, -3, -8, -5, -6, 2, -5, 4, -1, 1, -7, 2, 3, -1, 3, 2, -5, -7, -2, -6, 4, 4, 2, 4, -3, -4, 0, -5, 1, -3, -4, -4, 2, -1, -3, -4, 2, -7, -4, -8, 4, 1, -1, 4, -3, 1, 0, 0, -8, 3, 3, -8, 3, -5, 4, 1, -5, 3, 3, -3, -3, -3, -2, -5, -2, -6, 3, 2, 1, 1, -7, 1, 1, 1, 3, -8, 1, -6, -8, 2, -6]
 
0.52437732827: [-7, 4, -4, -6, 4, -1, -2, -5, 0, -6, -4, 2, 1, 1, 2, -3, 3, -6, 4, 0, -4, -3, 2, -1, 4, 2, 4, -5, 3, -6, 4, -8, -3, -3, -8, -1, 1, -3, 0, -6, -5, 2, -3, -1, -8, -8, -2, 1, -8, -4, 4, -6, 4, -8, -4, 4, -2, 3, 0, 2, -4, -1, -3, -6, 4, -6, -5, -5, -5, -1, -8, 4, -2, 3, -1, -4, 3, -7, -6, -2, -2, -4, 0, 4, 0, 1, 1, 4, -4, -6, -6, -2, -2, -3, 4, -5, -1, 0, -7, -1, -3, -5, -4, -8, -1, -4, -8, -2, 2, -2, -6, 4, 1, 3, -7, 1, -5, -4, -5, 4, -7, -1, -5, 2, -4, 4, -5, -3]
 
0.5044533124: [-7, 4, -4, -6, 4, -3, -2, 4, 4, -6, -4, 2, 1, -1, 2, -8, 1, -6, 4, 3, -7, -3, 2, -8, -8, -8, 3, -7, -5, 3, 4, 4, -1, 2, -7, 2, 2, 1, 4, 4, -5, -3, 0, 2, -4, -6, 1, 2, -1, 3, 0, 0, -8, 3, -3, -5, -8, -6, -1, -2, 2, -1, -6, -3, -3, -7, -7, 3, -3, -1, -4, 4, 4, -3, 4, -2, 0, 0, -6, -1, -8, -4, 2, -2, -3, 0, -2, 3, -3, -4, 3, -6, -2, 0, 3, -1, 4, -5, -7, 4, -2, 1, 3, -2, 1, 0, 4, -5, -7, 1, -3, -6, -2, -2, 3, -6, -6, 1, 1, 4, 4, 4, -7, 2, 1, 3, -8, 0]
 
2.34711814153: [-8, 3, -5, -6, -6, -7, -8, -1, 3, -3, -5, 1, -3, -7, 1, 4, -8, -2, 1, -6, -6, -3, -4, -2, -7, -3, -4, 2, 2, -6, -6, -8, -4, -3, 3, -1, 1, -3, 0, -6, -5, 2, -6, 2, -8, -2, -2, -2, -3, -8, -5, -6, 2, -5, 4, -1, 1, -7, 2, 3, -1, 3, 2, -5, -7, -2, -6, 4, 4, 2, 4, -3, -4, 0, -5, 1, -3, -4, -4, 2, -2, -4, 0, 4, 0, 1, 1, 4, -4, -6, -6, -2, -2, -3, 4, -5, -1, 0, -7, -1, -3, -5, -4, -8, -1, -4, -8, -2, 2, -2, -6, 4, 1, 3, -7, 1, -5, -4, -5, 4, -7, -1, -5, 2, -4, 4, -5, -3]
 
0.387734356643: [-2, 4, -4, -6, 3, -1, -2, 0, 0, -6, -4, 2, 1, 1, 2, 4, 3, -6, -6, 0, -4, -3, 2, -1, 2, 2, 4, -5, 3, -6, 4, -7, -4, -4, -8, 0, -4, 4, 4, 4, -5, -3, 0, 2, -4, -6, 1, 2, -1, 3, 0, 0, -8, 3, -3, -5, -8, -6, -1, -2, 2, -1, -6, -3, -3, -7, -7, 3, -3, -1, -4, 4, 4, -3, 4, -2, 0, 0, -6, -1, -8, -4, 2, -2, -3, 0, -2, 3, -3, -4, 3, -6, -2, 0, 3, -1, 4, -5, -7, 4, -2, 1, 3, -2, 1, 0, 4, -5, -7, 1, -3, -6, -2, -2, 3, -6, -6, 1, 1, 4, 4, 4, -7, 2, 1, 3, -8, 0]
 
1.09656243358: [1, -5, 0, 3, 2, -6, 3, -6, -4, 2, -3, -8, -2, -4, -2, -1, 1, -2, 1, 2, -8, 4, -8, 2, -6, -1, -6, -7, 1, -7, -4, -8, -7, -3, -8, -1, -1, -3, 0, 4, -5, 2, -6, -6, 2, -8, -2, 1, -3, 2, 4, -6, -1, -8, -4, 0, -2, 3, 0, 2, -4, -6, -3, -6, 4, -2, 3, -5, -7, -3, -4, 3, -2, 3, -1, -4, 3, -7, -6, -7, -1, -3, -2, 4, 4, -4, -3, -7, -7, 3, -4, -7, 4, -8, -4, -8, -6, 3, -8, -3, 3, 0, 0, 0, -3, 0, -2, -2, -3, -6, -4, -3, 0, -5, -2, -1, 1, -1, -6, -7, -8, 3, -3, 1, -6, -8, -3, -6]
 
1.04960090504: [-8, 3, -5, -6, -6, -7, -8, -1, 3, -3, -7, 3, 2, 1, 0, -1, -8, 0, -8, -2, -2, -8, 3, -7, -3, 3, -5, 1, -5, -2, 0, 4, -5, -8, -4, 0, 1, -3, -1, 2, 3, 0, -1, -2, 1, -8, -3, 4, 3, -7, -8, 2, -5, 4, -3, 1, -2, -4, 2, -1, -3, -4, -6, -8, -4, -5, -1, 1, -2, -1, -5, -7, -1, 3, -1, -4, 3, -7, -6, -3, -1, -3, -2, 4, -8, -4, -3, -1, -7, 3, -4, 1, 4, -8, -4, -8, -6, -4, -8, -5, 3, 0, 0, 0, 0, -2, -8, 0, -8, 2, 1, 0, -2, 0, 3, 4, -4, 2, -5, -7, -3, -6, -2, -3, -5, -3, 4, -3]
 
2.2596185806: [-1, -7, -4, -5, 4, 0, -3, 4, 3, -8, -5, 1, -7, -5, 1, 4, -8, -2, 1, -6, -6, -3, -4, -2, -7, -3, -4, 2, 2, -6, -6, -5, -2, -5, -8, -1, 1, -3, 4, -6, -5, 2, -6, 2, -8, -2, -2, 3, -3, -8, -5, -6, 2, -5, 4, -1, 1, -7, 2, -6, -1, 3, -5, -5, -7, -2, -6, 4, 4, 2, 4, -3, -4, 0, -5, 1, -3, -4, -4, 2, -2, -4, 0, 4, 0, 1, -1, 4, -4, -5, -6, -2, -2, -5, 4, -5, -1, -5, -8, 1, -3, -5, -4, -8, -7, -4, 0, -2, 2, -2, 2, -8, -6, -5, -7, 1, -5, -4, -5, 4, -7, -1, -5, 2, -1, 4, -2, -3]
 
1.34782535082: [-7, 4, -4, -6, 4, -1, -2, -5, 0, -6, -4, 2, 1, 1, 2, -3, 3, -6, 4, 0, -4, -3, 2, -1, 4, 2, 4, -5, 3, -6, 4, -8, -3, -3, -8, -1, 1, -3, 0, -6, -5, 2, -3, -1, -8, -8, -2, 1, -8, -4, 4, -6, 4, -8, -4, 4, -2, 3, 0, 2, -4, -1, -3, -6, 4, -6, -5, -5, -5, -1, -8, 4, -2, 3, -1, -4, 3, -7, -6, -2, -1, -3, -4, 2, -7, -4, -8, 4, 1, -1, 4, -3, 1, 0, 0, -8, 3, 3, -8, 3, -5, 4, 1, -5, 3, 3, -3, -3, -3, -2, -5, -2, -6, 3, 2, 1, 1, -7, 1, 1, 1, 3, -8, 1, -6, -8, -1, -1]
 
1.76456524541: [1, -4, 0, -8, -7, 2, 3, -5, 2, 2, -4, -8, -2, 2, -2, -4, 0, 4, -2, -8, -5, -3, 2, -2, -7, -2, 0, -4, -7, -8, -3, -2, -3, -5, 3, -1, -3, -5, 0, -6, -5, 2, -6, -1, -3, -8, -2, 3, 0, 1, -8, -7, -7, -5, 4, 1, -6, 1, -5, -1, 0, -5, -5, -6, -8, -5, -2, 2, 2, 4, -7, -3, -3, -2, 3, 3, -3, -1, 2, -2, -4, -7, 3, 1, -7, 1, -3, -2, -2, 1, -4, -5, 2, -7, 3, 2, 4, -8, 1, -7, 0, 3, -4, -6, 0, -6, -8, 0, -5, 2, -5, 0, -6, -4, 4, 4, -1, -7, -6, -8, -5, 3, 2, -3, -7, 3, 2, -6]
 
3.20032388734: [-2, 2, -4, -8, -2, 2, -7, 4, -3, -7, -8, 1, -3, 4, -3, 0, -7, 1, -8, 3, -7, -6, -6, -6, 2, 4, 2, -5, 2, 0, 0, -1, 1, -5, 0, -1, -4, -5, -3, -5, -6, 0, -6, -5, -6, -2, -2, -2, -3, -8, -5, -6, 2, -5, 4, -6, -3, 3, -8, -7, -5, 0, 1, 2, -6, -7, 3, 0, -8, 1, 1, 3, 2, 3, 0, 0, -7, -1, -1, 3, -8, -8, -7, -6, -8, -7, -2, -7, 0, -5, 4, -5, -2, 0, 0, -8, 3, 3, -8, 1, -8, 3, -8, 3, -8, -4, 0, -3, -3, -5, 0, -8, -6, 0, 4, 4, 1, -1, -6, 4, -8, 3, -3, 1, -6, -8, 4, -6]
 
2.12390973652: [1, -5, 0, 3, 2, -6, 3, -6, -4, 2, -3, -8, -2, -4, -2, -1, 1, -2, 1, 2, -8, 4, -8, 2, -6, -1, -6, -7, 1, -7, -4, -7, -4, -4, -8, 0, -4, 4, -6, -2, -3, -5, -8, -5, -1, -7, -2, 1, 2, -8, -3, -1, 2, -5, -8, -1, 1, -7, 2, 3, -1, 3, 2, -5, -7, -2, -6, 4, 4, 2, 4, -3, -4, 0, -5, 1, -3, -4, -4, 2, -2, -4, 0, 4, 0, 1, 1, 4, -4, -6, -6, -2, -2, -3, 4, -5, -1, 0, -7, -1, -3, -5, -4, -8, -1, -4, -8, -2, 2, -2, -6, 4, 1, 3, -7, 1, -5, -4, -5, 4, -7, -1, -5, 2, -4, 4, -5, -3]
 
