0.9521937245165901: [2, -2, -3, 3, 0, -7, -7, -5, 0, -8, 4, -7, 2, -2, 0, -1, 1, -4, 0, 2, -5, -8, -6, 3, -5, -7, 1, -3, -5, -3, -6, -4, -4, -1, -6, -3, -3, -7, -7, 2, 4, -8, -3, -8, 0, -3, 0, -8, -5, 3, -7, 3, -4, 4, 4, 4, -3, 2, 3, -1, -2, -1, -3, 4, 0, -2, 4, -7, -8, -8, 2, -6, -6, -4, -5, 4, -3, -1, 4, 2, -7, 2, 0, 4, -3, -3, -3, 2, -2, -7, -2, -7, 2, -2, -4, -4, -5, -6, 3, 4, -4, -8, -2, 0, -8, -8, -1, -1, -3, -8, 3, -3, -1, -6, 2, 0, -5, -5, -5, 2, -3, 3, -6, -5, -4, 2, -6, -5]
 
1.3221843456273614: [-1, -2, -2, 0, -2, -5, 0, -1, -8, 0, -3, -4, 0, 0, -7, -7, 3, -8, -1, 1, 4, 4, 0, -3, 0, 0, -8, -6, -8, -2, -6, 1, -2, -1, -6, -3, -7, -3, -2, -5, -2, -1, -1, -6, 1, 1, -6, -7, 4, -7, 0, -2, 2, -6, -3, -2, -5, -1, -3, -6, -3, -4, -4, 4, 2, -3, 2, -8, -8, 0, -4, -5, 0, 2, -2, -8, 3, -5, -7, -6, -3, 3, -7, 2, -3, 0, -3, 3, -7, 2, 1, -5, -1, 0, -7, 0, 1, -7, 0, 1, 3, -1, 1, -4, -6, -4, -5, 1, -1, -6, 1, 3, 0, 2, -4, 0, -1, -3, -6, 1, -1, 4, -2, -2, -3, 0, 0, -6]
 
1.5904235643137297: [-1, -8, -2, 0, -2, -5, 0, -1, -8, 0, -3, -4, 0, 0, -7, -3, 0, -3, 2, -7, 3, -6, -5, -1, 1, -7, -6, -6, 4, -4, -5, -2, -5, -1, -6, -1, -1, 3, 1, -2, -1, 3, -3, -8, -8, 2, -2, -8, -2, -6, 4, 1, -6, -4, -3, -2, -5, -1, -1, -3, 2, -8, 4, 4, 2, -3, 2, -8, -8, 0, 3, -5, 0, -7, -6, 4, 0, -5, -7, 2, -3, 3, -1, 2, -3, 0, -1, -4, -7, -3, -8, -8, -1, 0, -7, 0, 1, -7, 0, 1, 3, 2, 1, -4, -3, -4, -5, 1, -8, -6, 1, -4, 0, 2, -2, 1, -1, 0, -6, 1, -1, 4, -2, -5, -3, 0, 0, -2]
 
2.259454257604372: [-1, -2, -2, 0, -2, -5, 0, -1, -8, 0, -3, -4, 0, 0, -7, -3, 0, -3, 2, -7, 3, -6, -5, -3, -6, 0, 1, -3, -5, -3, -6, -4, -4, -1, -6, -3, -3, -7, -7, 2, 4, -8, -3, -8, 0, -3, 0, -8, -5, 3, -7, 3, -4, 4, 4, 4, -3, 2, 3, -1, -2, -1, -3, 4, 0, -2, 4, -7, -8, -8, 2, -6, -6, -4, -5, 4, -3, -1, 4, 2, -7, 2, 0, 4, -3, -3, -3, 2, -2, -7, -2, -7, 2, -2, -4, -4, -5, -6, 3, 4, -4, -8, -2, 0, -8, -8, -1, -1, -3, -8, 3, -3, -1, -6, 2, 0, -5, -5, -5, 2, -3, 3, -6, -5, -4, 2, -6, -5]
 
0.6349552274274171: [1, -2, -4, -4, 3, 3, 0, 1, 3, 1, 3, -6, -2, 0, 1, -7, 3, -8, -1, 1, -4, -6, -5, -3, 2, 0, -8, -6, -7, -8, 2, 1, -1, -2, -6, -7, -7, -3, -2, -5, -1, -8, -4, 3, -2, 1, -6, -7, 4, -4, -2, -2, 2, -6, -3, -2, -5, 2, -3, -6, -3, -4, -4, -1, 2, -3, 2, -8, -8, -6, 3, -5, 0, -7, 4, -8, 3, -7, -7, -2, -3, 3, -3, -6, -3, 0, -3, -8, -7, 2, -5, 0, -1, 0, -7, 0, 1, -7, 0, 1, 3, -1, 1, 1, -6, -4, -7, 1, -2, 4, -1, 3, -5, 2, -4, 0, -1, -3, 3, 1, -8, 4, 0, 4, -3, 0, 0, -6]
 
1.2530897790123077: [-1, -2, -8, -3, -1, -1, -7, -2, 4, 4, 3, 2, 3, 4, -5, 1, -6, 1, 3, -7, 4, 4, 0, -3, 2, 2, 2, -3, -5, 4, 0, -8, -1, -6, 0, -7, 3, -2, -2, -2, 0, 2, -5, 1, 1, 2, -4, 3, 4, 2, 0, 2, -3, -3, -2, 0, -4, -4, 3, -3, -2, -8, -8, -3, 3, -3, -8, -8, -8, -1, 3, 2, -6, 1, -5, 4, 0, -5, -7, 2, 4, 3, 0, -3, -1, -6, -1, 1, -7, 3, -8, 4, 1, -4, -7, 2, 1, -3, 3, -3, -4, -7, 0, 2, -8, -1, 3, -1, -3, -3, -3, -6, -8, 0, -3, -5, -2, 1, -6, -1, 1, 3, -5, 2, -2, 2, -2, 3]
 
0.47039740321642987: [-4, -8, -8, 1, -3, -1, 2, 3, 4, -6, -3, -4, 4, 4, 1, 0, -6, 1, -1, -6, -4, -8, -5, -3, -3, -7, -5, 1, -4, 0, -6, -3, -1, 0, -6, -1, 4, 0, 4, -8, -1, -5, -3, -8, 1, 2, -6, -7, 4, -7, 0, -2, 2, -6, 2, 0, 0, 0, -4, 2, -2, 3, 0, -8, 1, -4, 2, 2, -6, 0, 2, 1, -3, -7, -4, -3, -3, 3, 0, 2, -5, 3, 0, -6, 3, -6, -3, 0, -7, -7, -2, -7, 2, -2, -4, -4, -5, -6, 3, 4, -4, -8, -2, 0, -8, -8, -1, -1, -3, -8, 3, 0, -2, -8, -5, 4, -7, -1, 0, -8, -1, -8, 2, -4, 0, -1, -3, 3]
 
2.26512531961503: [-5, -1, 3, 1, -3, 2, -2, 0, 4, 2, 0, -7, -2, 1, 0, 3, 2, -2, 1, -6, -5, 0, -2, -7, -6, -5, 2, -6, -5, -7, -5, -4, -6, -7, 2, 2, -3, -7, -7, 2, 4, -8, -3, -8, 0, -3, 0, -8, -5, 3, -7, 3, -4, 4, 4, 4, -3, 2, 3, -1, -2, -1, -3, 4, 0, -2, 4, -7, -8, -8, 2, -6, -6, -4, -5, 4, -3, -1, 4, 2, -7, 2, 0, 4, -3, -3, -3, 2, -2, -3, -8, -8, -1, 0, -7, 4, -2, -3, -2, 2, -4, -7, 0, 2, -8, -1, 3, -6, -3, 1, -3, -6, -1, 0, -3, -3, -2, -6, -7, -2, -6, 0, 3, -4, -2, -4, 1, 3]
 
0.375450596028: [-5, -8, -7, 1, 2, -4, -4, -1, -6, 0, -2, -4, 3, 1, -8, -6, 0, -3, 2, -7, -8, 2, 4, 2, -1, -5, -6, -8, 3, -4, -4, -1, -5, -3, 3, 0, -1, -6, -1, -2, -1, 3, -5, -8, 1, 2, 1, 1, 2, 0, 4, -5, -6, -7, -6, -4, 4, -1, -1, -8, 2, 0, 4, -8, -7, 2, -4, -8, 3, 2, -3, -5, -4, -8, -6, -5, 0, -8, 1, 1, -8, 3, -1, 0, 3, -3, 2, -6, 3, -6, -2, -4, -5, -4, -6, 4, -2, -7, -1, -6, -2, 4, 3, -8, -3, -4, 3, -1, 1, -1, -3, -7, 2, -4, 4, -8, -5, 0, 0, -7, -7, -2, 1, 0, 2, 0, -1, -1]
 
1.5346687288970866: [-1, -2, -8, -3, -1, -1, -7, -2, 4, 4, 3, 2, 3, 4, -5, 1, -6, 1, 3, -7, 4, 4, 0, -3, 2, 2, 2, -3, -5, -3, -6, -4, -4, -1, -6, -3, -7, -5, -4, -3, -8, -4, -7, -7, 1, -6, 1, -7, 2, 1, -1, 2, 4, 1, -7, -8, -8, -8, -4, -3, 0, 2, -4, -8, 2, 2, -3, 2, -8, -7, -5, -7, -1, -4, 2, -3, -8, 1, 4, 4, 1, 3, 1, -8, 3, -6, 0, 0, -7, 3, 3, 2, -5, -7, -4, 2, -7, 3, -5, -2, -2, -6, 4, 2, -4, -1, 3, -6, 1, 0, -3, -7, -8, 0, -2, -3, -3, -6, -7, 0, 0, 0, -8, -5, -4, 2, -6, -5]
 
2.01690829972: [3, 1, -7, -8, -1, -3, -1, -4, -4, -4, -4, 4, -2, -1, -5, -8, 4, -8, -5, -6, 4, 1, -4, -3, -6, -5, 0, 1, -5, -7, 1, -4, -6, -7, 2, 2, -7, -5, -4, -3, -8, -4, -7, -7, 1, -6, 2, -7, -3, 1, -1, 2, 1, 1, -7, -8, -8, -8, -4, -8, 3, 2, -4, -8, 2, 3, -3, -1, -2, -3, -2, -7, -6, -4, 2, 4, -8, 1, -6, 4, 0, 3, 1, 0, 3, -1, 2, 3, 0, -6, -8, 1, -5, -4, -6, 1, 1, -3, 4, 0, -2, -5, 4, 3, -3, -4, -7, 4, 2, -7, 3, -8, 0, -6, -7, -8, -1, 1, -7, -3, -4, -4, -5, -2, -6, 3, -3, -3]
 
1.0284211406550214: [-1, -8, -2, 0, -2, -5, 0, -1, -8, 0, -3, -4, 0, 0, -7, -3, 0, -3, 2, -7, 3, -6, -5, -1, 1, -7, -6, -6, 4, -4, -5, -2, -5, -1, -6, -1, -1, 3, 1, -2, -1, 3, -3, -8, -8, 2, -2, -8, -2, -6, 4, 1, -6, -4, -3, -2, -5, -1, -1, -3, 2, -8, 4, 4, 2, -3, 2, -8, -8, 0, 3, -5, 0, -7, -6, 4, 0, -5, 1, -4, -8, 3, -1, 2, -3, 0, -1, -4, 3, -3, -8, 1, 1, -6, -8, 0, 1, -7, 0, 1, 3, 2, 1, -4, -3, -4, -5, 1, -8, -6, 1, -4, 0, 2, -2, 1, -1, 0, -6, 1, -1, 4, -2, -5, -3, 0, 0, -2]
 
1.77783225724: [-4, -2, 0, -8, 2, -5, -3, -8, -8, -3, -4, 4, 0, -2, 3, 3, 4, -7, 1, 3, -1, -2, -1, -5, -1, -6, -6, 1, -7, 2, -8, 3, -3, 0, 0, -1, 2, -8, -6, 3, 1, -3, 4, -8, -5, -2, 1, -8, -5, 0, -5, 0, -1, -5, -8, 3, -1, -1, -2, -2, -5, -3, -1, -2, 0, -4, 1, -8, -5, 2, 2, -1, -5, -5, -2, -8, -7, 2, 1, 2, -3, -8, 1, 2, -3, -1, -1, 1, -7, 1, -8, -8, -8, -7, -7, 0, 1, -6, -4, 1, -2, 2, 3, 2, -3, -4, -5, 1, 0, -8, -4, -4, 0, 2, -1, 1, -1, 3, -6, 1, -1, 4, -2, -5, -3, 0, -4, 3]
 
0.939711982314: [1, 3, -8, -3, 1, -1, -1, -6, -3, 2, 3, -7, -1, 4, -5, -1, -5, -5, 0, -2, -7, -6, -6, 0, -4, -7, -1, -7, -8, -3, -7, 0, 3, 3, -6, -7, 0, -7, -2, -5, -7, 3, -8, -2, 2, 1, 0, -2, 0, 4, -5, 0, -7, 0, 4, -8, -8, -8, 1, -3, -3, -2, -1, 2, -3, -5, 3, 1, -7, 0, -2, 2, -2, -8, 1, -7, -7, 0, -2, -8, 3, -7, -6, -7, -4, -8, -5, -8, 1, -8, -6, 4, -4, -3, -5, 0, -7, 2, -2, -2, -4, 2, 2, 1, -2, -4, -7, -5, -5, -2, -6, 3, -4, 4, 3, -8, -7, 1, -3, 4, 2, -8, -8, 2, 0, -2, -3, 1]
 
1.6023994746316799: [-1, -8, -2, 0, -2, -3, 0, -1, -8, 0, -6, -8, 0, -1, -7, 0, 0, -1, 2, -3, 3, -6, -7, -1, 1, -7, -6, 4, -2, 2, -5, -2, -5, -1, -6, -1, -1, 1, -5, -2, -1, 3, -3, -8, -8, 2, -2, 1, -6, -1, 4, 1, 4, 1, -3, -2, -5, -1, -1, -4, -6, -8, -8, 4, 3, -6, 2, -8, -7, 0, -1, -5, -5, -1, -7, 4, 0, 0, -7, 2, 4, 3, -1, 3, -3, -3, -1, 2, -7, -3, -8, 1, 1, -6, 3, 0, 1, -7, 0, -4, 0, 2, 1, -4, 2, -4, -6, 1, -8, -6, 1, -1, -3, 2, -2, 3, -1, 0, -8, 2, -1, 4, 4, -5, -3, 0, -3, -6]
 
1.0886853781378076: [-1, -8, -2, 0, -2, -5, 0, -1, -8, 0, -3, -4, 0, 0, -7, -3, 0, -3, 2, -7, 3, -6, -5, -1, 1, -7, -6, -6, 4, -4, -5, -2, -5, -1, 2, 2, -3, -7, -7, 2, 4, -8, -3, -8, 0, -3, 0, -8, -5, 3, -7, 3, -4, 4, 4, 4, -3, 2, 3, -1, -2, -1, -3, 4, 0, -2, 4, -7, -8, -8, 2, -6, -6, -4, -5, 4, -3, -1, 4, 2, -7, 2, 0, 4, -3, -3, -3, 2, -2, -7, -2, -7, 2, -2, -4, -4, -5, -6, 3, 4, -4, -8, -2, 0, -8, -8, -1, -1, -3, -8, 3, -3, -1, -6, 2, 0, -5, -5, -5, 2, -3, 3, -6, -5, -4, 2, -6, -5]
 
0.8436318940441725: [-3, -2, -6, 3, -5, -2, -2, -2, 4, -3, 3, 2, 3, -4, 3, 1, 1, 1, 4, -7, 2, -6, -2, 4, -4, -4, -6, -5, 2, 2, -8, 1, -2, -5, 1, 2, 4, -8, -1, -6, -2, 0, -8, -7, -6, -7, -7, -1, 4, 2, 0, 2, 0, -3, -2, 0, -2, -1, -3, -8, -7, 2, -8, 1, -4, -1, -1, 3, -6, 3, -3, -7, -2, 2, 4, -2, 1, -3, -1, -1, -6, 3, -1, 0, 3, -2, -8, -2, 3, -6, 2, 2, -5, -4, -7, 1, 1, -2, 4, -4, -2, -5, -5, -5, 3, -4, 0, -1, -1, -7, 0, 3, 2, -6, -7, -7, -1, -1, -7, 2, -4, -4, -5, -4, -6, 0, -3, -7]
 
1.392408733364007: [1, -2, 2, -4, 3, 0, 0, -4, 3, 4, 3, -6, -2, 0, 4, -7, 3, -8, -1, 1, 4, 4, 0, -3, 0, 0, -8, -6, -8, -2, -6, 1, -2, -1, -6, -3, -7, -3, -2, -5, -2, -1, -1, -6, 1, 1, -6, -7, 4, -7, 0, -2, 2, -6, 2, 0, 0, 0, -4, 2, -2, 3, 0, -8, 1, -4, 2, 2, -6, 0, 2, 1, -3, -7, -4, -3, -3, 3, 0, 2, -5, 3, 0, -6, 3, -6, -3, 0, 3, -3, -8, 1, 1, -6, -8, 4, -2, -3, -2, 2, -4, -7, 0, 2, -8, -1, 3, -6, -3, 1, -3, -6, -1, 0, -3, -3, -2, -6, -7, -2, -6, 0, 3, -4, -2, -4, 1, 3]
 
1.0640924296002559: [4, -2, -3, -3, 0, -6, -1, 4, -8, -3, -1, -4, -4, -6, 3, 3, 2, -2, -8, -7, -1, -3, -1, -5, 0, -2, -6, -4, 2, 2, -8, 3, -3, -8, 0, -1, -2, 1, 4, 3, -6, 2, 4, -7, 1, -2, -4, 3, -5, 4, -5, 0, 2, -5, -8, 3, 0, 3, -2, -5, -8, -8, -8, 0, -4, -4, 1, 0, 4, 2, 2, -3, 3, 3, -8, -8, -7, -5, 1, -4, -8, -2, -1, 0, 1, -7, -8, 0, 0, -5, 4, 4, -5, -3, -6, 1, 4, -7, 4, 0, -2, -3, -5, 0, -3, -4, 1, -1, 0, -7, 0, -7, 2, -6, 1, -5, -1, -1, -7, -7, -1, -2, -5, -2, -7, -4, -3, 0]
 
1.8465626754998707: [-1, -2, -8, -3, -1, -1, -7, -2, 4, 4, 3, 2, 3, 4, -5, 1, -6, 1, 3, -7, 2, 3, -6, 0, -4, -6, 4, 1, 0, 0, 0, 2, 2, -1, -3, 1, -4, 1, -8, 1, -6, 3, -7, -7, 1, 0, 1, -5, -8, 0, -5, -2, -1, -5, -8, 3, 0, -1, -2, 3, -8, -3, -8, 2, 0, -4, -2, -7, 4, 2, 2, -3, -3, 3, -2, -6, -7, -5, -8, 0, -8, 3, -1, 0, 3, -2, -8, -2, 3, -6, 2, 2, -5, -4, -7, 1, 1, -2, 4, -2, 0, -5, -3, -4, -5, 3, -8, -7, -2, -5, -1, 2, 0, 2, 3, 1, -4, -2, -2, -1, 2, 1, -3, 2, -2, 3, 2, -7]
 
1.2644577825707202: [4, 1, 3, 4, 4, -7, -1, 0, -4, -8, -2, 4, 1, -6, -5, -6, 4, -1, -6, -5, 4, 4, -7, -4, 0, -1, -3, -5, 2, -7, -1, -4, -3, -5, 3, 2, -3, -1, -5, 0, -8, 0, -2, -8, 0, 0, 0, 0, -6, -5, 0, -2, 4, 4, -7, 1, -3, 2, -3, -4, -8, 1, -3, -6, 0, -2, 0, -1, 0, -8, 2, -1, -5, -1, -1, 4, -8, -1, -8, 0, -8, -8, -1, -8, 0, 2, 0, -2, 3, -6, -8, -6, 3, -7, -7, 2, 1, -8, 4, -7, -5, -5, -5, -2, -3, 0, -2, 0, 0, 1, -3, 3, 1, 2, 4, -3, -6, -1, -7, 1, 3, -4, -5, -4, -6, 0, -4, -8]
 
0.985717336384: [-5, 1, -7, -4, -1, 2, -1, -4, 0, -4, -4, -5, -2, 1, -6, -8, 4, 2, -1, 0, 3, -2, -5, -3, 1, 2, 2, -6, -5, -7, 3, -1, 0, -7, 4, 2, 1, 2, -7, 2, -1, 3, -3, -5, -6, -3, -3, -6, 0, 3, -7, 3, 1, 4, 4, 4, -3, 2, 3, 1, -2, -1, 1, 4, 0, 3, 4, -7, -1, -8, 2, -6, -6, 3, -5, 4, 0, -1, 4, 2, -7, 2, 0, 4, 0, -3, -3, 2, -7, -5, -2, -7, -8, -2, -3, -4, -5, 1, 3, 4, -4, -8, 3, -7, -8, -8, -2, -5, 0, -8, 3, -4, -1, -6, 2, -4, -5, 2, -8, 2, -3, 3, -6, -1, -6, -2, -6, -4]
 
1.112057279965147: [-8, -4, 2, -8, 2, 0, 1, 2, -4, 0, -8, -2, -6, -4, 4, 2, 2, 0, -3, -7, 2, 3, -5, 0, -4, -7, 4, 4, -5, 4, -6, -4, -4, 3, -6, -3, -2, -5, -4, -3, 2, -1, -7, -7, 1, -6, 1, -4, 2, 1, -1, 2, 4, 1, -7, -8, -8, -8, -4, -3, 0, 3, -5, -8, 2, 2, 0, -4, 1, -7, -5, -4, -1, 3, 2, -3, -8, -6, 4, 4, 1, -2, 1, -8, -1, -6, -6, 0, 4, 3, 2, -4, -7, -4, -4, 2, -7, 3, -5, -2, -2, -6, 4, 2, -4, -1, 2, 3, 4, 0, -6, -8, -8, 0, -7, -3, -3, -6, -6, -8, 0, -1, -8, -5, -2, 3, 2, 2]
 
1.6030925247592016: [1, -2, 2, -4, 3, 0, 0, -4, 3, 4, 3, -6, -2, 0, 4, -3, 0, -3, 2, -7, 3, -6, -5, -3, -6, 0, 1, 0, 1, -8, 0, 0, -5, -1, 2, -3, -3, 2, -1, 2, -4, -6, 3, -4, 0, 2, -5, 4, 0, 0, -1, -3, 1, -5, 1, 3, -3, 0, 4, -3, -3, 2, -6, -5, -7, -3, -2, 0, -2, -2, 4, -2, 0, -1, 0, -7, -5, -8, 3, -4, -7, 3, 0, 0, 4, -1, 0, 1, -5, 1, -3, 0, -2, 2, -2, -8, -2, 1, -4, 1, -4, -8, 3, -4, -8, 3, -3, 4, -7, 3, 4, 0, 1, -3, 2, 4, 1, -8, 1, 4, -8, 0, -1, -2, 3, -3, -4, -7]
 
1.8185997445149835: [-1, 3, -8, -4, -7, -1, -7, -2, -5, -3, 1, -7, -4, 1, -4, -2, 0, -6, -3, -5, 4, -3, 0, -3, 2, 2, -5, -3, -5, 3, -1, -4, -4, -1, -6, -3, -7, 4, -4, -3, -8, 4, -7, -7, -1, 0, 1, 0, 2, 1, -1, 1, 4, 1, -7, -3, -8, -8, -4, -1, 0, -6, 1, -8, 2, 2, -3, 2, -3, 4, -5, -7, 3, -4, 2, -3, 2, 3, 4, 3, -2, 3, 1, -8, 3, -6, -4, 1, 1, 3, 0, 1, -5, -7, -4, 2, -7, 3, -2, -2, -2, -7, 4, 0, -4, -1, -2, -6, 1, -2, -3, -7, -8, 4, -2, -3, -3, 0, -7, 0, 0, 1, 2, -5, -4, 3, -6, -5]
 
2.506553651: [-5, -1, -3, 0, 2, -3, 2, -6, 4, -8, -7, 3, -5, -2, -6, 1, -3, -2, -6, 3, -3, 0, 0, -1, -6, -4, -7, -8, 3, -7, -6, 1, -1, -7, 1, 0, 3, -6, 0, 2, -1, -8, -1, 2, -8, -5, 3, -8, -5, 4, -6, 3, -1, 0, 4, 4, -3, -3, -4, 2, -2, -1, 2, 4, 0, -2, 4, -3, -1, -2, -8, -6, -6, 4, -2, 4, -3, -1, -5, 2, -7, 2, -2, -3, -2, -7, -4, -6, -8, -3, -7, 1, -8, 0, -3, 0, 1, -5, 0, -3, -6, 2, 1, 2, -4, -1, -2, -6, 1, 1, 0, 4, -8, -7, -6, -3, 3, 1, -6, 0, -5, 0, -8, 1, 2, -4, -6, -6]
 
1.295349029357664: [-3, -5, -4, -2, 2, 2, -5, -5, -5, -5, -7, -3, 4, 0, -1, -2, -4, -6, -8, 2, -1, -6, 4, 4, -2, -3, -2, -3, -8, 1, -3, -1, -1, -7, 2, -1, 4, -5, 3, 1, -1, -6, -5, 1, -8, 3, -8, -2, 4, 2, -5, 1, -4, -4, -2, -3, -3, 3, -3, -8, -8, -3, 4, -5, -6, -6, 3, 2, -7, -2, -4, -7, -2, 2, -3, -2, 1, -1, 0, -4, -6, 4, -3, 1, 0, -8, -2, -7, -5, -7, 3, -8, -5, -7, 1, 0, -1, -7, -7, 1, -1, -2, 2, 2, 0, -4, 2, -3, 0, -5, -4, 0, -2, 0, -5, 1, -7, -8, 0, 1, -1, -3, -2, 2, -5, -1, 4, 3]
 
0.5367867713542993: [-5, -1, -5, -1, -1, 2, -1, -4, -4, -3, -4, 4, -2, -5, -5, 3, -3, -8, 2, -6, 3, 4, -6, -3, -3, -5, 2, -6, -5, 1, -1, -4, -1, -8, 2, 0, 1, 1, -1, 2, 4, -5, -4, -8, 3, -3, 0, -3, -5, 3, -5, 3, -4, 4, 3, 4, -3, -1, 3, -3, -2, -1, -5, -8, 0, -6, 4, 3, -8, -8, 2, -6, -4, 0, -5, 4, -3, -1, 4, 2, 3, 2, 0, 4, -7, 0, 1, 2, -6, -7, -2, -7, 2, -2, -2, -4, -5, -6, -7, 4, -4, -6, -7, 0, -7, 0, -1, -1, -5, -8, 3, 1, -5, 4, 2, 0, -5, -5, 0, 2, -3, 3, 0, -5, -4, 2, -6, -8]
 
0.8541886063303155: [4, 2, -3, 2, -8, -1, -5, 2, -5, -5, -7, -7, -2, -1, 1, -2, 0, -6, 1, 2, -1, -7, -6, 0, -2, -3, -6, -6, 0, 1, 2, -5, -1, -3, 2, -3, 2, -5, 3, 1, 0, 2, -5, -7, 2, 3, -8, -2, -6, 2, -6, 2, -6, -1, -2, -3, 1, 2, -3, -7, -8, 2, 3, -5, 2, -7, 3, 2, -7, 1, -1, -7, -2, 4, -8, -2, 1, -3, -1, -4, -6, 1, 3, 1, -4, -8, -2, -7, 3, -3, 3, 0, 3, -7, 1, 0, -7, -7, 2, -3, -1, -2, 2, -1, -2, -1, 2, 4, -5, -5, -2, -3, -1, -6, 2, 0, -5, -5, -5, 2, -3, 3, -6, -5, -4, 2, -6, -5]
 
0.9193311418705297: [-1, -4, -8, -3, -1, 2, 3, -2, 4, 4, 3, 2, -7, 4, -5, 1, 3, 1, -6, -7, -6, 2, 3, -7, -4, -1, -6, 1, 0, 1, -6, -4, -2, -5, -4, -1, 2, -3, -2, -2, -2, 1, 2, -6, 1, -2, -6, -7, 1, -7, 0, -4, 2, -6, 2, -2, 2, 0, -4, 2, 4, 0, 0, -8, 1, -4, 2, -8, -1, 0, 2, 1, -2, -7, -4, -3, -3, -3, 0, -6, -5, 3, -7, -6, 3, -6, -5, 0, 3, -3, -8, -4, 1, 3, -8, 4, 1, -3, -1, -8, 0, -7, 0, 2, -8, -1, -1, 4, -3, 1, -8, 1, -4, 0, -4, -3, -5, -6, -8, -2, -6, 0, 3, 3, -2, -4, -7, 3]
 
1.63526662689: [2, -8, -3, 3, 0, -7, -7, 4, 0, -8, 1, -7, 2, 1, -7, 0, 1, -4, 0, -8, -5, -6, -6, 3, -5, -7, -6, -3, -5, 0, -8, -8, -3, -1, 0, -7, 3, -2, -4, -2, 0, -5, -5, 1, 1, -8, -4, 2, 4, 2, 0, -7, -5, -7, -3, 0, -4, -4, -1, -3, -2, -8, -5, -3, 3, 1, -8, -8, -8, -1, 3, 2, -6, -6, -5, 4, 0, -5, 0, 2, 2, 3, 0, -3, -2, -6, 1, -2, -7, 3, 4, 4, 1, -4, -7, -8, 1, -3, 1, -3, -4, -7, -6, -7, -8, 2, 3, 4, -8, -3, -3, -4, -8, -4, -3, -5, -5, 1, -6, 4, 1, 3, -5, -5, 2, -3, -2, 3]
 
1.196281351048472: [-1, -2, -2, 0, -2, -5, 0, -1, -8, 0, -3, -4, 0, 0, -7, -3, 0, -3, 2, -7, 3, -6, -5, -3, -6, 0, 1, 0, 1, -8, 0, 0, -5, -1, 2, -3, -3, 2, -1, 2, -4, -6, 3, -4, 0, 2, -5, 4, 0, 0, -1, -3, 1, -5, 1, 3, -3, 0, 4, -3, -3, 2, -6, -5, -7, -3, -2, 0, -2, -2, 4, -2, 0, -1, 0, -7, -5, -8, 3, -4, -7, 3, 0, 0, 4, -1, 0, 1, -5, 1, -3, 0, -2, 2, -2, -8, -2, 1, -4, 1, -4, -8, 3, -4, -8, 3, -3, 4, -7, 3, 4, 0, 1, -3, 2, 4, 1, -8, 1, 4, -8, 0, -1, -2, 3, -3, -4, -7]
 
1.93231384891: [-3, -2, -6, 3, -5, -2, -2, -2, 4, -3, 3, 2, 3, -4, 3, 1, 1, 1, 4, -7, 2, -6, -2, 4, -4, -4, -6, -5, 2, 2, -8, 1, -2, -5, 1, 2, 4, -8, -1, -6, -2, 0, -8, -7, -6, -7, -7, -1, 4, 2, 0, 2, 0, -3, -2, 0, -2, -1, -3, -8, -7, 2, -8, 1, -4, -1, -1, 3, -6, 3, -3, -7, -2, 2, 4, -2, 1, -3, -1, -1, -6, 3, -1, 0, 3, -2, -8, -2, 3, -6, 2, 2, -5, -4, -7, 1, 1, -2, 4, -4, -2, -5, -5, -5, 3, -4, 0, -1, -1, -6, 1, -1, -3, 2, -2, 3, -1, 0, -8, 2, -1, 4, 4, -5, -3, 0, -3, -6]
 
1.96869582106: [-1, -8, -2, 0, -2, -3, 0, -1, -8, 0, -6, -8, 0, -1, -7, 0, 0, -1, 2, -3, 3, -6, -7, -1, 1, -7, -6, 4, -2, 2, -5, -2, -5, -1, -6, -1, -1, 1, -5, -2, -1, 3, -3, -8, -8, 2, -2, 1, -6, -1, 4, 1, 4, 1, -3, -2, -5, -1, -1, -4, -6, -8, -8, 4, 3, -6, 2, -8, -7, 0, -1, -5, -5, -1, -7, 4, 0, 0, -7, 2, 4, 3, -1, 3, -3, -3, -1, 2, -7, -3, -8, 1, 1, -6, 3, 0, 1, -7, 0, -4, 0, 2, 1, -4, 2, -4, -6, 1, -8, -7, 0, 3, 2, -6, -7, -7, -1, -1, -7, 2, -4, -4, -5, -4, -6, 0, -3, -7]
 
0.6855701726: [-5, 1, -7, -4, -1, 2, -1, -4, -4, -4, -4, 4, -2, 1, -5, -8, 4, -8, -1, -6, 4, 4, -5, -3, -6, -5, 2, -6, -5, -7, -5, -4, -6, -7, 2, 2, -7, -5, -4, -3, -8, -4, -7, -7, 1, -7, -7, -1, 4, 2, 0, 2, 0, -3, -2, 0, -2, -1, -3, -8, -7, 2, -8, 1, -4, -1, -1, 3, -6, 3, -3, -7, -2, 2, 4, -2, 1, -3, -1, -1, -6, 3, -1, 0, 3, -2, -8, -2, 3, -6, 2, 2, -5, -4, -7, 1, 1, -2, 4, -4, -2, -5, -5, -5, 3, -4, 0, -1, -1, -7, 0, 3, 2, -6, -7, -7, -1, -1, -7, 2, -4, -4, -5, -4, -6, 0, -3, -7]
 
1.39020714886: [2, -2, 0, 3, -5, -2, -2, -8, 4, -3, 3, 2, 3, -4, 3, 1, 1, 3, 1, -7, 1, -2, -2, 4, -4, -4, -1, -5, -7, 2, -6, 1, -2, -5, 1, 2, 4, -8, -1, -5, -6, 0, -8, -7, -5, -6, -1, -7, 2, -3, -1, 2, 4, 1, -4, -8, -8, -8, -2, -7, 0, 2, -6, -8, 0, 2, -3, 2, -8, -7, -2, -7, -7, 4, 0, -3, -8, 1, 4, 4, 1, 3, -5, 1, -5, -2, -4, -4, -4, -6, -2, 4, -5, -4, -6, 1, 0, -7, 2, 0, -2, -5, -8, -7, -3, 3, 1, -1, -2, -7, 0, -8, 3, -6, -5, -4, -1, -8, 4, -3, -2, -2, -5, -6, -6, 0, -3, 2]
 
0.368629629252: [-3, -1, -6, 3, -5, -2, -5, -8, -8, -3, 3, 1, 3, -4, 3, -8, 4, 0, -6, -8, 2, -6, -2, 4, -3, -4, -8, 4, -7, 2, -8, 1, -2, -5, 1, 2, 4, -8, -1, -6, -2, 0, -8, -7, -6, -6, -7, -7, 2, 1, -1, -8, 4, 1, -7, 4, 2, -3, -3, -6, 4, -8, -8, -8, 2, -7, -3, 2, -8, 3, -5, 1, -1, -4, -4, -3, -5, -8, 4, -4, -7, -3, 0, 0, 4, -8, 0, 2, -5, -5, 1, 0, -4, -4, -2, -8, -2, 1, -4, 1, -4, -8, 3, -4, -8, 3, -3, 4, -7, 3, 4, 0, 1, -3, 2, 2, -2, -8, 1, -6, -4, 1, 3, -2, -8, -3, 3, -7]
 
0.898096445594: [1, -2, 2, -4, 3, 0, 0, -4, 3, 4, 3, -6, -2, 0, 4, -3, 0, -3, 2, -7, 3, -6, -5, -3, -6, 0, 1, 0, 1, -8, 0, 0, -5, -1, 2, -3, -3, 2, -1, 2, -4, -6, 3, -4, 0, 2, -5, 4, 0, 0, -1, -3, 1, -5, 1, 3, -3, 0, 4, -3, -3, 2, -6, -5, -7, -3, -2, 0, -2, -2, 4, -2, 0, -1, 0, -7, -8, 1, 4, 4, 1, 3, 1, 0, 3, -2, 2, 0, 0, -6, -2, 4, -5, -4, -6, 1, 1, -7, 4, 0, -2, -5, -5, 0, -3, -4, 1, -1, 1, -7, 0, 2, 2, -6, -7, -4, -1, -1, -7, -3, -4, -2, -5, -2, -6, 0, -3, -7]
 
0.862575774114: [-8, -8, -8, -8, 0, 1, -5, -8, -7, -2, -4, 2, -4, 3, 3, 3, 2, -7, -8, 3, -1, -6, -3, -3, 4, -6, -6, -4, -7, 2, 3, 4, 1, -8, 1, -1, 2, -6, -3, 3, 3, -5, 4, -7, 3, -2, 1, -4, -5, 0, -5, 0, -3, 4, 4, 0, -5, 2, 3, -1, -2, -1, -3, 4, -5, -2, -4, -7, -8, -8, 2, -6, -5, -4, 2, 4, -3, -1, 4, -5, -7, 3, 0, -6, -3, -1, -6, 2, 2, -7, 2, -7, 2, -2, -4, -4, -5, -6, -5, 4, 4, -8, -2, -3, -8, -8, -6, -8, -3, 1, 3, -3, -1, 4, -8, 3, -5, -5, -5, 2, -3, 3, -6, -2, -4, 2, -6, -5]
 
1.18509302433: [2, 2, -3, 3, 0, -2, 2, 0, 0, 1, 4, 3, 2, -2, 0, -1, -6, -4, -3, 2, -7, -4, -6, 3, -5, 4, -1, -3, -5, -3, -6, -4, -4, -5, -6, -3, -3, -7, -4, 2, 4, 2, -3, -5, 4, -3, 0, -8, -5, 3, 4, 3, -4, 1, -8, 0, 0, -1, -1, -5, -4, -3, -8, -3, 0, -4, -6, -1, 1, 2, -4, 0, -5, -5, 1, -8, -7, -5, 2, -4, -3, 3, -1, -2, -3, 0, -1, 0, -7, -1, -8, -8, -1, 0, -7, -7, -8, -5, -6, 1, 3, -1, 2, -2, -3, -4, -5, 4, -8, -6, 1, -4, 3, 4, -2, 2, -1, 0, -6, -2, -1, 1, -2, -5, -3, 0, 0, -2]
 
1.03588145855: [4, 1, 3, 4, 4, -7, -1, 0, -4, -8, -2, 4, 1, -6, -5, -6, 4, -1, -6, -5, 4, 4, -7, -4, 0, -7, -6, -6, 4, -4, -5, -2, -5, -1, -6, -1, -1, 3, 1, -2, -1, 3, -3, -8, -8, 2, -2, -8, -2, -6, 4, 1, -6, -4, -3, -2, -5, -1, -1, -3, 2, -8, 4, 4, 2, -3, 2, -8, -8, 0, 3, -5, 0, -7, -6, 4, 0, -5, -7, 2, -3, 3, -1, 2, -3, 0, -1, -4, -7, -3, -8, -8, -1, 0, -7, 0, 1, -7, 0, 1, 3, 2, 1, -4, -3, -4, -5, 1, -8, -6, 1, -4, 0, 2, -2, 1, -1, 0, -6, 1, -1, 4, -2, -5, -3, 0, 0, -2]
 
0.537741457765: [-1, -8, -2, 0, -2, -5, 0, -1, -8, 0, -3, -4, 0, 0, -7, -3, 0, -3, 2, -7, 3, -6, -5, -1, 1, -1, -3, -5, 2, -7, -1, -4, -3, -5, 3, 2, -3, -1, -5, 0, -8, 0, -2, -8, 0, 0, 0, 0, -6, -5, 0, -2, 4, 4, -7, 1, -3, 2, -3, -4, -8, 1, -3, -6, 0, -2, 0, -1, 0, -8, 2, -1, -5, -1, -1, 4, -8, -1, -8, 0, -8, -8, -1, -8, 0, 2, 0, -2, 3, -6, -8, -6, 3, -7, -7, 2, 1, -8, 4, -7, -5, -5, -5, -2, -3, 0, -2, 0, 0, 1, -3, 3, 1, 2, 4, -3, -6, -1, -7, 1, 3, -4, -5, -4, -6, 0, -4, -8]
 
1.22687815381: [-7, -1, 3, 0, -3, -3, -2, -6, 4, 4, 0, -5, -5, -7, -3, 1, 2, -2, 1, -8, -3, 0, -2, -7, -6, -4, 2, 3, 3, -7, 1, 1, -5, -1, -6, -1, -1, 3, 1, -2, -1, 3, -3, -8, -8, 2, -2, -8, -2, -6, 4, 1, -6, -4, -3, -2, -5, -1, -1, -3, 2, -8, 4, 4, 2, -3, 2, -8, -8, 0, 3, -5, 0, -7, -6, 4, 0, -5, -7, 2, -3, 3, -1, 2, -3, 0, -1, -4, -7, -3, -8, -8, -1, 0, -7, 0, 1, -7, 0, 1, 3, 2, 1, -4, -3, -4, -5, 1, -8, -6, 1, -4, 0, 2, -2, 1, -1, 0, -6, 1, -1, 4, -2, -5, -3, 0, 0, -2]
 
1.43955107656: [-1, 1, -8, -3, -3, -5, 0, -1, -6, -4, 2, -4, -5, 0, 0, -6, 0, -3, 2, 0, 3, -6, -7, -1, 1, -6, -6, -6, -8, -3, -5, -2, 2, -7, 1, -6, 3, -5, -6, 2, -1, 4, -1, 2, 0, -3, -6, -8, -5, 4, 3, 3, -1, -4, 4, 4, 0, 2, 3, -5, -5, -1, -3, 4, 0, -2, -7, -7, -1, -8, -8, -6, -6, -4, -8, -1, -3, -1, -5, 2, -2, 2, 0, -3, -2, -2, -3, -5, 4, -3, -7, -3, -8, 0, -7, 0, 1, -2, 0, -8, -5, 2, 2, 2, -4, 2, -2, -2, 1, -3, 1, -4, 3, 0, -3, -3, 4, -2, -1, 0, 2, 0, -8, 1, 2, 2, -6, -5]
 
2.65116735413: [4, 3, -2, -1, 0, 4, 3, 3, -7, 4, -8, -8, -4, -7, -6, -2, -4, -4, -2, -3, -8, -8, 1, 3, -4, -1, 2, -2, 2, -2, 2, -7, 0, -7, 0, -2, 2, -1, -7, 1, 2, -7, 2, -5, -4, 0, -1, -4, -5, -8, -4, -6, 4, 1, 2, 2, -3, 1, -2, -1, 3, -5, 4, -5, -5, -8, 1, -7, 4, -1, 1, -6, -6, -3, 0, 2, -6, 0, 0, 0, -4, 2, -1, 0, 0, -1, -6, 3, -2, -8, -6, 2, 1, -3, -4, -1, -5, 0, -3, 4, -4, 1, -5, 1, -1, -6, -8, 0, -7, -1, -3, -4, 1, -8, -2, -1, 0, -5, -2, -6, -1, -3, -2, 4, -2, -3, -7, 3]
 
1.68515777271: [4, 1, 3, 4, 4, -7, -1, 0, -4, -8, -2, 4, 1, -6, -5, -6, 4, -1, -6, -5, 4, 4, -7, -4, 0, -1, -3, -5, 2, -7, -1, -4, -3, -5, 3, 2, -3, -1, -5, 0, -8, 0, -2, -8, 0, 0, 0, 0, -6, -5, 0, -2, 4, 4, -7, 1, -3, 2, -3, -6, -3, -4, -4, 4, 2, -3, 2, -8, -8, 0, -4, -5, 0, 2, -2, -8, 3, -5, -7, -6, -3, 3, -7, 2, -3, 0, -3, 3, -7, 2, 1, -5, -1, 0, -7, 0, 1, -7, 0, 1, 3, -1, 1, -4, -6, -4, -5, 1, -1, -6, 1, 3, 0, 2, -4, 0, -1, -3, -6, 1, -1, 4, -2, -2, -3, 0, 0, -6]
 
1.63131592335: [-1, -2, -2, 3, 0, -7, -7, -5, 0, -8, 4, -7, 2, -2, 0, -1, 1, -4, 0, 2, -5, -8, -6, 3, -5, -7, 1, -3, -5, 4, 0, -8, -1, -6, 0, -7, 3, -2, -2, -2, 0, 2, -5, 1, 1, 2, -4, 3, 4, 2, 0, 2, -3, -3, -2, 0, -4, -4, 3, -3, -2, -8, -8, -3, 3, -3, -8, -8, -8, -1, 3, 2, -6, 1, -5, 4, 0, -5, -7, 2, 4, 3, 0, -3, -1, -6, -1, 1, -7, 3, -8, 4, 1, -4, -7, 2, 1, -3, 3, -3, -4, -7, 0, 2, -8, -1, 3, -1, -3, -3, -3, -6, -8, 0, -3, -5, -2, 1, -6, -1, 1, 3, -5, 2, -2, 2, -2, 3]
 
1.58542099617: [2, -2, -3, 0, -2, -5, 0, -1, -8, 0, -3, -4, 0, 0, -7, -7, 3, -8, -1, 1, 4, 4, 0, -3, 0, 0, -8, -6, -8, -2, -6, 1, -2, -1, -6, -3, -7, -3, -2, -5, -2, -1, -1, -6, 1, 1, -6, -7, 4, -7, 0, -2, 2, -6, -3, -2, -5, -1, -3, -6, -3, -4, -4, 4, 2, -3, 2, -8, -8, 0, -4, -5, 0, 2, -2, -8, 3, -5, -7, -6, -3, 3, -7, 2, -3, 0, -3, 3, -7, 2, 1, -5, -1, 0, -7, 0, 1, -7, 0, 1, 3, -1, 1, -4, -6, -4, -5, 1, -1, -6, 1, 3, 0, 2, -4, 0, -1, -3, -6, 1, -1, 4, -2, -2, -3, 0, 0, -6]
 
1.74388669205: [-3, -2, -6, 3, -5, -2, -2, -2, 4, -3, 3, 2, 3, -4, 3, 1, 1, 1, 4, -7, 2, -6, -2, 4, -4, -4, -6, -5, 2, 2, -8, 1, -2, -5, 1, 2, 4, -8, -1, -6, -2, 0, -8, -7, -6, -7, -7, -1, 4, 2, 0, 2, 0, -3, -2, 0, -2, -1, -3, -8, -7, 2, -8, 1, -4, -1, -1, 3, -6, 3, -3, -7, -2, 2, 4, -2, 1, -3, -1, -1, -6, 3, -1, 0, 3, -2, -8, -2, 3, -6, 2, 2, -5, -4, -7, 1, 1, -2, 4, -4, -2, -5, -5, -5, 3, -4, 0, -1, -1, -6, 1, -1, -3, 2, -2, 3, -1, 0, -8, 2, -1, 4, 4, -5, -3, 0, -3, -6]
 
0.920730407379: [-1, -8, -4, 4, -2, 4, 0, -1, 3, 0, -7, -1, 0, -3, -7, 0, 0, -7, 2, -1, 3, -6, -1, -1, 1, -7, -6, 4, -8, 2, -5, -2, 3, -1, -6, -1, -1, 1, -3, -2, -4, -2, -3, 0, -1, -4, -5, 1, -6, 1, 4, 1, 4, 1, -3, -2, -5, -1, -1, 1, -6, -8, 0, 4, 3, 0, 2, -8, -7, 0, 0, -5, -5, -2, -7, 4, 0, 3, -2, 2, 4, 3, -1, 3, -4, -3, 1, 4, -7, -3, -8, 1, 1, -3, -5, 0, 1, -7, 0, -4, 3, 2, -5, -4, 2, -4, -6, 0, 3, -6, 1, -8, -3, 1, -2, -3, -1, 0, -8, 2, -1, 4, 4, -5, -3, 0, 1, -7]
 
1.32075713907: [-1, -2, -4, 3, 3, -7, -7, -5, 0, -1, 4, -7, 2, -2, 0, -3, -2, -1, 0, 4, -5, 2, -4, 3, -5, -7, 1, -3, -1, 4, 0, -8, -1, -6, 0, -8, 0, 1, -5, 0, -8, -7, -7, -2, -4, 0, 0, 0, -6, -5, 0, -2, 0, 4, 0, 2, -3, -1, -3, -4, -8, 1, -2, -6, 0, -2, -8, 3, 0, 2, -8, 4, -5, -7, -2, 4, -8, -4, 0, 0, -8, -4, 3, -6, 0, 2, 0, 0, 3, -8, -8, -6, 3, 4, 1, -1, 2, -7, 4, -7, -5, -2, -5, -6, -3, -2, -2, -7, 0, 4, -3, 3, 1, 2, 4, -3, -6, -1, -7, 1, -4, -4, -5, -8, -6, -7, -4, -8]
 
0.908370462855: [4, 1, 3, 4, 4, -7, -1, 0, -4, -8, -2, 4, 1, -6, -5, -6, 4, -1, -6, -5, 4, 4, -7, -4, 0, -1, -3, -5, 2, -7, -1, -4, -3, -5, 3, -7, 3, -2, -2, -2, 0, 2, -5, 1, 1, 2, -4, 3, 4, 2, 0, 2, -3, -3, -2, 0, -4, -4, 3, -3, -2, -8, -8, -3, 3, -3, -8, -8, -8, -1, 3, 2, -6, 1, -5, 4, 0, -5, -7, 2, 4, 3, 0, -3, -1, -6, -1, 1, -7, 3, -8, 4, 1, -4, -7, 2, 1, -3, 3, -3, -4, -7, 0, 2, -8, -1, 3, -1, -3, -3, -3, -6, -8, 0, -3, -5, -2, 1, -6, -1, 1, 3, -5, 2, -2, 2, -2, 3]
 
1.03778280355: [4, -2, 0, -8, 0, -5, 1, 2, -4, 0, -8, -2, -6, -4, 4, 2, 2, 0, -3, -7, 2, 3, -5, 0, -4, -7, 4, 4, -5, 4, -6, -4, -4, 3, -6, -3, -2, -5, -4, -3, 2, -1, -7, -7, 1, -6, 1, -4, 2, 1, -1, 2, 4, 1, -7, -8, -8, -8, -4, -3, 0, 3, -5, -8, 2, 2, 0, -4, 1, -7, -5, -4, -1, 3, 2, -3, -8, -6, 4, 4, 1, -2, 1, -8, -1, -6, -6, 0, 4, 3, 2, -4, -7, -4, -4, 2, -7, 3, -5, -2, -2, -6, 4, 2, -4, -1, 2, 3, 4, 0, -6, -8, -8, 0, -7, -3, -3, -6, -6, -8, 0, -1, -8, -5, -2, 3, 2, 2]
 
1.7586967162: [-8, -4, 2, -8, 2, 0, -5, 4, -7, -3, -4, 4, -4, -4, 3, 3, 2, -7, -8, 3, -1, -3, -1, -5, -1, -6, -6, -5, -7, 2, -8, 3, -3, -8, 1, -1, 2, -3, -6, 3, 1, -5, 4, -7, 1, -2, 1, -8, -5, 0, -5, 0, -1, -5, -8, 3, 0, -1, -2, -5, -8, -3, -8, 2, 0, -4, 1, -8, 4, 2, 2, -3, -5, 3, -2, -8, -7, -5, -7, 2, -3, 3, -1, 2, -3, 0, -1, -4, -7, -3, -8, -8, -1, 0, -7, 0, 1, -7, 0, 1, 3, 2, 1, -4, -3, -4, -5, 1, -8, -6, 1, -4, 0, 2, -2, 1, -1, 0, -6, 1, -1, 4, -2, -5, -3, 0, 0, -2]
 
1.04566406954: [-8, -4, 2, -8, 2, 0, 1, 2, -4, 0, -8, -2, -6, -4, 4, 2, 2, 0, -3, -7, 2, 3, -5, 0, -4, -7, 4, 4, -5, 4, -6, -4, -4, 3, -6, -3, -2, -5, -4, -3, 2, -1, -7, -7, 1, -6, 1, -4, 2, 1, -1, 2, 4, 1, -7, -8, -8, -8, -4, -3, 0, 3, -5, -8, 2, 2, 0, -4, 1, -7, -5, -4, -1, 3, 2, -3, -8, -6, 4, 4, 1, -2, 1, -8, -1, -6, -6, 0, 4, 3, 2, -4, -7, -4, -4, 2, -7, 3, -5, -2, -2, -6, 4, 2, -4, -1, 2, 3, 4, 0, -3, -6, -8, 0, -3, -5, -2, 1, -6, -1, 1, 3, -5, 2, -2, 2, -2, 3]
 
1.01009504652: [-1, -2, -8, -3, -1, -1, -2, -2, 4, -3, 3, 2, 3, 4, 1, 1, -6, -2, 3, -3, -5, 4, 0, -6, 4, 2, 2, -1, -5, -2, 0, -5, -1, -6, 3, 3, 3, -1, -2, -2, 0, -1, -5, 1, 1, 2, -2, -8, 4, 2, 0, -4, 4, -2, -2, 0, -4, -4, -4, -3, -4, -8, -5, 0, 2, -3, -8, -1, -8, -1, -5, 2, -6, 4, -5, 0, 0, -2, -7, 2, 4, 3, 0, 4, -5, 4, -1, 1, -7, 3, 3, 2, 1, -8, 2, -8, 1, -7, 3, -3, -4, -7, 4, 2, -1, 2, -6, 2, -3, -3, -2, -8, -8, 0, -7, -5, -3, -6, -6, -8, -5, -1, -8, -5, 1, 3, 0, 2]
 
1.29714120713: [-8, -4, 2, -8, 2, 0, -5, 4, -7, -3, -4, 4, -4, -4, 3, 3, 2, -7, -8, 3, -1, -3, -1, -5, -1, -6, -6, -5, -7, 2, -8, 3, -3, -8, 1, -1, 2, -3, -6, 0, -8, 0, -2, -8, 0, 0, 0, 0, -6, -5, 0, -2, 4, 4, -7, 1, -3, 2, -3, -6, -3, -4, -4, 4, 2, -3, 2, -8, -8, 0, -4, -5, 0, 2, -2, -8, 3, -5, -7, -6, -3, 3, -7, 2, -3, 0, -3, 3, -7, 2, 1, -5, -1, 0, -7, 0, 1, -7, 0, 1, 3, -1, 1, -4, -6, -4, -5, 1, -1, -6, 1, 3, 0, 2, -4, 0, -1, -3, -6, 1, -1, 4, -2, -2, -3, 0, 0, -6]
 
1.74212632748: [4, 1, 3, 4, 4, -7, -1, 0, -4, -8, -2, 4, 1, -6, -5, -6, 4, -1, -6, -5, 4, 4, -7, -4, 0, -1, -3, -5, 2, -7, -1, -4, -3, -5, 3, 2, -3, -1, -5, 3, 1, -5, 4, -7, 1, -2, 1, -8, -5, 0, -5, 0, -1, -5, -8, 3, 0, -1, -2, -5, -8, -3, -8, 2, 0, -4, 1, -8, 4, 2, 2, -3, -5, 3, -2, -8, -7, -5, -7, 2, -3, 3, -1, 2, -3, 0, -1, -4, -7, -3, -8, -8, -1, 0, -7, 0, 1, -7, 0, 1, 3, 2, 1, -4, -3, -4, -5, 1, -8, -6, 1, -4, 0, 2, -2, 1, -1, 0, -6, 1, -1, 4, -2, -5, -3, 0, 0, -2]
 
1.01589284643: [-5, 1, -7, -4, -1, 2, -1, -4, -4, -4, -4, 4, -2, 1, -5, -8, 4, -8, -1, -6, 4, 4, -5, -3, -6, -5, 2, -6, -5, -7, -5, -4, -6, -7, 2, 2, -7, -5, -4, -3, -8, -4, -7, -7, 1, -6, 1, -7, 2, 1, -1, 2, 4, 1, -7, -8, -4, -4, 3, -3, -2, -8, -8, -3, 3, -3, -8, -8, -8, -1, 3, 2, -6, 1, -5, 4, 0, -5, -7, 2, 4, 3, 0, -3, -1, -6, -1, 1, -7, 3, -8, 4, 1, -4, -7, 2, 1, -3, 3, -3, -4, -7, 0, 2, -8, -1, 3, -1, -3, -3, -3, -6, -8, 0, -3, -5, -2, 1, -6, -1, 1, 3, -5, 2, -2, 2, -2, 3]
 
0.401211478148: [4, 1, 2, -1, -8, 4, 0, 0, -5, -8, -6, 4, 1, -3, -4, -2, 4, -1, -6, -5, 4, 3, -7, -4, 0, -1, 4, -2, 2, 2, 4, 3, 4, -5, -6, 4, -4, -3, -2, -2, 0, 2, -5, 1, -4, -8, 2, -6, 4, 2, -5, 2, -3, -7, -2, 0, -6, -8, -6, -3, -5, -5, -2, -8, 2, 2, -3, 2, -8, -7, -5, -3, 1, -4, -7, -3, -8, 1, 4, -1, -7, 3, 1, 0, 3, -2, -7, 0, 0, -6, 4, 4, 4, -4, -8, 1, 1, 2, 4, 4, 0, 0, -1, 0, -3, -1, 1, -1, 1, 2, 0, 2, -2, -6, -2, -4, -1, -1, -7, 0, -4, -3, -5, -2, -6, -8, -3, -7]
 
2.85886794202: [2, -2, -3, -4, 3, 1, -1, -7, 4, 0, -3, -4, 0, -8, -7, -3, 2, 3, -8, -7, 3, -7, -8, -1, 1, -7, -6, -6, 1, -6, 1, -4, -5, -2, -2, -1, -1, -8, -7, -2, -5, -7, -8, -8, -8, 2, 4, -8, -2, -6, 4, 0, 0, -4, 3, -2, 1, -1, -1, -3, 1, -8, 4, 1, 2, -3, 2, -8, -8, 0, 3, -5, 0, 0, -6, -4, 0, -5, 3, -4, -8, 3, 3, 2, -3, -6, -1, -4, 3, -3, -8, -4, 4, -6, -8, 0, -7, -7, 0, -3, 3, 2, 0, -5, -8, -4, -5, 0, -8, -3, 1, -4, 0, 2, -2, 1, -1, 3, -3, 1, -1, 4, -2, -5, -3, 0, 0, -2]
 
0.842682342556: [-1, -8, -2, 0, -2, -5, 0, -4, 3, 4, 3, -6, -2, 0, 4, -3, 0, -3, 2, -7, 3, -6, -5, -3, -6, 0, 1, 0, 1, -8, 0, 0, -5, -1, 2, -3, -3, 2, -1, 2, -4, -6, 3, -4, 0, 2, -5, 4, 0, 0, -1, -3, 1, -5, 1, 3, -3, 0, 4, -3, -3, 2, -6, -5, -7, -3, -2, 0, -2, -2, 4, -2, 0, -1, 0, -7, -8, 1, 4, 4, 1, 3, 1, 0, 3, -2, 2, 0, 0, -6, -2, 4, -5, -4, -6, 1, 1, -7, 4, 0, -2, -5, -5, 0, -3, -4, 1, -1, 1, -7, 0, 2, 2, -6, -7, -4, -1, -1, -7, -3, -4, -2, -5, -2, -6, 0, -3, -7]
 
1.7929953728: [4, 1, 3, 4, 4, -7, -1, 0, -4, -8, -2, 4, 1, -6, -5, -6, 4, -1, -6, -5, 4, 4, -7, -4, 0, -1, -3, -5, 2, -7, -1, -4, -3, -5, 3, 2, -3, -1, -5, 0, -8, 0, -2, -8, 0, 0, 0, 0, -6, -5, 0, -2, 4, 4, -7, 1, -3, 2, -3, -6, -3, -4, -4, 4, 2, -3, 2, -8, -8, 0, -4, -5, 0, 2, -2, -8, 3, -5, -7, -6, -3, 3, -7, 2, -3, 0, -3, 3, -7, 2, 1, -5, -1, 0, -7, 0, 1, -7, 0, 1, 3, -1, 1, -4, -6, -4, -5, 1, -1, -6, 1, 3, 0, 2, -4, 0, -1, -3, -6, 1, -1, 4, -2, -2, -3, 0, 0, -6]
 
1.12114037417: [-1, -2, -8, -3, -1, -1, -7, -1, 2, 4, 3, 2, -3, 4, -3, 1, -6, 0, 1, 1, 4, -3, 4, 1, -4, 2, 2, -3, -5, -3, -6, 1, -4, -1, -6, 4, -7, -5, -4, -3, -2, -4, -8, -8, 1, -6, 1, -7, 2, -7, -1, 4, -8, 4, -4, -8, -8, 0, -7, -3, 0, -3, -4, -8, 4, 2, -3, 2, -8, -1, 1, -7, -1, -4, 2, -3, 0, 1, 4, 2, 4, -4, 1, -8, -4, -6, 0, 0, -7, 3, 3, 2, -5, -4, -3, 2, -7, -3, -5, -2, -7, -6, 4, -1, 4, -1, 3, -6, 1, 1, -3, -1, 2, 0, 2, -2, -3, -6, -7, 0, 0, 3, -1, -7, -4, 0, -8, -4]
 
