1.18225829182: [-5, 2, -5, -8, -1, -5, -4, -2, -8, -3, -5, 2, -2, -8, -6, -5, 0, -3, -1, -3, -4, -3, -8, -5, -5, -7, -7, -1, 1, -1, 0, -7, -8, -1, 3, -1, 4, 3, -5, 2, -5, 3, -2, -2, -4, 3, -2, -4, -3, -3, 4, 0, -8, 1, -3, -2, -5, -6, 3, 4, 2, 0, -3, 4, 3, -4, -6, -6, -8, 1, -6, 1, -3, 4, 0, -8, 4, -5, -8, -3, -3, 4, -1, 2, 3, 0, 0, 3, 3, 1, 2, 2, 1, -6, -3, 1, -4, -2, -7, -6, -2, -5, 1, -5, -8, 2, -3, 2, 4, 0, -3, 3, 4, 3, -1, 3, -4, 0, -6, -2, -1, -2, 3, -5, 0, 1, -8, -1]
 
-1000: [0, 0, 0, -2, -2, -1, 3, 0, -1, -2, -3, 3, 0, -7, -7, -2, 0, -3, -2, 3, 3, -6, -5, -7, 1, 3, -8, -4, -1, -4, 0, -2, -5, -5, -4, -1, -1, -3, -5, -3, -2, -8, -8, -2, -2, -7, -7, -1, 1, -8, -3, 2, 0, -3, -3, 0, -6, -1, -7, -8, -7, -5, -8, 2, -4, -7, -4, 3, -7, 4, 0, -7, -2, 4, 4, -2, 1, -3, -8, -7, -6, 1, -8, 0, -8, 0, -3, -8, 0, 2, 1, -5, 1, 2, -3, 2, -6, -7, -1, -5, -8, -8, -4, -4, -6, -5, -3, -2, 4, 4, -6, 2, -3, 0, -4, -1, -1, 3, -3, -1, 1, -5, -1, -1, -8, -1, -3, -6]
 
2.13119709823: [-5, -2, -8, 0, -2, -6, -5, -7, -4, -4, -7, -5, 0, -8, -1, 4, -8, 1, 3, -7, -6, -4, 4, -8, -5, -6, -1, -3, -8, 1, -4, 1, 2, -8, -8, -6, -7, -8, -2, -4, 3, -5, 0, -6, -6, -5, -1, -5, -6, -4, -1, 0, -8, -1, -4, -6, 3, 3, -5, -6, -2, -2, 4, 4, -8, -1, 1, 0, 0, -3, -6, -3, -8, 1, -5, -2, -2, -1, -4, 3, -3, 0, -1, 4, -7, -5, -2, -1, -4, -7, 0, -5, -3, -4, -6, -3, -4, 0, -3, -3, 4, 4, 1, -8, -8, -6, -7, -4, -8, -2, -7, 2, 0, -1, 0, 0, -2, -1, -8, -3, -2, -5, 1, 0, 3, 1, -6, -5]
 
1.272410413457056: [3, -3, -3, 0, 3, -5, -6, -3, 1, 2, 0, -7, -5, 0, -6, -1, -2, -6, -1, 2, -6, -1, -4, -2, -8, -8, 2, -5, -2, -4, 3, -6, -2, -1, -4, -1, -7, -7, -4, -5, -1, 3, -3, -3, 3, 2, -2, 1, -6, -3, 1, -2, -7, 1, -3, -2, -5, -1, -1, 4, -3, 4, 2, 4, -3, -8, 4, 0, -7, -8, -3, -6, -4, 0, -5, 4, 2, 3, -2, 2, -7, 2, 1, -3, -3, -3, -4, -2, 1, -5, -4, 2, -3, -2, -2, -6, 3, -1, -3, 4, -3, -6, 3, 0, -5, -1, -1, -8, -2, -4, -8, -4, -8, -6, 2, -4, 4, 2, -8, -3, -1, -2, 3, -5, 0, 0, -3, -6]
 
1.8192208290814438: [3, -3, -3, 0, 3, -5, -6, -3, 1, 2, 0, -7, -5, 0, -6, -1, -2, -6, -1, 2, -6, -1, -4, -2, -8, -8, 2, -5, -2, -4, 3, -6, -2, -1, -4, -1, -7, -7, -4, -5, -1, 3, -3, -3, 3, 2, -2, 1, -6, -3, 1, -2, -7, 1, -3, -2, -5, -1, -1, 4, -3, 4, 2, 4, -3, -8, 4, 0, -7, -8, -3, -6, -4, 0, -5, 4, 2, 3, -2, 2, -7, 2, 1, -3, -3, -3, -4, -2, 1, -5, -4, 2, -3, -2, -2, -6, 3, -1, -3, 4, -3, -6, 3, 0, -5, -1, -1, -8, -2, -4, -8, -4, -8, -6, 2, 4, -7, -3, -6, -1, -4, -4, -5, -5, 2, 4, 4, 3]
 
0.9723705146153057: [-7, 2, -5, -1, 1, -1, -4, -2, -8, -3, -5, -5, -2, -8, -6, -3, -2, 3, -7, 4, 1, 1, -4, -3, 3, 3, -3, -2, -5, -7, -7, -6, -2, 1, -6, -2, -3, -4, 0, -6, 0, -7, -1, -4, -2, 1, 2, -4, -1, 1, 2, -5, -4, 1, -7, -4, -6, -2, -1, -5, -8, -2, -8, -2, -3, -2, 1, 4, 1, -2, 2, -5, -5, 1, -6, -8, -3, -5, -3, 0, -4, -1, -1, -1, 4, -5, -6, 2, 4, -5, -2, 3, -1, 1, -8, 3, 4, 4, -7, 2, -1, -7, -1, 1, -2, 0, -4, -1, -1, -3, -8, -4, -8, -6, 2, -4, 4, 2, -8, -3, -3, 1, -7, 3, 3, -1, -2, -7]
 
1.7507601168499707: [-7, 2, -5, -1, 1, -1, -4, -2, -8, -3, -5, -5, -2, -8, -6, 4, 0, -3, -2, -2, 3, -6, -5, -2, 1, -7, -6, -6, 2, -4, 0, -2, -5, -1, -4, -1, -1, 3, -5, -2, -1, 3, -3, -8, 0, 2, -2, 0, -6, -3, 1, 0, -7, 1, -3, -2, -5, -1, -1, -4, -4, 4, 2, 4, 3, -4, 2, -8, -4, 0, -1, -5, 1, 4, -2, -8, 3, -5, 2, -6, -3, 3, -7, 2, 3, -2, -5, -2, 3, 4, 2, 2, 2, -2, 0, 1, -2, -2, 4, -8, -2, -5, -5, -5, 3, -4, -3, -1, -1, 2, -3, 3, -3, 2, -2, 3, 0, 0, -6, 2, -3, 1, -7, 3, 3, -1, -2, 4]
 
1.3051711836233704: [3, -3, -3, 0, 4, -5, -6, -7, -3, 2, 0, -7, -5, 0, 1, -5, -2, 0, 4, 2, 2, -1, -4, -2, -8, -5, 2, -5, -5, -5, 2, -6, -2, -1, -4, -1, -1, -7, -5, -6, -8, 3, -1, -3, 3, -6, -4, 3, -6, -3, -2, -2, -8, 1, -3, -6, 4, -2, -1, -2, -3, 3, -7, 4, 3, -8, 4, 0, -7, -8, -3, -6, -2, 2, -5, 0, -6, 3, -2, -8, -7, 2, -6, -1, 1, -4, -3, -1, -1, -3, -6, -7, -3, 4, -1, -3, 3, -5, -3, 4, -3, -1, -4, 3, -7, -8, -7, -4, 2, -7, -3, 1, 0, 1, 0, -4, -5, 2, -2, -3, -1, -2, 3, -7, -7, 3, 3, -5]
 
1.2119630790162619: [-2, -7, -7, -1, -2, 3, 3, -1, -8, -4, -7, 3, 4, 0, -3, 4, 0, -3, -2, -2, 3, -6, 2, -2, -6, -7, -7, 4, -5, -4, 0, -8, 1, -3, -4, 2, -3, -1, -5, 0, 0, -7, -2, -1, -7, 3, -8, 4, -3, -2, -6, -7, 3, -7, -4, 3, -4, -3, -1, -1, -2, -8, -5, 2, 3, 1, 2, -7, 1, -1, -4, 0, -6, 3, -8, -5, -2, -1, 0, -7, 4, -2, -2, -2, 2, 3, -7, 3, -5, -2, -2, -1, -1, 0, 4, -4, -5, 3, 1, 4, -4, 2, 2, -4, 1, -1, -3, -2, -3, -3, -4, 1, 2, 3, 2, -1, -2, -3, -4, -1, -4, -4, -5, -5, -2, -3, 4, 3]
 
1.18145158009: [-7, -3, 4, 0, -5, -2, 0, -5, -8, -5, 3, -3, -4, -3, -4, -3, -8, -3, -6, 3, -5, 1, 3, -5, -1, -8, 2, 2, -5, -5, -2, -6, -2, -2, -1, -3, -7, -2, 2, 4, 1, -4, -1, -2, 3, -3, 3, -4, -6, -1, 1, -2, 1, -7, 0, 1, -8, -3, -4, 4, 3, 4, -1, 4, -2, 3, 4, 1, -1, 4, 0, 4, 2, 4, -4, -6, 2, -1, 0, -2, 3, 1, -7, -3, -5, -6, 1, 0, 1, 0, 1, -3, -1, -7, 1, -8, -1, -7, -3, -6, 3, -6, 3, 2, -2, -1, 3, -3, -6, -4, -8, -4, 4, -7, -7, -5, -6, -6, -3, -2, -3, -3, 1, -7, -1, 2, 4, -7]
 
2.709410877211033: [-3, -3, 2, -1, -1, 2, 0, -1, -6, -8, 2, 0, -6, -6, 0, -7, -5, -2, -1, 2, -6, -1, -4, -2, -8, -8, 2, -5, -2, -4, 3, -6, -2, -1, -4, -1, -7, -7, -4, -5, -1, 3, -3, -3, 3, 2, -2, 1, -6, -3, 1, -2, -7, 1, -3, -2, -5, -1, -1, 4, -3, 4, 2, 4, -3, -8, 4, 0, -7, -8, -3, -6, -4, 0, -5, 4, 2, 3, -2, 2, -7, 2, 1, -3, -3, -3, -4, -2, 1, -5, -4, 2, -3, -2, -2, -6, 3, -1, -3, 4, -3, -6, 3, 0, -5, -1, -1, -8, -2, -4, -8, -4, -8, -6, 2, -4, 4, 2, -8, -3, -3, 1, -7, 3, 2, 1, -2, 3]
 
2.6445048865340333: [-4, 1, 4, 0, 1, -6, -2, 1, -2, 2, 0, 2, 0, -8, 4, -8, 3, -1, -7, -6, 2, 3, -4, -4, -3, 2, -5, 4, 1, -7, 4, 0, -3, 1, -5, -3, 4, 4, -4, -6, -4, 3, -7, -4, 2, -1, -5, 4, 0, -5, 0, 0, 4, -6, -1, 3, 0, -4, 0, 0, -2, 1, 1, -2, 3, -5, -4, -8, -7, 3, 4, -2, 0, 0, 2, -4, 4, -2, 0, 2, -6, 2, -8, -3, 0, -2, -3, 2, -5, 1, -7, -1, -5, 2, 4, -2, 4, -6, 1, -3, 2, -3, 0, -5, -6, -4, 3, 1, 2, -6, 1, -6, -4, 4, 2, -6, 4, 0, 0, -6, 4, -4, -2, 4, 4, -5, -2, -3]
 
1.37594594639: [-8, 0, 1, -4, -1, -5, 0, -3, 0, 4, -4, 3, 0, -3, -7, 4, -1, 4, 0, -3, -3, -7, -8, -4, -4, 3, -6, -7, 0, 2, -8, -7, -2, -1, 1, -5, -7, -2, 4, 1, -1, -1, -2, 1, 2, -8, 2, -3, -3, -5, 1, 2, -7, 0, -5, 0, -1, -1, -6, -8, -6, 0, -1, -2, 3, -8, -4, 0, -5, -5, -3, -4, 3, -4, -3, -5, 1, 2, -1, -7, -8, 3, -1, -8, -3, -1, -4, -2, 1, 2, -4, 2, -3, -4, 4, -4, -6, -7, 0, -4, 1, -1, -2, -7, -3, -8, 2, 1, -6, 2, -5, -4, -4, 2, 0, -4, -1, -6, -1, -8, -4, 0, 0, 1, -3, -6, -7, -6]
 
0.8511178877757788: [-2, -7, -7, -1, -4, -4, 4, -3, -3, -5, -3, 2, 0, 1, -5, -6, 1, -1, 1, -6, 3, -8, 3, -5, -2, -7, 1, 2, 4, -5, -1, -4, 1, -3, -3, -5, -3, 2, -2, 0, -5, 1, -3, -8, -5, 3, 1, 4, -3, -2, 0, -7, -5, -7, -3, 3, -4, -4, -1, -1, -2, -8, -5, 2, 3, 1, -8, -8, 1, -1, 2, 0, -6, 3, -8, 4, -2, -1, 0, 0, 4, -6, -3, -2, -3, 3, -7, 2, -2, -2, -2, -1, -1, 4, -1, -4, -5, -6, -5, 4, -4, 3, -1, -2, -8, -1, -1, -2, -3, -3, -4, 1, -8, -1, 2, -4, 4, 2, -8, -3, -3, 1, -7, 3, 3, -1, -2, -7]
 
0.9437817868727768: [-3, 2, 2, -4, -1, 2, -6, -1, -6, -8, 4, 0, -6, 1, 0, -7, -2, -2, -8, 2, -6, 3, -4, -2, 1, 3, 4, -4, 2, 3, 2, -1, -5, -1, -4, -1, 3, 4, -5, -6, -2, 0, -8, 0, 3, 0, -7, -4, 1, 0, 4, 2, 0, -3, -2, 0, 3, 1, -3, -6, -7, 2, -8, -3, -4, -8, -1, 3, 4, -3, 4, 4, 2, 0, 4, -2, 1, -3, -8, -7, 4, -6, 3, 0, 2, -4, -3, 4, 0, 2, 1, -5, -4, -5, -2, 2, -6, -7, -1, -5, -8, -4, -4, 2, 3, 4, -3, -2, -4, 1, -4, -4, -7, -8, -4, -8, -1, 3, -2, 0, -5, 4, -4, -1, 1, -1, -3, -8]
 
0.6711857329390369: [0, -4, -7, -2, 2, -3, 0, 2, 1, 2, -3, -3, -2, 3, -3, 3, -1, -2, -1, -4, 3, -1, -2, 1, -6, -5, 2, 2, -5, -7, 4, -1, -2, 4, 0, -4, 1, -5, 3, -3, 0, -4, -7, -7, 3, -6, -2, 3, -6, -5, 4, 1, -7, -5, 1, -8, 4, -3, -1, -4, 1, 4, -2, -1, 3, -4, 2, -8, -1, 0, -1, -5, 1, 4, -7, -7, 3, -1, 2, -3, -7, 3, -2, 2, -3, -4, -3, 2, -7, 2, -2, 2, 1, -7, -3, 0, -2, -7, 2, -5, 3, 1, -4, -4, 1, -4, -3, 1, 4, 1, 1, 4, 0, -8, -4, -3, 1, -1, -6, -1, -5, 3, -7, 2, 3, -1, -2, 4]
 
1.7770822110367197: [0, 1, 4, 0, -2, -1, 3, -1, -8, -4, -3, 3, 0, 0, -7, 4, 0, -3, -2, -2, 3, -6, -5, -2, 1, -7, -6, -6, 2, -4, 0, -2, -5, -1, -4, -1, -1, 3, -5, -2, -1, 3, -3, -8, 0, 2, -2, 0, -6, -3, 1, 0, -7, 1, -3, -2, -5, -1, -1, -4, -4, 4, 2, 4, 1, -8, 4, -7, -7, -8, -3, -6, -6, 0, -5, 4, 2, 3, 1, 2, -7, 2, 1, -3, -1, -3, -4, -2, -2, -5, 3, -7, -8, -2, -3, -6, 3, 1, -3, 4, -3, -6, 3, 0, -5, -8, -1, -5, -2, -6, -8, -4, -8, -6, 2, -4, 4, 2, -8, -4, -3, 3, -7, -2, -1, -1, -2, -6]
 
1.2978254648885221: [-7, 2, -5, -1, 1, -1, -4, -2, -8, -3, -5, -5, -2, -8, -6, -3, -2, 3, -7, 4, 1, 1, -4, -3, 3, 3, -3, -2, -5, -7, -7, -6, -2, 1, -6, -2, -3, -4, 0, -6, 0, -7, -1, -8, 0, 2, -2, 0, -6, -3, 1, 0, -7, 1, -3, -2, -5, -1, -1, -4, -4, 4, -4, 3, -2, 0, -8, -6, -2, -3, -7, 4, -8, -8, -3, -2, -8, -1, 0, 3, -6, -2, -5, -3, 2, 0, 2, -1, 2, -1, -2, -6, -5, -7, -3, -5, -2, 3, -4, -3, 4, 4, 1, -1, -7, -1, -7, -4, -2, -7, -7, 1, 0, 1, 0, -1, -5, 4, -2, -3, -1, -2, 3, -7, -7, 1, 3, -5]
 
1.8707166423177009: [1, 1, 3, -3, 4, -1, -5, -4, 1, -8, -7, -4, -1, -3, -5, -6, -2, -4, -6, -5, 4, 4, -7, -4, 0, -7, 1, 3, 0, -1, -5, -6, -4, -1, -6, -1, -7, 2, -5, 0, -8, 3, -6, -8, -6, -6, -8, -4, 2, -3, 3, 1, -5, -2, -1, -6, -4, -3, -1, -3, -2, 0, -5, -8, -1, -8, -8, -8, -4, -8, 3, 2, -3, -8, -8, 4, -2, -1, -3, -2, -6, 2, -6, -1, 1, -5, -3, -1, -1, -3, -2, -7, 3, 4, -1, 1, 3, -1, -3, 4, -3, -6, 1, -1, -7, -1, -7, -4, -2, -7, -7, 1, 0, 1, 0, -1, -5, 4, -2, -3, -1, -2, 3, -7, -7, 1, 3, -5]
 
1.64270426928: [0, -6, -7, -2, 2, -3, 0, 2, 1, -2, -7, -3, -4, 0, -3, -8, -1, -6, -1, -5, 3, -4, -2, 1, 4, -5, 2, 2, -1, -2, 4, -1, 3, 4, 1, -4, -4, -5, -8, -3, -2, -2, -6, -7, 3, -6, -2, -2, -6, -5, 4, -6, 2, 0, 1, -8, 4, -3, -5, -4, 1, 3, -6, 3, 3, -4, 2, -8, -1, 0, -4, -5, -6, 4, -7, -7, 3, 2, 2, 1, 1, 1, -2, 2, -3, -4, -6, 2, -1, 2, -2, -8, 1, -7, -3, 0, -2, -7, -2, 1, 3, -2, -6, -7, 1, -4, 1, 1, 4, 3, 0, 4, 2, -8, -4, -3, -2, -7, -6, -1, -5, 3, -7, 2, 2, 1, -2, 3]
 
1.8589364729315963: [0, -8, 4, 3, -5, -7, -3, -1, 4, -8, 1, -8, -3, -6, -8, 1, -6, -3, -5, -8, 4, 4, 1, 2, -4, 3, -3, -2, 2, -7, -5, -3, 0, -3, 2, -4, -3, -3, -7, 0, -4, -1, -2, -1, -7, 0, 0, 3, -6, 1, -3, -2, -5, -3, -8, -8, -1, 3, -7, -3, -7, -5, -7, -3, -1, -5, -1, -8, -8, 2, -4, 4, 1, -5, -8, 4, -2, -3, 3, -2, -3, -4, 1, -6, -7, -6, -6, -6, -5, -3, -7, -7, -5, 4, 4, 4, 2, -5, -3, -1, 0, -6, -2, 0, 3, 2, -7, 1, -3, -3, 2, -1, -7, -6, -1, 0, 2, -5, -1, 2, 4, -5, -2, -1, -4, 3, -7, -7]
 
1.2716942647: [2, -4, -7, -3, 2, -5, 0, -7, 1, 2, -3, -3, -4, -2, -3, 3, -1, -2, -1, -1, -4, -1, -6, 1, -8, -4, 2, 2, 0, -7, 3, -1, -5, -6, -2, -4, 4, -5, -2, -3, 0, -4, -3, -3, -6, 2, 1, 1, -6, -3, -8, -2, -4, 1, -3, -2, -7, 2, -1, 4, 4, 4, 4, 4, -3, -8, -8, 0, -7, -7, 4, -6, 3, 0, -5, 4, 2, -7, -2, 2, -7, 2, -2, -3, -3, -8, -1, -2, 1, -5, -3, 2, -3, -2, 1, -7, 3, -7, -3, 4, -3, -6, -2, 0, -5, -1, -1, 1, -2, -4, -1, -4, -8, -2, 2, -4, -5, 2, 1, -3, -2, -2, -7, -5, 3, -1, -4, -7]
 
1.41395417827: [-2, -7, -7, -1, 2, -2, 4, -3, -3, -5, -3, 0, -1, -7, -5, -6, -4, -1, 3, -6, 3, -8, 3, -5, -2, -7, 1, -4, 4, -5, -1, -6, 1, -1, -3, -5, 0, 2, -2, 0, 1, 1, -3, -8, 4, -6, -4, -8, 3, -2, -4, -8, -5, -6, -3, 3, -4, -4, 4, 3, -4, -8, -5, 3, 3, 1, -8, -8, 1, -1, 2, 0, -1, -6, -7, 4, -2, -1, 0, 0, 4, -6, -3, -2, -3, 3, -7, 2, -2, -2, -2, -6, -1, 4, -1, -2, -5, 0, -3, 4, -4, 3, -1, -3, -5, -1, -1, -2, -3, -6, -6, 2, -4, -1, 2, 4, -7, -3, -3, -1, -4, -4, -7, -8, 2, 4, -8, -4]
 
1.6169874807795224: [0, 3, 4, 0, -2, -1, 4, -4, -8, 0, -8, 3, 0, 1, -7, -2, 0, -3, -2, -2, -7, -6, -5, -1, 3, -7, -2, -4, 2, 2, 0, 4, -5, -1, 4, 1, -1, -8, -5, -2, -1, 3, -3, -8, 0, 3, 0, 0, -6, -3, -1, 1, -7, 3, -3, -2, -5, -8, -1, -4, 0, -8, -2, 1, 2, -8, 4, -7, -7, -8, 1, -6, -6, 4, 3, 4, 2, 3, 1, 2, -1, 2, 1, -4, -1, -3, -4, -2, -2, 0, 3, -7, 1, -4, -4, 1, 3, 2, -5, 4, -3, -6, 3, 1, -5, -5, -1, -5, -2, -6, -8, 4, -8, -6, -3, 4, 4, 2, 2, 1, 1, 3, -7, -2, -1, 4, 0, -3]
 
1.301702736085823: [3, -3, -3, 0, 3, -5, -6, -3, 1, 2, 0, -7, -5, 0, -6, -1, -2, -6, -1, 2, -6, -1, -4, -2, -8, -8, 2, -5, -2, -4, 3, -6, -2, -1, -4, -1, -7, -7, -4, -5, -1, 3, -3, -3, 3, 2, -2, 1, -6, -3, 1, -2, -7, 1, -3, -2, -5, -1, -1, 4, -3, 4, 2, 4, -3, -8, 4, 0, -7, -8, -3, -6, -4, 0, -5, 4, 2, 3, -2, 2, -7, 2, 1, 4, -3, -4, -3, 2, -7, 4, 1, -5, 1, -5, -7, 2, 1, -3, 1, -5, 3, 1, -4, -5, -6, -4, -6, -3, 4, 3, -2, 3, 0, -8, -4, -3, -3, -1, -6, 2, -1, -4, -3, -2, -1, 0, -3, -6]
 
1.11798434759: [-7, 2, -5, -1, 3, 2, -4, -7, -8, 2, -8, -5, -2, -8, -6, -3, -2, 0, 0, -2, -1, -1, -5, -2, 1, -7, -6, -6, -6, -4, 0, 0, -5, -1, -4, -1, 0, 3, -5, -2, -1, 1, -3, -8, 1, -4, -2, -8, -6, -3, 1, 4, -7, 1, -3, -2, -3, 2, -4, -4, -8, 4, 2, 4, 2, 4, 3, 4, -4, -1, -1, 1, 1, 4, -2, 1, 3, -4, 2, -6, 4, -5, -7, 0, -3, -4, -3, 2, 3, 2, 3, -7, -8, 3, -3, 4, 2, 1, -7, 4, 2, -6, 3, 0, -8, -8, -8, 4, -2, -8, -8, -7, -6, -6, 2, -8, 4, 2, -7, 4, -5, 3, -8, -2, -1, 3, -2, 4]
 
2.5150255330351174: [-3, -2, 2, -1, -3, 2, 0, -1, -6, -1, 2, 0, 0, -6, 0, -7, 2, -2, -1, 2, -6, -2, -4, -2, -8, -8, 2, -5, 4, -4, -6, -6, -2, -1, -4, -1, -2, -7, -4, -5, -1, -8, -3, -3, -3, 2, -8, 1, -6, -3, 1, 1, 3, 2, -3, -5, -2, -1, -1, -5, -3, 4, 2, 3, -3, -8, 4, 0, -7, 3, -3, -6, -4, 0, -5, 4, 2, 0, -2, 1, -7, -2, 1, -3, -3, -3, -8, -2, 0, 0, -4, 2, -3, -2, -2, 2, 3, 2, -3, -2, -3, 1, -4, 4, -5, -1, -1, -8, -7, -4, -2, -2, -8, -6, -6, 0, -7, -6, -8, -3, -1, -8, -7, 3, 3, -1, -8, 4]
 
1.9835526491293147: [-3, -3, 2, -1, -1, 2, 0, -1, -6, -8, 2, 0, -6, -6, 0, -7, -5, -2, 1, -6, -8, 4, 2, -1, 3, 0, -2, -3, -4, -4, -8, -2, -3, -5, -6, -1, -3, -8, 1, 4, -8, 3, -3, -8, -8, 4, -8, 4, -6, -3, 2, 0, -7, 1, -3, -2, -5, -1, -1, -4, -4, 4, 2, 4, 1, -8, 4, -7, -7, -8, -3, -6, -6, 0, -5, 4, 2, 3, 1, 2, -7, 2, 1, -3, -1, -3, -4, -2, -2, -5, 3, -7, -8, -2, -3, -6, 3, 1, -3, 4, -3, -6, 3, 0, -5, -8, -1, -5, -2, -6, -8, -4, -8, -6, 2, -4, 4, 2, -8, -4, -3, 3, -7, -2, -1, -1, -3, -6]
 
2.11659502985: [-4, -7, -6, 0, -4, -1, -7, -3, 4, -5, -3, 2, -6, -8, -8, -5, 1, 2, 1, -4, -5, 1, 2, -5, -6, 3, 3, 2, -5, -1, -7, -4, -8, 3, -2, -5, 4, 0, -2, 2, -7, 1, -3, -6, -2, -4, -6, 4, -3, -2, 1, -6, -5, -7, -3, 3, 0, 4, -4, 0, 1, -8, -3, 2, -4, 1, 1, 4, -1, -1, 2, 1, -6, -2, -5, 2, -2, -8, 0, -7, -4, -1, -3, -2, -3, 3, -7, 2, -2, -2, -2, -1, -1, 4, -1, -8, 1, -5, -5, 4, -7, 3, -7, -2, -6, -8, -3, -2, -3, -2, 2, -8, -4, -3, -6, 4, 2, 2, 3, -1, 1, -4, -3, -5, 2, 2, -3, -1]
 
1.6521243149739173: [-5, 4, 2, -6, -4, -5, 3, -1, 1, 4, -8, 3, 0, -1, -2, -4, 0, 2, -2, 4, 1, 1, -4, -3, 3, 3, -3, -2, -5, -7, -7, -6, -2, 1, -6, -2, -3, -4, 0, -6, 0, -7, -1, -8, 0, 2, -2, 0, -6, -3, 1, 0, -7, 1, -3, -2, -5, -1, -1, -4, -4, 4, -4, 3, -2, 0, -8, -6, -2, -3, -7, 4, -8, -8, -3, -2, -8, -1, 0, 3, -6, -2, -5, -3, 2, 0, 2, -1, 2, -1, -2, -6, -5, -7, -3, -5, -2, 3, -4, -3, 4, 4, 1, -1, -7, -1, -7, -4, -2, -7, -7, 1, 0, 1, 0, -1, -5, 4, -2, -3, -1, -2, 3, -7, -7, 1, 3, -5]
 
1.66550745337: [3, -1, -8, 0, 0, 4, 0, -1, -6, -4, -8, 0, 4, 3, -6, -4, -4, 0, -7, -7, -6, -7, -6, -4, -5, 0, 3, 1, -4, 2, 4, 1, -3, -3, -4, -1, -7, -7, -4, -1, -1, 3, -3, -3, 3, -8, 0, 1, -7, -4, 1, -2, -7, -3, -3, -2, -1, -1, -1, 4, -3, 4, 4, 3, -3, -8, 4, 0, -7, -8, 3, -6, -4, 0, -5, 4, 3, -6, 2, 2, -7, 2, 1, 3, -7, -4, -5, 3, 3, -6, 1, -5, 2, -5, 1, 2, 0, -8, 1, -1, -3, -5, -4, -5, -6, -7, -7, 2, 4, 3, -2, 3, -5, -8, -4, -3, -3, -1, -6, 2, 0, -4, -7, -2, -1, -6, -3, -7]
 
1.26242709179379: [-8, 0, 1, -4, -1, -7, 0, -1, 2, -3, -3, 3, 0, -3, -7, 4, -2, -1, 2, -2, -3, -7, -5, -2, -6, -8, -6, -5, 0, 2, -8, 0, -2, -5, 1, 0, 4, -8, 4, -2, 4, -6, -1, 1, -6, -8, 2, -1, 4, -4, 1, 2, -2, -3, -2, 0, -1, -1, -3, 4, 2, 0, 1, -2, 2, -4, -4, 0, -6, -5, -3, -7, -2, -4, 4, -5, 1, 1, -2, -7, -6, 3, -1, 4, -3, -4, -3, 2, -7, 4, 1, -5, 1, -5, -7, 2, 1, -3, 1, -5, 3, 1, -4, -5, -6, -4, -6, -3, 4, 3, -2, 3, 0, -8, -4, -3, -3, -1, -6, 2, -1, -4, -3, -2, -1, 0, -3, -6]
 
2.21001464398: [-3, -3, 2, -1, -1, 2, 0, -1, -6, -8, 2, 0, -6, -6, 0, -7, -5, -2, -1, 2, -6, -1, -4, -2, -8, -8, 2, -5, -2, -4, 3, -6, -2, -1, -4, -1, -7, -7, -4, -5, -1, 3, -3, -3, 3, 2, -2, 1, -6, -3, 1, -2, -7, 1, -3, -2, -5, -1, -1, 4, -3, 4, 2, 4, -3, -8, 4, 0, -7, -8, -3, -6, -4, 0, -5, 4, 2, 3, -2, 2, -7, 2, 1, -3, -3, -3, -4, -2, 1, -5, -4, 2, -3, -2, -2, -6, 3, -1, -3, 4, -3, -6, 3, 0, -5, -1, -1, -8, -2, -4, -8, -4, -8, -6, 2, -4, 4, 2, -8, -3, -1, -2, 3, -7, -7, 3, 3, -5]
 
0.854952993755: [3, -3, -3, 0, 4, -5, -6, -7, -3, 2, 0, -7, -5, 0, 1, -5, -2, 0, 4, 2, 2, -1, -4, -2, -8, -5, 2, -5, -5, -5, 2, -6, -2, -1, -4, -1, -1, -7, -5, -6, -8, 3, -1, -3, 3, -6, -4, 3, -6, -3, -2, -2, -8, 1, -3, -6, 4, -2, -1, -2, -3, 3, -7, 4, 3, -8, 4, 0, -7, -8, -3, -6, -2, 2, -5, 0, -6, 3, -2, -8, -7, 2, -6, -1, 1, -4, -3, -1, -1, -3, -6, -7, -3, 4, -1, -3, 3, -5, -3, 4, -3, -1, -4, 3, -7, -8, -7, -4, 2, -7, -3, 1, 0, 1, 0, -4, -5, 2, -2, -3, -3, 1, -7, 3, 2, 1, -2, 3]
 
0.795761725006: [3, 3, -8, 0, 4, 4, -3, -1, -6, -4, -8, 4, 3, -8, -6, 4, -6, -8, -7, -7, -6, -1, -6, -4, -5, -8, 2, 2, -4, -5, -2, -6, -2, 0, -1, -3, -7, -7, -4, -5, 1, 3, -3, -3, 3, -3, -1, 1, -6, -3, 1, -2, 2, 1, 1, -2, -5, -1, 2, 4, 3, 4, -7, 4, -3, -8, 4, 1, -7, -8, -3, -6, -4, -5, -5, 0, 2, -5, 0, 2, -7, 1, 1, -3, -3, 4, -4, -2, 1, 0, 1, 2, -1, -7, -2, -8, -1, -7, -3, 4, -3, -6, 3, 0, -2, -1, -1, -8, -6, -4, -8, -4, -8, -7, -7, -4, 4, 2, -8, -3, -3, 1, 0, 4, 3, 2, -3, -7]
 
2.20970542902: [2, -3, -3, 0, 3, -5, -6, -3, 4, 1, -7, -5, -5, 2, -6, 3, -8, -6, -1, 2, 4, -1, -4, -2, -8, 0, -1, -3, -4, 2, 4, 1, -5, -8, -2, -6, -7, -1, -7, -7, 4, -6, -7, -6, -6, -5, 0, -5, -6, 2, -1, 3, -8, 2, -3, -6, 3, -5, -5, -6, -2, -4, 2, 2, -8, 3, 4, 2, 0, -3, -8, -4, -8, 1, -5, -2, -8, -1, -1, 3, -6, -4, -5, 2, 2, -5, -3, -1, 2, -1, -2, -6, 3, -7, -3, -3, -1, 3, -4, -3, 4, 4, 1, -6, -8, -1, -7, -4, 3, -7, -7, 4, 0, 1, 0, 0, -5, 4, -2, -3, 0, -5, 0, -7, -7, 1, -6, -5]
 
1.11964682417: [-3, -3, 2, -6, -4, -5, 3, -1, 1, 4, -8, 3, 0, -1, -2, -4, 0, 2, -2, 4, 1, 1, -4, -3, 3, 3, -3, -2, -5, -7, -7, -6, -2, 1, -6, -2, -3, -4, 0, -6, 0, -7, -1, -8, 0, 2, -2, 0, -6, -3, 1, 0, -7, 1, -3, -2, -5, -1, -1, -4, -4, 4, -4, 3, -2, 0, -8, -6, -2, -3, -7, 4, -8, -8, -3, -2, -8, -1, 0, 3, -6, -2, -5, -3, 2, 0, 2, -1, 2, -1, -2, -6, -5, -7, -3, -5, -2, 3, -4, -3, 4, 4, 1, -1, -7, -1, -7, -4, -2, -7, -7, 1, 0, 1, 0, -1, -5, 4, -2, -3, -1, -2, 3, -7, -7, 1, 3, -5]
 
1.84037129921: [-5, 4, 2, -1, -1, 2, 0, -1, -6, -8, 2, 0, -6, -6, 0, -7, -5, -2, 1, -6, -8, 4, 2, -1, 3, 0, -2, -3, -4, -4, -8, -2, -3, -5, -6, -1, -3, -8, 1, 4, -8, 3, -3, -8, -8, 4, -8, 4, -6, -3, 2, 0, -7, 1, -3, -2, -5, -1, -1, -4, -4, 4, 2, 4, 1, -8, 4, -7, -7, -8, -3, -6, -6, 0, -5, 4, 2, 3, 1, 2, -7, 2, 1, -3, -1, -3, -4, -2, -2, -5, 3, -7, -8, -2, -3, -6, 3, 1, -3, 4, -3, -6, 3, 0, -5, -8, -1, -5, -2, -6, -8, -4, -8, -6, 2, -4, 4, 2, -8, -4, -3, 3, -7, -2, -1, -1, -3, -6]
 
1.60497482543: [-3, -3, 2, -1, -1, 2, 0, -1, -6, -8, 2, 0, -6, -6, 0, -7, -5, -2, -1, 2, -6, -1, -4, -2, -8, -8, 2, -5, -2, -4, 3, -6, -2, -1, -6, -2, -3, -4, 0, -6, 0, -7, -1, -8, 0, 2, -2, 0, -6, -3, 1, 0, -7, 1, -3, -2, -5, -1, -1, -4, -4, 4, -4, 3, -2, 0, -8, -6, -2, -3, -7, 4, -8, -8, -3, -2, -8, -1, 0, 3, -6, -2, -5, -3, 2, 0, 2, -1, 2, -1, -2, -6, -5, -7, -3, -5, -2, 3, -4, -3, 4, 4, 1, -1, -7, -1, -7, -4, -2, -7, -7, 1, 0, 1, 0, -1, -5, 4, -2, -3, -1, -2, 3, -7, -7, 1, 3, -5]
 
0.591457614058: [-5, 4, 2, -6, -4, -5, 3, -1, 1, 4, -8, 3, 0, -1, -2, -4, 0, 2, -2, 4, 1, 1, -4, -3, 3, 3, -3, -2, -5, -7, -7, -6, -2, 1, -4, -1, -7, -7, -4, -5, -1, 3, -3, -3, 3, 2, -2, 1, -6, -3, 1, -2, -7, 1, -3, -2, -5, -1, -1, 4, -3, 4, 2, 4, -3, -8, 4, 0, -7, -8, -3, -6, -4, 0, -5, 4, 2, 3, -2, 2, -7, 2, 1, -3, -3, -3, -4, -2, 1, -5, -4, 2, -3, -2, -2, -6, 3, -1, -3, 4, -3, -6, 3, 0, -5, -1, -1, -8, -2, -4, -8, -4, -8, -6, 2, -4, 4, 2, -8, -3, -1, -2, 3, -7, -7, 3, 3, -5]
 
0.793400189467: [0, 3, 4, 0, -2, -1, 4, -4, -8, 0, -8, 3, 0, 1, -7, -2, 0, -3, -2, -2, -7, -6, -5, -1, 3, -7, -2, -4, 2, 2, 0, 4, -5, -1, 4, 1, -1, -8, -5, -2, -1, 3, -3, -8, 0, 3, 0, 0, -6, -3, -1, 1, -7, 3, -3, -2, -5, -8, -1, -4, 0, -8, -2, 1, 2, -8, 4, -7, -7, -8, 1, -6, -6, 4, 3, 4, 2, 3, 1, 2, -1, 2, 1, -4, -1, -3, -4, -2, -2, 0, 3, -7, 1, -4, -4, 1, 3, 2, -5, 4, -3, -6, 3, 1, -5, -5, -1, -5, -2, -6, -8, 4, -8, -6, -3, 4, 4, 2, 2, 1, 1, 3, -7, -2, -7, 1, 3, -5]
 
2.78036382695: [-7, 2, -5, -1, 1, -1, -4, -2, -8, -3, -5, -5, -2, -8, -6, -3, -2, 3, -7, 4, 1, 1, -4, -3, 3, 3, -3, -2, -5, -7, -7, -6, -2, 1, -6, -2, -3, -4, 0, -6, 0, -7, -1, -8, 0, 2, -2, 0, -6, -3, 1, 0, -7, 1, -3, -2, -5, -1, -1, -4, -4, 4, -4, 3, -2, 0, -8, -6, -2, -3, -7, 4, -8, -8, -3, -2, -8, -1, 0, 3, -6, -2, -5, -3, 2, 0, 2, -1, 2, -1, -2, -6, -5, -7, -3, -5, -2, 3, -4, -3, 4, 4, 1, -1, -7, -1, -7, -4, -2, -7, -7, 1, 0, 1, 0, -1, -5, 4, -2, -3, -1, -2, 3, -7, -1, 4, 0, -3]
 
2.22001291361: [3, -3, -3, 0, 3, -5, -6, -3, 1, 2, 0, -7, -5, 0, -6, -1, -2, -6, -1, 2, -6, -1, -4, -2, -8, -8, 2, -5, -2, -4, 3, -6, -2, -1, -4, -1, -7, -7, -4, -5, -1, 3, -3, -3, 0, 2, -2, 0, -6, -3, 1, 0, -7, 1, -3, -2, -5, -1, -1, -4, -4, 4, -4, 3, -2, 0, -8, -6, -2, -3, -7, 4, -8, -8, -3, -2, -8, -1, 0, 3, -6, -2, -5, -3, 2, 0, 2, -1, 2, -1, -2, -6, -5, -7, -3, -5, -2, 3, -4, -3, 4, 4, 1, -1, -7, -1, -7, -4, -2, -7, -7, 1, 0, 1, 0, -1, -5, 4, -2, -3, -1, -2, 3, -7, -7, 1, 3, -5]
 
0.482726522179: [-5, 0, 2, -6, -4, -5, 3, -1, -2, 4, -8, 3, 0, -1, -6, -6, -4, 2, -2, 1, 1, 1, -7, -3, 3, 4, 0, -2, -7, 3, -7, -8, -2, 1, -6, -2, -3, -4, 0, 1, 0, -7, -1, -8, -2, 2, -2, 1, -6, -3, -4, -2, 4, 1, -3, -2, -5, -1, -1, -3, -4, 4, -6, -4, -3, 2, -1, -5, 4, -8, -7, 4, 2, 0, -5, 4, 2, -1, -2, -2, -7, 2, 1, 4, -6, -3, -4, -6, -7, -5, 4, -3, -3, -2, 2, -6, 3, -5, 3, 4, -7, -6, 3, 0, -5, -1, 3, -8, -2, -4, -8, -4, -7, -6, 2, -6, -2, -6, -8, -3, -2, -2, -2, -5, 0, 0, -1, -6]
 
2.20645794703: [3, -3, -3, 0, 3, -5, -6, -3, 4, 1, -7, -5, -5, 2, -6, 3, -8, -6, -1, 2, 4, -1, -4, -2, -8, 0, -1, -3, -4, 2, 4, 1, -5, -8, -2, -6, -7, -1, -7, -7, 4, -6, -7, -6, -6, -5, 0, -5, -6, 2, -1, 3, -8, 2, -3, -6, 3, -5, -5, -6, -2, -4, 2, 2, -8, 3, 4, 2, 0, -3, -8, -4, -8, 1, -5, -2, -8, -1, -1, 3, -6, -4, -5, 2, 2, -5, -3, -1, 2, -1, -2, -6, 3, -7, -3, -3, -1, 3, -4, -3, 4, 4, 1, -6, -8, -1, -7, -4, 3, -7, -7, 4, 0, 1, 0, 0, -5, 4, -2, -3, 0, -5, 0, -7, -7, 1, -6, -5]
 
1.12928078074: [2, -3, -3, 0, 3, -5, -6, -3, 1, 2, 0, -7, -5, 0, -6, -1, -2, -6, -1, 2, -6, -1, -4, -2, -8, -8, 2, -5, -2, -4, 3, -6, -2, -1, -4, -1, -7, -7, -4, -5, -1, 3, -3, -3, 3, 2, -2, 1, -6, -3, 1, -2, -7, 1, -3, -2, -5, -1, -1, 4, -3, 4, 2, 4, -3, -8, 4, 0, -7, -8, -3, -6, -4, 0, -5, 4, 2, 3, -2, 2, -7, 2, 1, 4, -3, -4, -3, 2, -7, 4, 1, -5, 1, -5, -7, 2, 1, -3, 1, -5, 3, 1, -4, -5, -6, -4, -6, -3, 4, 3, -2, 3, 0, -8, -4, -3, -3, -1, -6, 2, -1, -4, -3, -2, -1, 0, -3, -6]
 
0.857834454963: [-7, 2, -5, -1, 1, -1, -4, -2, -8, -3, -5, -5, -2, -8, -6, -3, -2, 3, -7, 4, 1, 1, -4, -3, 3, 3, -3, -2, -5, -7, -7, -6, -2, 1, -6, -2, -3, -4, 0, -6, 0, -7, -1, -4, -2, 1, 2, -4, -1, 1, 2, -5, -4, 1, -7, -4, -6, -2, -1, -5, -8, -2, -8, -2, -3, -2, 1, 4, 1, -2, 2, -5, -5, 1, -6, -8, -3, -5, -3, 0, -4, -1, -1, -1, 4, -5, -6, 2, 4, -5, -2, 3, -1, 1, -8, 3, 4, 4, -7, 2, -1, -7, -1, 1, -2, 0, -4, -1, -1, -3, -8, -4, -8, -6, 2, -1, -5, 4, -2, -3, -1, -2, 3, -7, -7, 1, 3, -5]
 
0.576268141012: [3, -3, -3, 0, 3, -5, -6, -3, 1, 2, 0, -7, -5, 0, -6, -1, -2, -6, -1, 2, -6, -1, -4, -2, -8, -8, 2, -5, -2, -4, 3, -6, -2, -1, -4, -1, -7, -7, -4, -5, -1, 3, -3, -3, 0, 2, -2, 0, -6, -3, 1, 0, -7, 1, -3, -2, -5, -1, -1, -4, -4, 4, -4, 3, -2, 0, -8, -6, -2, -3, -7, 4, -8, -8, -3, -2, -8, -1, 0, 3, -6, -2, -5, -3, 2, 0, 2, -1, 2, -1, -2, -6, -5, -7, -3, -5, -2, 3, -4, -3, 4, 4, 1, -1, -7, -1, -7, -4, -2, -7, -7, 1, 0, 1, 0, -4, 4, 2, -8, -3, -3, 1, -7, 3, 3, -1, -2, -7]
 
0.994856091785: [-2, -7, -7, -1, -4, -4, 4, -3, -3, -5, -3, 2, 0, 1, -5, -6, 1, -1, 1, -6, 3, -8, 3, -5, -2, -7, 1, 2, 4, -5, -1, -4, 1, -3, -3, -5, -3, 2, -2, 0, -5, 1, -3, -8, -5, 3, 1, 4, -3, -2, 0, -7, -5, -7, -3, 3, -4, -4, -1, -1, -2, -8, -5, 2, 3, 1, -8, -8, 1, -1, 2, 0, -6, 3, -3, -2, -8, -1, 0, 3, -6, -2, -5, -3, 2, 0, 2, -1, 2, -1, -2, -6, -5, -7, -3, -5, -2, 3, -4, -3, 4, 4, 1, -1, -7, -1, -7, -4, -2, -7, -7, 1, 0, 1, 0, -1, -5, 4, -2, -3, -1, -2, 3, -7, -7, 1, 3, -5]
 
1.2215630265: [-5, 4, 2, -6, -4, -5, 3, -1, 1, 4, -8, 3, 0, -1, -2, -4, 0, 2, -2, 4, 1, 1, -4, -3, 3, 3, -3, -2, -5, -7, -7, -6, -2, 1, -6, -2, -3, -4, 0, -6, 0, -7, -1, -8, 0, 2, -2, 0, -6, -3, 1, 0, -7, 1, -3, -2, -5, -1, -1, -4, -4, 4, -4, 3, -2, 0, -8, -6, -2, -3, -7, 4, -8, -8, -8, 4, -2, -1, 0, 0, 4, -6, -3, -2, -3, 3, -7, 2, -2, -2, -2, -1, -1, 4, -1, -4, -5, -6, -5, 4, -4, 3, -1, -2, -8, -1, -1, -2, -3, -3, -4, 1, -8, -1, 2, -4, 4, 2, -8, -3, -3, 1, -7, 3, 3, -1, -2, -7]
 
0.69097405392: [3, 3, -8, 0, 4, 4, -3, -1, -6, -4, -8, 4, 3, -8, -6, 4, -6, -8, -7, -7, -6, -1, -6, -4, -5, 0, -1, -3, -4, 2, 4, 1, -2, -1, -4, -1, -7, -7, -4, -5, -1, 3, -3, -3, 3, 2, -2, 1, -6, -3, 1, -2, -7, 1, -3, -2, -5, -1, -1, 4, -3, 4, 2, 4, -3, -8, 4, 0, -7, -8, -3, -6, -4, 0, -5, 4, 2, 3, -2, 2, -7, 2, 1, 4, -3, -4, -3, 2, -7, 4, 1, -5, 1, -5, -7, 2, 1, -3, 1, -5, 3, 1, -4, -5, -6, -4, -6, -3, 4, 3, -2, 3, -8, -7, -7, -4, 4, 2, -8, -3, -3, 1, 0, 4, 3, 2, -3, -7]
 
2.79038051727: [3, 3, -8, 0, 4, 4, -3, -1, -6, -4, -8, 4, 3, -8, -6, 4, -6, -8, -7, -7, -6, -1, -6, -4, -5, -8, 2, 2, -4, -5, -2, -6, -2, 0, -1, -3, -7, -7, -4, -5, 1, 3, -3, -3, 3, -3, -1, 1, -6, -3, 1, -2, 2, 1, 1, -2, -5, -1, 2, 4, 3, 4, -7, 4, -3, -8, 4, 1, -7, -8, -3, -6, -4, -5, -5, 0, 2, -5, 0, 2, -7, 1, 1, -3, -3, 4, -4, -2, 1, 0, 1, 2, -1, -7, -2, -8, -1, -7, -3, 4, -3, -6, 3, 0, -2, -1, -1, -8, -6, -4, -8, -4, 0, -8, -4, -3, -3, -1, -6, 2, -1, -4, -3, -2, -1, 0, -3, -6]
 
0.690776079971: [-8, -2, -8, -4, 0, -2, 0, -2, 0, 4, -4, 3, -7, -3, -7, 4, 4, -6, -5, -2, -2, -7, -8, 3, -4, -1, 4, -1, -8, 2, -8, -7, 2, 2, 1, -5, -5, 1, -6, -4, -7, 3, -1, -6, -6, -8, 1, -3, 4, -4, 2, 2, 3, -3, -5, 0, 4, -5, -3, 4, 2, 0, 1, 4, 3, 1, 2, -8, 1, -4, 2, 0, -6, -6, -8, -4, -5, -6, 0, 0, 4, -6, -1, -2, -3, -4, -7, 2, -2, 0, -2, -1, 0, 4, -1, -4, -5, -6, -5, 4, -4, 3, -1, -2, -8, -1, -5, 2, -3, -7, -4, 1, -8, -1, -3, 4, 4, 0, -3, 2, -1, -4, -5, -8, 2, -5, 4, 3]
 
1.56545470494: [-2, -7, -7, -1, -4, -4, 4, -3, -3, -5, -3, 2, 0, 1, -5, -6, 1, -1, 1, -6, 3, -8, 3, -5, -2, -7, 1, 2, 4, -5, -1, -4, 1, -3, -3, -5, -3, 2, -2, 0, -5, 1, -3, -8, -5, 3, 1, 4, -3, -2, 0, -7, -5, -7, -3, 3, -4, -4, -1, -1, -2, -8, -5, -2, 2, -8, -4, 0, -5, -5, -3, -4, -2, -4, -6, -5, 1, 1, 4, -7, -6, 3, -1, 4, -3, -1, -4, -2, 1, 2, -4, 2, -3, 1, -1, -6, 0, -7, 0, -4, -7, -1, -2, -7, -3, 0, 2, 4, -6, -2, -5, -1, -2, 2, 0, 2, -1, -6, -6, 2, -4, 0, 0, 1, -3, 1, -7, -6]
 
1.68765519328: [-7, 2, -5, -1, 1, -1, -4, -2, -8, -3, -5, -5, -2, -8, -6, 4, 0, -3, -2, -2, 3, -6, -5, -2, 1, -7, -6, -6, 2, -4, 0, -2, -5, -1, -4, -1, -7, -7, -4, -5, -1, 3, -3, -3, 0, 2, -2, 0, -6, -3, 1, 0, -7, 1, -3, -2, -5, -1, -1, -4, -4, 4, -4, 3, -2, 0, -8, -6, -2, -3, -7, 4, -8, -8, -3, -2, -8, -1, 0, 3, -6, -2, -5, -3, 2, 0, 2, -1, 2, -1, -2, -6, -5, -7, -3, -5, -2, 3, -4, -3, 4, 4, 1, -1, -7, -1, -7, -4, -2, -7, -7, 1, 0, 1, 0, -1, -5, 4, -2, -3, -1, -2, 3, -7, -7, 1, 3, -5]
 
1.10986323611: [3, -3, -3, 0, 3, -5, -6, -3, 1, 2, 0, -7, -5, 0, -6, -1, -2, -6, -1, 2, -6, -1, -4, -2, -8, -8, 2, -5, -2, -4, 3, -6, -2, -1, -4, -1, -1, 3, -5, -2, -1, 3, -3, -8, 0, 2, -2, 0, -6, -3, 1, 0, -7, 1, -3, -2, -5, -1, -1, -4, -4, 4, 2, 4, 3, -4, 2, -8, -4, 0, -1, -5, 1, 4, -2, -8, 3, -5, 2, -6, -3, 3, -7, 2, 3, -2, -5, -2, 3, 4, 2, 2, 2, -2, 0, 1, -2, -2, 4, -8, -2, -5, -5, -5, 3, -4, -3, -1, -1, 2, -3, 3, -3, 2, -2, 3, 0, 0, -6, 2, -3, 1, -7, 3, 3, -1, -2, 4]
 
1.27366107715: [-5, 4, 2, -6, -4, -5, 3, -1, 1, 4, -8, 3, 0, -1, -2, -4, 0, 2, -2, 4, 1, 1, -4, -3, 3, 3, -3, -2, -5, -7, -7, -6, -2, 1, -6, -2, -3, -4, 0, -6, 0, -7, -1, -8, 0, 2, -2, 0, -6, -3, 1, 0, -7, 1, -3, -2, -5, -1, -1, -4, -4, 4, -4, 3, -2, 0, -8, -6, -2, -3, -7, 4, -8, -8, -8, 4, -2, -1, 0, 0, 4, -6, -3, -2, -3, 3, -7, 2, -2, -2, -2, -1, -1, 4, -1, -4, -5, -6, -5, 4, -4, 3, -5, -5, 3, -4, -3, -1, -1, 2, -3, 3, -3, 2, -2, 3, 0, 0, -6, 2, -3, 1, -7, 3, 3, -1, -2, 4]
 
-1000: [3, -3, -3, 0, 3, -5, -6, -3, 1, 0, 0, -7, 0, 0, -6, -1, -2, -8, -1, 2, -6, -1, -5, -6, -5, -8, -8, -7, -5, -4, -4, -7, -2, -1, -7, -1, -1, 3, -5, -2, -1, 2, -3, 2, 0, 1, 0, 0, -6, -3, 1, -3, -7, 2, -3, 3, -5, -1, -1, -4, -4, 3, -4, 4, 3, -4, 2, -8, -4, 0, -1, -5, 1, 4, -2, -8, 3, -1, 2, -5, -1, 3, -7, 2, 3, -2, -8, -2, 3, -6, -7, 2, 2, 1, 0, 3, 0, -2, 4, -5, -2, -5, -1, -2, -8, -1, -1, -5, -4, 1, -3, -6, -8, -5, 2, 1, -6, -1, -8, -1, -3, -6, 4, 3, 3, 3, -2, -5]
 
2.50474949278: [3, -3, -3, 0, 3, -5, -6, -3, 4, 1, -7, -5, -5, 2, -6, 3, -8, -6, -1, 2, 4, -1, -4, -2, -8, 0, -1, -3, -4, 2, 4, 1, -5, -8, -2, -6, -7, -1, -7, -7, 4, -6, -7, -6, -6, -5, 0, -5, -6, 2, -1, 3, -8, 2, -3, -6, 3, -5, -5, -6, -2, -4, 2, 2, -8, 3, 4, 2, 0, -3, -8, -4, -8, 1, -5, -2, -8, -1, -1, 3, -6, -4, -5, 2, 2, -5, -3, -1, 2, -1, -2, -6, 3, -7, -3, -3, -1, 3, -4, -3, 4, 4, 1, -6, -8, -1, -7, -4, 3, -7, -7, 4, 0, 1, 0, 0, -5, 4, -2, -3, 0, -5, 0, -7, -7, 1, -6, -5]
 
0.872540973302: [0, -6, -3, -6, -1, -6, -2, -2, 1, -6, -3, 2, 2, -1, -6, -4, 3, -4, -2, -5, -1, 0, 0, -3, -2, -5, 1, -2, 4, 4, 0, -1, -7, -4, -6, 4, -5, -2, -4, -2, -6, -3, -7, 0, -1, 0, -6, -4, -1, -4, -6, -7, 2, -1, 0, 2, -2, 1, -7, -1, -2, -1, -1, -5, 4, 4, 4, -2, 2, 1, -3, 1, -4, -4, -6, 3, 1, -8, 4, 4, -6, -6, 1, -4, -4, -4, -5, 1, 1, 0, 2, 4, 2, 0, -5, -7, -4, -5, 4, -3, -8, -8, -1, -1, -5, 1, -4, -2, -5, 2, 2, -1, -6, -8, -4, 2, 4, -6, 3, -2, -8, -2, -3, -1, -3, 0, -3, -8]
 
0.996594796861: [3, -3, -3, 0, 4, -5, -6, -7, -3, 2, 0, -7, -5, 0, 1, -5, -2, 0, 4, 2, 2, -1, -4, -2, -8, -5, 2, -5, -5, -5, 2, -6, -2, -1, -4, -1, -1, -7, -5, -6, -8, 3, -1, -3, 3, -6, -4, 3, -6, -3, -2, -2, -8, 1, -3, -6, 4, -2, -1, -2, -3, 3, -7, 4, 3, -8, 4, 0, -7, -8, -3, -6, -2, 2, -5, 0, -6, 3, -2, -8, -7, 2, -6, -1, 1, -4, -3, -1, -1, -3, -6, -7, -3, 4, -1, -3, 3, -5, -3, 4, -3, -1, -4, 3, -7, -8, -7, -4, 2, -7, -3, 1, 0, 1, 0, -1, -5, 4, -2, -3, -1, -2, 3, -7, -7, 1, 3, -5]
 
0.466774915219: [0, 4, -3, -6, -4, -5, 3, -1, -7, 4, -8, 3, 4, -5, 1, 0, 0, 0, -2, 3, 1, 1, -6, -3, 0, 3, -2, -2, -5, -7, 3, 3, 3, 1, -4, -6, 2, -4, 0, -6, 0, -7, -1, -8, 0, 2, -2, 0, -6, -6, 1, 3, -7, 1, -3, -2, -5, -1, -1, -4, -4, 1, 0, -8, -2, 0, -8, -6, -2, -3, -6, -7, -8, -6, -3, -2, -8, 0, -5, 3, -6, -7, -5, 0, 2, 0, -7, 3, 2, -8, -2, 2, 4, -2, -3, -7, -2, 3, -1, -3, -4, 4, -2, 2, -7, -5, -7, -4, -5, -7, 3, 1, 0, 1, 0, -4, -5, 2, -2, -3, -3, 1, -7, 3, 2, 1, 0, -1]
 
0.444338204261: [-3, -3, 2, -6, -4, -5, 3, -1, 1, 4, -8, 3, 0, -1, -2, -4, 0, 2, -2, 4, 1, 1, -4, -3, 3, 3, -3, -2, -5, -7, -7, -6, -2, 1, -6, -2, -3, -4, 0, -6, 0, -7, -1, -8, 0, 2, -2, 0, -6, -3, 1, 0, -7, 1, -3, -2, -5, -1, -1, -4, -4, 4, -4, 3, -2, 0, -8, -6, -2, -3, -7, 4, -8, -8, -3, -2, -8, -1, 0, 3, -6, -2, -5, -3, 2, 0, 2, -1, 2, -1, -2, -6, -5, -7, -3, -5, -2, 3, -4, -3, 4, 4, 1, -1, -7, -1, -7, -4, -2, -7, -7, 1, 0, 1, 0, -1, -5, 4, -2, -3, -1, -2, 3, -7, -7, 1, 3, -5]
 
0.780188172379: [-7, -7, -7, -1, -4, -4, 4, -3, -8, -5, 3, 2, 0, 1, -5, -7, 1, -1, 1, -6, -2, -8, 3, -8, -2, -7, 1, -6, 4, -7, -1, -4, 1, 2, -3, -6, -3, -6, -4, 0, -5, -5, -4, 1, 3, 3, 1, 4, -5, 4, 0, 0, 4, -7, -3, -4, -2, -2, -1, -1, -2, 1, -5, 2, 3, 1, -4, -8, 1, -6, -6, 0, -6, 3, -3, -7, 0, -1, 0, -6, -6, -8, -5, -3, 2, 0, 1, -4, 2, -1, -2, -7, -5, -7, -8, -5, 4, 3, -3, -2, -7, 4, -5, -1, -7, -1, -7, -4, -2, 2, 2, 1, 0, 1, 0, -1, -7, 4, -7, 4, -1, -8, -3, -7, -7, -2, 3, -5]
 
