6.232205119646565: [-3, -3, 4, 5, -4, 3, -3, 1, -5, 4, 2, 4, 0, 1, -5, 6, 4, -4, -2, -3, 5, -4, -3, -6, -3, 6, -1, -2, -3, 3, 1, 3, -3, -3, -6, 5, 3, 3, -1, -1, 5, 0, -3, -6, 1, 2, -5, -5, -3, 2, 4, -6, 0, -2, 4, 2, -2, 6, -2, 5, -6, -6, 1, -5, 5, -5, -6, -1, -2, -1, -6, -2, 5, 2, 5, 3, -6, 1, -1, 4, -4, 3, -4, -1, -6, 1, -2, 4, 6, -4, 0, -3, 4, -2, -2, -5, -4, -2, -1, -4, 6, 2, -1, 0, 0, 1, 0, -1, -6, -1, -3, -6, 3, 1, -2, 2, -4, -6, 4, 0, 2, -4, -4, 6, -1, 3, -6, -1]
 
5.899923956471893: [-3, -3, 1, 5, -4, 3, 4, 1, -6, 4, 2, 4, 0, 1, -5, 6, 6, -4, -2, -3, 5, -4, -3, -6, -1, 6, -1, -2, -3, 3, 1, 3, -3, -3, -6, 5, 3, 3, -1, -1, 5, 0, -3, -6, 1, 2, -5, -5, -3, 2, 4, -6, 0, -2, 4, 2, -2, 6, -2, 5, -6, -6, 1, -5, 5, -5, -6, -1, -2, -1, -6, -2, 5, 2, 5, 3, -6, 1, -1, 4, -4, 3, -4, -1, -6, 1, -2, 4, 6, -4, 0, -3, 4, -2, -2, -5, -4, -2, -1, -4, 6, 2, -1, 0, 0, 1, 0, -1, -6, -1, -3, -6, 3, 1, -2, 2, -4, -6, 4, 0, 2, -4, -4, 6, -1, 3, -6, -1]
 
5.899553852553813: [-3, -3, 4, 5, -4, 3, -3, 1, -5, 4, 2, 4, 0, 1, -5, 6, 4, -4, -2, -3, 5, -4, -3, -6, -3, 6, -1, -2, -3, 3, 1, 3, -3, -3, -6, 5, 3, 3, -1, -1, 5, 0, -3, -6, 1, 2, -5, -5, -3, 2, 4, -6, 0, -2, 4, 2, -2, 6, -2, 5, -6, -6, 1, -5, 5, -5, -6, -1, -2, -1, -6, -2, 5, 2, 5, 3, -6, 1, -1, 4, -4, 3, -4, -1, -6, 1, -2, 4, 6, -4, 0, -3, 4, -2, -2, -5, -4, -2, -1, -4, 6, 2, -1, 0, 0, 1, 0, -1, -6, -1, -3, -6, 3, 1, -2, 2, -4, -6, 4, 0, 2, -4, -4, 6, -1, 3, -6, -1]
 
5.83661548042011: [-3, -3, 1, 5, -4, 3, 4, 1, -6, 4, 2, 4, 0, 1, -5, 6, 6, -4, -2, -3, 5, -4, -3, -6, -1, 6, -1, -2, -3, 3, 1, 3, -3, -3, -6, 5, 3, 3, -1, -1, 5, 0, -3, -6, 1, 2, -5, -5, -3, 2, 4, -2, 1, -2, 4, 6, -3, 6, -2, -2, 5, -6, -5, -5, 5, -5, -6, -1, -2, -1, -6, -2, 5, 2, 5, 3, -6, 1, -1, 4, -4, 3, -4, -1, -6, 1, -2, 4, 6, -4, 0, -3, 4, -2, -2, -5, -4, -3, -1, -4, 6, 2, -1, 0, 0, 1, 0, -1, -6, -1, -3, -6, 3, 1, -2, 2, -4, -6, 4, 0, 2, -4, -4, 6, -1, 3, -6, -1]
 
5.822396748093564: [-3, -3, 4, 5, -4, 3, -3, 1, -5, 4, 2, 4, 0, 1, -5, 6, 4, -4, -2, -3, 5, -4, -3, -6, -3, 6, -1, -2, -3, 3, 1, 3, -3, -3, -6, 5, 3, 3, -1, -1, 5, 0, -3, -6, 1, 2, -5, -5, -3, 2, 4, -6, 0, -2, 4, 2, -2, 6, -2, 5, -6, -6, 1, -5, 5, -5, -6, -1, -2, -1, -6, -2, 5, 2, 5, 3, -6, 1, -1, 4, -4, 3, -4, -1, -6, 1, -2, 4, 6, -4, 0, -3, 4, -2, -2, -5, -4, -2, -1, -4, 6, 2, -1, 0, 0, 1, 0, -1, -6, -1, -3, -6, 3, 1, -2, 2, -4, -6, 4, 0, 2, -4, -4, 6, -1, 3, -6, -1]
 
5.792664213650779: [-3, -3, 1, 5, -4, 3, 4, 1, -6, 4, 2, 4, 0, 1, -5, 6, 6, -4, -2, -3, 5, -4, -3, -6, -1, 6, -1, -2, -3, 3, 1, 3, -3, -3, -6, 5, 3, 3, -1, -1, 5, 0, -3, -6, 1, 2, -5, -5, -3, 2, 4, -2, 1, -2, 4, 6, -3, 6, -2, -2, 5, -6, -5, -5, 5, -5, -6, -1, -2, -1, -6, -2, 5, 2, 5, 3, -6, 1, -1, 4, -4, 3, -4, -1, -6, 1, -2, 4, 6, -4, 0, -3, 4, -2, -2, -5, -4, -2, -1, -4, 6, 2, -1, 0, 0, 1, 0, -1, -6, -1, -3, -6, 3, 1, -2, 2, -4, -6, 4, 0, 2, -4, -4, 6, -1, 3, -6, -1]
 
5.74366097029253: [-3, -3, 4, 5, -4, 3, -3, 1, -5, 4, 2, 0, -4, 1, -5, 6, 4, -4, -2, -3, 5, -4, -3, -6, -3, 6, -1, -2, -3, 3, 1, 3, -3, -3, -6, 5, 3, 3, -1, -1, 5, 0, -3, -6, 1, 2, -5, -5, -3, 2, 4, -6, 0, -2, 4, 2, -2, 6, -2, 5, -6, -6, 1, -5, 5, -5, -6, -1, -2, -1, -6, -2, 5, 2, 5, 3, -6, 1, -1, 4, -4, 3, -4, -1, -6, 1, -2, 4, 6, -4, 0, -3, 4, -2, -2, -5, -4, -2, -1, -4, 6, 2, -1, 0, 0, 1, 0, -1, -6, -1, -3, -6, 3, 1, -2, 2, -4, -6, 4, 0, 2, -4, -4, 6, -1, 3, -6, -1]
 
1.64792365456: [-3, -3, 1, 5, 6, -5, 4, 1, -6, 4, 6, 4, 1, -5, -5, 0, 6, -4, -2, -6, 5, -4, -3, -6, -3, 6, 4, 5, -3, 3, 1, 3, -3, -3, 2, 5, -4, 3, -1, -1, 5, 0, -3, 1, -6, -3, -5, -5, -3, 2, 4, -2, 1, -2, 4, 6, -3, 6, -2, -5, 5, -6, -5, -5, 5, 0, -6, -1, -2, 1, -6, -2, 2, 4, -5, 3, 3, 1, -1, 4, -3, 3, 0, -1, -6, 1, -2, 2, 6, -2, 0, -3, -3, -2, 3, -5, -4, -2, -1, -4, 6, 2, -1, 5, -5, 0, 4, 4, -6, 4, -1, -6, 1, -5, 5, 2, -4, -6, 5, 0, 2, -1, -4, 6, -1, 3, -5, -1]
 
5.735662250000262: [-3, -3, 4, 5, -4, 3, -3, 1, -5, 4, 2, 4, 0, 1, -5, 6, 4, -4, -2, -3, 5, -4, -3, -6, -3, 6, -1, -2, -3, 3, 1, 3, -3, -3, -6, 5, 3, 3, -1, -1, 5, 0, -3, -6, 1, 2, -5, -5, -3, 2, 4, -6, 0, -2, 4, 2, -2, 6, -2, 5, -6, -6, 1, -5, 5, -5, -6, -1, -2, -1, -6, -2, 5, 2, 5, 3, -6, 1, -1, 4, -4, 3, -4, -1, -6, 1, -2, 4, 6, -4, 0, -3, 4, -2, -2, -5, -4, -2, -1, -4, 6, 2, -1, 0, 0, 1, 0, -1, -6, -1, -3, -6, 3, 1, -2, 2, -4, -6, 4, 0, 2, -4, -4, 6, -1, 3, -6, -1]
 
5.697267745622909: [-3, -3, 1, 5, -4, 3, 4, 1, -5, 4, 2, 0, -4, 1, -5, 6, 4, -4, -2, -3, 5, -4, -3, -6, -3, 6, -1, -2, -3, 3, 1, 3, -3, -3, -6, 5, 3, 3, -1, -1, 5, 0, -3, -6, 1, 2, -5, -5, -3, 2, 4, -6, 0, -2, 4, 2, -2, 6, -2, 5, -6, -6, 1, -5, 5, -5, -6, -1, -2, -1, -6, -2, 5, 2, 5, 3, -6, 1, -1, 4, -4, 3, -4, -1, -6, 1, -2, 4, 6, -4, 0, -3, 4, -2, -2, -5, -4, -2, -1, -4, 6, 2, -1, 0, 0, 1, 0, -1, -6, -1, -3, -6, 3, 1, -2, 2, -4, -6, 4, 0, 2, -4, -4, 6, -1, 3, -6, -1]
 
5.6769007538812835: [-3, -3, 4, 5, -4, 3, -1, -5, -6, 4, 2, 0, 0, 1, -5, 6, 4, -4, -2, -3, 5, -4, -3, -6, -3, 6, -1, -2, -3, 3, 1, 3, -3, -3, -6, 5, 3, 3, -1, -1, 5, 0, -3, -6, 1, 2, -5, -5, -3, 2, 4, -6, 0, -2, 4, 2, -2, 6, -2, 5, -6, -6, 1, -5, 5, -5, -6, -1, -2, -1, -6, -2, 5, 2, 5, 3, -6, 1, -1, 4, -4, 3, -4, -1, -6, 1, -2, 4, 6, -4, 0, -3, 4, -2, -2, -5, -4, -2, -1, -4, 6, 2, -1, 0, 0, 1, 0, -1, -6, -1, -3, -6, 3, 1, -2, 2, -4, -6, 4, 0, 2, -4, -4, 6, -1, 3, -6, -1]
 
1.45719315598: [-3, -3, 5, 5, -4, 3, 6, 1, -6, 4, 2, 4, 0, 1, -5, 6, 6, 4, -2, -3, 3, -4, -3, 5, 4, 6, 0, -6, -3, -2, 1, 4, -3, -3, -6, 5, -1, 3, -1, -1, 5, -6, -3, -6, 6, 2, -4, -1, -3, 5, 4, -6, 0, -2, 4, -4, -2, 6, -6, 5, -6, -6, 1, -5, 5, -4, -6, -1, -2, 6, -6, -2, 5, -1, 5, 3, -6, -3, -6, -6, -4, 4, -3, -1, -6, -5, -2, 4, 6, -3, 0, -3, 4, -2, -5, -5, 4, -2, 1, 2, 6, -3, -1, 3, 6, 1, 0, -2, -6, -6, -3, 0, -4, -3, 4, 2, 3, -6, 4, 0, 2, 5, -4, -1, -1, -2, -6, -3]
 
5.666124936992487: [-3, -3, 4, 5, -4, 3, -3, 1, -5, 4, 2, 4, 0, 1, -5, 6, 4, -4, -2, -3, 5, -4, -3, -6, -3, 6, -1, -2, -3, 3, 1, 3, -3, -3, -6, 5, 3, 3, -1, -1, 5, 0, -3, -6, 1, 2, -5, -5, -3, 2, 4, -6, 0, -2, 4, 2, -2, 6, -2, 5, -6, -6, 1, -5, 5, -5, -6, -1, -2, -1, -6, -2, 5, 2, 5, 3, -6, 1, -1, 4, -4, 3, -4, -1, -6, 1, -2, 4, 6, -4, 0, -3, 4, -2, -2, -5, -4, -2, -1, -4, 6, 2, -1, 0, 0, 1, 0, -1, -6, -1, -3, -6, 3, 1, -2, 2, -4, -6, 4, 0, 2, -4, -4, 6, -1, 3, -6, -1]
 
5.658827660118356: [-3, -3, 4, 5, -4, 3, -3, 1, -5, 4, 2, 0, -4, 1, -5, 6, 4, -4, -2, -3, 5, -4, -3, -6, -1, 6, -1, -2, -3, 3, 1, 3, -3, -3, -6, 5, 3, 3, -1, -1, 5, 0, -3, -6, 1, 2, -5, -5, -3, 2, 4, -6, 0, -2, 4, 2, -2, 6, -2, 5, -6, -6, 1, -5, 5, -5, -6, -1, -2, -1, -6, -2, 5, 2, 5, 3, -4, 1, -1, 4, -4, 3, -4, -1, -6, 1, -2, 4, 6, -4, 0, -3, 4, -2, -2, -5, -4, -2, -1, -4, 6, 2, -1, 0, 0, 1, 0, -1, -6, -1, -3, -6, 3, 1, -2, 2, -4, -6, 4, 0, 2, -4, -4, 6, -1, 3, -6, -1]
 
5.658205133429975: [-3, -3, 1, 5, -4, 3, 4, 1, -6, 4, 2, 0, -4, 1, -5, 6, 4, -4, -2, -3, 5, -4, -3, -6, -1, 6, -1, -2, -3, 3, 1, 3, -3, -3, -6, 5, 3, 3, -1, -1, 5, 0, -3, -6, 1, 2, -5, -5, -3, 2, 4, -2, 1, -2, 4, 6, -3, 6, -2, -2, 5, -6, -5, -5, 5, -5, -6, -1, -2, -1, -6, -2, 5, 2, 5, 3, -6, 1, -1, 4, -4, 3, -4, -1, -6, 1, -2, 4, 6, -4, 0, -3, 4, -2, -2, -5, -4, -2, -1, -4, 6, 2, -1, 0, 0, 1, 0, -1, -6, -1, -3, -6, 3, 1, -2, 2, -4, -6, 4, 0, 2, -4, -4, 6, -1, 3, -6, -1]
 
1.57751492973: [-3, -5, 4, 4, 5, 3, -3, 1, -5, 4, -5, 0, 4, 1, -5, 6, 4, -4, -2, -3, -3, -4, -3, -6, -1, 6, -1, -2, 3, 3, 1, 3, -3, 4, -6, -5, -4, 0, -1, -3, 5, 0, 2, -6, -6, 2, -4, -5, -3, 2, 3, -2, 1, 1, 4, 6, -2, 6, -2, 5, 5, -3, 2, -5, 5, 4, -6, -6, -2, 1, -4, -2, 5, 2, 4, 3, 1, 1, -1, 4, -4, -3, 5, -1, -6, 1, -2, 4, 5, -3, -4, -3, -5, -2, -2, 3, 2, -2, -1, -4, 6, 2, 2, 0, 0, -2, 0, -1, 4, -2, -1, -4, 6, 1, -5, 2, 6, 3, 4, 0, 2, 2, -4, 6, -4, 3, -6, -1]
 
0.486051392943: [-6, 1, -5, 2, -4, -3, -1, -4, -6, 2, 2, 0, 5, 1, 2, 6, 4, -4, -1, -3, 5, -4, 5, -1, 6, -2, -1, -2, -3, 3, 1, -2, 5, -3, -6, 4, -4, -4, 4, -1, 5, 0, -3, 6, 1, 6, -5, 3, -3, 2, 6, -6, 0, -1, 0, 2, -1, 6, -2, 3, -2, -1, 1, -3, -3, -5, 2, 1, 0, 4, -6, -6, 5, -6, -3, 3, -6, 1, 1, 6, 1, 3, -4, 5, 3, 1, -2, -4, -4, -5, -1, 3, 4, -2, -3, -5, -2, -2, 2, -4, -1, 2, -1, 4, -1, 6, 6, 6, -6, 0, -3, 3, -2, 2, -2, 3, -4, -3, 3, 0, 2, 0, -4, 6, -1, 1, -3, 2]
 
5.594691811205142: [-3, -3, 4, 5, -4, 3, -3, 1, -5, 4, 2, 0, -4, 1, -5, 6, 4, -4, -2, -3, 5, -4, -3, -6, -1, 6, -1, -2, -3, 3, 1, 3, -3, -3, -6, 5, 3, 3, -1, -1, 5, 0, -3, -6, 1, 2, -5, -5, -3, 2, 4, -6, 0, -2, 4, 2, -2, 6, -2, 5, -6, -6, 1, -5, 5, -5, -6, -1, -2, -1, -6, -2, 5, 2, 5, 3, -6, 1, -1, 4, -4, 3, -4, -1, -6, 1, -2, 4, 6, -4, 0, -3, 4, -2, -2, -5, -4, -2, -1, -4, 6, 2, -1, 0, 0, 1, 0, -1, -6, -1, -3, -6, 3, 1, -2, 2, -4, -6, 4, 0, 2, -4, -4, 6, -1, 3, -6, -1]
 
5.5876184247667755: [-3, -3, 4, 5, -4, 3, -3, 1, -5, 4, 2, 4, 0, 1, -5, 6, 4, -4, -2, -3, 5, -4, -3, -6, -3, 6, -1, -2, -3, 3, 1, 3, -3, -3, -6, 5, 3, 3, -1, -1, 5, 0, -3, -6, 1, 2, -5, -5, -3, 2, 4, -6, 0, -2, 4, 2, -2, 6, -2, 5, -6, -6, 1, -5, 5, -5, -6, -1, -2, -1, -6, -2, 5, 2, 5, 3, -6, 1, -1, 4, -4, 3, -4, -1, -6, 1, -2, 4, 6, -4, 0, -3, 4, -2, -2, -5, -4, -2, -1, -4, 6, 2, -1, 0, 0, 1, 0, -1, -6, -1, -3, -6, 3, 1, -2, 2, -4, -6, 4, 0, 2, -4, -4, 6, -1, 3, -6, -1]
 
2.07617300625: [-3, -1, 1, 4, -4, 3, 4, 5, -4, 4, 4, 4, 0, 1, -3, 6, 6, -4, -2, 5, 5, 6, 1, -6, 5, 6, -1, -2, -5, 3, 1, 3, -3, -3, -6, 5, 3, 3, -1, -1, 6, 0, 6, -6, 1, -1, -5, -5, -3, 2, 4, 4, -1, -2, 6, 6, -3, -6, 3, -2, -3, -6, -5, -5, 5, -5, -1, -1, -2, -1, -6, -2, 5, 2, 3, 3, -6, 5, -1, 4, -4, 3, 6, 4, -6, 1, 4, 4, 6, -4, 5, -4, -6, 1, -3, -4, -4, -2, -1, -4, 6, 2, 2, 0, 0, 1, -6, -1, -6, 1, -3, -1, 6, 0, -6, 2, -5, -6, 4, 0, -4, -4, -4, 6, 3, -4, -6, -3]
 
5.565397681039639: [-3, -3, 4, 5, -4, 3, -3, 1, -5, 4, 2, 4, 0, 1, -5, 6, 4, -4, -2, -3, 5, -4, -3, -6, -3, 6, -1, -2, -3, 3, 1, 3, -3, -3, -6, 5, 3, 3, -1, -1, 5, 0, -3, -6, 1, 2, -5, -5, -3, 2, 4, -2, 1, -2, 4, 6, -3, 6, -2, -2, 5, -6, -5, -5, 5, -5, -6, -1, -2, -1, -6, -2, 5, 2, 5, 3, -6, 1, -1, 4, -4, 3, -4, -1, -6, 1, -2, 4, 6, -4, 0, -3, 4, -2, -2, -5, -4, -2, -1, -4, 6, 2, -1, 0, 0, 1, 0, -1, -6, -1, -3, -6, 3, 1, -2, 2, -4, -6, 4, 0, 2, -4, -4, 6, -1, 3, -6, -1]
 
1.1492025133: [5, -3, 6, 6, -4, 3, 2, 2, -6, 4, 2, 0, 0, 1, -5, 6, 2, -4, -2, -3, 5, 6, -1, -6, -1, 6, -5, 4, -3, 3, 1, 3, -1, -3, -6, 5, 3, 4, -1, 1, 5, 0, -3, -6, 6, 2, 0, -5, -2, 1, 4, -2, 1, -5, 4, -4, 3, 6, -5, -2, 3, 3, 5, -6, 5, 0, -6, -1, 5, 3, -6, 1, 5, 2, 2, 6, -1, 1, 2, 4, -4, 3, -4, -1, -6, 2, -6, -6, 6, -6, 0, -3, 4, -1, -4, -5, -4, 4, -1, -4, 1, 2, 0, 0, 0, 0, 0, -1, 0, -2, -6, -6, 1, 4, -2, 2, -4, -6, 4, 0, -5, -4, 6, 6, -1, 3, -6, -1]
 
5.534587030928235: [-3, -3, 4, 5, -4, 3, -3, 1, -5, 4, 2, 0, -4, 1, -5, 6, 4, -4, -2, -3, 5, -4, -3, -6, -3, 6, -1, -2, -3, 3, 1, 3, -3, -3, -6, 5, 3, 3, -1, -1, 5, 0, -3, -6, 1, 2, -5, -5, -3, 2, 4, -6, 0, -2, 4, 2, -2, 6, -2, 5, -6, -6, 1, -5, 5, -5, -6, -1, -2, -1, -6, -2, 5, 2, 5, 3, -6, 1, -1, 4, -4, 3, -4, -1, -6, 1, -2, 4, 6, -4, 0, -3, 4, -2, -2, -5, -4, -2, -1, -4, 6, 2, -1, 0, 0, 1, 0, -1, -6, -1, -3, -6, 3, 1, -2, 2, -4, -6, 4, 0, 2, -4, -4, 6, -1, 3, -6, -1]
 
5.524092516579895: [-3, -3, 4, 5, -4, 3, -1, -5, -6, 4, 2, 0, 0, 1, -5, 6, 4, -4, -2, -3, 5, -4, -3, -6, -3, 6, -1, -2, -3, 3, 1, 3, -3, -3, -6, 5, 3, 3, -1, -1, 5, 0, -3, -6, 1, 2, -5, -5, -3, 2, 4, -6, 0, -2, 4, 2, -2, 6, -2, 5, -6, -6, 1, -5, 5, -5, -6, -1, -2, -1, -6, -2, 5, 2, 5, 3, -6, 1, -1, 4, -4, 3, -4, -1, -6, 1, -2, 4, 6, -4, 0, -3, 4, -2, -2, -5, -4, -2, -1, -4, 6, 2, -1, 0, 0, 1, 0, -1, -6, -1, -3, -6, 3, 1, -2, 2, -4, -6, 4, 0, 2, -4, -4, 6, -1, 3, -6, -1]
 
5.516804845247208: [-3, -3, 1, 5, -4, 3, 4, 1, -6, 4, 2, 4, 0, 1, -5, 6, 6, -4, -2, -3, 5, -4, -3, -6, -1, 6, -1, -2, -3, 3, 1, 3, -3, -3, -6, 5, 3, 3, -1, -1, 5, 0, -3, -6, 1, 2, -5, -5, -3, 2, 4, -2, 1, -2, 4, 6, -3, 6, -2, -2, 5, -6, -5, -5, 5, -5, -6, -1, -2, -1, -6, -2, 5, 2, 5, 3, -6, 1, -1, 4, -4, 3, -4, -1, -6, 1, -2, 4, 6, -4, 0, -3, 4, -2, -2, -5, -4, -2, -1, -4, 6, 2, -1, 0, 0, 1, 0, -1, -6, -1, -3, -6, 3, 1, -2, 2, -4, -6, 4, 0, 2, -4, -4, 6, -1, 3, -6, -1]
 
0.897145949192: [-3, -3, -4, 5, -4, 3, 4, 1, -6, 4, 2, -5, -3, 1, -5, 6, 6, -4, -2, 6, 5, 3, -2, -6, -1, 1, -1, -2, -3, 3, 1, 3, -5, -5, -6, -2, 3, 1, -1, 5, 5, 6, 1, -6, -2, 2, 2, -5, -2, 1, 4, -2, 4, -2, 4, 6, 1, 6, -2, -2, -4, -2, -5, -5, 5, 1, 6, 2, -2, -1, 5, -6, -6, 2, 5, 3, -6, -5, -1, 4, -4, 3, -4, -1, -3, 1, -2, 4, -3, -4, 4, -3, 4, -6, -2, -5, -4, 5, -1, -2, 6, -1, -1, 0, 4, 1, -3, -4, -6, -1, 6, -6, 3, 1, -2, 2, -4, -1, -6, 0, 2, -4, -4, 6, -1, 0, 4, -1]
 
5.50371256305044: [-3, -3, 4, 5, -4, 3, -3, 1, -5, 4, 2, 4, 0, 1, -5, 6, 4, -4, -2, -3, 5, -4, -3, -6, -3, 6, -1, -2, -3, 3, 1, 3, -3, -3, -6, 5, 3, 3, -1, -1, 5, 0, -3, -6, 1, 2, -5, -5, -3, 2, 4, -2, 1, -2, 4, 6, -3, 6, -2, -2, 5, -6, -5, -5, 5, -5, -6, -2, -2, -2, -2, -2, 2, 2, 4, 3, -6, 1, -1, 4, -4, 3, -4, -1, -6, 1, -2, 4, 6, -4, 0, -3, 4, -2, -2, -5, -4, -2, -1, -4, 6, 2, -1, 0, 0, 1, 0, -1, -6, -1, -3, -6, 3, 1, -2, 2, -4, -6, 4, 0, 2, -4, -4, 6, -1, 3, -6, -1]
 
3.17740194614: [3, 1, 1, 5, -4, -4, 4, 1, -5, 4, 2, 1, 0, 1, -6, 6, -3, -4, -2, 4, 6, -4, 2, -2, -1, 4, -1, 0, -3, 5, 3, 3, 3, -3, -6, -6, 3, -4, 3, -1, -4, -3, -3, -6, 1, 2, 4, -5, -5, 2, 4, -6, 0, -2, 1, -6, -2, -6, -2, 3, -6, 2, 1, -5, 5, -5, -6, -1, -2, -1, -6, -2, 5, 2, 1, 3, -6, 1, -3, 4, -4, 3, -4, -4, -4, -1, -3, 4, 6, -4, 0, -3, 4, -4, -2, -5, 3, -3, 5, -6, 6, 2, -4, 5, 0, 1, 0, -1, -6, 6, -4, 0, 3, 3, -2, 2, -5, -6, -4, -2, 2, -4, -4, 2, -4, 3, -6, 1]
 
5.482873401911455: [-3, -3, 4, 5, -4, 3, -3, 1, -5, 4, 2, 4, 0, 1, -5, 6, 4, -4, -2, -3, 5, -4, -3, -6, -1, 6, -1, -2, -3, 3, 1, 3, -3, -3, -6, 5, 3, 3, -1, -1, 5, 0, -3, -6, 1, 2, -5, -5, -3, 2, 4, -6, 0, -2, 4, 2, -2, 6, -2, 5, -6, -6, 1, -5, 5, -5, -6, -1, -2, -1, -6, -2, 5, 2, 5, 3, -6, 1, -1, 4, -4, 3, -4, -1, -6, 1, -2, 4, 6, -4, 0, -3, 4, -2, -2, -5, -4, -2, -1, -4, 6, 2, -1, 0, 0, 1, 0, -1, -6, -1, -3, -6, 3, 1, -2, 2, -4, -6, 4, 0, 2, -4, -4, 6, -1, 3, -6, -1]
 
5.460214853550747: [-3, -3, -3, 5, -4, 3, -1, -5, -6, 4, 2, 0, 0, 1, -5, 6, 4, -4, -2, -3, 5, -4, -3, -6, -1, 6, -1, -2, -3, 3, 1, 3, -3, -3, -6, 5, 3, 3, -1, -1, 5, 0, -3, -6, 1, 2, -5, -5, -3, 2, 4, -2, 1, -2, 4, 6, -3, 6, -2, -2, 5, -6, -5, -5, 5, -5, -6, -1, -2, -1, -6, -2, 5, 2, 5, 3, -6, 1, -1, 4, -4, 3, -4, -1, -6, 1, -2, 4, 6, -4, 0, -3, 4, -2, -2, -5, -4, -3, -1, -4, 6, 2, -1, 0, 0, 1, 0, -1, -6, -1, -3, -6, 3, 1, -2, 2, -4, -6, 4, 0, 2, -4, -4, 6, -1, 3, -6, -1]
 
5.456711085794528: [-3, -3, 1, 5, -4, 3, 4, 1, -6, 4, 2, 4, 0, 1, -5, 6, 6, -4, -2, -3, 5, -4, -3, -6, -1, 6, -1, -2, -3, 3, 1, 3, -3, -3, -6, 5, 3, 3, -1, -1, 5, 0, -3, -6, 1, 2, -5, -5, -3, 2, 4, -2, 1, -2, 4, 6, -3, 6, -2, -2, 5, -6, -5, -5, 5, -5, -6, -1, -2, -1, -6, -2, 5, 2, 5, 3, -6, 1, -1, 4, -4, 3, -4, -1, -6, 1, -2, 4, 6, -4, 0, -3, 4, -2, -2, -5, -4, -3, -1, -4, 6, 2, -1, 0, 0, 1, 0, -1, -6, -1, -3, -6, 3, 1, -2, 2, -4, -6, 4, 0, 2, -4, -4, 6, -1, 3, -6, -1]
 
5.452350426303017: [-3, -3, 1, 5, -4, 3, 4, 1, -6, 4, 2, 4, 0, 1, -5, 6, 6, -4, -2, -3, 5, -4, -3, -6, -1, 6, -1, -2, -3, 3, 1, 3, -3, -3, -6, 5, 3, 3, -1, -1, 5, 0, -3, -6, 1, 2, -5, -5, -3, 2, 4, -6, 0, -2, 4, 2, -2, 6, -2, 5, -6, -6, 1, -5, 5, -5, -6, -1, -2, -1, -6, -2, 5, 2, 5, 3, -6, 1, -1, 4, -4, 3, -4, -1, -6, 1, -2, 4, 6, -4, 0, -3, 4, -2, -2, -5, -4, -2, -1, -4, 6, 2, -1, 0, 0, 1, 0, -1, -6, -1, -3, -6, 3, 1, -2, 2, -4, -6, 4, 0, 2, -4, -4, 6, -1, 3, -6, -1]
 
5.58866108527: [-3, -3, 4, 5, -4, 3, -3, 1, -5, 4, 2, 4, 0, 1, -5, 6, 4, -4, -2, -3, 5, -4, -3, -6, -3, 6, -1, -2, -3, 3, 1, 3, -3, -3, -6, 5, 3, 3, -1, -1, 5, 0, -3, -6, 1, 2, -5, -5, -3, 2, 4, -6, 0, -2, 4, 2, -2, 6, -2, 5, -6, -6, 1, -5, 5, -5, -6, -1, -2, -1, -6, -2, 5, 2, 5, 3, -6, 1, -1, 4, -4, 3, -4, -1, -6, 1, -2, 4, 6, -4, 0, -3, 4, -2, -2, -5, -4, -2, -1, -4, 6, 2, -1, 0, 0, 1, 0, -1, -6, -1, -3, -6, 3, 1, -2, 2, -4, -6, 4, 0, 2, -4, -4, 6, -1, 3, -6, -1]
 
1.24754059023: [-3, 5, 4, 0, -4, 3, 1, -6, -5, -5, 2, 5, 0, 1, -4, 6, 1, -4, -2, -3, 5, -4, -3, -1, -3, -4, -1, -6, -3, 3, -2, -6, -3, -3, -6, 5, 4, 3, -6, 1, 5, -5, -3, -2, 1, 2, 6, -5, -3, 1, 4, -2, 1, -1, 4, 1, -6, -1, -2, -2, 4, -6, -5, -5, 5, -5, 5, -4, -2, -5, -6, -2, 5, 2, 5, 3, -3, 1, -1, 6, -4, 3, 6, -1, 0, 1, -2, 4, 6, 0, 0, 3, 4, -2, -2, -5, -4, -2, -1, -4, 6, 3, -6, 0, 0, 1, 4, -1, -6, 4, -6, -6, 3, 1, -2, 5, -5, -6, 6, 4, 2, -4, -4, 6, -1, 3, 1, -1]
 
5.07249691816: [-3, -3, 4, 5, -4, 3, 4, 1, -5, 4, 2, 0, -4, 1, -5, 6, 4, -4, -2, -3, 5, -4, -3, -6, -3, 6, -1, -2, -3, 3, 1, 3, -3, -3, -6, 5, 3, 3, -1, -1, 5, 0, -3, -6, 1, 2, -5, -5, -3, 2, 4, -6, 0, -2, 4, 2, -2, 6, -2, 5, -6, -6, 1, -5, 5, -5, -6, -1, -2, -1, -6, -2, 5, 2, 5, 3, -6, 1, -1, 4, -4, 3, -4, -1, -6, 1, -2, 4, 6, -4, 0, -3, 4, -2, -2, -5, -4, -2, -1, -4, 6, 2, -1, 0, 0, 1, 0, -1, -6, -1, -3, -6, 3, 1, -2, 2, -4, -6, 4, 0, 2, -4, -4, 6, -1, 3, -6, -1]
 
5.98119103187: [-3, -3, 1, 5, -4, 3, -3, 1, -5, 4, 2, 0, -4, 1, -5, 6, 4, -4, -2, -3, 5, -4, -3, -6, -3, 6, -1, -2, -3, 3, 1, 3, -3, -3, -6, 5, 3, 3, -1, -1, 5, 0, -3, -6, 1, 2, -5, -5, -3, 2, 4, -6, 0, -2, 4, 2, -2, 6, -2, 5, -6, -6, 1, -5, 5, -5, -6, -1, -2, -1, -6, -2, 5, 2, 5, 3, -6, 1, -1, 4, -4, 3, -4, -1, -6, 1, -2, 4, 6, -4, 0, -3, 4, -2, -2, -5, -4, -2, -1, -4, 6, 2, -1, 0, 0, 1, 0, -1, -6, -1, -3, -6, 3, 1, -2, 2, -4, -6, 4, 0, 2, -4, -4, 6, -1, 3, -6, -1]
 
0.993297868971: [2, 3, 5, 2, -2, 3, -1, 3, -3, 4, 6, 0, 0, 1, 5, -1, 4, -1, -5, -5, -6, -4, 4, 4, -5, -1, 5, -2, 0, -5, -5, 3, -2, 2, -6, 3, -4, 5, -1, -4, 1, 2, -3, -6, -5, -4, 0, 0, -4, 5, 4, -2, 1, -2, 4, 3, 5, -5, -2, 5, 5, -4, -5, 6, 5, -5, -2, 1, -2, -2, -6, -2, 1, 1, -2, 3, -6, -5, -4, 4, 6, -5, -6, -1, -5, 4, -2, 4, 6, 5, -4, 5, 4, -3, -2, -5, -4, -6, 6, -3, 1, -3, -1, -6, 0, 1, 1, -1, 3, -1, -4, -2, 3, 1, -2, 6, -4, -5, -6, 0, -5, -4, -2, 6, 1, 3, 2, -1]
 
1.80417546346: [-3, -3, 1, 2, 3, 3, 4, -3, 1, 4, -5, 4, 0, 6, -1, 6, -6, -4, -2, -3, 5, -4, -3, -6, -1, 3, -4, -2, -3, 5, -6, 3, -3, -3, -1, 5, 3, 3, 4, -1, -6, 0, 2, -6, 1, 2, 2, -5, -3, 2, 4, -6, -2, -5, 4, 2, -2, -4, -2, 5, -6, -6, 1, -2, -3, -1, 5, 5, -2, 5, -6, -2, 5, 2, 5, 3, -6, 3, -1, 4, -4, 3, -4, -1, 0, 1, -2, 4, 6, -6, 0, -4, -5, -2, -2, 2, -4, -2, -1, -4, -1, -5, -1, -2, 0, 1, 0, -1, -6, 0, -3, -6, -4, -3, -2, 2, -4, -6, 4, 0, -6, -4, 1, -2, -1, 3, -6, 4]
 
1.38563936252: [-3, -3, 1, 5, 4, 3, 4, 0, -6, -5, 2, 4, 0, 1, -5, 6, 1, -1, -2, -3, 5, -1, -3, -2, -1, -1, -1, -2, -3, -2, 1, 3, 3, -6, -2, 5, 3, 3, -1, -1, 5, 0, -3, -6, -3, -4, -5, -5, -3, -1, -2, -2, 1, -1, 4, 6, -2, -1, -2, -2, 2, -6, -5, -5, 6, -5, -6, -6, -2, -4, -6, 3, 5, -2, 5, -2, -6, 1, -1, 4, -1, -4, -4, -3, -6, -6, -2, 4, 6, 5, -3, -5, 4, 3, -2, -2, -4, -2, -1, 6, 6, 2, -1, 0, 0, 1, 0, -2, -6, -1, -1, 2, 0, 1, 6, -5, -4, 2, 4, 0, -3, -4, -4, 6, -5, 3, -6, -1]
 
5.28673462242: [-3, -3, 4, 5, -4, 3, -3, 1, -5, 4, 2, 0, -4, 1, -5, 6, 4, -4, -2, -3, 5, -4, -3, -6, -3, 6, -1, -2, -3, 3, 1, 3, -3, -3, -6, 5, 3, 3, -1, -1, 5, 0, -3, -6, 1, 2, -5, -5, -3, 2, 4, -2, 1, -2, 4, 6, -3, 6, -2, 5, -6, -6, 1, -5, 5, -5, -6, -1, -2, -1, -6, -2, 5, 2, 5, 3, -6, 1, -1, 4, -4, 3, -4, -1, -6, 1, -2, 4, 6, -4, 0, -3, 4, -2, -2, -5, -4, -2, -1, -4, 6, 2, -1, 0, 0, 1, 0, -1, -6, -1, -3, -6, 3, 1, -2, 2, -4, -6, 4, 0, 2, -4, -4, 6, -1, 3, -6, -1]
 
5.16805555017: [-3, -3, 4, 5, -4, 3, -3, 1, -5, 4, 2, 0, -4, 1, -5, 6, 4, -4, -2, -3, 5, -4, -3, -6, -3, 6, -1, -2, -3, 3, 1, 3, -3, -3, -6, 5, 3, 3, -1, -1, 5, 0, -3, -6, 1, 2, -5, -5, -3, 2, 4, -6, 0, -2, 4, 2, -2, 6, -2, 5, -6, -6, 1, -5, 5, -5, -6, -1, -2, -1, -6, -2, 5, 2, 5, 3, -6, 1, -1, 4, -4, 3, -4, -1, -6, 1, -2, 4, 6, -4, 0, -3, 4, -2, -2, -5, -4, -3, -1, -4, 6, 2, -1, 0, 0, 1, 0, -1, -6, -1, -3, -6, 3, 1, -2, 2, -4, -6, 4, 0, 2, -4, -4, 6, -1, 3, -6, -1]
 
5.34080095917: [-3, -3, 1, 5, -4, 3, 4, 1, -6, 4, 2, 4, 0, 1, -5, 6, 6, -4, -2, -3, 5, -4, -3, -6, -1, 6, -1, -2, -3, 3, 1, 3, -3, -3, -6, 5, 3, 3, -1, -1, 5, 0, -3, -6, 1, 2, -5, -5, -3, 2, 4, -2, 1, -2, 4, 6, -3, 6, -2, -2, 5, -6, -5, -5, 5, -5, -6, -1, -2, -1, -6, -2, 5, 2, 5, 3, -6, 1, -1, 4, -4, 3, -4, -1, -6, 1, -2, 4, 6, -4, 0, -3, 4, -2, -2, -5, -4, -2, -1, -4, 6, 2, -1, 0, 0, 1, 0, -1, -6, -1, -3, -6, 3, 1, -2, 2, -4, -6, 4, 0, 2, -4, -4, 6, -1, 3, -6, -1]
 
5.47464879518: [-3, -3, 4, 5, -4, 3, -3, 1, -5, 4, 2, 4, 0, 1, -5, 6, 4, -4, -2, -3, 5, -4, -3, -6, -3, 6, -1, -2, -3, 3, 1, 3, -3, -3, -6, 5, 3, 3, -1, -1, 5, 0, -3, -6, 1, 2, -5, -5, -3, 2, 4, -6, 0, -2, 4, 2, -2, 6, -2, 5, -6, -6, 1, -5, 5, -5, -6, -1, -2, -1, -6, -2, 5, 2, 5, 3, -6, 1, -1, 4, -4, 3, -4, -1, -6, 1, -2, 4, 6, -4, 0, -3, 4, -2, -2, -5, -4, -2, -1, -4, 6, 2, -1, 0, 0, 1, 0, -1, -6, -1, -3, -6, 3, 1, -2, 2, -4, -6, 4, 0, 2, -4, -4, 6, -1, 3, -6, -1]
 
5.48913207654: [-3, -3, 1, 5, -4, 3, 4, 1, -6, 4, 2, 4, 0, 1, -5, 6, 6, -4, -2, -3, 5, -4, -3, -6, -1, 6, -1, -2, -3, 3, 1, 3, -3, -3, -6, 5, 3, 3, -1, -1, 5, 0, -3, -6, 1, 2, -5, -5, -3, 2, 4, -2, 1, -2, 4, 6, -3, 6, -2, -2, 5, -6, -5, -5, 5, -5, -6, -1, -2, -1, -6, -2, 5, 2, 5, 3, -6, 1, -1, 4, -4, 3, -4, -1, -6, 1, -2, 4, 6, -4, 0, -3, 4, -2, -2, -5, -4, -2, -1, -4, 6, 2, -1, 0, 0, 1, 0, -1, -6, -1, -3, -6, 3, 1, -2, 2, -4, -6, 4, 0, 2, -4, -4, 6, -1, 3, -6, -1]
 
5.63687379374: [-3, -3, 1, 5, -4, 3, -3, 1, -5, 4, 2, 0, -4, 1, -5, 6, 4, -4, -2, -3, 5, -4, -3, -6, -3, 6, -1, -2, -3, 3, 1, 3, -3, -3, -6, 5, 3, 3, -1, -1, 5, 0, -3, -6, 1, 2, -5, -5, -3, 2, 4, -6, 0, -2, 4, 2, -2, 6, -2, 5, -6, -6, 1, -5, 5, -5, -6, -1, -2, -1, -6, -2, 5, 2, 5, 3, -6, 1, -1, 4, -4, 3, -4, -1, -6, 1, -2, 4, 6, -4, 0, -3, 4, -2, -2, -5, -4, -2, -1, -4, 6, 2, -1, 0, 0, 1, 0, -1, -6, -1, -3, -6, 3, 1, -2, 2, -4, -6, 4, 0, 2, -4, -4, 6, -1, 3, -6, -1]
 
5.40392068922: [-3, -3, 1, 5, -4, 3, 4, 1, -6, 4, 2, 4, 0, 1, -5, 6, 6, -4, -2, -3, 5, -4, -3, -6, -1, 6, -1, -2, -3, 3, 1, 3, -3, -3, -6, 5, 3, 3, -1, -1, 5, 0, -3, -6, 1, 2, -5, -5, -3, 2, 4, -6, 0, -2, 4, 2, -2, 6, -2, 5, -6, -6, 1, -5, 5, -5, -6, -1, -2, -1, -6, -2, 5, 2, 5, 3, -6, 1, -1, 4, -4, 3, -4, -1, -6, 1, -2, 4, 6, -4, 0, -3, 4, -2, -2, -5, -4, -2, -1, -4, 6, 2, -1, 0, 0, 1, 0, -1, -6, -1, -3, -6, 3, 1, -2, 2, -4, -6, 4, 0, 2, -4, -4, 6, -1, 3, -6, -1]
 
5.03228281978: [-3, -3, 1, 5, -4, 3, 4, 1, -6, 4, 2, 0, 0, 1, -5, 6, 4, -4, -2, -3, 5, -4, -3, -6, -3, 6, -1, -2, -3, 3, 1, 3, -3, -3, -6, 5, 3, 3, -1, -1, 5, 0, -3, -6, 1, 2, -5, -5, -3, 2, 4, -6, 0, -2, 4, 2, -2, 6, -2, 5, -6, -6, 1, -5, 5, -5, -6, -1, -2, -1, -6, -2, 5, 2, 5, 3, -6, 1, -1, 4, -4, 3, -4, -1, -6, 1, -2, 4, 6, -4, 0, -3, 4, -2, -2, -5, -4, -2, -1, -4, 6, 2, -1, 0, 0, 1, 0, -1, -6, -1, -3, -6, 3, 1, -2, 2, -4, -6, 4, 0, 2, -4, -4, 6, -1, 3, -6, -1]
 
5.1826718762: [-3, -3, 4, 5, -4, 3, -1, -5, -6, 4, 2, 4, 0, 1, -5, 6, 6, -4, -2, -3, 5, -4, -3, -6, -1, 6, -1, -2, -3, 3, 1, 3, -3, -3, -6, 5, 3, 3, -1, -1, 5, 0, -3, -6, 1, 2, -5, -5, -3, 2, 4, -2, 1, -2, 4, 6, -3, 6, -2, -2, 5, -6, -5, -5, 5, -5, -6, -1, -2, -1, -6, -2, 5, 2, 5, 3, -6, 1, -1, 4, -4, 3, -4, -1, -6, 1, -2, 4, 6, -4, 0, -3, 4, -2, -2, -5, -4, -2, -1, -4, 6, 2, -1, 0, 0, 1, 0, -1, -6, -1, -3, -6, 3, 1, -2, 2, -4, -6, 4, 0, 2, -4, -4, 6, -1, 3, -6, -1]
 
5.24078934434: [-3, -3, 4, 5, -4, 3, -3, 1, -5, 4, 2, 0, -4, 1, -5, 6, 4, -4, -2, -3, 5, -4, -3, -6, -3, 6, -1, -2, -3, 3, 1, 3, -3, -3, -6, 5, 3, 3, -1, -1, 5, 0, -3, -6, 1, 2, -5, -5, -3, 2, 4, -6, 0, -2, 4, 2, -2, 6, -2, 5, -6, -6, 1, -5, 5, -5, -6, -1, -2, -1, -6, -2, 5, 2, 5, 3, -6, 1, -1, 4, -4, 3, -4, -1, -6, 1, -2, 4, 6, -4, 0, -3, 4, -2, -2, -5, -4, -2, -1, -4, 6, 2, -1, 0, 0, 1, 0, -1, -6, -1, -3, -6, 3, 1, -2, 2, -4, -6, 4, 0, 2, -4, -4, 6, -1, 3, -6, -1]
 
1.53476636841: [-3, 5, 4, 5, -4, 3, 1, -5, -1, 0, 2, 0, 0, 1, -5, 6, 4, -4, -2, -3, 5, -4, -3, -6, -2, 6, -2, 0, -3, 1, -6, 3, -3, -2, -6, -2, 3, 3, -1, -6, 5, 3, -3, -5, 3, 2, -5, -4, -3, 3, -3, -2, 0, 6, 2, 1, -3, 6, -2, -2, -5, -6, -5, -1, 5, -5, -6, -1, -2, -1, -6, -2, 5, -3, 5, 0, -6, 1, -1, 4, -4, 3, -6, -6, -3, 1, 2, 4, 2, 4, 0, -3, -6, -2, -2, -5, -4, -5, 4, -4, 6, -6, -1, 0, 0, -2, -6, -1, 2, -1, -3, -6, 6, 1, -2, 2, -4, -5, 4, 1, 1, -3, -4, 6, -1, -2, -6, -1]
 
0.861175847969: [-3, -3, 5, -5, -4, 3, 4, 3, -6, 4, 2, 4, 0, 1, -5, 6, 6, -2, -2, -5, 5, -6, -3, -6, -1, -5, -1, -2, -3, 3, 6, -3, -5, -3, -6, 5, -1, 6, -1, -1, 5, 0, 5, -6, 1, 2, -4, -5, -3, -5, 4, -2, 1, -1, 4, 6, -3, -3, 2, -2, 1, -6, -5, -5, 5, -5, -6, 4, -2, -1, -4, -2, -1, 2, 3, 3, -6, 1, 4, 4, -4, -2, -4, -1, -6, 1, -2, -6, 6, -4, 0, -3, -1, 3, -1, -5, -4, 6, -1, -4, 6, 2, -1, 0, 6, -5, 0, -1, -6, -1, 5, -6, -6, 4, -2, 2, 4, -3, -3, 2, 2, 1, 1, 6, -1, 3, -6, 4]
 
1.19928557126: [-3, 3, 5, 5, 6, 3, -1, 6, -6, 4, 2, 4, 0, 1, 0, 4, 6, -4, -2, -3, 5, 1, -3, -5, -5, 6, -1, -2, -1, 4, 1, 3, -3, -4, -6, 5, -3, 4, -1, -1, 4, 0, -3, -6, 3, 2, 0, -5, -3, 2, 0, -2, 6, -2, 2, 6, -3, 6, 4, -2, 5, -6, -5, 3, 5, -5, 5, -1, -6, -1, 3, -2, 5, -4, 5, 3, -6, 1, -1, 4, -4, 3, -5, -1, -2, 1, -2, 4, -6, 4, 0, 1, 4, 0, -2, -5, -4, -2, -1, 4, -1, 2, -1, 0, 0, 1, 0, -3, 1, -1, 3, -6, -5, -4, 4, 0, -4, 1, 4, 0, 0, -4, -3, -1, -1, 3, 2, -1]
 
5.66194591577: [-3, -3, 4, 5, -4, 3, -1, -5, -6, 4, 2, 4, 0, 1, -5, 6, 6, -4, -2, -3, 5, -4, -3, -6, -1, 6, -1, -2, -3, 3, 1, 3, -3, -3, -6, 5, 3, 3, -1, -1, 5, 0, -3, -6, 1, 2, -5, -5, -3, 2, 4, -2, 1, -2, 4, 6, -3, 6, -2, -2, 5, -6, -5, -5, 5, -5, -6, -1, -2, -1, -6, -2, 5, 2, 5, 3, -6, 1, -1, 4, -4, 3, -4, -1, -6, 1, -2, 4, 6, -4, 0, -3, 4, -2, -2, -5, -4, -2, -1, -4, 6, 2, -1, 0, 0, 1, 0, -1, -6, -1, -3, -6, 3, 1, -2, 2, -4, -6, 4, 0, 2, -4, -4, 6, -1, 3, -6, -1]
 
6.21015726787: [-3, -3, 4, 5, -4, 3, -3, 1, -5, 4, 2, 4, 0, 1, -5, 6, 4, -4, -2, -3, 5, -4, -3, -6, -3, 6, -1, -2, -3, 3, 1, 3, -3, -3, -6, 5, 3, 3, -1, -1, 5, 0, -3, -6, 1, 2, -5, -5, -3, 2, 4, -6, 0, -2, 4, 2, -2, 6, -2, 5, -6, -6, 1, -5, 5, -5, -6, -1, -2, -1, -6, -2, 5, 2, 5, 3, -6, 1, -1, 4, -4, 3, -4, -1, -6, 1, -2, 4, 6, -4, 0, -3, 4, -2, -2, -5, -4, -2, -1, -4, 6, 2, -1, 0, 0, 1, 0, -1, -6, -1, -3, -6, 3, 1, -2, 2, -4, -6, 4, 0, 2, -4, -4, 6, -1, 3, -6, -1]
 
1.6544272071: [-3, -5, 2, 5, -5, 0, -3, 4, -5, 4, 2, -4, -1, 0, -5, -4, -1, -4, 2, 6, -1, 3, -3, -6, -1, 6, -1, -2, -3, 6, 1, 3, -3, -3, 2, 5, 3, 1, 0, -1, 5, 0, -4, -6, 1, 2, -5, -5, -3, 2, 4, -6, 3, -2, 4, -3, -2, 6, 0, 5, -6, -6, 1, 6, 5, -5, -6, -1, -2, -1, -6, -6, 2, 2, 5, -2, -6, -3, -1, -2, -4, -1, 1, -1, -6, 1, -2, -5, 6, -4, 0, -3, 4, -2, -2, -2, -4, -2, 3, 2, 3, 2, -1, 6, 0, 1, 0, -3, 1, -1, 2, -6, -5, 1, 2, 2, -4, -6, 4, -5, 2, -4, 4, 6, -1, 3, -2, -3]
 
5.44638984771: [-3, -3, 1, 5, -4, 3, 4, 1, -5, 4, 2, 0, -4, 1, -5, 6, 4, -4, -2, -3, 5, -4, -3, -6, -3, 6, -1, -2, -3, 3, 1, 3, -3, -3, -6, 5, 3, 3, -1, -1, 5, 0, -3, -6, 1, 2, -5, -5, -3, 2, 4, -6, 0, -2, 4, 2, -2, 6, -2, 5, -6, -6, 1, -5, 5, -5, -6, -1, -2, -1, -6, -2, 5, 2, 5, 3, -6, 1, -1, 4, -4, 3, -4, -1, -6, 1, -2, 4, 6, -4, 0, -3, 4, -2, -2, -5, -4, -2, -1, -4, 6, 2, -1, 0, 0, 1, 0, -1, -6, -1, -3, -6, 3, 1, -2, 2, -4, -6, 4, 0, 2, -4, -4, 6, -1, 3, -6, -1]
 
5.88230717252: [-3, -3, 4, 5, -4, 3, -3, 1, -5, 4, 2, 0, -4, 1, -5, 6, 4, -4, -2, -3, 5, -4, -3, -6, -1, 6, -1, -2, -3, 3, 1, 3, -3, -3, -6, 5, 3, 3, -1, -1, 5, 0, -3, -6, 1, 2, -5, -5, -3, 2, 4, -6, 0, -2, 4, 2, -2, 6, -2, 5, -6, -6, 1, -5, 5, -5, -6, -1, -2, -1, -6, -2, 5, 2, 5, 3, -6, 1, -1, 4, -4, 3, -4, -1, -6, 1, -2, 4, 6, -4, 0, -3, 4, -2, -2, -5, -4, -2, -1, -4, 6, 2, -1, 0, 0, 1, 0, -1, -6, -1, -3, -6, 3, 1, -2, 2, -4, -6, 4, 0, 2, -4, -4, 6, -1, 3, -6, -1]
 
6.01617920485: [-3, -3, 1, 5, -4, 3, 4, 1, -6, 4, 2, 0, -4, 1, -5, 6, 4, -4, -2, -3, 5, -4, -3, -6, -1, 6, -1, -2, -3, 3, 1, 3, -3, -3, -6, 5, 3, 3, -1, -1, 5, 0, -3, -6, 1, 2, -5, -5, -3, 2, 4, -2, 1, -2, 4, 6, -3, 6, -2, -2, 5, -6, -5, -5, 5, -5, -6, -1, -2, -1, -6, -2, 5, 2, 5, 3, -6, 1, -1, 4, -4, 3, -4, -1, -6, 1, -2, 4, 6, -4, 0, -3, 4, -2, -2, -5, -4, -2, -1, -4, 6, 2, -1, 0, 0, 1, 0, -1, -6, -1, -3, -6, 3, 1, -2, 2, -4, -6, 4, 0, 2, -4, -4, 6, -1, 3, -6, -1]
 
5.40292118466: [-3, -3, 1, 5, -4, 3, 4, 1, -6, 4, 2, 4, 0, 1, -5, 6, 6, -4, -2, -3, 5, -4, -3, -6, -1, 6, -1, -2, -3, 3, 1, 3, -3, -3, -6, 5, 3, 3, -1, -1, 5, 0, -3, -6, 1, 2, -5, -5, -3, 2, 4, -6, 0, -2, 4, 2, -2, 6, -2, 5, -6, -6, 1, -5, 5, -5, -6, -1, -2, -1, -6, -2, 5, 2, 5, 3, -6, 1, -1, 4, -4, 3, -4, -1, -6, 1, -2, 4, 6, -4, 0, -3, 4, -2, -2, -5, -4, -2, -1, -4, 6, 2, -1, 0, 0, 1, 0, -1, -6, -1, -3, -6, 3, 1, -2, 2, -4, -6, 4, 0, 2, -4, -4, 6, -1, 3, -6, -1]
 
5.52829709939: [-3, -3, 4, 5, -4, 3, -3, 1, -5, 4, 2, 4, 0, 1, -5, 6, 4, -4, -2, -3, 5, -4, -3, -6, -3, 6, -1, -2, -3, 3, 1, 3, -3, -3, -6, 5, 3, 3, -1, -1, 5, 0, -3, -6, 1, 2, -5, -5, -3, 2, 4, -6, 0, -2, 4, 2, -2, 6, -2, 5, -6, -6, 1, -5, 5, -5, -6, -1, -2, -1, -6, -2, 5, 2, 5, 3, -6, 1, -1, 4, -4, 3, -4, -1, -6, 1, -2, 4, 6, -4, 0, -3, 4, -2, -2, -5, -4, -2, -1, -4, 6, 2, -1, 0, 0, 1, 0, -1, -6, -1, -3, -6, 3, 1, -2, 2, -4, -6, 4, 0, 2, -4, -4, 6, -1, 3, -6, -1]
 
6.1832139105: [-3, -3, 4, 5, -4, 3, -3, 1, -5, 4, 2, 4, 0, 1, -5, 6, 4, -4, -2, -3, 5, -4, -3, -6, -3, 6, -1, -2, -3, 3, 1, 3, -3, -3, -6, 5, 3, 3, -1, -1, 5, 0, -3, -6, 1, 2, -5, -5, -3, 2, 4, -6, 0, -2, 4, 2, -2, 6, -2, 5, -6, -6, 1, -5, 5, -5, -6, -1, -2, -1, -6, -2, 5, 2, 5, 3, -6, 1, -1, 4, -4, 3, -4, -1, -6, 1, -2, 4, 6, -4, 0, -3, 4, -2, -2, -5, -4, -2, -1, -4, 6, 2, -1, 0, 0, 1, 0, -1, -6, -1, -3, -6, 3, 1, -2, 2, -4, -6, 4, 0, 2, -4, -4, 6, -1, 3, -6, -1]
 
5.0833472399: [-3, -3, 1, 5, -4, 3, -3, 1, -5, 4, 2, 0, -4, 1, -5, 6, 4, -4, -2, -3, 5, -4, -3, -6, -3, 6, -1, -2, -3, 3, 1, 3, -3, -3, -6, 5, 3, 3, -1, -1, 5, 0, -3, -6, 1, 2, -5, -5, -3, 2, 4, -6, 0, -2, 4, 2, -2, 6, -2, 5, -6, -6, 1, -5, 5, -5, -6, -1, -2, -1, -6, -2, 5, 2, 5, 3, -6, 1, -1, 4, -4, 3, -4, -1, -6, 1, -2, 4, 6, -4, 0, -3, 4, -2, -2, -5, -4, -2, -1, -4, 6, 2, -1, 0, 0, 1, 0, -1, -6, -1, -3, -6, 3, 1, -2, 2, -4, -6, 4, 0, 2, -4, -4, 6, -1, 3, -6, -1]
 
4.75390316838: [-3, -3, 1, 5, -4, 3, 4, 1, -6, 4, 2, 4, 0, 1, -5, 6, 6, -4, -2, -3, 5, -4, -3, -6, -1, 6, -1, -2, -3, 3, 1, 3, -3, -3, -6, 5, 3, 3, -1, -1, 5, 0, -3, -6, 1, 2, -5, -5, -3, 2, 4, -6, 0, -2, 4, 2, -2, 6, -2, 5, -6, -6, 1, -5, 5, -5, -6, -1, -2, -1, -6, -2, 5, 2, 5, 3, -6, 1, -1, 4, -4, 3, -4, -1, -6, 1, -2, 4, 6, -4, 0, -3, 4, -2, -2, -5, -4, -2, -1, -4, 6, 2, -1, 0, 0, 1, 0, -1, -6, -1, -3, -6, 3, 1, -2, 2, -4, -6, 4, 0, 2, -4, -4, 6, -1, 3, -6, -1]
 
1.16106260905: [-3, -3, 4, 5, -4, 3, -3, 3, -5, -3, -4, -4, 3, 1, -4, 6, 4, -4, -2, -3, 5, -4, -3, -6, -3, 2, -3, -1, -3, 3, -1, 3, -6, -3, 2, -5, 3, 3, 2, -1, 5, 0, -3, -6, 1, 2, -5, -2, -3, 3, -1, -6, 0, 6, 4, 2, -2, 3, 4, 2, -6, -6, 1, -5, 5, -5, -6, -1, -2, 2, 2, -3, 2, 5, 5, 3, -6, 1, -1, 4, -1, 3, 5, -1, 0, 1, -2, 4, 6, -4, 0, 3, 4, -2, -3, -3, -4, -2, 2, -4, 2, 2, -2, -5, 0, 1, 0, -2, 4, -1, -3, 0, -3, -2, -5, 2, -4, -4, 5, -6, 2, 3, -4, 0, -1, -5, -6, -1]
 
