0.705105893: [-3, 3, -2, 5, -1, -5, -3, 1, 6, 4, 2, -2, -4, 1, -5, 6, 4, -4, -2, 3, -5, -3, -3, 2, -1, 6, -6, -2, 0, 3, 1, -1, 5, -2, -6, 5, 2, -4, -1, 2, -2, -1, -2, -2, -5, 1, 2, 1, -2, 6, -1, -1, 4, -2, -5, 6, 3, 3, -1, 0, 0, -6, -1, -5, -6, -5, -4, -5, -5, -6, -1, 5, 6, -4, 4, 6, 4, 0, -2, -5, 6, 6, 6, -4, 0, 3, -5, 4, 6, -4, -2, -3, -5, -5, 0, -5, -1, -2, -1, -4, 6, 2, 2, -5, -4, 6, 1, 3, 0, -1, 6, -4, 3, 1, -2, 0, -4, -1, -4, -5, -4, 5, 5, 4, 1, 0, 2, -1]
 
4.1272468701437734: [-3, -3, 4, 5, -4, 3, -3, 1, -5, 4, 2, 0, -4, 1, -5, 6, 4, -4, -2, -3, -5, -4, -3, -6, -3, 6, -1, -2, 0, 3, 1, -2, -4, -3, -6, 5, 2, -4, 4, 2, -2, -4, -2, 5, 2, 1, -1, 1, -4, 6, -1, -1, 6, -2, 4, 6, 3, 2, -3, -2, 0, 3, -6, -5, -6, 1, -4, -5, -2, -6, -3, 5, 6, -4, 4, -6, 4, 0, -2, -5, -4, 6, 6, -4, 0, 3, -5, -6, 6, -4, 0, -3, 4, -2, 0, -5, -1, -2, -1, -4, 6, 2, 6, -5, -4, 6, 1, 3, 5, 1, 3, 2, 3, -1, 6, 4, -1, 6, -4, -4, 2, -2, 2, 1, -3, 2, 3, 5]
 
1.3987861305: [4, -6, -4, -2, -2, -1, 4, 1, -6, 4, 2, 4, 4, 3, 1, 6, 4, 3, -2, -3, -1, -4, -3, 2, 5, 6, -1, -2, -5, 3, 1, -6, 3, -3, -6, 6, 0, 1, -1, -1, 5, 3, 4, -6, 1, -1, 4, -5, -3, -1, 4, -2, 1, -2, 2, -3, -3, 6, -2, -4, 5, -6, -5, -3, 5, -5, 6, -2, -6, -2, 4, -2, 2, -3, -2, -4, -4, 1, -1, 4, 0, 3, -4, -1, -6, -4, -2, 4, 6, -4, 1, -3, -5, -2, 0, -5, -1, -2, -1, -4, 6, 2, -1, -5, -4, 1, 0, 0, -6, -1, -3, -3, 3, 1, -2, -2, -4, 4, 4, 0, 2, -4, -4, 1, -1, 1, 4, -2]
 
1.77693896789: [4, 1, 2, 2, -6, -1, -2, 2, -6, 6, 5, 4, 0, -4, -5, 6, 4, 0, -3, -3, 5, -4, -3, -6, -3, 6, 3, 5, 0, 5, -4, -2, 2, 2, -6, 5, 2, 1, -1, -1, 5, -3, 5, 5, 1, 4, -5, -5, -3, -5, 4, -2, 1, -3, 2, 6, -3, 5, -2, 5, -4, -6, -5, -5, -2, -4, -3, -2, -2, 0, -5, -6, 2, 2, 5, 3, -4, 1, -6, -3, -4, 6, 3, -1, -6, 1, -2, -5, 6, 5, 0, 2, -1, -2, 0, 2, -1, 1, -1, -1, -6, 2, -1, 0, 0, 1, 0, -1, -6, 4, -3, 2, 3, -4, -2, 5, 3, 3, 4, 1, 2, -4, 1, 6, -3, 4, -6, 0]
 
3.686957109048656: [-3, -3, 4, 5, -4, 3, -3, 1, -5, 4, 2, 0, -4, 1, -5, 6, 4, -4, -2, -3, -5, -4, -3, -6, -3, 6, -1, -2, 0, 3, 1, -2, -4, -3, -6, 5, 2, -4, 4, 2, -2, -4, -2, 5, 2, 1, -1, 1, -4, 6, -1, -1, 6, -2, 4, 6, 3, 2, -3, -2, 0, 3, -6, -5, -6, 1, -4, -5, -2, -6, -3, 5, 6, -4, 4, -6, 4, 0, -2, -5, -4, 6, 6, -4, 0, 3, -5, -6, 6, -4, 0, -3, 4, -2, 0, -5, -1, -2, -1, -4, 6, 2, 6, -5, -4, 6, 1, 3, 5, 1, 3, -1, -5, 5, 0, 0, -2, 4, -4, -5, -4, 5, 1, 4, -3, 2, 3, 5]
 
3.660728475659351: [-3, -3, 1, 5, -4, 3, 4, 1, -6, 4, 2, 4, 0, 1, -5, 6, 4, -4, -2, -3, -5, -4, -3, -6, -3, 6, -1, -2, 0, 3, 1, -2, -4, -3, -6, 5, 2, -4, 4, 2, -2, -4, -2, 5, 2, 1, -1, 1, -4, 6, -1, -1, 6, -2, 4, 6, 3, 2, -3, -2, 0, 3, -6, -5, -6, 1, -4, -5, -2, -6, -3, 5, 6, -4, 4, -6, 4, 0, -2, -5, -4, 6, 6, -4, 0, 3, -5, -6, 6, -4, 0, -3, 4, -2, 0, -5, -1, -2, -1, -4, 6, 2, 6, -5, -4, 6, 1, 3, 5, 1, 3, 2, 3, -1, 6, 4, -1, 6, -4, -4, 2, -2, 2, 1, -3, 2, 3, 5]
 
3.5841636576725358: [-3, -3, 1, 5, -4, 3, 4, 1, -6, 4, 2, 4, 0, 1, -5, 6, 4, -4, -2, -3, 5, -4, -3, -6, -3, 6, -1, -2, 0, 3, 1, -2, -3, -3, -6, 5, 2, 1, -1, -1, 5, 0, 4, -6, 1, 2, -5, -5, -3, -3, 4, -2, 1, -3, 2, 6, -3, 6, -2, -2, 5, -6, -5, -5, 5, -5, -6, -2, -2, -2, -2, -2, 2, 2, 4, 3, -4, 1, -1, 4, -4, 3, -4, -1, -6, 1, -2, 4, 6, -4, 0, -3, 4, -2, 0, -5, -1, -2, -1, -4, 6, 2, -1, 0, 0, 1, 0, -1, -6, -1, -3, -6, 3, 1, -2, 2, -4, -6, 4, 0, 2, -4, -4, 6, -1, 3, -6, -1]
 
2.28420442641: [-3, -5, 3, 5, -4, 3, 4, 1, -6, 4, -2, 6, 0, -6, -5, 4, -1, -6, 1, -3, 5, -4, 4, -6, -3, 1, 1, -2, -1, 3, -5, -2, -3, -3, 5, 5, -6, 4, -6, 1, 5, -1, 4, -6, 1, 2, 6, -5, -3, 1, 3, -2, 1, 6, 4, -3, -3, 5, -2, -2, 6, -6, -5, -5, -3, -5, -6, -1, 6, -2, 4, -2, 2, 2, 5, -1, 4, 1, -1, 4, -4, 3, -4, -4, -6, 1, 4, -6, -1, -4, 5, -4, 4, -2, 0, -5, -1, -3, -1, -1, -3, 5, 0, 0, -2, 1, 0, -1, -6, 4, 1, 1, 3, 1, -2, 2, -4, -6, -4, 5, -6, 5, 1, 4, 4, 0, 3, 5]
 
3.59970913219: [-3, -3, -3, 5, -4, 3, -1, -5, -6, 4, 2, 0, 0, 1, -5, 6, 6, -4, -2, -3, 5, -4, -3, -6, -1, 6, -1, -2, -3, 3, 1, 3, -3, -3, -6, 5, 3, 3, -1, -1, 5, 0, -3, -6, 1, 2, -5, -5, -3, 2, 4, -6, 0, -2, 4, 2, -2, 6, -2, 5, -6, -6, 1, -5, 5, -5, -6, -1, -2, -1, -6, -2, 5, 2, 5, 3, -6, 1, -1, 6, -4, 3, -4, -1, 1, 1, -2, 4, 6, 5, 0, -3, 4, -2, -2, -5, -4, -3, -1, 1, 6, 2, -3, -1, 0, 6, 0, 4, -6, -1, 2, 3, 3, 1, -2, 2, 1, -6, 4, 5, 6, -1, -4, 6, -1, 3, -1, -4]
 
3.529024038547931: [-3, -3, 4, 5, -4, 3, 4, 1, -6, 4, 2, 4, 0, 1, -5, 6, 4, -4, -2, -3, 5, -4, -3, -6, -3, 6, -1, -2, 0, 3, 1, -2, -3, -3, -6, 5, 2, 1, -1, -1, 5, 0, 4, -6, 1, 2, -5, -5, -3, -3, 4, -2, 1, -2, 4, 6, -3, 6, -2, -2, 5, -6, -5, -5, 5, -5, -6, -2, -2, -2, -2, -2, 2, 2, 4, 3, -4, 1, -1, 4, -4, 3, -4, -1, -6, 1, -2, 4, 6, -4, 0, -3, 4, -2, 0, -5, -1, -2, -1, -4, 6, 2, -1, 0, 0, 1, 0, -1, -6, -1, -3, -6, 3, 5, 0, 0, -2, 4, 4, 0, 2, -4, -4, 6, -1, 3, -6, -1]
 
3.5233893324034984: [-3, -3, 1, 5, -4, 3, 4, 1, -6, 4, 2, 4, 0, 1, -5, 6, 4, -4, -2, -3, 5, -4, -3, -6, -3, 6, -1, -2, 0, 3, 1, -2, -3, -3, -6, 5, 2, 1, -1, -1, 5, 0, 4, -6, 1, 2, -5, -5, -3, -3, 4, -2, 1, -3, 2, 6, -3, 6, -2, -2, 5, -6, -5, -5, 5, -5, -6, -2, -2, -2, -2, -2, 2, 2, 4, 3, -4, 1, -1, 4, -4, 3, -4, -1, -6, 1, -2, 4, 6, -4, 0, -3, 4, -2, 0, -5, -1, -2, -1, -4, 6, 2, -1, 0, 0, 1, 0, -1, -6, -1, -3, -6, 3, 1, -2, 2, -4, -6, 4, 0, 2, -4, -4, 6, -1, 3, -6, -1]
 
3.520990197374309: [-3, -3, 1, 5, -4, 3, 4, 1, -6, 4, 2, 4, 0, 1, -5, 6, 4, -4, -2, -3, 5, -4, -3, -6, -3, 6, -1, -2, 0, 3, 1, -2, -3, -3, -6, 5, 2, 1, -1, -1, 5, 0, 4, -6, 1, 2, -5, -5, -3, -3, 4, -2, 1, -3, 2, 6, -3, 6, -2, -2, 5, -6, -5, -5, 5, -5, -6, -2, -2, -2, -2, -2, 2, 2, 4, 3, -4, 1, -1, 4, -4, 3, -4, -1, -6, 1, -2, 4, 6, -4, 0, -3, 4, -2, 0, -5, -1, -2, -3, 6, -3, 5, 6, -5, -4, 6, 1, 3, 5, 1, 3, -1, -5, 5, 0, 0, -2, 4, 4, 0, 2, -4, -4, 6, -1, 3, -6, -1]
 
3.5160945604814944: [-3, -3, 1, 5, -4, 3, 4, 1, -6, 4, 2, 4, 0, 1, -5, 6, 4, -4, -2, -3, 5, -4, -3, -6, -3, 6, -1, -2, 0, 3, 1, -2, -3, -3, -6, 5, 2, 1, -1, -1, 5, 0, 4, -6, 1, 2, -5, -5, -3, -3, 4, -2, 1, -2, 4, 6, -3, 6, -2, -2, 5, -6, -5, -5, 5, -5, -6, -2, -2, -2, -2, -2, 2, 2, 4, 3, -4, 1, -1, 4, -4, 3, -4, -1, -6, 1, -2, 4, 6, -4, 0, -3, 4, -2, 0, -5, -1, -2, -1, -4, 6, 2, -1, 0, 0, 1, 0, -1, -6, -1, -3, -6, 3, 5, 0, 0, -2, 4, 4, 0, 2, -4, -4, 6, -1, 3, -6, -1]
 
1.12292749681: [1, -3, -3, 5, -4, 3, 4, -1, -6, 4, 2, 4, 0, 1, -5, 6, -5, -4, -4, -4, 5, -4, -1, 3, -3, -5, -1, -2, 0, -6, 3, -2, -3, -6, -6, 5, -1, 1, -1, -1, 5, 6, -6, -6, -1, 2, -5, -6, -3, -3, -2, -2, 0, -6, 2, 6, -3, 6, -1, -3, 5, -6, -6, -5, 0, 4, -6, -2, 6, 6, -2, -2, 2, 2, -1, 1, 6, 1, -1, -5, -1, 3, -3, -1, -6, -1, -4, 4, -5, -4, 0, -3, 0, -2, 0, -5, -1, -2, -1, -4, 6, 2, -1, 0, 4, 1, 0, -1, -6, -5, 6, -6, 4, 1, 4, 2, -4, -6, 4, -6, 2, -4, 5, -1, -1, 6, -6, -1]
 
1.63661394563: [-4, 6, 4, 5, -4, 3, 4, 1, -6, 4, 2, -6, 0, 1, -5, -3, 4, -4, -2, 6, 5, -4, -3, -3, 0, 6, -1, -2, 0, 3, 1, 5, -3, -3, 0, 2, -2, 1, 1, -3, 5, 4, 3, -6, 1, 2, 0, -5, 2, -4, -5, -2, 1, 5, 2, 6, -3, 6, -2, -2, 5, -6, 0, -5, 5, -5, 3, 2, -2, -2, -2, -2, 2, 2, 6, 4, -4, 1, -1, 4, -6, -5, -3, -1, -6, 1, -2, 2, 6, -4, 0, -3, 4, -2, 0, -5, -1, -2, -3, 6, -3, -5, 6, 3, -6, 6, -6, 3, -6, 3, 4, 6, -5, 5, 0, -5, -6, 4, 4, 1, 2, -4, 6, -4, -1, -5, 0, -1]
 
3.4446465584875154: [-3, -3, 1, 5, -4, 3, 4, 1, -6, 4, 2, 4, 0, 1, -5, 6, 4, -4, -2, -3, 5, -4, -3, -6, -3, 6, -1, -2, 0, 3, 1, -2, -3, -3, -6, 5, 2, 1, -1, -1, 5, 0, 4, -6, 1, 2, -5, -5, -3, -3, 4, -2, 1, -3, 2, 6, -3, 6, -2, -2, 5, -6, -5, -5, 5, -5, -6, -2, -2, -2, -2, -2, 2, 2, 4, 3, -4, 1, -1, 4, -4, 3, -4, -1, -6, 1, -2, 4, 6, -4, 0, -3, 4, -2, 0, -5, -1, -2, -3, 6, -3, 5, 6, -5, -4, 6, 1, 3, 5, 1, 3, -1, -5, 5, 0, 0, -2, 4, 4, 0, 2, -4, -4, 6, -1, 3, -6, -1]
 
0.701284214721: [-3, -3, 1, -2, -4, 3, 4, 1, -6, 4, 2, 4, 0, -6, -2, 6, 4, -4, -4, 3, 5, -6, -3, -6, -5, 1, -1, 2, -3, 0, 3, 1, -3, 6, 6, 1, -6, 4, 6, -3, 1, 1, -6, 5, 5, -6, 1, 6, -6, 6, -1, -1, -4, 5, -1, 3, 3, 2, -3, -2, -6, 3, 2, -5, -6, -6, -4, -5, 1, 6, 0, 5, 6, 2, 4, 0, -1, -3, -2, -5, -4, -5, -5, -4, 0, 0, -5, 4, 6, -4, -2, 2, 4, -2, 0, -5, 0, -2, 6, -5, 6, 2, -1, 0, -4, 6, 1, 3, 5, 1, -6, 2, 3, -1, 6, 4, -1, -1, -4, -1, 2, -2, 2, 1, 2, 2, -5, 5]
 
1.9978620616: [4, -5, 2, 1, -1, -6, 4, 0, -6, 6, 2, 4, 0, 1, -5, -3, 4, -4, -2, 6, 6, -1, 5, -3, -3, 1, 2, 0, 1, 3, 1, -2, -4, -3, -6, 5, -3, 1, -1, -1, 5, 0, 2, -6, 4, 2, -5, -5, -5, 0, -3, -4, 1, -2, 4, 6, -3, 6, -2, 1, 5, 5, -5, -5, 0, 1, -6, -2, -2, -2, -2, 6, -5, -6, 4, 3, -4, 1, -1, -3, -4, 3, -4, 0, -1, 1, -2, 4, 6, -6, 0, -3, 4, -2, 1, -5, -1, 1, 2, -4, 1, -3, -1, 0, -6, 1, 0, -2, -1, 6, -3, -6, -1, 1, -2, -5, 0, -6, 4, 0, -3, -4, -4, 6, -4, 0, 4, -1]
 
3.4088747258714367: [-3, -3, 1, 5, -4, 3, 4, 1, -6, 4, 2, 4, 0, 1, -5, 6, 4, -4, -2, -3, 5, -4, -3, -6, -3, 6, -1, -2, 0, 3, 1, -2, -3, -3, -6, 5, 2, 1, -1, -1, 5, 0, 4, -6, 1, 2, -5, -5, -3, -3, 4, -2, 1, -2, 4, 6, -3, 6, -2, -2, 5, -6, -5, -5, 5, -5, -6, -2, -2, -2, -2, -2, 2, 2, 4, 3, -4, 1, -1, 4, -4, 3, -4, -1, -6, 1, -2, 4, 6, -4, 0, -3, 4, -2, 0, -5, -1, -2, -1, -4, 6, 2, -1, 0, 0, 1, 0, -1, -6, -1, -3, -6, 3, 1, -2, 2, -4, -6, 4, 0, 2, -4, -4, 6, -1, 3, -6, -1]
 
3.3911334322363524: [-3, -3, 1, 5, -4, 3, 4, 1, -6, 4, 2, 4, 0, 1, -5, 6, 4, -4, -2, -3, 5, -4, -3, -6, -3, 6, -1, -2, 0, 3, 1, -2, -3, -3, -6, 5, 2, 1, -1, -1, 5, 0, 4, -6, 1, 2, -5, -5, -3, -3, 4, -2, 1, -3, 2, 6, -3, 6, -2, -2, 5, -6, -5, -5, 5, -5, -6, -2, -2, -2, -2, -2, 2, 2, 4, 3, -4, 1, -1, 4, -4, 3, -4, -1, -6, 1, -2, 4, 6, -4, 0, -3, 4, -2, 0, -5, -1, -2, -1, -4, 6, 2, -1, 0, 0, 1, 0, -1, -6, -1, -3, -6, 3, 1, -2, 2, -4, -6, 4, 0, 2, -4, -4, 6, -1, 3, -6, -1]
 
3.3619895572458174: [-3, -3, 1, 5, -4, 3, 4, 1, -6, 4, 2, 4, 0, 1, -5, 6, 4, -4, -2, -3, 5, -4, -3, -6, -3, 6, -1, -2, 0, 3, 1, -2, -3, -3, -6, 5, 2, 1, -1, -1, 5, 0, 4, -6, 1, 2, -5, -5, -3, -3, 4, -2, 1, -3, 2, 6, -3, 6, -2, -2, 5, -6, -5, -5, 5, -5, -6, -2, -2, -2, -2, -2, 2, 2, 4, 3, -4, 1, -1, 4, -4, 3, -4, -1, -6, 1, -2, 4, 6, -4, 0, -3, 4, -2, 0, -5, -1, -2, -1, -4, 6, 2, -1, 0, 0, 1, 0, -1, -6, 1, 3, -1, -5, 5, 0, 0, -2, 4, 4, 0, 2, -4, -4, 6, -1, 3, -6, -1]
 
3.3419547965271112: [-3, -3, 1, 5, -4, 3, 4, 1, -6, 4, 2, 4, 0, 1, -5, 6, 4, -4, -2, -3, 5, -4, -3, -6, -3, 6, -1, -2, 0, 3, 1, -2, -3, -3, -6, 5, 2, 1, -1, -1, 5, 0, 4, -6, 1, 2, -5, -5, -3, -3, 4, -2, 1, -3, 2, 6, -3, 6, -2, -2, 5, -6, -5, -5, 5, -5, -6, -2, -2, -2, -2, -2, 2, 2, 4, 3, -4, 1, -1, 4, -4, 3, -4, -1, -6, 1, -2, 4, 6, -4, 0, -3, 4, -2, 0, -5, -1, -2, -3, 6, -3, 5, 6, -5, -4, 6, 1, 3, 5, 1, 3, -1, -5, 5, 0, 0, -2, 4, 4, 0, 2, -4, -4, 6, -1, 3, -6, -1]
 
1.34940924462: [-2, -3, 5, 5, 1, 3, -6, 5, -6, -5, 4, 3, 2, 1, -5, 6, 4, -4, -2, 6, -2, 3, -3, -6, 6, -5, -3, 2, 0, 2, 1, 4, -3, -3, 3, -2, 2, -2, -1, 6, 5, 5, -4, 1, 1, 4, -5, 5, 0, 3, 1, -2, 1, 1, 2, 6, -1, -4, -2, 2, 5, -6, -1, 2, 5, 3, -5, 5, -3, -1, 4, -2, 3, 2, -5, -2, 1, -5, 4, 5, -4, 6, -6, -1, -5, 1, -2, 4, 6, -3, 0, -5, 4, -4, -4, -5, -4, 1, -1, 0, 6, 6, 1, 4, 0, -1, -3, -1, -6, 4, -3, -3, 3, 0, -2, 0, -1, -6, 4, 4, -5, 2, -3, 4, -1, 3, 3, 5]
 
3.3021597925959414: [-3, -3, 1, 5, -4, 3, 4, 1, -6, 4, 2, 4, 0, 1, -5, 6, 4, -4, -2, -3, 5, -4, -3, -6, -3, 6, -1, -2, 0, 3, 1, -2, -3, -3, -6, 5, 2, 1, -1, -1, 5, 0, 4, -6, 1, 2, -5, -5, -3, -3, 4, -2, 1, -2, 4, 6, -3, 6, -2, -2, 5, -6, -5, -5, 5, -5, -6, -2, -2, -2, -2, -2, 2, 2, 4, 3, -4, 1, -1, 4, -4, 3, -4, -1, -6, 1, -2, 4, 6, -4, 0, -3, 4, -2, 0, -5, -1, -2, -1, -4, -3, 5, -1, 0, 0, 1, 0, -1, -6, -1, -3, -6, 3, 1, -2, 2, -4, -6, -4, -5, -4, 5, 1, 4, 1, 0, 3, 5]
 
3.262494882692578: [-3, -3, 1, 5, -4, 3, 4, 1, -6, 4, 2, 4, 0, 1, -5, 6, 4, -4, -2, -3, 5, -4, -3, -3, -5, 4, 0, 3, -3, 1, 3, 3, -3, 6, 6, 6, -6, 6, -3, -3, 0, 6, -6, 5, -3, -6, 1, 6, 3, -1, -1, -1, -4, -4, -1, 0, -3, 6, -2, -2, 5, -6, -5, -5, 5, -5, -6, -2, -2, -2, -2, -2, 2, 2, 4, 3, -4, 1, -1, 4, -4, 3, -4, -1, -6, 1, -2, 4, 6, -4, 0, -3, 4, -2, 0, -5, -1, -2, -1, -4, 6, 2, -1, 0, 0, 1, 0, -1, -6, -1, -3, -6, 3, 1, -2, 2, -4, -6, 4, 0, 2, -4, -4, 6, -1, 3, -6, -1]
 
3.2450589585988086: [-3, -3, 1, 5, -4, 3, 4, 1, -6, 4, 2, 4, 0, 1, -5, 6, 4, -4, -2, -3, 5, -4, -3, -6, -3, 6, -1, -2, 0, 3, 1, -2, -3, -3, -6, 5, 2, 1, -1, -1, 5, 0, 4, -6, 1, 2, -5, -5, -3, -3, 4, -2, 1, -3, 2, 6, -3, 6, -2, -2, 5, -6, -5, -5, 5, -5, -6, -2, -2, -2, -2, -2, 2, 2, 4, 3, -4, 1, -1, 4, -4, 3, -4, -1, -6, 1, -2, 4, 6, -4, 0, -3, 4, -2, 0, -5, -1, -2, -3, 6, -3, 5, 6, -5, -4, 6, 1, 3, 5, 1, 3, -1, -5, 5, 0, 0, -2, 4, -2, 0, 1, -4, -5, -1, 1, 0, 4, 5]
 
1.02682346311: [1, -5, -6, 5, -4, 3, -3, 6, -5, 4, 5, 0, -4, 1, -5, 6, -4, -4, -3, -3, 5, -4, 0, -6, -3, -2, -3, -2, 0, -4, -3, -2, -1, -4, -1, -6, 2, 1, -1, -4, 4, -3, 4, -4, 1, 2, -5, -5, -5, -3, 5, 0, 0, -3, 2, 0, 3, 5, -3, -2, 0, 3, -6, 1, 4, 1, -4, -5, 4, -6, 1, 5, 6, -4, 3, 3, -4, 1, -2, 4, 5, 0, -4, 2, -6, 1, -2, 4, -4, -4, 5, -3, 1, -2, 0, 0, -6, -2, -3, 6, -2, 5, 6, -5, 2, 6, 1, 3, 5, 1, 3, -1, 0, 5, 4, 0, -2, 4, 4, 0, 0, -4, -4, 6, -1, 3, -6, -1]
 
3.2199968086216515: [-3, -3, 1, 5, -4, 3, -3, 1, -5, 4, 2, 0, -4, 1, -5, 6, 4, -4, -2, -3, -5, -4, -3, -6, -3, 6, -1, -2, 0, 3, 1, -2, -4, -3, -6, 5, 2, -4, 4, 2, -2, -4, -2, 5, 2, 1, -1, 1, -4, 6, -1, -1, 6, -3, 2, 6, -3, 6, -2, -2, 5, -6, -5, -5, 5, -5, -6, -2, -2, -2, -2, -2, 2, 2, 4, 3, -4, 1, -1, 4, -4, 3, -4, -1, -6, 1, -2, 4, 6, -4, 0, -3, 4, -2, 0, -5, -1, -2, -3, 6, 6, 2, -1, 0, 0, 1, 0, -1, -6, -1, -3, -6, 3, 1, -2, 2, -4, -6, 4, 0, 2, -4, -4, 6, -1, 3, -6, -1]
 
3.2047338129569516: [-3, -3, 1, 5, -4, 3, 4, 1, -6, 4, 2, 4, 0, 1, -5, 6, 4, -4, -2, -3, 5, -4, -3, -6, -3, 6, -1, -2, 0, 3, 1, -2, -3, -3, -6, 5, 2, 1, -1, -1, 5, 0, 4, -6, 1, 2, -5, -5, -3, -3, 4, -2, 1, -3, 2, 6, -3, 6, -2, -2, 5, -6, -5, -5, 5, -5, -6, -2, -2, -2, -2, -2, 2, 2, 4, 3, -4, 1, -1, 4, -4, 3, -4, -1, -6, 1, -2, 4, 6, -4, 0, -3, 4, -2, 0, -5, -1, -2, -3, 6, 6, 2, -1, 0, 0, 1, 0, -1, -6, -1, -3, -6, 3, 1, -2, 2, -4, -6, 4, 0, 2, -4, -4, 6, -1, 3, -6, -1]
 
3.1935348952969504: [-3, -3, 1, 5, -4, 3, 4, 1, -6, 4, 2, 4, 0, 1, -5, 6, 4, -4, -2, -3, 5, -4, -3, -6, -3, 6, -1, -2, 0, 3, 1, -2, -3, -3, -6, 5, 2, 1, -1, -1, 5, 0, 4, -6, 1, 2, -5, -5, -3, -3, 4, -2, 1, -3, 2, 6, -3, 6, -2, -2, 5, -6, -5, -5, 5, -5, -6, -2, -2, -2, -2, -2, 2, 2, 4, 3, -4, 1, -1, 4, -4, 3, -4, -1, -6, 1, -2, 4, 6, -4, 0, -3, 4, -2, 0, -5, -1, -2, -1, -4, 6, 2, -1, 0, 0, 1, 0, -1, -6, -1, -3, -6, 3, 1, -2, 2, -4, -6, -4, -5, -4, 5, 1, 4, 1, 0, 3, 5]
 
1.88939286993: [-3, 2, 1, 5, 0, 3, 4, 1, -6, 5, 2, 4, 6, -4, -5, 3, 4, -4, 4, -3, 5, -6, 2, -3, -5, 0, -5, 6, -3, 1, 2, -3, -3, -2, 4, 6, -6, 6, -2, -3, 4, 1, -2, 5, 6, -2, 1, 6, -6, -1, -1, -1, -4, -4, -1, -5, 3, 1, -3, -2, 0, 6, 4, -5, -6, 1, -2, 1, -2, -5, -3, 6, 6, 3, -1, -6, 4, 0, -6, 3, 5, 4, 6, -4, 0, 3, -5, -6, 6, 3, 0, 3, 4, -2, 0, -5, -1, -2, -1, -4, 6, 2, 6, -5, -4, 6, -4, 3, 5, 1, 2, -1, 5, -4, 3, 4, -1, 6, -4, 1, 2, -2, 2, 1, -2, -6, 3, 5]
 
3.183401596997963: [-3, -3, 1, 5, -4, 3, 4, 1, -6, 4, 2, 4, 0, 1, -5, 6, 4, -4, -2, -3, 5, -4, -3, -6, -3, 6, -1, -2, 0, 3, 1, -2, -3, -3, -6, 5, 2, 1, -1, -1, 5, 0, 4, -6, 1, 2, -5, -5, -3, -3, 4, -2, 1, -3, 2, 6, -3, 6, -2, -2, 5, -6, -5, -5, 5, -5, -6, -2, -2, -2, -2, -2, 2, 2, 4, 3, -4, 1, -1, 4, -4, 3, -4, -1, -6, 1, -2, 4, 6, -4, 0, -3, 4, -2, 0, -5, -1, -2, -1, -4, 6, 2, -1, 0, 0, 1, 0, -1, -6, -1, -3, -6, 3, 1, -2, 2, -4, -6, -4, -5, -4, 5, 1, 4, 1, 0, 3, 5]
 
3.77199159033: [-3, -3, 4, 5, -4, 3, -3, 1, -5, 4, 2, 0, -4, 1, -5, 6, 4, -4, -2, -3, -5, -4, -3, -6, -3, 6, -1, -2, 0, 3, 1, -2, -4, -3, -6, 5, 2, -4, 4, 2, -2, -4, -2, 5, 2, 1, -1, 1, -4, 6, -1, -1, 6, -2, 4, 6, 3, 2, -3, -2, 0, 3, -6, -5, -6, 1, -4, -5, -2, -6, -3, 5, 6, -4, 4, -6, 4, 0, -2, 4, -4, 3, -4, -1, -6, 1, -2, 4, 6, -4, 0, -3, 4, -2, 0, -5, -1, -2, -1, -4, 6, 2, -1, 0, 0, 1, 0, -1, -6, -1, -3, -6, 3, 1, -2, 2, -4, -6, 4, 0, 2, -4, -4, 6, -1, 3, -6, -1]
 
2.90463989216: [-3, -3, 1, 5, -4, 3, 4, 1, -6, 4, 2, 4, 0, 1, -5, 6, 4, -4, -2, -3, 5, -4, -3, -6, -3, 6, -1, -2, 0, 3, 1, -2, -3, -3, -6, 5, 2, 1, -1, -1, 5, 0, 4, -6, 1, 2, -5, -5, -3, -3, 4, -2, 1, -3, 2, 6, -3, 6, -2, -2, 5, -6, -5, -5, 5, -5, -6, -2, -2, -2, -2, -2, 2, 2, 4, 3, -4, 1, -1, -5, -4, 6, 6, -4, 0, 3, -5, -6, 6, -4, 0, -3, 4, -2, 0, -5, -1, -2, -1, -4, 6, 2, 6, -5, -4, 6, 1, 3, 5, 1, 3, -1, -5, 5, 0, 0, -2, 4, -4, -5, -4, 5, 1, 4, -3, 2, 3, 5]
 
2.31736978884: [-5, -3, 1, 2, -5, 5, 6, 1, 4, 1, 2, 4, 0, 1, 5, 6, 4, -4, -5, -6, 5, -4, -3, -6, -3, 6, -1, -2, -2, 3, 3, -2, -3, -3, 4, 5, 2, 6, 1, -1, 1, 0, 4, -6, 3, -6, -5, -5, -6, -3, 1, 0, 1, -2, 4, 6, -2, 4, -2, -2, 1, -6, 6, -5, 5, -5, -6, -2, -2, -2, -2, 5, 2, 2, 4, -6, 4, 3, -1, 4, -4, -1, 4, 5, -6, 1, -2, 4, 6, 4, 0, 3, 0, -2, -5, -5, -1, 0, -1, -2, -1, 2, -1, 0, 6, -6, 0, -1, -6, -1, 2, -6, -3, 1, -2, -2, 4, 5, 2, 5, 2, -4, 1, -6, 1, -4, 3, 5]
 
3.11382855333: [-3, -3, 1, 5, -4, 3, 4, 1, -6, 4, 2, 4, 0, 1, -5, 6, 4, -4, -2, -3, 5, -4, -3, -6, -3, 6, -1, -2, 0, 3, 1, -2, -3, -3, -6, 5, 2, 1, -1, -1, 5, 0, 4, -6, 1, 2, -5, -5, -3, -3, 4, -2, 1, -2, 4, 6, -3, 6, -2, -2, 5, -6, -5, -5, 5, -5, -6, -2, -2, -2, -2, -2, 2, 2, 4, 3, -4, 1, -1, 4, -4, 3, -4, -1, -6, 1, -2, 4, 6, -4, 0, -3, 4, -2, 0, -5, -1, -2, -1, -4, -3, 5, -1, 0, 0, 1, 0, -1, -6, -1, -3, -6, 3, 1, -2, 2, -4, -6, -4, -5, -4, 5, -4, 6, -1, 3, -6, -1]
 
1.41616439798: [-3, -3, 4, 5, -4, 3, -3, 1, -5, 4, 2, 0, -4, 1, -5, 6, 4, -4, -2, -3, 5, -4, -3, -6, -3, 6, -1, -2, 0, 3, 1, -2, -3, -3, -6, 5, 2, 1, -1, -1, 5, 0, 4, -6, 1, 2, -5, -5, -3, -3, 4, -2, 1, -3, 2, 0, 3, 2, -3, -2, 0, 3, -6, -5, -6, -5, -6, -2, -2, -2, -2, -2, 2, 2, 4, 3, -4, 1, -1, 4, -4, 3, -4, -1, -6, 1, -2, 4, 6, -4, 0, -3, 4, -2, 0, -5, -1, -2, -1, -4, 6, 2, -1, 0, 0, 1, 0, -1, -6, -1, -3, -6, 3, 1, -2, 2, -4, -6, -4, -5, -4, 5, 1, 4, 1, 0, 3, 5]
 
2.34170397863: [-3, -3, 1, 5, -4, 3, 4, 1, -6, 4, 2, 4, 0, 1, -5, 6, 4, -4, -2, -3, 5, -4, -3, -6, -3, 6, -1, -2, 0, 3, 1, -2, -3, -3, -6, 5, 2, 1, -1, -1, 5, 0, 4, -6, 1, 2, -5, -5, -3, -3, 4, -2, 1, -3, 2, 6, -3, 6, -2, -2, 5, -6, -5, -5, 5, 1, -4, -5, -2, -6, -3, 5, 6, -4, 4, 3, -4, 1, -1, 4, -4, 3, -4, -1, -6, 1, -2, 4, 6, -4, 0, -3, 4, -2, 0, -5, -1, -2, -3, 6, -3, 5, 6, -5, -4, 6, 1, 3, 5, 1, 3, -1, -5, 5, 0, 0, -2, 4, 4, 0, 2, -4, -4, 6, -1, 3, -6, -1]
 
3.07828624411: [-3, -3, 1, 5, -4, 3, -3, 1, -5, 4, 2, 0, -4, 1, -5, 6, 4, -4, -2, -3, 5, -4, -3, -3, -5, 4, 0, 3, -3, 1, 3, 3, -3, 6, 6, 6, -6, 6, -3, -3, 0, 6, -6, 5, -3, -6, 1, 6, 3, -1, -1, -1, -4, -4, -1, 0, -3, 6, -2, -2, 5, -6, -5, -5, 5, -5, -6, -2, -2, -2, -2, -2, 2, 2, 4, 3, -4, 1, -1, 4, -4, 3, -4, -1, -6, 1, -2, 4, 6, -4, 0, -3, 4, -2, 0, -5, -1, -2, -1, -4, 6, 2, -1, 0, 0, 1, 0, -1, -6, -1, -3, -6, 3, 1, -2, 2, -4, -6, 4, 0, 2, -4, -4, 6, -1, 3, -6, -1]
 
2.57063741369: [-3, -3, 1, 5, -4, 3, 4, 1, -6, 4, 2, 4, 0, 1, -5, 6, 4, -4, -2, -3, -5, -4, -3, -6, -3, 6, -1, -2, 0, 3, 1, -2, -4, -3, -6, 5, 2, -4, 4, 2, -2, -4, -2, 5, 2, 1, -1, 1, -4, 6, -1, -1, 6, -3, 2, 6, -3, 6, -2, -2, 5, -6, -5, -5, 5, -5, -6, -2, -2, -2, -2, -2, 2, 2, 4, 3, -4, 1, -1, 4, -4, 3, -4, -1, -6, 1, -2, 4, 6, -4, 0, -3, 4, -2, 0, -5, -1, -2, -3, 6, 6, 2, -1, 0, 0, 1, 0, -1, -6, -1, -3, -6, 3, 1, -2, 2, -4, -6, 4, 0, 2, -4, -4, 6, -1, 3, -6, -1]
 
3.55728652502: [-3, -3, 1, 5, -4, 3, 4, 1, -6, 4, 2, 4, 0, 1, -5, 6, 4, -4, -2, -3, 5, -4, -3, -6, -3, 6, -1, -2, 0, 3, 1, -2, -3, -3, -6, 5, 2, 1, -1, -1, 5, 0, 4, -6, 1, 2, -5, -5, -3, -3, 4, -2, 1, -3, 2, 6, -3, 6, -2, -2, 5, -6, -5, -5, 5, -5, -6, -2, -2, -2, -2, -2, 2, 2, 4, 3, -4, 1, -1, 4, -4, 3, -4, -1, -6, 1, -2, 4, 6, -4, 0, -3, 4, -2, 0, -5, -1, -2, -3, 6, -3, 5, 6, -5, -4, 6, 1, 3, 5, 1, 3, -1, -5, 5, 0, 0, -2, 4, 4, 0, 2, -4, -4, 6, -1, 3, -6, -1]
 
0.684243128092: [-6, -5, -5, -2, 2, -1, 4, 1, -3, 4, 2, 0, 0, 1, -5, -3, 3, -4, -2, -4, 5, -4, -3, 5, -6, 6, -1, -2, 0, -1, 1, -5, -3, -3, -6, 5, -1, 1, 6, -1, 2, 0, 2, -6, 1, 4, 1, -5, -3, -3, 4, -2, 1, -3, 4, 6, -3, 6, -2, 4, 4, -6, -5, -5, 5, -5, -6, 4, -2, -2, 2, 1, 1, 2, 4, 3, -5, 1, 6, 4, -4, -5, -4, -1, -6, -5, -2, 4, 6, 3, 3, -1, 1, 6, -5, -5, -1, -2, -1, -4, -3, 2, -1, 0, 5, 1, 0, -1, -6, -5, -3, -6, 3, 2, 0, 5, 2, -6, -5, 5, 0, 4, -4, -1, 2, 4, -6, -1]
 
3.02577878595: [-3, -3, 1, 5, -4, 3, 4, 1, -6, 4, 2, 4, 0, 1, -5, 6, 4, -4, -2, -3, 5, -4, -3, -6, -3, 6, -1, -2, 0, 3, 1, -2, -3, -3, -6, 5, 2, 1, -1, -1, 5, 0, 4, -6, 1, 2, -5, -5, -3, -3, 4, -2, 1, -3, 2, 6, -3, 6, -2, -2, 5, -6, -5, -5, 5, -5, -6, -2, -2, -2, -2, -2, 2, 2, 4, 3, -4, 1, -1, 4, -4, 3, -4, -1, -6, 1, -2, 4, 6, -4, 0, -3, 4, -2, 0, -5, -1, -2, -1, -4, 6, 2, -1, 0, 0, 1, 0, -1, -6, -1, -3, -6, 3, 1, -2, 2, -4, -6, -4, -5, -4, 5, 1, 4, 1, 0, 3, 5]
 
2.8120263316: [-3, -3, 1, 5, -4, 3, 4, 1, -6, 4, 2, 4, 0, 1, -5, 6, 4, -4, -2, -3, 5, -4, -3, -6, -3, 6, -1, -2, 0, 3, 1, -2, -3, -3, -6, 5, 2, 1, -1, -1, 5, 0, 4, -6, 1, 2, -5, -5, -3, -3, 4, -2, 1, -3, 2, 6, -3, 6, -2, -2, 5, -6, -5, -5, 5, -5, -6, -2, -2, -2, -2, -2, 2, 2, 4, 3, -4, 1, -1, 4, -4, 3, -4, -1, -6, 1, -2, 4, 6, -4, 0, -3, 4, -2, 0, -5, -1, -2, -3, 6, 6, 2, -1, 0, 0, 1, 0, -1, -6, -1, -3, -6, 3, 1, -2, 2, -4, -6, 4, 0, 2, -4, -4, 6, -1, 3, -6, -1]
 
3.1158405507: [-3, -3, 1, 5, -4, 3, 4, 1, -6, 4, 2, 4, 0, 1, -5, 6, 4, -4, -2, -3, 5, -4, -3, -6, -3, 6, -1, -2, 0, 3, 1, -2, -3, -3, -6, 5, 2, 1, -1, -1, 5, 0, 4, -6, 1, 2, -5, -5, -3, -3, 4, -2, 1, -3, 2, 6, -3, 6, -2, -2, 5, -6, -5, -5, 5, -5, -6, -2, -2, -2, -2, -2, 2, 2, 4, 3, -4, 1, -1, 4, -4, 3, -4, -1, -6, 1, -2, 4, 6, -4, 0, -3, 4, -2, 0, -5, -1, -2, -3, 6, 6, 2, -1, 0, 0, 1, 0, -1, -6, -1, -3, -6, 3, 1, -2, 2, -4, -6, 4, 0, 2, -4, -4, 6, -1, 3, -6, -1]
 
3.39041136806: [-3, -3, 1, 5, -4, 3, 4, 1, -6, 4, 2, 4, 0, 1, -5, 6, 4, -4, -2, -3, 5, -4, -3, -6, -3, 6, -1, -2, 0, 3, 1, -2, -3, -3, -6, 5, 2, 1, -1, -1, 5, 0, 4, -6, 1, 2, -5, -5, -3, -3, 4, -2, 1, -3, 2, 6, -3, 6, -2, -2, 5, -6, -5, -5, 5, -5, -6, -2, -2, -2, -2, -2, 2, 2, 4, 3, -4, 1, -1, 4, -4, 3, -4, -1, -6, 1, -2, 4, 6, -4, 0, -3, 4, -2, 0, -5, -1, -2, -3, 6, -3, 5, 6, -5, -4, 6, 1, 3, 5, 1, 3, -1, -5, 5, 0, 0, -2, 4, 4, 0, 2, -4, -4, 6, -1, 3, -6, -1]
 
3.56858579: [-3, -3, 1, 5, -4, 3, 4, 1, -6, 4, 2, 4, 0, 1, -5, 6, 4, -4, -2, -3, 5, -4, -3, -6, -3, 6, -1, -2, 0, 3, 1, -2, -3, -3, -6, 5, 2, 1, -1, -1, 5, 0, 4, -6, 1, 2, -5, -5, -3, -3, 4, -2, 1, -3, 2, 6, -3, 6, -2, -2, 5, -6, -5, -5, 5, -5, -6, -2, -2, -2, -2, -2, 2, 2, 4, 3, -4, 1, -1, 4, -4, 3, -4, -1, -6, 1, -2, 4, 6, -4, 0, -3, 4, -2, 0, -5, -1, -2, -3, 6, -3, 5, 6, -5, -4, 6, 1, 3, 5, 1, 3, -1, -5, 5, 0, 0, -2, 4, 4, 0, 2, -4, -4, 6, -1, 3, -6, -1]
 
2.94875847221: [-3, -3, 1, 5, -4, 3, 4, 1, -6, 4, 2, 4, 0, 1, -5, 6, 4, -4, -2, -3, 5, -4, -3, -6, -3, 6, -1, -2, 0, 3, 1, -2, -3, -3, -6, 5, 2, 1, -1, -1, 5, 0, 4, -6, 1, 2, -5, -5, -3, -3, 4, -2, 1, -3, 2, 6, -3, 6, -2, -2, 5, -6, -5, -5, 5, -5, -6, -2, -2, -2, -2, -2, 2, 2, 4, 3, -4, 1, -1, 4, -4, 3, -4, -1, -6, 1, -2, 4, 6, -4, 0, -3, 4, -2, 0, -5, -1, -2, -3, 6, 6, 2, -1, 0, 0, 1, 0, -1, -6, -1, -3, -6, 3, 1, -2, 2, -4, -6, 4, 0, 2, -4, -4, 6, -1, 3, -6, -1]
 
3.56003396822: [-3, -3, 1, 5, -4, 3, -3, 1, -5, 4, 2, 0, -4, 1, -5, 6, 4, -4, -2, -3, -5, -4, -3, -6, -3, 6, -1, -2, 0, 3, 1, -2, -4, -3, -6, 5, 2, -4, 4, 2, -2, -4, -2, 5, 2, 1, -1, 1, -4, 6, -1, -1, 6, -3, 2, 6, -3, 6, -2, -2, 5, -6, -5, -5, 5, -5, -6, -2, -2, -2, -2, -2, 2, 2, 4, 3, -4, 1, -1, 4, -4, 3, -4, -1, -6, 1, -2, 4, 6, -4, 0, -3, 4, -2, 0, -5, -1, -2, -3, 6, -3, 5, 6, -5, -4, 6, 1, 3, 5, 1, 3, -1, -5, 5, 0, 0, -2, 4, 4, 0, 2, -4, -4, 6, -1, 3, -6, -1]
 
2.68258590433: [-3, -3, 4, 5, -4, 3, -3, 1, -5, 4, 2, 0, -4, 1, -5, 6, 4, -4, -2, -3, 5, -4, -3, -6, -3, 6, -1, -2, 0, 3, 1, -2, -3, -3, -6, 5, 2, 1, -1, -1, 5, 0, 4, -6, 1, 2, -5, -5, -3, -3, 4, -2, 1, -3, 2, 0, 3, 2, -3, -2, 0, 3, -6, -5, -6, 1, -4, -5, -2, -6, -3, 5, 6, -4, 4, 3, -4, 1, -1, 4, -4, 3, -4, -1, -6, 1, -2, 4, 6, -4, 0, -3, 4, -2, 0, -5, -1, -2, -3, 6, 6, 2, -1, 0, 0, 1, 0, -1, -6, -1, -3, -6, 3, 1, -2, 2, -4, -6, 4, 0, 2, -4, -4, 6, -1, 3, -6, -1]
 
3.32259494003: [-3, -3, 4, 5, -4, 3, -3, 1, -6, 4, 2, 4, 0, 1, -5, 6, 4, -4, -2, -3, 5, -4, -3, -3, -5, 4, 0, 3, -3, 1, 3, 3, -3, 6, 6, 6, -6, 6, -3, -3, 0, 6, -6, 5, -3, -6, 1, 6, 3, -1, -1, -1, -4, -4, -1, 0, 3, 2, -3, -2, 0, 3, -6, -5, -6, 1, -4, -5, -2, -6, -3, 5, 6, -4, 4, -6, 4, 0, -2, -5, -4, 6, 6, -4, 0, 3, -5, -6, 6, -4, 0, -3, 4, -2, 0, -5, -1, -2, -1, -4, 6, 2, 6, -5, -4, 6, 1, 3, 5, 1, 3, 2, 3, -1, 6, 4, -1, 6, -4, -4, 2, -2, 2, 1, -3, 2, 3, 5]
 
4.10130045195: [-3, -3, 1, 5, -4, 3, 4, 1, -5, 4, 2, 0, -4, 1, -5, 6, 4, -4, -2, -3, -5, -4, -3, -6, -3, 6, -1, -2, 0, 3, 1, -2, -4, -3, -6, 5, 2, -4, 4, 2, -2, -4, -2, 5, 2, 1, -1, 1, -4, 6, -1, -1, 6, -2, 4, 6, 3, 2, -3, -2, 0, 3, -6, -5, -6, 1, -4, -5, -2, -6, -3, 5, 6, -4, 4, -6, 4, 0, -2, -5, -4, 6, 6, -4, 0, 3, -5, -6, 6, -4, 0, -3, 4, -2, 0, -5, -1, -2, -1, -4, 6, 2, 6, -5, -4, 6, 1, 3, -6, -1, -3, -6, 3, 1, -2, 2, -4, -6, -4, -5, -4, 5, 1, 4, 1, 0, 3, 5]
 
1.13861889864: [-3, 1, 1, -4, -2, 3, 4, 4, -6, 5, 2, 4, -6, 4, -5, 6, -3, -4, 3, -3, -4, -3, -3, -6, -3, 6, -1, -5, -1, 2, -5, -2, 0, -3, -6, 2, 0, -4, -1, -5, 2, 5, -2, 6, -4, -4, -1, -2, 3, 6, -1, -1, -4, -3, 2, 0, -3, 6, 0, -2, 5, 1, -5, 4, 1, -1, -6, -2, 0, 5, -2, -5, -4, 2, 6, 3, -4, -1, -1, 1, -4, 3, -2, -5, 5, 2, 2, 6, -2, 6, 0, 6, -4, -1, 0, 1, 6, 6, -5, -4, 6, -3, -1, -5, -4, -2, -6, 3, -1, -3, 6, 2, 5, 3, 3, 5, -4, -4, 2, -4, 2, -2, 3, 1, 0, 4, 3, 5]
 
3.94987241628: [-3, -3, 4, 5, -4, 3, -3, 1, -5, 4, 2, 0, -4, 1, -5, 6, 4, -4, -2, -3, -5, -4, -3, -6, -3, 6, -1, -2, 0, 3, 1, -2, -4, -3, -6, 5, 2, -4, 4, 2, -2, -4, -2, 5, 2, 1, -1, 1, -4, 6, -1, -1, 6, -2, 4, 6, 3, 2, -3, -2, 0, 3, -6, -5, -6, 1, -4, -5, -2, -6, -3, 5, 6, -4, 4, -6, 4, 0, -2, -5, -4, 6, 6, -4, 0, 3, -5, -6, 6, -4, 0, -3, 4, -2, 0, -5, -1, -2, -1, -4, 6, 2, 6, 0, 0, 1, 0, -1, -6, -1, -3, -6, 3, 1, -2, 2, -4, -6, 4, 0, 2, -4, -4, 6, -1, 3, -6, -1]
 
2.92877512094: [-3, -3, 1, 5, -4, 3, 4, 1, -6, 4, 2, 4, 0, 1, -5, 6, 4, -4, -2, -3, -5, -4, -3, -6, -3, 6, -1, -2, 0, 3, 1, -2, -4, -3, -6, 5, 2, -4, 4, 2, -2, -4, -2, 5, 2, 1, -1, 1, -4, 6, -1, -1, 6, -3, 2, 6, -3, 6, -2, -2, 5, -6, -5, -5, 5, -5, -6, -2, -2, -2, -2, -2, 2, 2, 4, 3, -4, 1, -1, 4, -4, 3, -4, -1, -6, 1, -2, 4, 6, -4, 0, -3, 4, -2, 0, -5, -1, -2, -3, 6, 6, 2, -1, 0, 0, 1, 0, -1, -6, -1, -3, -6, 3, 1, -2, 2, -4, -6, 4, 0, 2, -4, -4, 6, -1, 3, -6, -1]
 
0.788309101474: [-3, -3, 6, 5, -4, 6, -2, 1, -1, 4, 2, 4, 5, 1, -2, -4, 4, -4, -2, -4, 5, 5, -3, -6, -1, 6, 3, -2, 6, -5, 1, -2, -1, -3, -6, 5, 0, 1, -1, -1, 5, 0, 4, -6, 1, 2, -5, -5, -3, 2, 4, 5, 1, -3, 2, 6, -3, -2, -2, -2, 5, -6, -5, -3, -4, -4, -4, -5, -3, 3, -2, -2, 2, -2, -4, 3, -4, 1, -1, 4, -4, 3, -5, -1, 0, -4, -2, 4, 6, -1, 0, -3, -3, -2, 0, -5, -1, -4, -3, 6, -3, 6, 6, -5, -4, 6, 0, 3, 1, 1, 3, 5, -5, 2, 3, 0, -2, 4, -5, 5, 2, -4, -4, 6, -1, 3, -6, 0]
 
1.33347747685: [-3, -3, 1, 0, -4, 3, 4, 1, -6, 4, 2, 4, -4, 3, -5, 6, 4, -4, -2, 0, 5, -4, -4, -6, -3, 6, -4, 4, 0, -6, 1, 0, 6, -3, -5, 1, 3, 1, -3, -1, 5, -4, 4, -6, 1, 2, -5, 2, -5, -3, 4, 6, 3, 1, 2, 3, -5, 6, -2, -2, 5, -6, -5, -5, 0, -1, -6, -2, -2, -4, -2, 0, 2, 2, 4, 3, 5, 1, -1, 4, -4, 3, -4, -1, 3, 1, -2, 4, 6, 5, 0, -2, 4, -2, 0, -5, -1, -1, -5, 3, 6, 2, -1, 5, 0, 1, 0, -1, 2, -2, 1, 4, -1, 1, 0, 6, -5, -4, 4, 0, 2, 3, -2, -6, 3, 3, -4, -3]
 
3.07144136039: [-3, -3, 1, 5, -4, 3, 4, 1, -6, 4, 2, 4, 0, 1, -5, 6, 4, -4, -2, -3, 5, -4, -3, -6, -3, 6, -1, -2, 0, 3, 1, -2, -3, -3, -6, 5, 2, 1, -1, -1, 5, 0, 4, -6, 1, 2, -5, -5, -3, -3, 4, -2, 1, -3, 2, 6, -3, 6, -2, -2, 5, -6, -5, -5, 5, -5, -6, -2, -2, -2, -2, -2, 2, 2, 4, 3, -4, 1, -1, 4, -4, 3, -4, -1, -6, 1, -2, 4, 6, -4, 0, -3, 4, -2, 0, -5, -1, -2, -1, -4, 6, 2, -1, 0, 0, 1, 0, -1, -6, -1, -3, -6, 3, 1, -2, 2, -4, -6, -4, -5, -4, 5, 1, 4, 1, 0, 3, 5]
 
2.80328397365: [-3, -3, 1, 5, -4, 3, 4, 1, -6, 4, 2, 4, 0, 1, -5, 6, 4, -4, -2, -3, 5, -4, -3, -6, -3, 6, -1, -2, 0, 3, 1, -2, -3, -3, -6, 5, 2, 1, -1, -1, 5, 0, 4, -6, 1, 2, -5, -5, -3, -3, 4, -2, 1, -3, 2, 6, -3, 6, -2, -2, 5, -6, -5, -5, 5, -5, -6, -2, -2, -2, -2, -2, 2, 2, 4, 3, -4, 1, -1, 4, -4, 3, -4, -1, -6, 1, -2, 4, 6, -4, 0, -3, 4, -2, 0, -5, -1, -2, -3, 6, 6, 2, -1, 0, 0, 1, 0, -1, -6, -1, -3, -6, 3, 1, -2, 2, -4, -6, 4, 0, 2, -4, -4, 6, -1, 3, -6, -1]
 
2.05561238759: [-3, -3, 1, 5, -4, 3, 4, 1, -6, 4, 2, 4, 0, 1, -5, 6, 4, -4, -2, -3, 5, -4, -3, -6, -3, 6, -1, -2, 0, 3, 1, -2, -3, -3, -6, 5, 2, 1, -1, -1, 5, 0, 4, -6, 1, 2, -5, -5, -3, -3, 4, -2, 1, -2, 4, 6, -3, 6, -2, -2, 5, -6, -5, -5, 5, -5, -6, -2, -2, -2, -2, -2, 2, 2, 4, 3, -4, 1, -1, 4, -4, 3, -4, -1, -6, 1, -2, 4, 6, -4, 0, -3, 4, -2, 0, -5, -1, -2, -1, -4, 6, 2, -1, 0, 0, 1, 0, -1, -6, -1, -3, -6, 3, 1, -2, 2, -4, -6, 4, 0, 2, -4, -4, 6, -1, 3, -6, -1]
 
3.60744222373: [4, -5, 2, -2, -1, -1, 4, 1, -6, 4, 2, 4, 0, 1, -5, 6, 4, -4, -2, -3, 5, -4, -3, -6, -3, 6, -1, -2, 0, 3, 1, -2, -3, -3, -6, 5, 2, 1, -1, -1, 5, 0, 4, -6, 1, 2, -5, -5, -3, -3, 4, -2, 1, -3, 2, 6, -3, 6, -2, -2, 5, -6, -5, -5, 5, -5, -6, -2, -2, -2, -2, -2, 2, 2, 4, 3, -4, 1, -1, 4, -4, 3, -4, -1, -6, 1, -2, 4, 6, -4, 0, -3, 4, -2, 0, -5, -1, -2, -1, -4, 6, 2, -1, 0, 0, 1, 0, -1, -6, -1, -3, -6, 3, 1, -2, 2, -4, -6, 4, 0, 2, -4, -4, 6, -1, 3, -6, -1]
 
3.59327945206: [-3, -3, 1, 5, -4, 3, 4, 1, -6, 4, 2, 4, 0, 1, -5, 6, 4, -4, -2, -3, 5, -4, -3, -6, -3, 6, -1, -2, 0, 3, 1, -2, -3, -3, -6, 5, 2, 1, -1, -1, 5, 0, 4, -6, 1, 2, -5, -5, -3, -3, 4, -2, 1, -3, 2, 6, -3, 6, -2, -2, 5, -6, -5, -5, 5, -5, -6, -2, -2, -2, -2, -2, 2, 2, 4, 3, -4, 1, -1, 4, -4, 3, -4, -1, -6, 1, -2, 4, 6, -4, 0, -3, 4, -2, 0, -5, -1, -2, -1, -4, 6, 2, -1, 0, 0, 1, 0, -1, -6, -1, -3, -6, 3, 1, -2, 2, -4, -6, 4, 0, 2, -4, -4, 6, -1, 3, -6, -1]
 
2.03786738898: [-3, -3, 1, 5, -4, 3, 4, 1, -6, 4, 2, 4, 0, 1, -5, 6, 4, -4, -2, -3, 5, -4, -3, -6, -3, 6, -1, -2, 0, 3, 1, -2, -3, -3, -6, 5, 2, 1, -1, -1, 5, 0, 4, -6, 1, 2, -5, -5, -3, -3, 4, -2, 1, -2, 4, 6, -3, 6, -2, -2, 0, 3, -6, -5, -6, 1, -4, -5, -2, -6, -3, 5, 6, -4, 4, -6, 4, 0, -2, -5, -4, 6, 6, -4, 0, 3, -5, -6, 6, -4, 0, -3, 4, -2, 0, -5, -1, -2, -1, -4, 6, 2, 6, -5, -4, 6, 1, 3, 5, 1, 3, -1, -5, 5, 0, 0, -2, 4, -4, -5, -4, 5, 1, 4, -3, 2, 3, 5]
 
2.99018068354: [-3, -3, 4, 5, -4, 3, -3, 1, -5, 4, 2, 0, -4, 1, -5, 6, 4, -4, -2, -3, -5, -4, -3, -6, -3, 6, -1, -2, 0, 3, 1, -2, -4, -3, -6, 5, 2, -4, 4, 2, -2, -4, -2, 5, 2, 1, -1, 1, -4, 6, -1, -1, 6, -2, 4, 6, 3, 2, -3, -2, 5, -6, -5, -5, 5, -5, -6, -2, -2, -2, -2, -2, 2, 2, 4, 3, -4, 1, -1, 4, -4, 3, -4, -1, -6, 1, -2, 4, 6, -4, 0, -3, 4, -2, 0, -5, -1, -2, -1, -4, -3, 5, -1, 0, 0, 1, 0, -1, -6, -1, -3, -6, 3, 1, -2, 2, -4, -6, -4, -5, -4, 5, 1, 4, 1, 0, 3, 5]
 
