5.5819743614417785: [-3, -3, 4, 5, -4, 3, -3, 1, -5, 4, 2, 0, -4, 1, -5, 6, 4, -4, -2, -3, 5, -4, -3, -6, -1, 6, -1, -2, -3, 3, 1, 3, -3, -3, -6, 5, 3, 3, -1, -1, 5, 0, -3, -6, 1, 2, -5, -5, -3, 2, 4, -2, 1, -2, 4, 6, -3, 6, -2, -2, 5, -6, -5, -5, 5, -5, -6, -1, -2, -1, -6, -2, 5, 2, 5, 3, -6, 1, -1, 4, -4, 3, -4, -1, -6, 1, -2, 4, 6, -4, 0, -3, 4, -2, -2, -5, -4, -3, -1, -4, 6, 2, -1, 0, 0, 1, 0, -1, -6, -1, -3, -6, 3, 1, -2, 2, -4, -6, 4, 0, 2, -4, -4, 6, -1, 3, -6, -1]
 
5.52272627629686: [-3, -3, -3, 5, -4, 3, -1, -5, -6, 4, 2, 0, 0, 1, -5, 6, 4, -4, -2, -3, 5, -4, -3, -6, -1, 6, -1, -2, -3, 3, 1, 3, -3, -3, -6, 5, 3, 3, -1, -1, 5, 0, -3, -6, 1, 2, -5, -5, -3, 2, 4, -2, 1, -2, 4, 6, -3, 6, -2, -2, 5, -6, -5, -5, 5, -5, -6, -1, -2, -1, -6, -2, 5, 2, 5, 3, -6, 1, -1, 4, -4, 3, -4, -1, -6, 1, -2, 4, 6, -4, 0, -3, 4, -2, -2, -5, -4, -3, -1, -4, 6, 2, -1, 0, 0, 1, 0, -1, -6, -1, -3, -6, 3, 1, -2, 2, -4, -6, 4, 0, 2, -4, -4, 6, -1, 3, -6, -1]
 
5.461310085669843: [-3, -3, 4, 5, -4, 3, -3, 1, -5, 4, 2, 0, -4, 1, -5, 6, 4, -4, -2, -3, 5, -4, -3, -6, -1, 6, -1, -2, -3, 3, 1, 3, -3, -3, -6, 5, 3, 3, -1, -1, 5, 0, -3, -6, 1, 2, -5, -5, -3, 2, 4, -2, 1, -2, 4, 6, -3, 6, -2, -2, 5, -6, -5, -5, 5, -5, -6, -2, -2, -2, -2, -2, 2, 2, 4, 3, -4, 1, -1, 4, -4, 3, -4, -1, -6, 1, -2, 4, 6, -4, 0, -3, 4, -2, -2, -5, -4, -2, -1, -4, 6, 2, -1, 0, 0, 1, 0, -1, -6, -1, -3, -6, 3, 1, -2, 2, -4, -6, 4, 0, 2, -4, -4, 6, -1, 3, -6, -1]
 
5.459231475168168: [-3, -3, 1, 5, -4, 3, -3, 1, -5, 4, 2, 0, -4, 1, -5, 6, 4, -4, -2, -3, 5, -4, -3, -6, -1, 6, -1, -2, -3, 3, 1, 3, -3, -3, -6, 5, 3, 3, -1, -1, 5, 0, -3, -6, 1, 2, -5, -5, -3, 2, 4, -2, 1, -2, 4, 6, -3, 6, -2, -2, 5, -6, -5, -5, 5, -5, -6, -1, -2, -1, -6, -2, 5, 2, 5, 3, -6, 1, -1, 4, -4, 3, -4, -1, -6, 1, -2, 4, 6, -4, 0, -3, 4, -2, -2, -5, -4, -3, -1, -4, 6, 2, -1, 0, 0, 1, 0, -1, -6, -1, -3, -6, 3, 1, -2, 2, -4, -6, 4, 0, 2, -4, -4, 6, -1, 3, -6, -1]
 
5.4461369031868925: [-3, -3, 1, 5, -4, 3, -3, 1, -5, 4, 2, 0, -4, 1, -5, 6, 4, -4, -2, -3, 5, -4, -3, -6, -1, 6, -1, -2, -3, 3, 1, 3, -3, -3, -6, 5, 3, 3, -1, -1, 5, 0, -3, -6, 1, 2, -5, -5, -3, 2, 4, -2, 1, -2, 4, 6, -3, 6, -2, -2, 5, -6, -5, -5, 5, -5, -6, -2, -2, -2, -2, -2, 2, 2, 4, 3, -4, 1, -1, 4, -4, 3, -4, -1, -6, 1, -2, 4, 6, -4, 0, -3, 4, -2, -2, -5, -4, -2, -1, -4, 6, 2, -1, 0, 0, 1, 0, -1, -6, -1, -3, -6, 3, 1, -2, 2, -4, -6, 4, 0, 2, -4, -4, 6, -1, 3, -6, -1]
 
5.440885634314061: [-3, -3, 1, 5, -4, 3, 4, 1, -6, 4, 2, 4, 0, 1, -5, 6, 6, -4, -2, -3, 5, -4, -3, -6, -1, 6, -1, -2, -3, 3, 1, 3, -3, -3, -6, 5, 3, 3, -1, -1, 5, 0, -3, -6, 1, 2, -5, -5, -3, 2, 4, -2, 0, -2, 4, 2, -2, 6, -2, 5, -6, -6, 1, -5, 5, -5, -6, -1, -2, -1, -6, -2, 5, 2, 5, 3, -6, 1, -1, 4, -4, 3, -4, -1, -6, 1, -2, 4, 6, -4, 0, -3, 4, -2, 0, -5, -1, -2, -1, -4, 6, 2, -1, 0, 0, 1, 0, -1, -6, -1, -3, -6, 3, 1, -2, 2, -4, -6, 4, 0, 2, -4, -4, 6, -1, 3, -6, -1]
 
5.416213894805259: [-3, -3, 4, 5, -4, 3, -3, 1, -5, 4, 2, 0, -4, 1, -5, 6, 4, -4, -2, -3, 5, -4, -3, -6, -1, 6, -1, -2, -3, 3, 1, 3, -3, -3, -6, 5, 3, 3, -1, -1, 5, 0, -3, -6, 1, 2, -5, -5, -3, 2, 4, -6, 0, -2, 4, 2, -2, 6, -2, 5, -6, -6, 1, -5, 5, -5, -6, -1, -2, -1, -6, -2, 5, 2, 5, 3, -4, 1, -1, 4, -4, 3, -4, -1, -6, 1, -2, 4, 6, -4, 0, -3, 4, -2, -2, -5, -4, -3, -1, 1, 6, 2, -3, -1, 0, 6, 0, 4, -6, 1, 3, -1, -5, 5, 0, 2, -4, -6, 4, 0, 2, -4, -4, 6, -1, 3, -6, -1]
 
5.414368147018019: [-3, -3, 1, 5, -4, 3, 4, 1, -6, 4, 2, 4, 0, 1, -5, 6, 6, -4, -2, -3, 5, -4, -3, -6, -1, 6, -1, -2, -3, 3, 1, 3, -3, -3, -6, 5, 3, 3, -1, -1, 5, 0, -3, -6, 1, 2, -5, -5, -3, 2, 4, -2, 1, -2, 4, 6, -3, 6, -2, -2, 5, -6, -5, -5, 5, -5, -6, -1, -2, -1, -6, -2, 5, 2, 5, 3, -6, 1, -1, 4, -4, 3, -4, -1, -6, 1, -2, 4, 6, -4, 0, -3, 4, -2, -2, -5, -4, -3, -1, -4, 6, 2, -1, 0, 0, 1, 0, -1, -6, -1, -3, -6, 3, 1, -2, 2, -4, -6, 4, 0, 2, -4, -4, 6, -1, 3, -6, -1]
 
5.408168341878477: [-3, -3, 4, 5, -4, 3, -3, 1, -5, 4, 2, 0, -4, 1, -5, 6, 4, -4, -2, -3, 5, -4, -3, -6, -1, 6, -1, -2, -3, 3, 1, 3, -3, -3, -6, 5, 3, 3, -1, -1, 5, 0, -3, -6, 1, 2, -5, -5, -3, 2, 4, -2, 1, -2, 4, 6, -3, 6, -2, -2, 5, -6, -5, -5, 5, -5, -6, -1, -2, -1, -6, -2, 5, 2, 5, 3, -6, 1, -1, 4, -4, 3, -4, -1, -6, 1, -2, 4, 6, -4, 0, -3, 4, -2, -2, -5, -4, -3, -1, -4, 6, 2, -1, 0, 0, 1, 0, -1, -6, -1, -3, -6, 3, 1, -2, 2, -4, -6, 4, 0, 2, -4, -4, 6, -1, 3, -6, -1]
 
5.397084480020539: [-3, -3, 1, 5, -4, 3, 4, 1, -6, 4, 2, 4, 0, 1, -5, 6, 6, -4, -2, -3, 5, -4, -3, -6, -1, 6, -1, -2, -3, 3, 1, 3, -3, -3, -6, 5, 3, 3, -1, -1, 5, 0, -3, -6, 1, 2, -5, -5, -3, 2, 4, -2, 1, -2, 4, 6, -3, 6, -2, -2, 5, -6, -5, -5, 5, -5, -6, -1, -2, -1, -6, -2, 5, 2, 5, 3, -6, 1, -1, 4, -4, 3, -4, -1, -6, 1, -2, 4, 6, -4, 0, -3, 4, -2, -2, -5, -4, -2, -1, -4, 6, 2, -1, 0, 0, 1, 0, -1, -6, -1, -3, -6, 3, 1, -2, 2, -4, -6, 4, 0, 2, -4, -4, 6, -1, 3, -6, -1]
 
5.38293583133194: [-3, -3, 4, 5, -4, 3, -3, 1, -5, 4, 2, 0, -4, 1, -5, 6, 4, -4, -2, -3, 5, -4, -3, -6, -3, 6, -1, -2, -3, 3, 1, 3, -3, -3, -6, 5, 3, 3, -1, -1, 5, 0, -3, -6, 1, 2, -5, -5, -3, 2, 4, -2, 1, -2, 4, 6, -3, 6, -2, -2, 5, -6, -5, -5, 5, -5, -6, -2, -2, -2, -2, -2, 2, 2, 4, 3, -4, 1, -1, 4, -4, 3, -4, -1, -6, 1, -2, 4, 6, -4, 0, -3, 4, -2, -2, -5, -4, -2, -1, -4, 6, 2, -1, 0, 0, 1, 0, -1, -6, -1, -3, -6, 3, 1, -2, 2, -4, -6, 4, 0, 2, -4, -4, 6, -1, 3, -6, -1]
 
5.3792449529914315: [-3, -3, 1, 5, -4, 3, 4, 1, -6, 4, 2, 4, 0, 1, -5, 6, 4, -4, -2, -3, 5, -4, -3, -6, -1, 6, -1, -2, -3, 3, 1, 3, -3, -3, -6, 5, 3, 3, -1, -1, 5, 0, -3, -6, 1, 2, -5, -5, -3, 2, 4, -2, 1, -2, 4, 6, -3, 6, -2, -2, 5, -6, -5, -5, 5, -5, -6, -1, -2, -1, -6, -2, 5, 2, 5, 3, -6, 1, -1, 4, -4, 3, -4, -1, -6, 1, -2, 4, 6, -4, 0, -3, 4, -2, -2, -5, -4, -3, -1, 1, 6, 2, -3, -1, 0, 1, 0, -1, -6, -1, -3, -6, 3, 1, -2, 2, -4, -6, 4, 0, 2, -4, -4, 6, -1, 3, -6, -1]
 
0.426812038743: [3, 3, -1, 5, -4, 3, 0, -6, -6, -1, 4, 0, 6, 6, 2, -4, 2, -4, -2, 4, -1, 3, -2, -4, 2, 6, -1, -2, -3, 6, 5, 0, 6, 3, -2, 4, 3, 0, -6, -1, 2, -1, -3, -5, 1, 2, -5, -1, -1, 2, 4, -6, 4, 5, -2, 2, 6, 6, -2, 5, -4, 2, 1, 2, -1, -3, -6, 5, -2, -6, -3, -2, 5, 1, 4, 3, -6, 1, 4, -2, 3, 3, -6, -1, 2, -3, -2, 4, 6, -4, 0, -3, 2, 4, 0, 4, 1, -2, -1, 0, -5, 2, -1, -1, 6, 1, -4, -1, -6, 2, 6, 0, 3, -3, -5, -1, 3, -6, 4, -6, 2, 6, -5, -4, -1, 3, 5, 3]
 
5.303603551520663: [-3, -3, 4, 5, -4, 3, -3, 1, -5, 4, 2, 0, -4, 1, -5, 6, 4, -4, -2, -3, 5, -4, -3, -6, -3, 6, -1, -2, -3, 3, 1, 3, -3, -3, -6, 5, 3, 3, -1, -1, 5, 0, -3, -6, 1, 2, -5, -5, -3, 2, 4, -2, 1, -2, 4, 6, -3, 6, -2, -2, 5, -6, -5, -5, 5, -5, -6, -2, -2, -2, -2, -2, 2, 2, 4, 3, -4, 1, -1, 4, -4, 3, -4, -1, -6, 1, -2, 4, 6, -4, 0, -3, 4, -2, -2, -5, -4, -2, -1, -4, 6, 2, -1, 0, 0, 1, 0, -1, -6, -1, -3, -6, 3, 1, -2, 2, -4, -6, 4, 0, 2, -4, -4, 6, -1, 3, -6, -1]
 
0.486164005367: [-3, 1, 2, 5, -4, 3, -2, 1, -6, -4, 2, 4, 0, 1, -3, 6, 6, 1, -2, -2, 5, -4, -3, -5, 3, 1, -1, -2, 6, 3, -2, 0, -3, -3, -5, -4, 3, 3, -1, 6, -2, 0, -3, 5, 1, 2, -5, -5, -3, 2, 5, 4, 1, -2, 4, 1, -3, 6, -2, -2, 5, -6, -3, -5, 5, -5, 3, -1, -2, -1, -6, -2, 5, -3, 5, 3, -5, -3, -1, 4, -4, 3, -4, 4, -6, 1, -2, 4, -6, -4, 4, -3, 4, -2, 5, -5, 1, -3, -4, 4, -2, 2, 2, -6, -3, 1, -4, -1, -6, -1, -3, -6, -2, 1, 1, 2, 1, 5, 4, 0, 4, -1, -4, 1, -2, 5, 0, -2]
 
5.292707331186466: [-3, -3, 4, 5, -4, 3, -3, 1, -5, 4, 2, 4, 0, 1, -5, 6, 4, -4, -2, -3, 5, -4, -3, -6, -3, 6, -1, -2, -3, 3, 1, 3, -3, -3, -6, 5, 3, 3, -1, -1, 5, 0, -3, -6, 1, 2, -5, -5, -3, 2, 4, -2, 1, -2, 4, 6, -3, 6, -2, -2, 5, -6, -5, -5, 5, -5, -6, -2, -2, -2, -2, -2, 2, 2, 4, 3, -4, 1, -1, 4, -4, 3, -4, -1, -6, 1, -2, 4, 6, -4, 0, -3, 4, -2, -2, -5, -4, -2, -1, -4, 6, 2, -1, 0, 0, 1, 0, -1, -6, -1, -3, -6, 3, 1, -2, 2, -4, -6, 4, 0, 2, -4, -4, 6, -1, 3, -6, -1]
 
5.278677650122404: [-3, -3, 4, 5, -4, 3, -3, 1, -5, 4, 2, 4, 0, 1, -5, 6, 4, -4, -2, -3, 5, -4, -3, -6, -3, 6, -1, -2, -3, 3, 1, 3, -3, -3, -6, 5, 3, 3, -1, -1, 5, 0, -3, -6, 1, 2, -5, -5, -3, 2, 4, -6, 0, -2, 4, 2, -2, 6, -2, 5, -6, -6, 1, -5, 5, -5, -6, -1, -2, -1, -6, -2, 5, 2, 5, 3, -6, 1, -1, 4, -4, 3, -4, -1, -6, 1, -2, 4, 6, -4, 0, -3, 4, -2, 0, -5, -1, -2, -1, -4, 6, 2, -1, 0, 0, 1, 0, -1, -6, -1, -3, -6, 3, 1, -2, 2, -4, -6, 4, 0, 2, -4, -4, 6, -1, 3, -6, -1]
 
5.2735107149579825: [-3, -3, -3, 5, -4, 3, -1, -5, -6, 4, 2, 0, 0, 1, -5, 6, 4, -4, -2, -3, 5, -4, -3, -6, -1, 6, -1, -2, -3, 3, 1, 3, -3, -3, -6, 5, 3, 3, -1, -1, 5, 0, -3, -6, 1, 2, -5, -5, -3, 2, 4, -2, 1, -2, 4, 6, -3, 6, -2, -2, 5, -6, -5, -5, 5, -5, -6, -2, -2, -2, -2, -2, 2, 2, 4, 3, -4, 1, -1, 4, -4, 3, -4, -1, -6, 1, -2, 4, 6, -4, 0, -3, 4, -2, -2, -5, -4, -3, -1, -4, 6, 2, -1, 0, 0, 1, 0, -1, -6, -1, -3, -6, 3, 1, -2, 2, -4, -6, 4, 0, 2, -4, -4, 6, -1, 3, -6, -1]
 
2.30880146892: [-6, -3, -3, 5, 2, -2, -1, -1, 2, 4, 2, -2, 0, 1, -5, 6, 4, -4, -2, 5, 5, -4, -3, 3, -1, 6, -1, -2, -1, 3, 1, 5, 3, -6, -6, 5, -3, 3, -1, 0, 5, -3, -3, -3, 1, -6, -5, -5, -1, 5, 4, -2, 1, 0, -1, 6, -3, 6, 5, 1, 5, -6, -5, -5, 5, -5, -6, -2, -2, -2, 4, -2, 2, 0, 3, 6, -4, 1, -1, 4, -4, 6, -5, -2, -6, 1, -2, 4, 6, -4, 1, 5, 4, -2, -2, -5, -4, -2, 5, -6, 6, 3, 5, 0, 0, 5, 0, -3, -6, -1, -3, -6, 3, -1, -2, 2, -1, -6, -6, -3, 3, -4, -2, 6, -4, -1, -6, -1]
 
5.203332632163855: [-3, -3, 4, 5, -4, 3, -3, 1, -5, 4, 2, 0, -4, 1, -5, 6, 4, -4, -2, -3, 5, -4, -3, -6, -1, 6, -1, -2, -3, 3, 1, 3, -3, -3, -6, 5, 3, 3, -1, -1, 5, 0, -3, -6, 1, 2, -5, -5, -3, 2, 4, -6, 0, -2, 4, 2, -2, 6, -2, 5, -6, -6, 1, -5, 5, -5, -6, -1, -2, -1, -6, -2, 5, 2, 5, 3, -4, 1, -1, 4, -4, 3, -4, -1, -6, 1, -2, 4, 6, -4, 0, -3, 4, -2, -2, -5, -4, -3, -1, 1, 6, 2, -3, -1, 0, 6, 0, 4, -6, 1, 3, -1, -5, 5, 0, 2, -4, -6, 4, 0, 2, -4, -4, 6, -1, 3, -6, -1]
 
5.160585334925779: [-3, -3, 1, 5, -4, 3, 4, 1, -6, 4, 2, 4, 0, 1, -5, 6, 4, -4, -2, -3, 5, -4, -3, -6, -1, 6, -1, -2, -3, 3, 1, 3, -3, -3, -6, 5, 3, 3, -1, -1, 5, 0, -3, -6, 1, 2, -5, -5, -3, 2, 4, -2, 1, -2, 4, 6, -3, 6, -2, -2, 5, -6, -5, -5, 5, -5, -6, -2, -2, -2, -2, -2, 2, 2, 4, 3, -4, 1, -1, 4, -4, 3, -4, -1, -6, 1, -2, 4, 6, -4, 0, -3, 4, -2, -2, -5, -4, -2, -1, -4, 6, 2, -1, 0, 0, 1, 0, -1, -6, -1, -3, -6, 3, 1, -2, 2, -4, -6, 4, 0, 2, -4, -4, 6, -1, 3, -6, -1]
 
5.15326985771482: [-3, -3, 4, 5, -4, 3, -3, 1, -5, 4, 2, 0, -4, 1, -5, 6, 4, -4, -2, -3, 5, -4, -3, -6, -1, 6, -1, -2, -3, 3, 1, 3, -3, -3, -6, 5, 3, 3, -1, -1, 5, 0, -3, -6, 1, 2, -5, -5, -3, 2, 4, -2, 1, -2, 4, 6, -3, 6, -2, -2, 5, -6, -5, -5, 5, -5, -6, -1, -2, -1, -6, -2, 5, 2, 5, 3, -6, 1, -1, 4, -4, 3, -4, -1, -6, 1, -2, 4, 6, -4, 0, -3, 4, -2, -2, -5, -4, -3, -1, -4, 6, 2, -1, 0, 0, 1, 0, -1, -6, -1, -3, -6, 3, 1, -2, 2, -4, -6, 4, 0, 2, -4, -4, 6, -1, 3, -6, -1]
 
5.150956339601517: [-3, -3, 1, 5, -4, 3, 4, 1, -6, 4, 2, 4, 0, 1, -5, 6, 4, -4, -2, -3, 5, -4, -3, -6, -3, 6, -1, -2, -3, 3, 1, 3, -3, -3, -6, 5, 3, 3, -1, -1, 5, 0, -3, -6, 1, 2, -5, -5, -3, 2, 4, -2, 1, -2, 4, 6, -3, 6, -2, -2, 5, -6, -5, -5, 5, -5, -6, -1, -2, -1, -6, -2, 5, 2, 5, 3, -6, 1, -1, 4, -4, 3, -4, -1, -6, 1, -2, 4, 6, -4, 0, -3, 4, -2, -2, -5, -4, -3, -1, -4, 6, 2, -1, 0, 0, 1, 0, -1, -6, -1, -3, -6, 3, 1, -2, 2, -4, -6, 4, 0, 2, -4, -4, 6, -1, 3, -6, -1]
 
5.1480793975388215: [-3, -3, 1, 5, -4, 3, -3, 1, -5, 4, 2, 0, -4, 1, -5, 6, 4, -4, -2, -3, 5, -4, -3, -6, -1, 6, -1, -2, -3, 3, 1, 3, -3, -3, -6, 5, 3, 3, -1, -1, 5, 0, -3, -6, 1, 2, -5, -5, -3, 2, 4, -2, 1, -2, 4, 6, -3, 6, -2, -2, 5, -6, -5, -5, 5, -5, -6, -1, -2, -1, -6, -2, 5, 2, 5, 3, -6, 1, -1, 4, -4, 3, -4, -1, -6, 1, -2, 4, 6, -4, 0, -3, 4, -2, -2, -5, -4, -3, -1, 1, 6, 2, -3, 0, 0, 1, 0, -1, -6, -1, -3, -6, 3, 1, -2, 2, -4, -6, 4, 0, 2, -4, -4, 6, -1, 3, -6, -1]
 
1.34167210195: [-1, -3, 1, 5, -4, -1, -1, 1, -3, 6, 3, 1, 0, 1, -3, 6, 2, -4, 5, -3, 5, -4, -3, -6, -1, 6, 5, -2, -3, 3, 1, 3, -6, -3, -6, -6, 5, 3, -1, -1, 5, 4, 1, -6, 1, -4, -4, -5, 3, 2, 4, -2, 1, 2, 4, 6, 3, 6, -1, -2, 5, -2, -5, -5, -5, -5, -6, 1, -2, -1, -6, -2, 2, 2, 5, 1, 2, 1, -1, 4, 0, 3, -4, -6, -6, 1, -2, 4, -6, -4, 0, -1, 4, -2, -6, -5, -4, -3, -2, 4, 3, 3, -3, -1, 0, -4, 0, -1, 3, -1, 1, -4, 3, 4, -2, 2, -4, 6, -3, 3, 4, 2, -1, 4, 6, 4, -6, -1]
 
5.126209989444983: [-3, -3, 4, 5, -4, 3, -3, 1, -5, 4, 2, 0, -4, 1, -5, 6, 4, -4, -2, -3, 5, -4, -3, -6, -1, 6, -1, -2, -3, 3, 1, 3, -3, -3, -6, 5, 3, 3, -1, -1, 5, 0, -3, -6, 1, 2, -5, -5, -3, 2, 4, -6, 0, -2, 4, 2, -2, 6, -2, 5, -6, -6, 1, -5, 5, -5, -6, -1, -2, -1, -6, -2, 5, 2, 5, 3, -6, 1, -1, 4, -4, 3, -4, -1, -6, 1, -2, 4, 6, -4, 0, -3, 4, -2, 0, -5, -1, -2, -1, -4, 6, 2, -1, 0, 0, 1, 0, -1, -6, -1, -3, -6, 3, 1, -2, 2, -4, -6, 4, 0, 2, -4, -4, 6, -1, 3, -6, -1]
 
5.125870945276337: [-3, -3, 4, 5, -4, 3, -3, 1, -5, 4, 2, 4, 0, 1, -5, 6, 4, -4, -2, -3, 5, -4, -3, -6, -3, 6, -1, -2, -3, 3, 1, 3, -3, -3, -6, 5, 3, 3, -1, -1, 5, 0, -3, -6, 1, 2, -5, -5, -3, 2, 4, -6, 0, -2, 4, 2, -2, 6, -2, 5, -6, -6, 1, -5, 5, -5, -6, -1, -2, -1, -6, -2, 5, 2, 5, 3, -6, 1, -1, 4, -4, 3, -4, -1, -6, 1, -2, 4, 6, -4, 0, -3, 4, -2, 0, -5, -1, -2, -1, -4, 6, 2, -1, 0, 0, 1, 0, -1, -6, -1, -3, -6, 3, 1, -2, 2, -4, -6, 4, 0, 2, -4, -4, 6, -1, 3, -6, -1]
 
5.100865018761279: [-3, -3, 1, 5, -4, 3, 4, 1, -6, 4, 2, 4, 0, 1, -5, 6, 6, -4, -2, -3, 5, -4, -3, -6, -1, 6, -1, -2, -3, 3, 1, 3, -3, -3, -6, 5, 3, 3, -1, -1, 5, 0, -3, -6, 1, 2, -5, -5, -3, 2, 4, -2, 0, -2, 4, 2, -2, 6, -2, 5, -6, -6, 1, -5, 5, -5, -6, -1, -2, -1, -6, -2, 5, 2, 5, 3, -6, 1, -1, 4, -4, 3, -4, -1, -6, 1, -2, 4, 6, -4, 0, -3, 4, -2, 0, -5, -1, -2, -1, -4, 6, 2, -1, 0, 0, 1, 0, -1, -6, -1, -3, -6, 3, 1, -2, 2, -4, -6, 4, 0, 2, -4, -4, 6, -1, 3, -6, -1]
 
5.0933353675000355: [-3, -3, 1, 5, -4, 3, 4, 1, -6, 4, 2, 4, 0, 1, -5, 6, 6, -4, -2, -3, 5, -4, -3, -6, -1, 6, -1, -2, -3, 3, 1, 3, -3, -3, -6, 5, 3, 3, -1, -1, 5, 0, -3, -6, 1, 2, -5, -5, -3, 2, 4, -2, 1, -2, 4, 6, -3, 6, -2, -2, 5, -6, -5, -5, 5, -5, -6, -1, -2, -1, -6, -2, 5, 2, 5, 3, -6, 1, -1, 4, -4, 3, -4, -1, -6, 1, -2, 4, 6, -4, 0, -3, 4, -2, -2, -5, -4, -3, -1, 1, 6, 2, -3, 0, 0, 1, 0, -1, -6, -1, -3, -6, 3, 1, -2, 2, -4, -6, 4, 0, 2, -4, -4, 6, -1, 3, -6, -1]
 
5.070160253492159: [-3, -3, 1, 5, -4, 3, 4, 1, -6, 4, 2, 4, 0, 1, -5, 6, 4, -4, -2, -3, 5, -4, -3, -6, -1, 6, -1, -2, -3, 3, 1, 3, -3, -3, -6, 5, 3, 3, -1, -1, 5, 0, -3, -6, 1, 2, -5, -5, -3, 2, 4, -2, 1, -2, 4, 6, -3, 6, -2, -2, 5, -6, -5, -5, 5, -5, -6, -2, -2, -2, -2, -2, 2, 2, 4, 3, -4, 1, -1, 4, -4, 3, -4, -1, -6, 1, -2, 4, 6, -4, 0, -3, 4, -2, -2, -5, -4, -2, -1, -4, 6, 2, -1, 0, 0, 1, 0, -1, -6, -1, -3, -6, 3, 1, -2, 2, -4, -6, 4, 0, 2, -4, -4, 6, -1, 3, -6, -1]
 
5.0669909151898755: [-3, -3, 4, 5, -4, 3, -3, 1, -5, 4, 2, 0, -4, 1, -5, 6, 4, -4, -2, -3, 5, -4, -3, -6, -1, 6, -1, -2, -3, 3, 1, 3, -3, -3, -6, 5, 3, 3, -1, -1, 5, 0, -3, -6, 1, 2, -5, -5, -3, 2, 4, -2, 1, -2, 4, 6, -3, 6, -2, -2, 5, -6, -5, -5, 5, -5, -6, -1, -2, -1, -6, -2, 5, 2, 5, 3, -6, 1, -1, 4, -4, 3, -4, -1, -6, 1, -2, 4, 6, -4, 0, -3, 4, -2, -2, -5, -4, -3, -1, -4, 6, 2, -1, 0, 0, 1, 0, -1, -6, -1, -3, -6, 3, 1, -2, 2, -4, -6, 4, 0, 2, -4, -4, 6, -1, 3, -6, -1]
 
5.055329768757337: [-3, -3, -3, 5, -4, 3, -1, -5, -6, 4, 2, 0, 0, 1, -5, 6, 4, -4, -2, -3, 5, -4, -3, -6, -1, 6, -1, -2, -3, 3, 1, 3, -3, -3, -6, 5, 3, 3, -1, -1, 5, 0, -3, -6, 1, 2, -5, -5, -3, 2, 4, -2, 1, -2, 4, 6, -3, 6, -2, -2, 5, -6, -5, -5, 5, -5, -6, -2, -2, -2, -2, -2, 2, 2, 4, 3, -4, 1, -1, 4, -4, 3, -4, -1, -6, 1, -2, 4, 6, -4, 0, -3, 4, -2, -2, -5, -4, -3, -1, -4, 6, 2, -1, 0, 0, 1, 0, -1, -6, -1, -3, -6, 3, 1, -2, 2, -4, -6, 4, 0, 2, -4, -4, 6, -1, 3, -6, -1]
 
0.785425181338: [3, -3, -1, 5, 5, 3, 4, 4, -6, 5, 2, -1, -2, 1, -5, 6, 4, -2, -2, 2, 3, 5, -1, -6, -1, 6, -1, -2, -4, 4, 2, 3, -1, -3, 3, 5, 3, 5, 3, -1, 5, 0, -3, -6, 1, -1, 5, -5, -3, 2, 4, -3, 1, -2, 4, 6, 2, 1, -2, -2, 5, -6, -5, -5, 5, -5, -6, -2, -2, -1, -6, -2, -1, 2, -3, 3, -6, 3, -1, -3, -5, 3, -2, -1, -6, 1, 2, 4, -2, 0, 0, -3, 2, -2, -6, -5, -4, 4, -1, -1, 6, 2, -1, 0, 0, 1, 0, -1, -6, -1, 5, -6, 3, 1, -2, 2, -4, -6, 4, 0, 3, -4, -4, 0, -3, 3, -6, -1]
 
1.18474827025: [-5, -3, -5, 5, -4, 6, 4, 1, -2, 3, 2, 4, 0, 1, -5, 6, 4, 0, 1, -3, -3, 1, -3, 3, -3, -4, -1, -2, -3, -4, 4, 3, 0, 3, -6, 5, 3, 1, -1, -3, -6, 0, -3, -6, 1, 2, -5, -5, -3, 2, -2, -2, -6, -2, -6, 6, 0, 6, 6, -2, 5, -6, -5, -5, -2, -5, -6, -1, -2, -2, -2, 6, -4, 2, 4, 3, -4, -4, 3, 4, 4, 3, -4, -1, -6, -2, -2, 5, 6, -2, -3, 2, 5, -2, -1, -5, -6, -2, -1, -4, 6, 2, -4, 0, -3, 1, 0, -1, -2, 0, -4, -6, 5, -1, -2, 2, -4, 0, 4, 0, 2, -4, -4, -4, -1, 0, 3, -5]
 
1.05571019268: [-3, -3, 4, 5, -4, -4, -3, 1, 5, -2, 2, 4, 0, 5, -5, -4, 1, -3, 3, -3, 5, -3, -3, -6, -3, 6, -1, -2, 2, 3, 1, 3, -3, -3, -4, 5, -6, 0, -1, -1, 3, 0, -3, -6, 1, 2, -5, -5, -3, 2, 4, -2, 6, -2, 4, 6, -5, 6, -2, 4, 4, -6, -5, -5, 5, -5, -6, -1, -2, -2, -2, -2, 0, 2, -3, -6, -4, 1, -3, -4, -4, -3, -2, 2, -6, 1, -2, -3, -1, 1, 0, -3, -4, 3, -2, 3, 2, 4, -1, -4, 6, 3, -1, 0, 0, 1, 0, -1, 0, 5, 4, -5, -2, 1, -2, 2, -4, -6, 4, 5, 2, -4, -6, 6, -6, 3, 6, -1]
 
5.28508034386: [-3, -3, 1, 5, -4, 3, 4, 1, -6, 4, 2, 4, 0, 1, -5, 6, 4, -4, -2, -3, 5, -4, -3, -6, -3, 6, -1, -2, -3, 3, 1, 3, -3, -3, -6, 5, 3, 3, -1, -1, 5, 0, -3, -6, 1, 2, -5, -5, -3, 2, 4, -2, 1, -2, 4, 6, -3, 6, -2, -2, 5, -6, -5, -5, 5, -5, -6, -2, -2, -2, -2, -2, 2, 2, 4, 3, -4, 1, -1, 4, -4, 3, -4, -1, -6, 1, -2, 4, 6, -4, 0, -3, 4, -2, -2, -5, -4, -2, -1, -4, 6, 2, -1, 0, 0, 1, 0, -1, -6, -1, -3, -6, 3, 1, -2, 2, -4, -6, 4, 0, 2, -4, -4, 6, -1, 3, -6, -1]
 
2.57055895855: [-3, 2, 2, -4, 6, -6, 4, 1, -6, 4, 2, 4, 0, 1, -5, 1, 6, -4, -2, -3, 5, 5, -3, -5, -1, 6, -1, -2, -3, 3, 1, -2, 5, -3, -6, 5, 3, 3, -1, -1, 5, 0, 2, -3, -5, 3, -5, -5, -3, 1, 4, -4, 0, -2, -1, 6, -3, 2, -5, 0, 0, -1, -5, -4, 2, -5, -6, 0, -2, -2, -2, -2, 2, 2, -4, 3, -4, 0, -1, 1, -4, -5, -4, -1, -6, 1, -2, -3, 6, -4, 4, -3, 4, -2, -2, 0, -4, -2, -1, -4, 6, 2, -1, 0, 3, 3, 0, 3, -6, -1, -3, -6, 5, 6, -2, 2, -4, -6, 4, 2, 2, -4, 4, -1, -1, 3, -6, -1]
 
4.94827061389: [-3, -3, 4, 5, -4, 3, -3, 1, -5, 4, 2, 0, -4, 1, -5, 6, 4, -4, -2, -3, 5, -4, -3, -6, -3, 6, -1, -2, -3, 3, 1, 3, -3, -3, -6, 5, 3, 3, -1, -1, 5, 0, -3, -6, 1, 2, -5, -5, -3, 2, 4, -2, 1, -2, 4, 6, -3, 6, -2, -2, 5, -6, -5, -5, 5, -5, -6, -1, -2, -1, -6, -2, 5, 2, 5, 3, -6, 1, -1, 4, -4, 3, -4, -1, -6, 1, -2, 4, 6, -4, 0, -3, 4, -2, -2, -5, -4, -3, -1, 1, 6, 2, -3, 0, 0, 1, 0, -1, -6, -1, -3, -6, 3, 1, -2, 2, -4, -6, 4, 0, 2, -4, -4, 6, -1, 3, -6, -1]
 
1.74567675739: [0, -3, 4, 5, -4, 3, 0, 1, 4, 5, 2, 0, -4, -3, 1, -2, 0, -5, -2, -3, 0, -4, -3, -6, -3, 4, -1, -6, -3, -1, -1, -3, -3, -3, -6, 5, 3, -6, -1, -1, 5, 0, -3, -6, 1, -2, -5, -5, 0, -3, 5, -6, 0, -2, 4, -4, 3, -6, 4, 5, -6, -6, 1, 1, 5, -6, -6, -1, -2, -2, -6, -2, -3, -3, -1, -4, -4, 1, -6, -6, -4, 3, -4, -1, 6, 1, -2, 4, 5, -3, 0, 4, 0, -2, -2, 1, -4, -3, -1, 5, -6, -3, -3, -1, 0, -6, 0, 4, -6, 1, 6, -1, 4, 5, 0, 2, -4, -6, -3, 0, 2, -4, -4, 3, 5, 3, -3, -1]
 
5.73171797686: [-3, -3, 1, 5, -4, 3, 4, 1, -6, 4, 2, 4, 0, 1, -5, 6, 4, -4, -2, -3, 5, -4, -3, -6, -1, 6, -1, -2, -3, 3, 1, 3, -3, -3, -6, 5, 3, 3, -1, -1, 5, 0, -3, -6, 1, 2, -5, -5, -3, 2, 4, -2, 1, -2, 4, 6, -3, 6, -2, -2, 5, -6, -5, -5, 5, -5, -6, -2, -2, -2, -2, -2, 2, 2, 4, 3, -4, 1, -1, 4, -4, 3, -4, -1, -6, 1, -2, 4, 6, -4, 0, -3, 4, -2, -2, -5, -4, -2, -1, -4, 6, 2, -1, 0, 0, 1, 0, -1, -6, -1, -3, -6, 3, 1, -2, 2, -4, -6, 4, 0, 2, -4, -4, 6, -1, 3, -6, -1]
 
2.04584991625: [-6, -3, 0, 0, -4, -1, -3, -1, -5, 4, 2, 0, -4, 1, 2, 6, 4, 4, -1, -3, 1, 0, -3, -3, 3, 6, -1, -4, -4, 3, 3, 4, -3, -5, -6, -3, 3, 3, -1, -1, 5, 0, 2, 5, 1, 2, -5, -1, -3, 2, -4, -2, 1, -1, 6, 1, -3, 6, -2, -2, 5, -6, 1, -5, -3, -6, 5, -1, -2, -1, 3, -2, 4, -5, -4, 3, -3, 3, -3, 4, -4, 3, -4, -1, -6, -4, -3, 0, 6, -1, 4, -3, 4, 1, -2, -5, -4, -6, -1, -4, 6, 2, 0, 0, 1, -2, 0, -1, -6, -3, -3, -6, 3, 2, -2, 2, -4, -6, 4, 6, 2, -4, -4, 6, -1, 3, -6, -1]
 
4.69300057949: [-3, -3, 1, 5, -4, 3, -3, 1, -5, 4, 2, 0, -4, 1, -5, 6, 4, -4, -2, -3, 5, -4, -3, -6, -1, 6, -1, -2, -3, 3, 1, 3, -3, -3, -6, 5, 3, 3, -1, -1, 5, 0, -3, -6, 1, 2, -5, -5, -3, 2, 4, -2, 1, -2, 4, 6, -3, 6, -2, -2, 5, -6, -5, -5, 5, -5, -6, -2, -2, -2, -2, -2, 2, 2, 4, 3, -4, 1, -1, 4, -4, 3, -4, -1, -6, 1, -2, 4, 6, -4, 0, -3, 4, -2, -2, -5, -4, -3, -1, 1, 6, 2, -3, 0, 0, 1, 0, -1, -6, -1, -3, -6, 3, 1, -2, 2, -4, -6, 4, 0, 2, -4, -4, 6, -1, 3, -6, -1]
 
0.681389918461: [-3, 2, 1, 5, -2, 3, 4, -3, -6, 4, 2, 4, 0, 1, -5, 3, 4, -4, 2, -3, 5, -4, 6, 5, -3, -2, 4, -2, -3, 3, 1, -4, -3, -3, -6, 5, 3, 3, 6, -1, 5, 0, -3, -6, 6, 5, -5, 5, -3, 0, -5, -2, 1, -2, -1, -3, -1, 5, -2, 4, 5, -6, -5, -5, 5, -5, -1, 4, -2, -5, -6, -2, 5, 3, 5, 3, -6, -1, -1, 4, -4, 5, -4, -1, -6, 1, 6, 4, 2, -4, 5, 6, -1, -2, -2, -5, 6, 6, -1, 1, 6, 2, -1, 6, 0, -5, 0, 6, -6, -6, -3, -6, -4, 1, -2, 2, 2, -4, 2, -3, 2, -4, -4, 5, -1, 0, -4, -1]
 
5.5517939576: [-3, -3, 1, 5, -4, 3, 4, 1, -6, 4, 2, 4, 0, 1, -5, 6, 6, -4, -2, -3, 5, -4, -3, -6, -1, 6, -1, -2, -3, 3, 1, 3, -3, -3, -6, 5, 3, 3, -1, -1, 5, 0, -3, -6, 1, 2, -5, -5, -3, 2, 4, -2, 1, -2, 4, 6, -3, 6, -2, -2, 5, -6, -5, -5, 5, -5, -6, -1, -2, -1, -6, -2, 5, 2, 5, 3, -6, 1, -1, 4, -4, 3, -4, -1, -6, 1, -2, 4, 6, -4, 0, -3, 4, -2, -2, -5, -4, -3, -1, -4, 6, 2, -1, 0, 0, 1, 0, -1, -6, -1, -3, -6, 3, 1, -2, 2, -4, -6, 4, 0, 2, -4, -4, 6, -1, 3, -6, -1]
 
5.34388645177: [-3, -3, -3, 5, -4, 3, -1, -5, -6, 4, 2, 0, 0, 1, -5, 6, 4, -4, -2, -3, 5, -4, -3, -6, -1, 6, -1, -2, -3, 3, 1, 3, -3, -3, -6, 5, 3, 3, -1, -1, 5, 0, -3, -6, 1, 2, -5, -5, -3, 2, 4, -2, 1, -2, 4, 6, -3, 6, -2, -2, 5, -6, -5, -5, 5, -5, -6, -1, -2, -1, -6, -2, 5, 2, 5, 3, -6, 1, -1, 4, -4, 3, -4, -1, -6, 1, -2, 4, 6, -4, 0, -3, 4, -2, -2, -5, -4, -3, -1, -4, 6, 2, -1, 0, 0, 1, 0, -1, -6, -1, -3, -6, 3, 1, -2, 2, -4, -6, 4, 0, 2, -4, -4, 6, -1, 3, -6, -1]
 
4.85656786628: [-3, -3, 1, 5, -4, 3, 4, 1, -6, 4, 2, 4, 0, 1, -5, 6, 6, -4, -2, -3, 5, -4, -3, -6, -1, 6, -1, -2, -3, 3, 1, 3, -3, -3, -6, 5, 3, 3, -1, -1, 5, 0, -3, -6, 1, 2, -5, -5, -3, 2, 4, -2, 1, -2, 4, 6, -3, 6, -2, -2, 5, -6, -5, -5, 5, -5, -6, -2, -2, -2, -2, -2, 2, 2, 4, 3, -4, 1, -1, 4, -4, 3, -4, -1, -6, 1, -2, 4, 6, -4, 0, -3, 4, -2, -2, -5, -4, -3, -1, -4, 6, 2, -1, 0, 0, 1, 0, -1, -6, -1, -3, -6, 3, 1, -2, 2, -4, -6, 4, 0, 2, -4, -4, 6, -1, 3, -6, -1]
 
4.84949707947: [-3, -3, 1, 5, -4, 3, 4, 1, -6, 4, 2, 4, 0, 1, -5, 6, 6, -4, -2, -3, 5, -4, -3, -6, -1, 6, -1, -2, -3, 3, 1, 3, -3, -3, -6, 5, 3, 3, -1, -1, 5, 0, -3, -6, 1, 2, -5, -5, -3, 2, 4, -2, 0, -2, 4, 2, -2, 6, -2, 5, -6, -6, 1, -5, 5, -5, -6, -1, -2, -1, -6, -2, 5, 2, 5, 3, -6, 1, -1, 4, -4, 3, -4, -1, -6, 1, -2, 4, 6, -4, 0, -3, 4, -2, 0, -5, -1, -2, -1, -4, 6, 2, -1, 0, 0, 1, 0, -1, -6, -1, -3, -6, 3, 1, -2, 2, -4, -6, 4, 0, 2, -4, -4, 6, -1, 3, -6, -1]
 
2.31419423608: [0, 2, 1, 5, -4, -5, 4, -2, -6, 4, 1, -2, -6, 1, -5, 6, 6, -4, -2, -3, 5, -5, -3, -6, -3, 6, -1, -2, 0, 3, -6, 6, -2, -3, -6, 5, 2, 3, -1, 3, -4, 0, 2, -6, 2, -4, -6, -5, 2, -3, 4, -2, -5, 5, 4, -2, -3, 6, -6, -2, 5, -6, -5, -3, 5, -5, -6, -4, -2, -1, 4, -2, 5, 2, 5, 3, -6, 3, -3, 4, -4, 2, -4, 2, -3, 1, 3, 4, 6, -4, 0, -3, 2, -2, -2, -5, -4, -2, -1, 3, 6, 2, -1, 4, 0, 2, 0, 0, -6, -2, -3, 6, 4, 1, -2, 2, -5, -6, 4, 0, -5, -4, -4, 6, -1, 3, -6, 2]
 
2.19352634711: [-3, 4, 1, 5, -4, -4, 4, 3, -6, -5, 2, 4, 6, 2, 3, 6, 4, -4, -2, 1, 5, -5, -3, -6, 1, 6, 5, -4, -3, -4, 1, 3, -3, -3, -1, 5, 3, 3, -1, -1, 5, 0, -3, -6, 1, 2, -5, -5, -2, 2, 1, -2, 1, -2, 4, 6, -3, 6, -2, -2, 5, -6, 0, -5, 3, -5, -6, -6, -2, 4, -6, -2, 5, -1, -1, 3, -6, 1, -1, 2, 0, 3, -4, 6, -6, 5, -6, -3, 6, -4, 2, -5, -3, -2, -2, -5, -4, -3, -1, 6, -3, 2, -1, 0, 0, 1, -4, -1, -6, -1, -3, -6, 0, 1, -3, 2, 1, -3, 6, 0, 2, -4, -4, 6, -1, 3, -6, -1]
 
1.1095161688: [-1, -3, 4, 4, -4, 3, -3, 1, -5, 4, 2, 0, -4, 1, -5, 2, 4, -4, -2, 1, 2, -4, 1, 6, -1, -5, -3, 1, -4, 3, 1, 5, -3, -3, -6, 6, 2, -5, -1, -1, 5, 0, -3, -1, 1, 3, -5, -5, -3, 2, -6, -2, 1, -2, 4, 6, -3, 6, -2, -2, 5, -6, -5, 6, 5, -5, -6, -1, -1, -1, -6, -2, -2, 0, 5, 4, -6, 1, -1, 4, 1, 3, 3, -4, -6, 1, 6, 4, 5, -4, 0, -3, 3, 2, -2, -5, -4, 0, 4, -3, 6, 2, 4, -1, 0, -6, 0, -1, -6, -1, -3, -6, -3, 3, 4, 2, -4, 3, -4, 0, 0, -4, -4, 6, -1, 6, -6, -3]
 
0.468897758087: [-3, -3, 0, 5, 5, 3, 4, 1, -6, 4, 2, 4, 0, 5, 6, 6, 4, -4, -2, 0, -5, -4, 6, 6, -1, -1, -1, -2, 5, -2, 1, 6, -3, 0, 6, 5, 3, 6, -1, -1, 5, 5, -5, -6, -1, 2, -5, -5, -2, 2, 4, 2, 1, 4, 4, 6, -3, 6, -1, -2, 5, 6, -5, -5, 6, -4, -6, -5, -2, -2, -2, -2, 2, 0, 1, 3, -4, -4, -1, 4, -4, -6, -4, -4, -6, 1, -2, 4, 3, -4, -2, -3, 4, -2, 3, -5, -3, -2, -1, 6, 6, 5, 5, -3, -6, 1, 0, -1, 6, -5, -3, -6, 3, 1, -2, 2, -4, -6, 5, 0, 2, -4, -6, 6, -1, 3, -6, -2]
 
5.52905029803: [-3, -3, 4, 5, -4, 3, -3, 1, -5, 4, 2, 0, -4, 1, -5, 6, 4, -4, -2, -3, 5, -4, -3, -6, -1, 6, -1, -2, -3, 3, 1, 3, -3, -3, -6, 5, 3, 3, -1, -1, 5, 0, -3, -6, 1, 2, -5, -5, -3, 2, 4, -2, 1, -2, 4, 6, -3, 6, -2, -2, 5, -6, -5, -5, 5, -5, -6, -1, -2, -1, -6, -2, 5, 2, 5, 3, -6, 1, -1, 4, -4, 3, -4, -1, -6, 1, -2, 4, 6, -4, 0, -3, 4, -2, -2, -5, -4, -2, -1, -4, 6, 2, -1, 0, 0, 1, 0, -1, -6, -1, -3, -6, 3, 1, -2, 2, -4, -6, 4, 0, 2, -4, -4, 6, -1, 3, -6, -1]
 
5.02612278244: [-3, -3, 1, 5, -4, 3, 4, 1, -6, 4, 2, 4, 0, 1, -5, 6, 4, -4, -2, -3, 5, -4, -3, -6, -1, 6, -1, -2, -3, 3, 1, 3, -3, -3, -6, 5, 3, 3, -1, -1, 5, 0, -3, -6, 1, 2, -5, -5, -3, 2, 4, -2, 1, -2, 4, 6, -3, 6, -2, -2, 5, -6, -5, -5, 5, -5, -6, -2, -2, -2, -2, -2, 2, 2, 4, 3, -4, 1, -1, 4, -4, 3, -4, -1, -6, 1, -2, 4, 6, -4, 0, -3, 4, -2, -2, -5, -4, -3, -1, -4, 6, 2, -1, 0, 0, 1, 0, -1, -6, -1, -3, -6, 3, 1, -2, 2, -4, -6, 4, 0, 2, -4, -4, 6, -1, 3, -6, -1]
 
5.181410602: [-3, -3, -3, 5, -4, 3, -1, -5, -6, 4, 2, 0, 0, 1, -5, 6, 4, -4, -2, -3, 5, -4, -3, -6, -1, 6, -1, -2, -3, 3, 1, 3, -3, -3, -6, 5, 3, 3, -1, -1, 5, 0, -3, -6, 1, 2, -5, -5, -3, 2, 4, -2, 1, -2, 4, 6, -3, 6, -2, -2, 5, -6, -5, -5, 5, -5, -6, -2, -2, -2, -2, -2, 2, 2, 4, 3, -4, 1, -1, 4, -4, 3, -4, -1, -6, 1, -2, 4, 6, -4, 0, -3, 4, -2, -2, -5, -4, -2, -1, -4, 6, 2, -1, 0, 0, 1, 0, -1, -6, -1, -3, -6, 3, 1, -2, 2, -4, -6, 4, 0, 2, -4, -4, 6, -1, 3, -6, -1]
 
4.85533040612: [-3, -3, 1, 5, -4, 3, 4, 1, -6, 4, 2, 4, 0, 1, -5, 6, 6, -4, -2, -3, 5, -4, -3, -6, -1, 6, -1, -2, -3, 3, 1, 3, -3, -3, -6, 5, 3, 3, -1, -1, 5, 0, -3, -6, 1, 2, -5, -5, -3, 2, 4, -2, 1, -2, 4, 6, -3, 6, -2, -2, 5, -6, -5, -5, 5, -5, -6, -2, -2, -2, -2, -2, 2, 2, 4, 3, -4, 1, -1, 4, -4, 3, -4, -1, -6, 1, -2, 4, 6, -4, 0, -3, 4, -2, -2, -5, -4, -3, -1, -4, 6, 2, -1, 0, 0, 1, 0, -1, -6, -1, -3, -6, 3, 1, -2, 2, -4, -6, 4, 0, 2, -4, -4, 6, -1, 3, -6, -1]
 
5.36708210988: [-3, -3, 4, 5, -4, 3, -3, 1, -5, 4, 2, 4, 0, 1, -5, 6, 4, -4, -2, -3, 5, -4, -3, -6, -3, 6, -1, -2, -3, 3, 1, 3, -3, -3, -6, 5, 3, 3, -1, -1, 5, 0, -3, -6, 1, 2, -5, -5, -3, 2, 4, -2, 1, -2, 4, 6, -3, 6, -2, -2, 5, -6, -5, -5, 5, -5, -6, -2, -2, -2, -2, -2, 2, 2, 4, 3, -4, 1, -1, 4, -4, 3, -4, -1, -6, 1, -2, 4, 6, -4, 0, -3, 4, -2, -2, -5, -4, -2, -1, -4, 6, 2, -1, 0, 0, 1, 0, -1, -6, -1, -3, -6, 3, 1, -2, 2, -4, -6, 4, 0, 2, -4, -4, 6, -1, 3, -6, -1]
 
1.0820792425: [6, -3, 0, 5, -4, 3, 2, -6, -5, 4, 2, -6, 4, 1, 0, -1, 4, -4, -2, 6, 5, -4, -5, -6, -3, 5, -1, 2, -3, 3, -6, -3, -3, -3, 6, 5, 3, 3, -1, 2, -2, -4, -3, -6, 5, -4, -5, -5, -3, -1, 4, -2, 2, -2, -6, 6, -3, 6, -2, 1, 5, -6, -5, -5, -3, 2, 4, -1, -4, -1, -6, -2, 5, 2, 5, 3, 4, 1, -3, 4, 3, -4, -4, -1, -6, 1, -2, 5, 6, -1, 0, -3, -6, 6, -3, -4, 3, -3, -1, -6, -2, 2, -4, -2, 0, -4, 0, -1, -6, 3, -3, -6, 3, 1, -2, 2, -4, -6, 2, 0, 2, -4, 0, 6, -5, -1, -6, 2]
 
0.595797913956: [-3, -3, 4, 5, -5, 3, -4, 1, -4, 4, -6, 4, 0, -3, -3, -5, 0, -4, -2, -3, 5, 6, -2, -6, 2, 6, 1, -3, -3, 3, 3, 3, -3, -3, -6, 5, 3, 3, 6, -1, 5, 0, -3, -6, 0, 2, -5, -5, -3, -5, -6, -2, 1, -2, 4, 6, -3, 6, -2, -6, 5, 3, -5, -3, 3, -5, 3, -1, -3, -1, -3, -2, 5, -6, 5, 2, -6, 1, -1, 4, 5, 5, -3, -2, 4, 3, -2, 4, -3, -6, 0, 0, 4, 3, -2, 1, 6, -3, -1, -4, 6, 2, -1, 0, 0, 3, 0, -1, 0, -1, -3, -6, 3, 1, -3, 2, -4, -6, 4, 0, 2, -4, -1, 6, -2, 3, -6, -1]
 
5.20378473212: [-3, -3, 1, 5, -4, 3, 4, 1, -6, 4, 2, 4, 0, 1, -5, 6, 4, -4, -2, -3, 5, -4, -3, -6, -1, 6, -1, -2, -3, 3, 1, 3, -3, -3, -6, 5, 3, 3, -1, -1, 5, 0, -3, -6, 1, 2, -5, -5, -3, 2, 4, -2, 1, -2, 4, 6, -3, 6, -2, -2, 5, -6, -5, -5, 5, -5, -6, -1, -2, -1, -6, -2, 5, 2, 5, 3, -6, 1, -1, 4, -4, 3, -4, -1, -6, 1, -2, 4, 6, -4, 0, -3, 4, -2, -2, -5, -4, -3, -1, -4, 6, 2, -1, 0, 0, 1, 0, -1, -6, -1, -3, -6, 3, 1, -2, 2, -4, -6, 4, 0, 2, -4, -4, 6, -1, 3, -6, -1]
 
5.29786583898: [-3, -3, -3, 5, -4, 3, -1, -5, -6, 4, 2, 0, 0, 1, -5, 6, 4, -4, -2, -3, 5, -4, -3, -6, -3, 6, -1, -2, -3, 3, 1, 3, -3, -3, -6, 5, 3, 3, -1, -1, 5, 0, -3, -6, 1, 2, -5, -5, -3, 2, 4, -2, 1, -2, 4, 6, -3, 6, -2, -2, 5, -6, -5, -5, 5, -5, -6, -1, -2, -2, -2, -2, 2, 2, 4, 3, -4, 1, -1, 4, -4, 3, -4, -1, -6, 1, -2, 4, 6, -4, 0, -3, 4, -2, -2, -5, -4, -2, -1, -4, 6, 2, -1, 0, 0, 1, 0, -1, -6, -1, -3, -6, 3, 1, -2, 2, -4, -6, 4, 0, 2, -4, -4, 6, -1, 3, -6, -1]
 
4.69489265241: [-3, -3, 1, 5, -4, 3, 4, 1, -6, 4, 2, 4, 0, 1, -5, 6, 6, -4, -2, -3, 5, -4, -3, -6, -1, 6, -1, -2, -3, 3, 1, 3, -3, -3, -6, 5, 3, 3, -1, -1, 5, 0, -3, -6, 1, 2, -5, -5, -3, 2, 4, -2, 1, -2, 4, 6, -3, 6, -2, -2, 5, -6, -5, -5, 5, -5, -6, -2, -2, -2, -2, -2, 2, 2, 4, 3, -4, 1, -1, 4, -4, 3, -4, -1, -6, 1, -2, 4, 6, -4, 0, -3, 4, -2, -2, -5, -4, -3, -1, -4, 6, 2, -1, 0, 0, 1, 0, -1, -6, -1, -3, -6, 3, 1, -2, 2, -4, -6, 4, 0, 2, -4, -4, 6, -1, 3, -6, -1]
 
1.11225095807: [-3, -1, 4, 5, -4, -1, -3, 1, -5, 4, -1, 4, 6, 1, -5, -1, 4, -1, -2, -3, 5, -6, -5, -3, -3, 6, -1, 4, -3, 3, 3, 3, 2, -3, -6, -2, -2, 3, 3, -1, -5, -6, -3, -6, 1, -3, -5, -5, -3, 2, 4, -3, 1, -2, 4, 2, -3, 6, -3, 0, 5, -6, -5, -5, 5, 0, -6, -2, 2, 2, 4, -4, 2, -5, 5, 3, -4, 3, -5, 4, -1, 3, -4, -1, -6, 2, -2, 4, -6, -4, 0, 1, 4, -6, -2, 4, -4, -6, -1, -4, -4, 2, 0, 0, 0, 5, 0, -1, -6, -1, 5, -6, 2, 1, -2, 2, -4, -6, 4, 0, 2, -6, -4, 6, -1, 3, -6, -2]
 
5.0219928508: [-3, -3, 4, 5, -4, 3, -3, 1, -5, 4, 2, 4, 0, 1, -5, 6, 4, -4, -2, -3, 5, -4, -3, -6, -3, 6, -1, -2, -3, 3, 1, 3, -3, -3, -6, 5, 3, 3, -1, -1, 5, 0, -3, -6, 1, 2, -5, -5, -3, 2, 4, -6, 0, -2, 4, 2, -2, 6, -2, 5, -6, -6, 1, -5, 5, -5, -6, -1, -2, -1, -6, -2, 5, 2, 5, 3, -6, 1, -1, 4, -4, 3, -4, -1, -6, 1, -2, 4, 6, -4, 0, -3, 4, -2, 0, -5, -1, -2, -1, -4, 6, 2, -1, 0, 0, 1, 0, -1, -6, -1, -3, -6, 3, 1, -2, 2, -4, -6, 4, 0, 2, -4, -4, 6, -1, 3, -6, -1]
 
5.52569887484: [-3, -3, 1, 5, -4, 3, 4, 1, -6, 4, 2, 4, 0, 1, -5, 6, 4, -4, -2, -3, 5, -4, -3, -6, -1, 6, -1, -2, -3, 3, 1, 3, -3, -3, -6, 5, 3, 3, -1, -1, 5, 0, -3, -6, 1, 2, -5, -5, -3, 2, 4, -2, 1, -2, 4, 6, -3, 6, -2, -2, 5, -6, -5, -5, 5, -5, -6, -2, -2, -2, -2, -2, 2, 2, 4, 3, -4, 1, -1, 4, -4, 3, -4, -1, -6, 1, -2, 4, 6, -4, 0, -3, 4, -2, -2, -5, -4, -2, -1, -4, 6, 2, -1, 0, 0, 1, 0, -1, -6, -1, -3, -6, 3, 1, -2, 2, -4, -6, 4, 0, 2, -4, -4, 6, -1, 3, -6, -1]
 
