6.23215254259656: [-3, -3, 4, 5, -4, 3, -3, 1, -5, 4, 2, 4, 0, 1, -5, 6, 4, -4, -2, -3, 5, -4, -3, -6, -3, 6, -1, -2, -3, 3, 1, 3, -3, -3, -6, 5, 3, 3, -1, -1, 5, 0, -3, -6, 1, 2, -5, -5, -3, 2, 4, -2, 1, -2, 4, 2, -2, 6, -2, 5, -6, -6, 1, -5, 5, -5, -6, -1, -2, -1, -6, -2, 5, 2, 5, 3, -6, 1, -1, 4, -4, 3, -4, -1, -6, 1, -2, 4, 6, -4, 0, -3, 4, -2, -2, -5, -4, -2, -1, -4, 6, 2, -1, 0, 0, 1, 0, -1, -6, -1, -3, -6, 3, 1, -2, 2, -4, -6, 4, 0, 2, -4, -4, 6, -1, 3, -6, -1]
 
2.90504793022: [-3, -3, 4, 5, -4, 3, -3, 1, -5, 1, 2, 0, -2, 1, -6, 6, 4, -4, -2, -3, 5, -4, -3, -6, -2, 6, -1, -2, -3, 2, 1, 1, -3, -3, -2, 4, 3, 3, 2, -1, 5, 0, -3, -6, -2, 2, -5, -5, -3, 2, 4, -2, 1, -2, 4, 2, -2, -4, -2, 5, -6, -4, 0, 6, 5, -5, -6, -1, 5, -1, -6, -2, 5, -5, 6, 3, -6, 1, 5, 0, -4, 3, -4, -1, -6, 2, 6, 4, 4, -1, 0, -3, 4, 1, -2, -5, 5, -2, -1, -4, 6, 4, 3, 0, -2, -2, 0, -1, -6, -1, -3, -6, 3, 1, -2, 2, -4, -6, 4, 0, 6, -4, -4, 6, -2, 3, -6, 0]
 
6.1506994153271295: [-3, -3, 4, 5, -4, 3, -3, 1, -5, 4, 2, 4, 0, 1, -5, 6, 4, -4, -2, -3, 5, -4, -3, -6, -3, 6, -1, -2, -3, 3, 1, 3, -3, -3, -6, 5, 3, 3, -1, -1, 5, 0, -3, -6, 1, 2, -5, -5, -3, 2, 4, -2, 1, -2, 4, 2, -2, 6, -2, 5, -6, -6, 1, -5, 5, -5, -6, -1, -2, -1, -6, -2, 5, 2, 5, 3, -6, 1, -1, 4, -4, 3, -4, -1, -6, 1, -2, 4, 6, -4, 0, -3, 4, -2, -2, -5, -4, -2, -1, -4, 6, 2, -1, 0, 0, 1, 0, -1, -6, -1, -3, -6, 3, 1, -2, 2, -4, -6, 4, 0, 2, -4, -4, 6, -1, 3, -6, -1]
 
6.149370964794094: [-3, -3, 4, 5, -4, 3, -3, 1, -5, 4, 2, 0, -4, 1, -5, 6, 4, -4, -2, -3, 5, -4, -3, -6, -3, 6, -1, -2, -3, 3, 1, 3, -3, -3, -6, 5, 3, 3, -1, -1, 5, 0, -3, -6, 1, 2, -5, -5, -3, 2, 4, -2, 1, -2, 4, 2, -2, 6, -2, 5, -6, -6, 1, -5, 5, -5, -6, -1, -2, -1, -6, -2, 5, 2, 5, 3, -6, 1, -1, 4, -4, 3, -4, -1, -6, 1, -2, 4, 6, -4, 0, -3, 4, -2, -2, -5, -4, -2, -1, -4, 6, 2, -1, 0, 0, 1, 0, -1, -6, -1, -3, -6, 3, 1, -2, 2, -4, -6, 4, 0, 2, -4, -4, 6, -1, 3, -6, -1]
 
6.123418110712548: [-3, -3, 4, 5, -4, 3, -3, 1, -5, 4, 2, 0, -4, 1, -5, 6, 4, -4, -2, -3, 5, -4, -3, -6, -3, 6, -1, -2, -3, 3, 1, 3, -3, -3, -6, 5, 3, 3, -1, -1, 5, 0, -3, -6, 1, 2, -5, -5, -3, 2, 4, -2, 1, -2, 4, 2, -2, 6, -2, 5, -6, -6, 1, -5, 5, -5, -6, -1, -2, -1, -6, -2, 5, 2, 5, 3, -6, 1, -1, 4, -4, 3, -4, -1, -6, 1, -2, 4, 6, -4, 0, -3, 4, -2, -2, -5, -4, -2, -1, -4, 6, 2, -1, 0, 0, 1, 0, -1, -6, -1, -3, -6, 3, 1, -2, 2, -4, -6, 4, 0, 2, -4, -4, 6, -1, 3, -6, -1]
 
6.11974761358203: [-3, -3, 4, 5, -4, 3, -3, 1, -5, 4, 2, 0, -4, 1, -5, 6, 4, -4, -2, -3, 5, -4, -3, -6, -3, 6, -1, -2, -3, 3, 1, 3, -3, -3, -6, 5, 3, 3, -1, -1, 5, 0, -3, -6, 1, 2, -5, -5, -3, 2, 4, -2, 1, -2, 4, 2, -2, 6, -2, 5, -6, -6, 1, -5, 5, -5, -6, -1, -2, -1, -6, -2, 5, 2, 5, 3, -6, 1, -1, 4, -4, 3, -4, -1, -6, 1, -2, 4, 6, -4, 0, -3, 4, -2, -2, -5, -4, -2, -1, -4, 6, 2, -1, 0, 0, 1, 0, -1, -6, -1, -3, -6, 3, 1, -2, 2, -4, -6, 4, 0, 2, -4, -4, 6, -1, 3, -6, -1]
 
6.112749931813312: [-3, -3, 4, 5, -4, 3, -3, 1, -5, 4, 2, 0, -4, 1, -5, 6, 4, -4, -2, -3, 5, -4, -3, -6, -3, 6, -1, -2, -3, 3, 1, 3, -3, -3, -6, 5, 3, 3, -1, -1, 5, 0, -3, -6, 1, 2, -5, -5, -3, 2, 4, -2, 1, -2, 4, 2, -2, 6, -2, 5, -6, -6, 1, -5, 5, -5, -6, -1, -2, -1, -6, -2, 5, 2, 5, 3, -6, 1, -1, 4, -4, 3, -4, -1, -6, 1, -2, 4, 6, -4, 0, -3, 4, -2, -2, -5, -4, -2, -1, -4, 6, 2, -1, 0, 0, 1, 0, -1, -6, -1, -3, -6, 3, 1, -2, 2, -4, -6, 4, 0, 2, -4, -4, 6, -1, 3, -6, -1]
 
6.109282702988013: [-3, -3, 4, 5, -4, 3, -3, 1, -5, 4, 2, 4, 0, 1, -5, 6, 4, -4, -2, -3, 5, -4, -3, -6, -3, 6, -1, -2, -3, 3, 1, 3, -3, -3, -6, 5, 3, 3, -1, -1, 5, 0, -3, -6, 1, 2, -5, -5, -3, 2, 4, -2, 1, -2, 4, 2, -2, 6, -2, 5, -6, -6, 1, -5, 5, -5, -6, -1, -2, -1, -6, -2, 5, 2, 5, 3, -6, 1, -1, 4, -4, 3, -4, -1, -6, 1, -2, 4, 6, -4, 0, -3, 4, -2, -2, -5, -4, -2, -1, -4, 6, 2, -1, 0, 0, 1, 0, -1, -6, -1, -3, -6, 3, 1, -2, 2, -4, -6, 4, 0, 2, -4, -4, 6, -1, 3, -6, -1]
 
6.104181777334337: [-3, -3, 4, 5, -4, 3, -3, 1, -5, 4, 2, 0, -4, 1, -5, 6, 4, -4, -2, -3, 5, -4, -3, -6, -3, 6, -1, -2, -3, 3, 1, 3, -3, -3, -6, 5, 3, 3, -1, -1, 5, 0, -3, -6, 1, 2, -5, -5, -3, 2, 4, -2, 1, -2, 4, 2, -2, 6, -2, 5, -6, -6, 1, -5, 5, -5, -6, -1, -2, -1, -6, -2, 5, 2, 5, 3, -6, 1, -1, 4, -4, 3, -4, -1, -6, 1, -2, 4, 6, -4, 0, -3, 4, -2, -2, -5, -4, -2, -1, -4, 6, 2, -1, 0, 0, 1, 0, -1, -6, -1, -3, -6, 3, 1, -2, 2, -4, -6, 4, 0, 2, -4, -4, 6, -1, 3, -6, -1]
 
6.091927239453812: [-3, -3, 4, 5, -4, 3, -3, 1, -5, 4, 2, 0, -4, 1, -5, 6, 4, -4, -2, -3, 5, -4, -3, -6, -3, 6, -1, -2, -3, 3, 1, 3, -3, -3, -6, 5, 3, 3, -1, -1, 5, 0, -3, -6, 1, 2, -5, -5, -3, 2, 4, -2, 1, -2, 4, 2, -2, 6, -2, 5, -6, -6, 1, -5, 5, -5, -6, -1, -2, -1, -6, -2, 5, 2, 5, 3, -6, 1, -1, 4, -4, 3, -4, -1, -6, 1, -2, 4, 6, -4, 0, -3, 4, -2, -2, -5, -4, -2, -1, -4, 6, 2, -1, 0, 0, 1, 0, -1, -6, -1, -3, -6, 3, 1, -2, 2, -4, -6, 4, 0, 2, -4, -4, 6, -1, 3, -6, -1]
 
6.086586297931946: [-3, -3, 4, 5, -4, 3, -3, 1, -5, 4, 2, 4, 0, 1, -5, 6, 4, -4, -2, -3, 5, -4, -3, -6, -3, 6, -1, -2, -3, 3, 1, 3, -3, -3, -6, 5, 3, 3, -1, -1, 5, 0, -3, -6, 1, 2, -5, -5, -3, 2, 4, -2, 1, -2, 4, 2, -2, 6, -2, 5, -6, -6, 1, -5, 5, -5, -6, -1, -2, -1, -6, -2, 5, 2, 5, 3, -6, 1, -1, 4, -4, 3, -4, -1, -6, 1, -2, 4, 6, -4, 0, -3, 4, -2, -2, -5, -4, -2, -1, -4, 6, 2, -1, 0, 0, 1, 0, -1, -6, -1, -3, -6, 3, 1, -2, 2, -4, -6, 4, 0, 2, -4, -4, 6, -1, 3, -6, -1]
 
6.075066552104409: [-3, -3, 4, 5, -4, 3, -3, 1, -5, 4, 2, 0, -4, 1, -5, 6, 4, -4, -2, -3, 5, -4, -3, -6, -3, 6, -1, -2, -3, 3, 1, 3, -3, -3, -6, 5, 3, 3, -1, -1, 5, 0, -3, -6, 1, 2, -5, -5, -3, 2, 4, -2, 1, -2, 4, 2, -2, 6, -2, 5, -6, -6, 1, -5, 5, -5, -6, -1, -2, -1, -6, -2, 5, 2, 5, 3, -6, 1, -1, 4, -4, 3, -4, -1, -6, 1, -2, 4, 6, -4, 0, -3, 4, -2, -2, -5, -4, -2, -1, -4, 6, 2, -1, 0, 0, 1, 0, -1, -6, -1, -3, -6, 3, 1, -2, 2, -4, -6, 4, 0, 2, -4, -4, 6, -1, 3, -6, -1]
 
6.073945321810011: [-3, -3, 4, 5, -4, 3, -3, 1, -5, 4, 2, 0, -4, 1, -5, 6, 4, -4, -2, -3, 5, -4, -3, -6, -3, 6, -1, -2, -3, 3, 1, 3, -3, -3, -6, 5, 3, 3, -1, -1, 5, 0, -3, -6, 1, 2, -5, -5, -3, 2, 4, -2, 1, -2, 4, 2, -2, 6, -2, 5, -6, -6, 1, -5, 5, -5, -6, -1, -2, -1, -6, -2, 5, 2, 5, 3, -6, 1, -1, 4, -4, 3, -4, -1, -6, 1, -2, 4, 6, -4, 0, -3, 4, -2, -2, -5, -4, -2, -1, -4, 6, 2, -1, 0, 0, 1, 0, -1, -6, -1, -3, -6, 3, 1, -2, 2, -4, -6, 4, 0, 2, -4, -4, 6, -1, 3, -6, -1]
 
-1000: [-3, -3, -4, 5, -4, 3, -1, 1, -5, 4, 2, 0, -4, 1, 5, 6, 4, 0, -2, -3, 5, -3, -3, -6, -5, -5, -1, -2, -3, 3, 1, 3, -3, -3, -6, 5, 2, -6, -1, -1, 1, -4, -3, -6, 4, 2, -5, -5, -3, 2, -5, -2, 1, -3, -2, 2, -2, 6, 3, 6, -6, -6, 5, -5, 5, -2, -6, 3, -2, -1, -6, -2, -1, 2, 5, -2, 6, 1, -1, 4, -4, -6, -2, -1, 2, 1, -2, -5, 6, -4, 0, -3, 4, -2, -2, -5, -4, -2, -1, -4, 6, 2, -1, -3, 0, 1, 0, -1, -6, -1, -3, -6, 3, 1, -2, 1, -4, 1, 4, 0, 2, -4, 0, 6, -1, 3, -6, -1]
 
6.06057376562224: [-3, -3, 4, 5, -4, 3, -3, 1, -5, 4, 2, 0, -4, 1, -5, 6, 4, -4, -2, -3, 5, -4, -3, -6, -3, 6, -1, -2, -3, 3, 1, 3, -3, -3, -6, 5, 3, 3, -1, -1, 5, 0, -3, -6, 1, 2, -5, -5, -3, 2, 4, -2, 1, -2, 4, 2, -2, 6, -2, 5, -6, -6, 1, -5, 5, -5, -6, -1, -2, -1, -6, -2, 5, 2, 5, 3, -6, 1, -1, 4, -4, 3, -4, -1, -6, 1, -2, 4, 6, -4, 0, -3, 4, -2, -2, -5, -4, -2, -1, -4, 6, 2, -1, 0, 0, 1, 0, -1, -6, -1, -3, -6, 3, 1, -2, 2, -4, -6, 4, 0, 2, -4, -4, 6, -1, 3, -6, -1]
 
6.056448015850362: [-3, -3, 4, 5, -4, 3, -3, 1, -5, 4, 2, 4, 0, 1, -5, 6, 4, -4, -2, -3, 5, -4, -3, -6, -3, 6, -1, -2, -3, 3, 1, 3, -3, -3, -6, 5, 3, 3, -1, -1, 5, 0, -3, -6, 1, 2, -5, -5, -3, 2, 4, -2, 1, -2, 4, 2, -2, 6, -2, 5, -6, -6, 1, -5, 5, -5, -6, -1, -2, -1, -6, -2, 5, 2, 5, 3, -6, 1, -1, 4, -4, 3, -4, -1, -6, 1, -2, 4, 6, -4, 0, -3, 4, -2, -2, -5, -4, -2, -1, -4, 6, 2, -1, 0, 0, 1, 0, -1, -6, -1, -3, -6, 3, 1, -2, 2, -4, -6, 4, 0, 2, -4, -4, 6, -1, 3, -6, -1]
 
6.044118497402684: [-3, -3, 4, 5, -4, 3, -3, 1, -5, 4, 2, 4, 0, 1, -5, 6, 4, -4, -2, -3, 5, -4, -3, -6, -3, 6, -1, -2, -3, 3, 1, 3, -3, -3, -6, 5, 3, 3, -1, -1, 5, 0, -3, -6, 1, 2, -5, -5, -3, 2, 4, -2, 1, -2, 4, 2, -2, 6, -2, 5, -6, -6, 1, -5, 5, -5, -6, -1, -2, -1, -6, -2, 5, 2, 5, 3, -6, 1, -1, 4, -4, 3, -4, -1, -6, 1, -2, 4, 6, -4, 0, -3, 4, -2, -2, -5, -4, -2, -1, -4, 6, 2, -1, 0, 0, 1, 0, -1, -6, -1, -3, -6, 3, 1, -2, 2, -4, -6, 4, 0, 2, -4, -4, 6, -1, 3, -6, -1]
 
6.0429299557682254: [-3, -3, 4, 5, -4, 3, -3, 1, -5, 4, 2, 0, -4, 1, -5, 6, 4, -4, -2, -3, 5, -4, -3, -6, -3, 6, -1, -2, -3, 3, 1, 3, -3, -3, -6, 5, 3, 3, -1, -1, 5, 0, -3, -6, 1, 2, -5, -5, -3, 2, 4, -2, 1, -2, 4, 2, -2, 6, -2, 5, -6, -6, 1, -5, 5, -5, -6, -1, -2, -1, -6, -2, 5, 2, 5, 3, -6, 1, -1, 4, -4, 3, -4, -1, -6, 1, -2, 4, 6, -4, 0, -3, 4, -2, -2, -5, -4, -2, -1, -4, 6, 2, -1, 0, 0, 1, 0, -1, -6, -1, -3, -6, 3, 1, -2, 2, -4, -6, 4, 0, 2, -4, -4, 6, -1, 3, -6, -1]
 
6.027567937639859: [-3, -3, 4, 5, -4, 3, -3, 1, -5, 4, 2, 4, 0, 1, -5, 6, 4, -4, -2, -3, 5, -4, -3, -6, -3, 6, -1, -2, -3, 3, 1, 3, -3, -3, -6, 5, 3, 3, -1, -1, 5, 0, -3, -6, 1, 2, -5, -5, -3, 2, 4, -2, 1, -2, 4, 2, -2, 6, -2, 5, -6, -6, 1, -5, 5, -5, -6, -1, -2, -1, -6, -2, 5, 2, 5, 3, -6, 1, -1, 4, -4, 3, -4, -1, -6, 1, -2, 4, 6, -4, 0, -3, 4, -2, -2, -5, -4, -2, -1, -4, 6, 2, -1, 0, 0, 1, 0, -1, -6, -1, -3, -6, 3, 1, -2, 2, -4, -6, 4, 0, 2, -4, -4, 6, -1, 3, -6, -1]
 
6.02281852273488: [-3, -3, 4, 5, -4, 3, -3, 1, -5, 4, 2, 4, 0, 1, -5, 6, 4, -4, -2, -3, 5, -4, -3, -6, -3, 6, -1, -2, -3, 3, 1, 3, -3, -3, -6, 5, 3, 3, -1, -1, 5, 0, -3, -6, 1, 2, -5, -5, -3, 2, 4, -2, 1, -2, 4, 2, -2, 6, -2, 5, -6, -6, 1, -5, 5, -5, -6, -1, -2, -1, -6, -2, 5, 2, 5, 3, -6, 1, -1, 4, -4, 3, -4, -1, -6, 1, -2, 4, 6, -4, 0, -3, 4, -2, -2, -5, -4, -2, -1, -4, 6, 2, -1, 0, 0, 1, 0, -1, -6, -1, -3, -6, 3, 1, -2, 2, -4, -6, 4, 0, 2, -4, -4, 6, -1, 3, -6, -1]
 
6.020852650124004: [-3, -3, 4, 5, -4, 3, -3, 1, -5, 4, 2, 0, -4, 1, -5, 6, 4, -4, -2, -3, 5, -4, -3, -6, -3, 6, -1, -2, -3, 3, 1, 3, -3, -3, -6, 5, 3, 3, -1, -1, 5, 0, -3, -6, 1, 2, -5, -5, -3, 2, 4, -2, 1, -2, 4, 2, -2, 6, -2, 5, -6, -6, 1, -5, 5, -5, -6, -1, -2, -1, -6, -2, 5, 2, 5, 3, -6, 1, -1, 4, -4, 3, -4, -1, -6, 1, -2, 4, 6, -4, 0, -3, 4, -2, -2, -5, -4, -2, -1, -4, 6, 2, -1, 0, 0, 1, 0, -1, -6, -1, -3, -6, 3, 1, -2, 2, -4, -6, 4, 0, 2, -4, -4, 6, -1, 3, -6, -1]
 
6.020714576878322: [-3, -3, 4, 5, -4, 3, -3, 1, -5, 4, 2, 4, 0, 1, -5, 6, 4, -4, -2, -3, 5, -4, -3, -6, -3, 6, -1, -2, -3, 3, 1, 3, -3, -3, -6, 5, 3, 3, -1, -1, 5, 0, -3, -6, 1, 2, -5, -5, -3, 2, 4, -2, 1, -2, 4, 2, -2, 6, -2, 5, -6, -6, 1, -5, 5, -5, -6, -1, -2, -1, -6, -2, 5, 2, 5, 3, -6, 1, -1, 4, -4, 3, -4, -1, -6, 1, -2, 4, 6, -4, 0, -3, 4, -2, -2, -5, -4, -2, -1, -4, 6, 2, -1, 0, 0, 1, 0, -1, -6, -1, -3, -6, 3, 1, -2, 2, -4, -6, 4, 0, 2, -4, -4, 6, -1, 3, -6, -1]
 
3.2677951811: [-3, -3, 4, 1, -4, 3, -3, 1, -5, 4, 2, 4, 0, 1, -5, 6, 3, -2, -3, -3, 1, 4, -3, -6, -1, 3, -1, -2, -3, 3, -1, 3, 2, -6, -6, -4, -5, 3, -1, 3, 5, 0, -3, -6, 1, 2, 2, -5, -3, 2, 4, 0, -4, -2, 1, 2, 5, 4, 3, 1, -6, -6, 1, -5, 5, -5, 6, -1, -2, -1, -6, -2, 5, 2, 5, 3, -3, 1, 1, 4, -4, 3, -4, -1, -6, 1, -2, 4, 6, -4, 0, -3, 4, -2, -2, -5, -4, 1, 6, 0, 6, 2, -1, 0, 0, -5, 0, -1, -6, 3, -3, -6, 3, 1, -2, 0, -4, -6, -5, 0, 2, -4, -4, -2, -1, 3, -6, -1]
 
6.019205339796112: [-3, -3, 4, 5, -4, 3, -3, 1, -5, 4, 2, 4, 0, 1, -5, 6, 4, -4, -2, -3, 5, -4, -3, -6, -3, 6, -1, -2, -3, 3, 1, 3, -3, -3, -6, 5, 3, 3, -1, -1, 5, 0, -3, -6, 1, 2, -5, -5, -3, 2, 4, -2, 1, -2, 4, 2, -2, 6, -2, 5, -6, -6, 1, -5, 5, -5, -6, -1, -2, -1, -6, -2, 5, 2, 5, 3, -6, 1, -1, 4, -4, 3, -4, -1, -6, 1, -2, 4, 6, -4, 0, -3, 4, -2, -2, -5, -4, -2, -1, -4, 6, 2, -1, 0, 0, 1, 0, -1, -6, -1, -3, -6, 3, 1, -2, 2, -4, -6, 4, 0, 2, -4, -4, 6, -1, 3, -6, -1]
 
6.019179453777646: [-3, -3, 4, 5, -4, 3, -3, 1, -5, 4, 2, 0, -4, 1, -5, 6, 4, -4, -2, -3, 5, -4, -3, -6, -3, 6, -1, -2, -3, 3, 1, 3, -3, -3, -6, 5, 3, 3, -1, -1, 5, 0, -3, -6, 1, 2, -5, -5, -3, 2, 4, -2, 1, -2, 4, 2, -2, 6, -2, 5, -6, -6, 1, -5, 5, -5, -6, -1, -2, -1, -6, -2, 5, 2, 5, 3, -6, 1, -1, 4, -4, 3, -4, -1, -6, 1, -2, 4, 6, -4, 0, -3, 4, -2, -2, -5, -4, -2, -1, -4, 6, 2, -1, 0, 0, 1, 0, -1, -6, -1, -3, -6, 3, 1, -2, 2, -4, -6, 4, 0, 2, -4, -4, 6, -1, 3, -6, -1]
 
6.012642611630928: [-3, -3, 4, 5, -4, 3, -3, 1, -5, 4, 2, 4, 0, 1, -5, 6, 4, -4, -2, -3, 5, -4, -3, -6, -3, 6, -1, -2, -3, 3, 1, 3, -3, -3, -6, 5, 3, 3, -1, -1, 5, 0, -3, -6, 1, 2, -5, -5, -3, 2, 4, -2, 1, -2, 4, 2, -2, 6, -2, 5, -6, -6, 1, -5, 5, -5, -6, -1, -2, -1, -6, -2, 5, 2, 5, 3, -6, 1, -1, 4, -4, 3, -4, -1, -6, 1, -2, 4, 6, -4, 0, -3, 4, -2, -2, -5, -4, -2, -1, -4, 6, 2, -1, 0, 0, 1, 0, -1, -6, -1, -3, -6, 3, 1, -2, 2, -4, -6, 4, 0, 2, -4, -4, 6, -1, 3, -6, -1]
 
6.011328621917722: [-3, -3, 4, 5, -4, 3, -3, 1, -5, 4, 2, 0, -4, 1, -5, 6, 4, -4, -2, -3, 5, -4, -3, -6, -3, 6, -1, -2, -3, 3, 1, 3, -3, -3, -6, 5, 3, 3, -1, -1, 5, 0, -3, -6, 1, 2, -5, -5, -3, 2, 4, -2, 1, -2, 4, 2, -2, 6, -2, 5, -6, -6, 1, -5, 5, -5, -6, -1, -2, -1, -6, -2, 5, 2, 5, 3, -6, 1, -1, 4, -4, 3, -4, -1, -6, 1, -2, 4, 6, -4, 0, -3, 4, -2, -2, -5, -4, -2, -1, -4, 6, 2, -1, 0, 0, 1, 0, -1, -6, -1, -3, -6, 3, 1, -2, 2, -4, -6, 4, 0, 2, -4, -4, 6, -1, 3, -6, -1]
 
6.009687079769009: [-3, -3, 4, 5, -4, 3, -3, 1, -5, 4, 2, 4, 0, 1, -5, 6, 4, -4, -2, -3, 5, -4, -3, -6, -3, 6, -1, -2, -3, 3, 1, 3, -3, -3, -6, 5, 3, 3, -1, -1, 5, 0, -3, -6, 1, 2, -5, -5, -3, 2, 4, -2, 1, -2, 4, 2, -2, 6, -2, 5, -6, -6, 1, -5, 5, -5, -6, -1, -2, -1, -6, -2, 5, 2, 5, 3, -6, 1, -1, 4, -4, 3, -4, -1, -6, 1, -2, 4, 6, -4, 0, -3, 4, -2, -2, -5, -4, -2, -1, -4, 6, 2, -1, 0, 0, 1, 0, -1, -6, -1, -3, -6, 3, 1, -2, 2, -4, -6, 4, 0, 2, -4, -4, 6, -1, 3, -6, -1]
 
1.36998649121: [-3, -3, 4, -1, -4, 3, -3, 1, -5, 5, 2, 0, -4, 1, -3, 6, 4, -4, 2, 2, 4, -4, -3, -3, -6, 2, -3, 6, -3, -1, 1, 3, -3, -6, -6, 5, 5, 3, 5, -1, 5, 0, -3, -6, 3, 4, 6, -2, -5, 2, 4, -2, -6, 1, 4, -1, 2, 6, -6, 3, -6, -2, 1, -5, 5, -5, -3, -1, -1, -1, -5, -2, 5, 2, 5, -5, -6, 1, 5, -4, -4, 3, -4, -1, 5, 1, -2, 4, 6, -4, 0, -3, 6, 4, -2, 2, 6, -4, -1, 0, -1, 2, 4, 0, 5, 1, 0, -1, -6, -1, -1, -3, 4, 1, -2, 2, -4, -6, 4, 0, -3, 5, -4, 6, -2, 3, 2, 0]
 
5.994614704298691: [-3, -3, 4, 5, -4, 3, -3, 1, -5, 4, 2, 4, 0, 1, -5, 6, 4, -4, -2, -3, 5, -4, -3, -6, -3, 6, -1, -2, -3, 3, 1, 3, -3, -3, -6, 5, 3, 3, -1, -1, 5, 0, -3, -6, 1, 2, -5, -5, -3, 2, 4, -2, 1, -2, 4, 2, -2, 6, -2, 5, -6, -6, 1, -5, 5, -5, -6, -1, -2, -1, -6, -2, 5, 2, 5, 3, -6, 1, -1, 4, -4, 3, -4, -1, -6, 1, -2, 4, 6, -4, 0, -3, 4, -2, -2, -5, -4, -2, -1, -4, 6, 2, -1, 0, 0, 1, 0, -1, -6, -1, -3, -6, 3, 1, -2, 2, -4, -6, 4, 0, 2, -4, -4, 6, -1, 3, -6, -1]
 
5.980740514878036: [-3, -3, 4, 5, -4, 3, -3, 1, -5, 4, 2, 4, 0, 1, -5, 6, 4, -4, -2, -3, 5, -4, -3, -6, -3, 6, -1, -2, -3, 3, 1, 3, -3, -3, -6, 5, 3, 3, -1, -1, 5, 0, -3, -6, 1, 2, -5, -5, -3, 2, 4, -2, 1, -2, 4, 2, -2, 6, -2, 5, -6, -6, 1, -5, 5, -5, -6, -1, -2, -1, -6, -2, 5, 2, 5, 3, -6, 1, -1, 4, -4, 3, -4, -1, -6, 1, -2, 4, 6, -4, 0, -3, 4, -2, -2, -5, -4, -2, -1, -4, 6, 2, -1, 0, 0, 1, 0, -1, -6, -1, -3, -6, 3, 1, -2, 2, -4, -6, 4, 0, 2, -4, -4, 6, -1, 3, -6, -1]
 
5.968960194533637: [-3, -3, 4, 5, -4, 3, -3, 1, -5, 4, 2, 4, 0, 1, -5, 6, 4, -4, -2, -3, 5, -4, -3, -6, -3, 6, -1, -2, -3, 3, 1, 3, -3, -3, -6, 5, 3, 3, -1, -1, 5, 0, -3, -6, 1, 2, -5, -5, -3, 2, 4, -2, 1, -2, 4, 2, -2, 6, -2, 5, -6, -6, 1, -5, 5, -5, -6, -1, -2, -1, -6, -2, 5, 2, 5, 3, -6, 1, -1, 4, -4, 3, -4, -1, -6, 1, -2, 4, 6, -4, 0, -3, 4, -2, -2, -5, -4, -2, -1, -4, 6, 2, -1, 0, 0, 1, 0, -1, -6, -1, -3, -6, 3, 1, -2, 2, -4, -6, 4, 0, 2, -4, -4, 6, -1, 3, -6, -1]
 
5.88832782164: [-3, -3, 4, 5, -4, 3, -3, 1, -5, 4, 2, 4, 0, 1, -5, 6, 4, -4, -2, -3, 5, -4, -3, -6, -3, 6, -1, -2, -3, 3, 1, 3, -3, -3, -6, 5, 3, 3, -1, -1, 5, 0, -3, -6, 1, 2, -5, -5, -3, 2, 4, -2, 1, -2, 4, 2, -2, 6, -2, 5, -6, -6, 1, -5, 5, -5, -6, -1, -2, -1, -6, -2, 5, 2, 5, 3, -6, 1, -1, 4, -4, 3, -4, -1, -6, 1, -2, 4, 6, -4, 0, -3, 4, -2, -2, -5, -4, -2, -1, -4, 6, 2, -1, 0, 0, 1, 0, -1, -6, -1, -3, -6, 3, 1, -2, 2, -4, -6, 4, 0, 2, -4, -4, 6, -1, 3, -6, -1]
 
6.09223433688: [-3, -3, 4, 5, -4, 3, -3, 1, -5, 4, 2, 4, 0, 1, -5, 6, 4, -4, -2, -3, 5, -4, -3, -6, -3, 6, -1, -2, -3, 3, 1, 3, -3, -3, -6, 5, 3, 3, -1, -1, 5, 0, -3, -6, 1, 2, -5, -5, -3, 2, 4, -2, 1, -2, 4, 2, -2, 6, -2, 5, -6, -6, 1, -5, 5, -5, -6, -1, -2, -1, -6, -2, 5, 2, 5, 3, -6, 1, -1, 4, -4, 3, -4, -1, -6, 1, -2, 4, 6, -4, 0, -3, 4, -2, -2, -5, -4, -2, -1, -4, 6, 2, -1, 0, 0, 1, 0, -1, -6, -1, -3, -6, 3, 1, -2, 2, -4, -6, 4, 0, 2, -4, -4, 6, -1, 3, -6, -1]
 
6.03912659031: [-3, -3, 4, 5, -4, 3, -3, 1, -5, 4, 2, 0, -4, 1, -5, 6, 4, -4, -2, -3, 5, -4, -3, -6, -3, 6, -1, -2, -3, 3, 1, 3, -3, -3, -6, 5, 3, 3, -1, -1, 5, 0, -3, -6, 1, 2, -5, -5, -3, 2, 4, -2, 1, -2, 4, 2, -2, 6, -2, 5, -6, -6, 1, -5, 5, -5, -6, -1, -2, -1, -6, -2, 5, 2, 5, 3, -6, 1, -1, 4, -4, 3, -4, -1, -6, 1, -2, 4, 6, -4, 0, -3, 4, -2, -2, -5, -4, -2, -1, -4, 6, 2, -1, 0, 0, 1, 0, -1, -6, -1, -3, -6, 3, 1, -2, 2, -4, -6, 4, 0, 2, -4, -4, 6, -1, 3, -6, -1]
 
5.98918864825: [-3, -3, 4, 5, -4, 3, -3, 1, -5, 4, 2, 4, 0, 1, -5, 6, 4, -4, -2, -3, 5, -4, -3, -6, -3, 6, -1, -2, -3, 3, 1, 3, -3, -3, -6, 5, 3, 3, -1, -1, 5, 0, -3, -6, 1, 2, -5, -5, -3, 2, 4, -2, 1, -2, 4, 2, -2, 6, -2, 5, -6, -6, 1, -5, 5, -5, -6, -1, -2, -1, -6, -2, 5, 2, 5, 3, -6, 1, -1, 4, -4, 3, -4, -1, -6, 1, -2, 4, 6, -4, 0, -3, 4, -2, -2, -5, -4, -2, -1, -4, 6, 2, -1, 0, 0, 1, 0, -1, -6, -1, -3, -6, 3, 1, -2, 2, -4, -6, 4, 0, 2, -4, -4, 6, -1, 3, -6, -1]
 
6.19690600274: [-3, -3, 4, 5, -4, 3, -3, 1, -5, 4, 2, 4, 0, 1, -5, 6, 4, -4, -2, -3, 5, -4, -3, -6, -3, 6, -1, -2, -3, 3, 1, 3, -3, -3, -6, 5, 3, 3, -1, -1, 5, 0, -3, -6, 1, 2, -5, -5, -3, 2, 4, -2, 1, -2, 4, 2, -2, 6, -2, 5, -6, -6, 1, -5, 5, -5, -6, -1, -2, -1, -6, -2, 5, 2, 5, 3, -6, 1, -1, 4, -4, 3, -4, -1, -6, 1, -2, 4, 6, -4, 0, -3, 4, -2, -2, -5, -4, -2, -1, -4, 6, 2, -1, 0, 0, 1, 0, -1, -6, -1, -3, -6, 3, 1, -2, 2, -4, -6, 4, 0, 2, -4, -4, 6, -1, 3, -6, -1]
 
5.84966915288: [-3, -3, 4, 5, -4, 3, -3, 1, -5, 4, 2, 0, -4, 1, -5, 6, 4, -4, -2, -3, 5, -4, -3, -6, -3, 6, -1, -2, -3, 3, 1, 3, -3, -3, -6, 5, 3, 3, -1, -1, 5, 0, -3, -6, 1, 2, -5, -5, -3, 2, 4, -2, 1, -2, 4, 2, -2, 6, -2, 5, -6, -6, 1, -5, 5, -5, -6, -1, -2, -1, -6, -2, 5, 2, 5, 3, -6, 1, -1, 4, -4, 3, -4, -1, -6, 1, -2, 4, 6, -4, 0, -3, 4, -2, -2, -5, -4, -2, -1, -4, 6, 2, -1, 0, 0, 1, 0, -1, -6, -1, -3, -6, 3, 1, -2, 2, -4, -6, 4, 0, 2, -4, -4, 6, -1, 3, -6, -1]
 
1.76079828506: [-3, -3, -3, 5, 5, -5, -3, -5, -5, 4, 2, 4, 0, 1, -5, 6, 4, -4, 3, -3, 3, -4, -4, -6, -3, 6, -1, -2, -3, 5, 1, -2, -3, -3, -2, 5, 3, 3, -1, -1, -4, 0, -3, -6, 1, 2, -5, -5, -3, 2, 4, -2, 1, -2, -2, 2, 3, 6, -2, 5, -6, -6, 1, -4, 5, -5, -6, -1, -2, -6, -6, -2, 5, -6, 1, -4, -6, 4, 5, 4, -4, 3, -4, -3, -1, 1, -3, 4, 6, -4, -3, 1, 4, -2, -2, -5, 1, -2, -1, -4, 6, -3, 5, 0, 0, 1, 0, -1, -6, -1, -3, -6, 3, 1, -2, -6, -1, -6, 4, 0, 2, 3, -5, 6, -1, 3, -6, -1]
 
5.28571311297: [-3, -3, 4, 5, -4, 3, -3, 1, -5, 4, 2, 4, 0, 1, -5, 6, 4, -4, -2, -3, 5, -4, -3, -6, -3, 6, -1, -2, -3, 3, 1, 3, -3, -3, -6, 5, 3, 3, -1, -1, 5, 0, -3, -6, 1, 2, -5, -5, -3, 2, 4, -2, 1, -2, 4, 2, -2, 6, -2, 5, -6, -6, 1, -5, 5, -5, -6, -1, -2, -1, -6, -2, 5, 2, 5, 3, -6, 1, -1, 4, -4, 3, -4, -1, -6, 1, -2, 4, 6, -4, 0, -3, 4, -2, -2, -5, -4, -2, -1, -4, 6, 2, -1, 0, 0, 1, 0, -1, -6, -1, -3, -6, 3, 1, -2, 2, -4, -6, 4, 0, 2, -4, -4, 6, -1, 3, -6, -1]
 
4.98550572867: [-3, -3, 4, 5, -4, 3, -3, 1, -5, 4, 2, 4, 0, 1, -5, 6, 4, -4, -2, -3, 5, -4, -3, -6, -3, 6, -1, -2, -3, 3, 1, 3, -3, -3, -6, 5, 3, 3, -1, -1, 5, 0, -3, -6, 1, 2, -5, -5, -3, 2, 4, -2, 1, -2, 4, 2, -2, 6, -2, 5, -6, -6, 1, -5, 5, -5, -6, -1, -2, -1, -6, -2, 5, 2, 5, 3, -6, 1, -1, 4, -4, 3, -4, -1, -6, 1, -2, 4, 6, -4, 0, -3, 4, -2, -2, -5, -4, -2, -1, -4, 6, 2, -1, 0, 0, 1, 0, -1, -6, -1, -3, -6, 3, 1, -2, 2, -4, -6, 4, 0, 2, -4, -4, 6, -1, 3, -6, -1]
 
0.678903832835: [-3, -3, 4, 5, -4, 4, 0, 5, -5, 4, 2, 0, -4, 1, -5, 3, 4, -4, -2, -4, 5, -4, -3, -6, -3, 6, -1, -2, -3, 6, 1, 3, -6, -3, 0, -5, -6, 3, -1, -1, 5, -6, -3, -6, 1, -1, -5, 2, 3, 2, 4, -2, -4, -2, -6, 4, -2, 5, -2, 5, -6, -6, 1, -4, -2, -5, -4, -1, -2, -1, -5, -2, 5, 2, 2, 3, -6, 1, 6, 4, -4, 3, -4, -1, -6, 1, -2, 4, 6, -4, 0, -3, 4, -2, -2, 3, -4, 4, -1, 3, 6, -3, -1, 0, 0, 1, 1, -1, 2, -1, -3, -6, 3, 1, 6, 2, -4, -6, 4, 0, 2, -2, -4, 6, -1, -2, -6, -1]
 
5.48342975289: [-3, -3, 4, 5, -4, 3, -3, 1, -5, 4, 2, 0, -4, 1, -5, 6, 4, -4, -2, -3, 5, -4, -3, -6, -3, 6, -1, -2, -3, 3, 1, 3, -3, -3, -6, 5, 3, 3, -1, -1, 5, 0, -3, -6, 1, 2, -5, -5, -3, 2, 4, -2, 1, -2, 4, 2, -2, 6, -2, 5, -6, -6, 1, -5, 5, -5, -6, -1, -2, -1, -6, -2, 5, 2, 5, 3, -6, 1, -1, 4, -4, 3, -4, -1, -6, 1, -2, 4, 6, -4, 0, -3, 4, -2, -2, -5, -4, -2, -1, -4, 6, 2, -1, 0, 0, 1, 0, -1, -6, -1, -3, -6, 3, 1, -2, 2, -4, -6, 4, 0, 2, -4, -4, 6, -1, 3, -6, -1]
 
5.94580792912: [-3, -3, 4, 5, -4, 3, -3, 1, -5, 4, 2, 0, -4, 1, -5, 6, 4, -4, -2, -3, 5, -4, -3, -6, -3, 6, -1, -2, -3, 3, 1, 3, -3, -3, -6, 5, 3, 3, -1, -1, 5, 0, -3, -6, 1, 2, -5, -5, -3, 2, 4, -2, 1, -2, 4, 2, -2, 6, -2, 5, -6, -6, 1, -5, 5, -5, -6, -1, -2, -1, -6, -2, 5, 2, 5, 3, -6, 1, -1, 4, -4, 3, -4, -1, -6, 1, -2, 4, 6, -4, 0, -3, 4, -2, -2, -5, -4, -2, -1, -4, 6, 2, -1, 0, 0, 1, 0, -1, -6, -1, -3, -6, 3, 1, -2, 2, -4, -6, 4, 0, 2, -4, -4, 6, -1, 3, -6, -1]
 
2.47773772927: [-6, 1, 4, 5, -4, -4, -3, 1, -5, 5, 2, 4, 0, 1, 0, 3, 4, -4, -2, 3, 5, 2, -3, -4, -3, 6, -1, -2, -3, 3, 1, 3, -3, -5, -6, 5, 3, 3, -1, -1, 5, -6, -3, 2, 1, 2, 0, -5, -3, 2, 4, -2, 1, 6, 4, 2, -2, 6, -2, 5, -4, 5, -3, -5, 5, -2, -6, -1, -2, -1, -6, -2, 5, 2, 5, 3, -6, 1, -1, 4, -4, 3, -4, -1, -6, 1, -2, 4, 6, -4, 0, -3, 4, -2, -2, 4, -4, -2, -1, -5, 6, 5, -1, 0, 0, 1, 0, -1, -6, 4, -3, -6, 3, 1, -2, 2, -4, -6, 6, 0, 2, -4, -2, 6, -4, 3, -2, 2]
 
6.0299579753: [-3, -3, 4, 5, -4, 3, -3, 1, -5, 4, 2, 4, 0, 1, -5, 6, 4, -4, -2, -3, 5, -4, -3, -6, -3, 6, -1, -2, -3, 3, 1, 3, -3, -3, -6, 5, 3, 3, -1, -1, 5, 0, -3, -6, 1, 2, -5, -5, -3, 2, 4, -2, 1, -2, 4, 2, -2, 6, -2, 5, -6, -6, 1, -5, 5, -5, -6, -1, -2, -1, -6, -2, 5, 2, 5, 3, -6, 1, -1, 4, -4, 3, -4, -1, -6, 1, -2, 4, 6, -4, 0, -3, 4, -2, -2, -5, -4, -2, -1, -4, 6, 2, -1, 0, 0, 1, 0, -1, -6, -1, -3, -6, 3, 1, -2, 2, -4, -6, 4, 0, 2, -4, -4, 6, -1, 3, -6, -1]
 
5.64721867612: [-3, -3, 4, 5, -4, 3, -3, 1, -5, 4, 2, 4, 0, 1, -5, 6, 4, -4, -2, -3, 5, -4, -3, -6, -3, 6, -1, -2, -3, 3, 1, 3, -3, -3, -6, 5, 3, 3, -1, -1, 5, 0, -3, -6, 1, 2, -5, -5, -3, 2, 4, -2, 1, -2, 4, 2, -2, 6, -2, 5, -6, -6, 1, -5, 5, -5, -6, -1, -2, -1, -6, -2, 5, 2, 5, 3, -6, 1, -1, 4, -4, 3, -4, -1, -6, 1, -2, 4, 6, -4, 0, -3, 4, -2, -2, -5, -4, -2, -1, -4, 6, 2, -1, 0, 0, 1, 0, -1, -6, -1, -3, -6, 3, 1, -2, 2, -4, -6, 4, 0, 2, -4, -4, 6, -1, 3, -6, -1]
 
5.8113262187: [-3, -3, 4, 5, -4, 3, -3, 1, -5, 4, 2, 4, 0, 1, -5, 6, 4, -4, -2, -3, 5, -4, -3, -6, -3, 6, -1, -2, -3, 3, 1, 3, -3, -3, -6, 5, 3, 3, -1, -1, 5, 0, -3, -6, 1, 2, -5, -5, -3, 2, 4, -2, 1, -2, 4, 2, -2, 6, -2, 5, -6, -6, 1, -5, 5, -5, -6, -1, -2, -1, -6, -2, 5, 2, 5, 3, -6, 1, -1, 4, -4, 3, -4, -1, -6, 1, -2, 4, 6, -4, 0, -3, 4, -2, -2, -5, -4, -2, -1, -4, 6, 2, -1, 0, 0, 1, 0, -1, -6, -1, -3, -6, 3, 1, -2, 2, -4, -6, 4, 0, 2, -4, -4, 6, -1, 3, -6, -1]
 
5.7165138869: [-3, -3, 4, 5, -4, 3, -3, 1, -5, 4, 2, 4, 0, 1, -5, 6, 4, -4, -2, -3, 5, -4, -3, -6, -3, 6, -1, -2, -3, 3, 1, 3, -3, -3, -6, 5, 3, 3, -1, -1, 5, 0, -3, -6, 1, 2, -5, -5, -3, 2, 4, -2, 1, -2, 4, 2, -2, 6, -2, 5, -6, -6, 1, -5, 5, -5, -6, -1, -2, -1, -6, -2, 5, 2, 5, 3, -6, 1, -1, 4, -4, 3, -4, -1, -6, 1, -2, 4, 6, -4, 0, -3, 4, -2, -2, -5, -4, -2, -1, -4, 6, 2, -1, 0, 0, 1, 0, -1, -6, -1, -3, -6, 3, 1, -2, 2, -4, -6, 4, 0, 2, -4, -4, 6, -1, 3, -6, -1]
 
5.73982634236: [-3, -3, 4, 5, -4, 3, -3, 1, -5, 4, 2, 4, 0, 1, -5, 6, 4, -4, -2, -3, 5, -4, -3, -6, -3, 6, -1, -2, -3, 3, 1, 3, -3, -3, -6, 5, 3, 3, -1, -1, 5, 0, -3, -6, 1, 2, -5, -5, -3, 2, 4, -2, 1, -2, 4, 2, -2, 6, -2, 5, -6, -6, 1, -5, 5, -5, -6, -1, -2, -1, -6, -2, 5, 2, 5, 3, -6, 1, -1, 4, -4, 3, -4, -1, -6, 1, -2, 4, 6, -4, 0, -3, 4, -2, -2, -5, -4, -2, -1, -4, 6, 2, -1, 0, 0, 1, 0, -1, -6, -1, -3, -6, 3, 1, -2, 2, -4, -6, 4, 0, 2, -4, -4, 6, -1, 3, -6, -1]
 
6.00167732055: [-3, -3, 4, 5, -4, 3, -3, 1, -5, 4, 2, 4, 0, 1, -5, 6, 4, -4, -2, -3, 5, -4, -3, -6, -3, 6, -1, -2, -3, 3, 1, 3, -3, -3, -6, 5, 3, 3, -1, -1, 5, 0, -3, -6, 1, 2, -5, -5, -3, 2, 4, -2, 1, -2, 4, 2, -2, 6, -2, 5, -6, -6, 1, -5, 5, -5, -6, -1, -2, -1, -6, -2, 5, 2, 5, 3, -6, 1, -1, 4, -4, 3, -4, -1, -6, 1, -2, 4, 6, -4, 0, -3, 4, -2, -2, -5, -4, -2, -1, -4, 6, 2, -1, 0, 0, 1, 0, -1, -6, -1, -3, -6, 3, 1, -2, 2, -4, -6, 4, 0, 2, -4, -4, 6, -1, 3, -6, -1]
 
1.9046450566: [-3, -3, 4, 5, 2, 3, -3, 1, -5, 4, -3, 4, 6, 1, -6, 6, 4, 3, -2, 5, 5, 3, -3, -6, 2, 6, -1, -2, -3, 4, -2, 1, 6, -3, -6, 5, 3, 3, -1, -1, 5, 0, -3, -6, 1, 2, -5, -5, -3, 2, 4, -2, 1, -2, 4, 6, -2, 6, -2, 5, -6, -6, 1, -5, 2, -5, 0, -1, 1, -1, -6, -2, 5, 2, 4, 2, -6, 1, -1, -4, -4, 3, -4, -1, 1, 1, -2, 4, 1, -4, 0, 3, 4, 1, -2, -5, -4, -2, -1, -2, 6, 2, -1, 0, 6, 1, 0, -1, 6, -1, 5, -5, 4, 1, -2, 2, 1, -6, 4, 0, 2, -4, -4, 1, -1, 2, -6, -1]
 
5.95672856108: [-3, -3, 4, 5, -4, 3, -3, 1, -5, 4, 2, 0, -4, 1, -5, 6, 4, -4, -2, -3, 5, -4, -3, -6, -3, 6, -1, -2, -3, 3, 1, 3, -3, -3, -6, 5, 3, 3, -1, -1, 5, 0, -3, -6, 1, 2, -5, -5, -3, 2, 4, -2, 1, -2, 4, 2, -2, 6, -2, 5, -6, -6, 1, -5, 5, -5, -6, -1, -2, -1, -6, -2, 5, 2, 5, 3, -6, 1, -1, 4, -4, 3, -4, -1, -6, 1, -2, 4, 6, -4, 0, -3, 4, -2, -2, -5, -4, -2, -1, -4, 6, 2, -1, 0, 0, 1, 0, -1, -6, -1, -3, -6, 3, 1, -2, 2, -4, -6, 4, 0, 2, -4, -4, 6, -1, 3, -6, -1]
 
5.80857936906: [-3, -3, 4, 5, -4, 3, -3, 1, -5, 4, 2, 4, 0, 1, -5, 6, 4, -4, -2, -3, 5, -4, -3, -6, -3, 6, -1, -2, -3, 3, 1, 3, -3, -3, -6, 5, 3, 3, -1, -1, 5, 0, -3, -6, 1, 2, -5, -5, -3, 2, 4, -2, 1, -2, 4, 2, -2, 6, -2, 5, -6, -6, 1, -5, 5, -5, -6, -1, -2, -1, -6, -2, 5, 2, 5, 3, -6, 1, -1, 4, -4, 3, -4, -1, -6, 1, -2, 4, 6, -4, 0, -3, 4, -2, -2, -5, -4, -2, -1, -4, 6, 2, -1, 0, 0, 1, 0, -1, -6, -1, -3, -6, 3, 1, -2, 2, -4, -6, 4, 0, 2, -4, -4, 6, -1, 3, -6, -1]
 
5.62244557985: [-3, -3, 4, 5, -4, 3, -3, 1, -5, 4, 2, 4, 0, 1, -5, 6, 4, -4, -2, -3, 5, -4, -3, -6, -3, 6, -1, -2, -3, 3, 1, 3, -3, -3, -6, 5, 3, 3, -1, -1, 5, 0, -3, -6, 1, 2, -5, -5, -3, 2, 4, -2, 1, -2, 4, 2, -2, 6, -2, 5, -6, -6, 1, -5, 5, -5, -6, -1, -2, -1, -6, -2, 5, 2, 5, 3, -6, 1, -1, 4, -4, 3, -4, -1, -6, 1, -2, 4, 6, -4, 0, -3, 4, -2, -2, -5, -4, -2, -1, -4, 6, 2, -1, 0, 0, 1, 0, -1, -6, -1, -3, -6, 3, 1, -2, 2, -4, -6, 4, 0, 2, -4, -4, 6, -1, 3, -6, -1]
 
5.15602042359: [-3, -3, 4, 5, -4, 3, -3, 1, -5, 4, 2, 0, -4, 1, -5, 6, 4, -4, -2, -3, 5, -4, -3, -6, -3, 6, -1, -2, -3, 3, 1, 3, -3, -3, -6, 5, 3, 3, -1, -1, 5, 0, -3, -6, 1, 2, -5, -5, -3, 2, 4, -2, 1, -2, 4, 2, -2, 6, -2, 5, -6, -6, 1, -5, 5, -5, -6, -1, -2, -1, -6, -2, 5, 2, 5, 3, -6, 1, -1, 4, -4, 3, -4, -1, -6, 1, -2, 4, 6, -4, 0, -3, 4, -2, -2, -5, -4, -2, -1, -4, 6, 2, -1, 0, 0, 1, 0, -1, -6, -1, -3, -6, 3, 1, -2, 2, -4, -6, 4, 0, 2, -4, -4, 6, -1, 3, -6, -1]
 
6.03865783869: [-3, -3, 4, 5, -4, 3, -3, 1, -5, 4, 2, 4, 0, 1, -5, 6, 4, -4, -2, -3, 5, -4, -3, -6, -3, 6, -1, -2, -3, 3, 1, 3, -3, -3, -6, 5, 3, 3, -1, -1, 5, 0, -3, -6, 1, 2, -5, -5, -3, 2, 4, -2, 1, -2, 4, 2, -2, 6, -2, 5, -6, -6, 1, -5, 5, -5, -6, -1, -2, -1, -6, -2, 5, 2, 5, 3, -6, 1, -1, 4, -4, 3, -4, -1, -6, 1, -2, 4, 6, -4, 0, -3, 4, -2, -2, -5, -4, -2, -1, -4, 6, 2, -1, 0, 0, 1, 0, -1, -6, -1, -3, -6, 3, 1, -2, 2, -4, -6, 4, 0, 2, -4, -4, 6, -1, 3, -6, -1]
 
5.51796728687: [-3, -3, 4, 5, -4, 3, -3, 1, -5, 4, 2, 0, -4, 1, -5, 6, 4, -4, -2, -3, 5, -4, -3, -6, -3, 6, -1, -2, -3, 3, 1, 3, -3, -3, -6, 5, 3, 3, -1, -1, 5, 0, -3, -6, 1, 2, -5, -5, -3, 2, 4, -2, 1, -2, 4, 2, -2, 6, -2, 5, -6, -6, 1, -5, 5, -5, -6, -1, -2, -1, -6, -2, 5, 2, 5, 3, -6, 1, -1, 4, -4, 3, -4, -1, -6, 1, -2, 4, 6, -4, 0, -3, 4, -2, -2, -5, -4, -2, -1, -4, 6, 2, -1, 0, 0, 1, 0, -1, -6, -1, -3, -6, 3, 1, -2, 2, -4, -6, 4, 0, 2, -4, -4, 6, -1, 3, -6, -1]
 
5.81578974: [-3, -3, 4, 5, -4, 3, -3, 1, -5, 4, 2, 4, 0, 1, -5, 6, 4, -4, -2, -3, 5, -4, -3, -6, -3, 6, -1, -2, -3, 3, 1, 3, -3, -3, -6, 5, 3, 3, -1, -1, 5, 0, -3, -6, 1, 2, -5, -5, -3, 2, 4, -2, 1, -2, 4, 2, -2, 6, -2, 5, -6, -6, 1, -5, 5, -5, -6, -1, -2, -1, -6, -2, 5, 2, 5, 3, -6, 1, -1, 4, -4, 3, -4, -1, -6, 1, -2, 4, 6, -4, 0, -3, 4, -2, -2, -5, -4, -2, -1, -4, 6, 2, -1, 0, 0, 1, 0, -1, -6, -1, -3, -6, 3, 1, -2, 2, -4, -6, 4, 0, 2, -4, -4, 6, -1, 3, -6, -1]
 
1.48233266258: [-3, -2, 4, 5, -4, 3, -3, 1, -5, 4, -4, 4, 0, 0, -5, 6, 4, -4, 6, -3, 5, -4, -3, -6, -3, 6, -5, -2, 3, 3, 1, 2, -3, -3, -6, 5, -5, 3, -1, -1, 5, -1, -3, -6, 1, 2, -5, -4, -3, 2, 4, -2, 2, -2, 2, 2, -2, 3, 3, 5, -6, -6, 1, -5, -3, -5, -5, -5, -2, -1, -6, -2, 5, 2, 5, 3, -6, 1, -1, 3, -4, -5, -4, -1, -6, 1, -2, 4, 6, -4, 0, -3, 5, -2, -2, -5, -4, -2, -1, -4, 6, 2, -1, 0, -6, 1, 0, -4, -6, -1, 4, -6, 3, 1, -2, 1, -4, -6, 4, 0, 6, -4, 6, 0, -1, -2, 6, -1]
 
6.22930150887: [-3, -3, 4, 5, -4, 3, -3, 1, -5, 4, 2, 0, -4, 1, -5, 6, 4, -4, -2, -3, 5, -4, -3, -6, -3, 6, -1, -2, -3, 3, 1, 3, -3, -3, -6, 5, 3, 3, -1, -1, 5, 0, -3, -6, 1, 2, -5, -5, -3, 2, 4, -2, 1, -2, 4, 2, -2, 6, -2, 5, -6, -6, 1, -5, 5, -5, -6, -1, -2, -1, -6, -2, 5, 2, 5, 3, -6, 1, -1, 4, -4, 3, -4, -1, -6, 1, -2, 4, 6, -4, 0, -3, 4, -2, -2, -5, -4, -2, -1, -4, 6, 2, -1, 0, 0, 1, 0, -1, -6, -1, -3, -6, 3, 1, -2, 2, -4, -6, 4, 0, 2, -4, -4, 6, -1, 3, -6, -1]
 
3.53163159608: [-3, -3, 4, -1, -4, -5, -3, 1, -6, 6, 2, 0, -4, 1, -5, 6, 4, -4, -4, -3, 5, -4, -3, -6, -3, 6, -1, -2, -3, 3, 1, 3, -1, 0, -6, -3, 3, 3, -1, -1, 5, 1, -3, -5, 0, 2, -5, -5, -3, 2, 4, -2, 1, -2, 4, 2, -2, 6, -2, 5, -6, -6, 1, -5, 5, -5, -6, -1, 1, -1, -6, 4, 5, -2, 5, 2, -6, 1, -4, 4, -4, 3, -4, -6, -6, 1, -2, 4, 6, -4, 0, -3, 4, 1, 2, -2, -4, -2, -1, -4, 6, 2, -1, 0, 0, 1, 0, 2, -6, 4, -3, -6, -5, 1, -2, 2, -4, -6, 4, 0, 1, -4, -4, 4, -1, 3, -1, -1]
 
2.2390436783: [-6, -3, 4, 5, 4, 3, -3, 1, 2, 4, 2, 4, 0, 1, -5, 4, 1, -4, -2, -3, 5, -4, 6, 4, -3, 6, -1, -2, -2, 5, 1, 3, -3, -3, -6, 5, 6, 3, -1, -1, -6, 0, 2, -6, 1, 2, -5, -5, -3, 2, 4, -2, 2, -2, 4, 2, -2, 6, -2, 3, 3, 2, 1, 2, 5, -5, -6, 0, -2, 2, 0, 6, 5, -6, 1, 3, -6, 1, -1, 4, -4, 3, -1, -1, -6, 1, -2, 4, 6, -4, 0, -3, 4, 0, -2, -5, -5, -2, -1, -4, -1, 2, -1, 0, 0, 1, 0, -1, -6, -1, -3, 2, 3, 1, -1, 2, -4, -6, -4, 0, 1, -4, -4, 6, -1, 3, -6, -1]
 
6.1226670165: [-3, -3, 4, 5, -4, 3, -3, 1, -5, 4, 2, 4, 0, 1, -5, 6, 4, -4, -2, -3, 5, -4, -3, -6, -3, 6, -1, -2, -3, 3, 1, 3, -3, -3, -6, 5, 3, 3, -1, -1, 5, 0, -3, -6, 1, 2, -5, -5, -3, 2, 4, -2, 1, -2, 4, 2, -2, 6, -2, 5, -6, -6, 1, -5, 5, -5, -6, -1, -2, -1, -6, -2, 5, 2, 5, 3, -6, 1, -1, 4, -4, 3, -4, -1, -6, 1, -2, 4, 6, -4, 0, -3, 4, -2, -2, -5, -4, -2, -1, -4, 6, 2, -1, 0, 0, 1, 0, -1, -6, -1, -3, -6, 3, 1, -2, 2, -4, -6, 4, 0, 2, -4, -4, 6, -1, 3, -6, -1]
 
