1.89267387156: [-3, -5, 2, 0, -4, -4, -1, -4, -5, 6, -5, 0, -4, 1, 0, 6, 4, -4, -2, 1, 5, -4, -3, -6, 5, -4, -1, -2, -3, 3, 1, -2, -3, -3, -3, 5, 3, 3, -1, -1, 5, 5, -3, 1, -6, -4, -5, -5, 1, 2, 4, -6, 0, -2, 4, 2, -2, 6, -2, 5, -6, -1, 4, -5, 5, -5, -6, -1, 2, 4, 5, -2, 3, -2, 6, -5, -6, -6, -1, 1, -4, 3, -4, -1, -6, 0, 2, -4, 6, 0, 0, -3, -6, -2, -2, -5, -4, -2, -3, -4, 6, 2, -1, 0, 0, 4, 0, -1, -6, 4, -3, -5, 3, 3, -2, 2, -4, -6, 4, -6, 1, 2, -4, 6, -1, -2, 3, -1]
 
0.613672621268: [5, -3, 4, 5, 0, 3, -3, 4, -5, 4, 2, 6, -4, 1, 1, 1, 4, 0, -2, -1, 5, -4, -3, -6, -1, 6, 2, 3, -3, 3, -1, 3, -3, -3, -6, 5, 3, 3, -1, -1, 5, 1, -3, -2, 1, 1, -5, -5, -3, 6, -6, 5, 0, -2, 4, 1, 2, -6, -3, -1, -2, -6, -2, -5, 5, -5, 5, 6, -2, -1, -6, -4, 0, 2, 5, 3, -6, 1, -1, 4, -4, 3, -4, -1, -6, 1, -2, -6, 6, -4, 0, -5, 4, 0, -2, -5, -4, -2, -1, 5, 6, 2, -6, 0, 0, 3, -5, -1, -6, 6, -3, -6, -5, 1, -2, 5, -4, -4, -1, -5, 3, -4, -4, 5, -2, 3, -6, -1]
 
5.899553852553813: [-3, -3, 4, 5, -4, 3, -3, 1, -5, 4, 2, 4, 0, 1, -5, 6, 4, -4, -2, -3, 5, -4, -3, -6, -3, 6, -1, -2, -3, 3, 1, 3, -3, -3, -6, 5, 3, 3, -1, -1, 5, 0, -3, -6, 1, 2, -5, -5, -3, 2, 4, -6, 0, -2, 4, 2, -2, 6, -2, 5, -6, -6, 1, -5, 5, -5, -6, -1, -2, -1, -6, -2, 5, 2, 5, 3, -6, 1, -1, 4, -4, 3, -4, -1, -6, 1, -2, 4, 6, -4, 0, -3, 4, -2, -2, -5, -4, -2, -1, -4, 6, 2, -1, 0, 0, 1, 0, -1, -6, -1, -3, -6, 3, 1, -2, 2, -4, -6, 4, 0, 2, -4, -4, 6, -1, 3, -6, -1]
 
5.822396748093564: [-3, -3, 4, 5, -4, 3, -3, 1, -5, 4, 2, 4, 0, 1, -5, 6, 4, -4, -2, -3, 5, -4, -3, -6, -3, 6, -1, -2, -3, 3, 1, 3, -3, -3, -6, 5, 3, 3, -1, -1, 5, 0, -3, -6, 1, 2, -5, -5, -3, 2, 4, -6, 0, -2, 4, 2, -2, 6, -2, 5, -6, -6, 1, -5, 5, -5, -6, -1, -2, -1, -6, -2, 5, 2, 5, 3, -6, 1, -1, 4, -4, 3, -4, -1, -6, 1, -2, 4, 6, -4, 0, -3, 4, -2, -2, -5, -4, -2, -1, -4, 6, 2, -1, 0, 0, 1, 0, -1, -6, -1, -3, -6, 3, 1, -2, 2, -4, -6, 4, 0, 2, -4, -4, 6, -1, 3, -6, -1]
 
0.860437468655: [-3, -3, 5, -5, 6, -1, -3, 1, -5, 4, 2, 4, 0, 1, -5, 6, 4, -4, -2, -3, 5, -4, 1, -6, 1, -4, -1, 1, -3, 3, 1, 3, -3, -3, -5, -3, 3, 3, -1, -1, 5, 0, -3, -6, 1, 2, 5, -5, 6, 2, 4, 2, 0, 3, 4, 0, -1, 0, -5, 5, 4, -6, 1, 2, -2, -4, 2, -1, -3, -1, -6, -1, 5, 2, 5, 3, -4, 1, -1, 4, 5, 3, 4, -1, -6, 1, 4, 4, 6, -3, 4, -6, 5, -2, -2, -5, -4, -6, -1, -1, 6, 1, -1, 0, 0, 1, 0, -1, 1, 6, -3, -6, -4, 6, -2, 2, -4, -3, -3, 0, 2, -4, -4, 6, -1, -5, -6, -3]
 
0.823188314663: [0, -3, 4, 2, -4, 3, -2, 6, 5, 1, 2, -6, -5, 1, 0, 6, 4, -4, -2, -3, 6, -4, 6, -6, -5, -3, -1, -2, -3, 3, 1, 5, -3, 2, -6, 5, 3, 2, -4, 5, 1, 6, -6, -6, 6, 2, 1, -5, -3, -3, 3, 3, 0, -2, 6, 6, 5, 2, -2, -3, -6, -6, 4, 2, -3, 0, -6, -1, 3, -1, -6, 2, 5, -2, -6, -5, 6, -6, -1, 2, -4, 5, -6, -1, -6, -3, -2, 1, 1, 2, 0, -3, 4, -2, -6, -5, -3, -2, -1, -4, 6, 6, -1, -5, 0, 4, -4, -1, 3, 1, -3, 2, -2, -6, 1, 4, 2, -6, 4, 3, 2, -6, 6, 1, -1, -2, 5, 0]
 
5.671882949178898: [-3, -3, 1, 5, -4, 3, 4, 1, -6, 4, 2, 4, 0, 1, -5, 6, 6, -4, -2, -3, 5, -4, -3, -6, -1, 6, -1, -2, -3, 3, 1, 3, -3, -3, -6, 5, 3, 3, -1, -1, 5, 0, -3, -6, 1, 2, -5, -5, -3, 2, 4, -6, 0, -2, 4, 2, -2, 6, -2, 5, -6, -6, 1, -5, 5, -5, -6, -1, -2, -1, -6, -2, 5, 2, 5, 3, -6, 1, -1, 4, -4, 3, -4, -1, -6, 1, -2, 4, 6, -4, 0, -3, 4, -2, -2, -5, -4, -2, -1, -4, 6, 2, -1, 0, 0, 1, 0, -1, -6, -1, -3, -6, 3, 1, -2, 2, -4, -6, 4, 0, 2, -4, -4, 6, -1, 3, -6, -1]
 
5.666124936992487: [-3, -3, 4, 5, -4, 3, -3, 1, -5, 4, 2, 4, 0, 1, -5, 6, 4, -4, -2, -3, 5, -4, -3, -6, -3, 6, -1, -2, -3, 3, 1, 3, -3, -3, -6, 5, 3, 3, -1, -1, 5, 0, -3, -6, 1, 2, -5, -5, -3, 2, 4, -6, 0, -2, 4, 2, -2, 6, -2, 5, -6, -6, 1, -5, 5, -5, -6, -1, -2, -1, -6, -2, 5, 2, 5, 3, -6, 1, -1, 4, -4, 3, -4, -1, -6, 1, -2, 4, 6, -4, 0, -3, 4, -2, -2, -5, -4, -2, -1, -4, 6, 2, -1, 0, 0, 1, 0, -1, -6, -1, -3, -6, 3, 1, -2, 2, -4, -6, 4, 0, 2, -4, -4, 6, -1, 3, -6, -1]
 
5.658827660118356: [-3, -3, 4, 5, -4, 3, -3, 1, -5, 4, 2, 0, -4, 1, -5, 6, 4, -4, -2, -3, 5, -4, -3, -6, -1, 6, -1, -2, -3, 3, 1, 3, -3, -3, -6, 5, 3, 3, -1, -1, 5, 0, -3, -6, 1, 2, -5, -5, -3, 2, 4, -6, 0, -2, 4, 2, -2, 6, -2, 5, -6, -6, 1, -5, 5, -5, -6, -1, -2, -1, -6, -2, 5, 2, 5, 3, -4, 1, -1, 4, -4, 3, -4, -1, -6, 1, -2, 4, 6, -4, 0, -3, 4, -2, -2, -5, -4, -2, -1, -4, 6, 2, -1, 0, 0, 1, 0, -1, -6, -1, -3, -6, 3, 1, -2, 2, -4, -6, 4, 0, 2, -4, -4, 6, -1, 3, -6, -1]
 
5.658205133429975: [-3, -3, 1, 5, -4, 3, 4, 1, -6, 4, 2, 0, -4, 1, -5, 6, 4, -4, -2, -3, 5, -4, -3, -6, -1, 6, -1, -2, -3, 3, 1, 3, -3, -3, -6, 5, 3, 3, -1, -1, 5, 0, -3, -6, 1, 2, -5, -5, -3, 2, 4, -2, 1, -2, 4, 6, -3, 6, -2, -2, 5, -6, -5, -5, 5, -5, -6, -1, -2, -1, -6, -2, 5, 2, 5, 3, -6, 1, -1, 4, -4, 3, -4, -1, -6, 1, -2, 4, 6, -4, 0, -3, 4, -2, -2, -5, -4, -2, -1, -4, 6, 2, -1, 0, 0, 1, 0, -1, -6, -1, -3, -6, 3, 1, -2, 2, -4, -6, 4, 0, 2, -4, -4, 6, -1, 3, -6, -1]
 
2.40072578915: [4, -3, 1, 5, -4, 0, 4, 3, -6, 4, 2, 4, -5, 3, -5, 3, 6, -4, 5, -3, 3, -4, -3, -6, -1, 6, -1, -2, 0, 3, 6, -2, 0, -3, -6, -4, 3, -2, -4, 3, 4, 0, -3, 6, 1, 2, -5, -5, -3, 2, 4, -2, 0, -2, -2, -3, -3, 6, 1, -2, 1, -6, -2, -5, 5, -5, -6, -2, 3, 1, -6, 0, 6, 2, 5, 3, -6, -6, -1, -6, -4, 3, -4, -1, -6, 1, -2, 5, 4, -4, -1, -3, 0, -2, -2, -5, -6, -6, -1, -4, 6, 2, 6, 0, -5, 6, -4, -1, -6, -5, -3, -2, 1, 1, -2, 2, -4, 2, 4, 2, 2, 0, 4, 6, 1, 3, -6, -1]
 
0.462454349373: [-1, 6, -5, 5, -6, 3, -1, -5, -6, 3, 2, 0, 0, -5, 2, 6, 4, 4, -2, 6, 3, -4, -3, -6, -6, 6, -1, -2, -1, 3, 1, -4, -6, -3, 6, 5, 3, 3, -1, -1, 5, -6, -3, -6, 1, 2, -5, -5, -3, 2, 4, -6, 0, -2, -6, 2, -2, 6, -2, 5, -6, 3, 1, -5, -2, 0, 5, 1, -2, -1, -4, -2, 1, 2, 5, 3, 3, -4, 4, 4, -4, 3, -4, -1, -6, 1, -6, 6, -5, 1, 2, -3, 1, -2, -5, 6, -4, -2, -1, -4, 6, 4, -1, 0, 0, -2, 0, -1, -5, -3, 1, -3, 3, 1, 4, 5, -4, 4, 4, 4, 6, -4, 3, -6, -1, 3, -3, -1]
 
5.612837880148397: [-3, -3, 4, 5, -4, 3, -3, 1, -5, 4, 2, 0, -4, 1, -5, 6, 4, -4, -2, -3, 5, -4, -3, -6, -3, 6, -1, -2, -3, 3, 1, 3, -3, -3, -6, 5, 3, 3, -1, -1, 5, 0, -3, -6, 1, 2, -5, -5, -3, 2, 4, -2, 1, -2, 4, 6, -3, 6, -2, 5, -6, -6, 1, -5, 5, -5, -6, -1, -2, -1, -6, -2, 5, 2, 5, 3, -6, 1, -1, 4, -4, 3, -4, -1, -6, 1, -2, 4, 6, -4, 0, -3, 4, -2, -2, -5, -4, -2, -1, -4, 6, 2, -1, 0, 0, 1, 0, -1, -6, -1, -3, -6, 3, 1, -2, 2, -4, -6, 4, 0, 2, -4, -4, 6, -1, 3, -6, -1]
 
5.6041324584846635: [-3, -3, 1, 5, -4, 3, 4, 1, -6, 4, 2, 4, 0, 1, -5, 6, 6, -4, -2, -3, 5, -4, -3, -6, -1, 6, -1, -2, -3, 3, 1, 3, -3, -3, -6, 5, 3, 3, -1, -1, 5, 0, -3, -6, 1, 2, -5, -5, -3, 2, 4, -2, 1, -2, 4, 6, -3, 6, -2, -2, 5, -6, -5, -5, 5, -5, -6, -1, -2, -1, -6, -2, 5, 2, 5, 3, -6, 1, -1, 4, -4, 3, -4, -1, -6, 1, -2, 4, 6, -4, 0, -3, 4, -2, -2, -5, -4, -2, -1, -4, 6, 2, -1, 0, 0, 1, 0, -1, -6, -1, -3, -6, 3, 1, -2, 2, -4, -6, 4, 0, 2, -4, -4, 6, -1, 3, -6, -1]
 
5.594691811205142: [-3, -3, 4, 5, -4, 3, -3, 1, -5, 4, 2, 0, -4, 1, -5, 6, 4, -4, -2, -3, 5, -4, -3, -6, -1, 6, -1, -2, -3, 3, 1, 3, -3, -3, -6, 5, 3, 3, -1, -1, 5, 0, -3, -6, 1, 2, -5, -5, -3, 2, 4, -6, 0, -2, 4, 2, -2, 6, -2, 5, -6, -6, 1, -5, 5, -5, -6, -1, -2, -1, -6, -2, 5, 2, 5, 3, -6, 1, -1, 4, -4, 3, -4, -1, -6, 1, -2, 4, 6, -4, 0, -3, 4, -2, -2, -5, -4, -2, -1, -4, 6, 2, -1, 0, 0, 1, 0, -1, -6, -1, -3, -6, 3, 1, -2, 2, -4, -6, 4, 0, 2, -4, -4, 6, -1, 3, -6, -1]
 
5.5876184247667755: [-3, -3, 4, 5, -4, 3, -3, 1, -5, 4, 2, 4, 0, 1, -5, 6, 4, -4, -2, -3, 5, -4, -3, -6, -3, 6, -1, -2, -3, 3, 1, 3, -3, -3, -6, 5, 3, 3, -1, -1, 5, 0, -3, -6, 1, 2, -5, -5, -3, 2, 4, -6, 0, -2, 4, 2, -2, 6, -2, 5, -6, -6, 1, -5, 5, -5, -6, -1, -2, -1, -6, -2, 5, 2, 5, 3, -6, 1, -1, 4, -4, 3, -4, -1, -6, 1, -2, 4, 6, -4, 0, -3, 4, -2, -2, -5, -4, -2, -1, -4, 6, 2, -1, 0, 0, 1, 0, -1, -6, -1, -3, -6, 3, 1, -2, 2, -4, -6, 4, 0, 2, -4, -4, 6, -1, 3, -6, -1]
 
5.586526257051916: [-3, -3, 1, 5, -4, 3, 4, 1, -5, 4, 2, 0, -4, 1, -5, 6, 4, -4, -2, -3, 5, -4, -3, -6, -3, 6, -1, -2, -3, 3, 1, 3, -3, -3, -6, 5, 3, 3, -1, -1, 5, 0, -3, -6, 1, 2, -5, -5, -3, 2, 4, -6, 0, -2, 4, 2, -2, 6, -2, 5, -6, -6, 1, -5, 5, -5, -6, -1, -2, -1, -6, -2, 5, 2, 5, 3, -6, 1, -1, 4, -4, 3, -4, -1, -6, 1, -2, 4, 6, -4, 0, -3, 4, -2, -2, -5, -4, -2, -1, -4, 6, 2, -1, 0, 0, 1, 0, -1, -6, -1, -3, -6, 3, 1, -2, 2, -4, -6, 4, 0, 2, -4, -4, 6, -1, 3, -6, -1]
 
5.574489707554143: [-3, -3, 1, 5, -4, 3, 4, 1, -6, 4, 2, 4, 0, 1, -5, 6, 6, -4, -2, -3, 5, -4, -3, -6, -1, 6, -1, -2, -3, 3, 1, 3, -3, -3, -6, 5, 3, 3, -1, -1, 5, 0, -3, -6, 1, 2, -5, -5, -3, 2, 4, -2, 1, -2, 4, 6, -3, 6, -2, -2, 5, -6, -5, -5, 5, -5, -6, -1, -2, -1, -6, -2, 5, 2, 5, 3, -6, 1, -1, 4, -4, 3, -4, -1, -6, 1, -2, 4, 6, -4, 0, -3, 4, -2, -2, -5, -4, -2, -1, -4, 6, 2, -1, 0, 0, 1, 0, -1, -6, -1, -3, -6, 3, 1, -2, 2, -4, -6, 4, 0, 2, -4, -4, 6, -1, 3, -6, -1]
 
5.565397681039639: [-3, -3, 4, 5, -4, 3, -3, 1, -5, 4, 2, 4, 0, 1, -5, 6, 4, -4, -2, -3, 5, -4, -3, -6, -3, 6, -1, -2, -3, 3, 1, 3, -3, -3, -6, 5, 3, 3, -1, -1, 5, 0, -3, -6, 1, 2, -5, -5, -3, 2, 4, -2, 1, -2, 4, 6, -3, 6, -2, -2, 5, -6, -5, -5, 5, -5, -6, -1, -2, -1, -6, -2, 5, 2, 5, 3, -6, 1, -1, 4, -4, 3, -4, -1, -6, 1, -2, 4, 6, -4, 0, -3, 4, -2, -2, -5, -4, -2, -1, -4, 6, 2, -1, 0, 0, 1, 0, -1, -6, -1, -3, -6, 3, 1, -2, 2, -4, -6, 4, 0, 2, -4, -4, 6, -1, 3, -6, -1]
 
5.534587030928235: [-3, -3, 4, 5, -4, 3, -3, 1, -5, 4, 2, 0, -4, 1, -5, 6, 4, -4, -2, -3, 5, -4, -3, -6, -3, 6, -1, -2, -3, 3, 1, 3, -3, -3, -6, 5, 3, 3, -1, -1, 5, 0, -3, -6, 1, 2, -5, -5, -3, 2, 4, -6, 0, -2, 4, 2, -2, 6, -2, 5, -6, -6, 1, -5, 5, -5, -6, -1, -2, -1, -6, -2, 5, 2, 5, 3, -6, 1, -1, 4, -4, 3, -4, -1, -6, 1, -2, 4, 6, -4, 0, -3, 4, -2, -2, -5, -4, -2, -1, -4, 6, 2, -1, 0, 0, 1, 0, -1, -6, -1, -3, -6, 3, 1, -2, 2, -4, -6, 4, 0, 2, -4, -4, 6, -1, 3, -6, -1]
 
0.864508546519: [5, -3, 4, -6, -4, 1, -3, 1, -5, -1, 2, -6, 0, 1, -5, 5, 4, 3, -1, -3, 5, -4, -3, 6, -3, 6, -1, -2, -3, 2, 1, 3, -3, -2, -6, 5, 3, 3, -2, -1, -5, 0, -3, -1, 1, -4, -5, -5, -6, -6, 0, -6, 0, 6, -5, 2, -2, 6, -2, -4, 1, 3, 2, 4, 2, -5, -6, -1, -2, 5, -6, -2, 5, 0, -6, -2, -6, -4, -1, -5, -4, -1, -4, -1, -6, 1, 6, 4, -4, -1, 0, -3, 4, -2, -2, -5, 0, -2, 2, -4, 6, 2, -6, 0, -5, 1, -5, -1, -6, -2, 6, -4, 3, -5, 5, 1, -1, -6, 4, -5, 2, -2, -6, 6, -3, 3, -6, -1]
 
5.516804845247208: [-3, -3, 1, 5, -4, 3, 4, 1, -6, 4, 2, 4, 0, 1, -5, 6, 6, -4, -2, -3, 5, -4, -3, -6, -1, 6, -1, -2, -3, 3, 1, 3, -3, -3, -6, 5, 3, 3, -1, -1, 5, 0, -3, -6, 1, 2, -5, -5, -3, 2, 4, -2, 1, -2, 4, 6, -3, 6, -2, -2, 5, -6, -5, -5, 5, -5, -6, -1, -2, -1, -6, -2, 5, 2, 5, 3, -6, 1, -1, 4, -4, 3, -4, -1, -6, 1, -2, 4, 6, -4, 0, -3, 4, -2, -2, -5, -4, -2, -1, -4, 6, 2, -1, 0, 0, 1, 0, -1, -6, -1, -3, -6, 3, 1, -2, 2, -4, -6, 4, 0, 2, -4, -4, 6, -1, 3, -6, -1]
 
5.50371256305044: [-3, -3, 4, 5, -4, 3, -3, 1, -5, 4, 2, 4, 0, 1, -5, 6, 4, -4, -2, -3, 5, -4, -3, -6, -3, 6, -1, -2, -3, 3, 1, 3, -3, -3, -6, 5, 3, 3, -1, -1, 5, 0, -3, -6, 1, 2, -5, -5, -3, 2, 4, -2, 1, -2, 4, 6, -3, 6, -2, -2, 5, -6, -5, -5, 5, -5, -6, -2, -2, -2, -2, -2, 2, 2, 4, 3, -6, 1, -1, 4, -4, 3, -4, -1, -6, 1, -2, 4, 6, -4, 0, -3, 4, -2, -2, -5, -4, -2, -1, -4, 6, 2, -1, 0, 0, 1, 0, -1, -6, -1, -3, -6, 3, 1, -2, 2, -4, -6, 4, 0, 2, -4, -4, 6, -1, 3, -6, -1]
 
5.502862300975905: [-3, -3, 1, 5, -4, 3, 4, 1, -6, 4, 2, 4, 0, 1, -5, 6, 6, -4, -2, -3, 5, -4, -3, -6, -1, 6, -1, -2, -3, 3, 1, 3, -3, -3, -6, 5, 3, 3, -1, -1, 5, 0, -3, -6, 1, 2, -5, -5, -3, 2, 4, -2, 1, -2, 4, 6, -3, 6, -2, -2, 5, -6, -5, -5, 5, -5, -6, -1, -2, -1, -6, -2, 5, 2, 5, 3, -6, 1, -1, 4, -4, 3, -4, -1, -6, 1, -2, 4, 6, -4, 0, -3, 4, -2, -2, -5, -4, -3, -1, -4, 6, 2, -1, 0, 0, 1, 0, -1, -6, -1, -3, -6, 3, 1, -2, 2, -4, -6, 4, 0, 2, -4, -4, 6, -1, 3, -6, -1]
 
5.494976590163358: [-3, -3, 1, 5, -4, 3, 4, 1, -6, 4, 2, 4, 0, 1, -5, 6, 6, -4, -2, -3, 5, -4, -3, -6, -1, 6, -1, -2, -3, 3, 1, 3, -3, -3, -6, 5, 3, 3, -1, -1, 5, 0, -3, -6, 1, 2, -5, -5, -3, 2, 4, -6, 0, -2, 4, 2, -2, 6, -2, 5, -6, -6, 1, -5, 5, -5, -6, -1, -2, -1, -6, -2, 5, 2, 5, 3, -6, 1, -1, 4, -4, 3, -4, -1, -6, 1, -2, 4, 6, -4, 0, -3, 4, -2, -2, -5, -4, -2, -1, -4, 6, 2, -1, 0, 0, 1, 0, -1, -6, -1, -3, -6, 3, 1, -2, 2, -4, -6, 4, 0, 2, -4, -4, 6, -1, 3, -6, -1]
 
0.563675118429: [-3, -3, 5, 2, -4, 3, 4, 1, -6, 4, 2, 4, 0, 1, -5, -3, 4, -5, 6, -3, 1, -4, -3, -1, -1, 6, -1, -2, -3, -6, 1, -6, -3, -2, -6, 5, 3, -5, -3, -1, -4, 0, -6, -6, 1, 2, -5, -2, -2, 2, 4, -6, 0, -2, 4, 2, -2, 0, -2, 5, -6, -3, 0, -5, 5, 1, 2, -1, -2, -1, -6, 2, -2, 5, 5, 6, -3, 1, -1, 4, 2, 3, -4, -1, 2, 5, 5, -3, 4, -4, -2, -3, 4, -2, -4, -5, 2, -5, 2, -4, 6, -5, 2, 0, 0, 1, 0, -1, 1, -1, 6, -5, 3, 1, -2, 2, 5, 6, 4, 3, 2, 6, -4, -4, -1, 3, -6, -1]
 
5.460214853550747: [-3, -3, -3, 5, -4, 3, -1, -5, -6, 4, 2, 0, 0, 1, -5, 6, 4, -4, -2, -3, 5, -4, -3, -6, -1, 6, -1, -2, -3, 3, 1, 3, -3, -3, -6, 5, 3, 3, -1, -1, 5, 0, -3, -6, 1, 2, -5, -5, -3, 2, 4, -2, 1, -2, 4, 6, -3, 6, -2, -2, 5, -6, -5, -5, 5, -5, -6, -1, -2, -1, -6, -2, 5, 2, 5, 3, -6, 1, -1, 4, -4, 3, -4, -1, -6, 1, -2, 4, 6, -4, 0, -3, 4, -2, -2, -5, -4, -3, -1, -4, 6, 2, -1, 0, 0, 1, 0, -1, -6, -1, -3, -6, 3, 1, -2, 2, -4, -6, 4, 0, 2, -4, -4, 6, -1, 3, -6, -1]
 
2.55659408609: [-5, -3, 4, 5, -4, 3, -3, 1, 2, -6, 5, 1, -4, 1, -5, 4, 0, -4, -2, -3, 1, -4, -3, -6, -1, 6, -1, -2, -3, 3, 1, 3, -3, -6, -6, 5, 3, 3, 5, -4, -4, 0, -3, -4, 1, 3, 2, 6, -3, 2, -2, -6, -5, 0, 4, 2, 0, 6, -1, 5, -6, 5, 1, -5, 5, -5, -6, -2, -2, -1, -6, 5, 5, 2, 6, -1, -6, 1, -1, 4, 4, 3, -4, -1, -6, -6, -2, 4, 6, -4, 5, -3, 1, -5, -2, -5, -4, -6, -1, -6, 6, -4, 0, 0, -6, 1, 3, -1, 2, -5, 3, -6, 3, 3, 5, 0, -4, -3, -1, 0, -4, -6, -4, 6, -5, -4, -6, -1]
 
0.620091340751: [-3, 2, 4, 3, -4, -2, -3, 0, -5, -6, 2, 0, -4, -4, -5, 6, 4, 4, -2, -3, 5, -4, -3, -2, 2, -2, 5, -2, -1, 3, 1, 3, -3, 2, -6, 5, 3, 3, 4, 2, 5, 6, -3, -4, 1, 2, -2, -5, -3, 2, -2, -6, 5, -2, 0, 2, -2, -3, -2, 5, -6, -1, -4, 5, 3, -6, 3, -1, -2, -1, -6, 3, -3, 2, 5, 3, 6, 1, 4, 6, -4, -2, -4, -1, -6, 1, -2, -5, 5, -3, 3, -3, 4, -2, -2, -5, -5, 0, -1, 5, 6, -1, 4, -6, 0, 1, 0, -1, 4, -1, -3, -6, 3, 1, -2, -6, -4, -5, 4, 0, -3, -4, -4, 6, -1, 3, -6, -1]
 
1.02552250995: [2, -3, 4, 5, 6, 3, -1, -2, 2, 4, -5, 3, 5, 3, -5, 6, -1, -4, -2, -3, 5, 5, -3, -6, -4, 6, -1, -2, -1, 3, 1, 5, 6, -6, 5, 5, 3, 3, -1, 4, 3, 0, -3, -3, -2, -3, -5, 4, 4, 2, -2, 6, -5, -2, 4, 6, -5, 6, -1, 2, 5, -4, -3, -5, 5, -5, -6, -1, 4, -5, -6, -2, 5, -2, 5, 3, -6, 1, -1, 4, -4, -5, -4, -1, -6, 1, -2, 4, 6, -4, 0, -3, 4, -2, 1, -5, -3, -3, -1, 5, 6, 5, -1, 0, 0, 0, -4, -1, -6, -1, 3, -6, 3, -5, 4, 2, -4, -6, 4, 0, -2, -4, -4, 6, -1, 1, -6, 3]
 
5.433805564037876: [-3, -3, 1, 5, -4, 3, 4, 1, -5, 4, 2, 0, -4, 1, -5, 6, 4, -4, -2, -3, 5, -4, -3, -6, -3, 6, -1, -2, -3, 3, 1, 3, -3, -3, -6, 5, 3, 3, -1, -1, 5, 0, -3, -6, 1, 2, -5, -5, -3, 2, 4, -6, 0, -2, 4, 2, -2, 6, -2, 5, -6, -6, 1, -5, 5, -5, -6, -1, -2, -1, -6, -2, 5, 2, 5, 3, -6, 1, -1, 4, -4, 3, -4, -1, -6, 1, -2, 4, 6, -4, 0, -3, 4, -2, -2, -5, -4, -2, -1, -4, 6, 2, -1, 0, 0, 1, 0, -1, -6, -1, -3, -6, 3, 1, -2, 2, -4, -6, 4, 0, 2, -4, -4, 6, -1, 3, -6, -1]
 
5.420192280148784: [-3, -3, 1, 5, -4, 3, 4, 1, -6, 4, 2, 4, 0, 1, -5, 6, 6, -4, -2, -3, 5, -4, -3, -6, -1, 6, -1, -2, -3, 3, 1, 3, -3, -3, -6, 5, 3, 3, -1, -1, 5, 0, -3, -6, 1, 2, -5, -5, -3, 2, 4, -2, 1, -2, 4, 6, -3, 6, -2, -2, 5, -6, -5, -5, 5, -5, -6, -1, -2, -1, -6, -2, 5, 2, 5, 3, -6, 1, -1, 4, -4, 3, -4, -1, -6, 1, -2, 4, 6, -4, 0, -3, 4, -2, -2, -5, -4, -2, -1, -4, 6, 2, -1, 0, 0, 1, 0, -1, -6, -1, -3, -6, 3, 1, -2, 2, -4, -6, 4, 0, 2, -4, -4, 6, -1, 3, -6, -1]
 
5.33355078188: [-3, -3, 4, 5, -4, 3, -1, -5, -6, 4, 2, 0, 0, 1, -5, 6, 4, -4, -2, -3, 5, -4, -3, -6, -3, 6, -1, -2, -3, 3, 1, 3, -3, -3, -6, 5, 3, 3, -1, -1, 5, 0, -3, -6, 1, 2, -5, -5, -3, 2, 4, -2, 1, -2, 4, 6, -3, 6, -2, -2, 5, -6, -5, -5, 5, -5, -6, -2, -2, -2, -2, -2, 2, 2, 4, 3, -6, 1, -1, 4, -4, 3, -4, -1, -6, 1, -2, 4, 6, -4, 0, -3, 4, -2, -2, -5, -4, -2, -1, -4, 6, 2, -1, 0, 0, 1, 0, -1, -6, -1, -3, -6, 3, 1, -2, 2, -4, -6, 4, 0, 2, -4, -4, 6, -1, 3, -6, -1]
 
5.18566470129: [-3, -3, 4, 5, -4, 3, -3, 1, -5, 4, 2, 4, 0, 1, -5, 6, 4, -4, -2, -3, 5, -4, -3, -6, -3, 6, -1, -2, -3, 3, 1, 3, -3, -3, -6, 5, 3, 3, -1, -1, 5, 0, -3, -6, 1, 2, -5, -5, -3, 2, 4, -2, 1, -2, 4, 6, -3, 6, -2, -2, 5, -6, -5, -5, 5, -5, -6, -1, -2, -1, -6, -2, 5, 2, 5, 3, -6, 1, -1, 4, -4, 3, -4, -1, -6, 1, -2, 4, 6, -4, 0, -3, 4, -2, -2, -5, -4, -2, -1, -4, 6, 2, -1, 0, 0, 1, 0, -1, -6, -1, -3, -6, 3, 1, -2, 2, -4, -6, 4, 0, 2, -4, -4, 6, -1, 3, -6, -1]
 
5.52409251658: [-3, -3, 4, 5, -4, 3, -1, -5, -6, 4, 2, 0, 0, 1, -5, 6, 4, -4, -2, -3, 5, -4, -3, -6, -3, 6, -1, -2, -3, 3, 1, 3, -3, -3, -6, 5, 3, 3, -1, -1, 5, 0, -3, -6, 1, 2, -5, -5, -3, 2, 4, -6, 0, -2, 4, 2, -2, 6, -2, 5, -6, -6, 1, -5, 5, -5, -6, -1, -2, -1, -6, -2, 5, 2, 5, 3, -6, 1, -1, 4, -4, 3, -4, -1, -6, 1, -2, 4, 6, -4, 0, -3, 4, -2, -2, -5, -4, -2, -1, -4, 6, 2, -1, 0, 0, 1, 0, -1, -6, -1, -3, -6, 3, 1, -2, 2, -4, -6, 4, 0, 2, -4, -4, 6, -1, 3, -6, -1]
 
0.608138412486: [-1, 5, 5, 5, -3, 3, 0, 3, 4, -1, -2, -2, 2, 1, -5, 6, 4, -2, -2, -3, 5, -4, -3, -6, 3, 6, -4, -2, -3, -3, 1, 3, -3, -3, 4, 5, 4, 3, -1, 0, 1, 0, -1, -5, 1, 4, 1, -3, -3, 2, 4, 1, 0, 2, 4, 2, -2, 1, -2, 5, -6, -6, 1, -5, 5, 0, -6, -1, -2, -1, 5, -2, 5, 2, 5, -3, 3, 1, -1, 4, -4, 3, -4, -1, 1, 6, -2, 3, -4, -4, 6, 4, -4, -2, -2, -5, -2, -2, -1, 0, 6, 2, -1, 0, 0, 0, 0, -1, -4, -4, -3, -6, 3, 1, -2, 2, -1, -6, 4, -4, 2, 5, 4, 6, -1, -2, 3, -1]
 
5.1584119407: [-3, -3, 4, 5, -4, 3, -3, 1, -5, 4, 2, 0, -4, 1, -5, 6, 4, -4, -2, -3, 5, -4, -3, -6, -3, 6, -1, -2, -3, 3, 1, 3, -3, -3, -6, 5, 3, 3, -1, -1, 5, 0, -3, -6, 1, 2, -5, -5, -3, 2, 4, -6, 0, -2, 4, 2, -2, 6, -2, 5, -6, -6, 1, -5, 5, -5, -6, -1, -2, -1, -6, -2, 5, 2, 5, 3, -6, 1, -1, 4, -4, 3, -4, -1, -6, 1, -2, 4, 6, -4, 0, -3, 4, -2, -2, -5, -4, -2, -1, -4, 6, 2, -1, 0, 0, 1, 0, -1, -6, -1, -3, -6, 3, 1, -2, 2, -4, -6, 4, 0, 2, -4, -4, 6, -1, 3, -6, -1]
 
5.67690075388: [-3, -3, 4, 5, -4, 3, -1, -5, -6, 4, 2, 0, 0, 1, -5, 6, 4, -4, -2, -3, 5, -4, -3, -6, -3, 6, -1, -2, -3, 3, 1, 3, -3, -3, -6, 5, 3, 3, -1, -1, 5, 0, -3, -6, 1, 2, -5, -5, -3, 2, 4, -6, 0, -2, 4, 2, -2, 6, -2, 5, -6, -6, 1, -5, 5, -5, -6, -1, -2, -1, -6, -2, 5, 2, 5, 3, -6, 1, -1, 4, -4, 3, -4, -1, -6, 1, -2, 4, 6, -4, 0, -3, 4, -2, -2, -5, -4, -2, -1, -4, 6, 2, -1, 0, 0, 1, 0, -1, -6, -1, -3, -6, 3, 1, -2, 2, -4, -6, 4, 0, 2, -4, -4, 6, -1, 3, -6, -1]
 
2.04789362127: [-3, -3, 1, 5, -4, 1, 4, 1, -6, 4, 2, 4, 0, 4, -5, 6, 6, -3, -2, -3, 5, -6, -3, -6, -1, -5, -1, -2, -3, -5, 1, 0, -3, -3, -4, 5, -4, 1, -4, -3, 5, 0, -1, 4, 1, 2, -5, -5, -3, 0, 4, -6, 0, -2, 4, 2, -2, 6, -1, 1, 4, -6, -5, -5, 5, -5, 6, -1, 3, 2, -6, 3, -1, 2, -3, 3, 3, 1, -6, 4, -4, -5, -4, 3, -4, 1, -2, -1, 6, -6, 0, 3, 3, -2, -5, -5, -4, 3, -1, -4, -2, 2, -1, -6, 6, 1, 0, -1, -6, 5, -3, 6, 3, 6, -4, 2, -4, 3, 4, 0, 2, -1, 0, 4, 4, 3, 5, -1]
 
4.95257341155: [-3, -3, 4, 5, -4, 3, -3, 1, -5, 4, 2, 4, 0, 1, -5, 6, 4, -4, -2, -3, 5, -4, -3, -6, -3, 6, -1, -2, -3, 3, 1, 3, -3, -3, -6, 5, 3, 3, -1, -1, 5, 0, -3, -6, 1, 2, -5, -5, -3, 2, 4, -2, 1, -2, 4, 6, -3, 6, -2, -2, -6, -6, 1, -5, 5, -5, -6, -1, -2, -1, -6, -2, 5, 2, 5, 3, -6, 1, -1, 4, -4, 3, -4, -1, -6, 1, -2, 4, 6, -4, 0, -3, 4, -2, -2, -5, -4, -2, -1, -4, 6, 2, -1, 0, 0, 1, 0, -1, -6, -1, -3, -6, 3, 1, -2, 2, -4, -6, 4, 0, 2, -4, -4, 6, -1, 3, -6, -1]
 
1.31180143063: [-3, -3, 1, -3, -4, 2, 6, 1, 2, -5, 2, 0, -4, 1, -5, -1, 4, 6, -3, -3, 5, -4, -1, -6, -3, 0, -1, 6, -3, 3, 1, 3, -5, -3, -6, 5, 3, 3, -1, -1, -1, 5, -3, -6, 5, 5, 1, -5, -3, 3, 4, 4, 0, -2, 5, 2, -2, 6, -2, 2, -6, -6, 5, 2, -3, 5, -6, -1, -2, -1, -6, -2, 1, -4, 5, 3, -6, 1, -3, -1, 5, -1, -4, -1, -6, 1, -2, 2, -6, -4, -3, -3, 4, -2, 0, -5, 1, -2, -5, -6, -1, 2, -1, 0, -5, 1, 0, -1, 4, -6, -3, -6, 3, 1, -6, 2, 0, -3, 4, -3, 2, -4, -6, 4, -1, 3, -6, -1]
 
1.77222794142: [6, -3, -3, 5, -4, 3, 4, 1, -6, 4, 2, 0, 5, 1, 4, 6, 4, -4, -2, -2, -1, 6, -3, 5, 6, 0, -1, -2, 4, 3, 1, 1, -3, -3, -6, 5, 3, 3, -3, -1, 3, 0, -3, -6, 5, 2, 2, 1, 6, -1, -4, -2, 2, -2, 1, 6, -3, 6, -2, -2, 5, -6, -5, 0, 5, -5, -6, 3, -2, -1, -6, 6, 5, 3, 5, 3, -6, -1, -1, 0, -4, 3, -4, 6, -6, -4, -5, 4, -4, -5, -2, 2, 2, -2, -2, 2, -4, -2, 4, -4, 5, 2, -1, -1, 0, 1, -4, -1, -6, 4, -3, -6, 3, -5, -2, 2, -1, -6, 3, -1, 2, -6, 2, 6, -1, 0, -6, -1]
 
5.2333639004: [-3, -3, 4, 5, -4, 3, -3, 1, -5, 4, 2, 0, -4, 1, -5, 6, 4, -4, -2, -3, 5, -4, -3, -6, -3, 6, -1, -2, -3, 3, 1, 3, -3, -3, -6, 5, 3, 3, -1, -1, 5, 0, -3, -6, 1, 2, -5, -5, -3, 2, 4, -2, 1, -2, 4, 6, -3, 6, -2, -2, 5, -6, -5, -5, 5, -5, -6, -1, -2, -1, -6, -2, 5, 2, 5, 3, -6, 1, -1, 4, -4, 3, -4, -1, -6, 1, -2, 4, 6, -4, 0, -3, 4, -2, -2, -5, -4, -2, -1, -4, 6, 2, -1, 0, 0, 1, 0, -1, -6, -1, -3, -6, 3, 1, -2, 2, -4, -6, 4, 0, 2, -4, -4, 6, -1, 3, -6, -1]
 
5.09532575278: [-3, -3, 4, 5, -4, 3, -3, 1, -5, 4, 2, 4, 0, 1, -5, 6, 4, -4, -2, -3, 5, -4, -3, -6, -3, 6, -1, -2, -3, 3, 1, 3, -3, -3, -6, 5, 3, 3, -1, -1, 5, 0, -3, -6, 1, 2, -5, -5, -3, 2, 4, -2, 1, -2, 4, 6, -3, 6, -2, 5, -6, -6, 1, -5, 5, -5, -6, -1, -2, -1, -6, -2, 5, 2, 5, 3, -6, 1, -1, 4, -4, 3, -4, -1, -6, 1, -2, 4, 6, -4, 0, -3, 4, -2, -2, -5, -4, -2, -1, -4, 6, 2, -1, 0, 0, 1, 0, -1, -6, -1, -3, -6, 3, 1, -2, 2, -4, -6, 4, 0, 2, -4, -4, 6, -1, 3, -6, -1]
 
4.82677614402: [-3, -3, 4, 5, -4, 3, -3, 1, -5, 4, 2, 4, 0, 1, -5, 6, 4, -4, -2, -3, 5, -4, -3, -6, -3, 6, -1, -2, -3, 3, 1, 3, -3, -3, -6, 5, 3, 3, -1, -1, 5, 0, -3, -6, 1, 2, -5, -5, -3, 2, 4, -2, 1, -2, 4, 6, -3, 6, -2, -2, -6, -6, 1, -5, 5, -5, -6, -1, -2, -1, -6, -2, 5, 2, 5, 3, -6, 1, -1, 4, -4, 3, -4, -1, -6, 1, -2, 4, 6, -4, 0, -3, 4, -2, -2, -5, -4, -3, -1, -4, 6, 2, -1, 0, 0, 1, 0, -1, -6, -1, -3, -6, 3, 1, -2, 2, -4, -6, 4, 0, 2, -4, -4, 6, -1, 3, -6, -1]
 
5.38883741189: [-3, -3, 1, 5, -4, 3, 4, 1, -6, 4, 2, 4, 0, 1, -5, 6, 6, -4, -2, -3, 5, -4, -3, -6, -1, 6, -1, -2, -3, 3, 1, 3, -3, -3, -6, 5, 3, 3, -1, -1, 5, 0, -3, -6, 1, 2, -5, -5, -3, 2, 4, -2, 1, -2, 4, 6, -3, 6, -2, -2, 5, -6, -5, -5, 5, -5, -6, -1, -2, -1, -6, -2, 5, 2, 5, 3, -6, 1, -1, 4, -4, 3, -4, -1, -6, 1, -2, 4, 6, -4, 0, -3, 4, -2, -2, -5, -4, -2, -1, -4, 6, 2, -1, 0, 0, 1, 0, -1, -6, -1, -3, -6, 3, 1, -2, 2, -4, -6, 4, 0, 2, -4, -4, 6, -1, 3, -6, -1]
 
6.23220511965: [-3, -3, 4, 5, -4, 3, -3, 1, -5, 4, 2, 4, 0, 1, -5, 6, 4, -4, -2, -3, 5, -4, -3, -6, -3, 6, -1, -2, -3, 3, 1, 3, -3, -3, -6, 5, 3, 3, -1, -1, 5, 0, -3, -6, 1, 2, -5, -5, -3, 2, 4, -6, 0, -2, 4, 2, -2, 6, -2, 5, -6, -6, 1, -5, 5, -5, -6, -1, -2, -1, -6, -2, 5, 2, 5, 3, -6, 1, -1, 4, -4, 3, -4, -1, -6, 1, -2, 4, 6, -4, 0, -3, 4, -2, -2, -5, -4, -2, -1, -4, 6, 2, -1, 0, 0, 1, 0, -1, -6, -1, -3, -6, 3, 1, -2, 2, -4, -6, 4, 0, 2, -4, -4, 6, -1, 3, -6, -1]
 
0.594212056791: [-3, -3, 3, 5, -4, -2, 4, 2, -5, 4, -3, 0, -4, 6, 4, 6, 4, -4, 4, -6, 5, 5, -3, 4, -3, 4, -1, -2, -3, 3, 1, 3, -3, -3, -6, 5, 2, -5, -1, 3, -4, 0, -3, -6, 1, 6, -5, -5, -3, 2, 4, 1, -4, -2, 4, 6, -4, 1, -2, -2, -5, -6, -5, -5, -4, -5, -6, -1, -2, -6, -6, -2, 5, 2, 1, 1, -6, 1, -1, 4, -4, 3, -4, -1, 5, -1, -2, 4, 6, 1, -6, -6, 4, -6, -5, -3, 5, 6, 0, -4, -1, 2, -3, 0, 0, 1, 0, -1, -6, 1, 5, -6, 3, 1, -2, 2, -4, 6, 4, 0, 2, -4, -1, 6, 2, 1, -6, -1]
 
4.7435804327: [-3, -3, 4, 5, -4, 3, -3, 1, -5, 4, 2, 4, 0, 1, -5, 6, 4, -4, -2, -3, 5, -4, -3, -6, -3, 6, -1, -2, -3, 3, 1, 3, -3, -3, -6, 5, 3, 3, -1, -1, 5, 0, -3, -6, 1, 2, -5, -5, -3, 2, 4, -2, 1, -2, 4, 6, -3, 6, -2, -2, -6, -6, 1, -5, 5, -5, -6, -1, -2, -1, -6, -2, 5, 2, 5, 3, -6, 1, -1, 4, -4, 3, -4, -1, -6, 1, -2, 4, 6, -4, 0, -3, 4, -2, -2, -5, -4, -3, -1, -4, 6, 2, -1, 0, 0, 1, 0, -1, -6, -1, -3, -6, 3, 1, -2, 2, -4, -6, 4, 0, 2, -4, -4, 6, -1, 3, -6, -1]
 
5.49433675399: [-3, -3, 4, 5, -4, 3, -3, 1, -5, 4, 2, 0, -4, 1, -5, 6, 4, -4, -2, -3, 5, -4, -3, -6, -3, 6, -1, -2, -3, 3, 1, 3, -3, -3, -6, 5, 3, 3, -1, -1, 5, 0, -3, -6, 1, 2, -5, -5, -3, 2, 4, -6, 0, -2, 4, 2, -2, 6, -2, 5, -6, -6, 1, -5, 5, -5, -6, -1, -2, -1, -6, -2, 5, 2, 5, 3, -6, 1, -1, 4, -4, 3, -4, -1, -6, 1, -2, 4, 6, -4, 0, -3, 4, -2, -2, -5, -4, -2, -1, -4, 6, 2, -1, 0, 0, 1, 0, -1, -6, -1, -3, -6, 3, 1, -2, 2, -4, -6, 4, 0, 2, -4, -4, 6, -1, 3, -6, -1]
 
5.41746496431: [-3, -3, 4, 5, -4, 3, -3, 1, -5, 4, 2, 4, 0, 1, -5, 6, 4, -4, -2, -3, 5, -4, -3, -6, -3, 6, -1, -2, -3, 3, 1, 3, -3, -3, -6, 5, 3, 3, -1, -1, 5, 0, -3, -6, 1, 2, -5, -5, -3, 2, 4, -2, 1, -2, 4, 6, -3, 6, -2, -2, 5, -6, -5, -5, 5, -5, -6, -2, -2, -2, -2, -2, 2, 2, 4, 3, -6, 1, -1, 4, -4, 3, -4, -1, -6, 1, -2, 4, 6, -4, 0, -3, 4, -2, -2, -5, -4, -2, -1, -4, 6, 2, -1, 0, 0, 1, 0, -1, -6, -1, -3, -6, 3, 1, -2, 2, -4, -6, 4, 0, 2, -4, -4, 6, -1, 3, -6, -1]
 
5.74366097029: [-3, -3, 4, 5, -4, 3, -3, 1, -5, 4, 2, 0, -4, 1, -5, 6, 4, -4, -2, -3, 5, -4, -3, -6, -3, 6, -1, -2, -3, 3, 1, 3, -3, -3, -6, 5, 3, 3, -1, -1, 5, 0, -3, -6, 1, 2, -5, -5, -3, 2, 4, -6, 0, -2, 4, 2, -2, 6, -2, 5, -6, -6, 1, -5, 5, -5, -6, -1, -2, -1, -6, -2, 5, 2, 5, 3, -6, 1, -1, 4, -4, 3, -4, -1, -6, 1, -2, 4, 6, -4, 0, -3, 4, -2, -2, -5, -4, -2, -1, -4, 6, 2, -1, 0, 0, 1, 0, -1, -6, -1, -3, -6, 3, 1, -2, 2, -4, -6, 4, 0, 2, -4, -4, 6, -1, 3, -6, -1]
 
5.37936737105: [-3, -3, -3, 5, -4, 3, -1, -5, -6, 4, 2, 0, 0, 1, -5, 6, 4, -4, -2, -3, 5, -4, -3, -6, -1, 6, -1, -2, -3, 3, 1, 3, -3, -3, -6, 5, 3, 3, -1, -1, 5, 0, -3, -6, 1, 2, -5, -5, -3, 2, 4, -6, 0, -2, 4, 2, -2, 6, -2, 5, -6, -6, 1, -5, 5, -5, -6, -1, -2, -1, -6, -2, 5, 2, 5, 3, -6, 1, -1, 4, -4, 3, -4, -1, -6, 1, -2, 4, 6, -4, 0, -3, 4, -2, -2, -5, -4, -2, -1, -4, 6, 2, -1, 0, 0, 1, 0, -1, -6, -1, -3, -6, 3, 1, -2, 2, -4, -6, 4, 0, 2, -4, -4, 6, -1, 3, -6, -1]
 
5.83661548042: [-3, -3, 1, 5, -4, 3, 4, 1, -6, 4, 2, 4, 0, 1, -5, 6, 6, -4, -2, -3, 5, -4, -3, -6, -1, 6, -1, -2, -3, 3, 1, 3, -3, -3, -6, 5, 3, 3, -1, -1, 5, 0, -3, -6, 1, 2, -5, -5, -3, 2, 4, -2, 1, -2, 4, 6, -3, 6, -2, -2, 5, -6, -5, -5, 5, -5, -6, -1, -2, -1, -6, -2, 5, 2, 5, 3, -6, 1, -1, 4, -4, 3, -4, -1, -6, 1, -2, 4, 6, -4, 0, -3, 4, -2, -2, -5, -4, -3, -1, -4, 6, 2, -1, 0, 0, 1, 0, -1, -6, -1, -3, -6, 3, 1, -2, 2, -4, -6, 4, 0, 2, -4, -4, 6, -1, 3, -6, -1]
 
5.40704445418: [-3, -3, 4, 5, -4, 3, -1, -5, -6, 4, 2, 0, 0, 1, -5, 6, 4, -4, -2, -3, 5, -4, -3, -6, -3, 6, -1, -2, -3, 3, 1, 3, -3, -3, -6, 5, 3, 3, -1, -1, 5, 0, -3, -6, 1, 2, -5, -5, -3, 2, 4, -2, 1, -2, 4, 6, -3, 6, -2, -2, 5, -6, -5, -5, 5, -5, -6, -1, -2, -1, -6, -2, 5, 2, 5, 3, -6, 1, -1, 4, -4, 3, -4, -1, -6, 1, -2, 4, 6, -4, 0, -3, 4, -2, -2, -5, -4, -2, -1, -4, 6, 2, -1, 0, 0, 1, 0, -1, -6, -1, -3, -6, 3, 1, -2, 2, -4, -6, 4, 0, 2, -4, -4, 6, -1, 3, -6, -1]
 
1.09810092339: [-4, -5, 4, 5, -4, 3, -3, 1, 1, 0, 2, 5, -4, -6, 3, 6, 4, -1, 1, 0, 5, -4, 4, -6, -2, -4, 0, -2, -5, -4, 1, 3, -1, 5, 3, 5, 3, -5, 2, -1, 6, 0, 4, -6, -2, 2, -6, 5, 1, 4, -1, -1, 0, -2, -4, -1, -2, 2, -2, 5, -6, -5, -4, -4, 5, -5, 2, -3, -2, -1, -5, 3, 6, 2, -3, -4, -2, 1, 4, 4, -4, 6, 0, 4, -1, -1, -1, 4, 2, -5, 6, -4, 0, 1, -2, -5, -5, -2, -1, -4, -3, -3, -2, 2, 0, 1, 2, 1, -2, -1, -4, -2, 0, 2, 1, 2, -4, -6, 4, 3, 2, 6, -4, -6, -3, 1, 2, -1]
 
5.45671108579: [-3, -3, 1, 5, -4, 3, 4, 1, -6, 4, 2, 4, 0, 1, -5, 6, 6, -4, -2, -3, 5, -4, -3, -6, -1, 6, -1, -2, -3, 3, 1, 3, -3, -3, -6, 5, 3, 3, -1, -1, 5, 0, -3, -6, 1, 2, -5, -5, -3, 2, 4, -2, 1, -2, 4, 6, -3, 6, -2, -2, 5, -6, -5, -5, 5, -5, -6, -1, -2, -1, -6, -2, 5, 2, 5, 3, -6, 1, -1, 4, -4, 3, -4, -1, -6, 1, -2, 4, 6, -4, 0, -3, 4, -2, -2, -5, -4, -3, -1, -4, 6, 2, -1, 0, 0, 1, 0, -1, -6, -1, -3, -6, 3, 1, -2, 2, -4, -6, 4, 0, 2, -4, -4, 6, -1, 3, -6, -1]
 
5.20132638156: [-3, -3, 1, 5, -4, 3, 4, 1, -6, 4, 2, 4, 0, 1, -5, 6, 6, -4, -2, -3, 5, -4, -3, -6, -1, 6, -1, -2, -3, 3, 1, 3, -3, -3, -6, 5, 3, 3, -1, -1, 5, 0, -3, -6, 1, 2, -5, -5, -3, 2, 4, -2, 1, -2, 4, 6, -3, 6, -2, -2, 5, -6, -5, -5, 5, -5, -6, -1, -2, -1, -6, -2, 5, 2, 5, 3, -6, 1, -1, 4, -4, 3, -4, -1, -6, 1, -2, 4, 6, -4, 0, -3, 4, -2, -2, -5, -4, -3, -1, -4, 6, 2, -1, 0, 0, 1, 0, -1, -6, -1, -3, -6, 3, 1, -2, 2, -4, -6, 4, 0, 2, -4, -4, 6, -1, 3, -6, -1]
 
4.54420411663: [-3, -3, 4, 5, -4, 3, -3, 1, -5, 4, 2, 0, -4, 1, -5, 6, 4, -4, -2, -3, 5, -4, -3, -6, -3, 6, -1, -2, -3, 3, 1, 3, -3, -3, -6, 5, 3, 3, -1, -1, 5, 0, -3, -6, 1, 2, -5, -5, -3, 2, 4, -2, 1, -2, 4, 6, -3, 6, -2, 5, -6, -6, 1, -5, 5, -5, -6, -1, -2, -1, -6, -2, 5, 2, 5, 3, -6, 1, -1, 4, -4, 3, -4, -1, -6, 1, -2, 4, 6, -4, 0, -3, 4, -2, -2, -5, -4, -2, -1, -4, 6, 2, -1, 0, 0, 1, 0, -1, -6, -1, -3, -6, 3, 1, -2, 2, -4, -6, 4, 0, 2, -4, -4, 6, -1, 3, -6, -1]
 
5.35212076854: [-3, -3, 4, 5, -4, 3, -3, 1, -5, 4, 2, 4, 0, 1, -5, 6, 4, -4, -2, -3, 5, -4, -3, -6, -3, 6, -1, -2, -3, 3, 1, 3, -3, -3, -6, 5, 3, 3, -1, -1, 5, 0, -3, -6, 1, 2, -5, -5, -3, 2, 4, -6, 0, -2, 4, 2, -2, 6, -2, 5, -6, -6, 1, -5, 5, -5, -6, -1, -2, -1, -6, -2, 5, 2, 5, 3, -6, 1, -1, 4, -4, 3, -4, -1, -6, 1, -2, 4, 6, -4, 0, -3, 4, -2, -2, -5, -4, -2, -1, -4, 6, 2, -1, 0, 0, 1, 0, -1, -6, -1, -3, -6, 3, 1, -2, 2, -4, -6, 4, 0, 2, -4, -4, 6, -1, 3, -6, -1]
 
4.98755474967: [-3, -3, 1, 5, -4, 3, 4, 1, -6, 4, 2, 4, 0, 1, -5, 6, 6, -4, -2, -3, 5, -4, -3, -6, -1, 6, -1, -2, -3, 3, 1, 3, -3, -3, -6, 5, 3, 3, -1, -1, 5, 0, -3, -6, 1, 2, -5, -5, -3, 2, 4, -2, 1, -2, 4, 6, -3, 6, -2, -2, 5, -6, -5, -5, 5, -5, -6, -1, -2, -1, -6, -2, 5, 2, 5, 3, -6, 1, -1, 4, -4, 3, -4, -1, -6, 1, -2, 4, 6, -4, 0, -3, 4, -2, -2, -5, -4, -2, -1, -4, 6, 2, -1, 0, 0, 1, 0, -1, -6, -1, -3, -6, 3, 1, -2, 2, -4, -6, 4, 0, 2, -4, -4, 6, -1, 3, -6, -1]
 
5.25698161204: [-3, -3, 4, 5, -4, 3, -3, 1, -5, 4, 2, 4, 0, 1, -5, 6, 4, -4, -2, -3, 5, -4, -3, -6, -3, 6, -1, -2, -3, 3, 1, 3, -3, -3, -6, 5, 3, 3, -1, -1, 5, 0, -3, -6, 1, 2, -5, -5, -3, 2, 4, -2, 1, -2, 4, 6, -3, 6, -2, -2, 5, -6, -5, -5, 5, -5, -6, -1, -2, -1, -6, -2, 5, 2, 5, 3, -6, 1, -1, 4, -4, 3, -4, -1, -6, 1, -2, 4, 6, -4, 0, -3, 4, -2, -2, -5, -4, -2, -1, -4, 6, 2, -1, 0, 0, 1, 0, -1, -6, -1, -3, -6, 3, 1, -2, 2, -4, -6, 4, 0, 2, -4, -4, 6, -1, 3, -6, -1]
 
5.73566225: [-3, -3, 4, 5, -4, 3, -3, 1, -5, 4, 2, 4, 0, 1, -5, 6, 4, -4, -2, -3, 5, -4, -3, -6, -3, 6, -1, -2, -3, 3, 1, 3, -3, -3, -6, 5, 3, 3, -1, -1, 5, 0, -3, -6, 1, 2, -5, -5, -3, 2, 4, -6, 0, -2, 4, 2, -2, 6, -2, 5, -6, -6, 1, -5, 5, -5, -6, -1, -2, -1, -6, -2, 5, 2, 5, 3, -6, 1, -1, 4, -4, 3, -4, -1, -6, 1, -2, 4, 6, -4, 0, -3, 4, -2, -2, -5, -4, -2, -1, -4, 6, 2, -1, 0, 0, 1, 0, -1, -6, -1, -3, -6, 3, 1, -2, 2, -4, -6, 4, 0, 2, -4, -4, 6, -1, 3, -6, -1]
 
5.35616169101: [-3, -3, 4, 5, -4, 3, -3, 1, -5, 4, 2, 0, -4, 1, -5, 6, 4, -4, -2, -3, 5, -4, -3, -6, -3, 6, -1, -2, -3, 3, 1, 3, -3, -3, -6, 5, 3, 3, -1, -1, 5, 0, -3, -6, 1, 2, -5, -5, -3, 2, 4, -6, 0, -2, 4, 2, -2, 6, -2, 5, -6, -6, 1, -5, 5, -5, -6, -1, -2, -1, -6, -2, 5, 2, 5, 3, -6, 1, -1, 4, -4, 3, -4, -1, -6, 1, -2, 4, 6, -4, 0, -3, 4, -2, -2, -5, -4, -2, -1, -4, 6, 2, -1, 0, 0, 1, 0, -1, -6, -1, -3, -6, 3, 1, -2, 2, -4, -6, 4, 0, 2, -4, -4, 6, -1, 3, -6, -1]
 
