5.929100433768069: [-3, -3, 4, 5, -4, 3, -1, -5, -6, 4, 2, 0, 0, 1, -5, 6, 4, -4, -2, -3, 5, -4, -3, -6, -3, 6, -1, -2, -3, 3, 1, 3, -3, -3, -6, 5, 3, 3, -1, -1, 5, 0, -3, -6, 1, 2, -5, -5, -3, 2, 4, -6, 0, -2, 4, 2, -2, 6, -2, 5, -6, -6, 1, -5, 5, -5, -6, -1, -2, -1, -6, -2, 5, 2, 5, 3, -6, 1, -1, 4, -4, 3, -4, -1, -6, 1, -2, 4, 6, -4, 0, -3, 4, -2, -2, -5, -4, -2, -1, -4, 6, 2, -1, 0, 0, 1, 0, -1, -6, -1, -3, -6, 3, 1, -2, 2, -4, -6, 4, 0, 2, -4, -4, 6, -1, 3, -6, -1]
 
0.828892014335: [-4, -6, -5, 5, -4, 3, -6, 1, -6, 2, 3, 4, 0, 1, -5, -4, -5, 5, -2, 3, -3, -4, 4, -6, -4, 6, -1, -4, 6, 3, 1, -3, -3, -3, -6, -5, 3, -1, -1, 4, 5, 0, -3, -6, 1, 2, -5, 6, -3, 2, 4, 4, 3, -2, 4, 4, -2, 6, -2, -4, -6, -6, -6, -5, 5, -5, 3, -1, -2, -1, -6, -2, 5, 2, -5, 3, -5, 3, -1, 4, -4, -3, 6, -3, -6, 1, 1, 6, 6, -4, 0, 5, -4, 5, -2, 3, -4, -2, -1, -4, -4, 2, -1, 2, 0, 1, 0, -1, -6, -1, 6, -6, 3, 2, -2, 2, -4, -6, 4, 0, 2, -4, -4, 6, -1, 3, -6, -1]
 
5.856931602339618: [-3, -3, 4, 5, -4, 3, -3, 1, -5, 4, 2, 0, -4, 1, -5, 6, 4, -4, -2, -3, 5, -4, -3, -6, -1, 6, -1, -2, -3, 3, 1, 3, -3, -3, -6, 5, 3, 3, -1, -1, 5, 0, -3, -6, 1, 2, -5, -5, -3, 2, 4, -2, 1, -2, 4, 6, -3, 6, -2, -2, 5, -6, -5, -5, 5, -5, -6, -1, -2, -1, -6, -2, 5, 2, 5, 3, -6, 1, -1, 4, -4, 3, -4, -1, -6, 1, -2, 4, 6, -4, 0, -3, 4, -2, -2, -5, -4, -3, -1, -4, 6, 2, -1, 0, 0, 1, 0, -1, -6, -1, -3, -6, 3, 1, -2, 2, -4, -6, 4, 0, 2, -4, -4, 6, -1, 3, -6, -1]
 
5.8498243842234: [-3, -3, 4, 5, -4, 3, -3, 1, -5, 4, 2, 0, -4, 1, -5, 6, 4, -4, -2, -3, 5, -4, -3, -6, -3, 6, -1, -2, -3, 3, 1, 3, -3, -3, -6, 5, 3, 3, -1, -1, 5, 0, -3, -6, 1, 2, -5, -5, -3, 2, 4, -2, 1, -2, 4, 6, -3, 6, -2, 5, -6, -6, 1, -5, 5, -5, -6, -1, -2, -1, -6, -2, 5, 2, 5, 3, -6, 1, -1, 4, -4, 3, -4, -1, -6, 1, -2, 4, 6, -4, 0, -3, 4, -2, -2, -5, -4, -2, -1, -4, 6, 2, -1, 0, 0, 1, 0, -1, -6, -1, -3, -6, 3, 1, -2, 2, -4, -6, 4, 0, 2, -4, -4, 6, -1, 3, -6, -1]
 
5.793916697211278: [-3, -3, 4, 5, -4, 3, -3, 1, -5, 4, 2, 4, 0, 1, -5, 6, 4, -4, -2, -3, 5, -4, -3, -6, -3, 6, -1, -2, -3, 3, 1, 3, -3, -3, -6, 5, 3, 3, -1, -1, 5, 0, -3, -6, 1, 2, -5, -5, -3, 2, 4, -6, 0, -2, 4, 2, -2, 6, -2, 5, -6, -6, 1, -5, 5, -5, -6, -1, -2, -1, -6, -2, 5, 2, 5, 3, -4, 1, -1, 4, -4, 3, -4, -1, -6, 1, -2, 4, 6, -4, 0, -3, 4, -2, -2, -5, -4, -3, -1, -4, 6, 2, -1, 0, 0, 1, 0, -1, -6, -1, -3, -6, 3, 1, -2, 2, -4, -6, 4, 0, 2, -4, -4, 6, -1, 3, -6, -1]
 
5.78644144671861: [-3, -3, 1, 5, -4, 3, 4, 1, -6, 4, 2, 4, 0, 1, -5, 6, 4, -4, -2, -3, 5, -4, -3, -6, -1, 6, -1, -2, -3, 3, 1, 3, -3, -3, -6, 5, 3, 3, -1, -1, 5, 0, -3, -6, 1, 2, -5, -5, -3, 2, 4, -6, 0, -2, 4, 2, -2, 6, -2, 5, -6, -6, 1, -5, 5, -5, -6, -1, -2, -1, -6, -2, 5, 2, 5, 3, -6, 1, -1, 4, -4, 3, -4, -1, -6, 1, -2, 4, 6, -4, 0, -3, 4, -2, -2, -5, -4, -2, -1, -4, 6, 2, -1, 0, 0, 1, 0, -1, -6, -1, -3, -6, 3, 1, -2, 2, -4, -6, 4, 0, 2, -4, -4, 6, -1, 3, -6, -1]
 
5.774267632267149: [-3, -3, 4, 5, -4, 3, -3, 1, -5, 4, 2, 0, -4, 1, -5, 6, 4, -4, -2, -3, 5, -4, -3, -6, -1, 6, -1, -2, -3, 3, 1, 3, -3, -3, -6, 5, 3, 3, -1, -1, 5, 0, -3, -6, 1, 2, -5, -5, -3, 2, 4, -6, 0, -2, 4, 2, -2, 6, -2, 5, -6, -6, 1, -5, 5, -5, -6, -1, -2, -1, -6, -2, 5, 2, 5, 3, -4, 1, -1, 4, -4, 3, -4, -1, -6, 1, -2, 4, 6, -4, 0, -3, 4, -2, -2, -5, -4, -2, -1, -4, 6, 2, -1, 0, 0, 1, 0, -1, -6, -1, -3, -6, 3, 1, -2, 2, -4, -6, 4, 0, 2, -4, -4, 6, -1, 3, -6, -1]
 
0.998659480615: [-3, -3, 3, -3, -4, 1, -4, 1, -5, 4, 5, 0, -5, 6, -5, 6, -5, 0, -2, -3, -1, -4, -3, -2, -1, 4, -1, -2, -3, -5, -1, -3, -3, -3, -6, -4, -5, 3, -5, -1, 5, 0, -3, -6, 1, 2, -5, -5, -3, 6, 4, 3, 0, -2, 4, 2, -2, 6, -2, 5, -6, -4, 1, -5, 5, -4, -6, -1, 6, -1, 1, -2, -2, 2, 5, 3, -6, 1, 0, 4, -4, 3, -4, -1, -6, -6, -2, -2, -3, -4, -1, 6, 4, -2, -2, -5, -4, -2, 3, -4, -6, -6, -1, 0, 0, -3, 0, -1, -6, -4, -1, -6, 3, -5, -2, 2, 2, -6, 4, 0, 2, -4, 6, 1, -1, 3, -6, -1]
 
5.745294009408295: [-3, -3, 4, 5, -4, 3, -3, 1, -5, 4, 2, 4, 0, 1, -5, 6, 4, -4, -2, -3, 5, -4, -3, -6, -3, 6, -1, -2, -3, 3, 1, 3, -3, -3, -6, 5, 3, 3, -1, -1, 5, 0, -3, -6, 1, 2, -5, -5, -3, 2, 4, -6, 0, -2, 4, 2, -2, 6, -2, 5, -6, -6, 1, -5, 5, -5, -6, -1, -2, -1, -6, -2, 5, 2, 5, 3, -6, 1, -1, 4, -4, 3, -4, -1, -6, 1, -2, 4, 6, -4, 0, -3, 4, -2, -2, -5, -4, -2, -1, -4, 6, 2, -1, 0, 0, 1, 0, -1, -6, -1, -3, -6, 3, 1, -2, 2, -4, -6, 4, 0, 2, -4, -4, 6, -1, 3, -6, -1]
 
2.66783492388: [-3, -3, -6, 0, 5, 3, 4, 1, -6, 4, -2, -2, 0, 1, -5, -1, 4, -4, -2, 6, -5, 5, -3, -6, -1, 6, -1, 4, 0, 3, 0, 3, -3, 2, -6, 5, 2, -1, -1, -6, 5, 0, -2, -6, -2, 2, -5, -5, -3, 2, 4, -2, 1, 2, 4, 1, -3, 3, -2, 3, 5, -6, -3, -2, 5, -5, -5, -1, 5, -4, -6, -2, 1, 2, 5, 3, -6, 0, -1, 4, -4, 3, -4, -2, -6, 1, 2, 4, 6, 5, 0, 0, 4, -2, -2, -1, -4, -2, -1, -4, 6, -5, -1, -6, 0, 1, 0, -1, -6, -1, -1, 6, 3, 1, -2, 2, -5, 3, 4, -4, 3, 6, -5, 6, -1, 3, 2, -1]
 
5.696169199380865: [-3, -3, 4, 5, -4, 3, -3, 1, -5, 4, 2, 4, 0, 1, -5, 6, 4, -4, -2, -3, 5, -4, -3, -6, -3, 6, -1, -2, -3, 3, 1, 3, -3, -3, -6, 5, 3, 3, -1, -1, 5, 0, -3, -6, 1, 2, -5, -5, -3, 2, 4, -6, 0, -2, 4, 2, -2, 6, -2, 5, -6, -6, 1, -5, 5, -5, -6, -1, -2, -1, -6, -2, 5, 2, 5, 3, -6, 1, -1, 4, -4, 3, -4, -1, -6, 1, -2, 4, 6, -4, 0, -3, 4, -2, -2, -5, -4, -2, -1, -4, 6, 2, -1, 0, 0, 1, 0, -1, -6, -1, -3, -6, 3, 1, -2, 2, -4, -6, 4, 0, 2, -4, -4, 6, -1, 3, -6, -1]
 
5.606945914515908: [-3, -3, 4, 5, -4, 3, -3, 1, -5, 4, 2, 0, -4, 1, -5, 6, 4, -4, -2, -3, 5, -4, -3, -6, -3, 6, -1, -2, -3, 3, 1, 3, -3, -3, -6, 5, 3, 3, -1, -1, 5, 0, -3, -6, 1, 2, -5, -5, -3, 2, 4, -6, 0, -2, 4, 2, -2, 6, -2, 5, -6, -6, 1, -5, 5, -5, -6, -1, -2, -1, -6, -2, 5, 2, 5, 3, -6, 1, -1, 4, -4, 3, -4, -1, -6, 1, -2, 4, 6, -4, 0, -3, 4, -2, -2, -5, -4, -2, -1, -4, 6, 2, -1, 0, 0, 1, 0, -1, -6, -1, -3, -6, 3, 1, -2, 2, -4, -6, 4, 0, 2, -4, -4, 6, -1, 3, -6, -1]
 
5.5876184247667755: [-3, -3, 4, 5, -4, 3, -3, 1, -5, 4, 2, 4, 0, 1, -5, 6, 4, -4, -2, -3, 5, -4, -3, -6, -3, 6, -1, -2, -3, 3, 1, 3, -3, -3, -6, 5, 3, 3, -1, -1, 5, 0, -3, -6, 1, 2, -5, -5, -3, 2, 4, -6, 0, -2, 4, 2, -2, 6, -2, 5, -6, -6, 1, -5, 5, -5, -6, -1, -2, -1, -6, -2, 5, 2, 5, 3, -6, 1, -1, 4, -4, 3, -4, -1, -6, 1, -2, 4, 6, -4, 0, -3, 4, -2, -2, -5, -4, -2, -1, -4, 6, 2, -1, 0, 0, 1, 0, -1, -6, -1, -3, -6, 3, 1, -2, 2, -4, -6, 4, 0, 2, -4, -4, 6, -1, 3, -6, -1]
 
5.574489707554143: [-3, -3, 1, 5, -4, 3, 4, 1, -6, 4, 2, 4, 0, 1, -5, 6, 6, -4, -2, -3, 5, -4, -3, -6, -1, 6, -1, -2, -3, 3, 1, 3, -3, -3, -6, 5, 3, 3, -1, -1, 5, 0, -3, -6, 1, 2, -5, -5, -3, 2, 4, -2, 1, -2, 4, 6, -3, 6, -2, -2, 5, -6, -5, -5, 5, -5, -6, -1, -2, -1, -6, -2, 5, 2, 5, 3, -6, 1, -1, 4, -4, 3, -4, -1, -6, 1, -2, 4, 6, -4, 0, -3, 4, -2, -2, -5, -4, -2, -1, -4, 6, 2, -1, 0, 0, 1, 0, -1, -6, -1, -3, -6, 3, 1, -2, 2, -4, -6, 4, 0, 2, -4, -4, 6, -1, 3, -6, -1]
 
1.63244636855: [-3, -3, 3, 5, -2, 3, 1, 1, 6, 4, 3, 4, 0, 1, -5, 6, -4, -4, -2, -3, 5, -4, 2, -6, -1, 3, -1, -2, -3, 3, 1, 3, -2, -3, -6, 5, 3, 0, -1, -4, 5, 0, -3, -6, -2, 5, -5, -5, -1, 1, 4, -2, 1, -1, 4, 6, -3, 6, -2, -2, 5, -6, -5, -3, -3, -5, 2, -5, -2, -1, -6, -2, -3, 4, 5, 3, -5, -1, -1, -1, 0, 0, -4, -1, 4, 5, -2, -6, 6, 6, 0, -3, 4, -2, -2, -5, -4, -5, -4, -4, 6, 2, -1, -2, 0, 1, 1, -5, 3, -1, -3, 6, 3, 6, -5, 4, -4, -6, 2, 0, 2, -1, -4, 6, -1, 6, 5, 5]
 
5.540645922543937: [-3, -3, -3, 5, -4, 3, -1, -5, -6, 4, 2, 0, 0, 1, -5, 6, 4, -4, -2, -3, 5, -4, -3, -6, -1, 6, -1, -2, -3, 3, 1, 3, -3, -3, -6, 5, 3, 3, -1, -1, 5, 0, -3, -6, 1, 2, -5, -5, -3, 2, 4, -2, 1, -2, 4, 6, -3, 6, -2, -2, 5, -6, -5, -5, 5, -5, -6, -1, -2, -1, -6, -2, 5, 2, 5, 3, -6, 1, -1, 4, -4, 3, -4, -1, -6, 1, -2, 4, 6, -4, 0, -3, 4, -2, -2, -5, -4, -2, -1, -4, 6, 2, -1, 0, 0, 1, 0, -1, -6, -1, -3, -6, 3, 1, -2, 2, -4, -6, 4, 0, 2, -4, -4, 6, -1, 3, -6, -1]
 
0.966440075179: [-6, -3, 1, 5, -4, 3, 6, 1, -6, 1, 2, 4, 0, 1, -4, 6, -4, -4, -2, 4, 5, -4, -3, 0, -1, -3, -1, -6, -3, 0, 1, 3, -3, -3, -6, 5, 6, 3, -1, 4, 1, 1, -5, -6, 1, 3, -5, -5, -3, 2, 6, 5, 1, -2, 4, 1, -3, 5, -3, -2, 5, 6, -5, 2, 5, 1, -4, -2, -2, 5, -2, -2, 0, 2, -3, 6, -4, 1, 2, 5, -6, 1, -4, -1, -6, 1, -2, -6, 6, -4, -4, 3, 4, -5, -5, -5, -1, -2, -1, -4, 6, -2, -1, 0, -4, 1, 0, 5, -6, 5, -2, -6, -5, -3, -2, 2, -4, -6, 4, 5, 2, 5, -4, 6, -1, 3, -6, -1]
 
5.502862300975905: [-3, -3, 1, 5, -4, 3, 4, 1, -6, 4, 2, 4, 0, 1, -5, 6, 6, -4, -2, -3, 5, -4, -3, -6, -1, 6, -1, -2, -3, 3, 1, 3, -3, -3, -6, 5, 3, 3, -1, -1, 5, 0, -3, -6, 1, 2, -5, -5, -3, 2, 4, -2, 1, -2, 4, 6, -3, 6, -2, -2, 5, -6, -5, -5, 5, -5, -6, -1, -2, -1, -6, -2, 5, 2, 5, 3, -6, 1, -1, 4, -4, 3, -4, -1, -6, 1, -2, 4, 6, -4, 0, -3, 4, -2, -2, -5, -4, -3, -1, -4, 6, 2, -1, 0, 0, 1, 0, -1, -6, -1, -3, -6, 3, 1, -2, 2, -4, -6, 4, 0, 2, -4, -4, 6, -1, 3, -6, -1]
 
1.0785425128: [-3, -4, -1, 5, 3, 3, -4, 4, -6, 3, 2, 6, 0, -4, 2, 6, 4, -4, -2, 5, 5, -4, -3, -4, -1, 6, -1, -2, -3, 3, 1, 3, -3, -6, -6, 5, 3, 3, -1, -1, 0, 4, -3, 0, 1, 2, -5, -5, -3, 4, 3, 6, 1, -2, 4, 6, -3, 1, -2, -5, -2, -6, 2, -3, -5, 5, -6, -1, -2, -1, -2, -3, 5, 2, 5, -3, 4, 1, -1, 0, -6, 3, -3, -1, 2, 1, -5, -4, 6, -4, 0, 2, 4, -2, -2, -5, -4, -2, -1, 2, 6, 2, -1, 0, 0, 1, 4, -1, 3, -1, -3, -5, 3, 6, 2, 2, -4, -6, 4, 2, 2, -1, -4, 6, -1, 3, 1, -1]
 
5.464313958404337: [-3, -3, 1, 5, -4, 3, 4, 1, -6, 4, 2, 4, 0, 1, -5, 6, 6, -4, -2, -3, 5, -4, -3, -6, -1, 6, -1, -2, -3, 3, 1, 3, -3, -3, -6, 5, 3, 3, -1, -1, 5, 0, -3, -6, 1, 2, -5, -5, -3, 2, 4, -2, 1, -2, 4, 6, -3, 6, -2, -2, 5, -6, -5, -5, 5, -5, -6, -2, -2, -2, -2, -2, 2, 2, 4, 3, -4, 1, -1, 4, -4, 3, -4, -1, -6, 1, -2, 4, 6, -4, 0, -3, 4, -2, -2, -5, -4, -2, -1, -4, 6, 2, -1, 0, 0, 1, 0, -1, -6, -1, -3, -6, 3, 1, -2, 2, -4, -6, 4, 0, 2, -4, -4, 6, -1, 3, -6, -1]
 
5.460214853550747: [-3, -3, -3, 5, -4, 3, -1, -5, -6, 4, 2, 0, 0, 1, -5, 6, 4, -4, -2, -3, 5, -4, -3, -6, -1, 6, -1, -2, -3, 3, 1, 3, -3, -3, -6, 5, 3, 3, -1, -1, 5, 0, -3, -6, 1, 2, -5, -5, -3, 2, 4, -2, 1, -2, 4, 6, -3, 6, -2, -2, 5, -6, -5, -5, 5, -5, -6, -1, -2, -1, -6, -2, 5, 2, 5, 3, -6, 1, -1, 4, -4, 3, -4, -1, -6, 1, -2, 4, 6, -4, 0, -3, 4, -2, -2, -5, -4, -3, -1, -4, 6, 2, -1, 0, 0, 1, 0, -1, -6, -1, -3, -6, 3, 1, -2, 2, -4, -6, 4, 0, 2, -4, -4, 6, -1, 3, -6, -1]
 
5.450453619668852: [-3, -3, 1, 5, -4, 3, 4, 1, -6, 4, 2, 4, 0, 1, -5, 6, 6, -4, -2, -3, 5, -4, -3, -6, -1, 6, -1, -2, -3, 3, 1, 3, -3, -3, -6, 5, 3, 3, -1, -1, 5, 0, -3, -6, 1, 2, -5, -5, -3, 2, 4, -2, 1, -2, 4, 6, -3, 6, -2, -2, 5, -6, -5, -5, 5, -5, -6, -2, -2, -2, -2, -2, 2, 2, 4, 3, -4, 1, -1, 4, -4, 3, -4, -1, -6, 1, -2, 4, 6, -4, 0, -3, 4, -2, -2, -5, -4, -2, -1, -4, 6, 2, -1, 0, 0, 1, 0, -1, -6, -1, -3, -6, 3, 1, -2, 2, -4, -6, 4, 0, 2, -4, -4, 6, -1, 3, -6, -1]
 
5.4468984411649695: [-3, -3, 4, 5, -4, 3, -3, 1, -5, 4, 2, 0, -4, 1, -5, 6, 4, -4, -2, -3, 5, -4, -3, -6, -3, 6, -1, -2, -3, 3, 1, 3, -3, -3, -6, 5, 3, 3, -1, -1, 5, 0, -3, -6, 1, 2, -5, -5, -3, 2, 4, -2, 1, -2, 4, 6, -3, 6, -2, -2, 5, -6, -5, -5, 5, -5, -6, -2, -2, -2, -2, -2, 2, 2, 4, 3, -4, 1, -1, 4, -4, 3, -4, -1, -6, 1, -2, 4, 6, -4, 0, -3, 4, -2, -2, -5, -4, -2, -1, -4, 6, 2, -1, 0, 0, 1, 0, -1, -6, -1, -3, -6, 3, 1, -2, 2, -4, -6, 4, 0, 2, -4, -4, 6, -1, 3, -6, -1]
 
0.64038885543: [6, -3, 4, 5, -4, 3, -3, 1, -5, 0, 6, -2, 0, 1, -5, 6, 4, 1, -2, -3, 5, 0, -3, -6, -3, 6, -1, 4, 6, 4, 1, 3, -3, 6, -6, 5, -2, 3, 3, -1, 5, 5, -1, -6, 1, 0, 5, -5, 6, 2, 4, -2, 0, -2, 4, 2, -2, 6, -2, 5, 1, 0, 1, -5, -5, -5, -6, -1, -2, 2, -6, -2, -3, 2, -5, -3, -6, 1, 0, 4, -4, 0, 2, 1, -1, 1, 3, 4, 6, -4, 4, -6, 4, 5, -2, -5, -4, -2, -1, -4, 3, 2, -4, 0, 0, 1, 0, -4, -2, -1, 5, -6, 3, -4, -2, 1, -4, 2, 4, 0, 2, -3, -4, 3, -6, 3, -1, -1]
 
5.422320635922866: [-3, -3, 4, 5, -4, 3, -1, -5, -6, 4, 2, 0, 0, 1, -5, 6, 4, -4, -2, -3, 5, -4, -3, -6, -3, 6, -1, -2, -3, 3, 1, 3, -3, -3, -6, 5, 3, 3, -1, -1, 5, 0, -3, -6, 1, 2, -5, -5, -3, 2, 4, -6, 0, -2, 4, 2, -2, 6, -2, 5, -6, -6, 1, -5, 5, -5, -6, -1, -2, -1, -6, -2, 5, 2, 5, 3, -6, 1, -1, 4, -4, 3, -4, -1, -6, 1, -2, 4, 6, -4, 0, -3, 4, -2, -2, -5, -4, -2, -1, -4, 6, 2, -1, 0, 0, 1, 0, -1, -6, -1, -3, -6, 3, 1, -2, 2, -4, -6, 4, 0, 2, -4, -4, 6, -1, 3, -6, -1]
 
5.417975805749699: [-3, -3, 4, 5, -4, 3, -3, 1, -5, 4, 2, 0, -4, 1, -5, 6, 4, -4, -2, -3, 5, -4, -3, -6, -3, 6, -1, -2, -3, 3, 1, 3, -3, -3, -6, 5, 3, 3, -1, -1, 5, 0, -3, -6, 1, 2, -5, -5, -3, 2, 4, -2, 1, -2, 4, 6, -3, 6, -2, -2, 5, -6, -5, -5, 5, -5, -6, -1, -2, -1, -6, -2, 5, 2, 5, 3, -6, 1, -1, 4, -4, 3, -4, -1, -6, 1, -2, 4, 6, -4, 0, -3, 4, -2, -2, -5, -4, -3, -1, -4, 6, 2, -1, 0, 0, 1, 0, -1, -6, -1, -3, -6, 3, 1, -2, 2, -4, -6, 4, 0, 2, -4, -4, 6, -1, 3, -6, -1]
 
5.416317133370816: [-3, -3, 4, 5, -4, 3, -3, 1, -5, 4, 2, 4, 0, 1, -5, 6, 4, -4, -2, -3, 5, -4, -3, -6, -3, 6, -1, -2, -3, 3, 1, 3, -3, -3, -6, 5, 3, 3, -1, -1, 5, 0, -3, -6, 1, 2, -5, -5, -3, 2, 4, -2, 1, -2, 4, 6, -3, 6, -2, -2, 5, -6, -5, -5, 5, -5, -6, -2, -2, -2, -2, -2, 2, 2, 4, 3, -4, 1, -1, 4, -4, 3, -4, -1, -6, 1, -2, 4, 6, -4, 0, -3, 4, -2, -2, -5, -4, -2, -1, -4, 6, 2, -1, 0, 0, 1, 0, -1, -6, -1, -3, -6, 3, 1, -2, 2, -4, -6, 4, 0, 2, -4, -4, 6, -1, 3, -6, -1]
 
5.416213894805259: [-3, -3, 4, 5, -4, 3, -3, 1, -5, 4, 2, 0, -4, 1, -5, 6, 4, -4, -2, -3, 5, -4, -3, -6, -1, 6, -1, -2, -3, 3, 1, 3, -3, -3, -6, 5, 3, 3, -1, -1, 5, 0, -3, -6, 1, 2, -5, -5, -3, 2, 4, -6, 0, -2, 4, 2, -2, 6, -2, 5, -6, -6, 1, -5, 5, -5, -6, -1, -2, -1, -6, -2, 5, 2, 5, 3, -4, 1, -1, 4, -4, 3, -4, -1, -6, 1, -2, 4, 6, -4, 0, -3, 4, -2, -2, -5, -4, -3, -1, 1, 6, 2, -3, -1, 0, 6, 0, 4, -6, 1, 3, -1, -5, 5, 0, 2, -4, -6, 4, 0, 2, -4, -4, 6, -1, 3, -6, -1]
 
5.414368147018019: [-3, -3, 1, 5, -4, 3, 4, 1, -6, 4, 2, 4, 0, 1, -5, 6, 6, -4, -2, -3, 5, -4, -3, -6, -1, 6, -1, -2, -3, 3, 1, 3, -3, -3, -6, 5, 3, 3, -1, -1, 5, 0, -3, -6, 1, 2, -5, -5, -3, 2, 4, -2, 1, -2, 4, 6, -3, 6, -2, -2, 5, -6, -5, -5, 5, -5, -6, -1, -2, -1, -6, -2, 5, 2, 5, 3, -6, 1, -1, 4, -4, 3, -4, -1, -6, 1, -2, 4, 6, -4, 0, -3, 4, -2, -2, -5, -4, -3, -1, -4, 6, 2, -1, 0, 0, 1, 0, -1, -6, -1, -3, -6, 3, 1, -2, 2, -4, -6, 4, 0, 2, -4, -4, 6, -1, 3, -6, -1]
 
0.433206651099: [-3, -3, -3, 5, -4, 3, -2, 3, 1, -6, 2, 0, 0, 1, -5, 6, 4, -4, -2, -3, -3, -5, 4, -5, -1, -4, 1, 4, -3, 0, -4, 3, -3, -3, -3, 0, -3, 3, -1, -1, 2, 0, -3, -6, 1, 0, -5, -5, -3, 2, -1, -2, 1, -4, 4, 2, -3, -2, 0, 3, 5, -6, -5, 3, 5, -5, -6, -1, -3, -1, -6, -2, 6, 2, 5, -5, 1, 1, -1, 4, -4, 3, -4, -1, 2, -4, -1, 4, 6, 1, 0, 3, 4, -2, -5, -5, 0, -3, -1, 6, 6, 2, -1, 0, 5, 1, 0, 4, -6, -1, -3, -6, 3, 1, -2, 2, -4, -6, 4, 1, 2, -5, -4, -3, -1, 0, 2, -1]
 
2.49402821652: [-3, 2, 6, 5, -4, 3, 2, -5, 5, 4, -5, 4, 0, 1, -5, 6, 4, -4, -2, -6, -2, 0, -3, -6, -3, 6, -1, -2, -3, 3, 2, 3, 2, -3, 3, 5, 3, 3, -4, -3, 5, -4, 3, -6, -1, 2, -5, -5, -3, 2, 4, -2, 1, -3, 4, 6, -3, 6, -2, -2, 5, -6, 6, -5, 5, -5, -6, -2, -2, -3, -2, -2, 2, 2, 4, 3, -6, 1, -1, 3, -4, 3, -4, -2, -2, 1, -2, 4, -5, 2, -4, -3, 1, -2, -2, 3, -4, 3, -1, 5, 0, 0, 5, 0, -1, 1, 0, -1, 3, -1, -3, -1, -4, 5, -2, 0, -4, -6, 4, -1, -1, -4, -5, -2, -1, 3, -6, 0]
 
5.408168341878477: [-3, -3, 4, 5, -4, 3, -3, 1, -5, 4, 2, 0, -4, 1, -5, 6, 4, -4, -2, -3, 5, -4, -3, -6, -1, 6, -1, -2, -3, 3, 1, 3, -3, -3, -6, 5, 3, 3, -1, -1, 5, 0, -3, -6, 1, 2, -5, -5, -3, 2, 4, -2, 1, -2, 4, 6, -3, 6, -2, -2, 5, -6, -5, -5, 5, -5, -6, -1, -2, -1, -6, -2, 5, 2, 5, 3, -6, 1, -1, 4, -4, 3, -4, -1, -6, 1, -2, 4, 6, -4, 0, -3, 4, -2, -2, -5, -4, -3, -1, -4, 6, 2, -1, 0, 0, 1, 0, -1, -6, -1, -3, -6, 3, 1, -2, 2, -4, -6, 4, 0, 2, -4, -4, 6, -1, 3, -6, -1]
 
5.43670138878: [-3, -3, 4, 5, -4, 3, -1, -5, -6, 4, 2, 0, 0, 1, -5, 6, 4, -4, -2, -3, 5, -4, -3, -6, -3, 6, -1, -2, -3, 3, 1, 3, -3, -3, -6, 5, 3, 3, -1, -1, 5, 0, -3, -6, 1, 2, -5, -5, -3, 2, 4, -6, 0, -2, 4, 2, -2, 6, -2, 5, -6, -6, 1, -5, 5, -5, -6, -1, -2, -1, -6, -2, 5, 2, 5, 3, -6, 1, -1, 4, -4, 3, -4, -1, -6, 1, -2, 4, 6, -4, 0, -3, 4, -2, -2, -5, -4, -2, -1, -4, 6, 2, -1, 0, 0, 1, 0, -1, -6, -1, -3, -6, 3, 1, -2, 2, -4, -6, 4, 0, 2, -4, -4, 6, -1, 3, -6, -1]
 
5.64411546928: [-3, -3, 4, 5, -4, 3, -3, 1, -5, 4, 2, 4, 0, 1, -5, 6, 4, -4, -2, -3, 5, -4, -3, -6, -3, 6, -1, -2, -3, 3, 1, 3, -3, -3, -6, 5, 3, 3, -1, -1, 5, 0, -3, -6, 1, 2, -5, -5, -3, 2, 4, -6, 0, -2, 4, 2, -2, 6, -2, 5, -6, -6, 1, -5, 5, -5, -6, -1, -2, -1, -6, -2, 5, 2, 5, 3, -6, 1, -1, 4, -4, 3, -4, -1, -6, 1, -2, 4, 6, -4, 0, -3, 4, -2, -2, -5, -4, -2, -1, -4, 6, 2, -1, 0, 0, 1, 0, -1, -6, -1, -3, -6, 3, 1, -2, 2, -4, -6, 4, 0, 2, -4, -4, 6, -1, 3, -6, -1]
 
5.64090533849: [-3, -3, 1, 5, -4, 3, 4, 1, -6, 4, 2, 4, 0, 1, -5, 6, 4, -4, -2, -3, 5, -4, -3, -6, -1, 6, -1, -2, -3, 3, 1, 3, -3, -3, -6, 5, 3, 3, -1, -1, 5, 0, -3, -6, 1, 2, -5, -5, -3, 2, 4, -6, 0, -2, 4, 2, -2, 6, -2, 5, -6, -6, 1, -5, 5, -5, -6, -1, -2, -1, -6, -2, 5, 2, 5, 3, -4, 1, -1, 4, -4, 3, -4, -1, -6, 1, -2, 4, 6, -4, 0, -3, 4, -2, -2, -5, -4, -3, -1, 1, 6, 2, -3, -1, 0, 6, 0, 4, -6, 1, 3, -1, -5, 5, 0, 2, -4, -6, 4, 0, 2, -4, -4, 6, -1, 3, -6, -1]
 
2.71666768833: [2, -3, 4, -2, -4, 3, 4, 4, 0, 3, 0, -3, -4, 1, -5, 6, 4, 2, -4, -5, 5, -4, -3, -6, 1, 1, -1, -2, -3, 0, 1, 3, -3, -3, -6, 5, 3, -3, -1, 4, 5, -2, 2, -6, 1, 2, -5, -5, -6, 2, 1, -6, 0, -2, 0, 2, -3, 5, -1, 5, 0, 5, 1, -4, 1, -5, -6, -1, -2, -1, -6, -2, 5, -1, 5, 3, 0, 0, -1, 4, -4, 3, 1, -1, -6, 6, -1, 4, 6, -4, 0, -3, 4, -2, -2, -5, 2, -1, 3, -4, -3, 2, -1, 0, -3, 1, 1, -1, -6, -1, -3, -6, 3, 4, -3, 2, -4, -6, 4, -1, -4, -4, -4, 3, 2, 3, -6, -1]
 
5.24337437189: [-3, -3, 1, 5, -4, 3, 4, 1, -6, 4, 2, 4, 0, 1, -5, 6, 6, -4, -2, -3, 5, -4, -3, -6, -1, 6, -1, -2, -3, 3, 1, 3, -3, -3, -6, 5, 3, 3, -1, -1, 5, 0, -3, -6, 1, 2, -5, -5, -3, 2, 4, -2, 1, -2, 4, 6, -3, 6, -2, -2, 5, -6, -5, -5, 5, -5, -6, -2, -2, -2, -2, -2, 2, 2, 4, 3, -4, 1, -1, 4, -4, 3, -4, -1, -6, 1, -2, 4, 6, -4, 0, -3, 4, -2, -2, -5, -4, -2, -1, -4, 6, 2, -1, 0, 0, 1, 0, -1, -6, -1, -3, -6, 3, 1, -2, 2, -4, -6, 4, 0, 2, -4, -4, 6, -1, 3, -6, -1]
 
0.997169392306: [1, 1, 1, 5, 0, 3, -6, 1, -6, 4, 2, 3, -6, 1, 0, 6, 6, 0, -1, -3, 5, -4, 5, -6, 3, -4, -4, 2, -3, 3, 1, 3, -3, -6, 1, 5, 3, 5, -1, -1, 5, 0, -3, -6, 1, 2, -5, -5, -3, 2, 4, -2, -5, -2, 4, 6, 1, -1, -2, -2, 5, -6, -5, -5, 5, -1, 5, -2, -2, -2, -2, -5, 2, 3, -2, 3, -4, 1, 2, 4, 6, 3, -4, -1, -6, 6, -2, 4, 3, -4, -3, -3, -1, 1, 0, -5, -4, 0, -1, -4, 6, 3, -5, 6, -2, 1, 0, 4, -6, -1, -5, -1, 3, 0, -2, 4, 5, -6, 4, 0, -1, -4, -4, 6, -6, 3, -6, 5]
 
1.140023882: [-3, -3, 1, 3, -6, 3, 4, 1, -6, 4, -5, 4, -5, -5, -6, 6, 6, -4, -2, -1, 5, -6, 1, -6, 1, -4, 0, 2, -3, 3, 1, 3, 1, -3, -6, 5, 3, 3, -1, -1, 5, 0, -1, -6, -6, 2, -5, -6, 3, 2, -4, -6, 2, 5, 4, 6, -3, 6, -2, 5, -6, -1, 1, 6, -1, -3, -1, -3, 5, -4, -6, -2, 5, 2, 5, 2, -6, 4, -3, 4, -4, 5, -4, 5, -6, -1, -2, 4, 6, -4, 0, -3, 4, -2, -2, -5, -4, -4, 4, 4, 6, 2, 1, -1, 0, 1, 0, 0, -6, -1, -3, -6, 3, 1, 2, -5, 0, -6, 4, 0, -4, 2, 5, 5, 1, 4, 0, -1]
 
0.32520275919: [-3, -3, -2, 1, -4, -6, -3, -1, 3, 4, 2, 2, -2, 1, -3, 6, -4, -4, -2, 3, 5, -1, -3, 5, -3, 6, -1, -2, 1, -2, 1, 3, -3, -3, -6, 5, 3, 3, -1, -1, -6, 0, -3, -5, 6, 2, -5, -5, -3, 2, 4, 0, 4, -2, 4, 2, 1, 6, -2, -2, 2, -6, -5, -1, 5, -1, -6, 5, -2, 1, -2, -2, 2, -2, 4, 3, -4, 1, -1, -6, 6, 3, 4, 1, -6, 1, -2, 4, 4, -4, 0, -3, 4, -2, -2, -5, 6, -2, -1, -4, 6, -1, -3, 6, 0, 1, 3, 5, 2, -3, 1, -6, 4, 0, -2, 5, -4, -6, 3, 0, 2, 0, -4, -4, -1, 3, -6, -1]
 
5.41262319: [-3, -3, 1, 5, -4, 3, 4, 1, -6, 4, 2, 0, -4, 1, -5, 6, 4, -4, -2, -3, 5, -4, -3, -6, -1, 6, -1, -2, -3, 3, 1, 3, -3, -3, -6, 5, 3, 3, -1, -1, 5, 0, -3, -6, 1, 2, -5, -5, -3, 2, 4, -2, 1, -2, 4, 6, -3, 6, -2, -2, 5, -6, -5, -5, 5, -5, -6, -1, -2, -1, -6, -2, 5, 2, 5, 3, -6, 1, -1, 4, -4, 3, -4, -1, -6, 1, -2, 4, 6, -4, 0, -3, 4, -2, -2, -5, -4, -3, -1, -4, 6, 2, -1, 0, 0, 1, 0, -1, -6, -1, -3, -6, 3, 1, -2, 2, -4, -6, 4, 0, 2, -4, -4, 6, -1, 3, -6, -1]
 
4.493769893: [-3, -3, 4, 5, -4, 3, -3, 1, -5, 4, 2, 4, 0, 1, -5, 6, 4, -4, -2, -3, 5, -4, -3, -6, -1, 6, -1, -2, -3, 3, 1, 3, -3, -3, -6, 5, 3, 3, -1, -1, 5, 0, -3, -6, 1, 2, -5, -5, -3, 2, 4, -6, 0, -2, 4, 2, -2, 6, -2, 5, -6, -6, 1, -5, 5, -5, -6, -1, -2, -1, -6, -2, 5, 2, 5, 3, -4, 1, -1, 4, -4, 3, -4, -1, -6, 1, -2, 4, 6, -4, 0, -3, 4, -2, -2, -5, -4, -3, -1, 1, 6, 2, -3, -1, 0, 6, 0, 4, -6, 1, 3, -1, -5, 5, 0, 2, -4, -6, 4, 0, 2, -4, -4, 6, -1, 3, -6, -1]
 
5.00012807045: [-3, -3, 4, 5, -4, 3, -3, 1, -5, 4, 2, 4, 0, 1, -5, 6, 4, -4, -2, -3, 5, -4, -3, -6, -3, 6, -1, -2, -3, 3, 1, 3, -3, -3, -6, 5, 3, 3, -1, -1, 5, 0, -3, -6, 1, 2, -5, -5, -3, 2, 4, -2, 1, -2, 4, 6, -3, 6, -2, -2, 5, -6, -5, -5, 5, -5, -6, -1, -2, -1, -6, -2, 5, 2, 5, 3, -6, 1, -1, 4, -4, 3, -4, -1, -6, 1, -2, 4, 6, -4, 0, -3, 4, -2, -2, -5, -4, -3, -1, -4, 6, 2, -1, 0, 0, 1, 0, -1, -6, -1, -3, -6, 3, 1, -2, 2, -4, -6, 4, 0, 2, -4, -4, 6, -1, 3, -6, -1]
 
0.389155270894: [-3, -3, 1, 1, -4, 3, 4, -3, 1, -2, -1, 4, 0, 1, -5, 6, -6, -2, -3, 4, 5, -4, 6, 5, -1, 2, -3, 5, 3, 3, 1, 3, -3, -3, -6, 2, 3, 3, 3, 6, 5, 0, 5, 5, 1, 2, -5, -5, -3, 2, -6, -6, -4, -2, 4, 2, -2, 2, -2, 5, -1, -6, -2, -5, 5, -3, 2, -2, -2, -1, -4, -2, 5, 2, 5, 3, -6, -4, -2, 4, -4, 1, -4, 4, -1, 1, -2, 4, 6, -3, 0, -3, 0, 1, -2, -1, -4, -2, -1, -4, 6, 4, -1, 0, -5, 1, 0, 1, -3, -1, -3, -6, 3, -6, 3, 2, -1, -2, 4, 0, -5, -4, 5, 6, -1, -4, -6, 6]
 
4.61669429593: [-3, -3, 1, 5, -4, 3, 4, 1, -6, 4, 2, 4, 0, 1, -5, 6, 6, -4, -2, -3, 5, -4, -3, -6, -1, 6, -1, -2, -3, 3, 1, 3, -3, -3, -6, 5, 3, 3, -1, -1, 5, 0, -3, -6, 1, 2, -5, -5, -3, 2, 4, -2, 1, -2, 4, 6, -3, 6, -2, -2, 5, -6, -5, -5, 5, -5, -6, -2, -2, -2, -2, -2, 2, 2, 4, 3, -4, 1, -1, 4, -4, 3, -4, -1, -6, 1, -2, 4, 6, -4, 0, -3, 4, -2, -2, -5, -4, -2, -1, -4, 6, 2, -1, 0, 0, 1, 0, -1, -6, -1, -3, -6, 3, 1, -2, 2, -4, -6, 4, 0, 2, -4, -4, 6, -1, 3, -6, -1]
 
5.38184850601: [-3, -3, 4, 5, -4, 3, -1, -5, -6, 4, 2, 0, 0, 1, -5, 6, 4, -4, -2, -3, 5, -4, -3, -6, -3, 6, -1, -2, -3, 3, 1, 3, -3, -3, -6, 5, 3, 3, -1, -1, 5, 0, -3, -6, 1, 2, -5, -5, -3, 2, 4, -6, 0, -2, 4, 2, -2, 6, -2, 5, -6, -6, 1, -5, 5, -5, -6, -1, -2, -1, -6, -2, 5, 2, 5, 3, -6, 1, -1, 4, -4, 3, -4, -1, -6, 1, -2, 4, 6, -4, 0, -3, 4, -2, -2, -5, -4, -2, -1, -4, 6, 2, -1, 0, 0, 1, 0, -1, -6, -1, -3, -6, 3, 1, -2, 2, -4, -6, 4, 0, 2, -4, -4, 6, -1, 3, -6, -1]
 
5.65820513343: [-3, -3, 1, 5, -4, 3, 4, 1, -6, 4, 2, 0, -4, 1, -5, 6, 4, -4, -2, -3, 5, -4, -3, -6, -1, 6, -1, -2, -3, 3, 1, 3, -3, -3, -6, 5, 3, 3, -1, -1, 5, 0, -3, -6, 1, 2, -5, -5, -3, 2, 4, -2, 1, -2, 4, 6, -3, 6, -2, -2, 5, -6, -5, -5, 5, -5, -6, -1, -2, -1, -6, -2, 5, 2, 5, 3, -6, 1, -1, 4, -4, 3, -4, -1, -6, 1, -2, 4, 6, -4, 0, -3, 4, -2, -2, -5, -4, -2, -1, -4, 6, 2, -1, 0, 0, 1, 0, -1, -6, -1, -3, -6, 3, 1, -2, 2, -4, -6, 4, 0, 2, -4, -4, 6, -1, 3, -6, -1]
 
5.20310416608: [-3, -3, 1, 5, -4, 3, 4, 1, -6, 4, 2, 4, 0, 1, -5, 6, 6, -4, -2, -3, 5, -4, -3, -6, -1, 6, -1, -2, -3, 3, 1, 3, -3, -3, -6, 5, 3, 3, -1, -1, 5, 0, -3, -6, 1, 2, -5, -5, -3, 2, 4, -2, 1, -2, 4, 6, -3, 6, -2, 5, -6, -6, 1, -5, 5, -5, -6, -1, -2, -1, -6, -2, 5, 2, 5, 3, -6, 1, -1, 4, -4, 3, -4, -1, -6, 1, -2, 4, 6, -4, 0, -3, 4, -2, -2, -5, -4, -3, -1, -4, 6, 2, -1, 0, 0, 1, 0, -1, -6, -1, -3, -6, 3, 1, -2, 2, -4, -6, 4, 0, 2, -4, -4, 6, -1, 3, -6, -1]
 
5.25678173467: [-3, -3, 4, 5, -4, 3, -3, 1, -5, 4, 2, 0, -4, 1, -5, 6, 4, -4, -2, -3, 5, -4, -3, -6, -3, 6, -1, -2, -3, 3, 1, 3, -3, -3, -6, 5, 3, 3, -1, -1, 5, 0, -3, -6, 1, 2, -5, -5, -3, 2, 4, -2, 1, -2, 4, 6, -3, 6, -2, 5, -6, -6, 1, -5, 5, -5, -6, -1, -2, -1, -6, -2, 5, 2, 5, 3, -6, 1, -1, 4, -4, 3, -4, -1, -6, 1, -2, 4, 6, -4, 0, -3, 4, -2, -2, -5, -4, -3, -1, -4, 6, 2, -1, 0, 0, 1, 0, -1, -6, -1, -3, -6, 3, 1, -2, 2, -4, -6, 4, 0, 2, -4, -4, 6, -1, 3, -6, -1]
 
1.75932777393: [-3, -3, 1, -5, 1, 3, 4, 1, -6, 4, 2, 4, 6, 5, -5, 6, 6, -3, 6, 1, 5, 2, -3, -6, -1, 0, -4, -2, -1, 3, 1, 3, -5, -3, -6, 5, 3, 3, -1, 0, 5, 4, -3, -4, -6, -2, -6, -3, 5, 2, 4, -2, -4, -4, 0, 6, -3, 6, -2, -6, -6, -6, 1, 0, 5, -5, -6, 6, -2, -1, -3, -2, 5, 2, 5, 3, -6, 1, 3, -2, -4, 3, -4, -1, -6, 1, -2, 3, 6, -2, -4, 5, -3, -2, 6, -5, -4, -2, -5, -4, 5, 6, -6, 0, -4, -5, -1, -1, -6, -1, -3, 3, 3, 1, -2, 2, -4, -5, -4, 0, 2, -4, 3, 6, -1, 3, -6, -1]
 
4.63206476657: [-3, -3, 1, 5, -4, 3, 4, 1, -6, 4, 2, 4, 0, 1, -5, 6, 6, -4, -2, -3, 5, -4, -3, -6, -1, 6, -1, -2, -3, 3, 1, 3, -3, -3, -6, 5, 3, 3, -1, -1, 5, 0, -3, -6, 1, 2, -5, -5, -3, 2, 4, -6, 0, -2, 4, 2, -2, 6, -2, 5, -6, -6, 1, -5, 5, -5, -6, -1, -2, -1, -6, -2, 5, 2, 5, 3, -4, 1, -1, 4, -4, 3, -4, -1, -6, 1, -2, 4, 6, -4, 0, -3, 4, -2, -2, -5, -4, -3, -1, 1, 6, 2, -3, -1, 0, 6, 0, 4, -6, 1, 3, -1, -5, 5, 0, 2, -4, -6, 4, 0, 2, -4, -4, 6, -1, 3, -6, -1]
 
2.44141253619: [-3, -3, 4, -4, -4, 3, -3, 1, -5, 3, 2, 0, -4, 1, -5, 6, 0, 5, -2, -3, 5, -4, 0, -6, -1, 6, 0, -2, 6, 5, 1, 5, -3, 5, -6, 5, -1, 3, -1, -1, 6, -1, -3, -6, 6, -4, -5, -5, -3, 2, 4, 4, 0, -3, 4, 2, -3, 6, 0, 5, -6, 4, -6, 4, -1, -5, -6, -1, -2, 2, 6, -2, 0, -5, 5, 2, 5, 1, -1, -5, -4, 6, 3, -1, -6, -2, 3, 4, 6, -4, -6, -5, 4, 2, -3, 4, -4, 3, -1, -4, 6, 6, -1, 0, 0, 1, 6, -1, 1, 4, -3, -6, 3, 1, -2, 2, -4, 6, 4, 0, -5, -4, -5, 6, -1, 3, 6, -4]
 
5.89149820819: [-3, -3, 4, 5, -4, 3, -3, 1, -5, 4, 2, 0, -4, 1, -5, 6, 4, -4, -2, -3, 5, -4, -3, -6, -1, 6, -1, -2, -3, 3, 1, 3, -3, -3, -6, 5, 3, 3, -1, -1, 5, 0, -3, -6, 1, 2, -5, -5, -3, 2, 4, -6, 0, -2, 4, 2, -2, 6, -2, 5, -6, -6, 1, -5, 5, -5, -6, -1, -2, -1, -6, -2, 5, 2, 5, 3, -6, 1, -1, 4, -4, 3, -4, -1, -6, 1, -2, 4, 6, -4, 0, -3, 4, -2, -2, -5, -4, -2, -1, -4, 6, 2, -1, 0, 0, 1, 0, -1, -6, -1, -3, -6, 3, 1, -2, 2, -4, -6, 4, 0, 2, -4, -4, 6, -1, 3, -6, -1]
 
4.47316099262: [-3, -3, 4, 5, -4, 3, -3, 1, -5, 4, 2, 4, 0, 1, -5, 6, 4, -4, -2, -3, 5, -4, -3, -6, -1, 6, -1, -2, -3, 3, 1, 3, -3, -3, -6, 5, 3, 3, -1, -1, 5, 0, -3, -6, 1, 2, -5, -5, -3, 2, 4, -6, 0, -2, 4, 2, -2, 6, -2, 5, -6, -6, 1, -5, 5, -5, -6, -1, -2, -1, -6, -2, 5, 2, 5, 3, -4, 1, -1, 4, -4, 3, -4, -1, -6, 1, -2, 4, 6, -4, 0, -3, 4, -2, -2, -5, -4, -3, -1, 1, 6, 2, -3, -1, 0, 6, 0, 4, -6, 1, 3, -1, -5, 5, 0, 2, -4, -6, 4, 0, 2, -4, -4, 6, -1, 3, -6, -1]
 
5.03089896066: [-3, -3, 1, 5, -4, 3, 4, 1, -6, 4, 2, 4, 0, 1, -5, 6, 6, -4, -2, -3, 5, -4, -3, -6, -1, 6, -1, -2, -3, 3, 1, 3, -3, -3, -6, 5, 3, 3, -1, -1, 5, 0, -3, -6, 1, 2, -5, -5, -3, 2, 4, -6, 0, -2, 4, 2, -2, 6, -2, 5, -6, -6, 1, -5, 5, -5, -6, -1, -2, -1, -6, -2, 5, 2, 5, 3, -4, 1, -1, 4, -4, 3, -4, -1, -6, 1, -2, 4, 6, -4, 0, -3, 4, -2, -2, -5, -4, -3, -1, 1, 6, 2, -3, -1, 0, 6, 0, 4, -6, 1, 3, -1, -5, 5, 0, 2, -4, -6, 4, 0, 2, -4, -4, 6, -1, 3, -6, -1]
 
0.585751236887: [-4, -3, -6, 5, -4, 3, 4, 4, -6, 4, -1, 4, 0, 1, -1, 1, 6, 5, 6, -3, -5, -4, -3, -1, -1, -5, -1, -2, -3, 3, 3, 3, -3, -5, 5, 5, -5, 2, -4, -1, -2, 1, 3, -4, 5, 2, -5, -5, -3, -6, 4, -2, -3, -2, 4, 6, -3, 6, -2, -2, 5, -6, 4, -5, 3, -6, -6, 5, 5, -2, -2, -2, -5, -1, -4, 3, 1, 1, -1, 4, 0, -6, -4, -2, -6, 1, -2, -3, 6, -4, -3, -3, 4, -1, 1, -5, 2, -2, -2, -4, 6, 0, -1, 0, 0, 1, 0, -1, -6, -1, -3, -6, 3, 1, -2, -6, -6, 2, 4, 0, 1, -4, -5, 6, -1, 0, 3, -1]
 
4.93958699701: [-3, -3, 1, 5, -4, 3, 4, 1, -6, 4, 2, 4, 0, 1, -5, 6, 4, -4, -2, -3, 5, -4, -3, -6, -1, 6, -1, -2, -3, 3, 1, 3, -3, -3, -6, 5, 3, 3, -1, -1, 5, 0, -3, -6, 1, 2, -5, -5, -3, 2, 4, -6, 0, -2, 4, 2, -2, 6, -2, 5, -6, -6, 1, -5, 5, -5, -6, -1, -2, -1, -6, -2, 5, 2, 5, 3, -6, 1, -1, 4, -4, 3, -4, -1, -6, 1, -2, 4, 6, -4, 0, -3, 4, -2, -2, -5, -4, -2, -1, -4, 6, 2, -1, 0, 0, 1, 0, -1, -6, -1, -3, -6, 3, 1, -2, 2, -4, -6, 4, 0, 2, -4, -4, 6, -1, 3, -6, -1]
 
5.19441511727: [-3, -3, 1, 5, -4, 3, 4, 1, -6, 4, 2, 4, 0, 1, -5, 6, 6, -4, -2, -3, 5, -4, -3, -6, -1, 6, -1, -2, -3, 3, 1, 3, -3, -3, -6, 5, 3, 3, -1, -1, 5, 0, -3, -6, 1, 2, -5, -5, -3, 2, 4, -2, 1, -2, 4, 6, -3, 6, -2, -2, 5, -6, -5, -5, 5, -5, -6, -2, -2, -2, -2, -2, 2, 2, 4, 3, -4, 1, -1, 4, -4, 3, -4, -1, -6, 1, -2, 4, 6, -4, 0, -3, 4, -2, -2, -5, -4, -2, -1, -4, 6, 2, -1, 0, 0, 1, 0, -1, -6, -1, -3, -6, 3, 1, -2, 2, -4, -6, 4, 0, 2, -4, -4, 6, -1, 3, -6, -1]
 
5.146216993: [-3, -3, 4, 5, -4, 3, -3, 1, -5, 4, 2, 0, -4, 1, -5, 6, 4, -4, -2, -3, 5, -4, -3, -6, -1, 6, -1, -2, -3, 3, 1, 3, -3, -3, -6, 5, 3, 3, -1, -1, 5, 0, -3, -6, 1, 2, -5, -5, -3, 2, 4, -6, 0, -2, 4, 2, -2, 6, -2, 5, -6, -6, 1, -5, 5, -5, -6, -1, -2, -1, -6, -2, 5, 2, 5, 3, -4, 1, -1, 4, -4, 3, -4, -1, -6, 1, -2, 4, 6, -4, 0, -3, 4, -2, -2, -5, -4, -3, -1, 1, 6, 2, -3, -1, 0, 6, 0, 4, -6, 1, 3, -1, -5, 5, 0, 2, -4, -6, 4, 0, 2, -4, -4, 6, -1, 3, -6, -1]
 
5.67188294918: [-3, -3, 1, 5, -4, 3, 4, 1, -6, 4, 2, 4, 0, 1, -5, 6, 6, -4, -2, -3, 5, -4, -3, -6, -1, 6, -1, -2, -3, 3, 1, 3, -3, -3, -6, 5, 3, 3, -1, -1, 5, 0, -3, -6, 1, 2, -5, -5, -3, 2, 4, -6, 0, -2, 4, 2, -2, 6, -2, 5, -6, -6, 1, -5, 5, -5, -6, -1, -2, -1, -6, -2, 5, 2, 5, 3, -6, 1, -1, 4, -4, 3, -4, -1, -6, 1, -2, 4, 6, -4, 0, -3, 4, -2, -2, -5, -4, -2, -1, -4, 6, 2, -1, 0, 0, 1, 0, -1, -6, -1, -3, -6, 3, 1, -2, 2, -4, -6, 4, 0, 2, -4, -4, 6, -1, 3, -6, -1]
 
0.307736090383: [-6, -3, 5, 3, -4, 4, 4, -1, -6, 4, 4, 4, 4, 1, -5, 6, 6, 6, 3, -3, 5, 1, -3, -6, -1, -5, -5, -2, 1, -4, 1, 5, -3, -3, -6, 5, -4, -4, -1, -1, 6, 0, -3, -6, -3, 2, 5, -5, -3, 2, 4, -2, 1, -2, 4, 6, -3, 6, -2, -2, -6, -2, 1, -5, 5, -5, -6, -1, 5, -1, -6, -6, 4, 5, 5, 3, -6, 1, -1, -4, -4, 3, 4, -1, -4, 1, -1, 4, 5, -4, 0, -3, 4, 3, 6, -5, -4, 2, -1, 1, -5, 2, 0, -1, 0, 2, 0, 4, 3, -6, 1, -1, -5, 5, 0, 5, -4, 4, 4, 0, 4, -4, -4, 6, -1, 3, -4, -4]
 
5.33455564708: [-3, -3, 4, 5, -4, 3, -3, 1, -5, 4, 2, 4, 0, 1, -5, 6, 4, -4, -2, -3, 5, -4, -3, -6, -1, 6, -1, -2, -3, 3, 1, 3, -3, -3, -6, 5, 3, 3, -1, -1, 5, 0, -3, -6, 1, 2, -5, -5, -3, 2, 4, -6, 0, -2, 4, 2, -2, 6, -2, 5, -6, -6, 1, -5, 5, -5, -6, -1, -2, -1, -6, -2, 5, 2, 5, 3, -4, 1, -1, 4, -4, 3, -4, -1, -6, 1, -2, 4, 6, -4, 0, -3, 4, -2, -2, -5, -4, -2, -1, -4, 6, 2, -1, 0, 0, 1, 0, -1, -6, -1, -3, -6, 3, 1, -2, 2, -4, -6, 4, 0, 2, -4, -4, 6, -1, 3, -6, -1]
 
1.48137866577: [-3, -3, 6, 5, -4, 3, 2, 1, 3, 4, 6, 0, -4, -3, 2, 2, 4, -4, -2, -3, -5, -4, -4, 3, -1, 6, 3, 3, -4, 3, 1, 6, -5, -3, -6, 5, 5, 3, -1, -4, 4, 2, -3, -6, 1, 2, -5, -5, -3, 2, 4, -6, 1, -2, -6, 6, -3, 6, -2, -6, 5, -6, -6, 3, -5, -5, 1, 0, -2, -2, -3, -6, 5, 2, 5, 1, 0, 1, -1, 4, -4, 3, -2, -4, -6, -1, -2, 4, 0, -6, 0, 2, 4, -2, -2, 0, -4, 4, -1, -4, 6, 2, -1, 0, 0, 1, -4, -1, -6, 3, 0, 3, 3, 1, -2, 2, -4, 4, 0, 0, 2, -2, 6, 6, -5, 3, -6, -1]
 
5.29127594711: [-3, -3, 4, 5, -4, 3, -3, 1, -5, 4, 2, 4, 0, 1, -5, 6, 4, -4, -2, -3, 5, -4, -3, -6, -3, 6, -1, -2, -3, 3, 1, 3, -3, -3, -6, 5, 3, 3, -1, -1, 5, 0, -3, -6, 1, 2, -5, -5, -3, 2, 4, -6, 0, -2, 4, 2, -2, 6, -2, 5, -6, -6, 1, -5, 5, -5, -6, -1, -2, -1, -6, -2, 5, 2, 5, 3, -6, 1, -1, 4, -4, 3, -4, -1, -6, 1, -2, 4, 6, -4, 0, -3, 4, -2, -2, -5, -4, -3, -1, -4, 6, 2, -1, 0, 0, 1, 0, -1, -6, -1, -3, -6, 3, 1, -2, 2, -4, -6, 4, 0, 2, -4, -4, 6, -1, 3, -6, -1]
 
