4.844957323762144: [-3, -3, 4, 5, -4, 3, -3, 1, -5, 4, 2, 0, -4, 1, -5, 6, 4, -4, -2, -3, 5, -4, -3, -6, -1, 6, -1, -2, -3, 3, 1, 3, -3, -3, -6, 5, 3, 3, -1, -1, 5, 0, -3, -6, 1, 2, -5, -5, -3, 2, 4, -6, 0, -2, 4, 2, -2, 6, -2, 5, -6, -6, 1, -5, 5, -5, -6, -1, -2, -1, -6, -2, 5, 2, 5, 3, -6, 1, -1, 6, -4, 3, -4, -1, 1, 1, -2, 4, 6, 5, 0, -3, 4, -2, -2, -5, -4, -3, -1, 1, 6, 2, -3, -1, 0, 6, 0, 4, -6, 1, 3, -1, -5, 5, 0, 0, -2, 4, 4, 0, 2, -4, -4, 6, -1, 3, -6, -1]
 
4.7825993856527775: [-3, -3, 1, 5, -4, 3, 4, 1, -6, 4, 2, 4, 0, 1, -5, 6, 4, -4, -2, -3, 5, -4, -3, -6, -3, 6, -1, -2, -3, 3, 1, 3, -3, -3, -6, 5, 3, 3, -1, -1, 5, 0, -3, -6, 1, 2, -5, -5, -3, 2, 4, -2, 1, -2, 4, 2, -2, 6, -2, 5, -6, -6, 1, -5, 5, -5, -6, -1, -2, -1, -6, -2, 5, 2, 5, 3, -6, 1, -1, 6, -4, 3, -4, -1, 1, 1, -2, 4, 6, 5, 0, -3, 4, -2, -2, -5, -4, -3, -1, 1, 6, 2, -3, -1, 0, 6, 0, 4, -6, 1, 3, -1, -5, 5, 0, 0, -2, 4, 4, 0, 2, -4, -4, 6, -1, 3, -6, -1]
 
4.700891546908266: [-3, -3, 1, 5, -4, 3, 4, 1, -6, 4, 2, 4, 0, 1, -5, 6, 6, -4, -2, -3, 5, -4, -3, -6, -3, 6, -1, -2, -3, 3, 1, 3, -3, -3, -6, 5, 3, 3, -1, -1, 5, 0, -3, -6, 1, 2, -5, -5, -3, 2, 4, -2, 1, -2, 4, 2, -2, 6, -2, 5, -6, -6, 1, -5, 5, -5, -6, -1, -2, -1, -6, -2, 5, 2, 5, 3, -6, 1, -1, 6, -4, 3, -4, -1, 1, 1, -2, 4, 6, 5, 0, -3, 4, -2, -2, -5, -4, -3, -1, 1, 6, 2, -3, -1, 0, 6, 0, 4, -6, 1, 3, -1, -5, 5, 0, 0, -2, 4, 4, 0, 2, -4, -4, 6, -1, 3, -6, -1]
 
4.697930429272594: [-3, -3, 1, 5, -4, 3, 4, 1, -6, 4, 2, 4, 0, 1, -5, 6, 4, -4, -2, -3, 5, -4, -3, -6, -3, 6, -1, -2, -3, 3, 1, 3, -3, -3, -6, 5, 3, 3, -1, -1, 5, 0, -3, -6, 1, 2, -5, -5, -3, 2, 4, -2, 1, -2, 4, 2, -2, 6, -2, 5, -6, -6, 1, -5, 5, -5, -6, -1, -2, -1, -6, -2, 5, 2, 5, 3, -6, 1, -1, 6, -4, 3, -4, -1, 1, 1, -2, 4, 6, 5, 0, -3, 4, -2, -2, -5, -4, -3, -1, 1, 6, 2, -3, -1, 0, 6, 0, 4, -6, 1, 3, -1, -5, 5, 0, 2, -4, -6, 4, 0, 2, -4, -4, 6, -1, 3, -6, -1]
 
4.6746662848921865: [-3, -3, 1, 5, -4, 3, 4, 1, -6, 4, 2, 4, 0, 1, -5, 6, 6, -4, -2, -3, 5, -4, -3, -6, -1, 6, -1, -2, -3, 3, 1, 3, -3, -3, -6, 5, 3, 3, -1, -1, 5, 0, -3, -6, 1, 2, -5, -5, -3, 2, 4, -2, 1, -2, 4, 6, -3, 6, -2, -2, 5, -6, -5, -5, 5, -5, -6, -2, -2, -2, -2, -2, 2, 2, 4, 3, -4, 1, -1, 4, -4, 3, -4, -1, -6, 1, -2, 4, 6, -4, 0, -3, 4, -2, 0, -5, -1, -2, -1, -4, 6, 2, -1, 0, 0, 1, 0, -1, -6, -1, -3, -6, 3, 1, -2, 2, -4, -6, 4, 0, 2, -4, -4, 6, -1, 3, -6, -1]
 
1.04772784839: [-1, -3, 4, 5, -4, 2, -3, 0, -5, 4, 2, 0, -5, 1, -6, 2, 4, -4, -2, -3, 6, -4, -3, -6, -1, -4, -1, -2, -3, -6, 1, -4, 5, -3, -6, 5, 3, 5, 3, 1, 5, -6, 6, 2, -1, 2, -5, -5, -3, 2, 4, -6, -4, -2, -1, 2, -2, -3, 5, 5, -4, -6, 1, -5, 5, -5, -3, -1, 5, -1, -6, 4, 2, -3, 5, 3, -6, 0, -3, 6, -4, 3, -4, -4, 1, 1, 3, -6, -4, 5, 0, -3, 6, 2, -2, -2, -4, -1, -1, 2, 6, 2, -3, -1, -5, 6, 0, 4, -6, 1, 3, -1, 1, -3, 0, 0, -2, 4, 4, 0, 2, -4, -4, 6, 2, 3, -1, -1]
 
4.54030278002678: [-3, -3, -3, 5, -4, 3, -1, -5, -6, 4, 2, 0, 0, 1, -5, 6, 6, -4, -2, -3, 5, -4, -3, -6, -3, 6, -1, -2, -3, 3, 1, 3, -3, -3, -6, 5, 3, 3, -1, -1, 5, 0, -3, -6, 1, 2, -5, -5, -3, 2, 4, -2, 1, -2, 4, 6, -3, 6, -2, -2, 5, -6, -5, -5, 5, -5, -6, -2, -2, -2, -2, -2, 2, 2, 4, 3, -4, 1, -1, 4, -4, 3, -4, -1, -6, 1, -2, 4, 6, -4, 0, -3, 4, -2, 0, -5, -1, -2, -1, -4, 6, 2, -1, 0, 0, 1, 0, -1, -6, -1, -3, -6, 3, 1, -2, 2, -4, -6, 4, 0, 2, -4, -4, 6, -1, 3, -6, -1]
 
4.539286382530387: [-3, -3, -3, 5, -4, 3, -1, -5, -6, 4, 2, 0, 0, 1, -5, 6, 4, -4, -2, -3, -5, -4, -3, -6, -3, 6, -1, -2, 0, 3, 1, -2, -3, -3, -6, 5, 3, 3, -1, -1, 5, 0, -3, -6, 1, 2, -5, -5, -3, -3, 4, -6, 0, -2, 4, 2, -2, 6, -2, 5, -6, -6, 1, -5, 5, -5, -6, -1, -2, -1, -2, -2, 2, 2, 4, 3, -4, 1, -1, 4, -4, 3, -4, -1, -6, 1, -2, 4, 6, -4, 0, -3, 4, -2, 0, -5, -1, -2, -1, -4, 6, 2, -1, 0, 0, 1, 0, -1, -6, -1, -3, -6, 3, 1, -2, 2, -4, -6, 4, 0, 2, -4, -4, 6, -1, 3, -6, -1]
 
1.79428265259: [-3, -3, 1, 5, -4, 3, -3, -1, -4, 4, -5, 3, 0, 1, -4, 6, 6, -6, -2, -3, 3, -4, -3, -6, -1, 5, -1, -2, 1, -4, -2, -3, -3, -6, -6, 1, 3, 3, -1, 4, 5, 0, -3, -5, -2, 2, 1, -5, -3, 2, 4, -6, 0, 1, 4, 6, 2, 6, -6, 5, -6, -6, -6, -5, -3, -5, -3, -1, -2, -4, -6, -2, -6, 2, 5, 3, -2, 1, -1, 6, 1, 3, -4, -1, 5, 1, 1, 4, -3, 5, 0, -6, 6, -3, -2, -5, -4, 4, -1, -4, 6, -3, -2, -1, 4, 6, 0, 4, -6, 1, 3, -2, 4, 3, 0, 6, 4, -5, -5, 0, 2, 0, -4, 4, -1, 3, 5, -1]
 
4.476189315664441: [-3, -3, 1, 5, -4, 3, -3, 1, -5, 4, 2, 0, 0, 1, -5, 6, 6, -4, -2, -3, 5, -4, -3, -6, -1, 6, -1, -2, -3, 3, 1, 3, -3, -3, -6, 5, 3, 3, -1, -1, 5, 0, -3, -6, 1, 2, -5, -5, -3, 2, 4, -6, 0, -2, 4, 2, -2, 6, -2, 5, -6, -6, 1, -5, 5, -5, -6, -1, -2, -1, -6, -2, 5, 2, 5, 3, -6, 1, -1, 6, -4, 3, -4, -1, 1, 1, -2, 4, 6, 5, 0, -3, 4, -2, -2, -5, -4, -3, -1, 1, 6, 2, -3, -1, 0, 6, 0, 4, -6, 1, 3, -1, -5, 5, 0, 0, -2, 4, 4, 0, 2, -4, -4, 6, -1, 3, -6, -1]
 
4.474124323371765: [-3, -3, -3, 5, -4, 3, -1, -5, -6, 4, 2, 0, 0, 1, -5, 6, 6, -4, -2, -3, 5, -4, -3, -6, -1, 6, -1, -2, -3, 3, 1, 3, -3, -3, -6, 5, 3, 3, -1, -1, 5, 0, -3, -6, 1, 2, -5, -5, -3, 2, 4, -2, 1, -2, 4, 6, -3, 6, -2, -2, 5, -6, -5, -5, 5, -5, -6, -2, -2, -2, -2, -2, 2, 2, 4, 3, -4, 1, -1, 4, -4, 3, -4, -1, -6, 1, -2, 4, 6, -4, 0, -3, 4, -2, 0, -5, -1, -2, -1, -4, 6, 2, -1, 0, 0, 1, 0, -1, -6, -1, -3, -6, 3, 1, -2, 2, -4, -6, 4, 0, 2, -4, -4, 6, -1, 3, -6, -1]
 
4.453685202229725: [-3, -3, 1, 5, -4, 3, -3, 1, -5, 4, 2, 0, 0, 1, -5, 6, 6, -4, -2, -3, 5, -4, -3, -6, -1, 6, -1, -2, -3, 3, 1, 3, -3, -3, -6, 5, 3, 3, -1, -1, 5, 0, -3, -6, 1, 2, -5, -5, -3, 2, 4, -2, 1, -2, 4, 6, -3, 6, -2, -2, 5, -6, -5, -5, 5, -5, -6, -2, -2, -2, -2, -2, 2, 2, 4, 3, -4, 1, -1, 4, -4, 3, -4, -1, -6, 1, -2, 4, 6, -4, 0, -3, 4, -2, 0, -5, -1, -2, -1, -4, 6, 2, -1, 0, 0, 1, 0, -1, -6, -1, -3, -6, 3, 1, -2, 2, -4, -6, 4, 0, 2, -4, -4, 6, -1, 3, -6, -1]
 
4.396239387039607: [-3, -3, -3, 5, -4, 3, -1, -5, -6, 4, 2, 0, 0, 1, -5, 6, 6, -4, -2, -3, 5, -4, -3, -6, -1, 6, -1, -2, -3, 3, 1, 3, -3, -3, -6, 5, 3, 3, -1, -1, 5, 0, -3, -6, 1, 2, -5, -5, -3, 2, 4, -6, 0, -2, 4, 2, -2, 6, -2, 5, -6, -6, 1, -5, 5, -5, -6, -1, -2, -1, -6, -2, 5, 2, 5, 3, -6, 1, -1, 6, -4, 3, -4, -1, 1, 1, -2, 4, 6, 5, 0, -3, 4, -2, -2, -5, -4, -3, -1, 1, 6, 2, -3, -1, 0, 6, 0, 4, -6, 1, 3, -1, -5, 5, 0, 0, -2, 4, 4, 0, 2, -4, -4, 6, -1, 3, -6, -1]
 
4.370589179791816: [-3, -3, 4, 5, -4, 3, -3, 1, -5, 4, 2, 0, 0, 1, -5, 6, 6, -4, -2, -3, 5, -4, -3, -6, -1, 6, -1, -2, -3, 3, 1, 3, -3, -3, -6, 5, 3, 3, -1, -1, 5, 0, -3, -6, 1, 2, -5, -5, -3, 6, -1, -1, 6, -2, 4, 6, 3, 2, -3, -2, 0, 3, -6, -5, -6, 1, -4, -5, -2, -6, -3, 5, 6, -4, 4, -6, 4, 0, -2, 4, -4, 3, -4, -1, -6, 1, -2, 4, 6, -4, 0, -3, 4, -2, 0, -5, -1, -2, -1, -4, 6, 2, -1, 0, 0, 1, 0, -1, -6, -1, -3, -6, 3, 1, -2, 2, -4, -6, 4, 0, 2, -4, -4, 6, -1, 3, -6, -1]
 
4.351185916962531: [-3, -3, -3, 5, -4, 3, -1, -5, -6, 4, 2, 0, 0, 1, -5, 6, 6, -4, -2, -3, 5, -4, -3, -6, -1, 6, -1, -2, -3, 3, 1, 3, -3, -3, -6, 5, 3, 3, -1, -1, 5, 0, -3, -6, 1, 2, -5, -5, -3, 2, 4, -2, 1, -2, 4, 6, -3, 6, -2, -2, 5, -6, -5, -5, 5, -5, -6, -2, -2, -2, -2, -2, 2, 2, 4, 3, -4, 1, -1, 4, -4, 3, -4, -1, -6, 1, -2, 4, 6, -4, 0, -3, 4, -2, 0, -5, -1, -2, -1, -4, 6, 2, -1, 0, 0, 1, 0, -1, -6, -1, -3, -6, 3, 5, 0, 0, -2, 4, 4, 0, 2, -4, -4, 6, -1, 3, -6, -1]
 
1.41751513426: [5, -3, 0, 5, 0, 3, 4, 1, 3, 4, 2, 4, 0, 1, -5, 6, 3, -4, -2, -3, -1, 1, -3, -6, -3, 6, -1, -4, -3, 3, 1, 3, 0, -3, -3, 5, 1, 3, -1, -1, 1, 0, -6, -4, -2, 3, -2, 3, -3, 2, 4, -2, -4, 1, -1, -5, 5, 6, 0, -2, 5, -6, -5, -5, 5, -5, 2, 2, 5, -2, -2, -6, 2, -1, 4, -6, -1, 2, -1, 4, -4, -6, -4, -6, -6, 3, -4, 4, 3, -4, 0, -3, 4, -2, -5, -5, -1, -2, -3, 5, 6, 2, -1, 0, 5, -1, 0, 0, -6, -1, -6, -6, -5, -4, -2, 2, 0, -6, -5, 0, 2, -2, -4, 6, -1, 6, -6, -1]
 
4.320218040597002: [-3, -3, 1, 5, -4, 3, -3, 1, -5, 4, 2, 0, 0, 1, -5, 6, 6, -4, -2, -3, 5, -4, -3, -6, -1, 6, -1, -2, -3, 3, 1, 3, -3, -3, -6, 5, 3, 3, -1, -1, 5, 0, -3, -6, 1, 2, -5, -5, -3, 2, 4, -6, 0, -2, 4, 2, -2, 6, -2, 5, -6, -6, 1, -5, 5, -5, -6, -1, -2, -1, -6, -2, 5, 2, 5, 3, -6, 1, -1, 6, -4, 3, -4, -1, 1, 1, -2, 4, 6, 5, 0, -3, 4, -2, -2, -5, -4, -3, -1, 1, 6, 2, -3, -1, 0, 6, 0, 4, -6, 1, 3, -1, -5, 5, 0, 0, -2, 4, 4, 0, 2, -4, -4, 6, -1, 3, -6, -1]
 
4.304259101958255: [-3, -3, 4, 5, -4, 3, -3, 1, -5, 4, 2, 0, -4, 1, -5, 6, 4, -4, -2, -3, 5, -4, -3, -6, -1, 6, -1, -2, -3, 3, 1, 3, -3, -3, -6, 5, 3, 3, -1, -1, 5, 0, -3, -6, 1, 2, -5, -5, -3, 2, 4, -6, 0, -2, 4, 2, -2, 6, -2, 5, -6, -6, 1, -5, 5, -5, -6, -1, -2, -1, -6, -2, 5, 2, 5, 3, -6, 1, -1, 6, -4, 3, -4, -1, 1, 1, -2, 4, 6, 5, 0, -3, 4, -2, -2, -5, -4, -3, -1, 1, 6, 2, -3, -1, 0, 6, 0, 4, -6, 1, 3, -1, -5, 5, 0, 0, -2, 4, 4, 0, 2, -4, -4, 6, -1, 3, -6, -1]
 
0.59415108615: [-3, -3, 1, -3, -4, -1, 4, 1, 1, 0, 2, 4, 0, 1, -5, 6, -5, 6, -2, -3, 1, -6, -3, -5, -3, 5, -1, 3, -3, 3, -2, 1, 4, -2, -6, 5, 3, 3, -1, -5, 5, 0, 1, 5, 1, 2, 0, 0, -3, -1, 4, -2, 1, -5, 4, 6, 6, 6, -2, -2, 5, -1, -5, -5, 5, -5, -6, -2, 2, -4, 0, -2, 2, 3, 4, 3, -4, -3, -1, 4, -4, 1, -4, -1, -6, 1, -2, 1, 6, 0, 0, -4, 4, -2, 2, 2, -1, -2, -3, -6, 6, 2, -4, -2, -4, -4, -6, -1, -6, 0, -2, -2, 3, 1, 4, 5, -1, -6, -1, 0, 2, -4, -3, 3, -1, 5, -6, -1]
 
4.242256352032522: [-3, -3, 4, 5, -4, 3, -3, 1, -5, 4, 2, 0, -4, 1, -5, 6, 4, -4, -2, -3, 5, -4, -3, -6, -1, 6, -1, -2, -3, 3, 1, 3, -3, -3, -6, 5, 3, 3, -1, -1, 5, 0, -3, -6, 1, 2, -5, -5, -3, 2, 4, -6, 0, -2, 4, 2, -2, 6, -2, 5, -6, -6, 1, -5, 5, -5, -6, -1, -2, -1, -6, -2, 5, 2, 5, 3, -6, 1, -1, 6, -4, 3, -4, -1, -6, 1, -2, 4, 6, -4, 0, -3, 4, -2, 0, -5, -1, -2, -3, 6, 6, 2, -1, 0, 0, 1, 0, -1, -6, -1, -3, -6, 3, 1, -2, 2, -4, -6, 4, 0, 2, -4, -4, 6, -1, 3, -6, -1]
 
4.219178031471751: [-3, -3, -3, 5, -4, 3, -1, -5, -6, 4, 2, 0, 0, 1, -5, 6, 6, -4, -2, -3, 5, -4, -3, -6, -1, 6, -1, -2, -3, 3, 1, 3, -3, -3, -6, 5, 3, 3, -1, -1, 5, 0, -3, -6, 1, 2, -5, -5, -3, 2, 4, -6, 0, -2, 4, 2, -2, 6, -2, 5, -6, -6, 1, -5, 5, -5, -6, -1, -2, -1, -6, -2, 5, 2, 5, 3, -6, 1, -1, 6, -4, 3, -4, -1, 1, 1, -2, 4, 6, 5, 0, -3, 4, -2, -2, -5, -4, -3, -1, 1, 6, 2, -3, -1, 0, 6, 0, 4, -6, 1, 3, -1, -5, 5, 0, 0, -2, 4, 4, 0, 2, -4, -4, 6, -1, 3, -6, -1]
 
4.214913041833063: [-3, -3, -3, 5, -4, 3, -1, -5, -6, 4, 2, 0, 0, 1, -5, 6, 6, -4, -2, -3, 5, -4, -3, -6, -3, 6, -1, -2, -3, 3, 1, 3, -3, -3, -6, 5, 3, 3, -1, -1, 5, 0, -3, -6, 1, 2, -5, -5, -3, 2, 4, -2, 1, -2, 4, 2, -2, 6, -2, 5, -6, -6, 1, -5, 5, -5, -6, -1, -2, -1, -6, -2, 5, 2, 5, 3, -6, 1, -1, 6, -4, 3, -4, -1, 1, 1, -2, 4, 6, 5, 0, -3, 4, -2, -2, -5, -4, -3, -1, 1, 6, 2, -3, -1, 0, 6, 0, 4, -6, 1, 3, -1, -5, 5, 0, 0, -2, 4, 4, 0, 2, -4, -4, 6, -1, 3, -6, -1]
 
4.200797948588019: [-3, -3, 1, 5, -4, 3, 4, 1, -6, 4, 2, 4, 0, 1, -5, 6, 4, -4, -2, -3, 5, -4, -3, -6, -1, 6, -1, -2, -3, 3, 1, 3, -3, -3, -6, 5, 3, 3, -1, -1, 5, 0, -3, -6, 1, 2, -5, -5, -3, 2, 4, -2, 1, -2, 4, 6, -3, 6, -2, -2, 5, -6, -5, -5, 5, -5, -6, -2, -2, -2, -2, -2, 2, 2, 4, 3, -4, 1, -1, 4, -4, 3, -4, -1, -6, 1, -2, 4, 6, -4, 0, -3, 4, -2, 0, -5, -1, -2, -3, 6, 6, 2, -1, 0, 0, 6, 0, 4, -6, 1, 3, -1, -5, 5, 0, 0, -2, 4, 4, 0, 2, -4, -4, 6, -1, 3, -6, -1]
 
4.1689587960087815: [-3, -3, 1, 5, -4, 3, -3, 1, -5, 4, 2, 0, 0, 1, -5, 6, 6, -4, -2, -3, 5, -4, -3, -6, -1, 6, -1, -2, -3, 3, 1, 3, -3, -3, -6, 5, 3, 3, -1, -1, 5, 0, -3, -6, 1, 2, -5, -5, -3, 2, 4, -6, 0, -2, 4, 2, -2, 6, -2, 5, -6, -6, 1, -5, 5, -5, -6, -1, -2, -1, -6, -2, 5, 2, 5, 3, -6, 1, -1, 6, -4, 3, -4, -1, 1, 1, -2, 4, 6, 5, 0, -3, 4, -2, -2, -5, -4, -3, -1, 1, 6, 2, -3, -1, 0, 6, 0, 4, -6, 1, 3, -1, -5, 5, 0, 0, -2, 4, 4, 0, 2, -4, -4, 6, -1, 3, -6, -1]
 
4.160377765605762: [-3, -3, -3, 5, -4, 3, -1, -5, -6, 4, 2, 0, 0, 1, -5, 6, 6, -4, -2, -3, 5, -4, -3, -6, -1, 6, -1, -2, -3, 3, 1, 3, -3, -3, -6, 5, 3, 3, -1, -1, 5, 0, -3, -6, 1, 2, -5, -5, -3, 2, 4, -6, 0, -2, 4, 2, -2, 6, -2, 5, -6, -6, 1, -5, 5, -5, -6, -1, -2, -1, -6, -2, 5, 2, 5, 3, -6, 1, -1, 6, -4, 3, -4, -1, 1, 1, -2, 4, 6, 5, 0, -3, 4, -2, -2, -5, -4, -3, -1, 1, 6, 2, -3, -1, 0, 6, 0, 4, -6, 1, 3, -1, -5, 5, 0, 0, -2, 4, 4, 0, 2, -4, -4, 6, -1, 3, -6, -1]
 
0.62417250548: [-3, -3, 4, -5, -4, 3, 6, -5, -6, 4, 4, 0, 0, 1, -5, -6, 6, -4, -2, 1, 1, -4, -3, -6, -1, -3, 6, -2, 1, 3, 1, -5, 1, -3, -6, 5, 2, -5, -1, -1, -4, 0, 4, -6, -3, 5, -5, -5, -3, 2, -6, 4, -6, -2, 4, 2, -2, 6, 6, -5, 6, -6, 1, -5, -4, -5, 1, -4, 6, -1, -6, -2, 5, 2, 5, 3, -6, 3, 1, -5, -3, 3, -4, -2, -1, -5, -1, 4, 6, -1, 2, -1, 4, 0, -2, 6, 0, -3, -1, -6, -6, 2, -3, 6, 0, -3, 0, -5, -6, 1, -4, -1, -2, 5, -2, 0, -2, 6, 4, 2, 0, -4, -4, 6, -1, 4, 6, 2]
 
4.129748694341785: [-3, -3, -3, 5, -4, 3, -1, -5, -6, 4, 2, 0, 0, 1, -5, 6, 6, -4, -2, -3, 5, -4, -3, -6, -1, 6, -1, -2, -3, 3, 1, 3, -3, -3, -6, 5, 3, 3, -1, -1, 5, 0, -3, -6, 1, 2, -5, -5, -3, 2, 4, -6, 0, -2, 4, 2, -2, 6, -2, 5, -6, -6, 1, -5, 5, -5, -6, -1, -2, -1, -6, -2, 5, 2, 5, 3, -6, 1, -1, 6, -4, 3, -4, -1, 1, 1, -2, 4, 6, 5, 0, -3, 4, -2, -2, -5, -4, -3, -1, 1, 6, 2, -3, -1, 0, 6, 0, 4, -6, 1, 3, -1, -5, 5, 0, 0, -2, 4, 4, 0, 2, -4, -4, 6, -1, 3, -6, -1]
 
4.1272468701437734: [-3, -3, 4, 5, -4, 3, -3, 1, -5, 4, 2, 0, -4, 1, -5, 6, 4, -4, -2, -3, -5, -4, -3, -6, -3, 6, -1, -2, 0, 3, 1, -2, -4, -3, -6, 5, 2, -4, 4, 2, -2, -4, -2, 5, 2, 1, -1, 1, -4, 6, -1, -1, 6, -2, 4, 6, 3, 2, -3, -2, 0, 3, -6, -5, -6, 1, -4, -5, -2, -6, -3, 5, 6, -4, 4, -6, 4, 0, -2, -5, -4, 6, 6, -4, 0, 3, -5, -6, 6, -4, 0, -3, 4, -2, 0, -5, -1, -2, -1, -4, 6, 2, 6, -5, -4, 6, 1, 3, 5, 1, 3, 2, 3, -1, 6, 4, -1, 6, -4, -4, 2, -2, 2, 1, -3, 2, 3, 5]
 
4.124148841055455: [-3, -3, 1, 5, -4, 3, 4, 1, -6, 4, 2, 4, 0, 1, -5, 6, 4, -4, -2, -3, 5, -4, -3, -6, -3, 6, -1, -2, -3, 3, 1, 3, -3, -3, -6, 5, 3, 3, -1, -1, 5, 0, -3, -6, 1, 2, -5, -5, -3, 2, 4, -2, 1, -2, 4, 6, -3, 6, -2, -2, 5, -6, -5, -5, 5, -5, -6, -2, -2, -2, -2, -2, 2, 2, 4, 3, -4, 1, -1, 4, -4, 3, -4, -1, -6, 1, -2, 4, 6, -4, 0, -3, 4, -2, 0, -5, -1, -2, -3, 6, 6, 2, -1, 0, 0, 6, 0, 4, -6, 1, 3, -1, -5, 5, 0, 0, -2, 4, 4, 0, 2, -4, -4, 6, -1, 3, -6, -1]
 
4.120536084855332: [-3, -3, 1, 5, -4, 3, 4, 1, -6, 4, 2, 4, 0, 1, -5, 6, 4, -4, -2, -3, 5, -4, -3, -6, -3, 6, -1, -2, -3, 3, 1, 3, -3, -3, -6, 5, 3, 3, -1, -1, 5, 0, -3, -6, 1, 2, -5, -5, -3, 2, 4, -2, 1, -2, 4, 6, -3, 6, -2, -2, 5, -6, -5, -5, 5, -5, -6, -2, -2, -2, -2, -2, 2, 2, 4, 3, -4, 1, -1, 4, -4, 3, -4, -1, -6, 1, -2, 4, 6, -4, 0, -3, 4, -2, 0, -5, -1, -2, -3, 6, 6, 2, -1, 0, 0, 1, 0, -1, -6, -1, -3, -6, 3, 1, -2, 2, -4, -6, 4, 0, 2, -4, -4, 6, -1, 3, -6, -1]
 
2.80932482546: [-3, -3, 1, 5, -4, 3, -1, -4, -1, 6, 2, -6, 1, 1, -5, 6, 6, -4, -2, -3, 1, -4, -3, -6, -1, 6, -1, -2, -3, 3, 5, 2, -4, -5, 0, 5, 6, 3, -1, -1, 3, 0, -3, -6, 1, -6, -4, 3, -3, 2, -6, -6, 6, -4, -6, 2, -2, 4, -2, 5, -6, -5, 1, -5, 2, -5, -6, -1, -6, -1, 3, -2, 4, 1, 5, 5, -6, 1, -1, 6, 0, 3, -4, -4, 1, 1, 2, 4, 0, -4, 0, -3, 4, -2, -2, -2, -3, -3, -1, -6, 6, -4, -3, -1, 0, 3, 0, 6, -6, 1, -6, -1, -5, 0, 0, -1, -4, 4, 2, 0, 2, 0, -4, 6, -1, 4, -3, -1]
 
1.3078717794: [2, -2, 1, 0, -4, 3, -3, 1, -5, 4, 2, 0, 4, 2, -5, 6, 6, -4, 2, -1, 5, -4, -3, 1, -3, 6, 3, -5, -6, 3, 1, 3, -3, 0, -6, 4, 3, 3, 6, -1, 2, 0, -2, -6, -1, 6, -2, -2, 2, 1, 2, -2, 1, -2, 4, -3, -3, 6, -2, -2, 2, -6, -5, -5, 5, -2, -6, -2, -2, -2, -2, 5, 3, -6, 5, 3, -4, 1, -1, 4, -4, 3, -4, -6, -6, 4, -2, 4, -6, -4, -1, -3, 1, 3, 0, -5, -3, -2, 1, 6, 3, -4, -1, 0, 6, 6, 0, -6, -6, 1, -6, -1, -5, 5, 0, 1, -2, 4, 3, 0, 2, -6, 4, 6, -1, -3, -6, -1]
 
3.88951055206: [-3, -3, -3, 5, -4, 3, -1, -5, -6, 4, 2, 0, 0, 1, -5, 6, 6, -4, -2, -3, 5, -4, -3, -6, -1, 6, -1, -2, -3, 3, 1, 3, -3, -3, -6, 5, 3, 3, -1, -1, 5, 0, -3, -6, 1, 2, -5, -5, -3, 2, 4, -2, 1, -2, 4, 6, -3, 6, -2, -2, 5, -6, -5, -5, 5, -5, -6, -2, -2, -2, -2, -2, 2, 2, 4, 3, -4, 1, -1, 4, -4, 3, -4, -1, -6, 1, -2, 4, 6, -4, 0, -3, 4, -2, 0, -5, -1, -2, -3, 6, 6, 2, -1, 0, 0, 6, 0, 4, -6, 1, 3, -1, -5, 5, 0, 0, -2, 4, 4, 0, 2, -4, -4, 6, -1, 3, -6, -1]
 
4.53523051307: [-3, -3, 1, 5, -4, 3, 4, 1, -6, 4, 2, 4, 0, 1, -5, 6, 4, -4, -2, -3, 5, -4, -3, -6, -1, 6, -1, -2, -3, 3, 1, 3, -3, -3, -6, 5, 3, 3, -1, -1, 5, 0, -3, -6, 1, 2, -5, -5, -3, 2, 4, -2, 1, -2, 4, 6, -3, 6, -2, -2, 5, -6, -5, -5, 5, -5, -6, -2, -2, -2, -2, -2, 2, 2, 4, 3, -4, 1, -1, 4, -4, 3, -4, -1, -6, 1, -2, 4, 6, -4, 0, -3, 4, -2, 0, -5, -1, -2, -1, -4, 6, 2, -1, 0, 0, 1, 0, -1, -6, -1, -3, -6, 3, 1, -2, 2, -4, -6, 4, 0, 2, -4, -4, 6, -1, 3, -6, -1]
 
0.178582152392: [-2, -3, -3, 2, -4, 3, 3, -5, -6, 4, 2, 0, 0, -4, -5, 6, 6, -4, -1, -3, 5, 6, -3, 0, -1, 6, -1, -2, 1, -6, -4, 3, 6, -1, -6, 5, -5, 6, -1, -1, -2, 0, -3, -6, 1, 2, -3, -5, -3, 2, -5, -3, 4, -2, 4, 6, -3, 6, -2, 1, 5, -6, -1, -6, 2, 4, -6, -2, -2, -2, -4, -2, -3, 3, 4, 3, -4, 1, -1, 1, -1, 3, -4, -2, 1, 1, -2, 4, -3, 5, 0, -4, -3, 4, 2, -5, -4, -3, -1, -6, 2, 5, 4, -1, 0, 6, -3, 4, -6, 0, 3, -1, -6, 2, -2, 4, -2, -5, -3, 0, -5, -4, -6, 6, -1, -6, -6, -1]
 
4.35265469654: [-3, -3, -3, 5, -4, 3, -1, -5, -6, 4, 2, 0, 0, 1, -5, 6, 6, -4, -2, -3, 5, -4, -3, -6, -1, 6, -1, -2, -3, 3, 1, 3, -3, -3, -6, 5, 3, 3, -1, -1, 5, 0, -3, -6, 1, 2, -5, -5, -3, 2, 4, -6, 0, -2, 4, 2, -2, 6, -2, 5, -6, -6, 1, -5, 5, -5, -6, -1, -2, -1, -6, -2, 5, 2, 5, 3, -6, 1, -1, 6, -4, 3, -4, -1, -6, 1, -2, 4, 6, -4, 0, -3, 4, -2, 0, -5, -1, -2, -1, -4, 6, 2, -1, 0, 0, 1, 0, -1, -6, -1, -3, -6, 3, 5, 0, 0, -2, 4, 4, 0, 2, -4, -4, 6, -1, 3, -6, -1]
 
0.705359915683: [-3, -3, 1, 5, -4, 3, -3, 2, -5, 4, 6, -4, 4, 1, -3, 6, 6, -4, 4, -3, 5, -6, -3, -6, -1, 0, -1, -2, 4, 3, 1, 3, -5, -3, -6, 5, -3, 1, -1, -1, 5, -3, 1, -6, 1, 2, -2, 2, -3, -2, 4, -2, 1, 4, 2, -3, -3, -1, -2, -2, -5, 3, -5, -5, 5, -5, 3, -3, -2, -2, -2, 5, 2, 2, 4, 3, -4, 1, -1, 4, -4, 3, -4, 0, -6, 1, 0, 4, 6, 4, 0, -3, 4, -2, -3, -5, 1, -2, -1, -3, 6, 2, -1, -4, 3, 4, 6, -1, -6, 5, -6, 0, 4, 1, -2, 2, -4, -6, -6, 1, 2, -4, -4, 6, -2, -5, -2, -1]
 
4.54311806045: [-3, -3, 1, 5, -4, 3, -3, 1, -5, 4, 2, 0, 0, 1, -5, 6, 6, -4, -2, -3, 5, -4, -3, -6, -1, 6, -1, -2, -3, 3, 1, 3, -3, -3, -6, 5, 3, 3, -1, -1, 5, 0, -3, -6, 1, 2, -5, -5, -3, 2, 4, -6, 0, -2, 4, 2, -2, 6, -2, 5, -6, -6, 1, -5, 5, -5, -6, -1, -2, -1, -6, -2, 5, 2, 5, 3, -6, 1, -1, 6, -4, 3, -4, -1, 1, 1, -2, 4, 6, 5, 0, -3, 4, -2, -2, -5, -4, -3, -1, 1, 6, 2, -3, -1, 0, 6, 0, 4, -6, 1, 3, -1, -5, 5, 0, 0, -2, 4, 4, 0, 2, -4, -4, 6, -1, 3, -6, -1]
 
4.57519750331: [-3, -3, 1, 5, -4, 3, 4, 1, -6, 4, 2, 4, 0, 1, -5, 6, 6, -4, -2, -3, 5, -4, -3, -6, -1, 6, -1, -2, -3, 3, 1, 3, -3, -3, -6, 5, 3, 3, -1, -1, 5, 0, -3, -6, 1, 2, -5, -5, -3, 2, 4, -2, 1, -2, 4, 6, -3, 6, -2, -2, 5, -6, -5, -5, 5, -5, -6, -2, -2, -2, -2, -2, 2, 2, 4, 3, -4, 1, -1, 4, -4, 3, -4, -1, -6, 1, -2, 4, 6, -4, 0, -3, 4, -2, 0, -5, -1, -2, -1, -4, 6, 2, -1, 0, 0, 1, 0, -1, -6, -1, -3, -6, 3, 1, -2, 2, -4, -6, 4, 0, 2, -4, -4, 6, -1, 3, -6, -1]
 
0.597404233541: [-3, -3, 4, 6, -6, 3, -3, 1, 3, -2, -6, 0, 0, 1, 3, -2, 6, -4, -2, -4, 5, 2, -4, 2, -3, -5, 6, 5, -3, -3, 1, 3, 1, -3, -6, 6, 5, 5, 3, -1, -4, -3, -3, -6, 3, 2, -5, -5, -3, 6, 6, 3, -6, 3, -6, 2, -2, -5, 2, -4, -3, -6, 4, -3, 4, -5, 5, -3, 0, -1, 4, -2, 2, 6, 1, -1, -1, 1, -1, 0, -4, 6, 2, 2, 1, 1, -3, -3, 2, -2, -4, 6, -1, -2, -4, -5, -2, 3, -4, 1, 6, -5, 2, -3, -6, 6, 0, 4, -4, 3, -5, 5, 3, -6, 0, 2, -2, 4, 4, 6, -5, 6, 0, 5, -5, 3, -6, -5]
 
3.98479184983: [-3, -3, -3, 5, -4, 3, -1, -5, -6, 4, 2, 0, 0, 1, -5, 6, 6, -4, -2, -3, 5, -4, -3, -6, -1, 6, -1, -2, -3, 3, 1, 3, -3, -3, -6, 5, 3, 3, -1, -1, 5, 0, -3, -6, 1, 2, -5, -5, -3, 2, 4, -2, 1, -2, 4, 6, -3, 6, -2, -2, 5, -6, -5, -5, 5, -5, -6, -2, -2, -2, -2, -2, 2, 2, 4, 3, -4, 1, -1, 4, -4, 3, -4, -1, -6, 1, -2, 4, 6, -4, 0, -3, 4, -2, 0, -5, -1, -2, -3, 6, 6, 2, -1, 0, 0, 6, 0, 4, -6, 1, 3, -1, -5, 5, 0, 0, -2, 4, 4, 0, 2, -4, -4, 6, -1, 3, -6, -1]
 
0.412067865321: [-3, -3, 1, 5, -4, -5, -3, -5, 4, 4, 3, 0, 0, 1, -5, 6, 6, -4, -6, -5, 5, 4, 6, -6, -3, -4, -1, 4, -3, 3, 6, 3, -1, 1, -6, 5, -2, 3, -1, -1, -4, 0, -3, 4, 1, 2, -5, -5, 0, 5, 4, 0, 1, -2, 5, -5, -3, -1, -2, -2, 0, -6, -5, 5, 5, 5, -4, -2, -2, -3, -5, 0, 2, -4, -3, 3, 4, 1, -1, 4, -4, 3, 1, 4, 4, 1, -2, 4, 6, -2, 0, -3, 4, 2, -4, -5, 5, -2, 4, 6, 6, 2, -1, 5, -5, 1, 5, 4, -4, 1, 3, -1, 2, 5, 0, 0, -2, 4, 4, 0, 2, 1, -4, 0, -1, 3, 5, -3]
 
3.67179419793: [-3, -3, -3, 5, -4, 3, -1, -5, -6, 4, 2, 0, 0, 1, -5, 6, 6, -4, -2, -3, 5, -4, -3, -6, -1, 6, -1, -2, -3, 3, 1, 3, -3, -3, -6, 5, 3, 3, -1, -1, 5, 0, -3, -6, 1, 2, -5, -5, -3, 2, 4, -2, 1, -2, 4, 6, -3, 6, -2, -2, 5, -6, -5, -5, 5, -5, -6, -2, -2, -2, -2, -2, 2, 2, 4, 3, -4, 1, -1, 4, -4, 3, -4, -1, -6, 1, -2, 4, 6, -4, 0, -3, 4, -2, 0, -5, -1, -2, -1, -4, 6, 2, -1, 0, 0, 1, 0, -1, -6, -1, -3, -6, 3, 5, -2, 2, -4, -6, 4, 0, 2, -4, -4, 6, -1, 3, -6, -1]
 
0.429972514063: [0, -3, -5, 5, 4, 3, 5, 6, 0, 4, 0, 0, -5, 2, -5, 2, 0, -4, 0, 3, 5, -4, -3, -6, -1, 6, -6, 3, -3, 3, -2, -3, -3, 6, 6, 5, 3, 3, 4, 0, 5, -5, -3, 0, 0, 2, -3, -5, 4, 2, 2, 6, -3, -2, 1, -1, -3, 4, 0, 0, 6, -6, -1, -5, 4, 5, -2, 6, -2, -2, -2, -2, 6, 0, 4, 5, -4, 3, -1, -1, 5, 5, -4, -1, -6, 1, 1, 4, 6, -2, 0, -3, 4, 4, 5, -6, 1, -2, -5, 6, -5, 3, -5, 0, 3, -3, -1, 5, 3, -4, 5, 0, -6, -2, 4, -4, -3, -1, 4, 2, 5, -4, 5, 6, -1, 3, 1, -1]
 
4.14292219412: [-3, -3, -3, 5, -4, 3, -1, -5, -6, 4, 2, 0, 0, 1, -5, 6, 6, -4, -2, -3, 5, -4, -3, -6, -1, 6, -1, -2, -3, 3, 1, 3, -3, -3, -6, 5, 3, 3, -1, -1, 5, 0, -3, -6, 1, 2, -5, -5, -3, 2, 4, -2, 1, -2, 4, 6, -3, 6, -2, -2, 5, -6, -5, -5, 5, -5, -6, -2, -2, -2, -2, -2, 2, 2, 4, 3, -4, 1, -1, 4, -4, 3, -4, -1, -6, 1, -2, 4, 6, -4, 0, -3, 4, -2, 0, -5, -1, -2, -3, 6, 6, 2, -1, 0, 0, 1, 0, -1, -6, -1, -3, -6, 3, 1, -2, 2, -4, -6, 4, 0, 2, -4, -4, 6, -1, 3, -6, -1]
 
4.57205857358: [-3, -3, 1, 5, -4, 3, 4, 1, -6, 4, 2, 4, 0, 1, -5, 6, 4, -4, -2, -3, 5, -4, -3, -6, -3, 6, -1, -2, -3, 3, 1, 3, -3, -3, -6, 5, 3, 3, -1, -1, 5, 0, -3, -6, 1, 2, -5, -5, -3, 2, 4, -2, 1, -2, 4, 6, -3, 6, -2, -2, 5, -6, -5, -5, 5, -5, -6, -2, -2, -2, -2, -2, 2, 2, 4, 3, -4, 1, -1, 4, -4, 3, -4, -1, -6, 1, -2, 4, 6, -4, 0, -3, 4, -2, 0, -5, -1, -2, -1, -4, 6, 2, -1, 0, 0, 1, 0, -1, -6, -1, -3, -6, 3, 1, -2, 2, -4, -6, 4, 0, 2, -4, -4, 6, -1, 3, -6, -1]
 
4.63908729338: [-3, -3, -3, 5, -4, 3, -1, -5, -6, 4, 2, 0, 0, 1, -5, 6, 6, -4, -2, -3, 5, -4, -3, -6, -1, 6, -1, -2, -3, 3, 1, 3, -3, -3, -6, 5, 3, 3, -1, -1, 5, 0, -3, -6, 1, 2, -5, -5, -3, 2, 4, -2, 1, -2, 4, 6, -3, 6, -2, -2, 5, -6, -5, -5, 5, -5, -6, -2, -2, -2, -2, -2, 2, 2, 4, 3, -4, 1, -1, 4, -4, 3, -4, -1, -6, 1, -2, 4, 6, -4, 0, -3, 4, -2, 0, -5, -1, -2, -1, -4, 6, 2, -1, 0, 0, 1, 0, -1, -6, -1, -3, -6, 3, 1, -2, 2, -4, -6, 4, 0, 2, -4, -4, 6, -1, 3, -6, -1]
 
4.56457314757: [-3, -3, -3, 5, -4, 3, -1, -5, -6, 4, 2, 0, 0, 1, -5, 6, 6, -4, -2, -3, 5, -4, -3, -6, -3, 6, -1, -2, -3, 3, 1, 3, -3, -3, -6, 5, 3, 3, -1, -1, 5, 0, -3, -6, 1, 2, -5, -5, -3, 2, 4, -2, 1, -2, 4, 6, -3, 6, -2, -2, 5, -6, -5, -5, 5, -5, -6, -2, -2, -2, -2, -2, 2, 2, 4, 3, -4, 1, -1, 4, -4, 3, -4, -1, -6, 1, -2, 4, 6, -4, 0, -3, 4, -2, 0, -5, -1, -2, -1, -4, 6, 2, -1, 0, 0, 1, 0, -1, -6, -1, -3, -6, 3, 1, -2, 2, -4, -6, 4, 0, 2, -4, -4, 6, -1, 3, -6, -1]
 
0.468969946811: [-3, -3, -3, 5, -4, -6, 3, -5, -5, 4, 1, 0, 0, 1, -2, 6, -1, 2, -2, 6, -2, -4, -3, -6, 5, 2, 4, -2, 1, 2, 1, -1, -3, -3, -6, 0, 3, 3, -1, -1, 5, 6, -3, 3, 1, -6, -5, 6, 1, 2, 4, -6, 0, -2, -2, 2, -5, 4, -2, 5, -6, 3, 1, -2, 5, -5, -6, 5, 3, -1, -1, 4, 5, 2, 5, 3, -6, 1, 3, 0, -4, -2, -4, -1, 5, 1, -2, 4, 6, -4, 0, -3, 6, -2, 0, -5, 6, -2, -3, 5, -4, 2, -1, 0, 0, 1, 0, -1, -5, 5, -6, -6, 3, 1, -2, 2, -4, -6, 4, -4, 2, -4, -4, 5, -1, 2, -5, -1]
 
4.05261197364: [-3, -3, 4, 5, -4, 3, -3, 1, -5, 4, 2, 0, -4, 1, -5, 6, 4, -4, -2, -3, 5, -4, -3, -6, -1, 6, -1, -2, -3, 3, 1, 3, -3, -3, -6, 5, 3, 3, -1, -1, 5, 0, -3, -6, 1, 2, -5, -5, -3, 2, 4, -6, 0, -2, 4, 2, -2, 6, -2, 5, -6, -6, 1, -5, 5, -5, -6, -1, -2, -1, -6, -2, 5, 2, 5, 3, -6, 1, -1, 6, -4, 3, -4, -1, 1, 1, -2, 4, 6, 5, 0, -3, 4, -2, -2, -5, -4, -3, -1, 1, 6, 2, -3, -1, 0, 6, 0, 4, -6, 1, 3, -1, -5, 5, 0, 0, -2, 4, 4, 0, 2, -4, -4, 6, -1, 3, -6, -1]
 
3.97061925128: [-3, -3, 1, 5, -4, 3, -3, 1, -5, 4, 2, 0, 0, 1, -5, 6, 6, -4, -2, -3, 5, -4, -3, -6, -1, 6, -1, -2, -3, 3, 1, 3, -3, -3, -6, 5, 3, 3, -1, -1, 5, 0, -3, -6, 1, 2, -5, -5, -3, 2, 4, -2, 1, -2, 4, 6, -3, 6, -2, -2, 5, -6, -5, -5, 5, -5, -6, -2, -2, -2, -2, -2, 2, 2, 4, 3, -4, 1, -1, 4, -4, 3, -4, -1, -6, 1, -2, 4, 6, -4, 0, -3, 4, -2, 0, -5, -1, -2, -3, 6, 6, 2, -1, 0, 0, 6, 0, 4, -6, 1, 3, -1, -5, 5, 0, 0, -2, 4, 4, 0, 2, -4, -4, 6, -1, 3, -6, -1]
 
3.90963793172: [-3, -3, -3, 5, -4, 3, -1, -5, -6, 4, 2, 0, 0, 1, -5, 6, 6, -4, -2, -3, 5, -4, -3, -6, -1, 6, -1, -2, -3, 3, 1, 3, -3, -3, -6, 5, 3, 3, -1, -1, 5, 0, -3, -6, 1, 2, -5, -5, -3, 2, 4, -6, 0, -2, 4, 2, -2, 6, -2, 5, -6, -6, 1, -5, 5, -5, -6, -1, -2, -1, -6, -2, 5, 2, 5, 3, -6, 1, -1, 6, -4, 3, -4, -1, 1, 1, -2, 4, 6, 5, 0, -3, 4, -2, -2, -5, -4, -3, -1, 1, 6, 2, -3, -1, 0, 6, 0, 4, -6, 1, 3, -1, -5, 5, 0, 0, -2, 4, 4, 0, 2, -4, -4, 6, -1, 3, -6, -1]
 
0.750813388084: [-2, -3, 1, 5, -4, 3, 4, 1, -6, -2, 2, 4, 0, -6, -5, -6, 4, 2, -2, -6, 5, -1, -3, -6, -4, 6, -1, -2, -3, -3, 1, 3, -3, -4, 3, 5, 0, 3, -1, -5, 0, 0, -3, -6, 1, 2, -5, 2, 0, 5, 4, -2, -3, -2, 4, 2, -2, 6, -2, 5, -6, -6, 4, -5, 5, 1, 0, -1, -2, -1, -4, 1, 5, 2, 5, 6, -6, 1, -5, 6, -4, 3, -4, -1, 1, -1, -2, -4, 0, 2, 0, -5, 4, -2, -2, -5, -2, -3, -1, 1, 2, 6, -1, -2, 0, -1, 0, 0, -6, 1, 2, -1, -5, 5, 0, 2, -4, -4, 4, 0, 0, 5, -4, 6, 0, 3, -6, -1]
 
0.461796961383: [-3, -3, 4, 5, -4, 3, 4, -3, -6, -5, 2, -2, -1, -5, -5, 6, -5, -4, -2, -3, 5, -4, -3, 5, 0, -1, -1, 5, -3, 4, 1, -3, -3, -3, -6, 5, -2, 5, -1, -1, 5, 0, 3, -2, -3, 1, -2, -5, -3, 2, 4, 1, 1, -2, 4, 6, -3, 5, -2, -2, -3, -6, -5, -5, -5, -5, -6, -2, -2, -2, -5, -1, 2, -5, 4, 4, -4, 6, -1, 4, -4, 3, -4, -1, -6, 5, 5, -1, 6, -1, 0, -3, 0, -2, 0, -5, -1, 3, -1, -4, 6, 2, 3, 0, 4, 1, 0, -5, -6, -5, 1, 2, 3, 0, -2, 2, -4, 0, 4, -5, 2, 3, -4, -2, -1, 3, -6, -1]
 
4.41794744538: [-3, -3, -3, 5, -4, 3, -1, -5, -6, 4, 2, 0, 0, 1, -5, 6, 6, -4, -2, -3, 5, -4, -3, -6, -3, 6, -1, -2, -3, 3, 1, 3, -3, -3, -6, 5, 3, 3, -1, -1, 5, 0, -3, -6, 1, 2, -5, -5, -3, 2, 4, -2, 1, -2, 4, 2, -2, 6, -2, 5, -6, -6, 1, -5, 5, -5, -6, -1, -2, -1, -6, -2, 5, 2, 5, 3, -4, 1, -1, 4, -4, 3, -4, -1, -6, 1, -2, 4, 6, -4, 0, -3, 4, -2, 0, -5, -1, -2, -1, -4, 6, 2, -1, 0, 0, 1, 0, -1, -6, -1, -3, -6, 3, 1, -2, 2, -4, -6, 4, 0, 2, -4, -4, 6, -1, 3, -6, -1]
 
4.42659478369: [-3, -3, 1, 5, -4, 3, 4, 1, -6, 4, 2, 4, 0, 1, -5, 6, 6, -4, -2, -3, 5, -4, -3, -6, -1, 6, -1, -2, -3, 3, 1, 3, -3, -3, -6, 5, 3, 3, -1, -1, 5, 0, -3, -6, 1, 2, -5, -5, -3, 2, 4, -2, 1, -2, 4, 6, -3, 6, -2, -2, 5, -6, -5, -5, 5, -5, -6, -2, -2, -2, -2, -2, 2, 2, 4, 3, -6, 1, -1, 6, -4, 3, -4, -1, 1, 1, -2, 4, 6, 5, 0, -3, 4, -2, -2, -5, -4, -3, -1, 1, 6, 2, -3, -1, 0, 6, 0, 4, -6, 1, 3, -1, -5, 5, 0, 0, -2, 4, 4, 0, 2, -4, -4, 6, -1, 3, -6, -1]
 
4.69560340052: [-3, -3, 4, 5, -4, 3, -3, 1, -5, 4, 2, 0, -4, 1, -5, 6, 4, -4, -2, -3, 5, -4, -3, -6, -1, 6, -1, -2, -3, 3, 1, 3, -3, -3, -6, 5, 3, 3, -1, -1, 5, 0, -3, -6, 1, 2, -5, -5, -3, 2, 4, -6, 0, -2, 4, 2, -2, 6, -2, 5, -6, -6, 1, -5, 5, -5, -6, -1, -2, -1, -6, -2, 5, 2, 5, 3, -6, 1, -1, 6, -4, 3, -4, -1, -6, 1, -2, 4, 6, -4, 0, -3, 4, -2, 0, -5, -1, -2, -3, 6, 6, 2, -1, 0, 0, 1, 0, -1, -6, -1, -3, -6, 3, 1, -2, 2, -4, -6, 4, 0, 2, -4, -4, 6, -1, 3, -6, -1]
 
4.82711793596: [-3, -3, 1, 5, -4, 3, 4, 1, -6, 4, 2, 4, 0, 1, -5, 6, 4, -4, -2, -3, 5, -4, -3, -6, -1, 6, -1, -2, -3, 3, 1, 3, -3, -3, -6, 5, 3, 3, -1, -1, 5, 0, -3, -6, 1, 2, -5, -5, -3, 2, 4, -2, 1, -2, 4, 6, -3, 6, -2, -2, 5, -6, -5, -5, 5, -5, -6, -2, -2, -2, -2, -2, 2, 2, 4, 3, -4, 1, -1, 4, -4, 3, -4, -1, -6, 1, -2, 4, 6, -4, 0, -3, 4, -2, 0, -5, -1, -2, -1, -4, 6, 2, -1, 0, 0, 1, 0, -1, -6, -1, -3, -6, 3, 1, -2, 2, -4, -6, 4, 0, 2, -4, -4, 6, -1, 3, -6, -1]
 
3.89614595811: [-3, -3, 1, 5, -4, 3, 4, 1, -6, 4, 2, 4, 0, 1, -5, 6, 4, -4, -2, -3, 5, -4, -3, -6, -1, 6, -1, -2, -3, 3, 1, 3, -3, -3, -6, 5, 3, 3, -1, -1, 5, 0, -3, -6, 1, 2, -5, -5, -3, 2, 4, -2, 1, -2, 4, 2, -2, 6, -2, 5, -6, -6, 1, -5, 5, -5, -6, -1, -2, -1, -6, -2, 5, 2, 5, 3, -6, 1, -1, 6, -4, 3, -4, -1, 1, 1, -2, 4, 6, 5, 0, -3, 4, -2, -2, -5, -4, -3, -1, 1, 6, 2, -3, -1, 0, 6, 0, 4, -6, 1, 3, -1, -5, 5, 0, 0, -2, 4, 4, 0, 2, -4, -4, 6, -1, 3, -6, -1]
 
1.9811958857: [-3, -3, 5, 2, -4, 3, -3, 5, 1, 4, 2, 0, 1, 1, -5, 5, 6, -4, -2, -3, 5, 3, -3, -5, 6, 6, -1, -2, 2, 2, 1, 0, -3, -3, -6, -6, -1, 3, -1, -1, 5, 0, 1, -6, 1, 2, -3, 2, -3, 6, 4, -5, 1, -2, 4, 3, -3, 6, -4, -2, 2, -5, -5, -5, 5, 4, -6, -2, -5, -2, 1, 2, 0, -2, 4, 3, -4, 1, 1, 4, -4, 3, -4, -2, -6, -2, 6, -2, 1, -4, 0, 4, 3, -2, 0, -5, -1, 3, -3, 6, 6, 6, -1, 0, 0, 6, -4, 4, -2, 1, 3, -6, -5, 5, 0, 2, 6, 3, 4, -3, 2, 4, -6, 6, 1, 3, -1, 3]
 
3.99906965516: [-3, -3, 1, 5, -4, 3, -3, 1, -5, 4, 2, 0, 0, 1, -5, 6, 6, -4, -2, -3, 5, -4, -3, -6, -1, 6, -1, -2, -3, 3, 1, 3, -3, -3, -6, 5, 3, 3, -1, -1, 5, 0, -3, -6, 1, 2, -5, -5, -3, 2, 4, -6, 0, -2, 4, 2, -2, 6, -2, 5, -6, -6, 1, -5, 5, -5, -6, -1, -2, -1, -6, -2, 5, 2, 5, 3, -6, 1, -1, 6, -4, 3, -4, -1, 1, 1, -2, 4, 6, 5, 0, -3, 4, -2, 0, -5, -1, -2, -1, -4, 6, 2, -1, 0, 0, 1, 0, -1, -6, -1, -3, -6, 3, 1, -2, 2, -4, -6, 4, 0, 2, -4, -4, 6, -1, 3, -6, -1]
 
4.40581460848: [-3, -3, -3, 5, -4, 3, -1, -5, -6, 4, 2, 0, 0, 1, -5, 6, 6, -4, -2, -3, 5, -4, -3, -6, -3, 6, -1, -2, -3, 3, 1, 3, -3, -3, -6, 5, 3, 3, -1, -1, 5, 0, -3, -6, 1, 2, -5, -5, -3, 2, 4, -2, 1, -2, 4, 6, -3, 6, -2, -2, 5, -6, -5, -5, 5, -5, -6, -2, -2, -2, -2, -2, 2, 2, 4, 3, -4, 1, -1, 4, -4, 3, -4, -1, -6, 1, -2, 4, 6, -4, 0, -3, 4, -2, -2, -5, -4, -3, -1, 1, 6, 2, -3, -1, 0, 6, 0, 4, -6, 1, 3, -1, -5, 5, 0, 0, -2, 4, 4, 0, 2, -4, -4, 6, -1, 3, -6, -1]
 
0.830643898061: [-3, -1, 1, 5, -4, 1, 4, 1, 1, 4, 2, -4, 0, 1, -2, -1, 6, -4, 5, -3, 5, -4, -3, -6, -3, 6, 2, 4, 4, 1, 4, 3, -3, -3, -1, 5, 3, 3, 3, -1, 5, 0, 4, -6, 1, -2, -3, -5, 1, 2, -5, -2, 1, -2, 5, 6, -3, 0, 5, -2, 5, -6, 2, -5, 5, -5, 5, -3, -2, 3, -2, -2, 2, 2, 4, -3, -4, -6, -2, 4, -4, 3, -4, 3, -6, -6, -2, 6, 6, -2, -3, 4, 4, -2, -3, 5, -1, 4, -3, 2, 6, -2, -1, 0, 0, 6, 0, 4, -6, 1, 3, -5, -5, -4, -3, 2, -4, -6, 4, 0, 2, -4, 0, 6, -1, -1, -3, -1]
 
4.38874157982: [-3, -3, -3, 5, -4, 3, -1, -5, -6, 4, 2, 0, 0, 1, -5, 6, 6, -4, -2, -3, 5, -4, -3, -6, -1, 6, -1, -2, -3, 3, 1, 3, -3, -3, -6, 5, 3, 3, -1, -1, 5, 0, -3, -6, 1, 2, -5, -5, -3, 2, 4, -2, 1, -2, 4, 6, -3, 6, -2, -2, 5, -6, -5, -5, 5, -5, -6, -2, -2, -2, -2, -2, 2, 2, 4, 3, -4, 1, -1, 4, -4, 3, -4, -1, -6, 1, -2, 4, 6, -4, 0, -3, 4, -2, 0, -5, -1, -2, -1, -4, 6, 2, -1, 0, 0, 1, 0, -1, -6, -1, -3, -6, 3, 5, 0, 0, -2, 4, 4, 0, 2, -4, -4, 6, -1, 3, -6, -1]
 
