6.23215254259656: [-3, -3, 4, 5, -4, 3, -3, 1, -5, 4, 2, 4, 0, 1, -5, 6, 4, -4, -2, -3, 5, -4, -3, -6, -3, 6, -1, -2, -3, 3, 1, 3, -3, -3, -6, 5, 3, 3, -1, -1, 5, 0, -3, -6, 1, 2, -5, -5, -3, 2, 4, -2, 1, -2, 4, 2, -2, 6, -2, 5, -6, -6, 1, -5, 5, -5, -6, -1, -2, -1, -6, -2, 5, 2, 5, 3, -6, 1, -1, 4, -4, 3, -4, -1, -6, 1, -2, 4, 6, -4, 0, -3, 4, -2, -2, -5, -4, -2, -1, -4, 6, 2, -1, 0, 0, 1, 0, -1, -6, -1, -3, -6, 3, 1, -2, 2, -4, -6, 4, 0, 2, -4, -4, 6, -1, 3, -6, -1]
 
6.2293015088703045: [-3, -3, 4, 5, -4, 3, -3, 1, -5, 4, 2, 0, -4, 1, -5, 6, 4, -4, -2, -3, 5, -4, -3, -6, -3, 6, -1, -2, -3, 3, 1, 3, -3, -3, -6, 5, 3, 3, -1, -1, 5, 0, -3, -6, 1, 2, -5, -5, -3, 2, 4, -2, 1, -2, 4, 2, -2, 6, -2, 5, -6, -6, 1, -5, 5, -5, -6, -1, -2, -1, -6, -2, 5, 2, 5, 3, -6, 1, -1, 4, -4, 3, -4, -1, -6, 1, -2, 4, 6, -4, 0, -3, 4, -2, -2, -5, -4, -2, -1, -4, 6, 2, -1, 0, 0, 1, 0, -1, -6, -1, -3, -6, 3, 1, -2, 2, -4, -6, 4, 0, 2, -4, -4, 6, -1, 3, -6, -1]
 
6.196906002739334: [-3, -3, 4, 5, -4, 3, -3, 1, -5, 4, 2, 4, 0, 1, -5, 6, 4, -4, -2, -3, 5, -4, -3, -6, -3, 6, -1, -2, -3, 3, 1, 3, -3, -3, -6, 5, 3, 3, -1, -1, 5, 0, -3, -6, 1, 2, -5, -5, -3, 2, 4, -2, 1, -2, 4, 2, -2, 6, -2, 5, -6, -6, 1, -5, 5, -5, -6, -1, -2, -1, -6, -2, 5, 2, 5, 3, -6, 1, -1, 4, -4, 3, -4, -1, -6, 1, -2, 4, 6, -4, 0, -3, 4, -2, -2, -5, -4, -2, -1, -4, 6, 2, -1, 0, 0, 1, 0, -1, -6, -1, -3, -6, 3, 1, -2, 2, -4, -6, 4, 0, 2, -4, -4, 6, -1, 3, -6, -1]
 
1.98335653148: [-3, 2, 4, -4, 1, 3, -3, 1, -5, -6, 2, 1, 0, 1, -5, 6, -2, -4, -2, -3, 5, 1, -3, -6, -3, 6, -1, -2, -3, 2, 1, -6, 6, 0, -6, 5, 3, 3, -1, -1, 0, -4, -4, -6, 1, 2, 5, -5, -3, 2, 4, -2, 1, 2, 4, 2, -2, 6, -2, 5, -6, -6, 4, -5, 5, 3, 6, -1, 5, -1, -6, -2, 5, 2, -6, 3, -6, 1, -1, 4, -1, 3, -4, -1, -6, 1, -2, 4, -1, -4, 0, -3, 4, -2, -2, -5, -2, 3, -1, -4, 0, 2, -1, -6, 0, 1, 0, -1, -6, -1, -3, -6, 3, 1, -2, 2, -4, 3, 5, 0, 3, -4, -4, 6, -1, 3, -6, -1]
 
6.149370964794094: [-3, -3, 4, 5, -4, 3, -3, 1, -5, 4, 2, 0, -4, 1, -5, 6, 4, -4, -2, -3, 5, -4, -3, -6, -3, 6, -1, -2, -3, 3, 1, 3, -3, -3, -6, 5, 3, 3, -1, -1, 5, 0, -3, -6, 1, 2, -5, -5, -3, 2, 4, -2, 1, -2, 4, 2, -2, 6, -2, 5, -6, -6, 1, -5, 5, -5, -6, -1, -2, -1, -6, -2, 5, 2, 5, 3, -6, 1, -1, 4, -4, 3, -4, -1, -6, 1, -2, 4, 6, -4, 0, -3, 4, -2, -2, -5, -4, -2, -1, -4, 6, 2, -1, 0, 0, 1, 0, -1, -6, -1, -3, -6, 3, 1, -2, 2, -4, -6, 4, 0, 2, -4, -4, 6, -1, 3, -6, -1]
 
6.123418110712548: [-3, -3, 4, 5, -4, 3, -3, 1, -5, 4, 2, 0, -4, 1, -5, 6, 4, -4, -2, -3, 5, -4, -3, -6, -3, 6, -1, -2, -3, 3, 1, 3, -3, -3, -6, 5, 3, 3, -1, -1, 5, 0, -3, -6, 1, 2, -5, -5, -3, 2, 4, -2, 1, -2, 4, 2, -2, 6, -2, 5, -6, -6, 1, -5, 5, -5, -6, -1, -2, -1, -6, -2, 5, 2, 5, 3, -6, 1, -1, 4, -4, 3, -4, -1, -6, 1, -2, 4, 6, -4, 0, -3, 4, -2, -2, -5, -4, -2, -1, -4, 6, 2, -1, 0, 0, 1, 0, -1, -6, -1, -3, -6, 3, 1, -2, 2, -4, -6, 4, 0, 2, -4, -4, 6, -1, 3, -6, -1]
 
6.122667016497675: [-3, -3, 4, 5, -4, 3, -3, 1, -5, 4, 2, 4, 0, 1, -5, 6, 4, -4, -2, -3, 5, -4, -3, -6, -3, 6, -1, -2, -3, 3, 1, 3, -3, -3, -6, 5, 3, 3, -1, -1, 5, 0, -3, -6, 1, 2, -5, -5, -3, 2, 4, -2, 1, -2, 4, 2, -2, 6, -2, 5, -6, -6, 1, -5, 5, -5, -6, -1, -2, -1, -6, -2, 5, 2, 5, 3, -6, 1, -1, 4, -4, 3, -4, -1, -6, 1, -2, 4, 6, -4, 0, -3, 4, -2, -2, -5, -4, -2, -1, -4, 6, 2, -1, 0, 0, 1, 0, -1, -6, -1, -3, -6, 3, 1, -2, 2, -4, -6, 4, 0, 2, -4, -4, 6, -1, 3, -6, -1]
 
6.11974761358203: [-3, -3, 4, 5, -4, 3, -3, 1, -5, 4, 2, 0, -4, 1, -5, 6, 4, -4, -2, -3, 5, -4, -3, -6, -3, 6, -1, -2, -3, 3, 1, 3, -3, -3, -6, 5, 3, 3, -1, -1, 5, 0, -3, -6, 1, 2, -5, -5, -3, 2, 4, -2, 1, -2, 4, 2, -2, 6, -2, 5, -6, -6, 1, -5, 5, -5, -6, -1, -2, -1, -6, -2, 5, 2, 5, 3, -6, 1, -1, 4, -4, 3, -4, -1, -6, 1, -2, 4, 6, -4, 0, -3, 4, -2, -2, -5, -4, -2, -1, -4, 6, 2, -1, 0, 0, 1, 0, -1, -6, -1, -3, -6, 3, 1, -2, 2, -4, -6, 4, 0, 2, -4, -4, 6, -1, 3, -6, -1]
 
6.112749931813312: [-3, -3, 4, 5, -4, 3, -3, 1, -5, 4, 2, 0, -4, 1, -5, 6, 4, -4, -2, -3, 5, -4, -3, -6, -3, 6, -1, -2, -3, 3, 1, 3, -3, -3, -6, 5, 3, 3, -1, -1, 5, 0, -3, -6, 1, 2, -5, -5, -3, 2, 4, -2, 1, -2, 4, 2, -2, 6, -2, 5, -6, -6, 1, -5, 5, -5, -6, -1, -2, -1, -6, -2, 5, 2, 5, 3, -6, 1, -1, 4, -4, 3, -4, -1, -6, 1, -2, 4, 6, -4, 0, -3, 4, -2, -2, -5, -4, -2, -1, -4, 6, 2, -1, 0, 0, 1, 0, -1, -6, -1, -3, -6, 3, 1, -2, 2, -4, -6, 4, 0, 2, -4, -4, 6, -1, 3, -6, -1]
 
6.109282702988013: [-3, -3, 4, 5, -4, 3, -3, 1, -5, 4, 2, 4, 0, 1, -5, 6, 4, -4, -2, -3, 5, -4, -3, -6, -3, 6, -1, -2, -3, 3, 1, 3, -3, -3, -6, 5, 3, 3, -1, -1, 5, 0, -3, -6, 1, 2, -5, -5, -3, 2, 4, -2, 1, -2, 4, 2, -2, 6, -2, 5, -6, -6, 1, -5, 5, -5, -6, -1, -2, -1, -6, -2, 5, 2, 5, 3, -6, 1, -1, 4, -4, 3, -4, -1, -6, 1, -2, 4, 6, -4, 0, -3, 4, -2, -2, -5, -4, -2, -1, -4, 6, 2, -1, 0, 0, 1, 0, -1, -6, -1, -3, -6, 3, 1, -2, 2, -4, -6, 4, 0, 2, -4, -4, 6, -1, 3, -6, -1]
 
1.36717966023: [-3, 4, 2, 5, -4, 5, -3, 1, -5, 4, 3, -4, -4, 1, -5, 6, 4, 1, -5, -3, 5, -4, -3, -6, -3, 6, -1, -2, -3, -3, 1, -1, 6, -3, -6, 5, -6, 3, -1, 6, 5, 0, -3, -6, 1, 2, -5, -5, 1, 2, 4, -3, 1, 1, -1, 2, -2, -3, 1, 5, -6, -6, 1, -5, 5, -6, -5, -1, -2, -1, 1, -2, 5, -4, 5, 4, 6, 1, -1, 4, -4, 5, -4, 4, -6, 2, -2, 4, 6, -4, 0, -3, 4, -2, -2, -5, -4, -2, -1, -2, 6, 2, -1, 0, -4, -4, 1, 0, -4, -1, -3, -6, 3, 1, -2, 2, -4, -6, 4, 0, 2, -4, -4, 6, -1, 3, -6, -1]
 
6.092234336876254: [-3, -3, 4, 5, -4, 3, -3, 1, -5, 4, 2, 4, 0, 1, -5, 6, 4, -4, -2, -3, 5, -4, -3, -6, -3, 6, -1, -2, -3, 3, 1, 3, -3, -3, -6, 5, 3, 3, -1, -1, 5, 0, -3, -6, 1, 2, -5, -5, -3, 2, 4, -2, 1, -2, 4, 2, -2, 6, -2, 5, -6, -6, 1, -5, 5, -5, -6, -1, -2, -1, -6, -2, 5, 2, 5, 3, -6, 1, -1, 4, -4, 3, -4, -1, -6, 1, -2, 4, 6, -4, 0, -3, 4, -2, -2, -5, -4, -2, -1, -4, 6, 2, -1, 0, 0, 1, 0, -1, -6, -1, -3, -6, 3, 1, -2, 2, -4, -6, 4, 0, 2, -4, -4, 6, -1, 3, -6, -1]
 
6.091927239453812: [-3, -3, 4, 5, -4, 3, -3, 1, -5, 4, 2, 0, -4, 1, -5, 6, 4, -4, -2, -3, 5, -4, -3, -6, -3, 6, -1, -2, -3, 3, 1, 3, -3, -3, -6, 5, 3, 3, -1, -1, 5, 0, -3, -6, 1, 2, -5, -5, -3, 2, 4, -2, 1, -2, 4, 2, -2, 6, -2, 5, -6, -6, 1, -5, 5, -5, -6, -1, -2, -1, -6, -2, 5, 2, 5, 3, -6, 1, -1, 4, -4, 3, -4, -1, -6, 1, -2, 4, 6, -4, 0, -3, 4, -2, -2, -5, -4, -2, -1, -4, 6, 2, -1, 0, 0, 1, 0, -1, -6, -1, -3, -6, 3, 1, -2, 2, -4, -6, 4, 0, 2, -4, -4, 6, -1, 3, -6, -1]
 
6.086586297931946: [-3, -3, 4, 5, -4, 3, -3, 1, -5, 4, 2, 4, 0, 1, -5, 6, 4, -4, -2, -3, 5, -4, -3, -6, -3, 6, -1, -2, -3, 3, 1, 3, -3, -3, -6, 5, 3, 3, -1, -1, 5, 0, -3, -6, 1, 2, -5, -5, -3, 2, 4, -2, 1, -2, 4, 2, -2, 6, -2, 5, -6, -6, 1, -5, 5, -5, -6, -1, -2, -1, -6, -2, 5, 2, 5, 3, -6, 1, -1, 4, -4, 3, -4, -1, -6, 1, -2, 4, 6, -4, 0, -3, 4, -2, -2, -5, -4, -2, -1, -4, 6, 2, -1, 0, 0, 1, 0, -1, -6, -1, -3, -6, 3, 1, -2, 2, -4, -6, 4, 0, 2, -4, -4, 6, -1, 3, -6, -1]
 
6.075066552104409: [-3, -3, 4, 5, -4, 3, -3, 1, -5, 4, 2, 0, -4, 1, -5, 6, 4, -4, -2, -3, 5, -4, -3, -6, -3, 6, -1, -2, -3, 3, 1, 3, -3, -3, -6, 5, 3, 3, -1, -1, 5, 0, -3, -6, 1, 2, -5, -5, -3, 2, 4, -2, 1, -2, 4, 2, -2, 6, -2, 5, -6, -6, 1, -5, 5, -5, -6, -1, -2, -1, -6, -2, 5, 2, 5, 3, -6, 1, -1, 4, -4, 3, -4, -1, -6, 1, -2, 4, 6, -4, 0, -3, 4, -2, -2, -5, -4, -2, -1, -4, 6, 2, -1, 0, 0, 1, 0, -1, -6, -1, -3, -6, 3, 1, -2, 2, -4, -6, 4, 0, 2, -4, -4, 6, -1, 3, -6, -1]
 
6.073945321810011: [-3, -3, 4, 5, -4, 3, -3, 1, -5, 4, 2, 0, -4, 1, -5, 6, 4, -4, -2, -3, 5, -4, -3, -6, -3, 6, -1, -2, -3, 3, 1, 3, -3, -3, -6, 5, 3, 3, -1, -1, 5, 0, -3, -6, 1, 2, -5, -5, -3, 2, 4, -2, 1, -2, 4, 2, -2, 6, -2, 5, -6, -6, 1, -5, 5, -5, -6, -1, -2, -1, -6, -2, 5, 2, 5, 3, -6, 1, -1, 4, -4, 3, -4, -1, -6, 1, -2, 4, 6, -4, 0, -3, 4, -2, -2, -5, -4, -2, -1, -4, 6, 2, -1, 0, 0, 1, 0, -1, -6, -1, -3, -6, 3, 1, -2, 2, -4, -6, 4, 0, 2, -4, -4, 6, -1, 3, -6, -1]
 
6.06057376562224: [-3, -3, 4, 5, -4, 3, -3, 1, -5, 4, 2, 0, -4, 1, -5, 6, 4, -4, -2, -3, 5, -4, -3, -6, -3, 6, -1, -2, -3, 3, 1, 3, -3, -3, -6, 5, 3, 3, -1, -1, 5, 0, -3, -6, 1, 2, -5, -5, -3, 2, 4, -2, 1, -2, 4, 2, -2, 6, -2, 5, -6, -6, 1, -5, 5, -5, -6, -1, -2, -1, -6, -2, 5, 2, 5, 3, -6, 1, -1, 4, -4, 3, -4, -1, -6, 1, -2, 4, 6, -4, 0, -3, 4, -2, -2, -5, -4, -2, -1, -4, 6, 2, -1, 0, 0, 1, 0, -1, -6, -1, -3, -6, 3, 1, -2, 2, -4, -6, 4, 0, 2, -4, -4, 6, -1, 3, -6, -1]
 
6.056448015850362: [-3, -3, 4, 5, -4, 3, -3, 1, -5, 4, 2, 4, 0, 1, -5, 6, 4, -4, -2, -3, 5, -4, -3, -6, -3, 6, -1, -2, -3, 3, 1, 3, -3, -3, -6, 5, 3, 3, -1, -1, 5, 0, -3, -6, 1, 2, -5, -5, -3, 2, 4, -2, 1, -2, 4, 2, -2, 6, -2, 5, -6, -6, 1, -5, 5, -5, -6, -1, -2, -1, -6, -2, 5, 2, 5, 3, -6, 1, -1, 4, -4, 3, -4, -1, -6, 1, -2, 4, 6, -4, 0, -3, 4, -2, -2, -5, -4, -2, -1, -4, 6, 2, -1, 0, 0, 1, 0, -1, -6, -1, -3, -6, 3, 1, -2, 2, -4, -6, 4, 0, 2, -4, -4, 6, -1, 3, -6, -1]
 
6.044118497402684: [-3, -3, 4, 5, -4, 3, -3, 1, -5, 4, 2, 4, 0, 1, -5, 6, 4, -4, -2, -3, 5, -4, -3, -6, -3, 6, -1, -2, -3, 3, 1, 3, -3, -3, -6, 5, 3, 3, -1, -1, 5, 0, -3, -6, 1, 2, -5, -5, -3, 2, 4, -2, 1, -2, 4, 2, -2, 6, -2, 5, -6, -6, 1, -5, 5, -5, -6, -1, -2, -1, -6, -2, 5, 2, 5, 3, -6, 1, -1, 4, -4, 3, -4, -1, -6, 1, -2, 4, 6, -4, 0, -3, 4, -2, -2, -5, -4, -2, -1, -4, 6, 2, -1, 0, 0, 1, 0, -1, -6, -1, -3, -6, 3, 1, -2, 2, -4, -6, 4, 0, 2, -4, -4, 6, -1, 3, -6, -1]
 
6.0429299557682254: [-3, -3, 4, 5, -4, 3, -3, 1, -5, 4, 2, 0, -4, 1, -5, 6, 4, -4, -2, -3, 5, -4, -3, -6, -3, 6, -1, -2, -3, 3, 1, 3, -3, -3, -6, 5, 3, 3, -1, -1, 5, 0, -3, -6, 1, 2, -5, -5, -3, 2, 4, -2, 1, -2, 4, 2, -2, 6, -2, 5, -6, -6, 1, -5, 5, -5, -6, -1, -2, -1, -6, -2, 5, 2, 5, 3, -6, 1, -1, 4, -4, 3, -4, -1, -6, 1, -2, 4, 6, -4, 0, -3, 4, -2, -2, -5, -4, -2, -1, -4, 6, 2, -1, 0, 0, 1, 0, -1, -6, -1, -3, -6, 3, 1, -2, 2, -4, -6, 4, 0, 2, -4, -4, 6, -1, 3, -6, -1]
 
6.03912659030857: [-3, -3, 4, 5, -4, 3, -3, 1, -5, 4, 2, 0, -4, 1, -5, 6, 4, -4, -2, -3, 5, -4, -3, -6, -3, 6, -1, -2, -3, 3, 1, 3, -3, -3, -6, 5, 3, 3, -1, -1, 5, 0, -3, -6, 1, 2, -5, -5, -3, 2, 4, -2, 1, -2, 4, 2, -2, 6, -2, 5, -6, -6, 1, -5, 5, -5, -6, -1, -2, -1, -6, -2, 5, 2, 5, 3, -6, 1, -1, 4, -4, 3, -4, -1, -6, 1, -2, 4, 6, -4, 0, -3, 4, -2, -2, -5, -4, -2, -1, -4, 6, 2, -1, 0, 0, 1, 0, -1, -6, -1, -3, -6, 3, 1, -2, 2, -4, -6, 4, 0, 2, -4, -4, 6, -1, 3, -6, -1]
 
6.038657838689783: [-3, -3, 4, 5, -4, 3, -3, 1, -5, 4, 2, 4, 0, 1, -5, 6, 4, -4, -2, -3, 5, -4, -3, -6, -3, 6, -1, -2, -3, 3, 1, 3, -3, -3, -6, 5, 3, 3, -1, -1, 5, 0, -3, -6, 1, 2, -5, -5, -3, 2, 4, -2, 1, -2, 4, 2, -2, 6, -2, 5, -6, -6, 1, -5, 5, -5, -6, -1, -2, -1, -6, -2, 5, 2, 5, 3, -6, 1, -1, 4, -4, 3, -4, -1, -6, 1, -2, 4, 6, -4, 0, -3, 4, -2, -2, -5, -4, -2, -1, -4, 6, 2, -1, 0, 0, 1, 0, -1, -6, -1, -3, -6, 3, 1, -2, 2, -4, -6, 4, 0, 2, -4, -4, 6, -1, 3, -6, -1]
 
1.50844755697: [-3, -3, 4, 5, -4, 3, -3, 1, -5, -4, -3, -1, -5, 1, -5, 6, 4, -4, 4, -3, 5, -2, -3, -6, -2, -4, -1, -2, -3, 3, 1, 3, -3, -3, -6, -3, 3, 3, -1, 0, 5, 0, -3, -6, 1, 2, -5, -5, 1, 2, 4, -2, 4, -2, 4, 3, -2, 2, -2, 5, -6, -6, 1, -5, -1, -5, -6, -1, 4, -1, -6, -2, 5, 2, 5, 3, -6, 1, -1, 4, -4, 6, -4, 2, 4, -3, -2, 4, 4, -4, 5, 0, 4, -2, -2, -5, -4, -2, -1, -4, 6, 2, 0, 0, 0, -6, 0, -1, -6, -1, -3, -6, 1, 1, -2, 2, -4, 3, -2, 0, 2, -4, -4, 6, 4, -4, 3, -1]
 
6.027567937639859: [-3, -3, 4, 5, -4, 3, -3, 1, -5, 4, 2, 4, 0, 1, -5, 6, 4, -4, -2, -3, 5, -4, -3, -6, -3, 6, -1, -2, -3, 3, 1, 3, -3, -3, -6, 5, 3, 3, -1, -1, 5, 0, -3, -6, 1, 2, -5, -5, -3, 2, 4, -2, 1, -2, 4, 2, -2, 6, -2, 5, -6, -6, 1, -5, 5, -5, -6, -1, -2, -1, -6, -2, 5, 2, 5, 3, -6, 1, -1, 4, -4, 3, -4, -1, -6, 1, -2, 4, 6, -4, 0, -3, 4, -2, -2, -5, -4, -2, -1, -4, 6, 2, -1, 0, 0, 1, 0, -1, -6, -1, -3, -6, 3, 1, -2, 2, -4, -6, 4, 0, 2, -4, -4, 6, -1, 3, -6, -1]
 
6.02281852273488: [-3, -3, 4, 5, -4, 3, -3, 1, -5, 4, 2, 4, 0, 1, -5, 6, 4, -4, -2, -3, 5, -4, -3, -6, -3, 6, -1, -2, -3, 3, 1, 3, -3, -3, -6, 5, 3, 3, -1, -1, 5, 0, -3, -6, 1, 2, -5, -5, -3, 2, 4, -2, 1, -2, 4, 2, -2, 6, -2, 5, -6, -6, 1, -5, 5, -5, -6, -1, -2, -1, -6, -2, 5, 2, 5, 3, -6, 1, -1, 4, -4, 3, -4, -1, -6, 1, -2, 4, 6, -4, 0, -3, 4, -2, -2, -5, -4, -2, -1, -4, 6, 2, -1, 0, 0, 1, 0, -1, -6, -1, -3, -6, 3, 1, -2, 2, -4, -6, 4, 0, 2, -4, -4, 6, -1, 3, -6, -1]
 
6.020852650124004: [-3, -3, 4, 5, -4, 3, -3, 1, -5, 4, 2, 0, -4, 1, -5, 6, 4, -4, -2, -3, 5, -4, -3, -6, -3, 6, -1, -2, -3, 3, 1, 3, -3, -3, -6, 5, 3, 3, -1, -1, 5, 0, -3, -6, 1, 2, -5, -5, -3, 2, 4, -2, 1, -2, 4, 2, -2, 6, -2, 5, -6, -6, 1, -5, 5, -5, -6, -1, -2, -1, -6, -2, 5, 2, 5, 3, -6, 1, -1, 4, -4, 3, -4, -1, -6, 1, -2, 4, 6, -4, 0, -3, 4, -2, -2, -5, -4, -2, -1, -4, 6, 2, -1, 0, 0, 1, 0, -1, -6, -1, -3, -6, 3, 1, -2, 2, -4, -6, 4, 0, 2, -4, -4, 6, -1, 3, -6, -1]
 
2.84348354709: [-3, -3, 4, 2, -4, 6, 4, 1, -5, 3, 2, 6, 0, -1, -5, 6, 4, -4, -2, -3, 5, -4, -3, -6, -3, 6, -1, -5, -3, 3, -4, 3, -3, -3, -6, 5, 4, 3, -3, -1, 5, 0, -3, -6, 0, 2, -2, -5, 4, -1, 1, -2, 3, -2, 4, 2, -4, 6, -2, 5, -6, -6, -2, -5, 5, -5, -6, -1, -2, -1, -6, -2, 5, 2, 5, -6, 0, 1, -1, -6, -4, 3, -4, -1, -6, 1, 6, -4, 6, -4, 0, -3, 2, -2, -2, -5, -4, -2, -1, -2, 6, 2, -1, 0, 0, 1, -4, -3, -6, -1, -3, -1, 3, 1, -2, 2, -4, -6, 4, -5, 5, -4, -4, 6, -1, 3, -6, -1]
 
6.019205339796112: [-3, -3, 4, 5, -4, 3, -3, 1, -5, 4, 2, 4, 0, 1, -5, 6, 4, -4, -2, -3, 5, -4, -3, -6, -3, 6, -1, -2, -3, 3, 1, 3, -3, -3, -6, 5, 3, 3, -1, -1, 5, 0, -3, -6, 1, 2, -5, -5, -3, 2, 4, -2, 1, -2, 4, 2, -2, 6, -2, 5, -6, -6, 1, -5, 5, -5, -6, -1, -2, -1, -6, -2, 5, 2, 5, 3, -6, 1, -1, 4, -4, 3, -4, -1, -6, 1, -2, 4, 6, -4, 0, -3, 4, -2, -2, -5, -4, -2, -1, -4, 6, 2, -1, 0, 0, 1, 0, -1, -6, -1, -3, -6, 3, 1, -2, 2, -4, -6, 4, 0, 2, -4, -4, 6, -1, 3, -6, -1]
 
2.11670721647: [-3, -3, 4, 5, -4, 3, -3, 1, -5, 4, 2, -5, -4, 1, -5, 6, 4, -4, -2, -3, 3, -4, -3, -6, -5, 6, -1, -2, -3, 3, 1, 3, -3, -3, -6, 5, 3, 6, -1, -1, 4, -3, -3, -6, -2, 2, -5, 1, 4, 2, 4, -2, -2, -2, 4, -4, -2, -1, 2, 5, -6, -6, 1, -5, -1, -5, -6, -1, -2, -1, -6, -2, 5, 2, 5, 3, -6, 0, -1, 4, 1, 3, -4, -2, -6, 1, -2, 4, -5, -4, 0, -3, 4, -2, 2, -5, 4, 3, -1, -1, 3, 2, -2, 0, 0, 1, 0, -1, -6, -1, -3, -6, 3, 3, -2, 2, -4, 1, 4, 0, -4, -4, -4, -3, -1, 2, -6, 6]
 
6.012642611630928: [-3, -3, 4, 5, -4, 3, -3, 1, -5, 4, 2, 4, 0, 1, -5, 6, 4, -4, -2, -3, 5, -4, -3, -6, -3, 6, -1, -2, -3, 3, 1, 3, -3, -3, -6, 5, 3, 3, -1, -1, 5, 0, -3, -6, 1, 2, -5, -5, -3, 2, 4, -2, 1, -2, 4, 2, -2, 6, -2, 5, -6, -6, 1, -5, 5, -5, -6, -1, -2, -1, -6, -2, 5, 2, 5, 3, -6, 1, -1, 4, -4, 3, -4, -1, -6, 1, -2, 4, 6, -4, 0, -3, 4, -2, -2, -5, -4, -2, -1, -4, 6, 2, -1, 0, 0, 1, 0, -1, -6, -1, -3, -6, 3, 1, -2, 2, -4, -6, 4, 0, 2, -4, -4, 6, -1, 3, -6, -1]
 
6.011328621917722: [-3, -3, 4, 5, -4, 3, -3, 1, -5, 4, 2, 0, -4, 1, -5, 6, 4, -4, -2, -3, 5, -4, -3, -6, -3, 6, -1, -2, -3, 3, 1, 3, -3, -3, -6, 5, 3, 3, -1, -1, 5, 0, -3, -6, 1, 2, -5, -5, -3, 2, 4, -2, 1, -2, 4, 2, -2, 6, -2, 5, -6, -6, 1, -5, 5, -5, -6, -1, -2, -1, -6, -2, 5, 2, 5, 3, -6, 1, -1, 4, -4, 3, -4, -1, -6, 1, -2, 4, 6, -4, 0, -3, 4, -2, -2, -5, -4, -2, -1, -4, 6, 2, -1, 0, 0, 1, 0, -1, -6, -1, -3, -6, 3, 1, -2, 2, -4, -6, 4, 0, 2, -4, -4, 6, -1, 3, -6, -1]
 
6.009687079769009: [-3, -3, 4, 5, -4, 3, -3, 1, -5, 4, 2, 4, 0, 1, -5, 6, 4, -4, -2, -3, 5, -4, -3, -6, -3, 6, -1, -2, -3, 3, 1, 3, -3, -3, -6, 5, 3, 3, -1, -1, 5, 0, -3, -6, 1, 2, -5, -5, -3, 2, 4, -2, 1, -2, 4, 2, -2, 6, -2, 5, -6, -6, 1, -5, 5, -5, -6, -1, -2, -1, -6, -2, 5, 2, 5, 3, -6, 1, -1, 4, -4, 3, -4, -1, -6, 1, -2, 4, 6, -4, 0, -3, 4, -2, -2, -5, -4, -2, -1, -4, 6, 2, -1, 0, 0, 1, 0, -1, -6, -1, -3, -6, 3, 1, -2, 2, -4, -6, 4, 0, 2, -4, -4, 6, -1, 3, -6, -1]
 
0.551772007955: [-1, -4, 3, -2, -1, 0, 4, 0, -5, -4, 4, -6, -5, 4, 2, 1, -6, 3, -2, 6, 4, 0, 4, 6, -2, 1, 3, -3, 4, 3, -5, -2, -2, 6, -3, -6, 1, 1, 5, 3, -3, -4, -5, 6, -1, 5, -1, 2, -6, 1, -2, -3, -5, 0, -2, 4, 3, -3, 4, -1, -3, 6, -3, 1, -1, 5, 5, -5, 6, 4, 5, 3, -5, 0, 1, 3, -1, -4, -1, -4, 0, -3, 0, 4, 4, 4, -4, 4, 3, 4, -1, -4, -1, -6, -5, 4, 6, 6, -6, 3, 2, 2, 6, -2, 5, 3, -4, -2, 3, 3, 4, -1, 2, 6, -2, 6, -3, -1, 0, 1, -6, 3, -6, 6, -1, 0, 0, -1]
 
5.79383469061: [-3, -3, 4, 5, -4, 3, -3, 1, -5, 4, 2, 0, -4, 1, -5, 6, 4, -4, -2, -3, 5, -4, -3, -6, -3, 6, -1, -2, -3, 3, 1, 3, -3, -3, -6, 5, 3, 3, -1, -1, 5, 0, -3, -6, 1, 2, -5, -5, -3, 2, 4, -2, 1, -2, 4, 2, -2, 6, -2, 5, -6, -6, 1, -5, 5, -5, -6, -1, -2, -1, -6, -2, 5, 2, 5, 3, -6, 1, -1, 4, -4, 3, -4, -1, -6, 1, -2, 4, 6, -4, 0, -3, 4, -2, -2, -5, -4, -2, -1, -4, 6, 2, -1, 0, 0, 1, 0, -1, -6, -1, -3, -6, 3, 1, -2, 2, -4, -6, 4, 0, 2, -4, -4, 6, -1, 3, -6, -1]
 
5.69676200946: [-3, -3, 4, 5, -4, 3, -3, 1, -5, 4, 2, 0, -4, 1, -5, 6, 4, -4, -2, -3, 5, -4, -3, -6, -3, 6, -1, -2, -3, 3, 1, 3, -3, -3, -6, 5, 3, 3, -1, -1, 5, 0, -3, -6, 1, 2, -5, -5, -3, 2, 4, -2, 1, -2, 4, 2, -2, 6, -2, 5, -6, -6, 1, -5, 5, -5, -6, -1, -2, -1, -6, -2, 5, 2, 5, 3, -6, 1, -1, 4, -4, 3, -4, -1, -6, 1, -2, 4, 6, -4, 0, -3, 4, -2, -2, -5, -4, -2, -1, -4, 6, 2, -1, 0, 0, 1, 0, -1, -6, -1, -3, -6, 3, 1, -2, 2, -4, -6, 4, 0, 2, -4, -4, 6, -1, 3, -6, -1]
 
5.91644040005: [-3, -3, 4, 5, -4, 3, -3, 1, -5, 4, 2, 0, -4, 1, -5, 6, 4, -4, -2, -3, 5, -4, -3, -6, -3, 6, -1, -2, -3, 3, 1, 3, -3, -3, -6, 5, 3, 3, -1, -1, 5, 0, -3, -6, 1, 2, -5, -5, -3, 2, 4, -2, 1, -2, 4, 2, -2, 6, -2, 5, -6, -6, 1, -5, 5, -5, -6, -1, -2, -1, -6, -2, 5, 2, 5, 3, -6, 1, -1, 4, -4, 3, -4, -1, -6, 1, -2, 4, 6, -4, 0, -3, 4, -2, -2, -5, -4, -2, -1, -4, 6, 2, -1, 0, 0, 1, 0, -1, -6, -1, -3, -6, 3, 1, -2, 2, -4, -6, 4, 0, 2, -4, -4, 6, -1, 3, -6, -1]
 
4.71553051488: [-3, -3, 4, 5, -4, 3, -3, 1, -5, 4, 2, 0, -4, 1, -5, 6, 4, -4, -2, -3, 5, -4, -3, -6, -3, 6, -1, -2, -3, 3, 1, 3, -3, -3, -6, 5, 3, 3, -1, -1, 5, 0, -3, -6, 1, 2, -5, -5, -3, 2, 4, -2, 1, -2, 4, 2, -2, 6, -2, 5, -6, -6, 1, -5, 5, -5, -6, -1, -2, -1, -6, -2, 5, 2, 5, 3, -6, 1, -1, 4, -4, 3, -4, -1, -6, 1, -2, 4, 6, -4, 0, -3, 4, -2, -2, -5, -4, -2, -1, -4, 6, 2, -1, 0, 0, 1, 0, -1, -6, -1, -3, -6, 3, 1, -2, 2, -4, -6, 4, 0, 2, -4, -4, 6, -1, 3, -6, -1]
 
3.42200779938: [-3, -3, 4, 5, -4, 3, -3, 5, 5, 4, 5, 4, 0, 1, -2, 6, 4, -4, -2, -3, 5, -4, 2, -6, -3, 6, -1, -3, -3, 3, 1, 3, -3, -3, -6, 5, -4, 2, -1, -1, 3, 1, -3, -6, 1, 2, -5, -5, -3, 2, 4, -2, 1, -2, 5, 3, -2, 3, -2, 5, -5, -3, 1, -5, 5, -6, -6, -1, -2, -1, -6, 6, 5, 2, 5, -2, -6, 1, -4, 4, -4, 3, -4, -1, -6, -2, -2, 4, 5, -4, 0, -3, 4, -2, -2, -5, -4, -2, -1, -4, 0, 2, -2, 0, 0, 1, 1, -1, -6, -1, -3, 2, 3, 1, -2, 2, -4, -6, 6, 0, 2, -4, -6, 6, -5, 5, -6, -2]
 
5.70666706153: [-3, -3, 4, 5, -4, 3, -3, 1, -5, 4, 2, 4, 0, 1, -5, 6, 4, -4, -2, -3, 5, -4, -3, -6, -3, 6, -1, -2, -3, 3, 1, 3, -3, -3, -6, 5, 3, 3, -1, -1, 5, 0, -3, -6, 1, 2, -5, -5, -3, 2, 4, -2, 1, -2, 4, 2, -2, 6, -2, 5, -6, -6, 1, -5, 5, -5, -6, -1, -2, -1, -6, -2, 5, 2, 5, 3, -6, 1, -1, 4, -4, 3, -4, -1, -6, 1, -2, 4, 6, -4, 0, -3, 4, -2, -2, -5, -4, -2, -1, -4, 6, 2, -1, 0, 0, 1, 0, -1, -6, -1, -3, -6, 3, 1, -2, 2, -4, -6, 4, 0, 2, -4, -4, 6, -1, 3, -6, -1]
 
1.96546894853: [-3, -3, -4, 5, -4, -4, -3, 1, -5, -2, -2, 0, -4, 1, -5, -2, 4, 1, 0, -3, 5, -4, -3, -6, -3, 6, -1, -2, -3, 3, 1, 5, -3, -3, -6, 5, 3, 3, -1, -1, 5, 0, -3, -2, 1, 2, -5, 4, -3, 2, 4, -2, 1, -2, -1, 2, -2, 6, -3, 5, -6, -6, 5, 0, 5, -5, -6, -1, 0, -1, -6, -2, 5, 2, 5, 3, -6, 1, 6, 4, 4, 6, -4, -1, -6, 3, -2, 4, 6, -4, 0, -3, 4, -2, -2, -5, -4, -2, -1, -2, 6, 2, -1, 0, 0, 1, 0, -1, -4, -1, 5, 5, 3, 1, -2, 2, -4, -6, 3, 1, 2, -4, 5, 6, -1, 3, -6, 1]
 
6.12171688658: [-3, -3, 4, 5, -4, 3, -3, 1, -5, 4, 2, 0, -4, 1, -5, 6, 4, -4, -2, -3, 5, -4, -3, -6, -3, 6, -1, -2, -3, 3, 1, 3, -3, -3, -6, 5, 3, 3, -1, -1, 5, 0, -3, -6, 1, 2, -5, -5, -3, 2, 4, -2, 1, -2, 4, 2, -2, 6, -2, 5, -6, -6, 1, -5, 5, -5, -6, -1, -2, -1, -6, -2, 5, 2, 5, 3, -6, 1, -1, 4, -4, 3, -4, -1, -6, 1, -2, 4, 6, -4, 0, -3, 4, -2, -2, -5, -4, -2, -1, -4, 6, 2, -1, 0, 0, 1, 0, -1, -6, -1, -3, -6, 3, 1, -2, 2, -4, -6, 4, 0, 2, -4, -4, 6, -1, 3, -6, -1]
 
5.21340206903: [-3, -3, 4, 5, -4, 3, -3, 1, -5, 4, 2, 0, -4, 1, -5, 6, 4, -4, -2, -3, 5, -4, -3, -6, -3, 6, -1, -2, -3, 3, 1, 3, -3, -3, -6, 5, 3, 3, -1, -1, 5, 0, -3, -6, 1, 2, -5, -5, -3, 2, 4, -2, 1, -2, 4, 2, -2, 6, -2, 5, -6, -6, 1, -5, 5, -5, -6, -1, -2, -1, -6, -2, 5, 2, 5, 3, -6, 1, -1, 4, -4, 3, -4, -1, -6, 1, -2, 4, 6, -4, 0, -3, 4, -2, -2, -5, -4, -2, -1, -4, 6, 2, -1, 0, 0, 1, 0, -1, -6, -1, -3, -6, 3, 1, -2, 2, -4, -6, 4, 0, 2, -4, -4, 6, -1, 3, -6, -1]
 
6.06961797155: [-3, -3, 4, 5, -4, 3, -3, 1, -5, 4, 2, 0, -4, 1, -5, 6, 4, -4, -2, -3, 5, -4, -3, -6, -3, 6, -1, -2, -3, 3, 1, 3, -3, -3, -6, 5, 3, 3, -1, -1, 5, 0, -3, -6, 1, 2, -5, -5, -3, 2, 4, -2, 1, -2, 4, 2, -2, 6, -2, 5, -6, -6, 1, -5, 5, -5, -6, -1, -2, -1, -6, -2, 5, 2, 5, 3, -6, 1, -1, 4, -4, 3, -4, -1, -6, 1, -2, 4, 6, -4, 0, -3, 4, -2, -2, -5, -4, -2, -1, -4, 6, 2, -1, 0, 0, 1, 0, -1, -6, -1, -3, -6, 3, 1, -2, 2, -4, -6, 4, 0, 2, -4, -4, 6, -1, 3, -6, -1]
 
5.84670113526: [-3, -3, 4, 5, -4, 3, -3, 1, -5, 4, 2, 0, -4, 1, -5, 6, 4, -4, -2, -3, 5, -4, -3, -6, -3, 6, -1, -2, -3, 3, 1, 3, -3, -3, -6, 5, 3, 3, -1, -1, 5, 0, -3, -6, 1, 2, -5, -5, -3, 2, 4, -2, 1, -2, 4, 2, -2, 6, -2, 5, -6, -6, 1, -5, 5, -5, -6, -1, -2, -1, -6, -2, 5, 2, 5, 3, -6, 1, -1, 4, -4, 3, -4, -1, -6, 1, -2, 4, 6, -4, 0, -3, 4, -2, -2, -5, -4, -2, -1, -4, 6, 2, -1, 0, 0, 1, 0, -1, -6, -1, -3, -6, 3, 1, -2, 2, -4, -6, 4, 0, 2, -4, -4, 6, -1, 3, -6, -1]
 
1.74052259077: [-3, -4, 4, 5, -4, -1, 6, -1, -5, 4, -4, 0, -4, 1, -5, 6, 4, -5, -2, 3, 5, 2, -3, 4, -1, 6, -1, -2, -3, 3, 1, 3, -3, -3, -6, 5, 3, 6, -1, 6, 5, 0, -3, -6, 1, 2, -5, -5, -3, 2, 3, 4, 1, -2, 4, 2, 0, 6, 4, 5, -6, -6, 1, -5, 5, 6, -6, -1, -2, -3, -4, -2, 5, 2, 5, 3, -6, 1, -1, 4, -4, 3, -4, -1, -6, -4, 6, 4, 6, -4, 0, -3, 4, -2, -2, -4, -4, -2, -1, -4, 6, -4, -1, -5, 3, 1, 0, -1, -6, -1, -3, -6, 3, 0, -2, 2, -4, -6, 4, 0, -4, -4, -4, 6, 1, 3, -6, -6]
 
2.39687015688: [-3, -3, 4, 5, -4, 3, -3, 1, -5, 4, 2, 0, -4, 1, -5, 6, 4, -2, -2, -3, -4, 0, -3, -6, -3, 6, -1, 2, -3, -5, 1, 3, -3, -3, -6, 5, 3, 3, 1, -1, 3, 0, -3, -6, 1, 6, -5, -3, 1, 2, -4, -2, 5, -2, 4, 2, -2, 3, -2, 5, -6, -1, 1, -5, 5, -5, -6, 1, 3, -1, -6, 4, 5, 2, 5, -1, -2, 1, -1, 4, -4, 3, -4, 4, -6, 1, -2, 2, 5, -4, 0, 1, 4, -3, -2, -6, -4, -3, -2, -3, 6, 2, -1, 0, 0, 1, 0, -1, -6, -1, -3, -6, 3, 1, -4, 2, -4, -6, 4, 5, 1, -4, 3, 6, -5, 3, -6, -1]
 
5.83622466543: [-3, -3, 4, 5, -4, 3, -3, 1, -5, 4, 2, 0, -4, 1, -5, 6, 4, -4, -2, -3, 5, -4, -3, -6, -3, 6, -1, -2, -3, 3, 1, 3, -3, -3, -6, 5, 3, 3, -1, -1, 5, 0, -3, -6, 1, 2, -5, -5, -3, 2, 4, -2, 1, -2, 4, 2, -2, 6, -2, 5, -6, -6, 1, -5, 5, -5, -6, -1, -2, -1, -6, -2, 5, 2, 5, 3, -6, 1, -1, 4, -4, 3, -4, -1, -6, 1, -2, 4, 6, -4, 0, -3, 4, -2, -2, -5, -4, -2, -1, -4, 6, 2, -1, 0, 0, 1, 0, -1, -6, -1, -3, -6, 3, 1, -2, 2, -4, -6, 4, 0, 2, -4, -4, 6, -1, 3, -6, -1]
 
6.04628128517: [-3, -3, 4, 5, -4, 3, -3, 1, -5, 4, 2, 0, -4, 1, -5, 6, 4, -4, -2, -3, 5, -4, -3, -6, -3, 6, -1, -2, -3, 3, 1, 3, -3, -3, -6, 5, 3, 3, -1, -1, 5, 0, -3, -6, 1, 2, -5, -5, -3, 2, 4, -2, 1, -2, 4, 2, -2, 6, -2, 5, -6, -6, 1, -5, 5, -5, -6, -1, -2, -1, -6, -2, 5, 2, 5, 3, -6, 1, -1, 4, -4, 3, -4, -1, -6, 1, -2, 4, 6, -4, 0, -3, 4, -2, -2, -5, -4, -2, -1, -4, 6, 2, -1, 0, 0, 1, 0, -1, -6, -1, -3, -6, 3, 1, -2, 2, -4, -6, 4, 0, 2, -4, -4, 6, -1, 3, -6, -1]
 
5.99371208202: [-3, -3, 4, 5, -4, 3, -3, 1, -5, 4, 2, 0, -4, 1, -5, 6, 4, -4, -2, -3, 5, -4, -3, -6, -3, 6, -1, -2, -3, 3, 1, 3, -3, -3, -6, 5, 3, 3, -1, -1, 5, 0, -3, -6, 1, 2, -5, -5, -3, 2, 4, -2, 1, -2, 4, 2, -2, 6, -2, 5, -6, -6, 1, -5, 5, -5, -6, -1, -2, -1, -6, -2, 5, 2, 5, 3, -6, 1, -1, 4, -4, 3, -4, -1, -6, 1, -2, 4, 6, -4, 0, -3, 4, -2, -2, -5, -4, -2, -1, -4, 6, 2, -1, 0, 0, 1, 0, -1, -6, -1, -3, -6, 3, 1, -2, 2, -4, -6, 4, 0, 2, -4, -4, 6, -1, 3, -6, -1]
 
2.83798516811: [-3, -3, -2, 5, -4, 3, 1, 1, -1, 4, 3, 4, 0, 1, -5, 6, 4, -4, -2, 0, 5, -4, 4, -4, -3, 6, -6, 1, -3, 3, 1, 3, -3, -3, -6, 5, 5, 4, -3, -1, 5, -1, -3, -4, 1, -3, -5, -5, 2, 2, -4, 3, 1, -6, 4, 2, -2, 6, -2, 5, -6, -6, 1, -5, 5, -5, -6, -1, -2, -1, -6, 1, 5, 2, 5, 3, -6, -5, -1, 4, -3, 3, -4, -1, -6, 1, -2, 4, 6, -4, 0, -3, 4, -6, -2, -5, -4, -2, -1, -4, 6, 2, 3, 0, 0, 1, 0, -1, -6, -1, 6, -5, 3, 1, -2, 2, -4, -5, 4, 0, -4, -4, -4, 6, -1, 3, -5, 3]
 
6.05473426884: [-3, -3, 4, 5, -4, 3, -3, 1, -5, 4, 2, 0, -4, 1, -5, 6, 4, -4, -2, -3, 5, -4, -3, -6, -3, 6, -1, -2, -3, 3, 1, 3, -3, -3, -6, 5, 3, 3, -1, -1, 5, 0, -3, -6, 1, 2, -5, -5, -3, 2, 4, -2, 1, -2, 4, 2, -2, 6, -2, 5, -6, -6, 1, -5, 5, -5, -6, -1, -2, -1, -6, -2, 5, 2, 5, 3, -6, 1, -1, 4, -4, 3, -4, -1, -6, 1, -2, 4, 6, -4, 0, -3, 4, -2, -2, -5, -4, -2, -1, -4, 6, 2, -1, 0, 0, 1, 0, -1, -6, -1, -3, -6, 3, 1, -2, 2, -4, -6, 4, 0, 2, -4, -4, 6, -1, 3, -6, -1]
 
3.97332433455: [-3, -3, 4, 5, -4, -1, -3, 1, -5, 4, -6, 0, -4, 1, -5, 6, 4, -4, -2, 2, 5, 3, -3, -6, -3, 6, -1, -3, -2, 3, 1, -1, -3, 4, -6, 5, -4, -1, -1, -1, 5, 0, -1, -6, 1, 2, -5, -5, -4, 2, 4, -2, 1, -2, 4, -6, -2, 6, -2, 5, -6, -6, 1, -5, 5, -5, -6, -1, -2, -1, -6, -2, -1, 0, 5, 3, 6, 1, 1, 4, -4, 6, 6, -1, -2, 1, -2, 4, 6, -4, 0, -3, 4, -2, -2, -5, -4, 4, -2, -4, 0, 2, -1, 0, 0, -5, 0, -1, -6, -1, -5, -6, 3, 1, -2, 2, -4, -6, 4, 5, 2, 6, -4, 6, -1, 2, -6, -1]
 
5.95147245806: [-3, -3, 4, 5, -4, 3, -3, 1, -5, 4, 2, 0, -4, 1, -5, 6, 4, -4, -2, -3, 5, -4, -3, -6, -3, 6, -1, -2, -3, 3, 1, 3, -3, -3, -6, 5, 3, 3, -1, -1, 5, 0, -3, -6, 1, 2, -5, -5, -3, 2, 4, -2, 1, -2, 4, 2, -2, 6, -2, 5, -6, -6, 1, -5, 5, -5, -6, -1, -2, -1, -6, -2, 5, 2, 5, 3, -6, 1, -1, 4, -4, 3, -4, -1, -6, 1, -2, 4, 6, -4, 0, -3, 4, -2, -2, -5, -4, -2, -1, -4, 6, 2, -1, 0, 0, 1, 0, -1, -6, -1, -3, -6, 3, 1, -2, 2, -4, -6, 4, 0, 2, -4, -4, 6, -1, 3, -6, -1]
 
5.50245211316: [-3, -3, 4, 5, -4, 3, -3, 1, -5, 4, 2, 0, -4, 1, -5, 6, 4, -4, -2, -3, 5, -4, -3, -6, -3, 6, -1, -2, -3, 3, 1, 3, -3, -3, -6, 5, 3, 3, -1, -1, 5, 0, -3, -6, 1, 2, -5, -5, -3, 2, 4, -2, 1, -2, 4, 2, -2, 6, -2, 5, -6, -6, 1, -5, 5, -5, -6, -1, -2, -1, -6, -2, 5, 2, 5, 3, -6, 1, -1, 4, -4, 3, -4, -1, -6, 1, -2, 4, 6, -4, 0, -3, 4, -2, -2, -5, -4, -2, -1, -4, 6, 2, -1, 0, 0, 1, 0, -1, -6, -1, -3, -6, 3, 1, -2, 2, -4, -6, 4, 0, 2, -4, -4, 6, -1, 3, -6, -1]
 
5.56031093384: [-3, -3, 4, 5, -4, 3, -3, 1, -5, 4, 2, 4, 0, 1, -5, 6, 4, -4, -2, -3, 5, -4, -3, -6, -3, 6, -1, -2, -3, 3, 1, 3, -3, -3, -6, 5, 3, 3, -1, -1, 5, 0, -3, -6, 1, 2, -5, -5, -3, 2, 4, -2, 1, -2, 4, 2, -2, 6, -2, 5, -6, -6, 1, -5, 5, -5, -6, -1, -2, -1, -6, -2, 5, 2, 5, 3, -6, 1, -1, 4, -4, 3, -4, -1, -6, 1, -2, 4, 6, -4, 0, -3, 4, -2, -2, -5, -4, -2, -1, -4, 6, 2, -1, 0, 0, 1, 0, -1, -6, -1, -3, -6, 3, 1, -2, 2, -4, -6, 4, 0, 2, -4, -4, 6, -1, 3, -6, -1]
 
5.99786413865: [-3, -3, 4, 5, -4, 3, -3, 1, -5, 4, 2, 0, -4, 1, -5, 6, 4, -4, -2, -3, 5, -4, -3, -6, -3, 6, -1, -2, -3, 3, 1, 3, -3, -3, -6, 5, 3, 3, -1, -1, 5, 0, -3, -6, 1, 2, -5, -5, -3, 2, 4, -2, 1, -2, 4, 2, -2, 6, -2, 5, -6, -6, 1, -5, 5, -5, -6, -1, -2, -1, -6, -2, 5, 2, 5, 3, -6, 1, -1, 4, -4, 3, -4, -1, -6, 1, -2, 4, 6, -4, 0, -3, 4, -2, -2, -5, -4, -2, -1, -4, 6, 2, -1, 0, 0, 1, 0, -1, -6, -1, -3, -6, 3, 1, -2, 2, -4, -6, 4, 0, 2, -4, -4, 6, -1, 3, -6, -1]
 
5.79257894215: [-3, -3, 4, 5, -4, 3, -3, 1, -5, 4, 2, 0, -4, 1, -5, 6, 4, -4, -2, -3, 5, -4, -3, -6, -3, 6, -1, -2, -3, 3, 1, 3, -3, -3, -6, 5, 3, 3, -1, -1, 5, 0, -3, -6, 1, 2, -5, -5, -3, 2, 4, -2, 1, -2, 4, 2, -2, 6, -2, 5, -6, -6, 1, -5, 5, -5, -6, -1, -2, -1, -6, -2, 5, 2, 5, 3, -6, 1, -1, 4, -4, 3, -4, -1, -6, 1, -2, 4, 6, -4, 0, -3, 4, -2, -2, -5, -4, -2, -1, -4, 6, 2, -1, 0, 0, 1, 0, -1, -6, -1, -3, -6, 3, 1, -2, 2, -4, -6, 4, 0, 2, -4, -4, 6, -1, 3, -6, -1]
 
5.76319298066: [-3, -3, 4, 5, -4, 3, -3, 1, -5, 4, 2, 0, -4, 1, -5, 6, 4, -4, -2, -3, 5, -4, -3, -6, -3, 6, -1, -2, -3, 3, 1, 3, -3, -3, -6, 5, 3, 3, -1, -1, 5, 0, -3, -6, 1, 2, -5, -5, -3, 2, 4, -2, 1, -2, 4, 2, -2, 6, -2, 5, -6, -6, 1, -5, 5, -5, -6, -1, -2, -1, -6, -2, 5, 2, 5, 3, -6, 1, -1, 4, -4, 3, -4, -1, -6, 1, -2, 4, 6, -4, 0, -3, 4, -2, -2, -5, -4, -2, -1, -4, 6, 2, -1, 0, 0, 1, 0, -1, -6, -1, -3, -6, 3, 1, -2, 2, -4, -6, 4, 0, 2, -4, -4, 6, -1, 3, -6, -1]
 
6.09690496114: [-3, -3, 4, 5, -4, 3, -3, 1, -5, 4, 2, 4, 0, 1, -5, 6, 4, -4, -2, -3, 5, -4, -3, -6, -3, 6, -1, -2, -3, 3, 1, 3, -3, -3, -6, 5, 3, 3, -1, -1, 5, 0, -3, -6, 1, 2, -5, -5, -3, 2, 4, -2, 1, -2, 4, 2, -2, 6, -2, 5, -6, -6, 1, -5, 5, -5, -6, -1, -2, -1, -6, -2, 5, 2, 5, 3, -6, 1, -1, 4, -4, 3, -4, -1, -6, 1, -2, 4, 6, -4, 0, -3, 4, -2, -2, -5, -4, -2, -1, -4, 6, 2, -1, 0, 0, 1, 0, -1, -6, -1, -3, -6, 3, 1, -2, 2, -4, -6, 4, 0, 2, -4, -4, 6, -1, 3, -6, -1]
 
5.20935441514: [-3, -3, 4, 5, -4, 3, -3, 1, -5, 4, 2, 4, 0, 1, -5, 6, 4, -4, -2, -3, 5, -4, -3, -6, -3, 6, -1, -2, -3, 3, 1, 3, -3, -3, -6, 5, 3, 3, -1, -1, 5, 0, -3, -6, 1, 2, -5, -5, -3, 2, 4, -2, 1, -2, 4, 2, -2, 6, -2, 5, -6, -6, 1, -5, 5, -5, -6, -1, -2, -1, -6, -2, 5, 2, 5, 3, -6, 1, -1, 4, -4, 3, -4, -1, -6, 1, -2, 4, 6, -4, 0, -3, 4, -2, -2, -5, -4, -2, -1, -4, 6, 2, -1, 0, 0, 1, 0, -1, -6, -1, -3, -6, 3, 1, -2, 2, -4, -6, 4, 0, 2, -4, -4, 6, -1, 3, -6, -1]
 
5.78027013218: [-3, -3, 4, 5, -4, 3, -3, 1, -5, 4, 2, 0, -4, 1, -5, 6, 4, -4, -2, -3, 5, -4, -3, -6, -3, 6, -1, -2, -3, 3, 1, 3, -3, -3, -6, 5, 3, 3, -1, -1, 5, 0, -3, -6, 1, 2, -5, -5, -3, 2, 4, -2, 1, -2, 4, 2, -2, 6, -2, 5, -6, -6, 1, -5, 5, -5, -6, -1, -2, -1, -6, -2, 5, 2, 5, 3, -6, 1, -1, 4, -4, 3, -4, -1, -6, 1, -2, 4, 6, -4, 0, -3, 4, -2, -2, -5, -4, -2, -1, -4, 6, 2, -1, 0, 0, 1, 0, -1, -6, -1, -3, -6, 3, 1, -2, 2, -4, -6, 4, 0, 2, -4, -4, 6, -1, 3, -6, -1]
 
5.74693712202: [-3, -3, 4, 5, -4, 3, -3, 1, -5, 4, 2, 0, -4, 1, -5, 6, 4, -4, -2, -3, 5, -4, -3, -6, -3, 6, -1, -2, -3, 3, 1, 3, -3, -3, -6, 5, 3, 3, -1, -1, 5, 0, -3, -6, 1, 2, -5, -5, -3, 2, 4, -2, 1, -2, 4, 2, -2, 6, -2, 5, -6, -6, 1, -5, 5, -5, -6, -1, -2, -1, -6, -2, 5, 2, 5, 3, -6, 1, -1, 4, -4, 3, -4, -1, -6, 1, -2, 4, 6, -4, 0, -3, 4, -2, -2, -5, -4, -2, -1, -4, 6, 2, -1, 0, 0, 1, 0, -1, -6, -1, -3, -6, 3, 1, -2, 2, -4, -6, 4, 0, 2, -4, -4, 6, -1, 3, -6, -1]
 
6.04042995256: [-3, -3, 4, 5, -4, 3, -3, 1, -5, 4, 2, 0, -4, 1, -5, 6, 4, -4, -2, -3, 5, -4, -3, -6, -3, 6, -1, -2, -3, 3, 1, 3, -3, -3, -6, 5, 3, 3, -1, -1, 5, 0, -3, -6, 1, 2, -5, -5, -3, 2, 4, -2, 1, -2, 4, 2, -2, 6, -2, 5, -6, -6, 1, -5, 5, -5, -6, -1, -2, -1, -6, -2, 5, 2, 5, 3, -6, 1, -1, 4, -4, 3, -4, -1, -6, 1, -2, 4, 6, -4, 0, -3, 4, -2, -2, -5, -4, -2, -1, -4, 6, 2, -1, 0, 0, 1, 0, -1, -6, -1, -3, -6, 3, 1, -2, 2, -4, -6, 4, 0, 2, -4, -4, 6, -1, 3, -6, -1]
 
0.836824389856: [-3, -3, 4, 3, 2, 4, -3, 6, -5, 4, 2, 4, 0, 1, -5, 6, 4, -4, -2, -3, 6, -4, -5, -1, -3, -6, -1, -1, -3, 3, 1, 3, -3, 1, -6, 5, 3, -2, -1, -5, 5, 0, -2, -4, 2, 2, 0, -4, 0, 2, 4, -2, 6, -2, 6, 2, -2, 6, -2, 2, -6, -6, 1, -5, 2, -5, 3, -5, -2, 5, -6, -2, 5, 2, -4, 5, -6, 1, -1, 4, -4, 3, -4, 2, -6, 1, -2, 4, 6, -4, 0, -3, 4, -2, -2, -5, -4, -2, -1, -4, -3, 2, -1, 0, 0, 1, 0, -1, -6, -1, -4, -6, 0, 3, 5, 2, -4, -6, 4, 0, 2, -4, -4, 6, -1, 3, -6, -1]
 
