6.232205119646565: [-3, -3, 4, 5, -4, 3, -3, 1, -5, 4, 2, 4, 0, 1, -5, 6, 4, -4, -2, -3, 5, -4, -3, -6, -3, 6, -1, -2, -3, 3, 1, 3, -3, -3, -6, 5, 3, 3, -1, -1, 5, 0, -3, -6, 1, 2, -5, -5, -3, 2, 4, -6, 0, -2, 4, 2, -2, 6, -2, 5, -6, -6, 1, -5, 5, -5, -6, -1, -2, -1, -6, -2, 5, 2, 5, 3, -6, 1, -1, 4, -4, 3, -4, -1, -6, 1, -2, 4, 6, -4, 0, -3, 4, -2, -2, -5, -4, -2, -1, -4, 6, 2, -1, 0, 0, 1, 0, -1, -6, -1, -3, -6, 3, 1, -2, 2, -4, -6, 4, 0, 2, -4, -4, 6, -1, 3, -6, -1]
 
6.197251780790486: [-3, -3, 4, 5, -4, 3, -3, 1, -5, 4, 2, 0, -4, 1, -5, 6, 4, -4, -2, -3, 5, -4, -3, -6, -1, 6, -1, -2, -3, 3, 1, 3, -3, -3, -6, 5, 3, 3, -1, -1, 5, 0, -3, -6, 1, 2, -5, -5, -3, 2, 4, -6, 0, -2, 4, 2, -2, 6, -2, 5, -6, -6, 1, -5, 5, -5, -6, -1, -2, -1, -6, -2, 5, 2, 5, 3, -6, 1, -1, 4, -4, 3, -4, -1, -6, 1, -2, 4, 6, -4, 0, -3, 4, -2, -2, -5, -4, -2, -1, -4, 6, 2, -1, 0, 0, 1, 0, -1, -6, -1, -3, -6, 3, 1, -2, 2, -4, -6, 4, 0, 2, -4, -4, 6, -1, 3, -6, -1]
 
1.09079106412: [-3, -3, 4, 5, -4, -3, 3, 1, -5, 4, 2, 0, -4, 1, -5, 1, -3, -4, -2, -3, 3, 4, -3, -6, -1, -5, -5, 5, -3, 3, -5, -1, -3, -3, -6, 6, 3, 3, 1, -1, -3, 0, -3, -6, 1, 2, -5, -5, -3, 3, -2, 3, 0, 1, -2, 2, 1, 1, -5, -4, -6, -6, 1, -5, 4, 1, -5, -1, 2, -1, -6, 4, 5, 2, 3, 5, 6, 1, 0, 4, -4, 6, -4, 2, -6, 1, 3, 4, 6, -2, 0, 1, 4, -2, -4, 1, -4, -2, 2, 2, 1, 2, -1, -6, 0, 1, 0, -1, -6, -1, -3, -6, 3, 1, 5, 2, -4, 1, 4, 0, 2, -4, 5, -1, -1, 3, -4, -1]
 
6.0405131744299165: [-3, -3, 4, 5, -4, 3, -3, 1, -5, 4, 2, 4, 0, 1, -5, 6, 4, -4, -2, -3, 5, -4, -3, -6, -3, 6, -1, -2, -3, 3, 1, 3, -3, -3, -6, 5, 3, 3, -1, -1, 5, 0, -3, -6, 1, 2, -5, -5, -3, 2, 4, -6, 0, -2, 4, 2, -2, 6, -2, 5, -6, -6, 1, -5, 5, -5, -6, -1, -2, -1, -6, -2, 5, 2, 5, 3, -6, 1, -1, 4, -4, 3, -4, -1, -6, 1, -2, 4, 6, -4, 0, -3, 4, -2, -2, -5, -4, -2, -1, -4, 6, 2, -1, 0, 0, 1, 0, -1, -6, -1, -3, -6, 3, 1, -2, 2, -4, -6, 4, 0, 2, -4, -4, 6, -1, 3, -6, -1]
 
6.0363646938829865: [-3, -3, 4, 5, -4, 3, -3, 1, -5, 4, 2, 4, 0, 1, -5, 6, 4, -4, -2, -3, 5, -4, -3, -6, -3, 6, -1, -2, -3, 3, 1, 3, -3, -3, -6, 5, 3, 3, -1, -1, 5, 0, -3, -6, 1, 2, -5, -5, -3, 2, 4, -6, 0, -2, 4, 2, -2, 6, -2, 5, -6, -6, 1, -5, 5, -5, -6, -1, -2, -1, -6, -2, 5, 2, 5, 3, -6, 1, -1, 4, -4, 3, -4, -1, -6, 1, -2, 4, 6, -4, 0, -3, 4, -2, -2, -5, -4, -2, -1, -4, 6, 2, -1, 0, 0, 1, 0, -1, -6, -1, -3, -6, 3, 1, -2, 2, -4, -6, 4, 0, 2, -4, -4, 6, -1, 3, -6, -1]
 
6.016179204849493: [-3, -3, 1, 5, -4, 3, 4, 1, -6, 4, 2, 0, -4, 1, -5, 6, 4, -4, -2, -3, 5, -4, -3, -6, -1, 6, -1, -2, -3, 3, 1, 3, -3, -3, -6, 5, 3, 3, -1, -1, 5, 0, -3, -6, 1, 2, -5, -5, -3, 2, 4, -2, 1, -2, 4, 6, -3, 6, -2, -2, 5, -6, -5, -5, 5, -5, -6, -1, -2, -1, -6, -2, 5, 2, 5, 3, -6, 1, -1, 4, -4, 3, -4, -1, -6, 1, -2, 4, 6, -4, 0, -3, 4, -2, -2, -5, -4, -2, -1, -4, 6, 2, -1, 0, 0, 1, 0, -1, -6, -1, -3, -6, 3, 1, -2, 2, -4, -6, 4, 0, 2, -4, -4, 6, -1, 3, -6, -1]
 
5.943629124807002: [-3, -3, 4, 5, -4, 3, -3, 1, -5, 4, 2, 0, -4, 1, -5, 6, 4, -4, -2, -3, 5, -4, -3, -6, -3, 6, -1, -2, -3, 3, 1, 3, -3, -3, -6, 5, 3, 3, -1, -1, 5, 0, -3, -6, 1, 2, -5, -5, -3, 2, 4, -6, 0, -2, 4, 2, -2, 6, -2, 5, -6, -6, 1, -5, 5, -5, -6, -1, -2, -1, -6, -2, 5, 2, 5, 3, -6, 1, -1, 4, -4, 3, -4, -1, -6, 1, -2, 4, 6, -4, 0, -3, 4, -2, -2, -5, -4, -2, -1, -4, 6, 2, -1, 0, 0, 1, 0, -1, -6, -1, -3, -6, 3, 1, -2, 2, -4, -6, 4, 0, 2, -4, -4, 6, -1, 3, -6, -1]
 
5.912303725326708: [-3, -3, 4, 5, -4, 3, -3, 1, -5, 4, 2, 4, 0, 1, -5, 6, 4, -4, -2, -3, 5, -4, -3, -6, -3, 6, -1, -2, -3, 3, 1, 3, -3, -3, -6, 5, 3, 3, -1, -1, 5, 0, -3, -6, 1, 2, -5, -5, -3, 2, 4, -6, 0, -2, 4, 2, -2, 6, -2, 5, -6, -6, 1, -5, 5, -5, -6, -1, -2, -1, -6, -2, 5, 2, 5, 3, -6, 1, -1, 4, -4, 3, -4, -1, -6, 1, -2, 4, 6, -4, 0, -3, 4, -2, -2, -5, -4, -2, -1, -4, 6, 2, -1, 0, 0, 1, 0, -1, -6, -1, -3, -6, 3, 1, -2, 2, -4, -6, 4, 0, 2, -4, -4, 6, -1, 3, -6, -1]
 
0.642391949921: [6, -3, 6, 5, -2, 3, 3, 1, 4, 4, 2, 4, -1, 1, 5, 6, -1, -4, -2, -3, 5, -1, 1, 2, -3, 6, -1, -2, -3, -5, -3, -2, -5, -3, -3, 5, -6, 3, -1, 3, 5, 0, 1, -1, 1, 2, 6, -5, -3, 2, 5, -6, 4, -2, 4, 1, 6, 6, -1, 5, -6, -6, 1, -5, 5, -5, -6, -1, -2, -1, -6, 6, 5, 2, -5, 3, -6, 1, 5, 4, -6, 3, -4, -1, -6, 1, -2, 4, 6, 0, 0, -4, 4, -2, 0, -6, -2, -2, -1, -4, -3, -2, -1, 0, 0, 5, -1, 0, -6, -1, -3, -5, 3, -6, 3, 2, -6, -6, 4, 0, 2, 3, 5, -2, 2, -4, -6, -1]
 
5.897878956719588: [-3, -3, 4, 5, -4, 3, -3, 1, -5, 4, 2, 0, -4, 1, -5, 6, 4, -4, -2, -3, 5, -4, -3, -6, -1, 6, -1, -2, -3, 3, 1, 3, -3, -3, -6, 5, 3, 3, -1, -1, 5, 0, -3, -6, 1, 2, -5, -5, -3, 2, 4, -6, 0, -2, 4, 2, -2, 6, -2, 5, -6, -6, 1, -5, 5, -5, -6, -1, -2, -1, -6, -2, 5, 2, 5, 3, -6, 1, -1, 4, -4, 3, -4, -1, -6, 1, -2, 4, 6, -4, 0, -3, 4, -2, -2, -5, -4, -2, -1, -4, 6, 2, -1, 0, 0, 1, 0, -1, -6, -1, -3, -6, 3, 1, -2, 2, -4, -6, 4, 0, 2, -4, -4, 6, -1, 3, -6, -1]
 
1.3397316778: [-1, -3, 0, 5, -4, -5, -3, 3, -3, 4, 2, 0, -4, 3, -5, 0, -2, -4, 5, -5, 5, -4, 4, -6, -1, 6, -3, -2, 6, -4, 1, 5, 6, -6, -6, 5, 3, 3, -1, -1, 5, 0, -3, 0, -3, -5, -5, -5, -3, 2, 4, -6, 0, -4, -6, -5, -2, 6, -2, -4, 4, 1, 1, -5, 5, -5, -6, -3, -2, -1, -2, -2, 5, 2, 6, 0, -3, -2, -1, 4, -4, 3, -4, -1, -6, 1, 4, -2, 6, -3, -3, -3, 4, 2, -2, -5, -4, 3, -1, -4, 2, 2, 2, 0, 0, 3, 0, -1, -6, -1, -3, -5, 3, 1, 6, -3, -4, 0, 4, 0, 2, -4, -4, -4, -1, 3, 6, -1]
 
5.86781625527164: [-3, -3, 4, 5, -4, 3, -3, 1, -5, 4, 2, 0, -4, 1, -5, 6, 4, -4, -2, -3, 5, -4, -3, -6, -3, 6, -1, -2, -3, 3, 1, 3, -3, -3, -6, 5, 3, 3, -1, -1, 5, 0, -3, -6, 1, 2, -5, -5, -3, 2, 4, -6, 0, -2, 4, 2, -2, 6, -2, 5, -6, -6, 1, -5, 5, -5, -6, -1, -2, -1, -6, -2, 5, 2, 5, 3, -6, 1, -1, 4, -4, 3, -4, -1, -6, 1, -2, 4, 6, -4, 0, -3, 4, -2, -2, -5, -4, -2, -1, -4, 6, 2, -1, 0, 0, 1, 0, -1, -6, -1, -3, -6, 3, 1, -2, 2, -4, -6, 4, 0, 2, -4, -4, 6, -1, 3, -6, -1]
 
5.839557491026831: [-3, -3, 4, 5, -4, 3, -3, 1, -5, 4, 2, 4, 0, 1, -5, 6, 4, -4, -2, -3, 5, -4, -3, -6, -3, 6, -1, -2, -3, 3, 1, 3, -3, -3, -6, 5, 3, 3, -1, -1, 5, 0, -3, -6, 1, 2, -5, -5, -3, 2, 4, -6, 0, -2, 4, 2, -2, 6, -2, 5, -6, -6, 1, -5, 5, -5, -6, -1, -2, -1, -6, -2, 5, 2, 5, 3, -6, 1, -1, 4, -4, 3, -4, -1, -6, 1, -2, 4, 6, -4, 0, -3, 4, -2, -2, -5, -4, -2, -1, -4, 6, 2, -1, 0, 0, 1, 0, -1, -6, -1, -3, -6, 3, 1, -2, 2, -4, -6, 4, 0, 2, -4, -4, 6, -1, 3, -6, -1]
 
5.836078270871322: [-3, -3, 4, 5, -4, 3, -3, 1, -5, 4, 2, 4, 0, 1, -5, 6, 4, -4, -2, -3, 5, -4, -3, -6, -3, 6, -1, -2, -3, 3, 1, 3, -3, -3, -6, 5, 3, 3, -1, -1, 5, 0, -3, -6, 1, 2, -5, -5, -3, 2, 4, -6, 0, -2, 4, 2, -2, 6, -2, 5, -6, -6, 1, -5, 5, -5, -6, -1, -2, -1, -6, -2, 5, 2, 5, 3, -6, 1, -1, 4, -4, 3, -4, -1, -6, 1, -2, 4, 6, -4, 0, -3, 4, -2, -2, -5, -4, -2, -1, -4, 6, 2, -1, 0, 0, 1, 0, -1, -6, -1, -3, -6, 3, 1, -2, 2, -4, -6, 4, 0, 2, -4, -4, 6, -1, 3, -6, -1]
 
5.835167616109431: [-3, -3, 1, 5, -4, 3, 4, 1, -5, 4, 2, 0, -4, 1, -5, 6, 4, -4, -2, -3, 5, -4, -3, -6, -3, 6, -1, -2, -3, 3, 1, 3, -3, -3, -6, 5, 3, 3, -1, -1, 5, 0, -3, -6, 1, 2, -5, -5, -3, 2, 4, -6, 0, -2, 4, 2, -2, 6, -2, 5, -6, -6, 1, -5, 5, -5, -6, -1, -2, -1, -6, -2, 5, 2, 5, 3, -6, 1, -1, 4, -4, 3, -4, -1, -6, 1, -2, 4, 6, -4, 0, -3, 4, -2, -2, -5, -4, -2, -1, -4, 6, 2, -1, 0, 0, 1, 0, -1, -6, -1, -3, -6, 3, 1, -2, 2, -4, -6, 4, 0, 2, -4, -4, 6, -1, 3, -6, -1]
 
5.8328437868177225: [-3, -3, 4, 5, -4, 3, -3, 1, -5, 4, 2, 4, 0, 1, -5, 6, 4, -4, -2, -3, 5, -4, -3, -6, -3, 6, -1, -2, -3, 3, 1, 3, -3, -3, -6, 5, 3, 3, -1, -1, 5, 0, -3, -6, 1, 2, -5, -5, -3, 2, 4, -6, 0, -2, 4, 2, -2, 6, -2, 5, -6, -6, 1, -5, 5, -5, -6, -1, -2, -1, -6, -2, 5, 2, 5, 3, -6, 1, -1, 4, -4, 3, -4, -1, -6, 1, -2, 4, 6, -4, 0, -3, 4, -2, -2, -5, -4, -2, -1, -4, 6, 2, -1, 0, 0, 1, 0, -1, -6, -1, -3, -6, 3, 1, -2, 2, -4, -6, 4, 0, 2, -4, -4, 6, -1, 3, -6, -1]
 
0.851813215177: [-3, -6, 1, 5, 3, 3, 4, 1, -6, 4, 2, 4, 2, 1, -5, 6, -6, 6, -2, -3, -1, -4, -3, -6, -1, -4, 2, -2, 6, 5, -6, -5, -1, -1, -4, -6, -2, 3, -1, 4, -4, 0, -3, 3, 1, 3, -5, -5, -3, 2, 4, 0, 1, -2, 4, 6, 2, 6, 0, -2, 5, -6, -5, -5, 5, -5, -6, -1, -3, 2, -6, -2, 5, 2, 5, -5, 2, -4, -1, 4, -3, 2, -4, -1, -6, 1, 2, 4, -6, -3, 0, -3, 4, -6, -2, -3, -4, 4, -2, -4, -3, 2, -1, 0, 0, 1, 0, -5, -3, -1, 4, -6, -2, -3, -2, 2, -3, -6, 4, -1, 0, -4, -4, 6, -1, 2, 2, -1]
 
0.224890676424: [-3, -2, 4, 5, 5, 3, -3, 3, 6, 4, 2, 0, -4, 1, -5, 5, 4, 2, -3, -3, -6, 2, -3, -6, -1, 1, -5, -1, -3, 3, -1, 3, -3, 0, 3, 5, 0, 3, -1, -1, 4, 0, -3, -2, 1, 2, -5, -5, -5, 2, 4, -2, 1, -4, 4, 2, -5, 0, -2, -2, 5, -3, 2, -5, 5, -5, -6, -1, -6, -1, -3, -2, 6, -3, 5, 3, -6, -4, -1, 4, 1, 3, -4, -1, -6, -3, -2, 4, -1, -4, 0, -3, -3, 0, -2, -3, -4, 2, -1, -4, 2, 2, 1, 4, 0, -1, 3, 5, -4, -1, -1, -6, -2, -6, 5, 1, -4, -6, 4, 0, 2, -4, 2, 6, -1, 3, 4, -1]
 
5.759017121696099: [-3, -3, 4, 5, -4, 3, -3, 1, -5, 4, 2, 4, 0, 1, -5, 6, 4, -4, -2, -3, 5, -4, -3, -6, -3, 6, -1, -2, -3, 3, 1, 3, -3, -3, -6, 5, 3, 3, -1, -1, 5, 0, -3, -6, 1, 2, -5, -5, -3, 2, 4, -6, 0, -2, 4, 2, -2, 6, -2, 5, -6, -6, 1, -5, 5, -5, -6, -1, -2, -1, -6, -2, 5, 2, 5, 3, -6, 1, -1, 4, -4, 3, -4, -1, -6, 1, -2, 4, 6, -4, 0, -3, 4, -2, -2, -5, -4, -2, -1, -4, 6, 2, -1, 0, 0, 1, 0, -1, -6, -1, -3, -6, 3, 1, -2, 2, -4, -6, 4, 0, 2, -4, -4, 6, -1, 3, -6, -1]
 
5.734056918945971: [-3, -3, 4, 5, -4, 3, -3, 1, -5, 4, 2, 4, 0, 1, -5, 6, 4, -4, -2, -3, 5, -4, -3, -6, -3, 6, -1, -2, -3, 3, 1, 3, -3, -3, -6, 5, 3, 3, -1, -1, 5, 0, -3, -6, 1, 2, -5, -5, -3, 2, 4, -6, 0, -2, 4, 2, -2, 6, -2, 5, -6, -6, 1, -5, 5, -5, -6, -1, -2, -1, -6, -2, 5, 2, 5, 3, -6, 1, -1, 4, -4, 3, -4, -1, -6, 1, -2, 4, 6, -4, 0, -3, 4, -2, -2, -5, -4, -2, -1, -4, 6, 2, -1, 0, 0, 1, 0, -1, -6, -1, -3, -6, 3, 1, -2, 2, -4, -6, 4, 0, 2, -4, -4, 6, -1, 3, -6, -1]
 
5.730385634265791: [-3, -3, 4, 5, -4, 3, -3, 1, -5, 4, 2, 4, 0, 1, -5, 6, 4, -4, -2, -3, 5, -4, -3, -6, -3, 6, -1, -2, -3, 3, 1, 3, -3, -3, -6, 5, 3, 3, -1, -1, 5, 0, -3, -6, 1, 2, -5, -5, -3, 2, 4, -6, 0, -2, 4, 2, -2, 6, -2, 5, -6, -6, 1, -5, 5, -5, -6, -1, -2, -1, -6, -2, 5, 2, 5, 3, -6, 1, -1, 4, -4, 3, -4, -1, -6, 1, -2, 4, 6, -4, 0, -3, 4, -2, -2, -5, -4, -2, -1, -4, 6, 2, -1, 0, 0, 1, 0, -1, -6, -1, -3, -6, 3, 1, -2, 2, -4, -6, 4, 0, 2, -4, -4, 6, -1, 3, -6, -1]
 
5.722206905797686: [-3, -3, 4, 5, -4, 3, -3, 1, -5, 4, 2, 0, -4, 1, -5, 6, 4, -4, -2, -3, 5, -4, -3, -6, -1, 6, -1, -2, -3, 3, 1, 3, -3, -3, -6, 5, 3, 3, -1, -1, 5, 0, -3, -6, 1, 2, -5, -5, -3, 2, 4, -6, 0, -2, 4, 2, -2, 6, -2, 5, -6, -6, 1, -5, 5, -5, -6, -1, -2, -1, -6, -2, 5, 2, 5, 3, -6, 1, -1, 4, -4, 3, -4, -1, -6, 1, -2, 4, 6, -4, 0, -3, 4, -2, -2, -5, -4, -2, -1, -4, 6, 2, -1, 0, 0, 1, 0, -1, -6, -1, -3, -6, 3, 1, -2, 2, -4, -6, 4, 0, 2, -4, -4, 6, -1, 3, -6, -1]
 
5.7206177806767196: [-3, -3, 4, 5, -4, 3, -3, 1, -5, 4, 2, 4, 0, 1, -5, 6, 4, -4, -2, -3, 5, -4, -3, -6, -3, 6, -1, -2, -3, 3, 1, 3, -3, -3, -6, 5, 3, 3, -1, -1, 5, 0, -3, -6, 1, 2, -5, -5, -3, 2, 4, -6, 0, -2, 4, 2, -2, 6, -2, 5, -6, -6, 1, -5, 5, -5, -6, -1, -2, -1, -6, -2, 5, 2, 5, 3, -6, 1, -1, 4, -4, 3, -4, -1, -6, 1, -2, 4, 6, -4, 0, -3, 4, -2, -2, -5, -4, -2, -1, -4, 6, 2, -1, 0, 0, 1, 0, -1, -6, -1, -3, -6, 3, 1, -2, 2, -4, -6, 4, 0, 2, -4, -4, 6, -1, 3, -6, -1]
 
0.421262510925: [-3, -5, 1, -1, -4, 3, -2, 1, -3, 0, -5, 4, 0, -2, -5, -1, -4, -4, -5, -6, 5, 2, -2, -6, -3, 5, -1, -2, 5, -3, 1, 3, -3, -3, -6, -3, 3, 0, -1, 5, 0, 0, -3, -6, 1, 2, 2, -5, -3, 2, 4, 2, 1, -3, -1, -1, 1, 6, 0, -2, 0, 2, 0, -5, 6, 5, -6, -1, -6, 5, 6, -2, 5, 2, 5, 3, -6, 5, -1, 4, -4, 3, -4, 2, -6, -3, -2, 4, 6, -4, 0, -3, -2, -2, -2, -5, -4, -2, -5, 2, 6, 2, -1, -6, 6, 0, 0, -1, -6, -1, -3, -6, -3, 1, 2, 5, -4, -6, 4, 5, 5, -4, -4, 6, 1, 3, -6, -1]
 
2.25379478522: [-3, -3, 4, 5, -4, 3, -3, 1, -5, 4, 2, 0, -6, 1, -5, 6, 4, 5, -2, -3, 6, -4, 6, -6, -1, -5, -1, 6, -3, 3, 1, -1, -3, -1, -6, 1, 5, 3, -2, 4, 5, 0, -3, -6, 1, -6, -5, -5, -6, 3, 2, 1, 0, -2, 4, 6, -2, -4, -6, 2, 0, 2, -1, -3, 5, -5, -1, 0, 5, -1, -6, -2, 5, 2, 5, 3, 2, 1, -1, 4, -4, 2, -4, -1, -6, 1, 2, 4, 6, -4, 4, 6, 4, -2, -2, -5, -4, -5, -1, 2, 6, 4, -4, 3, -2, 3, 0, -1, -6, -2, -3, -2, 3, -3, -2, 2, -5, 1, 4, 0, -6, -4, -4, -3, -1, 4, -4, -1]
 
5.705489802598695: [-3, -3, 4, 5, -4, 3, -3, 1, -5, 4, 2, 4, 0, 1, -5, 6, 4, -4, -2, -3, 5, -4, -3, -6, -3, 6, -1, -2, -3, 3, 1, 3, -3, -3, -6, 5, 3, 3, -1, -1, 5, 0, -3, -6, 1, 2, -5, -5, -3, 2, 4, -6, 0, -2, 4, 2, -2, 6, -2, 5, -6, -6, 1, -5, 5, -5, -6, -1, -2, -1, -6, -2, 5, 2, 5, 3, -6, 1, -1, 4, -4, 3, -4, -1, -6, 1, -2, 4, 6, -4, 0, -3, 4, -2, -2, -5, -4, -2, -1, -4, 6, 2, -1, 0, 0, 1, 0, -1, -6, -1, -3, -6, 3, 1, -2, 2, -4, -6, 4, 0, 2, -4, -4, 6, -1, 3, -6, -1]
 
5.702719654062898: [-3, -3, 1, 5, -4, 3, 4, 1, -6, 4, 2, 4, 0, 1, -5, 6, 6, -4, -2, -3, 5, -4, -3, -6, -1, 6, -1, -2, -3, 3, 1, 3, -3, -3, -6, 5, 3, 3, -1, -1, 5, 0, -3, -6, 1, 2, -5, -5, -3, 2, 4, -6, 0, -2, 4, 2, -2, 6, -2, 5, -6, -6, 1, -5, 5, -5, -6, -1, -2, -1, -6, -2, 5, 2, 5, 3, -6, 1, -1, 4, -4, 3, -4, -1, -6, 1, -2, 4, 6, -4, 0, -3, 4, -2, -2, -5, -4, -2, -1, -4, 6, 2, -1, 0, 0, 1, 0, -1, -6, -1, -3, -6, 3, 1, -2, 2, -4, -6, 4, 0, 2, -4, -4, 6, -1, 3, -6, -1]
 
0.584292379724: [-6, 5, 2, 3, -4, 6, 4, -5, 5, 4, 2, 0, -4, 1, -5, 6, 4, -5, -2, -3, 5, -4, 2, -6, 3, -4, -1, -2, -3, 3, 1, 3, 0, -3, -6, -5, 3, -4, -1, 4, 4, 0, -3, 0, 1, 5, -5, -5, -3, -1, 4, -6, -4, 1, 4, 3, -2, 6, 0, 5, -6, 4, -2, -4, 5, -5, -6, -2, -2, -6, -6, -2, -1, 2, -5, 0, -6, 1, 3, -6, -3, 3, -4, 3, -6, 3, -3, -1, 6, -2, -6, -3, 4, -4, -2, -5, -5, -2, -1, -4, 6, -5, -1, 0, 0, 1, 0, -1, -6, -6, 0, -3, 3, -4, -2, 2, -4, 0, 1, 0, 2, -4, -4, 2, 3, 3, -6, -1]
 
5.671336023809282: [-3, -3, 1, 5, -4, 3, 4, 1, -5, 4, 2, 0, -4, 1, -5, 6, 4, -4, -2, -3, 5, -4, -3, -6, -1, 6, -1, -2, -3, 3, 1, 3, -3, -3, -6, 5, 3, 3, -1, -1, 5, 0, -3, -6, 1, 2, -5, -5, -3, 2, 4, -6, 0, -2, 4, 2, -2, 6, -2, 5, -6, -6, 1, -5, 5, -5, -6, -1, -2, -1, -6, -2, 5, 2, 5, 3, -6, 1, -1, 4, -4, 3, -4, -1, -6, 1, -2, 4, 6, -4, 0, -3, 4, -2, -2, -5, -4, -2, -1, -4, 6, 2, -1, 0, 0, 1, 0, -1, -6, -1, -3, -6, 3, 1, -2, 2, -4, -6, 4, 0, 2, -4, -4, 6, -1, 3, -6, -1]
 
5.665029765203658: [-3, -3, 1, 5, -4, 3, -3, 1, -5, 4, 2, 0, -4, 1, -5, 6, 4, -4, -2, -3, 5, -4, -3, -6, -1, 6, -1, -2, -3, 3, 1, 3, -3, -3, -6, 5, 3, 3, -1, -1, 5, 0, -3, -6, 1, 2, -5, -5, -3, 2, 4, -6, 0, -2, 4, 2, -2, 6, -2, 5, -6, -6, 1, -5, 5, -5, -6, -1, -2, -1, -6, -2, 5, 2, 5, 3, -6, 1, -1, 4, -4, 3, -4, -1, -6, 1, -2, 4, 6, -4, 0, -3, 4, -2, -2, -5, -4, -2, -1, -4, 6, 2, -1, 0, 0, 1, 0, -1, -6, -1, -3, -6, 3, 1, -2, 2, -4, -6, 4, 0, 2, -4, -4, 6, -1, 3, -6, -1]
 
1.72260886103: [-3, -4, 5, 5, -4, 4, -3, 2, -4, 5, 0, -3, -4, 1, -5, -5, 4, -5, 4, 0, 3, -4, -3, -6, 3, 6, 3, -2, -3, -5, 0, 3, -3, -3, -6, 5, 3, -2, -1, -1, 5, 0, -3, -6, 1, 5, 3, 4, -3, 2, 4, -6, 0, -2, 4, 2, -2, 1, -2, 5, -3, -6, 1, -5, 5, -5, 0, 1, -2, -3, -6, -6, 5, -1, -3, 3, -6, -6, -1, 6, -4, 3, -4, 4, -6, 1, 2, 4, 6, -4, -1, -3, 4, -4, 2, -3, -4, -2, 3, -3, 6, 2, -3, 1, -1, 3, 0, 4, -1, -6, -3, -6, 3, 1, -2, 2, -4, -6, 4, 0, 2, -4, -4, 6, -3, 6, -6, 2]
 
5.651305143236112: [-3, -3, 1, 5, -4, 3, -3, 1, -5, 4, 2, 0, -4, 1, -5, 6, 4, -4, -2, -3, 5, -4, -3, -6, -1, 6, -1, -2, -3, 3, 1, 3, -3, -3, -6, 5, 3, 3, -1, -1, 5, 0, -3, -6, 1, 2, -5, -5, -3, 2, 4, -6, 0, -2, 4, 2, -2, 6, -2, 5, -6, -6, 1, -5, 5, -5, -6, -1, -2, -1, -6, -2, 5, 2, 5, 3, -6, 1, -1, 4, -4, 3, -4, -1, -6, 1, -2, 4, 6, -4, 0, -3, 4, -2, -2, -5, -4, -2, -1, -4, 6, 2, -1, 0, 0, 1, 0, -1, -6, -1, -3, -6, 3, 1, -2, 2, -4, -6, 4, 0, 2, -4, -4, 6, -1, 3, -6, -1]
 
6.00626981744: [-3, -3, 4, 5, -4, 3, -3, 1, -5, 4, 2, 4, 0, 1, -5, 6, 4, -4, -2, -3, 5, -4, -3, -6, -3, 6, -1, -2, -3, 3, 1, 3, -3, -3, -6, 5, 3, 3, -1, -1, 5, 0, -3, -6, 1, 2, -5, -5, -3, 2, 4, -6, 0, -2, 4, 2, -2, 6, -2, 5, -6, -6, 1, -5, 5, -5, -6, -1, -2, -1, -6, -2, 5, 2, 5, 3, -6, 1, -1, 4, -4, 3, -4, -1, -6, 1, -2, 4, 6, -4, 0, -3, 4, -2, -2, -5, -4, -2, -1, -4, 6, 2, -1, 0, 0, 1, 0, -1, -6, -1, -3, -6, 3, 1, -2, 2, -4, -6, 4, 0, 2, -4, -4, 6, -1, 3, -6, -1]
 
0.198195333835: [-6, -5, -1, 1, -2, 3, -3, 1, -5, 4, 2, 0, -3, 0, -2, 6, 4, 4, -2, -3, -4, -4, -3, -6, -3, 2, -1, 6, 0, 3, 1, 3, -3, -3, -6, -6, 3, -1, -1, 1, 5, 0, -3, -6, -5, 4, -1, -5, -3, -3, 4, -6, 0, -2, 4, 2, -6, -6, -2, 5, -2, 3, 1, -5, 5, -5, -6, -1, -2, -6, -6, -2, 5, 2, -3, 5, 6, 1, -1, 4, -6, 3, -4, -1, -6, 1, -4, -5, 6, 6, -3, -3, -3, -2, -2, -5, -6, -2, 1, -3, 2, 2, -1, -4, 0, 1, 0, -1, 0, -1, -3, -6, 3, 5, -2, 2, -4, 4, 4, 0, -2, -4, -4, 6, -1, 3, -6, -1]
 
5.21722291929: [-3, -3, 4, 5, -4, 3, -3, 1, -5, 4, 2, 4, 0, 1, -5, 6, 4, -4, -2, -3, 5, -4, -3, -6, -3, 6, -1, -2, -3, 3, 1, 3, -3, -3, -6, 5, 3, 3, -1, -1, 5, 0, -3, -6, 1, 2, -5, -5, -3, 2, 4, -6, 0, -2, 4, 2, -2, 6, -2, 5, -6, -6, 1, -5, 5, -5, -6, -1, -2, -1, -6, -2, 5, 2, 5, 3, -6, 1, -1, 4, -4, 3, -4, -1, -6, 1, -2, 4, 6, -4, 0, -3, 4, -2, -2, -5, -4, -2, -1, -4, 6, 2, -1, 0, 0, 1, 0, -1, -6, -1, -3, -6, 3, 1, -2, 2, -4, -6, 4, 0, 2, -4, -4, 6, -1, 3, -6, -1]
 
5.63714634005: [-3, -3, 4, 5, -4, 3, -3, 1, -5, 4, 2, 0, -4, 1, -5, 6, 4, -4, -2, -3, 5, -4, -3, -6, -1, 6, -1, -2, -3, 3, 1, 3, -3, -3, -6, 5, 3, 3, -1, -1, 5, 0, -3, -6, 1, 2, -5, -5, -3, 2, 4, -6, 0, -2, 4, 2, -2, 6, -2, 5, -6, -6, 1, -5, 5, -5, -6, -1, -2, -1, -6, -2, 5, 2, 5, 3, -6, 1, -1, 4, -4, 3, -4, -1, -6, 1, -2, 4, 6, -4, 0, -3, 4, -2, -2, -5, -4, -2, -1, -4, 6, 2, -1, 0, 0, 1, 0, -1, -6, -1, -3, -6, 3, 1, -2, 2, -4, -6, 4, 0, 2, -4, -4, 6, -1, 3, -6, -1]
 
5.51103816126: [-3, -3, 1, 5, -4, 3, 4, 1, -6, 4, 2, 4, 0, 1, -5, 6, 6, -4, -2, -3, 5, -4, -3, -6, -1, 6, -1, -2, -3, 3, 1, 3, -3, -3, -6, 5, 3, 3, -1, -1, 5, 0, -3, -6, 1, 2, -5, -5, -3, 2, 4, -2, 1, -2, 4, 6, -3, 6, -2, -2, 5, -6, -5, -5, 5, -5, -6, -1, -2, -1, -6, -2, 5, 2, 5, 3, -6, 1, -1, 4, -4, 3, -4, -1, -6, 1, -2, 4, 6, -4, 0, -3, 4, -2, -2, -5, -4, -2, -1, -4, 6, 2, -1, 0, 0, 1, 0, -1, -6, -1, -3, -6, 3, 1, -2, 2, -4, -6, 4, 0, 2, -4, -4, 6, -1, 3, -6, -1]
 
1.47476760892: [-3, -5, 4, 5, -4, 3, -3, 1, -3, 4, -4, 4, 0, 1, -6, 6, 4, -4, -2, -3, 5, -6, -3, -5, 4, 6, -2, -3, -3, -4, -6, 3, 5, -6, -6, -2, 3, -4, -3, -1, 5, -4, 0, -6, 1, 2, -5, -5, -3, 2, 4, -2, 0, -2, 4, 5, 4, 6, 1, 5, -6, 6, 4, -5, 5, -5, 0, -1, -1, 5, -6, -2, 5, 2, 2, 3, 0, 1, 6, 3, 6, -6, -4, -1, -6, 1, -2, 4, 6, -4, 0, -1, 4, -2, -2, 3, -4, -5, -4, -6, 6, 2, -1, 0, 0, -5, 2, -1, -3, 3, 3, -6, -4, 6, -5, 2, -4, -6, 4, -2, 2, -2, -4, 6, -1, 3, -4, -1]
 
4.96513923291: [-3, -3, 4, 5, -4, 3, -3, 1, -5, 4, 2, 4, 0, 1, -5, 6, 4, -4, -2, -3, 5, -4, -3, -6, -3, 6, -1, -2, -3, 3, 1, 3, -3, -3, -6, 5, 3, 3, -1, -1, 5, 0, -3, -6, 1, 2, -5, -5, -3, 2, 4, -6, 0, -2, 4, 2, -2, 6, -2, 5, -6, -6, 1, -5, 5, -5, -6, -1, -2, -1, -6, -2, 5, 2, 5, 3, -6, 1, -1, 4, -4, 3, -4, -1, -6, 1, -2, 4, 6, -4, 0, -3, 4, -2, -2, -5, -4, -2, -1, -4, 6, 2, -1, 0, 0, 1, 0, -1, -6, -1, -3, -6, 3, 1, -2, 2, -4, -6, 4, 0, 2, -4, -4, 6, -1, 3, -6, -1]
 
5.46710625237: [-3, -3, 4, 5, -4, 3, -3, 1, -5, 4, 2, 0, -4, 1, -5, 6, 4, -4, -2, -3, 5, -4, -3, -6, -3, 6, -1, -2, -3, 3, 1, 3, -3, -3, -6, 5, 3, 3, -1, -1, 5, 0, -3, -6, 1, 2, -5, -5, -3, 2, 4, -6, 0, -2, 4, 2, -2, 6, -2, 5, -6, -6, 1, -5, 5, -5, -6, -1, -2, -1, -6, -2, 5, 2, 5, 3, -6, 1, -1, 4, -4, 3, -4, -1, -6, 1, -2, 4, 6, -4, 0, -3, 4, -2, -2, -5, -4, -2, -1, -4, 6, 2, -1, 0, 0, 1, 0, -1, -6, -1, -3, -6, 3, 1, -2, 2, -4, -6, 4, 0, 2, -4, -4, 6, -1, 3, -6, -1]
 
5.67459999747: [-3, -3, 4, 5, -4, 3, -3, 1, -5, 4, 2, 4, 0, 1, -5, 6, 4, -4, -2, -3, 5, -4, -3, -6, -3, 6, -1, -2, -3, 3, 1, 3, -3, -3, -6, 5, 3, 3, -1, -1, 5, 0, -3, -6, 1, 2, -5, -5, -3, 2, 4, -6, 0, -2, 4, 2, -2, 6, -2, 5, -6, -6, 1, -5, 5, -5, -6, -1, -2, -1, -6, -2, 5, 2, 5, 3, -6, 1, -1, 4, -4, 3, -4, -1, -6, 1, -2, 4, 6, -4, 0, -3, 4, -2, -2, -5, -4, -2, -1, -4, 6, 2, -1, 0, 0, 1, 0, -1, -6, -1, -3, -6, 3, 1, -2, 2, -4, -6, 4, 0, 2, -4, -4, 6, -1, 3, -6, -1]
 
5.03287642966: [-3, -3, 4, 5, -4, 3, -3, 1, -5, 4, 2, 4, 0, 1, -5, 6, 4, -4, -2, -3, 5, -4, -3, -6, -3, 6, -1, -2, -3, 3, 1, 3, -3, -3, -6, 5, 3, 3, -1, -1, 5, 0, -3, -6, 1, 2, -5, -5, -3, 2, 4, -6, 0, -2, 4, 2, -2, 6, -2, 5, -6, -6, 1, -5, 5, -5, -6, -1, -2, -1, -6, -2, 5, 2, 5, 3, -6, 1, -1, 4, -4, 3, -4, -1, -6, 1, -2, 4, 6, -4, 0, -3, 4, -2, -2, -5, -4, -2, -1, -4, 6, 2, -1, 0, 0, 1, 0, -1, -6, -1, -3, -6, 3, 1, -2, 2, -4, -6, 4, 0, 2, -4, -4, 6, -1, 3, -6, -1]
 
5.37533401962: [-3, -3, 4, 5, -4, 3, -3, 1, -5, 4, 2, 0, -4, 1, -5, 6, 4, -4, -2, -3, 5, -4, -3, -6, -3, 6, -1, -2, -3, 3, 1, 3, -3, -3, -6, 5, 3, 3, -1, -1, 5, 0, -3, -6, 1, 2, -5, -5, -3, 2, 4, -6, 0, -2, 4, 2, -2, 6, -2, 5, -6, -6, 1, -5, 5, -5, -6, -1, -2, -1, -6, -2, 5, 2, 5, 3, -6, 1, -1, 4, -4, 3, -4, -1, -6, 1, -2, 4, 6, -4, 0, -3, 4, -2, -2, -5, -4, -2, -1, -4, 6, 2, -1, 0, 0, 1, 0, -1, -6, -1, -3, -6, 3, 1, -2, 2, -4, -6, 4, 0, 2, -4, -4, 6, -1, 3, -6, -1]
 
4.86579365289: [-3, -3, 4, 5, -4, 3, -3, 1, -5, 4, 2, 4, 0, 1, -5, 6, 4, -4, -2, -3, 5, -4, -3, -6, -3, 6, -1, -2, -3, 3, 1, 3, -3, -3, -6, 5, 3, 3, -1, -1, 5, 0, -3, -6, 1, 2, -5, -5, -3, 2, 4, -6, 0, -2, 4, 2, -2, 6, -2, 5, -6, -6, 1, -5, 5, -5, -6, -1, -2, -1, -6, -2, 5, 2, 5, 3, -6, 1, -1, 4, -4, 3, -4, -1, -6, 1, -2, 4, 6, -4, 0, -3, 4, -2, -2, -5, -4, -2, -1, -4, 6, 2, -1, 0, 0, 1, 0, -1, -6, -1, -3, -6, 3, 1, -2, 2, -4, -6, 4, 0, 2, -4, -4, 6, -1, 3, -6, -1]
 
5.51232624855: [-3, -3, 4, 5, -4, 3, -3, 1, -5, 4, 2, 4, 0, 1, -5, 6, 4, -4, -2, -3, 5, -4, -3, -6, -3, 6, -1, -2, -3, 3, 1, 3, -3, -3, -6, 5, 3, 3, -1, -1, 5, 0, -3, -6, 1, 2, -5, -5, -3, 2, 4, -6, 0, -2, 4, 2, -2, 6, -2, 5, -6, -6, 1, -5, 5, -5, -6, -1, -2, -1, -6, -2, 5, 2, 5, 3, -6, 1, -1, 4, -4, 3, -4, -1, -6, 1, -2, 4, 6, -4, 0, -3, 4, -2, -2, -5, -4, -2, -1, -4, 6, 2, -1, 0, 0, 1, 0, -1, -6, -1, -3, -6, 3, 1, -2, 2, -4, -6, 4, 0, 2, -4, -4, 6, -1, 3, -6, -1]
 
1.18954648968: [-3, -3, 1, 5, 5, 4, -3, 3, -5, 2, -5, 2, -4, 1, -5, 6, 4, -4, -2, -5, 5, -4, -5, 3, -1, 6, 3, -2, -4, 3, 1, 3, 3, -3, -6, 5, 3, -2, 2, 3, 5, 0, 5, 4, -3, 2, -5, 0, -1, 2, 4, -1, 0, -2, 4, 2, -2, 5, -2, 1, -6, 5, 1, -5, 5, -4, 6, -1, -3, -1, 1, -1, 5, 2, 4, 5, -6, -2, -1, -5, -4, 3, -4, -1, -6, 1, -2, -1, 1, -4, 0, -3, 1, -6, 2, -5, -4, -3, -1, -4, 6, 2, 2, 0, 0, -5, 0, 0, -6, -1, -3, -6, 3, 1, 1, 2, -4, -6, 4, -1, 2, -4, -4, 6, -1, 3, -6, -1]
 
2.07683943224: [-3, -3, 1, -4, 1, 3, -3, -2, 0, 4, 2, 0, 2, -3, -5, -4, 4, -4, 5, -3, 5, -4, -3, -6, -1, 6, 3, -2, -3, 3, 1, 3, -3, -3, -6, 5, 3, -4, -1, -1, 5, 0, -6, -6, -5, 2, -5, -5, -3, -6, 2, -6, 4, -2, -3, 2, -2, -3, -6, 6, -6, 2, 1, -5, 5, -5, -6, -5, -6, -1, -6, -3, 5, 2, 5, 3, -6, 1, 5, 4, 5, 1, -4, 0, -6, -6, -6, 6, 6, -4, 0, 1, -3, -2, 0, 2, -4, -2, -3, 2, 6, -5, -1, -4, 0, 0, 4, -1, 6, -1, 5, 5, 6, 1, 3, 2, -4, -6, 5, 0, 2, -4, 2, 6, 2, 5, -6, -1]
 
6.13822941821: [-3, -3, 4, 5, -4, 3, -3, 1, -5, 4, 2, 0, -4, 1, -5, 6, 4, -4, -2, -3, 5, -4, -3, -6, -1, 6, -1, -2, -3, 3, 1, 3, -3, -3, -6, 5, 3, 3, -1, -1, 5, 0, -3, -6, 1, 2, -5, -5, -3, 2, 4, -6, 0, -2, 4, 2, -2, 6, -2, 5, -6, -6, 1, -5, 5, -5, -6, -1, -2, -1, -6, -2, 5, 2, 5, 3, -6, 1, -1, 4, -4, 3, -4, -1, -6, 1, -2, 4, 6, -4, 0, -3, 4, -2, -2, -5, -4, -2, -1, -4, 6, 2, -1, 0, 0, 1, 0, -1, -6, -1, -3, -6, 3, 1, -2, 2, -4, -6, 4, 0, 2, -4, -4, 6, -1, 3, -6, -1]
 
5.94933407492: [-3, -3, 1, 5, -4, 3, -3, 1, -5, 4, 2, 0, -4, 1, -5, 6, 4, -4, -2, -3, 5, -4, -3, -6, -1, 6, -1, -2, -3, 3, 1, 3, -3, -3, -6, 5, 3, 3, -1, -1, 5, 0, -3, -6, 1, 2, -5, -5, -3, 2, 4, -6, 0, -2, 4, 2, -2, 6, -2, 5, -6, -6, 1, -5, 5, -5, -6, -1, -2, -1, -6, -2, 5, 2, 5, 3, -6, 1, -1, 4, -4, 3, -4, -1, -6, 1, -2, 4, 6, -4, 0, -3, 4, -2, -2, -5, -4, -2, -1, -4, 6, 2, -1, 0, 0, 1, 0, -1, -6, -1, -3, -6, 3, 1, -2, 2, -4, -6, 4, 0, 2, -4, -4, 6, -1, 3, -6, -1]
 
2.55836706354: [-4, 2, 4, 5, -3, 3, -3, 1, -5, 1, -1, 0, 1, 1, -5, 2, 4, -3, -2, -3, 5, -5, -3, -6, 0, 6, -1, -2, -3, -4, 1, -3, -3, -5, 2, -3, -1, 3, 4, -1, 3, 0, -3, -6, 1, 1, -1, -5, -3, 2, -2, 4, -4, -2, 4, 2, -2, 5, -2, 5, -6, -6, -1, -5, 5, -5, -6, -1, -2, -4, -6, 1, 0, -2, 5, 3, 4, 1, -6, 4, -4, 0, -4, 1, -6, 4, -2, 4, 6, -4, 0, -2, 4, -2, -2, -1, -4, -2, -1, -2, -1, -4, -1, 0, -1, 4, 0, -1, 0, -1, 6, -6, -6, 1, 2, 2, 6, -6, 4, 0, 2, -4, -4, 6, -1, 5, 4, -1]
 
5.59683570495: [-3, -3, 1, 5, -4, 3, -3, 1, -5, 4, 2, 0, -4, 1, -5, 6, 4, -4, -2, -3, 5, -4, -3, -6, -1, 6, -1, -2, -3, 3, 1, 3, -3, -3, -6, 5, 3, 3, -1, -1, 5, 0, -3, -6, 1, 2, -5, -5, -3, 2, 4, -6, 0, -2, 4, 2, -2, 6, -2, 5, -6, -6, 1, -5, 5, -5, -6, -1, -2, -1, -6, -2, 5, 2, 5, 3, -6, 1, -1, 4, -4, 3, -4, -1, -6, 1, -2, 4, 6, -4, 0, -3, 4, -2, -2, -5, -4, -2, -1, -4, 6, 2, -1, 0, 0, 1, 0, -1, -6, -1, -3, -6, 3, 1, -2, 2, -4, -6, 4, 0, 2, -4, -4, 6, -1, 3, -6, -1]
 
5.77018509391: [-3, -3, 4, 5, -4, 3, -3, 1, -5, 4, 2, 0, -4, 1, -5, 6, 4, -4, -2, -3, 5, -4, -3, -6, -1, 6, -1, -2, -3, 3, 1, 3, -3, -3, -6, 5, 3, 3, -1, -1, 5, 0, -3, -6, 1, 2, -5, -5, -3, 2, 4, -6, 0, -2, 4, 2, -2, 6, -2, 5, -6, -6, 1, -5, 5, -5, -6, -1, -2, -1, -6, -2, 5, 2, 5, 3, -6, 1, -1, 4, -4, 3, -4, -1, -6, 1, -2, 4, 6, -4, 0, -3, 4, -2, -2, -5, -4, -2, -1, -4, 6, 2, -1, 0, 0, 1, 0, -1, -6, -1, -3, -6, 3, 1, -2, 2, -4, -6, 4, 0, 2, -4, -4, 6, -1, 3, -6, -1]
 
5.42413613903: [-3, -3, 4, 5, -4, 3, -3, 1, -5, 4, 2, 4, 0, 1, -5, 6, 4, -4, -2, -3, 5, -4, -3, -6, -3, 6, -1, -2, -3, 3, 1, 3, -3, -3, -6, 5, 3, 3, -1, -1, 5, 0, -3, -6, 1, 2, -5, -5, -3, 2, 4, -6, 0, -2, 4, 2, -2, 6, -2, 5, -6, -6, 1, -5, 5, -5, -6, -1, -2, -1, -6, -2, 5, 2, 5, 3, -6, 1, -1, 4, -4, 3, -4, -1, -6, 1, -2, 4, 6, -4, 0, -3, 4, -2, -2, -5, -4, -2, -1, -4, 6, 2, -1, 0, 0, 1, 0, -1, -6, -1, -3, -6, 3, 1, -2, 2, -4, -6, 4, 0, 2, -4, -4, 6, -1, 3, -6, -1]
 
5.70118124002: [-3, -3, 4, 5, -4, 3, -3, 1, -5, 4, 2, 0, -4, 1, -5, 6, 4, -4, -2, -3, 5, -4, -3, -6, -3, 6, -1, -2, -3, 3, 1, 3, -3, -3, -6, 5, 3, 3, -1, -1, 5, 0, -3, -6, 1, 2, -5, -5, -3, 2, 4, -6, 0, -2, 4, 2, -2, 6, -2, 5, -6, -6, 1, -5, 5, -5, -6, -1, -2, -1, -6, -2, 5, 2, 5, 3, -6, 1, -1, 4, -4, 3, -4, -1, -6, 1, -2, 4, 6, -4, 0, -3, 4, -2, -2, -5, -4, -2, -1, -4, 6, 2, -1, 0, 0, 1, 0, -1, -6, -1, -3, -6, 3, 1, -2, 2, -4, -6, 4, 0, 2, -4, -4, 6, -1, 3, -6, -1]
 
5.46645061016: [-3, -3, 4, 5, -4, 3, -3, 1, -5, 4, 2, 4, 0, 1, -5, 6, 4, -4, -2, -3, 5, -4, -3, -6, -3, 6, -1, -2, -3, 3, 1, 3, -3, -3, -6, 5, 3, 3, -1, -1, 5, 0, -3, -6, 1, 2, -5, -5, -3, 2, 4, -6, 0, -2, 4, 2, -2, 6, -2, 5, -6, -6, 1, -5, 5, -5, -6, -1, -2, -1, -6, -2, 5, 2, 5, 3, -6, 1, -1, 4, -4, 3, -4, -1, -6, 1, -2, 4, 6, -4, 0, -3, 4, -2, -2, -5, -4, -2, -1, -4, 6, 2, -1, 0, 0, 1, 0, -1, -6, -1, -3, -6, 3, 1, -2, 2, -4, -6, 4, 0, 2, -4, -4, 6, -1, 3, -6, -1]
 
5.24174638248: [-3, -3, 4, 5, -4, 3, -3, 1, -5, 4, 2, 0, -4, 1, -5, 6, 4, -4, -2, -3, 5, -4, -3, -6, -3, 6, -1, -2, -3, 3, 1, 3, -3, -3, -6, 5, 3, 3, -1, -1, 5, 0, -3, -6, 1, 2, -5, -5, -3, 2, 4, -6, 0, -2, 4, 2, -2, 6, -2, 5, -6, -6, 1, -5, 5, -5, -6, -1, -2, -1, -6, -2, 5, 2, 5, 3, -6, 1, -1, 4, -4, 3, -4, -1, -6, 1, -2, 4, 6, -4, 0, -3, 4, -2, -2, -5, -4, -2, -1, -4, 6, 2, -1, 0, 0, 1, 0, -1, -6, -1, -3, -6, 3, 1, -2, 2, -4, -6, 4, 0, 2, -4, -4, 6, -1, 3, -6, -1]
 
1.9931591782: [3, -3, 4, 0, -4, -5, 1, 1, -5, 4, 2, 4, -4, 1, -5, 0, 6, -4, -2, 3, 5, -3, -3, 4, -3, -6, -1, 5, 6, 1, 1, 3, -3, -5, 3, 5, 3, 3, -2, 2, 2, 0, 1, -6, 1, 2, -5, -5, 4, 2, 4, -5, 0, 0, -4, 2, -2, 6, -2, 5, 2, -1, -6, -4, 5, -5, -6, -1, 3, 3, -6, 6, 5, 2, -1, 3, 0, 1, -5, 4, -4, 0, -4, -1, -6, 1, 3, 4, 6, -4, 0, -3, 4, -2, -1, -5, -4, -2, 1, -4, 6, 2, 2, 0, 0, 5, -1, -1, -6, 6, -3, -6, 3, 4, -2, 2, -4, -6, 4, 0, 2, 0, -1, 5, -1, -4, 2, -5]
 
4.79954455353: [-3, -3, 4, 5, -4, 3, -3, 1, -5, 4, 2, 0, 0, 1, -5, 6, 4, -4, -2, -3, 5, -4, -3, -6, -3, 6, -1, -2, -3, 3, 1, 3, -3, -3, -6, 5, 3, 3, -1, -1, 5, 0, -3, -6, 1, 2, -5, -5, -3, 2, 4, -6, 0, -2, 4, 2, -2, 6, -2, 5, -6, -6, 1, -5, 5, -5, -6, -1, -2, -1, -6, -2, 5, 2, 5, 3, -6, 1, -1, 4, -4, 3, -4, -1, -6, 1, -2, 4, 6, -4, 0, -3, 4, -2, -2, -5, -4, -2, -1, -4, 6, 2, -1, 0, 0, 1, 0, -1, -6, -1, -3, -6, 3, 1, -2, 2, -4, -6, 4, 0, 2, -4, -4, 6, -1, 3, -6, -1]
 
2.1260560827: [-3, 4, -4, 5, -4, 6, -3, 1, -5, 4, 1, -6, 0, 3, -5, 6, 4, 1, 2, -3, 3, -4, 5, -6, 2, 6, -3, -2, 6, 2, 2, 3, 2, -3, -1, -5, -2, 3, -2, -1, 5, 2, -2, 0, 1, 6, 3, -1, -3, 2, 4, -1, -5, -1, -3, 4, -3, 6, -3, 0, 0, -2, 1, -4, 1, 6, 2, -5, -3, -6, -4, 2, 0, -4, 5, 3, 0, 5, -1, 4, -4, 1, -4, -3, -6, 3, -2, 5, 1, -1, 5, -3, -5, -2, -2, -1, 2, -1, 4, -4, 6, -2, 3, 0, -5, -2, 0, 6, -6, -1, -6, -6, 3, -3, -6, 2, -4, -4, -3, 5, 3, -1, 6, 1, -1, -2, -6, -1]
 
5.80855277111: [-3, -3, 1, 5, -4, 3, 4, 1, -6, 4, 2, 0, -4, 1, -5, 6, 4, -4, -2, -3, 5, -4, -3, -6, -1, 6, -1, -2, -3, 3, 1, 3, -3, -3, -6, 5, 3, 3, -1, -1, 5, 0, -3, -6, 1, 2, -5, -5, -3, 2, 4, -6, 0, -2, 4, 2, -2, 6, -2, 5, -6, -6, 1, -5, 5, -5, -6, -1, -2, -1, -6, -2, 5, 2, 5, 3, -6, 1, -1, 4, -4, 3, -4, -1, -6, 1, -2, 4, 6, -4, 0, -3, 4, -2, -2, -5, -4, -2, -1, -4, 6, 2, -1, 0, 0, 1, 0, -1, -6, -1, -3, -6, 3, 1, -2, 2, -4, -6, 4, 0, 2, -4, -4, 6, -1, 3, -6, -1]
 
5.43721290486: [-3, -3, 4, 5, -4, 3, -3, 1, -5, 4, 2, 4, 0, 1, -5, 6, 4, -4, -2, -3, 5, -4, -3, -6, -3, 6, -1, -2, -3, 3, 1, 3, -3, -3, -6, 5, 3, 3, -1, -1, 5, 0, -3, -6, 1, 2, -5, -5, -3, 2, 4, -6, 0, -2, 4, 2, -2, 6, -2, 5, -6, -6, 1, -5, 5, -5, -6, -1, -2, -1, -6, -2, 5, 2, 5, 3, -6, 1, -1, 4, -4, 3, -4, -1, -6, 1, -2, 4, 6, -4, 0, -3, 4, -2, -2, -5, -4, -2, -1, -4, 6, 2, -1, 0, 0, 1, 0, -1, -6, -1, -3, -6, 3, 1, -2, 2, -4, -6, 4, 0, 2, -4, -4, 6, -1, 3, -6, -1]
 
5.52572292589: [-3, -3, 4, 5, -4, 3, -3, 1, -5, 4, 2, 4, 0, 1, -5, 6, 4, -4, -2, -3, 5, -4, -3, -6, -3, 6, -1, -2, -3, 3, 1, 3, -3, -3, -6, 5, 3, 3, -1, -1, 5, 0, -3, -6, 1, 2, -5, -5, -3, 2, 4, -6, 0, -2, 4, 2, -2, 6, -2, 5, -6, -6, 1, -5, 5, -5, -6, -1, -2, -1, -6, -2, 5, 2, 5, 3, -6, 1, -1, 4, -4, 3, -4, -1, -6, 1, -2, 4, 6, -4, 0, -3, 4, -2, -2, -5, -4, -2, -1, -4, 6, 2, -1, 0, 0, 1, 0, -1, -6, -1, -3, -6, 3, 1, -2, 2, -4, -6, 4, 0, 2, -4, -4, 6, -1, 3, -6, -1]
 
5.40377714643: [-3, -3, 4, 5, -4, 3, -3, 1, -5, 4, 2, 4, 0, 1, -5, 6, 4, -4, -2, -3, 5, -4, -3, -6, -3, 6, -1, -2, -3, 3, 1, 3, -3, -3, -6, 5, 3, 3, -1, -1, 5, 0, -3, -6, 1, 2, -5, -5, -3, 2, 4, -6, 0, -2, 4, 2, -2, 6, -2, 5, -6, -6, 1, -5, 5, -5, -6, -1, -2, -1, -6, -2, 5, 2, 5, 3, -6, 1, -1, 4, -4, 3, -4, -1, -6, 1, -2, 4, 6, -4, 0, -3, 4, -2, -2, -5, -4, -2, -1, -4, 6, 2, -1, 0, 0, 1, 0, -1, -6, -1, -3, -6, 3, 1, -2, 2, -4, -6, 4, 0, 2, -4, -4, 6, -1, 3, -6, -1]
 
1.20263968743: [-6, 1, -6, 5, -4, -2, -3, 3, -5, -5, 2, 4, 2, 1, 2, 3, 4, 3, -1, -6, -4, -4, -3, -6, -4, 6, -1, -2, -6, 3, 2, 2, -3, -5, -6, 5, 5, 1, -1, -2, 5, 0, -6, -6, 1, -2, -5, 3, 0, -3, -4, 2, 4, 5, -4, 2, -2, 6, 5, 3, -5, -3, -2, 0, 2, 0, -6, 2, 3, -2, -4, 6, -1, -5, -4, 5, -3, 1, -3, -6, 4, 3, -4, 6, 5, 5, -2, 0, -3, -1, 0, -3, 4, -2, 6, -5, -2, 0, -1, -4, -2, -1, -3, 0, 0, 4, 1, 0, -4, -3, -3, -3, 3, 1, -2, 6, -4, -6, 4, 3, 2, 3, 5, -5, -1, 2, -6, -1]
 
