3.4737140913530697: [-3, -3, 1, 5, -4, 3, 4, 1, -6, 4, 2, 4, 0, 1, -5, 6, 4, -4, -2, -3, 5, -4, -3, -6, -3, 6, -1, -2, 0, 3, 1, -2, -3, -3, -6, 5, 2, 1, -1, -1, 5, 0, 4, -6, 1, 2, -5, -5, -3, -3, 4, -2, 1, -3, 2, 6, -3, 6, -2, -2, 5, -6, -5, -5, 5, -5, -6, -2, -2, -2, -2, -2, 2, 2, 4, 3, -4, 1, -1, 4, -4, 3, -4, -1, -6, 1, -2, 4, 6, -4, 0, -3, 4, -2, 0, -5, -1, -2, -3, 6, -3, 5, 6, -5, -4, 6, 1, 3, 5, 1, 3, -1, -5, 5, 0, 0, -2, 4, 4, 0, 2, -4, -4, 6, -1, 3, -6, -1]
 
3.416562566428711: [-3, -3, 1, 5, -4, 3, 4, 1, -6, 4, 2, 4, 0, 1, -5, 6, 4, -4, -2, -3, 5, -4, -3, -6, -3, 6, -1, -2, 0, 3, 1, -2, -3, -3, -6, 5, 2, 1, -1, -1, 5, 0, 4, -6, 1, 2, -5, -5, -3, -3, 4, -2, 1, -3, 2, 6, -3, 6, -2, -2, 5, -6, -5, -5, 5, -5, -6, -2, -2, -2, -2, -2, 2, 2, 4, 3, -4, 1, -1, 4, -4, 3, -4, -1, -6, 1, -2, 4, 6, -4, 0, -3, 4, -2, 0, -5, -1, -2, -3, 6, -3, 5, 6, -5, -4, 6, 1, 3, 5, 1, 3, -1, -5, 5, 0, 0, -2, 4, 4, 0, 2, -4, -4, 6, -1, 3, -6, -1]
 
3.247539510169705: [-3, -3, 1, 5, -4, 3, 4, 1, -6, 4, 2, 4, 0, 1, -5, 6, 4, -4, -2, -3, 5, -4, -3, -6, -3, 6, -1, -2, 0, 3, 1, -2, -3, -3, -6, 5, 2, 1, -1, -1, 5, 0, 4, -6, 1, 2, -5, -5, -3, -3, 4, -2, 1, -3, 2, 6, -3, 6, -2, -2, 5, -6, -5, -5, 5, -5, -6, -2, -2, -2, -2, -2, 2, 2, 4, 3, -4, 1, -1, 4, -4, 3, -4, -1, -6, 1, -2, 4, 6, -4, 0, -3, 4, -2, 0, -5, -1, -2, -3, 6, -3, 5, 6, -5, -4, 6, 1, 3, 5, 1, 3, -1, -5, 5, 0, 0, -2, 4, -4, -5, -4, 5, 1, 4, -3, 2, 3, 5]
 
2.9983605899648325: [-3, 5, -2, 2, 0, -1, -1, 5, 6, -2, 3, 4, 0, 1, -5, 6, 4, -4, -2, -3, 5, -4, -5, -2, -3, 6, -1, -2, 0, 3, 1, -1, -2, 6, 6, -4, 5, 3, 3, 5, 1, 0, -5, -5, 3, 3, 6, -1, -4, 6, -1, -1, 6, -2, 4, 6, -3, 6, -2, -2, 5, -6, -5, -5, 5, -5, -6, -2, -2, -2, -2, -2, 2, 2, 4, 3, -4, 1, -1, 4, -4, 3, -4, -4, 0, 3, -5, -6, 5, 0, -5, 6, 2, -2, 0, -1, -1, -1, 4, -3, 1, 6, 2, 2, 0, 4, 5, -4, -6, 3, 4, 3, -6, -4, -5, -5, 1, 4, 0, 4, 1, -4, -1, 5, -5, 0, -3, 3]
 
2.9399379480621626: [-3, 5, 0, -4, 6, 1, -1, 1, -6, 4, 2, 4, 0, 1, -5, 6, 4, -4, -2, -3, 5, -4, -3, -6, -3, 6, -1, -2, 0, 3, 1, -2, -3, -3, -6, 5, 2, 1, -1, -1, 5, 0, 4, -6, 1, 2, -5, -5, -3, -3, 4, -2, 1, -3, 2, 6, -3, 6, -2, -2, 5, -6, -5, -5, 5, -5, -6, -2, -2, -2, -2, -2, 2, 2, 4, 3, -4, 1, -1, 4, -4, 3, -4, -1, -6, 1, -2, 4, 6, -4, 0, -3, 4, -2, 0, -5, -1, -2, -3, 6, -3, 5, 6, -5, -4, 6, 1, 3, 5, 1, 3, 2, 3, -1, 6, 4, -1, 6, -4, -4, 2, -2, 2, 1, -3, 2, 3, 5]
 
2.7868050564184843: [-5, 5, -2, 2, 0, -1, -1, 5, 6, -2, 3, 4, 0, 1, -5, 6, 4, -4, -2, -3, 5, -4, -3, -6, 6, 4, -4, -1, 4, 3, -6, 2, -6, 4, 4, -3, 6, -1, 4, 0, -2, -4, -2, 5, 2, 1, -1, 1, -4, 6, -1, -1, 6, -2, 4, 6, -3, 6, -2, -2, 5, -6, -5, -5, 5, -5, -6, -2, -2, -2, -2, -2, 2, 2, 4, 3, -4, 1, -1, 4, -4, 3, -4, -1, -6, 1, -2, 4, 6, -4, 0, -3, 4, -2, 0, -5, -1, -2, -1, -4, 6, 2, -1, 0, 0, 1, 0, -1, -6, -1, -3, -6, 3, 1, -2, 2, -4, -6, 4, 0, 2, -4, -4, 6, -1, 3, -6, -1]
 
2.771221676471487: [4, -5, 2, -2, -1, -1, -4, -6, 6, -2, -1, 3, -3, -3, 2, 2, -3, 5, 1, -1, 0, -4, 6, -3, -5, 4, 0, 3, -3, 1, 3, 3, -3, 6, 6, 6, -6, 6, -3, -3, 0, 6, -6, 5, -3, -6, 1, 6, 3, -1, -1, -1, -4, -4, -1, 0, 3, 2, -3, -2, 0, 3, -6, -5, -6, 1, -4, -5, -2, -6, -3, 5, 6, -4, 4, -6, 4, 0, -2, -5, -4, 6, 6, -4, 0, 3, -5, -6, 6, -4, 0, -3, 4, -2, 0, -5, -1, -2, -1, -4, 6, 2, -1, 0, 0, 4, 5, -4, -6, 3, 4, 3, -6, -4, -5, -5, 1, 4, 0, 4, 1, -4, -1, 5, -5, 0, -3, 3]
 
2.7552504174976935: [-3, -3, 1, 5, -4, 3, 4, 1, -6, 4, 2, 4, 0, 1, -5, 6, 4, -4, -2, -3, 5, -4, -3, -6, -3, 6, -1, -2, 0, 3, 1, -2, -3, -3, -6, 5, 2, 1, -1, -1, 5, 0, 4, -6, 1, 2, -5, -5, -3, -3, 4, -2, 1, -3, 2, 6, -3, 6, -2, -2, 5, -6, -5, -5, 5, -5, -6, -2, -2, -2, -2, -2, 2, 2, 4, 3, -4, -2, 3, 2, 5, 1, -1, 1, -1, 3, 6, 6, -1, 3, 0, 5, -2, -4, 5, 6, 5, 5, 3, 0, -5, -6, -5, 4, 0, -5, 1, -3, 5, 5, -4, 2, -2, 0, -5, -2, 6, 6, -4, -4, 2, -4, 3, -2, -6, 4, -4, 0]
 
2.751312464634757: [-5, 5, -2, 2, 0, -1, -1, 5, 6, -2, 3, 4, 0, 1, -5, 6, 4, -4, -2, -3, 5, -4, -5, -2, -3, 6, -1, -2, 0, 3, 1, -2, -3, -3, -6, 5, 2, 1, -1, -1, 5, 0, 4, -6, 1, 2, -5, -5, -3, -3, 4, -2, 1, -3, 2, 6, -3, 6, -2, -2, 5, -6, -5, -5, 5, -5, -6, -2, -2, -2, -2, -2, 2, 2, 4, 3, -4, 1, -1, 4, -4, 3, -4, -1, -6, 1, -2, 4, 6, -4, 0, -3, 4, -2, 0, -5, -1, -2, -3, 6, -3, 5, 6, -5, -4, 6, 1, 3, 5, 1, 3, -1, -5, 5, 0, 0, -2, 4, 4, 0, 2, -4, -4, 6, -1, 3, -6, -1]
 
2.7328115918749507: [-3, 5, 0, -4, 0, -1, -1, 5, 6, -2, 3, 4, 0, 1, -5, 6, 4, -4, -2, -3, 5, -4, -5, -2, -3, 6, -1, -2, 0, 3, 1, -2, -3, -3, -6, 5, 2, 1, -1, -1, 5, 0, 4, -6, 1, 2, -5, -5, -3, -3, 4, -2, 1, -3, 2, 6, -3, 6, -2, -2, 5, -6, -5, -5, 5, -5, -6, -2, -2, -2, -2, -2, 2, 2, 4, 3, -4, 1, -1, 4, -4, 3, -4, -1, -6, 1, -2, 4, 6, -4, 0, -3, 4, -2, 0, -5, -1, -2, -3, 6, -3, 5, 6, -5, -4, 6, 1, 3, 5, 1, 3, -1, -5, 5, 0, 0, -2, 4, -2, 0, 1, -4, -5, -1, 1, 0, 4, 5]
 
-1000: [-3, 4, 1, -1, -4, -1, 4, -3, -2, -2, -4, -4, 0, 1, 2, -4, 4, -5, -2, -3, 5, -1, -3, -6, 0, 6, -4, 5, -3, 3, 5, -2, -3, -3, -6, 1, -5, 1, -1, 6, 0, 0, 4, -6, 2, 2, -5, -5, -3, -3, 4, 0, -3, -3, -6, 6, -4, 5, -2, -5, 5, 5, -5, 1, 5, -5, -2, -2, -2, -2, 5, -2, -6, 2, 4, 3, -4, 3, 3, 6, -4, 1, -1, 1, -2, 3, 2, 4, -4, 3, 0, 5, -2, -4, 5, 6, 5, 5, 3, 0, -5, -6, -5, -6, -4, -5, -6, -3, 0, -4, 3, -5, 6, -4, -3, 4, -6, -4, 4, 5, -1, -4, -4, -2, -1, 3, -6, -6]
 
2.6812729117158685: [-3, -3, 1, 5, -4, 3, 4, 1, -6, 4, 2, 4, 0, 1, -5, 6, 4, -4, -2, -3, 5, -4, -3, -6, -3, 6, -1, -2, 0, 3, 1, -2, -3, -3, -6, 5, 2, 1, -1, -1, 5, 0, 4, -6, 1, 2, -5, -5, -3, -3, 4, -2, 1, -3, 2, 6, -3, 6, -2, -2, 5, -6, -5, -5, 5, -5, -6, -2, -2, -2, -2, -2, 2, 2, 4, 3, -4, -2, 3, 2, 5, 1, -1, 1, -1, 3, 6, 6, -1, 3, 0, 5, -2, -4, 5, 6, 5, 5, 3, 0, -5, -6, -5, 4, -4, -5, 1, -3, 0, 5, -4, -5, 6, -4, -3, -2, -6, -4, -2, 0, 1, -4, -5, -1, 1, 0, 4, 5]
 
2.660426561949552: [-3, -3, 1, 5, -4, 3, 4, 1, -6, 4, 2, 4, 0, 1, -5, 6, 4, -4, -2, -3, 5, -4, -3, -6, -3, 6, -1, -2, 0, 3, 1, -2, -3, -3, -6, 5, 2, 1, -1, -1, 5, 0, 4, -6, 1, 2, -5, -5, -3, -3, 4, -2, 1, -3, 2, 6, -3, 6, -2, -2, 5, -6, -5, -5, 5, -5, -6, -2, -2, -2, -2, -2, 2, 2, 4, 3, -4, 1, -1, 4, -4, 3, -4, -1, -6, 1, -2, 4, 6, -4, 0, -3, 4, -2, 0, -5, -1, -2, -3, 6, -3, 5, 6, -5, -4, 6, 1, 3, 5, 1, 3, 2, 3, -1, 6, 4, -1, 6, -4, -4, 2, -2, 2, 1, -3, 2, 3, 5]
 
2.6566841655831115: [4, -5, 2, -2, -1, -1, -4, -6, 6, -2, -1, 3, -3, -3, 2, 2, -3, 5, 1, -1, 0, -4, 6, -3, -5, 4, 0, 3, -3, 1, 3, 3, -3, 6, 6, 6, -6, 6, -3, -3, 0, 6, -6, 5, -3, -6, 1, 6, 3, -1, -1, -1, -4, -4, -1, 0, 3, 2, -3, -2, 0, 3, -6, -5, -6, 1, -4, -5, -2, -6, -3, 5, 6, -4, 4, -6, 4, 0, -2, -5, -4, 6, 6, -4, 0, 1, -2, 4, 6, -4, 0, -3, 4, -2, 0, -5, -1, -2, -1, -4, 6, 2, -1, 0, 0, 1, 0, -1, -6, -1, -3, -6, 3, 1, -2, 2, -4, -6, -4, -5, -4, 5, 1, 4, 1, 0, 3, 5]
 
2.5937096838952023: [-5, 5, -2, 2, 0, -1, -1, 5, 6, -2, 3, 4, 0, 1, -5, 6, 4, -4, -2, -3, 5, -4, -5, -2, -3, 6, -1, -2, 0, 3, 1, -2, -3, -3, -6, 5, 2, 1, -1, -1, 5, 0, 4, -6, 1, 2, -5, -5, -3, -3, 4, -2, 1, -3, 2, 6, -3, 6, -2, -2, 5, -6, -5, -5, 5, -5, -6, -2, -2, -2, -2, -2, 2, 2, 4, 3, -4, 1, -1, 4, -4, 3, -4, -1, -6, 1, -2, 4, 6, -4, 0, -3, 4, -2, 0, -5, -1, -2, -3, 6, -3, 5, 6, -5, -4, 6, 1, 3, 5, 1, 3, -1, -5, 5, 0, 0, -2, 4, -2, 0, 1, -4, -5, -1, 1, 0, 4, 5]
 
0.866399325163: [-4, 5, -2, 2, 0, -1, 1, 4, -6, 6, 3, 4, -6, 1, -5, 6, 4, -4, 3, 6, 3, -4, -5, 1, -3, 6, 5, -2, 1, -6, -1, -2, -3, -5, 1, 5, 2, 1, -1, -1, 4, -5, 4, -6, -6, 2, -5, -6, -3, -3, 4, -2, 1, -3, -4, -3, -3, -5, -2, -2, 5, 3, -3, -5, -3, 5, 2, -2, -2, -2, -2, -2, 2, 2, 6, 3, 0, 1, -1, -2, 4, 3, -4, -1, -6, -1, 2, 4, 1, -4, -4, 3, -1, -2, -1, -5, 4, 0, -6, -4, 6, -1, -1, 2, 2, 5, 0, 6, -5, -6, -3, -6, -5, 6, -3, 2, 4, -1, -4, -5, -4, 0, 1, 4, 1, 1, 3, 5]
 
0.413109663428: [-2, 4, 0, 5, 5, 3, 4, 1, -6, 4, 2, 4, -4, 1, -6, -2, 3, -2, -2, 3, 2, -1, 3, 6, -5, 3, 2, -2, -4, 0, 3, -4, 2, -2, 6, 0, -1, -3, 6, 6, -1, -5, -2, 5, 5, 1, -1, 1, -4, 6, -1, -4, -2, 1, -2, -4, 0, -2, -5, 6, 4, -3, -3, -1, -2, -6, -5, 0, -5, 4, 5, 5, 1, 3, -5, -2, -2, -6, 6, 1, 6, 6, 4, 5, 2, 2, 5, 1, 3, 6, -2, -1, -6, 2, 2, -1, -1, 0, -3, 0, -5, -6, 0, 3, 0, -1, -6, 3, -3, 3, -4, 0, -5, 5, 0, 0, 6, 4, 4, 4, 2, -4, -4, 6, -1, 0, 0, 2]
 
2.4502761461492453: [4, -5, 2, -2, -1, -1, -4, -6, 6, -2, -1, 3, -3, -3, 2, 2, -3, 5, 1, -1, 0, -4, 6, -3, -5, 4, 0, 3, -3, 1, 3, 3, -3, 6, 6, 6, -6, 6, -3, -3, 0, 6, -6, 5, -3, -6, 1, 6, 3, -1, -1, -1, -4, -4, -1, 0, 3, 2, -3, -2, 0, 3, -6, -5, -6, 1, -4, -5, -2, -6, -3, 5, 6, -4, 4, -6, 4, 0, -2, -5, -4, 6, 6, -4, 0, 3, -5, -6, 6, -4, 0, -3, 4, -2, 0, -5, -1, -2, -1, -4, 6, 2, -1, 0, 0, 1, 0, -1, -6, -1, -3, -6, 3, 1, -2, 2, -4, -6, -4, -5, -4, 5, 1, 4, 1, 0, 3, 5]
 
0.999898101994: [-5, -3, 1, 2, -6, -3, -1, -2, 6, 0, -6, 0, -3, -4, 6, 0, -1, -6, -2, -3, 5, 1, -2, -6, 4, -5, -4, -4, -3, 3, 4, 6, -6, 4, 0, -3, -4, 0, 4, 0, 2, 5, -1, 5, 2, 1, -1, -1, -4, 6, -3, -1, -1, -2, 4, 6, -2, 6, -2, 4, -3, -6, -5, -6, 3, 2, -5, -2, -2, -2, -2, 3, 2, 2, 4, -1, 0, 3, -3, 4, -4, 1, -5, 2, 2, 0, 0, -4, -1, 2, -1, -4, 4, -2, 0, 2, 1, 6, -5, -4, 6, 2, 0, 0, 5, -5, 0, 4, -6, -1, -3, -6, 6, 1, -2, 2, -2, -6, 6, 0, -4, 6, 3, 4, 1, 2, -1, 1]
 
2.398813091836832: [-5, 5, -2, 2, 0, -1, -1, 5, 6, -2, 3, 4, 0, 1, -5, 6, 4, -4, -2, -3, 5, -4, -5, -2, -3, 6, -1, -2, 0, 3, 1, -1, -2, 6, 6, -4, 5, 3, 3, 5, 1, 0, -5, -5, 3, 3, 6, -1, -4, 6, -1, -1, 6, 4, -2, 2, 0, -2, -5, 1, 4, -3, -3, -3, -2, -5, -5, -6, -5, 2, -3, -4, 1, 3, -5, 3, -4, -6, 6, 1, 6, 6, 3, 5, -2, 2, 5, 1, 3, -4, -2, -1, 5, 4, 4, 0, 2, 0, -3, 0, -5, -6, -2, 2, 0, -5, 1, -3, 0, 5, -4, -5, 6, -4, -3, -2, -6, -4, -2, 0, 1, -4, -5, -1, 1, 0, 4, 5]
 
2.3919141998406: [4, -5, 2, -2, -1, -1, -4, -6, 6, -2, -1, 3, -3, -3, 2, 2, -3, 5, 1, -1, 0, -4, 6, -3, -5, 4, 0, 3, -3, 1, 3, 3, -3, 6, 6, 6, -6, 6, -3, -3, 0, 6, -6, 5, -3, -6, 1, 6, 3, -1, -1, -1, -4, -4, -1, 0, 3, 2, -3, -2, 0, 3, -6, -5, -6, 1, -4, -5, -2, -6, -3, 5, 6, -4, 4, -6, 4, 0, -2, -5, -4, 6, 6, -4, 0, 3, -5, -6, 5, 0, -3, -4, 3, 5, 5, 1, 6, 5, -3, 6, -3, 5, 6, -5, -4, 6, 1, 3, 5, 1, 3, 2, 3, -1, 6, 4, -1, -3, 5, 0, -4, 3, -6, 3, -5, 0, 1, 5]
 
2.346685194329457: [4, -5, 2, -2, -1, -1, -4, -6, 6, -2, -1, 3, -3, -3, 2, 2, -3, 5, 1, -1, 0, -4, 6, -3, -5, 4, 0, 3, -3, 1, 3, 3, -3, 6, 6, 6, -6, 6, -3, -3, 0, 6, -6, 5, -3, -6, 1, 6, 3, -1, -1, -1, -4, -4, -1, 0, 3, 2, -3, -2, 0, 3, -6, -5, -6, 1, -4, -5, -2, -6, -3, 5, 6, -4, 4, -6, 4, 0, -2, -5, -4, 6, 6, -4, 0, 3, -5, -6, 5, 0, -3, -4, 3, 5, 5, 1, 6, 5, -3, 6, -3, 5, 6, -5, -4, 6, 1, 3, 5, 1, 3, 2, 3, -1, 6, 4, -1, 6, -4, -4, 2, -4, 3, -2, -6, 4, -4, 0]
 
2.3389806769986397: [-5, 5, -2, 2, 0, -1, -1, 5, 6, -2, 3, 4, 0, 1, -5, 6, 4, -4, -2, -3, 5, -4, -3, -6, 6, 4, -4, -1, 4, 3, -6, 2, -6, 4, 4, -3, 6, -1, 4, 0, -2, -4, -2, 5, 2, 1, -1, 1, -4, 6, -1, -1, 6, -2, 4, 6, -3, 6, -2, -2, 5, -6, -5, -5, 5, -5, -6, -2, -2, -2, -2, -2, 2, 2, 4, 3, -4, 1, -1, 4, -4, 3, -4, -1, -6, 1, -2, 4, 6, -4, 0, -3, 4, -2, 0, -5, -1, -2, -1, -4, 6, 2, -1, 0, 0, 1, 0, -1, -6, -1, -3, -6, 3, 1, -2, 2, -4, -6, -4, -5, -4, 5, 1, 4, -3, 2, 3, 5]
 
2.2679024494287687: [-3, -3, 1, 5, -4, 3, 4, 1, -6, 4, 2, 4, 0, 1, -5, 6, 4, -4, -2, -3, 5, -4, -3, -6, 6, 4, -4, -1, 4, 3, -6, 2, -6, 4, 4, -3, 6, -1, 4, 0, -2, 2, 5, 5, 1, 6, -4, 0, -6, 5, 0, -1, -1, -2, 4, -5, 0, 5, 4, 1, 4, -3, -3, -3, -2, -5, -5, -6, -5, 2, -3, -4, 1, 3, 4, -6, 4, 0, -2, -5, -4, 6, 6, -4, 0, 3, -5, -6, 5, 0, -3, -4, 3, 5, 5, 1, 6, 5, -3, 6, -3, 5, 6, -5, -4, 6, 1, 3, 5, 1, 3, 2, 3, -1, 6, 4, -1, 6, -4, -4, 2, -4, 3, -2, -6, 4, -4, 0]
 
2.2451198677738597: [-5, 5, -2, 2, 0, -1, -1, 5, 6, -2, 3, 4, 0, 1, -5, 6, 4, -4, -2, -3, 5, -4, -3, -6, 6, 4, -4, -1, 4, 3, -6, 2, -6, 4, 4, -3, 6, -1, 4, 0, -2, -4, -2, 5, 2, 1, -1, 1, -4, 6, -1, -1, 6, -2, 4, 6, -3, 6, -2, -2, 5, -6, -5, -5, 5, -5, -6, -2, -2, -2, -2, -2, 2, 2, 4, 3, -4, 1, -1, 4, 3, 1, -2, -1, 3, 2, -2, -3, 3, -4, -3, 2, 0, 0, 0, -3, 5, -6, -4, 2, -3, 5, 4, 5, -5, -3, -1, 0, 2, -4, 3, -6, -5, 5, 0, 0, -2, 4, 4, 0, 2, -4, -4, 6, -1, 3, -6, -1]
 
2.190192393433749: [0, -3, -2, 5, -5, -4, -1, -5, -4, 1, -5, 6, 5, -6, 6, 0, -3, -1, -4, -3, 5, -4, -3, -6, -3, 6, -1, -2, 0, 3, 1, -2, -3, -3, -6, 5, 2, 1, -1, -1, 5, 0, 4, -6, 1, 2, -5, -5, -3, -3, 4, -2, 1, -3, 2, 6, -3, 6, -2, -2, 5, -6, -5, -5, 5, -5, -6, -2, -2, -2, -2, -2, 2, 2, 4, 3, -4, -2, 3, 2, 5, 1, -1, 1, -1, 3, 6, 6, -1, 3, 0, 5, -2, -4, 5, 6, 5, 5, 3, 0, -5, -6, -5, 4, 0, -5, 1, -3, 5, 5, -4, 2, -2, 0, -5, -2, 6, 6, -4, -4, 2, -4, 3, -2, -6, 4, -4, 0]
 
2.151143043906452: [-3, -3, 1, 5, -4, 3, 4, -3, -4, 1, -5, 6, 5, -6, 6, 0, -3, -1, -4, 3, 2, -1, 3, -6, -2, 3, -5, -2, -4, 5, 3, -1, 6, -2, 4, 0, 5, -3, 6, -1, -1, -4, -2, 5, 2, 1, -1, 1, -4, 6, -1, -1, 6, -2, 4, 6, -3, 6, -2, -2, 5, -6, -5, -5, 5, -5, -6, -2, -2, -2, -2, -2, 2, 2, 4, 3, -4, 1, -1, 4, -4, 3, -4, -1, -6, 1, -2, 4, 6, -4, 0, -3, 4, -2, 0, -5, -1, -2, -1, -4, 6, 2, -1, 0, 0, 1, 0, -1, -6, -1, -3, -6, 3, 1, -2, 2, -4, -6, -4, -5, -4, 5, 1, 4, 1, 0, 3, 5]
 
0.415849239682: [-5, -2, -6, 1, 6, 1, -1, -3, -4, 1, -5, 6, 5, -4, -3, 0, -1, -1, -4, 5, 2, 4, 3, -6, 0, 3, -1, -2, -4, 5, 0, 4, 6, -2, -6, 0, 5, -6, 6, -1, -1, -4, -2, 5, 2, 1, 0, -2, -4, 6, -1, -1, -2, -2, 4, 6, -3, 5, -3, -5, -4, 6, 3, 4, 2, -5, -6, -2, -5, -2, 6, -2, 2, 2, 1, 3, -4, 1, -1, 4, -5, 0, 2, -1, -6, 1, 5, 5, 6, -4, 0, -3, -2, 4, 0, -5, -1, -2, 3, -4, -4, 2, 6, 0, 0, -2, 2, -1, -3, -1, -3, -6, 3, -6, -2, 2, -4, -6, -4, -5, -4, 5, 1, 4, -1, 0, -2, 6]
 
1.18328041333: [-5, 5, 1, 2, 0, -1, -5, 5, 6, 5, 5, 2, 0, -4, -5, -4, 4, 5, -2, -1, 6, -4, -2, -2, 3, 6, -5, -2, 0, 3, 1, -2, -3, -3, -6, 1, 6, 0, -1, 3, 5, 1, 4, -6, 1, 2, -5, -5, 4, -3, 4, -2, -6, 0, -6, 6, -2, 6, 6, 2, 5, -4, 5, -5, 5, -5, 3, -2, -6, -2, 0, -2, 2, 2, 4, 3, -4, -5, 1, 4, -4, 6, -4, -1, -6, 1, -2, 1, 6, -6, -4, -3, 4, -2, 0, 6, 5, -5, 6, 6, 6, 5, -4, -2, -4, 6, 1, -4, 5, -3, -1, -3, 3, -1, 6, -3, -1, 6, -4, -4, 2, -2, 2, -4, 0, -1, -4, 5]
 
2.083258295858451: [-3, 5, -2, 2, 0, -1, -1, 5, 6, -2, 3, 4, 0, 1, -5, 6, 4, -4, -2, -3, 5, -4, -5, -2, -3, 6, -1, -2, 0, 3, 1, -1, -2, 6, 6, -4, 5, 3, 3, 5, 1, 0, -5, -5, 3, 3, 6, -1, -4, 6, -1, -1, 6, 4, -2, 2, 0, -2, -5, 1, 4, -3, -3, -3, -2, -5, -5, -6, -5, 2, -3, -4, 1, 3, -5, 3, -4, -6, 6, 1, 6, 6, 3, 5, -2, 2, 5, 1, 3, -4, -2, -1, 5, 4, 4, 0, 2, 0, -3, 0, -5, -6, -2, 2, 0, -4, 0, -2, 1, 2, 4, 6, 5, 6, 6, 1, 2, -5, -4, -1, -2, -2, 2, 1, -3, 2, 3, 5]
 
2.0646572218360335: [4, -5, 2, -2, -1, -1, -4, -6, 6, -2, -1, 3, -3, -3, 2, 2, -3, 5, 1, -1, 0, -4, 6, -3, -5, 4, 0, 3, -3, 1, 3, 3, -3, 6, 6, -3, 6, -1, 4, 0, -2, 2, 5, 5, 1, 6, -4, 0, -6, 5, 0, -1, -1, -2, 4, 6, -3, 6, -2, -2, 5, -6, -5, -5, 5, -5, -6, -2, -2, -2, -2, -2, 2, 2, 4, 3, -4, 1, -1, 4, -4, 3, -4, -1, -6, 1, -2, 4, 6, -4, 0, -3, 4, -2, 0, -5, -1, -2, -1, -4, 6, 2, -1, 0, 0, 1, 0, -1, -6, -1, -3, -6, 3, 1, -2, 2, -4, -6, -4, -5, -4, 5, 1, 4, 1, 0, 3, 5]
 
2.0043579858531118: [-3, -3, 1, 5, -4, 3, 4, 1, -6, 4, 2, 4, 0, 1, -5, 6, 4, -4, -2, -3, 5, -4, -3, -6, 6, 4, -4, -1, 4, 3, -6, 2, -6, 4, 4, -3, 6, -1, 4, 0, -2, 2, 5, 5, 1, 6, -4, 0, -6, 5, 0, -1, -1, -2, 4, -5, 0, 5, 4, 1, 4, -3, -3, -3, -2, -5, -5, -6, -5, 2, -3, -4, 1, 3, -5, 3, -4, -6, 6, 1, 6, 6, 3, 5, -2, 2, 5, 1, 3, -4, -2, -1, 5, 4, 4, 0, 2, 0, -3, 0, -5, -6, -2, 2, 0, -5, 1, -3, 0, 5, -4, -5, 6, -4, -3, -2, -6, -4, -2, 0, 1, -4, -5, -1, 1, 0, 4, 5]
 
2.96795161791: [-3, -3, 1, 5, -4, 3, 4, 1, -6, 4, 2, 4, 0, 1, -5, 6, 4, -4, -2, -3, 5, -4, -3, -6, -3, 6, -1, -2, 0, 3, 1, -2, -3, -3, -6, 5, 2, 1, -1, -1, 5, 0, 4, -6, 1, 2, -5, -5, -3, -3, 4, -2, 1, -3, 2, 6, -3, 6, -2, -2, 5, -6, -5, -5, 5, -5, -6, -2, -2, -2, -2, -2, 2, 2, 4, 3, -4, -2, 3, 2, 5, 1, -1, 1, -1, 3, 6, 6, 6, -4, 0, -3, 4, -2, 0, -5, -1, -2, -1, -4, 6, 2, -1, 0, 0, 1, 0, -1, -6, -1, -3, -6, 3, 1, -2, 2, -4, -6, -4, -5, -4, 5, 1, 4, 1, 0, 3, 5]
 
1.60896860722: [-5, 5, -2, 2, 6, 1, -1, -3, -4, 1, -5, 6, 5, -6, 6, 0, -3, -1, -4, 3, 2, -1, 3, -6, -2, 3, -5, -2, -4, 5, 3, -1, 6, -2, 4, 0, 5, -3, 6, -1, -1, -4, -2, 5, 2, 1, -1, 1, -4, 6, -1, -1, 6, -2, 4, 6, -3, 6, -2, -2, 5, -6, -5, -5, 5, -5, -6, -2, -2, -2, -2, -2, 2, 2, 4, 3, -4, 1, -1, 4, -4, 3, -4, -1, -6, 1, -2, 4, -1, 3, 0, 5, -2, -4, 5, 6, 5, 5, 3, 0, -5, -6, -5, 4, 0, -5, 1, -3, 5, 5, -4, 2, -2, 0, -5, -2, 6, 6, -4, -4, 2, -4, 3, -2, -6, 4, -4, 0]
 
2.83022666512: [-3, 5, 0, -4, 6, 1, -1, 1, -6, 4, 2, 4, 0, 1, -5, 6, 4, -4, -2, -3, 5, -4, -3, -6, -3, 6, -1, -2, 0, 3, 1, -2, -3, -3, -6, 5, 2, 1, -1, -1, 5, 0, 4, -6, 1, 2, -5, -5, -3, -3, 4, -2, 1, -3, 2, 6, -3, 6, -2, -2, 5, -6, -5, -5, 5, -5, -6, -2, -2, -2, -2, -2, 2, 2, 4, 3, -4, 1, -1, 4, -4, 3, -4, -1, -6, 1, 5, 1, 3, -4, -2, -1, 5, 4, 4, 0, 2, 0, -3, 0, -5, -6, -2, 2, 0, -4, 0, -2, 1, 2, 4, 6, 5, 6, 6, 1, 2, -5, -4, -1, -2, -2, 2, 1, -3, 2, 3, 5]
 
2.02550466264: [-3, 5, -2, 2, 0, -1, -1, 5, 6, -2, 3, 4, 0, 1, -5, 6, 4, -4, -2, -3, 5, -4, -5, -2, -3, 6, -1, -2, 0, 3, 1, -1, -2, 6, 6, -4, 5, 3, 3, 5, 1, 0, -5, -5, 3, 3, 6, -1, -4, 6, -1, -1, 6, 4, -2, 2, 0, -2, -5, 1, 4, -3, -3, -3, -2, -5, -5, -6, -5, 2, -3, -4, 1, 3, -5, 3, -4, -6, 6, 1, 6, 6, 3, 5, -2, 2, -2, 4, 6, -4, 0, -3, 4, -2, 0, -5, -1, -2, -3, 6, -3, 5, 6, -5, -4, 6, 1, 3, 5, 1, 3, 2, 3, -1, 6, 4, -1, 6, -4, -4, 2, -2, 2, 1, -3, 2, 3, 5]
 
1.42340873027: [-3, 4, 1, 5, 0, 3, 3, 4, -6, 4, 2, 4, 0, 3, -5, 6, -3, -4, -5, -3, -6, -4, -3, -1, -3, 6, -1, -2, 0, 3, 1, -2, -3, -4, 0, 5, 3, 1, 5, 4, 4, 0, -3, -6, 1, 4, -4, -5, -3, -3, -2, -5, -1, -3, -1, 6, 2, 6, 5, -2, -1, -6, 5, -5, -6, -5, -3, 4, 3, 4, -2, -2, -1, 2, 4, 3, -2, 1, -1, 4, -5, 3, -6, 3, 0, -1, -1, 1, 3, -4, -2, -1, 5, 0, 4, 0, 2, 3, -3, 0, -5, -6, -1, 2, 0, -2, 0, -2, 1, 2, 4, 6, 5, -2, -2, 1, 2, -5, -6, 4, -2, -2, 2, 1, -4, -3, 3, 5]
 
0.711585268346: [-3, 5, -3, 2, -1, -1, -1, 5, 6, -2, 3, 4, 0, 6, -3, 6, 3, -4, -2, -3, -1, -4, -3, -2, -3, 6, -1, 4, 0, 3, -5, -1, -4, -1, 6, -4, 4, 3, 3, 5, 1, 0, -5, -5, 3, 3, -6, -1, -4, 6, -1, 0, -3, 0, -2, 2, 0, -2, -5, 1, 4, -3, 6, -3, -2, -5, -5, -4, -5, 2, -3, -4, 1, -4, -5, 3, 3, 6, -4, 1, 5, 6, -6, 5, -2, 1, -2, 4, 0, -4, 0, -1, 4, -5, 0, -5, 5, -2, -6, 1, 2, -4, 6, -5, -4, 0, 3, -6, 5, 2, 3, -1, 1, 5, 0, 0, -1, 2, -6, 0, -1, -3, -4, 6, -1, 6, -3, -1]
 
2.4890395447: [-3, 5, -2, 2, 0, -1, -1, 5, 6, -2, 3, 4, 0, 1, -5, 6, 4, -4, -2, -3, 5, -4, -5, -2, -3, 6, -1, -2, 0, 3, 1, -1, -2, 6, 6, -4, 5, 3, 3, 5, 1, 0, -5, -5, 3, 3, 6, -1, -4, 6, -1, -1, 6, 4, -2, 2, 0, -2, -5, 1, 4, -3, -3, -3, -2, -5, -5, -6, -5, 2, -3, -4, 1, 3, -5, 3, -4, -2, 3, 2, 5, 1, -1, 1, -1, 3, 6, 6, 6, -4, 0, -3, 4, -2, 0, -5, -1, -2, -1, -4, 6, 2, -1, 0, 0, 1, 0, -1, -6, -1, -3, -6, 3, 1, -2, 2, -4, -6, -4, -5, -4, 5, 1, 4, 1, 0, 3, 5]
 
0.377849627356: [-6, 4, 1, 5, -4, 3, 4, 5, 6, 4, 4, 4, 0, 1, -1, 6, 4, -3, -5, 4, 2, -5, 3, -6, -3, 6, -1, -2, 1, 3, 1, 2, -5, -3, -4, 2, 2, 1, -1, 4, 5, 0, 2, -2, -5, 2, 6, -5, 5, -3, -6, -2, 2, -3, 2, 6, -3, 6, -2, -2, 5, 4, -6, 4, 5, -5, -1, -2, -2, -2, 1, -2, 2, -6, 4, 3, 6, -6, 1, -2, -2, 6, -1, 1, 3, 2, 5, 1, 3, -4, -2, -1, 5, 4, 4, 0, 2, 0, -3, 0, -5, -6, -2, 2, 0, -4, 0, -2, 1, 2, 4, 6, 6, 6, 6, -3, 6, -5, -3, 2, -2, -2, 2, 1, -3, 2, 3, 4]
 
1.97676160678: [-5, 5, -2, 2, 0, -1, -1, 5, 6, -2, 3, 4, 0, 1, -5, 6, 4, -4, -2, -3, 5, -4, -5, -2, -3, 6, -1, -2, 0, 3, 1, -1, -2, 6, 6, -4, 5, 3, 3, 5, 1, 0, -5, -5, 3, 3, 6, -1, -4, 6, -1, -1, 6, 4, -2, 2, 0, -2, -5, 1, 4, -3, -3, -3, -2, -5, -5, -6, -5, 2, -3, -4, 1, 3, -5, 3, -4, -6, 6, 1, 6, 6, 3, 5, -2, 2, 5, 1, 3, -4, -2, -1, 5, 4, 4, 0, 2, 0, -3, 0, -5, -6, -2, 2, 0, -4, 0, -2, 1, 2, 4, 6, 5, 6, 6, 1, 2, -5, -4, -1, -2, -2, 2, 1, -3, 2, 3, 5]
 
0.84678084015: [-3, 6, -2, 2, -2, -1, -3, 0, 6, -2, 4, -1, 4, 1, -5, 3, 6, -4, -2, -3, 5, -4, -5, -2, -3, 2, -1, -2, -5, 2, 1, -1, 1, -1, 2, -2, 6, -6, 0, 5, 1, 3, -5, -6, 4, 3, 6, -1, -4, 6, -5, -1, 6, 4, -4, -3, 0, -2, -5, 1, 4, -3, -3, -3, -6, -5, 5, 6, -5, -6, -3, -4, 1, 3, -5, 5, -4, -6, 6, 1, -3, 6, 4, -3, -2, 2, 5, 1, -4, -4, 2, 3, 5, -2, 4, 0, 2, 0, 1, 0, -5, 3, -2, 2, 6, -5, 1, 4, -3, -5, -4, -5, 6, -4, -3, 1, -6, -4, 0, 0, -2, -4, -5, 4, 1, 0, 4, 5]
 
2.01589579301: [-5, 5, -2, 2, 6, 1, -1, -3, -4, 1, -5, 6, 5, -6, 6, 0, -3, -1, -4, 3, 2, -1, 3, -6, -2, 3, -5, -2, -4, 5, 3, -1, 6, -2, 4, 0, 5, -3, 6, -1, -1, -4, -2, 5, 2, 1, -1, 1, -4, 6, -1, -1, 6, -2, 4, 6, -3, 6, -2, -2, 5, -6, -5, -5, 5, -5, -6, -2, -2, -2, -2, -2, 2, 2, 4, 3, -4, 1, -1, 4, -4, 3, -4, -1, -6, 1, -2, 4, 6, -4, 0, -3, 4, -2, 0, -5, -1, -2, -1, -4, 6, 2, -1, 0, 0, 1, 0, -1, -6, -1, -3, -6, 3, 1, -2, 2, -4, -6, -4, -5, -4, 5, 1, 4, 1, 0, 3, 5]
 
0.441518104821: [-3, 0, -2, 5, -4, 3, 4, -3, 1, -5, -5, 6, 5, -6, 6, 0, -3, -1, -4, 4, 2, -1, -1, 0, -6, 3, -4, -2, -4, 5, 3, -4, -6, 6, 4, -6, 5, -3, -4, -1, -1, -4, -2, 5, 2, 3, -5, 4, -4, -6, -1, -2, 1, -2, 4, 6, -3, 3, -2, -6, 3, -6, -5, -5, 5, -5, -6, -2, -2, -2, -2, -2, 2, 2, -1, 3, 1, -4, -1, 4, -4, -2, -1, -1, -6, 1, -2, -3, -5, -4, -6, 3, 4, -2, 0, -5, 6, -2, -6, -4, 6, 5, -6, 0, 0, 6, 0, 2, -6, 4, -3, 4, -6, 1, -2, 1, -3, -6, -3, -5, -3, 5, 1, 4, 1, 0, 4, 5]
 
0.666539393068: [-3, 0, 1, 5, -4, 3, 4, -5, -4, 0, -5, 6, -1, -6, 6, -2, -3, -1, -4, 2, 2, -2, 3, -6, -2, 3, -5, -1, -4, 5, 3, -1, -1, -2, 4, 0, 5, 2, 6, -1, 6, -4, -2, 5, 2, 1, -1, -2, -4, 6, -1, -1, 6, -1, 2, -2, -3, -2, 3, -2, 3, -6, -5, 3, -6, -2, -3, 1, -2, -2, -2, -2, -5, 2, 4, 3, -4, -6, -1, -3, -4, 3, -4, -1, -6, 2, -6, 3, -5, -4, -2, -5, 6, 4, 4, 0, 2, 0, -2, 0, -5, 2, 3, 2, -2, 4, -4, -2, 1, 2, 5, 6, 5, 6, -3, 1, -6, -5, -4, 5, -2, -4, 2, 1, -3, -6, 5, 5]
 
3.1935348953: [-3, -3, 1, 5, -4, 3, 4, 1, -6, 4, 2, 4, 0, 1, -5, 6, 4, -4, -2, -3, 5, -4, -3, -6, -3, 6, -1, -2, 0, 3, 1, -2, -3, -3, -6, 5, 2, 1, -1, -1, 5, 0, 4, -6, 1, 2, -5, -5, -3, -3, 4, -2, 1, -3, 2, 6, -3, 6, -2, -2, 5, -6, -5, -5, 5, -5, -6, -2, -2, -2, -2, -2, 2, 2, 4, 3, -4, 1, -1, 4, -4, 3, -4, -1, -6, 1, -2, 4, 6, -4, 0, -3, 4, -2, 0, -5, -1, -2, -1, -4, 6, 2, -1, 0, 0, 1, 0, -1, -6, -1, -3, -6, 3, 1, -2, 2, -4, -6, -4, -5, -4, 5, 1, 4, 1, 0, 3, 5]
 
0.723185420766: [-5, 5, -2, 2, 6, 1, -1, -3, -4, 1, -5, 6, 5, -6, 6, 0, -3, -1, -4, 3, 2, -1, 3, -6, -2, 3, -5, -2, -4, 5, 3, -1, 6, -2, 4, 0, 5, -3, 6, -1, -1, -4, -2, 5, 2, 1, -1, 1, -4, 6, -1, -1, 6, -2, 4, 6, -3, 6, -2, -2, 5, -6, -5, -5, 5, -5, -6, -2, -2, 2, -3, -4, 1, 3, -5, 3, -4, -2, 3, 2, 5, 1, -1, 1, -1, 3, 6, 6, 6, -4, 0, -3, 4, -2, 0, -5, -1, -2, -1, -4, 6, 2, -1, 0, 0, 1, 0, -1, -6, -1, -3, -6, 3, 1, -2, 2, -4, -6, -4, -5, -4, 5, 1, 4, 1, 0, 3, 5]
 
1.40073248469: [-3, 5, -2, 2, 0, -1, -1, 5, 6, -2, 3, 4, 0, 1, -5, 6, 4, -4, -2, -3, 5, -4, -5, -2, -3, 6, -1, -2, 0, 3, 1, -1, -2, 6, 6, -4, 5, 3, 3, 5, 1, 0, -5, -5, 3, 3, 6, -1, -4, 6, -1, -1, 6, 4, -2, 2, 0, -2, -5, 1, 4, -3, -3, -3, -2, -5, -5, -6, -5, -2, -2, -2, 2, 2, 4, 3, -4, 1, -1, 4, -4, 3, -4, -1, -6, 1, -2, 4, 6, -4, 0, -3, 4, -2, 0, -5, -1, -2, -1, -4, 6, 2, -1, 0, 0, 1, 0, -1, -6, -1, -3, -6, 3, 1, -2, 2, -4, -6, -4, -5, -4, 5, 1, 4, 1, 0, 3, 5]
 
2.21649425042: [0, -5, 1, -3, -4, 3, 4, 1, -6, -1, 2, 4, 0, 1, -5, 6, 4, -4, -2, -3, 5, -4, -3, -6, -6, 1, -1, 2, 4, 3, 1, -1, 5, 2, -6, -4, -3, 1, 2, -1, -4, 0, -4, -6, -3, 3, -5, -5, -3, -3, 4, -2, 1, 0, 2, 6, -3, 6, -2, -6, 1, -6, -5, 0, 5, -3, -6, -2, 6, -4, -1, 4, 2, -1, 4, 3, -4, 1, -1, 4, -6, 4, -4, -1, -6, 1, -2, 4, 6, -4, 0, -3, 4, -2, 6, -5, -4, -1, -1, 6, -3, -6, -2, 4, -2, -4, 4, -2, 1, 2, 4, -6, 5, 6, 4, -1, 2, -5, 6, -1, -2, -2, 3, -6, -3, -1, 3, 5]
 
2.09000347074: [-3, -3, 1, 5, -4, 3, 4, -3, -4, 1, -5, 6, 5, -6, 6, 0, -3, -1, -4, 3, 2, -1, 3, -6, -2, 3, -5, -2, -4, 5, 3, -1, 6, -2, 4, 0, 5, -3, 6, -1, -1, -4, -2, 5, 2, 1, -1, 1, -4, 6, -1, -1, 6, -2, 4, 6, -3, 6, -2, -2, 5, -6, -5, -5, 5, -5, -6, -2, -2, -2, -2, -2, 2, 2, 4, 3, -4, 1, -1, 4, -4, 3, -4, -1, -6, 2, 5, 1, 3, -4, -2, -1, 5, 4, 4, 0, 2, 0, -3, 0, -5, 5, 6, -5, -4, 6, 1, 3, 5, 1, 3, -1, -5, 5, 0, 0, -2, 4, 4, 0, 2, -4, -4, 6, -1, 3, -6, -1]
 
2.26374028734: [-5, 5, -2, 2, 0, -1, -1, 5, 6, -2, 3, 4, 0, 1, -5, 6, 4, -4, -2, -3, 5, -4, -3, -6, 6, 4, -4, -1, 4, 3, -6, 2, -6, 4, 4, -3, 6, -1, 4, 0, -2, -4, -2, 5, 2, 1, -1, 1, -4, 6, -1, -1, 6, -2, 4, 6, -3, 6, -2, -2, 5, -6, -5, -5, 5, -5, -6, -2, -2, -2, -2, -2, 2, 2, 4, 3, -4, 1, -1, 4, -4, 3, -4, -1, -6, 1, -2, 4, 6, -4, 0, -3, 4, -2, 0, -5, -1, -2, -1, -4, 6, 2, -1, 0, 0, 1, 0, -1, -6, -1, -3, -6, 3, 1, -2, 2, -4, -6, -4, -5, -4, 5, 1, 4, 1, 0, 3, 5]
 
1.40735930969: [-5, 5, -2, 2, 6, 1, -1, -3, -4, 1, -5, 6, 5, -6, 6, 0, -3, -1, -4, 3, 2, -1, 3, -6, -2, 3, -5, -2, -4, 5, 3, -1, 6, -2, 4, 0, 5, -3, 6, -1, -1, -4, -2, 5, 2, 1, -1, 1, -4, 6, -1, -1, 6, -2, 4, 6, -3, 6, -2, -2, 5, -6, -5, -5, 5, -5, -6, -2, -2, 2, -3, -4, 1, 3, -5, 3, -4, -2, 3, 2, 5, 1, -1, 1, -1, 3, 6, 6, 6, -4, 0, -3, 4, -2, 0, -5, -1, -2, -1, -4, 6, 2, -1, 0, 0, 1, 0, -1, -6, -1, -3, -6, 3, 1, -2, 2, -4, -6, 4, 0, 2, -4, -4, 6, -1, 3, -6, -1]
 
1.65991095523: [-3, -3, 1, 5, -4, 3, 4, -3, -4, 1, -5, 6, 5, -6, 6, 0, -3, -1, -4, 3, 2, -1, 3, -6, -2, 3, -5, -2, -4, 5, 3, -1, 6, -2, 4, 0, 5, -3, 6, -1, -1, -4, -2, 5, 2, 1, -1, 1, -4, 6, -1, -1, 6, -2, 4, 6, -3, 6, -2, -2, 5, -6, -5, -5, 5, -5, -6, -2, -2, -2, -2, -2, 2, 2, 4, 3, -4, 1, -1, 4, -4, 3, -4, -1, -6, 2, -5, -6, 6, -4, 0, -3, 4, -2, 0, -5, -1, -2, -1, -4, 6, 2, -1, 0, 0, 4, 5, -4, -6, 3, 4, 3, -6, -4, -5, -5, 1, 4, 0, 4, 1, -4, -1, 5, -5, 0, -3, 3]
 
1.56672343774: [4, -5, 2, -2, -1, -1, -4, -6, 6, -2, -1, 3, -3, -3, 2, 2, -3, 5, 1, -1, 0, -4, 6, -3, -5, 4, 0, 3, -3, 1, 3, 3, -3, 6, 6, 6, -6, 6, -3, -3, 0, 6, -6, 5, -3, -6, 1, 6, 3, -1, -1, -1, -4, -4, -1, 0, 3, 2, -3, -2, 0, 3, -6, -5, -6, 1, -4, -5, -2, -6, -3, 5, 6, -4, 4, -6, 4, 0, -2, -5, -4, 6, 6, -4, 0, 3, 5, 1, 3, -4, -2, -1, 5, 4, 4, 0, 2, 0, -3, 0, -5, -6, -2, 2, 0, -4, 0, -2, 1, 2, 4, 6, 5, 6, 6, 1, 2, -5, -4, -1, -2, -2, 2, 1, -3, 2, 3, 5]
 
1.17856892862: [-5, 5, -2, 2, 6, 1, -1, -3, -4, 1, -5, 6, 5, -6, 6, 0, -3, -1, -4, 3, 2, -1, 3, -6, -2, 3, -5, -2, -4, 5, 3, -1, 6, -2, 4, 0, 5, -3, 6, -1, -1, -4, -2, 5, 2, 1, -1, 1, -4, 6, -1, -1, 6, -2, 4, 6, -3, 6, -2, -2, 5, -6, -5, -5, 5, -5, -6, -2, -2, -2, -2, -2, 2, 2, 4, 3, -4, 1, -1, 4, -4, 6, 3, 5, -2, 2, -2, 4, 6, -4, 0, -3, 4, -2, 0, -5, -1, -2, -3, 6, -3, 5, 6, -5, -4, 6, 1, 3, 5, 1, 3, 2, 3, -1, 6, 4, -1, 6, -4, -4, 2, -2, 2, 1, -3, 2, 3, 5]
 
1.50373161998: [-3, 2, -2, -3, 0, -5, 3, 5, -5, -2, -5, 4, 0, 1, -5, 6, 4, -4, -2, -3, -4, -4, -2, -2, -3, 6, -2, -2, 5, 6, 1, -1, -2, 6, 6, 6, 5, -3, 3, 3, 1, 4, -5, -5, 3, 3, -3, -1, -4, 6, -1, -1, 6, 4, -2, 2, 2, -2, -5, 1, 4, -3, 0, -3, -2, 4, -5, -3, -5, 2, -3, 5, 1, 3, -5, 6, -4, -6, -3, 1, 6, 3, -6, 1, -6, 3, -3, 4, 6, -4, -5, 5, 5, -2, 0, 3, -5, 4, -1, -4, 6, 2, -1, 0, 5, 1, 0, -4, -6, -1, -3, -6, 4, 4, 5, 2, 0, -2, -4, -1, -4, 5, 1, -4, 1, 0, 1, 5]
 
1.39327917624: [4, -5, 2, -2, -1, -1, -4, -6, 6, -2, -1, 3, -3, -3, 2, 2, -3, 5, 1, -1, 0, -4, 6, -3, -5, 4, 0, 3, -3, 1, 3, 3, -3, 6, 6, 6, -6, 6, 3, 5, 1, 0, -5, -5, 3, 3, 6, -1, -4, 6, -1, -1, 6, 4, -2, 2, 0, -2, -5, 1, 4, -3, -3, -3, -2, -5, -5, -6, -5, -2, -2, -2, 2, 2, 4, 3, -4, 1, -1, 4, -4, 3, -4, -1, -6, 1, -2, 4, 6, -4, 0, -3, 4, -2, 0, -5, -1, -2, -1, -4, 6, 2, -1, 0, 0, 1, 0, -1, -6, -1, -3, -6, 3, 1, -2, 2, -4, -6, -4, -5, -4, 5, 1, 4, 1, 0, 3, 5]
 
1.59640541398: [-3, 5, -2, 2, 0, -1, -1, 5, 6, -2, 3, 4, 0, 1, -5, 6, 4, -4, -2, -3, 5, -4, -5, -2, -3, 6, -1, -2, 0, 3, 1, -1, -2, 6, 6, -4, 5, 3, -3, -3, 0, 6, -6, 5, -3, -6, 1, 6, 3, -1, -1, -1, -4, -4, -1, 0, 3, 2, -3, -2, 0, 3, -6, -5, -6, 1, -4, -5, -2, -6, -3, 5, 6, -4, 4, -6, 4, 0, -2, -5, -4, 6, 6, -4, 0, 3, -5, -6, 5, 0, -3, -4, 3, 5, 5, 1, 6, 5, -3, 6, -3, 5, 6, -5, -4, 6, 1, 3, 5, 1, 3, 2, 3, -1, 6, 4, -1, 6, -4, -4, 2, -4, 3, -2, -6, 4, -4, 0]
 
1.96452817332: [-5, 5, -2, 2, 6, 1, -1, -3, -4, 1, -5, 6, 5, -6, 6, 0, -3, -1, -4, 3, 2, -1, 3, -6, -2, 3, -5, -2, -4, 5, 3, -1, 6, -2, 4, 0, 5, -3, 6, -1, -1, -4, -2, 5, 2, 1, -1, 1, -4, 6, -1, -1, 6, -2, 4, 6, -3, 6, -2, -2, 5, -6, -5, -5, 5, -5, -6, -2, -2, -2, -2, -2, 2, 2, 4, 3, -4, 1, -1, 4, -4, 3, -4, -1, -6, 1, -2, 4, 6, -4, 0, -3, 4, -2, 0, -5, -1, -2, -1, -4, 6, 2, -1, 0, 0, 1, 0, -1, -6, -1, -3, 2, 3, -1, 6, 4, -1, 6, -4, -4, 2, -2, 2, 1, -3, 2, 3, 5]
 
0.363591730739: [-4, 5, -4, -3, -5, -6, 4, -4, 1, 3, -5, 0, 5, -6, 2, -1, 4, 3, -4, -5, 4, 2, 0, -2, -2, -5, -1, -3, 0, 1, 1, 0, -5, -1, 6, 5, -6, 1, -1, 6, 5, 3, 1, -5, -3, 3, 3, -1, -3, -3, -6, 2, 1, 5, 1, 0, 4, 3, 4, -2, -3, -5, 5, 6, 5, -1, -6, -1, -2, -2, -5, -2, 2, 2, 4, -3, 6, 2, -4, 6, 6, -6, 2, -1, 2, 5, 2, -1, 6, -5, -4, 3, 5, 1, 0, -5, 5, -2, 3, -4, -6, 5, 1, -5, 5, -1, -2, 4, 5, 2, 0, -2, 1, -6, -2, 2, 4, -6, -6, -3, 1, -4, -6, -3, 6, -3, -1, -6]
 
2.29936602297: [-5, 5, -2, 2, 0, -1, -1, 5, 6, -2, 3, 4, 0, 1, -5, 6, 4, -4, -2, -3, 5, -4, -5, -2, -3, 6, -1, -2, 0, 3, 1, -2, -3, -3, -6, 5, 2, 1, -1, -1, 5, 0, 4, -6, 1, 2, -5, -5, -3, -3, 4, -2, 1, -3, 2, 6, -3, 6, -2, -2, 5, -6, -5, -5, 5, -5, -6, -2, -2, -2, -2, -2, 2, 2, 4, 3, -4, 1, -1, 4, -4, 3, -4, -1, -6, 1, 5, 1, 3, -4, -2, -1, 5, 4, 4, 0, 2, 0, -3, 0, -5, -6, -2, 2, 0, -4, 0, -2, 1, 2, 4, 6, 5, 6, 6, 1, 2, -5, -4, -1, -2, -2, 2, 1, -3, 2, 3, 5]
 
1.04150398802: [-6, -1, 1, 5, 5, 3, 0, -3, -6, 4, 2, 4, 3, -5, -1, 6, 4, -4, -2, -3, 4, -4, -3, -6, -3, 6, -1, -2, 0, 3, 1, -2, -3, -6, -6, 5, -1, 1, -1, 6, 5, 0, 4, -3, 1, 6, 6, -5, -3, 2, 4, -6, 1, 1, 2, -5, -2, -2, 3, -2, 5, -2, 2, 1, 5, -5, -6, 4, -2, -2, -2, -2, 2, 0, -3, -5, 3, -5, 5, 0, -4, 3, -4, -1, -1, 0, -2, 4, 6, -4, 0, -3, 4, -2, 0, 4, -1, -5, 2, 6, 2, 5, 0, 1, -4, -4, 5, 3, 5, 1, 5, -3, 4, 1, 5, 2, -4, -6, -4, -5, -4, 5, 1, 4, 1, 1, -5, 3]
 
2.59515673094: [-3, -3, 1, 5, -4, 3, 4, 1, -6, 4, 2, 4, 0, 1, -5, 6, 4, -4, -2, -3, 5, -4, -3, -6, -3, 6, -1, -2, 0, 3, 1, -2, -3, -3, -6, 5, 2, 1, -1, -1, 5, 0, 4, -6, 1, 2, -5, -5, -3, -3, 4, -2, 1, -3, 2, 6, -3, 6, -2, -2, 5, -6, -5, -5, 5, -5, -6, -2, -2, -2, -2, -2, 2, 2, 4, 3, -4, -2, 3, 2, 5, 1, -1, 1, -1, 3, 6, 6, -1, 3, 0, 5, -2, -4, 5, 6, 5, 5, 3, 0, -5, -6, 0, 1, 0, -1, -6, 3, -3, -5, 5, -1, -5, 5, 0, 0, -2, 4, 4, 0, 2, -4, -4, 6, -1, 3, -6, -1]
 
2.61226088532: [-3, -3, 1, 5, -4, 3, 4, 1, -6, 4, 2, 4, 0, 1, -5, 6, 4, -4, -2, 3, 2, -1, 3, -6, -2, 3, -5, -2, -4, 5, 3, -1, 6, -2, 4, 0, 5, -3, 6, -1, -1, -4, -2, 5, 2, 1, -1, 1, -4, 6, -1, -1, 6, 4, -2, 2, 0, -2, -5, 1, 4, -3, -3, -3, -2, -5, -5, -6, -5, 2, -3, -4, 1, 3, -5, 3, -4, -6, 6, 1, 6, 6, 3, 5, -2, 2, 5, 1, 3, -4, -2, -1, 5, 4, 4, 0, 2, 0, -3, 0, -5, -6, -5, 4, 0, -5, 1, -3, 5, 5, -4, 2, -2, 0, -5, -2, 6, 6, -4, -4, 2, -4, 3, -2, -6, 4, -4, 0]
 
