6.299631859248359: [-3, -3, 4, 5, -4, 3, -3, 1, -5, 4, 2, 0, -4, 1, -5, 6, 4, -4, -2, -3, 5, -4, -3, -6, -3, 6, -1, -2, -3, 3, 1, 3, -3, -3, -6, 5, 3, 3, -1, -1, 5, 0, -3, -6, 1, 2, -5, -5, -3, 2, 4, -2, 1, -2, 4, 2, -2, 6, -2, 5, -6, -6, 1, -5, 5, -5, -6, -1, -2, -1, -6, -2, 5, 2, 5, 3, -6, 1, -1, 4, -4, 3, -4, -1, -6, 1, -2, 4, 6, -4, 0, -3, 4, -2, -2, -5, -4, -2, -1, -4, 6, 2, -1, 0, 0, 1, 0, -1, -6, -1, -3, -6, 3, 1, -2, 2, -4, -6, 4, 0, 2, -4, -4, 6, -1, 3, -6, -1]
 
6.232795472687492: [-3, -3, 4, 5, -4, 3, -3, 1, -5, 4, 2, 0, -4, 1, -5, 6, 4, -4, -2, -3, 5, -4, -3, -6, -3, 6, -1, -2, -3, 3, 1, 3, -3, -3, -6, 5, 3, 3, -1, -1, 5, 0, -3, -6, 1, 2, -5, -5, -3, 2, 4, -6, 0, -2, 4, 2, -2, 6, -2, 5, -6, -6, 1, -5, 5, -5, -6, -1, -2, -1, -6, -2, 5, 2, 5, 3, -6, 1, -1, 4, -4, 3, -4, -1, -6, 1, -2, 4, 6, -4, 0, -3, 4, -2, -2, -5, -4, -2, -1, -4, 6, 2, -1, 0, 0, 1, 0, -1, -6, -1, -3, -6, 3, 1, -2, 2, -4, -6, 4, 0, 2, -4, -4, 6, -1, 3, -6, -1]
 
6.1456267769163455: [-3, -3, 4, 5, -4, 3, -3, 1, -5, 4, 2, 0, -4, 1, -5, 6, 4, -4, -2, -3, 5, -4, -3, -6, -3, 6, -1, -2, -3, 3, 1, 3, -3, -3, -6, 5, 3, 3, -1, -1, 5, 0, -3, -6, 1, 2, -5, -5, -3, 2, 4, -2, 1, -2, 4, 2, -2, 6, -2, 5, -6, -6, 1, -5, 5, -5, -6, -1, -2, -1, -6, -2, 5, 2, 5, 3, -6, 1, -1, 4, -4, 3, -4, -1, -6, 1, -2, 4, 6, -4, 0, -3, 4, -2, -2, -5, -4, -2, -1, -4, 6, 2, -1, 0, 0, 1, 0, -1, -6, -1, -3, -6, 3, 1, -2, 2, -4, -6, 4, 0, 2, -4, -4, 6, -1, 3, -6, -1]
 
6.115359838612026: [-3, -3, 4, 5, -4, 3, -3, 1, -5, 4, 2, 0, -4, 1, -5, 6, 4, -4, -2, -3, 5, -4, -3, -6, -3, 6, -1, -2, -3, 3, 1, 3, -3, -3, -6, 5, 3, 3, -1, -1, 5, 0, -3, -6, 1, 2, -5, -5, -3, 2, 4, -2, 1, -2, 4, 2, -2, 6, -2, 5, -6, -6, 1, -5, 5, -5, -6, -1, -2, -1, -6, -2, 5, 2, 5, 3, -6, 1, -1, 4, -4, 3, -4, -1, -6, 1, -2, 4, 6, -4, 0, -3, 4, -2, -2, -5, -4, -2, -1, -4, 6, 2, -1, 0, 0, 1, 0, -1, -6, -1, -3, -6, 3, 1, -2, 2, -4, -6, 4, 0, 2, -4, -4, 6, -1, 3, -6, -1]
 
2.44589450111: [-3, -3, 4, 3, -4, -6, -3, 1, 6, 4, 2, 0, 4, 1, -5, 6, 4, -4, 5, -3, 5, -4, -3, -6, -3, 6, -1, -2, -3, -6, 1, 5, -3, -3, 5, 0, 3, 3, -1, -1, 4, -2, -3, -6, 5, 2, -5, -5, -3, 2, -6, 5, 5, -2, 4, -2, -2, 6, -2, 5, -6, -6, 1, -5, -5, 3, -6, -1, -6, -1, -6, -2, 5, 2, 5, 3, -6, 1, -1, -1, -4, 3, -4, -1, -6, 1, -2, 4, 6, -4, 0, -3, 4, 0, -2, -4, -4, -2, -1, -4, 6, 2, -1, -1, 0, 1, 0, 2, -6, -1, -3, 6, 3, 1, 0, 2, -4, -6, 4, 0, 0, -4, -4, 6, 6, 3, -5, 2]
 
6.0949829793352555: [-3, -3, 4, 5, -4, 3, -3, 1, -5, 4, 2, 0, -4, 1, -5, 6, 4, -4, -2, -3, 5, -4, -3, -6, -3, 6, -1, -2, -3, 3, 1, 3, -3, -3, -6, 5, 3, 3, -1, -1, 5, 0, -3, -6, 1, 2, -5, -5, -3, 2, 4, -6, 0, -2, 4, 2, -2, 6, -2, 5, -6, -6, 1, -5, 5, -5, -6, -1, -2, -1, -6, -2, 5, 2, 5, 3, -6, 1, -1, 4, -4, 3, -4, -1, -6, 1, -2, 4, 6, -4, 0, -3, 4, -2, -2, -5, -4, -2, -1, -4, 6, 2, -1, 0, 0, 1, 0, -1, -6, -1, -3, -6, 3, 1, -2, 2, -4, -6, 4, 0, 2, -4, -4, 6, -1, 3, -6, -1]
 
6.073945321810011: [-3, -3, 4, 5, -4, 3, -3, 1, -5, 4, 2, 0, -4, 1, -5, 6, 4, -4, -2, -3, 5, -4, -3, -6, -3, 6, -1, -2, -3, 3, 1, 3, -3, -3, -6, 5, 3, 3, -1, -1, 5, 0, -3, -6, 1, 2, -5, -5, -3, 2, 4, -2, 1, -2, 4, 2, -2, 6, -2, 5, -6, -6, 1, -5, 5, -5, -6, -1, -2, -1, -6, -2, 5, 2, 5, 3, -6, 1, -1, 4, -4, 3, -4, -1, -6, 1, -2, 4, 6, -4, 0, -3, 4, -2, -2, -5, -4, -2, -1, -4, 6, 2, -1, 0, 0, 1, 0, -1, -6, -1, -3, -6, 3, 1, -2, 2, -4, -6, 4, 0, 2, -4, -4, 6, -1, 3, -6, -1]
 
6.071866910489229: [-3, -3, 4, 5, -4, 3, -3, 1, -5, 4, 2, 0, -4, 1, -5, 6, 4, -4, -2, -3, 5, -4, -3, -6, -3, 6, -1, -2, -3, 3, 1, 3, -3, -3, -6, 5, 3, 3, -1, -1, 5, 0, -3, -6, 1, 2, -5, -5, -3, 2, 4, -2, 1, -2, 4, 2, -2, 6, -2, 5, -6, -6, 1, -5, 5, -5, -6, -1, -2, -1, -6, -2, 5, 2, 5, 3, -6, 1, -1, 4, -4, 3, -4, -1, -6, 1, -2, 4, 6, -4, 0, -3, 4, -2, -2, -5, -4, -2, -1, -4, 6, 2, -1, 0, 0, 1, 0, -1, -6, -1, -3, -6, 3, 1, -2, 2, -4, -6, 4, 0, 2, -4, -4, 6, -1, 3, -6, -1]
 
6.067539825407836: [-3, -3, 4, 5, -4, 3, -3, 1, -5, 4, 2, 0, -4, 1, -5, 6, 4, -4, -2, -3, 5, -4, -3, -6, -3, 6, -1, -2, -3, 3, 1, 3, -3, -3, -6, 5, 3, 3, -1, -1, 5, 0, -3, -6, 1, 2, -5, -5, -3, 2, 4, -2, 1, -2, 4, 2, -2, 6, -2, 5, -6, -6, 1, -5, 5, -5, -6, -1, -2, -1, -6, -2, 5, 2, 5, 3, -6, 1, -1, 4, -4, 3, -4, -1, -6, 1, -2, 4, 6, -4, 0, -3, 4, -2, -2, -5, -4, -2, -1, -4, 6, 2, -1, 0, 0, 1, 0, -1, -6, -1, -3, -6, 3, 1, -2, 2, -4, -6, 4, 0, 2, -4, -4, 6, -1, 3, -6, -1]
 
6.054546805629876: [-3, -3, 4, 5, -4, 3, -3, 1, -5, 4, 2, 0, -4, 1, -5, 6, 4, -4, -2, -3, 5, -4, -3, -6, -3, 6, -1, -2, -3, 3, 1, 3, -3, -3, -6, 5, 3, 3, -1, -1, 5, 0, -3, -6, 1, 2, -5, -5, -3, 2, 4, -2, 1, -2, 4, 2, -2, 6, -2, 5, -6, -6, 1, -5, 5, -5, -6, -1, -2, -1, -6, -2, 5, 2, 5, 3, -6, 1, -1, 4, -4, 3, -4, -1, -6, 1, -2, 4, 6, -4, 0, -3, 4, -2, -2, -5, -4, -2, -1, -4, 6, 2, -1, 0, 0, 1, 0, -1, -6, -1, -3, -6, 3, 1, -2, 2, -4, -6, 4, 0, 2, -4, -4, 6, -1, 3, -6, -1]
 
6.046792996784401: [-3, -3, 4, 5, -4, 3, -3, 1, -5, 4, 2, 0, -4, 1, -5, 6, 4, -4, -2, -3, 5, -4, -3, -6, -3, 6, -1, -2, -3, 3, 1, 3, -3, -3, -6, 5, 3, 3, -1, -1, 5, 0, -3, -6, 1, 2, -5, -5, -3, 2, 4, -2, 1, -2, 4, 2, -2, 6, -2, 5, -6, -6, 1, -5, 5, -5, -6, -1, -2, -1, -6, -2, 5, 2, 5, 3, -6, 1, -1, 4, -4, 3, -4, -1, -6, 1, -2, 4, 6, -4, 0, -3, 4, -2, -2, -5, -4, -2, -1, -4, 6, 2, -1, 0, 0, 1, 0, -1, -6, -1, -3, -6, 3, 1, -2, 2, -4, -6, 4, 0, 2, -4, -4, 6, -1, 3, -6, -1]
 
6.043861142239932: [-3, -3, 4, 5, -4, 3, -3, 1, -5, 4, 2, 0, -4, 1, -5, 6, 4, -4, -2, -3, 5, -4, -3, -6, -3, 6, -1, -2, -3, 3, 1, 3, -3, -3, -6, 5, 3, 3, -1, -1, 5, 0, -3, -6, 1, 2, -5, -5, -3, 2, 4, -2, 1, -2, 4, 2, -2, 6, -2, 5, -6, -6, 1, -5, 5, -5, -6, -1, -2, -1, -6, -2, 5, 2, 5, 3, -6, 1, -1, 4, -4, 3, -4, -1, -6, 1, -2, 4, 6, -4, 0, -3, 4, -2, -2, -5, -4, -2, -1, -4, 6, 2, -1, 0, 0, 1, 0, -1, -6, -1, -3, -6, 3, 1, -2, 2, -4, -6, 4, 0, 2, -4, -4, 6, -1, 3, -6, -1]
 
0.437189107627: [5, -6, 4, 5, 5, 3, -1, 2, -5, -3, 2, 4, -4, 1, -5, 6, 4, 4, 5, 4, 5, -4, -3, -2, -3, 6, -1, -3, -3, 3, 1, 3, 1, 6, -1, 5, 4, 3, -1, 5, 5, -5, -3, 4, 1, 2, -5, -5, -3, 4, 4, -2, 0, -1, -6, 2, -2, 5, -5, 2, 5, -6, 1, -5, 5, -1, -6, -1, -2, -2, -6, 0, 5, 2, 5, -6, -6, 1, -1, 4, -4, -6, -4, -1, 2, 1, -2, 3, -3, 2, -3, -3, 4, -2, -5, -5, 1, -2, -1, -4, 5, 5, 1, -4, 1, -3, 0, -1, -6, -4, -3, -3, 0, 1, -2, 0, 0, -6, 4, 0, 2, 6, -1, 6, -1, 3, -6, -5]
 
6.027427056796626: [-3, -3, 4, 5, -4, 3, -3, 1, -5, 4, 2, 0, -4, 1, -5, 6, 4, -4, -2, -3, 5, -4, -3, -6, -3, 6, -1, -2, -3, 3, 1, 3, -3, -3, -6, 5, 3, 3, -1, -1, 5, 0, -3, -6, 1, 2, -5, -5, -3, 2, 4, -2, 1, -2, 4, 2, -2, 6, -2, 5, -6, -6, 1, -5, 5, -5, -6, -1, -2, -1, -6, -2, 5, 2, 5, 3, -6, 1, -1, 4, -4, 3, -4, -1, -6, 1, -2, 4, 6, -4, 0, -3, 4, -2, -2, -5, -4, -2, -1, -4, 6, 2, -1, 0, 0, 1, 0, -1, -6, -1, -3, -6, 3, 1, -2, 2, -4, -6, 4, 0, 2, -4, -4, 6, -1, 3, -6, -1]
 
6.026640715868972: [-3, -3, 4, 5, -4, 3, -3, 1, -5, 4, 2, 0, -4, 1, -5, 6, 4, -4, -2, -3, 5, -4, -3, -6, -3, 6, -1, -2, -3, 3, 1, 3, -3, -3, -6, 5, 3, 3, -1, -1, 5, 0, -3, -6, 1, 2, -5, -5, -3, 2, 4, -2, 1, -2, 4, 2, -2, 6, -2, 5, -6, -6, 1, -5, 5, -5, -6, -1, -2, -1, -6, -2, 5, 2, 5, 3, -6, 1, -1, 4, -4, 3, -4, -1, -6, 1, -2, 4, 6, -4, 0, -3, 4, -2, -2, -5, -4, -2, -1, -4, 6, 2, -1, 0, 0, 1, 0, -1, -6, -1, -3, -6, 3, 1, -2, 2, -4, -6, 4, 0, 2, -4, -4, 6, -1, 3, -6, -1]
 
6.021811617317974: [-3, -3, 4, 5, -4, 3, -3, 1, -5, 4, 2, 0, -4, 1, -5, 6, 4, -4, -2, -3, 5, -4, -3, -6, -3, 6, -1, -2, -3, 3, 1, 3, -3, -3, -6, 5, 3, 3, -1, -1, 5, 0, -3, -6, 1, 2, -5, -5, -3, 2, 4, -2, 1, -2, 4, 2, -2, 6, -2, 5, -6, -6, 1, -5, 5, -5, -6, -1, -2, -1, -6, -2, 5, 2, 5, 3, -6, 1, -1, 4, -4, 3, -4, -1, -6, 1, -2, 4, 6, -4, 0, -3, 4, -2, -2, -5, -4, -2, -1, -4, 6, 2, -1, 0, 0, 1, 0, -1, -6, -1, -3, -6, 3, 1, -2, 2, -4, -6, 4, 0, 2, -4, -4, 6, -1, 3, -6, -1]
 
6.021210251040424: [-3, -3, 4, 5, -4, 3, -3, 1, -5, 4, 2, 0, -4, 1, -5, 6, 4, -4, -2, -3, 5, -4, -3, -6, -3, 6, -1, -2, -3, 3, 1, 3, -3, -3, -6, 5, 3, 3, -1, -1, 5, 0, -3, -6, 1, 2, -5, -5, -3, 2, 4, -2, 1, -2, 4, 2, -2, 6, -2, 5, -6, -6, 1, -5, 5, -5, -6, -1, -2, -1, -6, -2, 5, 2, 5, 3, -6, 1, -1, 4, -4, 3, -4, -1, -6, 1, -2, 4, 6, -4, 0, -3, 4, -2, -2, -5, -4, -2, -1, -4, 6, 2, -1, 0, 0, 1, 0, -1, -6, -1, -3, -6, 3, 1, -2, 2, -4, -6, 4, 0, 2, -4, -4, 6, -1, 3, -6, -1]
 
1.63985136992: [-3, -3, 4, 5, -4, 3, -3, 1, -5, 4, 2, 4, -1, -2, -5, 6, 4, -4, 0, -3, 5, -4, -6, -6, -3, 6, 4, -2, -3, 3, 1, 4, -3, -3, 2, 5, 3, 1, 0, -1, 5, 0, -3, -6, 1, -3, -5, 0, -3, 2, 4, -2, 1, -1, 4, 2, -2, -2, -2, 5, -6, -6, 1, -1, 5, 0, -6, -1, -2, -1, -6, -2, -2, -5, 1, 3, -6, 1, -3, 6, -4, 6, -4, -1, -6, -1, -2, 4, 1, -4, 0, 4, 0, -2, -2, -5, -2, -2, 3, -4, 6, 2, -1, 0, 0, 1, 0, -1, -2, -3, -3, -6, 3, 1, 6, 2, -6, -5, 4, 0, 2, -4, -4, 6, 1, 3, -6, -1]
 
6.004886432661309: [-3, -3, 4, 5, -4, 3, -3, 1, -5, 4, 2, 0, -4, 1, -5, 6, 4, -4, -2, -3, 5, -4, -3, -6, -3, 6, -1, -2, -3, 3, 1, 3, -3, -3, -6, 5, 3, 3, -1, -1, 5, 0, -3, -6, 1, 2, -5, -5, -3, 2, 4, -2, 1, -2, 4, 2, -2, 6, -2, 5, -6, -6, 1, -5, 5, -5, -6, -1, -2, -1, -6, -2, 5, 2, 5, 3, -6, 1, -1, 4, -4, 3, -4, -1, -6, 1, -2, 4, 6, -4, 0, -3, 4, -2, -2, -5, -4, -2, -1, -4, 6, 2, -1, 0, 0, 1, 0, -1, -6, -1, -3, -6, 3, 1, -2, 2, -4, -6, 4, 0, 2, -4, -4, 6, -1, 3, -6, -1]
 
6.004874255645035: [-3, -3, 4, 5, -4, 3, -3, 1, -5, 4, 2, 0, -4, 1, -5, 6, 4, -4, -2, -3, 5, -4, -3, -6, -3, 6, -1, -2, -3, 3, 1, 3, -3, -3, -6, 5, 3, 3, -1, -1, 5, 0, -3, -6, 1, 2, -5, -5, -3, 2, 4, -2, 1, -2, 4, 2, -2, 6, -2, 5, -6, -6, 1, -5, 5, -5, -6, -1, -2, -1, -6, -2, 5, 2, 5, 3, -6, 1, -1, 4, -4, 3, -4, -1, -6, 1, -2, 4, 6, -4, 0, -3, 4, -2, -2, -5, -4, -2, -1, -4, 6, 2, -1, 0, 0, 1, 0, -1, -6, -1, -3, -6, 3, 1, -2, 2, -4, -6, 4, 0, 2, -4, -4, 6, -1, 3, -6, -1]
 
5.999023155555402: [-3, -3, 4, 5, -4, 3, -3, 1, -5, 4, 2, 4, 0, 1, -5, 6, 4, -4, -2, -3, 5, -4, -3, -6, -3, 6, -1, -2, -3, 3, 1, 3, -3, -3, -6, 5, 3, 3, -1, -1, 5, 0, -3, -6, 1, 2, -5, -5, -3, 2, 4, -2, 1, -2, 4, 2, -2, 6, -2, 5, -6, -6, 1, -5, 5, -5, -6, -1, -2, -1, -6, -2, 5, 2, 5, 3, -6, 1, -1, 4, -4, 3, -4, -1, -6, 1, -2, 4, 6, -4, 0, -3, 4, -2, -2, -5, -4, -2, -1, -4, 6, 2, -1, 0, 0, 1, 0, -1, -6, -1, -3, -6, 3, 1, -2, 2, -4, -6, 4, 0, 2, -4, -4, 6, -1, 3, -6, -1]
 
5.992325782995524: [-3, -3, 4, 5, -4, 3, -3, 1, -5, 4, 2, 0, -4, 1, -5, 6, 4, -4, -2, -3, 5, -4, -3, -6, -3, 6, -1, -2, -3, 3, 1, 3, -3, -3, -6, 5, 3, 3, -1, -1, 5, 0, -3, -6, 1, 2, -5, -5, -3, 2, 4, -2, 1, -2, 4, 2, -2, 6, -2, 5, -6, -6, 1, -5, 5, -5, -6, -1, -2, -1, -6, -2, 5, 2, 5, 3, -6, 1, -1, 4, -4, 3, -4, -1, -6, 1, -2, 4, 6, -4, 0, -3, 4, -2, -2, -5, -4, -2, -1, -4, 6, 2, -1, 0, 0, 1, 0, -1, -6, -1, -3, -6, 3, 1, -2, 2, -4, -6, 4, 0, 2, -4, -4, 6, -1, 3, -6, -1]
 
5.991722839999671: [-3, -3, 4, 5, -4, 3, -3, 1, -5, 4, 2, 4, 0, 1, -5, 6, 4, -4, -2, -3, 5, -4, -3, -6, -3, 6, -1, -2, -3, 3, 1, 3, -3, -3, -6, 5, 3, 3, -1, -1, 5, 0, -3, -6, 1, 2, -5, -5, -3, 2, 4, -2, 1, -2, 4, 2, -2, 6, -2, 5, -6, -6, 1, -5, 5, -5, -6, -1, -2, -1, -6, -2, 5, 2, 5, 3, -6, 1, -1, 4, -4, 3, -4, -1, -6, 1, -2, 4, 6, -4, 0, -3, 4, -2, -2, -5, -4, -2, -1, -4, 6, 2, -1, 0, 0, 1, 0, -1, -6, -1, -3, -6, 3, 1, -2, 2, -4, -6, 4, 0, 2, -4, -4, 6, -1, 3, -6, -1]
 
5.985560505142779: [-3, -3, 4, 5, -4, 3, -3, 1, -5, 4, 2, 0, -4, 1, -5, 6, 4, -4, -2, -3, 5, -4, -3, -6, -3, 6, -1, -2, -3, 3, 1, 3, -3, -3, -6, 5, 3, 3, -1, -1, 5, 0, -3, -6, 1, 2, -5, -5, -3, 2, 4, -2, 1, -2, 4, 2, -2, 6, -2, 5, -6, -6, 1, -5, 5, -5, -6, -1, -2, -1, -6, -2, 5, 2, 5, 3, -6, 1, -1, 4, -4, 3, -4, -1, -6, 1, -2, 4, 6, -4, 0, -3, 4, -2, -2, -5, -4, -2, -1, -4, 6, 2, -1, 0, 0, 1, 0, -1, -6, -1, -3, -6, 3, 1, -2, 2, -4, -6, 4, 0, 2, -4, -4, 6, -1, 3, -6, -1]
 
2.85304965483: [-6, 3, 4, 5, -4, 3, -3, 1, -5, 4, 2, -5, -4, 1, -5, 6, 3, -4, -3, -5, 5, -4, -3, -6, -3, 6, -6, -2, -3, 3, 1, 3, -3, -3, -6, 6, 3, 3, -2, -1, 5, 0, -3, -6, -1, 2, 2, -5, -3, 2, 4, -2, 1, 4, 4, 2, -2, 6, -6, 5, -6, -6, 1, -5, 5, -2, -6, -1, -1, -1, -4, -2, 5, 2, 5, 3, -6, 1, -1, 4, -4, 3, -6, -1, -6, 1, -2, 4, 6, -5, 0, -3, 4, -2, 0, -5, 0, -2, -5, -4, 6, 2, -1, 0, -2, 1, 0, -6, -6, -1, -3, 0, 3, 1, -2, 4, -4, -6, 4, 0, 2, -5, -4, 6, -1, 3, -1, -1]
 
5.983065692626802: [-3, -3, 4, 5, -4, 3, -3, 1, -5, 4, 2, 0, -4, 1, -5, 6, 4, -4, -2, -3, 5, -4, -3, -6, -3, 6, -1, -2, -3, 3, 1, 3, -3, -3, -6, 5, 3, 3, -1, -1, 5, 0, -3, -6, 1, 2, -5, -5, -3, 2, 4, -2, 1, -2, 4, 2, -2, 6, -2, 5, -6, -6, 1, -5, 5, -5, -6, -1, -2, -1, -6, -2, 5, 2, 5, 3, -6, 1, -1, 4, -4, 3, -4, -1, -6, 1, -2, 4, 6, -4, 0, -3, 4, -2, -2, -5, -4, -2, -1, -4, 6, 2, -1, 0, 0, 1, 0, -1, -6, -1, -3, -6, 3, 1, -2, 2, -4, -6, 4, 0, 2, -4, -4, 6, -1, 3, -6, -1]
 
5.978751385880743: [-3, -3, 4, 5, -4, 3, -3, 1, -5, 4, 2, 4, 0, 1, -5, 6, 4, -4, -2, -3, 5, -4, -3, -6, -3, 6, -1, -2, -3, 3, 1, 3, -3, -3, -6, 5, 3, 3, -1, -1, 5, 0, -3, -6, 1, 2, -5, -5, -3, 2, 4, -2, 1, -2, 4, 2, -2, 6, -2, 5, -6, -6, 1, -5, 5, -5, -6, -1, -2, -1, -6, -2, 5, 2, 5, 3, -6, 1, -1, 4, -4, 3, -4, -1, -6, 1, -2, 4, 6, -4, 0, -3, 4, -2, -2, -5, -4, -2, -1, -4, 6, 2, -1, 0, 0, 1, 0, -1, -6, -1, -3, -6, 3, 1, -2, 2, -4, -6, 4, 0, 2, -4, -4, 6, -1, 3, -6, -1]
 
5.96614274005231: [-3, -3, 4, 5, -4, 3, -3, 1, -5, 4, 2, 0, -4, 1, -5, 6, 4, -4, -2, -3, 5, -4, -3, -6, -3, 6, -1, -2, -3, 3, 1, 3, -3, -3, -6, 5, 3, 3, -1, -1, 5, 0, -3, -6, 1, 2, -5, -5, -3, 2, 4, -2, 1, -2, 4, 2, -2, 6, -2, 5, -6, -6, 1, -5, 5, -5, -6, -1, -2, -1, -6, -2, 5, 2, 5, 3, -6, 1, -1, 4, -4, 3, -4, -1, -6, 1, -2, 4, 6, -4, 0, -3, 4, -2, -2, -5, -4, -2, -1, -4, 6, 2, -1, 0, 0, 1, 0, -1, -6, -1, -3, -6, 3, 1, -2, 2, -4, -6, 4, 0, 2, -4, -4, 6, -1, 3, -6, -1]
 
5.9588190781413: [-3, -3, 4, 5, -4, 3, -3, 1, -5, 4, 2, 4, 0, 1, -5, 6, 4, -4, -2, -3, 5, -4, -3, -6, -3, 6, -1, -2, -3, 3, 1, 3, -3, -3, -6, 5, 3, 3, -1, -1, 5, 0, -3, -6, 1, 2, -5, -5, -3, 2, 4, -2, 1, -2, 4, 2, -2, 6, -2, 5, -6, -6, 1, -5, 5, -5, -6, -1, -2, -1, -6, -2, 5, 2, 5, 3, -6, 1, -1, 4, -4, 3, -4, -1, -6, 1, -2, 4, 6, -4, 0, -3, 4, -2, -2, -5, -4, -2, -1, -4, 6, 2, -1, 0, 0, 1, 0, -1, -6, -1, -3, -6, 3, 1, -2, 2, -4, -6, 4, 0, 2, -4, -4, 6, -1, 3, -6, -1]
 
5.958395451649818: [-3, -3, 4, 5, -4, 3, -3, 1, -5, 4, 2, 4, 0, 1, -5, 6, 4, -4, -2, -3, 5, -4, -3, -6, -3, 6, -1, -2, -3, 3, 1, 3, -3, -3, -6, 5, 3, 3, -1, -1, 5, 0, -3, -6, 1, 2, -5, -5, -3, 2, 4, -2, 1, -2, 4, 2, -2, 6, -2, 5, -6, -6, 1, -5, 5, -5, -6, -1, -2, -1, -6, -2, 5, 2, 5, 3, -6, 1, -1, 4, -4, 3, -4, -1, -6, 1, -2, 4, 6, -4, 0, -3, 4, -2, -2, -5, -4, -2, -1, -4, 6, 2, -1, 0, 0, 1, 0, -1, -6, -1, -3, -6, 3, 1, -2, 2, -4, -6, 4, 0, 2, -4, -4, 6, -1, 3, -6, -1]
 
2.45622900706: [-3, -3, 4, -4, -4, 3, -3, 1, -5, 4, 2, 0, -4, 1, -5, 6, 4, -4, -2, -3, 5, 0, -5, -6, -3, 6, -1, -2, -3, 3, 1, 3, -3, -4, -6, 5, 3, 3, -1, -3, 5, 0, -3, -6, 1, 2, -5, -5, -3, -5, -1, -5, 1, -2, -3, 2, -2, 5, -2, -4, 5, -6, -3, -5, 5, -5, -3, -1, 0, -5, -1, -2, 5, -6, 5, 3, 5, 1, -1, 4, -4, 3, -2, -4, -4, 1, -1, 4, 6, -4, 0, -3, 4, -2, -2, -5, -4, -2, -1, -4, 6, 2, -1, -2, -6, 1, -3, -6, -6, 3, -3, -6, 3, 1, -2, 2, 6, -6, 4, 0, 2, -4, -4, 4, -1, 3, -6, -1]
 
5.95555548388168: [-3, -3, 4, 5, -4, 3, -3, 1, -5, 4, 2, 0, -4, 1, -5, 6, 4, -4, -2, -3, 5, -4, -3, -6, -3, 6, -1, -2, -3, 3, 1, 3, -3, -3, -6, 5, 3, 3, -1, -1, 5, 0, -3, -6, 1, 2, -5, -5, -3, 2, 4, -2, 1, -2, 4, 2, -2, 6, -2, 5, -6, -6, 1, -5, 5, -5, -6, -1, -2, -1, -6, -2, 5, 2, 5, 3, -6, 1, -1, 4, -4, 3, -4, -1, -6, 1, -2, 4, 6, -4, 0, -3, 4, -2, -2, -5, -4, -2, -1, -4, 6, 2, -1, 0, 0, 1, 0, -1, -6, -1, -3, -6, 3, 1, -2, 2, -4, -6, 4, 0, 2, -4, -4, 6, -1, 3, -6, -1]
 
5.84146734007: [-3, -3, 4, 5, -4, 3, -3, 1, -5, 4, 2, 0, 0, 1, -5, 6, 4, -4, -2, -3, 5, -4, -3, -6, -3, 6, -1, -2, -3, 3, 1, 3, -3, -3, -6, 5, 3, 3, -1, -1, 5, 0, -3, -6, 1, 2, -5, -5, -3, 2, 4, -2, 1, -2, 4, 2, -2, 6, -2, 5, -6, -6, 1, -5, 5, -5, -6, -1, -2, -1, -6, -2, 5, 2, 5, 3, -6, 1, -1, 4, -4, 3, -4, -1, -6, 1, -2, 4, 6, -4, 0, -3, 4, -2, -2, -5, -4, -2, -1, -4, 6, 2, -1, 0, 0, 1, 0, -1, -6, -1, -3, -6, 3, 1, -2, 2, -4, -6, 4, 0, 2, -4, -4, 6, -1, 3, -6, -1]
 
5.89685734442: [-3, -3, 4, 5, -4, 3, -3, 1, -5, 4, 2, 4, -4, 1, -5, 6, 4, -4, -2, -3, 5, -4, -3, -6, -3, 6, -1, -2, -3, 3, 1, 3, -3, -3, -6, 5, 3, 3, -1, -1, 5, 0, -3, -6, 1, 2, -5, -5, -3, 2, 4, -2, 1, -2, 4, 2, -2, 6, -2, 5, -6, -6, 1, -5, 5, -5, -6, -1, -2, -1, -6, -2, 5, 2, 5, 3, -6, 1, -1, 4, -4, 3, -4, -1, -6, 1, -2, 4, 6, -4, 0, -3, 4, -2, -2, -5, -4, -2, -1, -4, 6, 2, -1, 0, 0, 1, 0, -1, -6, -1, -3, -6, 3, 1, -2, 2, -4, -6, 4, 0, 2, -4, -4, 6, -1, 3, -6, -1]
 
6.08330739503: [-3, -3, 4, 5, -4, 3, -3, 1, -5, 4, 2, 4, 0, 1, -5, 6, 4, -4, -2, -3, 5, -4, -3, -6, -3, 6, -1, -2, -3, 3, 1, 3, -3, -3, -6, 5, 3, 3, -1, -1, 5, 0, -3, -6, 1, 2, -5, -5, -3, 2, 4, -2, 1, -2, 4, 2, -2, 6, -2, 5, -6, -6, 1, -5, 5, -5, -6, -1, -2, -1, -6, -2, 5, 2, 5, 3, -6, 1, -1, 4, -4, 3, -4, -1, -6, 1, -2, 4, 6, -4, 0, -3, 4, -2, -2, -5, -4, -2, -1, -4, 6, 2, -1, 0, 0, 1, 0, -1, -6, -1, -3, -6, 3, 1, -2, 2, -4, -6, 4, 0, 2, -4, -4, 6, -1, 3, -6, -1]
 
5.76309907977: [-3, -3, 4, 5, -4, 3, -3, 1, -5, 4, 2, 0, -4, 1, -5, 6, 4, -4, -2, -3, 5, -4, -3, -6, -3, 6, -1, -2, -3, 3, 1, 3, -3, -3, -6, 5, 3, 3, -1, -1, 5, 0, -3, -6, 1, 2, -5, -5, -3, 2, 4, -2, 1, -2, 4, 2, -2, 6, -2, 5, -6, -6, 1, -5, 5, -5, -6, -1, -2, -1, -6, -2, 5, 2, 5, 3, -6, 1, -1, 4, -4, 3, -4, -1, -6, 1, -2, 4, 6, -4, 0, -3, 4, -2, -2, -5, -4, -2, -1, -4, 6, 2, -1, 0, 0, 1, 0, -1, -6, -1, -3, -6, 3, 1, -2, 2, -4, -6, 4, 0, 2, -4, -4, 6, -1, 3, -6, -1]
 
5.41443235224: [-3, -3, 4, 5, -4, 3, -3, 1, -5, 4, 2, 0, -4, 1, -5, 6, 4, -4, -2, -3, 5, -4, -3, -6, -3, 6, -1, -2, -3, 3, 1, 3, -3, -3, -6, 5, 3, 3, -1, -1, 5, 0, -3, -6, 1, 2, -5, -5, -3, 2, 4, -6, 0, -2, 4, 2, -2, 6, -2, 5, -6, -6, 1, -5, 5, -5, -6, -1, -2, -1, -6, -2, 5, 2, 5, 3, -6, 1, -1, 4, -4, 3, -4, -1, -6, 1, -2, 4, 6, -4, 0, -3, 4, -2, -2, -5, -4, -2, -1, -4, 6, 2, -1, 0, 0, 1, 0, -1, -6, -1, -3, -6, 3, 1, -2, 2, -4, -6, 4, 0, 2, -4, -4, 6, -1, 3, -6, -1]
 
5.8080635479: [-3, -3, 4, 5, -4, 3, -3, 1, -5, 4, 2, 0, 0, 1, -5, 6, 4, -4, -2, -3, 5, -4, -3, -6, -3, 6, -1, -2, -3, 3, 1, 3, -3, -3, -6, 5, 3, 3, -1, -1, 5, 0, -3, -6, 1, 2, -5, -5, -3, 2, 4, -2, 1, -2, 4, 2, -2, 6, -2, 5, -6, -6, 1, -5, 5, -5, -6, -1, -2, -1, -6, -2, 5, 2, 5, 3, -6, 1, -1, 4, -4, 3, -4, -1, -6, 1, -2, 4, 6, -4, 0, -3, 4, -2, -2, -5, -4, -2, -1, -4, 6, 2, -1, 0, 0, 1, 0, -1, -6, -1, -3, -6, 3, 1, -2, 2, -4, -6, 4, 0, 2, -4, -4, 6, -1, 3, -6, -1]
 
5.73197133364: [-3, -3, 4, 5, -4, 3, -3, 1, -5, 4, 2, 4, 0, 1, -5, 6, 4, -4, -2, -3, 5, -4, -3, -6, -3, 6, -1, -2, -3, 3, 1, 3, -3, -3, -6, 5, 3, 3, -1, -1, 5, 0, -3, -6, 1, 2, -5, -5, -3, 2, 4, -2, 1, -2, 4, 2, -2, 6, -2, 5, -6, -6, 1, -5, 5, -5, -6, -1, -2, -1, -6, -2, 5, 2, 5, 3, -6, 1, -1, 4, -4, 3, -4, -1, -6, 1, -2, 4, 6, -4, 0, -3, 4, -2, -2, -5, -4, -2, -1, -4, 6, 2, -1, 0, 0, 1, 0, -1, -6, -1, -3, -6, 3, 1, -2, 2, -4, -6, 4, 0, 2, -4, -4, 6, -1, 3, -6, -1]
 
6.14309065883: [-3, -3, 4, 5, -4, 3, -3, 1, -5, 4, 2, 0, -4, 1, -5, 6, 4, -4, -2, -3, 5, -4, -3, -6, -3, 6, -1, -2, -3, 3, 1, 3, -3, -3, -6, 5, 3, 3, -1, -1, 5, 0, -3, -6, 1, 2, -5, -5, -3, 2, 4, -2, 1, -2, 4, 2, -2, 6, -2, 5, -6, -6, 1, -5, 5, -5, -6, -1, -2, -1, -6, -2, 5, 2, 5, 3, -6, 1, -1, 4, -4, 3, -4, -1, -6, 1, -2, 4, 6, -4, 0, -3, 4, -2, -2, -5, -4, -2, -1, -4, 6, 2, -1, 0, 0, 1, 0, -1, -6, -1, -3, -6, 3, 1, -2, 2, -4, -6, 4, 0, 2, -4, -4, 6, -1, 3, -6, -1]
 
5.92182908381: [-3, -3, 4, 5, -4, 3, -3, 1, -5, 4, 2, 0, -4, 1, -5, 6, 4, -4, -2, -3, 5, -4, -3, -6, -3, 6, -1, -2, -3, 3, 1, 3, -3, -3, -6, 5, 3, 3, -1, -1, 5, 0, -3, -6, 1, 2, -5, -5, -3, 2, 4, -2, 1, -2, 4, 2, -2, 6, -2, 5, -6, -6, 1, -5, 5, -5, -6, -1, -2, -1, -6, -2, 5, 2, 5, 3, -6, 1, -1, 4, -4, 3, -4, -1, -6, 1, -2, 4, 6, -4, 0, -3, 4, -2, -2, -5, -4, -2, -1, -4, 6, 2, -1, 0, 0, 1, 0, -1, -6, -1, -3, -6, 3, 1, -2, 2, -4, -6, 4, 0, 2, -4, -4, 6, -1, 3, -6, -1]
 
6.28186304603: [-3, -3, 4, 5, -4, 3, -3, 1, -5, 4, 2, 0, -4, 1, -5, 6, 4, -4, -2, -3, 5, -4, -3, -6, -3, 6, -1, -2, -3, 3, 1, 3, -3, -3, -6, 5, 3, 3, -1, -1, 5, 0, -3, -6, 1, 2, -5, -5, -3, 2, 4, -2, 1, -2, 4, 2, -2, 6, -2, 5, -6, -6, 1, -5, 5, -5, -6, -1, -2, -1, -6, -2, 5, 2, 5, 3, -6, 1, -1, 4, -4, 3, -4, -1, -6, 1, -2, 4, 6, -4, 0, -3, 4, -2, -2, -5, -4, -2, -1, -4, 6, 2, -1, 0, 0, 1, 0, -1, -6, -1, -3, -6, 3, 1, -2, 2, -4, -6, 4, 0, 2, -4, -4, 6, -1, 3, -6, -1]
 
6.09064932712: [-3, -3, 4, 5, -4, 3, -3, 1, -5, 4, 2, 4, 0, 1, -5, 6, 4, -4, -2, -3, 5, -4, -3, -6, -3, 6, -1, -2, -3, 3, 1, 3, -3, -3, -6, 5, 3, 3, -1, -1, 5, 0, -3, -6, 1, 2, -5, -5, -3, 2, 4, -2, 1, -2, 4, 2, -2, 6, -2, 5, -6, -6, 1, -5, 5, -5, -6, -1, -2, -1, -6, -2, 5, 2, 5, 3, -6, 1, -1, 4, -4, 3, -4, -1, -6, 1, -2, 4, 6, -4, 0, -3, 4, -2, -2, -5, -4, -2, -1, -4, 6, 2, -1, 0, 0, 1, 0, -1, -6, -1, -3, -6, 3, 1, -2, 2, -4, -6, 4, 0, 2, -4, -4, 6, -1, 3, -6, -1]
 
4.97964342439: [-3, -3, 4, 5, -4, 3, -3, 1, -5, 4, 2, 0, -4, 1, -5, 6, 4, -4, -2, -3, 5, -4, -3, -6, -3, 6, -1, -2, -3, 3, 1, 3, -3, -3, -6, 5, 3, 3, -1, -1, 5, 0, -3, -6, 1, 2, -5, -5, -3, 2, 4, -6, 0, -2, 4, 2, -2, 6, -2, 5, -6, -6, 1, -5, 5, -5, -6, -1, -2, -1, -6, -2, 5, 2, 5, 3, -6, 1, -1, 4, -4, 3, -4, -1, -6, 1, -2, 4, 6, -4, 0, -3, 4, -2, -2, -5, -4, -2, -1, -4, 6, 2, -1, 0, 0, 1, 0, -1, -6, -1, -3, -6, 3, 1, -2, 2, -4, -6, 4, 0, 2, -4, -4, 6, -1, 3, -6, -1]
 
5.69321033206: [-3, -3, 4, 5, -4, 3, -3, 1, -5, 4, 2, 0, -4, 1, -5, 6, 4, -4, -2, -3, 5, -4, -3, -6, -3, 6, -1, -2, -3, 3, 1, 3, -3, -3, -6, 5, 3, 3, -1, -1, 5, 0, -3, -6, 1, 2, -5, -5, -3, 2, 4, -2, 1, -2, 4, 2, -2, 6, -2, 5, -6, -6, 1, -5, 5, -5, -6, -1, -2, -1, -6, -2, 5, 2, 5, 3, -6, 1, -1, 4, -4, 3, -4, -1, -6, 1, -2, 4, 6, -4, 0, -3, 4, -2, -2, -5, -4, -2, -1, -4, 6, 2, -1, 0, 0, 1, 0, -1, -6, -1, -3, -6, 3, 1, -2, 2, -4, -6, 4, 0, 2, -4, -4, 6, -1, 3, -6, -1]
 
5.8877601559: [-3, -3, 4, 5, -4, 3, -3, 1, -5, 4, 2, 0, -4, 1, -5, 6, 4, -4, -2, -3, 5, -4, -3, -6, -3, 6, -1, -2, -3, 3, 1, 3, -3, -3, -6, 5, 3, 3, -1, -1, 5, 0, -3, -6, 1, 2, -5, -5, -3, 2, 4, -2, 1, -2, 4, 2, -2, 6, -2, 5, -6, -6, 1, -5, 5, -5, -6, -1, -2, -1, -6, -2, 5, 2, 5, 3, -6, 1, -1, 4, -4, 3, -4, -1, -6, 1, -2, 4, 6, -4, 0, -3, 4, -2, -2, -5, -4, -2, -1, -4, 6, 2, -1, 0, 0, 1, 0, -1, -6, -1, -3, -6, 3, 1, -2, 2, -4, -6, 4, 0, 2, -4, -4, 6, -1, 3, -6, -1]
 
6.09113242982: [-3, -3, 4, 5, -4, 3, -3, 1, -5, 4, 2, 0, -4, 1, -5, 6, 4, -4, -2, -3, 5, -4, -3, -6, -3, 6, -1, -2, -3, 3, 1, 3, -3, -3, -6, 5, 3, 3, -1, -1, 5, 0, -3, -6, 1, 2, -5, -5, -3, 2, 4, -2, 1, -2, 4, 2, -2, 6, -2, 5, -6, -6, 1, -5, 5, -5, -6, -1, -2, -1, -6, -2, 5, 2, 5, 3, -6, 1, -1, 4, -4, 3, -4, -1, -6, 1, -2, 4, 6, -4, 0, -3, 4, -2, -2, -5, -4, -2, -1, -4, 6, 2, -1, 0, 0, 1, 0, -1, -6, -1, -3, -6, 3, 1, -2, 2, -4, -6, 4, 0, 2, -4, -4, 6, -1, 3, -6, -1]
 
2.24509818313: [-3, -3, -1, 5, -3, 3, 5, 1, -5, -4, 2, 0, -4, 5, -5, 2, 4, -4, -2, -6, 3, -4, -3, -6, -3, 6, -1, -2, -3, 3, -6, 3, -3, 2, 3, 5, 3, 3, -3, -1, 1, 0, -4, -6, 2, 2, -5, 5, -3, 2, 4, -2, 1, 0, 4, 2, -2, 6, 6, 6, -6, -6, -2, -5, 5, -5, -6, -1, -1, 3, -6, -6, 5, 2, 5, 1, -6, 1, -1, 4, -4, 3, -4, -1, -5, 1, -2, 4, 6, -4, 0, -3, 4, -2, -2, -5, -4, -2, -1, 3, 6, 2, -1, 0, 0, 1, 2, -1, -6, -1, -3, -6, 3, 1, -2, 2, -4, -6, 4, 1, 2, -3, -5, 3, -1, 3, -6, -1]
 
4.71197860614: [-3, -3, 4, 5, -4, 3, -3, 1, -5, 4, 2, 0, -4, 1, -5, 6, 4, -4, -2, -3, 5, -4, -3, -6, -3, 6, -1, -2, -3, 3, 1, 3, -3, -3, -6, 5, 3, 3, -1, -1, 5, 0, -3, -6, 1, 2, -5, -5, -3, 2, 4, -2, 1, -2, 4, 2, -2, 6, -2, 5, -6, -6, 1, -5, 5, -5, -6, -1, -2, -1, -6, -2, 5, 2, 5, 3, -6, 1, -1, 4, -4, 3, -4, -1, -6, 1, -2, 4, 6, -4, 0, -3, 4, -2, -2, -5, -4, -2, -1, -4, 6, 2, -1, 0, 0, 1, 0, -1, -6, -1, -3, -6, 3, 1, -2, 2, -4, -6, 4, 0, 2, -4, -4, 6, -1, 3, -6, -1]
 
6.34566107835: [-3, -3, 4, 5, -4, 3, -3, 1, -5, 4, 2, 0, -4, 1, -5, 6, 4, -4, -2, -3, 5, -4, -3, -6, -3, 6, -1, -2, -3, 3, 1, 3, -3, -3, -6, 5, 3, 3, -1, -1, 5, 0, -3, -6, 1, 2, -5, -5, -3, 2, 4, -6, 0, -2, 4, 2, -2, 6, -2, 5, -6, -6, 1, -5, 5, -5, -6, -1, -2, -1, -6, -2, 5, 2, 5, 3, -6, 1, -1, 4, -4, 3, -4, -1, -6, 1, -2, 4, 6, -4, 0, -3, 4, -2, -2, -5, -4, -2, -1, -4, 6, 2, -1, 0, 0, 1, 0, -1, -6, -1, -3, -6, 3, 1, -2, 2, -4, -6, 4, 0, 2, -4, -4, 6, -1, 3, -6, -1]
 
0.488564722929: [-4, -3, 4, -4, -4, 3, -2, 1, -5, 4, 2, 0, -4, 1, -4, 6, 4, -4, -6, -3, -4, -4, -3, 5, -3, 6, 0, -2, -3, 5, 1, -6, -2, -3, -6, 5, 3, 3, -1, -1, 5, 0, -3, -6, 1, 2, -5, 3, 4, -2, 4, 6, 1, -2, 4, 2, -2, -4, -2, 5, -6, -6, 1, -1, 5, -5, -5, -4, -2, -1, -6, -2, 5, 2, 5, -3, -6, 1, -2, 4, -4, -3, 0, -3, -6, 1, -2, 4, 6, -4, 0, -3, 4, -2, -2, -5, -4, -2, 0, -4, 6, 2, 0, 0, 0, 1, 0, -5, -6, -1, -3, -6, 3, 1, -2, 1, -5, -6, 0, 0, 2, -4, -4, 6, -5, 3, -6, -1]
 
6.14487057809: [-3, -3, 4, 5, -4, 3, -3, 1, -5, 4, 2, 0, -4, 1, -5, 6, 4, -4, -2, -3, 5, -4, -3, -6, -3, 6, -1, -2, -3, 3, 1, 3, -3, -3, -6, 5, 3, 3, -1, -1, 5, 0, -3, -6, 1, 2, -5, -5, -3, 2, 4, -2, 1, -2, 4, 2, -2, 6, -2, 5, -6, -6, 1, -5, 5, -5, -6, -1, -2, -1, -6, -2, 5, 2, 5, 3, -6, 1, -1, 4, -4, 3, -4, -1, -6, 1, -2, 4, 6, -4, 0, -3, 4, -2, -2, -5, -4, -2, -1, -4, 6, 2, -1, 0, 0, 1, 0, -1, -6, -1, -3, -6, 3, 1, -2, 2, -4, -6, 4, 0, 2, -4, -4, 6, -1, 3, -6, -1]
 
5.76308858898: [-3, -3, 4, 5, -4, 3, -3, 1, -5, 4, 2, 4, 0, 1, -5, 6, 4, -4, -2, -3, 5, -4, -3, -6, -3, 6, -1, -2, -3, 3, 1, 3, -3, -3, -6, 5, 3, 3, -1, -1, 5, 0, -3, -6, 1, 2, -5, -5, -3, 2, 4, -2, 1, -2, 4, 2, -2, 6, -2, 5, -6, -6, 1, -5, 5, -5, -6, -1, -2, -1, -6, -2, 5, 2, 5, 3, -6, 1, -1, 4, -4, 3, -4, -1, -6, 1, -2, 4, 6, -4, 0, -3, 4, -2, -2, -5, -4, -2, -1, -4, 6, 2, -1, 0, 0, 1, 0, -1, -6, -1, -3, -6, 3, 1, -2, 2, -4, -6, 4, 0, 2, -4, -4, 6, -1, 3, -6, -1]
 
5.86551772626: [-3, -3, 4, 5, -4, 3, -3, 1, -5, 4, 2, 0, -4, 1, -5, 6, 4, -4, -2, -3, 5, -4, -3, -6, -3, 6, -1, -2, -3, 3, 1, 3, -3, -3, -6, 5, 3, 3, -1, -1, 5, 0, -3, -6, 1, 2, -5, -5, -3, 2, 4, -2, 1, -2, 4, 2, -2, 6, -2, 5, -6, -6, 1, -5, 5, -5, -6, -1, -2, -1, -6, -2, 5, 2, 5, 3, -6, 1, -1, 4, -4, 3, -4, -1, -6, 1, -2, 4, 6, -4, 0, -3, 4, -2, -2, -5, -4, -2, -1, -4, 6, 2, -1, 0, 0, 1, 0, -1, -6, -1, -3, -6, 3, 1, -2, 2, -4, -6, 4, 0, 2, -4, -4, 6, -1, 3, -6, -1]
 
6.04271083504: [-3, -3, 4, 5, -4, 3, -3, 1, -5, 4, 2, 4, 0, 1, -5, 6, 4, -4, -2, -3, 5, -4, -3, -6, -3, 6, -1, -2, -3, 3, 1, 3, -3, -3, -6, 5, 3, 3, -1, -1, 5, 0, -3, -6, 1, 2, -5, -5, -3, 2, 4, -2, 1, -2, 4, 2, -2, 6, -2, 5, -6, -6, 1, -5, 5, -5, -6, -1, -2, -1, -6, -2, 5, 2, 5, 3, -6, 1, -1, 4, -4, 3, -4, -1, -6, 1, -2, 4, 6, -4, 0, -3, 4, -2, -2, -5, -4, -2, -1, -4, 6, 2, -1, 0, 0, 1, 0, -1, -6, -1, -3, -6, 3, 1, -2, 2, -4, -6, 4, 0, 2, -4, -4, 6, -1, 3, -6, -1]
 
5.894262296: [-3, -3, 4, 5, -4, 3, -3, 1, -5, 4, 2, 0, -4, 1, -5, 6, 4, -4, -2, -3, 5, -4, -3, -6, -3, 6, -1, -2, -3, 3, 1, 3, -3, -3, -6, 5, 3, 3, -1, -1, 5, 0, -3, -6, 1, 2, -5, -5, -3, 2, 4, -2, 1, -2, 4, 2, -2, 6, -2, 5, -6, -6, 1, -5, 5, -5, -6, -1, -2, -1, -6, -2, 5, 2, 5, 3, -6, 1, -1, 4, -4, 3, -4, -1, -6, 1, -2, 4, 6, -4, 0, -3, 4, -2, -2, -5, -4, -2, -1, -4, 6, 2, -1, 0, 0, 1, 0, -1, -6, -1, -3, -6, 3, 1, -2, 2, -4, -6, 4, 0, 2, -4, -4, 6, -1, 3, -6, -1]
 
3.45947399421: [0, 2, 4, 5, 3, 3, -3, -1, -5, 4, 2, 0, -4, 3, -5, 6, 4, -4, -2, -3, 5, 2, -3, -6, -6, 6, -1, -2, 2, 3, 1, 3, -3, -3, -6, 5, 3, 3, -1, 3, 5, 0, -3, -6, 1, 2, -1, -5, -3, 2, 4, -2, 1, 2, 1, 2, -2, 6, -2, 5, -6, -6, 1, -5, 5, -5, -6, -1, -2, -1, 6, -2, 5, 2, 5, -6, 5, 1, -1, 5, -4, 6, -4, -1, 0, 1, -2, 4, 6, -4, 3, -3, 4, -2, -2, -5, -4, -2, -5, -4, -4, 3, 2, 0, 0, 1, 0, -1, -6, -6, -1, 1, -1, 1, -2, 2, -4, -6, 0, 0, 2, -4, -4, 6, -1, 2, -4, -1]
 
0.363907270597: [-3, -3, 4, -1, -4, 3, -3, 1, -5, 0, 2, 0, -4, 1, -5, 6, 4, -5, -2, -3, 5, -4, -3, -6, -3, 4, -2, -2, -3, 3, 1, 3, -3, -3, -6, 5, 3, 3, -1, -1, 5, 0, -3, -6, 1, 2, -5, -5, -1, 2, 4, -2, 1, -2, 3, 2, 4, 6, -2, 5, -6, -6, -4, -6, 5, -5, -6, 4, -2, -1, -6, -2, 5, -6, 5, 3, -5, 1, -3, 4, -4, 3, -4, -1, -6, 1, -2, 4, 6, -4, 0, -4, 5, -2, -2, -5, -4, -4, -1, -4, 6, 2, 3, -3, -4, 1, 3, -1, -6, -1, -3, -6, 3, 1, -2, -4, -4, -5, 4, 1, 2, -4, -4, 6, -6, 3, -6, -1]
 
6.03090122215: [-3, -3, 4, 5, -4, 3, -3, 1, -5, 4, 2, 4, 0, 1, -5, 6, 4, -4, -2, -3, 5, -4, -3, -6, -3, 6, -1, -2, -3, 3, 1, 3, -3, -3, -6, 5, 3, 3, -1, -1, 5, 0, -3, -6, 1, 2, -5, -5, -3, 2, 4, -2, 1, -2, 4, 2, -2, 6, -2, 5, -6, -6, 1, -5, 5, -5, -6, -1, -2, -1, -6, -2, 5, 2, 5, 3, -6, 1, -1, 4, -4, 3, -4, -1, -6, 1, -2, 4, 6, -4, 0, -3, 4, -2, -2, -5, -4, -2, -1, -4, 6, 2, -1, 0, 0, 1, 0, -1, -6, -1, -3, -6, 3, 1, -2, 2, -4, -6, 4, 0, 2, -4, -4, 6, -1, 3, -6, -1]
 
5.87844720484: [-3, -3, 4, 5, -4, 3, -3, 1, -5, 4, 2, 0, -4, 1, -5, 6, 4, -4, -2, -3, 5, -4, -3, -6, -3, 6, -1, -2, -3, 3, 1, 3, -3, -3, -6, 5, 3, 3, -1, -1, 5, 0, -3, -6, 1, 2, -5, -5, -3, 2, 4, -2, 1, -2, 4, 2, -2, 6, -2, 5, -6, -6, 1, -5, 5, -5, -6, -1, -2, -1, -6, -2, 5, 2, 5, 3, -6, 1, -1, 4, -4, 3, -4, -1, -6, 1, -2, 4, 6, -4, 0, -3, 4, -2, -2, -5, -4, -2, -1, -4, 6, 2, -1, 0, 0, 1, 0, -1, -6, -1, -3, -6, 3, 1, -2, 2, -4, -6, 4, 0, 2, -4, -4, 6, -1, 3, -6, -1]
 
0.932769013193: [-3, -3, 4, 5, 2, 3, -3, 1, -5, 3, 4, 0, -4, 0, -5, 6, 4, -4, -2, -3, 1, -4, -3, -6, -3, -4, -1, -2, -3, 3, 1, 3, -3, -3, 2, 5, 3, 3, -1, -6, -4, 0, -3, -6, 1, 2, -6, -5, -3, 2, -4, -2, 1, 6, 4, 2, -2, -5, 5, 5, -6, -6, -3, 0, 3, -5, -6, -1, -2, -1, -3, -2, 5, 2, 6, 3, -6, 1, -3, 4, -4, 3, -4, -1, -6, 1, -1, 4, 6, -4, 0, -3, 4, -2, -5, -5, -4, -2, -1, 6, 2, 2, -1, 0, 0, 1, 0, -1, -6, 2, -3, -2, 3, 1, -2, 2, -5, -6, 4, 0, 0, 2, -4, 6, -1, 3, 6, -1]
 
1.67175735154: [6, -4, -2, 5, -4, 3, -3, 1, -5, 4, 2, 0, -4, 1, 4, -6, 4, -4, 1, -3, -4, 3, -3, -6, -3, 6, -5, -5, -3, -2, 1, -3, -3, -3, -6, 4, 3, 3, -1, -1, 5, 5, -3, -6, 1, 2, 0, -5, -4, 2, 4, -5, 1, -2, 4, 2, -2, -5, -2, 5, -6, -6, 6, -5, 5, -5, -1, -2, -2, -1, -6, -2, 5, 2, 5, 3, -6, 1, -1, 4, -3, 3, 4, -1, -1, 1, -2, 4, 6, -4, 0, -3, -6, -2, 2, -5, -4, -2, -1, -4, 6, 2, -5, -2, 0, 1, 0, -1, -6, -1, -3, 6, 3, 0, -2, 2, -4, -6, 4, 0, -6, -4, -4, 6, -1, 3, -6, -1]
 
5.92677729707: [-3, -3, 4, 5, -4, 3, -3, 1, -5, 4, 2, 0, -4, 1, -5, 6, 4, -4, -2, -3, 5, -4, -3, -6, -3, 6, -1, -2, -3, 3, 1, 3, -3, -3, -6, 5, 3, 3, -1, -1, 5, 0, -3, -6, 1, 2, -5, -5, -3, 2, 4, -2, 1, -2, 4, 2, -2, 6, -2, 5, -6, -6, 1, -5, 5, -5, -6, -1, -2, -1, -6, -2, 5, 2, 5, 3, -6, 1, -1, 4, -4, 3, -4, -1, -6, 1, -2, 4, 6, -4, 0, -3, 4, -2, -2, -5, -4, -2, -1, -4, 6, 2, -1, 0, 0, 1, 0, -1, -6, -1, -3, -6, 3, 1, -2, 2, -4, -6, 4, 0, 2, -4, -4, 6, -1, 3, -6, -1]
 
5.95125206026: [-3, -3, 4, 5, -4, 3, -3, 1, -5, 4, 2, 0, -4, 1, -5, 6, 4, -4, -2, -3, 5, -4, -3, -6, -3, 6, -1, -2, -3, 3, 1, 3, -3, -3, -6, 5, 3, 3, -1, -1, 5, 0, -3, -6, 1, 2, -5, -5, -3, 2, 4, -2, 1, -2, 4, 2, -2, 6, -2, 5, -6, -6, 1, -5, 5, -5, -6, -1, -2, -1, -6, -2, 5, 2, 5, 3, -6, 1, -1, 4, -4, 3, -4, -1, -6, 1, -2, 4, 6, -4, 0, -3, 4, -2, -2, -5, -4, -2, -1, -4, 6, 2, -1, 0, 0, 1, 0, -1, -6, -1, -3, -6, 3, 1, -2, 2, -4, -6, 4, 0, 2, -4, -4, 6, -1, 3, -6, -1]
 
