1.3771260150899896: [-2, -2, 3, -7, -8, 3, -6, -2, 3, -4, -2, 4, -1, -5, -7, -7, 4, 3, -5, -8, -1, -1, 3, -5, -6, -4, 2, -4, 0, -3, 4, -5, -5, -1, -4, 3, -3, -8, 2, -4, 3, 4, -1, 1, 4, 1, 1, 1, 4, 3, 4, -5, -7, -5, 3, -6, 0, -3, 0, 2, -8, -8, 0, 3, -5, 2, -7, -3, -4, -5, -5, -1, 3, -4, -7, -4, -6, 4, 2, 2, -2, -1, -2, -1, 3, -3, -4, 3, 1, -2, -1, 1, -8, -3, -4, 0, -5, -2, -3, 1, 3, -1, 3, 2, 1, -2, 3, -3, 3, 4, 3, -1, 0, -7, -1, -1, 0, -8, 0, 2, -1, -6, -8, 1, -2, -3, -2, 0]
 
1.1105640123548415: [1, 3, 3, -7, 3, 3, -1, -6, 3, -7, -4, -6, -3, -1, 4, -7, -4, 3, -5, -8, -1, -1, -4, -4, 2, 4, -7, -5, -1, -1, -5, 2, 4, -5, -2, -5, -1, 1, -6, -7, -1, -3, -7, -2, 2, -2, 0, 3, -8, 2, -1, -4, -4, -7, 0, -4, -8, 0, -1, 3, -8, 1, 4, -7, -1, -8, -2, -2, -4, 1, -4, -1, 2, -1, -4, -8, 0, 0, 4, 3, -8, 2, -2, -4, -5, -3, -4, 4, 0, -4, -5, 0, -8, 4, 3, -6, -8, -2, -2, -7, -4, 1, 4, -7, -8, 2, 3, -5, -6, 4, 2, -6, -7, -5, -7, -2, -2, 3, -6, -3, 4, 2, 2, 3, 1, 3, 2, -6]
 
3.197960691534314: [4, -7, -7, -5, 3, -5, -1, -8, 3, -1, -2, -6, -3, -2, -7, -7, 4, 3, -5, -8, -1, -1, 3, -3, 4, -4, 2, -4, -6, -6, 4, -5, -1, -1, -7, 3, -5, -5, 1, -7, 3, 4, -1, 1, 3, 1, -3, 1, -4, -8, 4, -8, 3, -5, 3, 0, -5, 0, -6, -1, 2, -1, -6, -8, -8, 0, -2, 0, -6, -3, -4, -5, 2, -1, -4, -6, 3, -5, 1, 2, -6, -2, -3, -1, 1, 3, -6, 3, -6, 4, 4, -8, -8, 1, 3, 0, -5, 2, -3, 1, 0, -1, 4, -4, -8, 2, 3, 1, -5, 4, 2, 4, -7, -7, 4, -5, 4, 3, -8, -4, 2, 2, 2, -2, -6, -3, -2, -1]
 
2.040439256608553: [-6, -8, 3, 3, -7, -4, -1, -8, 3, -1, -2, -6, -3, -2, -7, -7, 4, 3, -5, -8, -5, -6, 3, -3, 4, -4, 2, -7, -6, -6, 4, -5, -1, -1, -7, 3, -5, -5, 1, -7, 0, 4, -1, 1, 3, 1, -3, 1, -4, 2, 4, -8, 3, -5, -3, -7, -5, -4, -6, 4, 0, 4, -6, 0, -8, -6, -2, 0, -6, -4, -4, -5, 2, -8, -5, -6, 3, -5, 3, 2, -6, -2, -3, -1, 1, 3, -6, 3, 3, 4, 4, -8, -8, 1, -8, 0, -5, 2, 3, 1, 0, -1, 2, -4, 3, 2, -4, 0, -5, 4, 2, 4, -7, -7, 4, -5, 3, -1, -8, -4, 2, 2, 2, -2, -1, -3, -3, -5]
 
2.035755858915162: [-6, -8, 3, 3, -7, -4, -1, -8, 3, -1, -2, -6, -3, -2, -7, -7, 4, 3, -5, -8, -5, -6, 3, -3, 4, -4, 2, -7, -6, -6, 4, -5, -1, -1, -7, 3, -5, -5, 1, -7, 0, 4, -1, 1, 3, 1, -3, 1, -4, 2, 4, -8, 3, -5, -3, -7, -5, -4, -6, 4, 0, 4, -6, 0, -8, -6, -2, 0, -6, -4, -4, -5, 2, -8, -5, -6, 3, -5, 3, 2, -6, -2, -3, -1, 1, 3, -6, 3, 3, 4, 4, -8, -8, 1, -8, 0, -5, 2, 3, 1, 0, -1, 2, -4, 3, 2, 3, 4, 3, -1, 3, -1, 0, -7, -1, -1, 0, -2, 0, 2, -1, -6, -8, -6, 4, 1, -4, 4]
 
1.1282946399583251: [4, -7, -7, -5, -2, -8, -1, -2, 3, -2, -8, 2, -3, -2, -7, -7, 4, 3, -5, -8, -1, -1, 3, -3, 4, -4, 2, -4, -6, -6, 4, -5, -1, -1, -7, 3, -5, -5, 1, -7, 3, 4, 4, -3, -5, -2, 3, -4, -2, 4, 0, -2, 3, -5, 3, 0, -5, 0, 1, -1, 2, -1, -6, -8, -8, 2, -2, 0, -6, -3, -4, -5, 2, -1, -4, -6, 2, -5, 1, 2, -6, -2, -3, -1, 1, 3, -6, 3, 3, 4, -7, -6, -8, 1, 3, 0, 4, 2, -3, 1, 0, -1, 4, -4, -8, -7, -8, 1, -5, 4, 1, 4, 2, -7, 4, -5, 4, 0, -8, -2, 2, 2, 2, -5, 3, 1, -5, 0]
 
0.9541124948311314: [1, 3, 3, -7, 3, 3, -1, 4, 3, 4, -2, -6, -3, 4, 0, 3, -7, -3, -5, -4, -1, -1, -4, -2, -8, -3, 3, 3, 1, -6, -5, 2, 4, -7, -4, 3, -3, 1, 2, 0, 4, 2, 4, -3, -5, -8, -2, -5, -3, 1, -1, -3, -1, -5, -1, -2, 0, -4, -7, -6, -4, -4, -7, -4, -7, 0, 2, -4, -3, -2, -1, -4, 2, -1, -4, -8, 0, 0, 4, 3, -8, 2, -2, -4, -5, -3, -4, 4, 0, -4, -5, 0, -8, 4, 3, -6, -8, -2, -2, -7, 0, -1, 4, -4, -8, 2, 3, 1, -5, 4, 2, 4, -7, -7, 4, -5, 4, 3, -8, -4, 2, 2, 2, -2, -6, -3, -2, -1]
 
3.3853355917619297: [1, 3, 3, -7, 3, 3, -1, -6, 3, -7, -4, -6, -3, -1, 4, -8, -2, 3, -5, -4, -1, -1, -4, -7, -8, -3, -7, -8, 1, -6, -5, 2, 4, -7, -4, 1, -1, 1, 2, -6, -1, 3, 4, -3, -5, -2, 3, -4, 2, 4, -2, -5, 1, 1, -1, -6, 3, -3, 0, 2, -8, -6, 4, -2, -5, 0, -4, -7, -8, 1, -4, -5, -7, -5, -8, -8, 2, 0, 2, 4, 4, -5, -2, -8, 2, 0, -4, 1, -7, -2, 0, -8, -2, -2, 3, -5, -5, 2, -8, 1, 0, -1, 3, -7, -5, -2, -1, 0, 2, 2, 3, -1, -3, -7, 3, -6, 4, -2, -3, -3, -1, -3, -6, -7, 4, -8, -4, 0]
 
0.918935896110777: [4, -7, -7, -5, -2, -8, -1, -2, 3, -2, -2, -2, -3, -2, 2, -3, -3, 3, -5, -2, -7, 3, -4, -4, -8, -3, -7, 3, 1, 4, 3, 2, 4, -3, -4, 3, -3, 1, 2, 0, 4, 2, 4, -3, 3, -8, -2, -5, -3, 2, -1, 3, -1, -5, -1, -2, 0, -4, -7, -3, -4, -4, -7, -4, -2, 0, 2, -4, -3, -2, -1, -4, 2, 2, -6, -5, -5, -2, -8, 4, -5, 2, 3, -8, 3, -7, 2, -5, -2, -5, -6, -5, -1, 1, 3, 0, 3, -8, 1, 4, 1, -6, -7, 4, -5, -6, -8, -8, 1, -7, 2, 3, 0, 3, 2, -8, -8, -7, 0, -5, 2, -2, 2, -3, 2, -4, -3, 1]
 
1.5308750214908626: [4, -2, 3, 0, 3, 3, -1, -6, 3, -7, -4, -6, -3, -1, 4, -7, -4, 3, -5, -8, -1, -1, -4, -4, -8, -3, -7, 3, 1, -6, -5, 2, 4, -7, -4, 3, -3, 1, 2, 0, 4, 2, 4, -3, -5, -8, -2, -5, -3, 1, -1, -2, -6, 1, -5, -4, 2, 0, -7, 2, -7, -3, -1, -3, -5, 0, -2, 0, -6, -3, -4, -5, -7, -5, -8, -8, 2, 0, 2, 4, 4, -5, -2, -8, 2, 0, -4, 1, -7, -2, 0, -8, -2, -2, 3, -5, -5, 2, -8, 1, 0, -1, 3, -7, -5, -2, -1, 0, 2, 2, 3, -1, -3, -7, 3, -6, 4, -2, -3, -3, -1, 2, 3, -5, 1, 1, 2, -5]
 
1.2817310750957103: [4, -7, -3, -5, -7, -8, -1, -2, 3, -2, -8, 2, 0, -2, -7, -7, 4, 3, -5, -8, -1, -6, -4, -6, -4, -3, 2, -2, -8, 0, -6, 4, -6, 0, -3, -1, 0, -4, -7, 4, 2, -1, -5, 1, -1, 3, -8, -5, -3, -5, 4, 2, -2, -5, -8, -6, 2, 1, -3, -6, -3, -4, -7, -4, 2, -4, 2, -4, -8, -2, -6, -2, -1, 2, -5, -3, 0, -6, 3, -7, -1, 2, -2, 2, -4, 1, -7, -1, -2, 2, -6, -5, -1, -3, -7, -5, 0, 3, -7, -8, 2, -4, 3, -3, -1, 0, -2, -8, 4, -1, -6, -4, -5, -7, 3, -1, 0, -2, -6, -5, -1, -6, -6, -6, 4, 1, -4, -5]
 
0.6715780395425339: [4, -2, 2, -1, 3, 3, -1, -6, 3, -7, -4, -6, -2, -1, 4, -3, 3, 3, -5, -6, -1, -1, -6, -4, -8, -3, -7, 0, -3, -6, -7, -3, 4, -7, -4, 4, 1, -1, -7, -4, -5, -4, -4, -2, -7, -2, 3, 3, -7, -8, -2, -5, 1, -7, -8, -5, -2, -1, -7, -1, 2, -5, 2, -8, -3, -1, -4, 3, 1, -3, -7, -4, -8, -4, -7, -8, -3, -5, 2, 3, 2, 4, -1, -4, -4, 3, -1, -5, 1, -4, 1, -1, -8, -1, 3, -3, 1, -3, -5, -6, 0, -1, -4, -6, -3, 2, -3, 1, 3, -1, 2, -1, -3, 1, 3, -1, 4, -2, -3, 2, -1, -6, 4, 1, -7, 1, -1, -3]
 
0.794572559961586: [1, 3, 3, -7, 3, 3, -1, -2, 3, -5, -2, 4, 1, -5, -6, -5, 4, 3, -5, -8, -1, -8, 3, -3, 4, -4, 2, -4, -6, -3, 4, -3, -1, 3, -4, 3, -3, -8, -3, -4, 3, 4, -1, 1, 3, -1, 0, 1, 4, -8, 4, -3, -6, 4, -1, -6, 0, -3, 0, 2, -8, -8, -1, 3, -5, 1, -7, 0, -4, -2, -5, -1, 3, -4, -7, -4, -2, 2, -6, 2, -2, -1, 0, -1, 0, -3, -4, 3, -2, -3, -1, -5, -8, -2, -4, -7, -5, -6, -3, 1, 1, -1, 4, 1, -5, -2, 3, 4, 3, -1, 3, -1, 0, -7, 1, -1, 0, -2, -6, 4, -1, -6, -8, -6, 4, -7, -4, -2]
 
1.1003714824996635: [4, -2, 3, 3, 1, 2, 3, -1, 4, -5, -5, -7, -6, -2, -3, -7, 4, -8, -5, -8, -1, -1, -4, -2, -8, -3, 3, 3, -7, -6, -5, -5, -2, -7, -4, 3, -7, -4, -6, 0, -5, -4, -3, 4, 4, -2, 3, -4, 2, 4, -2, -5, 1, 1, -1, -6, 3, -3, 0, 2, -8, -6, 4, -2, -5, 0, -4, -7, -8, 1, -4, -5, 2, -1, -4, -6, 3, -5, 1, 2, -6, -2, -3, -1, 1, 3, -6, 3, -6, 4, 4, -8, -8, 1, 3, 0, -5, 2, -3, 1, 0, -1, 4, -4, -8, 2, 3, 1, -5, 4, 2, 4, -7, -7, 4, -5, 4, 3, -8, -4, 2, 2, 2, -2, -6, -3, -2, -1]
 
1.8980041863887525: [-5, -5, -7, 3, -7, -5, -2, -6, 3, -7, -4, -6, -3, -1, 4, -7, -4, 3, -5, -8, -1, -1, -4, -4, -8, -3, -7, 3, 1, -6, -5, 2, 4, -7, -4, 3, -3, 1, 2, 0, 4, 2, 4, -3, -5, -8, -2, -5, -3, 1, -1, -3, -1, -5, -1, -2, 0, -4, -7, -6, -4, -4, -7, -4, -7, 0, 2, -4, -3, -2, -1, -4, -3, 2, -6, -5, 4, -2, 3, 4, -1, 3, 3, -8, 3, 1, 2, -5, -2, 2, -6, -5, -1, -3, 1, -1, -5, 3, -3, -8, 2, -4, 3, 2, 2, -2, -2, -8, -4, 4, -6, -4, -5, -7, 3, -1, 4, -2, -3, 2, -1, -6, -6, 1, 4, 1, -4, -3]
 
1.4373932778692189: [4, -2, 3, 3, 1, 2, 3, -1, 4, -5, -5, -7, -6, -2, -3, -7, 4, -8, -5, -8, -1, -1, 3, -3, 4, 3, 3, 3, -7, -6, -5, -5, -2, -7, -4, 3, -7, -4, -6, 0, -5, -4, -3, 4, 4, -2, -4, 3, 2, -8, -2, -5, 1, 1, 2, -6, -2, -3, 0, 2, -8, -4, 4, -2, -1, -8, -2, -2, -4, 1, -4, -5, 2, -1, -4, -8, -4, 0, 4, 2, 4, 3, -2, -7, -5, -3, -4, 0, 0, -2, 0, -8, -8, 1, 3, 0, -5, 2, -3, 1, 0, -1, 4, -8, -8, 2, 3, 1, -5, 4, 2, 4, -7, -7, 4, -2, -2, 3, -6, -3, 4, 2, 2, 3, 1, 3, 2, -6]
 
1.07223553081: [-5, -5, -2, 3, -7, -5, -1, -8, 3, -1, 1, -6, 2, -2, -7, -7, 4, 3, -5, -8, -1, -1, -1, 0, 4, -4, -6, -4, -2, -6, 4, -5, -1, -1, -7, 3, -5, -5, 1, -7, 3, 4, -1, 1, -1, 1, -1, 1, -4, -8, 4, -8, 3, -5, 3, 0, -5, 2, -6, -1, 2, -6, -6, -8, 4, -4, -2, 0, -3, -3, -4, -5, -2, -1, -4, -2, 3, -5, 1, 2, -6, -2, -1, -5, -8, 3, -6, 3, -6, 4, 1, -8, -8, 4, 3, 0, -5, 2, -3, 1, 0, -1, -4, 4, -8, 2, 3, 1, -5, 4, -6, 4, 0, -7, 4, -5, 4, 3, -8, -4, 2, 2, -4, -2, 2, -3, -2, -1]
 
1.5385273079643742: [-6, -7, -3, -5, -2, -8, 0, -2, 3, -2, -7, 2, 4, -3, -7, -7, 4, 3, -5, -8, -1, -1, -4, -2, 3, -3, 3, 3, 1, 3, 1, 2, 4, -7, -4, -1, 1, 1, 2, -1, 4, -8, 4, -3, -5, -8, -2, -5, -3, 1, -1, -3, -1, -5, -1, -2, 0, -4, 0, -6, -4, -4, 4, -4, -5, 0, 2, -4, -3, -2, -1, -4, 2, 2, 3, -8, 0, -2, 4, 3, -8, 2, -2, -4, -7, -4, -4, 3, 0, 0, 4, 4, -8, 4, 3, -7, -8, -2, -2, -7, 0, -1, 4, -4, -8, -5, 3, 1, -5, -4, 3, -3, -3, -7, 3, -1, 0, -2, -5, 2, -1, -6, -6, 1, 4, 1, -4, 0]
 
2.3444261971531093: [4, -7, 3, 2, 3, -5, -2, -6, 3, -7, -4, -6, -3, -1, 4, -7, -4, 3, -5, -8, -1, -1, -4, -4, -8, -3, -7, 3, 1, -6, -5, 2, 4, -7, -4, 3, -3, -1, -7, 0, -5, -4, -2, 4, 3, -2, 3, 3, 2, -8, -2, -5, 1, 1, 2, -6, -2, -3, 0, 2, -8, -4, 4, -2, -1, -8, -2, -2, -4, 1, -4, -5, 2, -1, -4, -8, -4, 0, 4, 2, 4, 3, -2, -7, -5, -3, -4, 0, 0, -2, 0, -8, -8, 1, 3, 0, 3, -8, 1, -7, 1, -6, -7, 4, -5, -6, 0, -8, 1, -7, 2, 3, 0, 3, -7, -2, -8, -7, 0, -5, 2, -8, 2, -3, 2, -4, -3, 1]
 
1.50320536025: [1, 3, 1, -7, -4, 3, -1, -6, 3, -7, -4, -6, -3, -1, -2, -7, -4, 3, -5, -8, -4, -1, -4, -4, -8, -3, -7, 3, 1, -6, -5, 2, -4, -8, -4, -1, -3, 4, 2, 0, -6, 2, 3, -3, -7, -8, 0, -5, -3, 1, -1, -8, 1, -5, -1, -2, -1, -4, -3, -6, -4, 4, -1, -4, -7, 0, 2, -4, -3, -2, -1, -4, -3, 2, -6, -7, 4, -6, 3, 4, -1, 3, 3, -8, 3, 1, 2, -5, 1, 2, -6, 2, -1, -1, 1, -1, -5, 3, -3, -8, 2, -4, -1, 2, 2, -2, -2, 1, -4, 4, -6, -4, -5, -2, 0, -3, 4, -2, 2, 2, -1, -6, -6, -8, 0, 1, -4, -3]
 
1.0758275645474842: [1, 3, 1, -6, -1, 3, -1, -6, 3, -7, -4, -6, -3, -1, 4, -1, -4, 4, -5, -8, -1, -1, -4, -4, 1, -3, -8, 3, 1, -6, 0, 2, -1, -7, -4, 3, -3, -2, -4, 0, -5, -4, -2, 4, 3, -2, 3, -4, 2, 4, -2, -5, -4, 1, 4, -6, 3, -3, 0, 2, -8, -6, 4, -2, -5, 0, -4, 0, -2, -3, 2, -5, 2, -3, -7, -6, 3, -5, 1, 2, -6, -2, 3, -1, -7, 3, -6, 3, -6, 4, 4, -8, -4, 1, 4, -1, -5, 2, -4, 1, 0, -2, 4, -4, -8, 3, 3, 1, -5, 4, 2, 4, -8, -7, 4, 4, 4, 3, 4, -4, 2, 2, 2, 0, -6, -3, -2, -6]
 
1.8419970433695805: [1, 3, 3, -7, 3, 4, -1, -6, 3, -7, -4, -6, -3, -1, 4, -8, -2, 3, 2, 2, 1, -1, -4, -5, -8, -3, -7, 1, 1, 4, 4, 2, 4, -7, -4, 1, -3, 1, -5, -6, -1, 1, -1, 1, 3, 1, -3, 1, -4, -8, 4, -8, 3, -5, 3, 0, -5, 0, -6, -1, 2, -1, -6, -8, -8, 0, -2, 0, -6, -3, -4, -5, 2, -1, -4, -6, 3, -5, 1, 2, -6, -2, -3, -1, 1, 3, -6, 3, -6, 4, 4, -8, -8, 1, 3, 0, -5, 2, -3, 1, 0, -1, 4, -4, -8, 2, 3, 1, -5, 4, 2, 4, -7, -7, 4, -5, 4, 3, -8, -4, 2, 2, 2, -2, -6, -3, -2, -1]
 
1.6432223953047442: [1, 4, 3, -7, 3, 4, 4, -6, 3, -7, -5, -6, -3, -1, -8, -8, -2, 3, 2, 2, 1, -1, 4, -5, 1, -3, -7, 1, 1, 4, 4, 3, 4, -7, -4, -3, 2, 1, -5, -6, -5, 0, -2, -3, -5, -2, 3, -4, -2, 4, 0, -2, 3, -5, 3, 0, -5, 3, 2, -1, 2, -1, -6, -8, -3, 2, -2, -8, -2, -3, -4, -5, 2, -1, -4, -6, 2, -5, 1, 2, -6, 2, 3, -1, 1, 3, -6, 3, 3, 4, -7, -6, -8, -7, 3, -1, 4, -1, -3, 1, 0, -3, 4, -4, -8, -7, -8, 1, -5, 4, -5, 1, 2, -7, 4, -5, 4, 0, -8, -1, 2, -8, 2, -5, -3, 1, -5, 0]
 
0.8390767781135207: [4, -7, -7, -5, -2, -8, -1, -2, 3, -2, -8, 2, -3, -2, -7, -7, 4, 3, -5, -8, -1, -1, -4, -2, -8, -3, 3, 3, 1, -6, -5, 2, 4, -7, -4, 3, -3, 1, 2, 0, 4, 2, 4, -3, -5, -8, -2, -5, -3, 1, -1, -3, -1, -5, -1, -2, 0, -4, -7, -6, -4, -4, -7, -4, -7, 0, 2, -4, -3, -2, -1, -4, 2, -1, -4, -8, 0, 0, 4, 3, -8, 2, -2, -4, -5, -3, -4, 4, 0, -4, -5, 0, -8, 4, 3, -6, -8, -2, -2, -7, 0, -1, 4, -4, -8, 2, 3, 1, -5, 4, 2, 4, -7, -7, 4, -5, 4, 3, -8, -4, 2, 2, 2, -2, -6, -3, -2, -1]
 
1.9300530852935542: [4, -2, 3, 3, 1, 2, 3, -1, 4, -5, -5, -7, -6, -2, -3, -7, 4, -8, -5, -8, -1, -1, 3, -3, 4, 3, 2, -2, -8, 0, -6, 4, -6, 0, -3, -1, 2, -4, -7, -4, 2, -1, -5, 1, -1, -1, -8, -5, -3, -5, -5, 2, -2, -5, -8, -2, 0, -3, -3, -6, -3, -4, -7, -4, 2, -4, 2, -4, -5, -2, -6, -2, -1, 2, -5, 1, 1, -2, 3, -7, -1, 2, 3, 2, -4, 1, -7, -1, -2, 2, -6, -5, -1, -3, 1, -5, 0, 2, -8, -8, 2, -5, 3, -7, 3, -2, 3, -8, -4, 4, -5, 3, -6, 3, -7, -5, -2, -3, -4, -2, 3, -1, -4, -5, 1, -7, 0, 0]
 
1.7040121120663687: [1, 3, 3, -7, 3, 3, -1, -2, 3, -1, -2, 4, -1, -5, -7, -7, 4, 3, -5, -8, -1, -1, 3, -3, 4, -4, 2, -4, -6, -3, 4, -5, -1, 3, -4, 3, -3, -8, -7, -4, 3, 4, -1, 1, 3, 1, 1, 1, 4, -8, 4, -5, 3, -5, 3, -6, 0, -3, 0, 2, -8, -8, -1, 3, -5, 2, -7, -3, -4, -8, -5, -1, 2, -1, -4, -8, 0, 0, 4, 3, -8, 2, -2, -4, -5, -3, -4, 4, 0, -4, -5, 0, -8, 4, 3, -6, -8, -2, -2, -7, 0, -1, 4, -4, -8, 2, 3, 1, -5, 4, 2, 4, -7, -7, 4, -5, 4, 3, -8, -4, 2, 2, 2, -2, -6, -3, -2, -1]
 
1.21424545437: [-5, 1, -7, 3, -7, -3, -2, 0, 3, -1, -2, 4, 4, -5, -7, -7, 4, 3, -5, -8, -1, -1, -7, -3, 4, -4, 2, -2, 0, -3, 4, 0, -1, 3, -4, 3, -8, -8, -7, -4, 1, 4, -1, 1, -4, 1, 1, -8, 4, -5, 4, -5, 3, -5, 3, 0, 3, -3, 0, 2, -8, -2, -4, -6, -5, 2, -7, -3, 4, -8, -5, -8, 3, -4, 3, -4, -6, -7, -6, 2, -2, -6, -2, -1, 3, 1, 0, 3, 1, -2, -3, -5, -8, -1, -4, 0, -5, -6, -3, 1, -1, -1, 4, 1, -5, -2, 3, 4, 3, -3, 3, -1, -8, -3, -1, -8, 0, -2, 0, -3, -1, -6, -8, -6, -2, 1, -4, 4]
 
1.4238536682732408: [1, 3, 3, -7, 3, 3, -1, -6, 3, -7, -4, -6, -3, -1, 4, -7, -4, 3, -5, -8, -1, -1, -4, -4, -8, -3, -7, 3, 1, -6, -5, 2, 4, -7, -4, 3, -3, 1, 2, 0, 4, 2, 4, -3, -5, -8, -2, -5, -3, 1, -1, -3, -1, -5, -1, -2, 0, -4, -7, -6, -4, -4, -7, -4, -7, 0, 2, -4, -3, -2, -1, -4, -3, 2, -6, -5, 4, -2, 3, 4, -1, 3, 3, -8, 3, 1, 2, -5, -2, 2, -6, -5, -1, 1, 3, 0, 3, -8, 1, -7, 1, -6, -7, 4, -5, -6, 0, -8, 1, -7, 2, 3, 0, 3, -7, -2, -8, -7, 0, -5, 2, -8, 2, -3, 2, -4, -3, 1]
 
1.15296447913859: [4, -7, -7, -5, -2, -8, -1, -2, 3, -2, -8, 2, -3, -2, -7, -7, 4, 3, -5, -8, -1, -1, -4, -2, -8, -3, 2, -2, -8, 0, -6, 4, -6, 0, -3, -1, 2, -4, -7, -4, 2, -1, -5, 1, -1, -1, -8, -5, -3, -5, -5, 2, -2, -5, -8, -2, 0, -3, -3, -6, -3, -4, -7, -4, 2, -4, 2, -4, -5, -2, -6, -2, -1, 2, -5, 1, 1, -2, 3, -7, -1, 2, 3, 2, -4, 1, -7, -1, -2, 2, -6, -5, -1, -3, 1, -5, 0, 3, -3, -8, 2, -4, 3, 2, 2, -2, -2, -8, -4, 4, -6, -4, -5, -7, 3, -1, 4, -2, -3, 2, -1, -6, -6, 1, 4, 1, -4, -3]
 
1.03528694514: [-5, -5, -7, 3, -7, -5, -2, -6, -3, 4, -4, -6, -3, -1, 1, -7, -5, 3, -5, -8, -1, -1, 3, 1, -8, -3, -7, 3, 1, -6, -4, -4, -8, -7, -3, -5, -3, 1, 2, -2, 1, 2, 4, -3, -5, -5, -3, -5, 0, 1, -1, -3, -5, -5, -6, -2, 0, -4, -7, -7, -4, -4, -7, -4, -8, 0, 2, -6, -3, -2, -1, -4, -3, 2, -6, -5, -6, -2, 3, 4, -1, 3, -6, -8, -8, 1, 2, -5, -2, 2, -5, -5, -1, -3, 1, -1, -5, 3, -3, -8, 2, -4, 2, 2, 2, 0, -2, -8, -4, 4, 3, -4, -5, -7, 3, -1, 4, -2, -3, 2, -1, 3, 3, 1, 0, 1, -4, -3]
 
0.9873362433906371: [4, -7, -7, -5, -2, -8, -1, -2, 3, -2, -8, 2, -3, -2, -7, -7, 4, 3, -5, -8, -1, -1, -4, -2, -8, -3, 2, -2, -8, 0, -6, 4, -6, 0, -3, -1, 2, -4, -7, -4, 2, -1, -5, 1, -1, -1, -8, -5, -3, -5, -5, 2, -2, -5, -8, -2, 0, -3, -3, -6, -3, -4, -7, -4, 2, -4, 2, -4, -5, -2, -6, -2, -1, 2, -5, 1, 1, -2, 3, -7, -1, 2, 3, 2, -4, 1, -7, -1, -2, 2, -6, -5, -1, -3, 1, -5, 0, 3, -3, -8, 2, -4, 3, 2, 2, -2, -2, -8, -4, 4, -6, -4, -5, -7, 3, -1, 4, -2, -3, 2, -1, -6, -6, 1, 4, -3, -2, -1]
 
1.3291488180223099: [1, 3, 3, -7, 3, 3, -1, 4, 3, 4, -2, -6, -3, 4, 0, 3, -7, -3, -5, -4, -1, -1, -4, -7, -8, -3, -7, -8, 1, -6, -5, 2, 4, -7, -4, 1, -1, 1, 2, -6, -1, 3, 4, -3, -5, -2, 3, -4, 2, 4, -2, -5, 1, 1, -1, -6, 3, -3, 0, 2, -8, -6, 4, -2, -5, 0, -4, -7, -8, 1, -4, -5, -7, -5, -8, -8, 2, 0, 2, 4, 4, -5, -2, -8, 2, 0, -4, 1, -7, -2, 0, -8, -2, -2, 3, -5, -5, 2, -8, 1, 0, -1, 3, -7, -5, -2, -1, 0, 2, 2, 3, -1, -3, -7, 3, -6, 4, -2, -3, -3, -1, -3, -6, -7, 4, -8, -4, 0]
 
1.70852510485: [-6, -8, 3, 3, -7, -4, -1, -8, 3, -1, -2, -6, -3, -2, -7, -7, 4, 3, -5, -8, -5, -6, 3, -3, 4, -4, 2, -7, -6, -6, 4, -5, -1, -1, -7, 3, -5, -5, 1, -7, 0, 4, -1, 1, 3, 1, -3, 1, -4, 2, 4, -8, 3, -5, -3, -7, -5, -4, -6, 4, 0, 4, -6, 0, -8, -6, -2, 0, -6, -4, -4, -5, 2, -8, -5, -6, 3, -5, 3, 2, -6, -2, -3, -1, 1, 3, -6, 3, 3, 4, 4, -8, -8, 1, -8, 0, -5, 2, 3, 1, 2, -4, 3, 2, 2, -2, -2, -8, -4, 4, -6, -4, -5, -7, 3, -1, 4, -2, -3, 2, -1, -6, -6, 1, 4, 1, -4, -3]
 
0.725381892628: [2, 3, 3, 3, 3, 3, -1, -6, 3, -7, -4, -5, 2, -1, -5, -7, -4, -8, -5, -8, 4, -1, 1, -4, -8, -3, -7, -4, 1, 1, 1, 2, 4, -7, -4, -1, -3, -4, -4, 2, 4, 2, -4, -3, -1, -8, -6, 3, -7, 1, -1, -3, 2, -7, -1, -2, 0, -2, -7, -6, -4, -4, -7, -4, -7, 0, 4, -4, 2, -2, -1, -4, -3, 1, -2, -5, 3, -4, 3, -4, -1, 3, 3, -8, 3, 4, -4, -5, -1, 2, 3, 0, -1, -3, 2, -1, -5, 3, -3, -8, -7, -1, 2, -5, 3, 2, 3, -7, 3, -8, -2, 1, -7, -7, -1, -1, 0, -2, -8, 2, -4, -6, -8, -6, -3, 1, -4, -8]
 
-1000: [0, -3, -7, 3, -7, 2, 4, -7, -2, 0, -2, -6, -3, 1, 4, -7, -8, 3, -5, 1, -5, -6, 3, -3, 4, -4, 2, 2, 1, -6, 4, -2, -1, 1, -7, 3, 3, 4, 1, -7, -7, 4, -1, 1, 2, 1, -4, 1, -4, -8, 4, -8, -4, -5, -3, -7, -5, -6, -6, 4, -4, 4, -6, 0, -4, 2, -2, 0, -3, -4, -6, -5, 2, -8, -5, -5, -7, -5, 3, 2, -6, -2, -3, -1, 1, -5, -6, 3, 4, 4, 4, -8, -3, -1, 3, -6, -2, -2, 1, -2, 4, 3, 3, 1, -8, -8, -8, -1, -4, -8, -4, -6, -7, -5, -7, -2, 3, -4, -2, -1, -6, 2, 2, 3, -5, 3, 1, -8]
 
0.828351803903: [1, 3, 3, -7, 3, 3, -1, -6, 3, -7, -4, -6, -3, -1, 4, -7, -4, 3, -5, -8, -1, -1, -4, -4, 2, 4, -7, -5, -1, -1, -5, 2, 4, -5, -2, -5, -1, 1, -6, -7, -1, -3, -7, -2, 2, -2, 0, 3, -8, 2, -1, -4, -4, -7, 0, -4, -8, 0, -1, 3, -8, 1, 4, -7, -1, -8, -2, -2, -4, 1, -4, -1, 2, -1, -4, -8, 0, 0, 4, 3, -8, 2, -2, -4, -5, -3, -4, 4, 0, -4, -5, 0, -8, 4, -8, 0, -5, 2, 3, 1, 2, -4, 3, 2, 2, -2, -2, -8, -4, 4, -6, -4, -5, -7, 3, -1, 4, -2, -3, 2, -1, -6, -6, 1, 4, 1, -4, -3]
 
0.42550823914: [4, -7, -3, -5, -7, -8, -1, -2, 3, -2, -8, 2, 0, -2, -7, -7, 4, 3, -5, -8, -1, -6, -4, -6, -4, -3, 2, -2, -8, 0, -6, 4, -6, 0, -3, -1, 0, -4, -7, 4, 2, -1, -5, 1, -1, 3, -8, -5, -3, -5, 4, 2, -2, -5, -8, -6, 2, 1, -3, -6, -3, -4, -7, -4, 2, -4, 2, -4, -8, -2, -6, -2, -1, 2, -5, -3, 0, -6, 3, -7, -1, 2, -2, 2, -4, 3, -6, 3, 3, 4, 4, -8, -8, 1, -8, 0, -5, 2, 3, 1, 0, -1, 2, -4, 3, 2, -4, 0, -5, 4, 2, 4, -7, -7, 4, -5, 3, -1, -8, -4, 2, 2, 2, -2, -1, -3, -3, -5]
 
3.07506055821: [-6, -8, 3, 3, -7, -4, -1, -8, 3, -1, -2, -6, -3, -2, -7, -7, 4, 3, -5, -8, -5, -6, 3, -3, 4, -4, 2, -7, -6, -6, 4, -5, -1, -1, -7, 3, -5, -5, 1, -7, 0, 4, -1, 1, 3, 1, -3, 1, -4, 2, 4, -8, 3, -5, -3, -7, -5, -4, -6, 4, 0, 4, -6, 0, -8, -6, -2, 0, -6, -4, -4, -5, 2, -8, -5, -6, 3, -5, 3, 2, -6, -2, -3, -1, 1, 1, -7, -1, -2, 2, -6, -5, -1, -3, -7, -5, 0, 3, -7, -8, 2, -4, 3, -3, -1, 0, -2, -8, 4, -1, -6, -4, -5, -7, 3, -1, 0, -2, -6, -5, -1, -6, -6, -6, 4, 1, -4, -5]
 
2.82040478959: [-8, -2, 3, 3, -2, -3, -1, -8, 3, -7, -4, -6, -3, -5, 4, -1, -4, 3, -5, -8, -1, -3, -4, 1, -8, -3, -7, 3, 1, -6, -5, 2, 4, -7, 0, 3, -8, -1, -7, 0, -6, -4, -5, -2, 3, -3, 3, 3, 2, -8, -2, -5, 1, 1, 2, -6, -2, -5, -7, 0, -8, 0, 4, -3, -1, -8, -5, -2, -4, 1, -4, -5, 2, -1, -4, -8, -4, -3, 4, 2, 4, -2, -2, -7, 1, -7, -4, 0, 0, -2, 2, -8, -8, 1, -2, 0, 3, -8, 1, -7, 1, -6, -7, 4, -4, -6, 0, -8, 1, -7, 2, 0, 0, -3, -2, -3, -8, -7, 0, -5, -1, -8, 2, -3, 2, -4, -3, 1]
 
2.92463452603: [4, -7, 3, 2, 3, -5, -2, -6, 3, -1, -2, -6, -3, -2, -7, -7, 4, 3, -5, -8, -1, -1, 3, -3, 4, -4, 2, -4, -6, -6, 4, -5, -1, -1, -7, 3, -5, -5, 1, -7, 3, 4, -1, 1, 3, 1, -3, 1, -4, -8, 4, -8, 3, -5, 3, 0, -5, 0, -6, -1, 2, -1, -6, -8, -8, 0, -2, 0, -6, -3, -4, -5, 2, -1, -4, -6, 3, -5, 1, 2, -6, -2, -3, -1, 1, 3, -6, 3, -6, 4, 4, -8, -8, 1, 3, 0, -5, 2, -3, 1, 0, -1, 4, -4, -8, 2, 3, 1, -5, 4, 2, 4, -7, -7, 4, -5, 4, 3, -8, -4, 2, 2, 2, -2, -6, -3, -2, -1]
 
-1000: [-3, 3, 3, -7, 3, 3, -1, -6, 3, -8, -4, -6, -3, -1, 4, 2, -6, 3, -5, -4, -1, -1, 3, -4, -8, -3, -7, 4, 1, -6, 1, 0, 4, -7, -4, 1, 4, 1, 2, -6, -1, -6, 4, -3, -2, -2, -7, -4, 1, 4, -2, -5, 1, 1, -1, -3, -4, -8, 0, 2, -8, -6, 4, -2, -5, 0, -4, -7, -8, 1, -6, -5, -7, -5, -8, -8, 2, 0, -8, 4, 4, -5, -2, -8, 2, 0, -4, -3, -7, -2, 0, -8, -2, 3, -1, -5, -5, 2, -8, 1, 0, -1, 2, -2, 4, -2, -1, -5, 2, 2, 3, -1, 4, -7, 3, -5, -6, -2, -6, -3, -1, -3, -6, 1, 4, 1, -3, -3]
 
0.768802646724: [4, -7, -7, -5, -2, -8, -1, -2, 3, -2, -8, 2, -3, -2, -7, -7, 4, 3, -5, -8, -1, -1, -4, -2, -8, -3, 2, -2, -8, 0, -6, 4, -6, 0, -3, -1, 2, -4, -7, -4, 2, -1, -5, 1, -1, -1, -8, -5, -3, -5, -5, 2, -2, -5, -8, -2, 0, -3, -3, -6, -3, -4, -7, -4, 2, -4, 2, -4, -5, -2, -6, -2, -1, 2, -5, 1, 1, -2, 3, -7, -1, 2, 3, 2, -4, 1, -7, -1, -2, 2, -6, -5, -1, -3, 1, -5, 0, 3, -3, -8, 2, -4, 3, 2, 2, -2, -2, -8, -4, 4, -6, -4, -5, -7, 3, -1, 4, -2, -3, 2, -1, -6, -6, -7, 4, -8, -4, 0]
 
1.81738758874: [1, 3, 3, -7, 3, 3, -1, 4, 3, 4, -2, -6, -3, 4, 0, 3, -7, -3, -5, -4, -1, -1, -4, -2, -8, -3, 3, 3, 1, -6, -5, 2, 4, -7, -4, 3, -3, 1, 2, 0, 4, 2, 4, -3, -5, -8, -2, -5, -3, 1, -1, -3, -1, -5, -1, -2, 0, -4, -7, -6, -4, -4, -7, -4, -7, 0, 2, -4, -3, -2, -1, -4, 2, -1, -4, -8, 0, 0, 4, 3, -8, 2, -2, -4, -5, -3, -4, 4, 0, -4, -5, 0, -8, 4, 3, -6, -8, -2, -2, -7, 0, -1, 4, -4, -8, 2, 3, 1, -5, 4, 2, 4, -7, -7, 4, -5, 4, 3, -8, -4, 2, 2, 2, -2, -6, -3, -2, -1]
 
1.30795637367: [1, 3, 3, -7, 3, 3, -1, 4, 3, 4, -2, -6, -3, 4, 0, 3, -7, -3, -5, -4, -1, -1, -4, -2, -8, -3, 3, 3, 1, -6, -5, 2, 4, -7, -4, 3, -3, 1, 2, 0, 4, 2, 4, -3, -5, -8, -2, -5, -3, 1, -1, -3, -1, -5, -1, -2, 0, -4, -7, -6, -4, -4, -7, -4, -7, 0, 2, -4, -3, -2, -1, -4, 2, -1, -4, -8, 0, 0, 4, 3, -8, 2, -2, -4, -5, -3, -4, 4, 0, -4, -5, 0, -8, 4, 3, -6, -8, -2, -2, -7, 0, -1, 4, -4, -8, 2, 3, 1, -5, 4, 2, 4, -7, -7, 4, -5, 4, 3, -8, -4, 2, 2, 2, -2, -6, -3, -2, -1]
 
0.702425041895: [4, -2, 2, -1, 3, 3, -1, -6, 3, -7, -4, -6, -2, -1, 4, -3, 3, 3, -5, -6, -1, -1, -6, -4, -8, -3, -7, 0, -3, -6, -7, -3, 4, -7, -4, 4, 1, -1, -7, -4, -5, -4, -4, -2, -7, -2, 3, 3, -7, -8, -2, -5, 1, -7, -8, -5, -2, -1, -7, -1, 2, -5, 2, -8, -3, -1, -4, 3, 1, -3, -7, -4, -8, -4, -7, -8, -3, -5, 2, 3, 2, 4, -1, -4, -4, 3, -1, 4, 0, -4, -5, 0, -8, 4, 3, -6, -8, -2, -2, -7, 0, -1, 4, -4, -8, 2, 3, 1, -5, 4, 2, 4, -7, -7, 4, -5, 4, 3, -8, -4, 2, 2, 2, -2, -6, -3, -2, -1]
 
1.08460536893: [4, -7, 3, -5, -2, -8, -5, -2, 3, -5, -8, 0, -3, -2, -7, -7, 4, -5, -4, -8, -1, -1, -1, -2, -8, -3, 1, 3, -8, -6, -5, 2, 4, -6, -4, 3, -2, 2, 2, 0, 4, 2, 4, -3, -5, -8, 1, -5, -3, -7, -1, -3, -8, -5, -1, -2, -5, -4, -3, -6, -4, -4, -6, -4, -7, 0, 2, -4, -3, 0, -1, -6, 2, -1, -4, -8, -7, 0, 4, 3, -8, 1, -2, -4, -5, -3, -3, -5, 1, -5, 1, 0, -8, -1, 3, -3, 1, -3, -6, -6, -8, -1, -4, -6, -3, 2, -3, 1, 3, -1, 2, -1, -3, -3, -5, -1, 4, -2, -3, 0, -1, 0, -4, 1, -7, 1, -3, -3]
 
1.66726403482: [1, 3, 3, -7, 3, 3, -1, -6, 3, -7, -4, -6, -3, -1, 4, -8, -2, 3, -5, -4, -1, -1, -4, -7, -8, -3, -7, -8, 1, -6, -5, 2, 4, -7, -4, 1, -1, 1, 2, -6, -1, 3, 4, -3, -5, -2, 3, -4, 2, 4, -2, -5, 1, 1, 3, -6, 0, -3, 0, 2, -8, -8, 0, 3, -5, 2, -7, -3, -4, -5, -5, -1, 3, -4, -7, -4, -6, 4, 2, 2, -2, -1, -2, -1, 3, -3, -4, 3, 1, -2, -1, 1, -8, -3, -4, 0, -5, -2, -3, 1, 3, -1, 3, 2, 1, -2, 3, -3, 3, 4, 3, -1, 0, -7, -1, -1, 0, -8, 0, 2, -1, -6, -8, 1, -2, -3, -2, 0]
 
0.694819997877: [-2, -2, 3, -7, -8, 3, -6, -2, 3, -4, -2, 4, -1, -5, -7, -7, 4, 3, -5, -8, -1, -1, 3, -5, -6, -4, 2, -4, 0, -3, 4, -5, -5, -1, -4, 3, -3, -8, 2, -4, 3, 4, -1, 1, 4, 1, 1, 1, 4, 3, 4, -5, -7, -5, -1, -6, 3, -3, 0, 2, -8, -6, 4, -2, -5, 0, -4, -7, -8, 1, -4, -5, -7, -5, -8, -8, 2, 0, 2, 4, 4, -5, -2, -8, 2, 0, -4, 1, -7, -2, 0, -8, -2, -2, 3, -5, -5, 2, -8, 1, 0, -1, 3, -7, -5, -2, -1, 0, 2, 2, 3, -1, -3, -7, 3, -6, 4, -2, -3, -3, -1, -3, -6, 1, 4, 1, -4, -3]
 
2.30164878957: [4, -7, -7, -5, 3, -5, -1, -8, 3, -1, -2, -6, -3, -2, -7, -7, 4, 3, -5, -8, -1, -1, 3, -3, 4, -4, 2, -4, -6, -6, 4, -5, -1, -1, -7, 3, -5, -5, 1, -7, 3, 4, -1, 1, 3, 1, -3, 1, -4, -8, 4, -8, 3, -5, 3, 0, -5, 0, -6, -1, 2, -1, -6, -8, -8, 0, -2, 0, -6, -3, -4, -5, 2, -1, -4, -6, -4, 0, 4, 2, 4, 3, -2, -7, -5, -3, -4, 0, 0, -2, 0, -8, -8, 1, 3, 0, 3, -8, 1, -7, 1, -6, -7, 4, -5, -6, 0, -8, 1, -7, 2, 3, 0, 3, -7, -2, -8, -7, 0, -5, 2, -8, 2, -3, 2, -4, -3, 1]
 
1.69707106318: [-5, -5, 3, 3, -7, -5, -1, -8, 3, -7, -4, -6, -3, -1, 4, -7, -4, 3, -5, -8, -1, -1, -4, -4, -8, -3, -7, 3, 1, -6, -5, 2, 4, -7, -4, 3, -3, -1, -7, 0, -5, -4, -2, 4, 3, -2, 3, 3, 2, -8, -2, -5, 1, 1, 2, -6, -2, -3, 0, 2, -8, -4, 4, -2, -1, -8, -2, -2, -4, 1, -4, -5, 2, -1, -4, -8, 3, -5, 1, 2, -6, -2, -3, -1, 1, 3, -6, 3, -6, 4, 4, -8, -8, 1, 3, 0, -5, 2, -3, 1, 0, -1, 4, -4, -8, 2, 3, 1, -5, 4, 2, 4, -7, -7, 4, -5, 4, 3, -8, -4, 2, 2, 2, -2, -6, -3, -2, -1]
 
1.99099958903: [-8, 3, 3, -7, 3, 3, -1, -6, 3, -7, -4, -6, -3, 1, 4, -1, -2, 3, -5, -4, -1, -1, -4, -2, -8, -3, -7, -7, 1, -6, -7, 2, 4, -7, -4, -5, -1, 1, 2, -6, -1, 3, 4, -6, 0, -2, -3, -4, 2, -3, -2, -5, 0, 1, -2, -6, 0, 4, 4, 2, -8, -8, 0, -5, -5, 2, -7, -3, -4, -2, -5, -2, 3, -4, -7, -4, -6, 0, -2, 2, -2, -1, -2, 0, 3, -6, -4, 1, 1, 1, -1, 1, 2, -3, -4, 0, -5, 0, -3, 1, -6, -1, -4, 2, 1, -2, 3, -3, 3, 4, 3, 3, 0, -7, -3, -1, 0, 3, 0, 2, -1, -6, -8, 1, -2, -3, -2, 0]
 
1.20840198739: [1, -7, -7, -5, -2, -8, -1, -2, 3, -2, -8, 2, -3, -2, -7, -7, 4, 3, -5, -8, -1, -1, 3, -3, 4, -4, 2, -4, -6, -6, 4, -5, -1, -1, -7, 3, -5, -5, 1, -7, 3, 4, 4, -3, -5, -2, 3, -4, -2, 4, 0, -2, 3, -5, 3, 0, -5, 0, 1, -1, 2, -1, -6, -8, -8, 2, -2, 0, -6, -3, -4, -5, 2, -1, -4, -6, 2, -5, 1, 2, -6, -2, -3, -1, 1, 3, -6, 3, 3, 4, -7, -6, -8, 1, 3, 0, 4, 2, -3, 1, 0, -1, 4, -4, -8, -7, -8, 1, -5, 4, 1, 4, 2, -7, 4, -5, 4, 0, -8, -2, 2, 2, 2, -5, 3, 1, -5, 0]
 
0.968556993923: [1, 3, 3, -7, 3, 3, -1, 4, 3, 4, -2, -6, -3, 4, 0, -7, 4, 3, -5, -8, -1, -1, -4, -2, -8, -3, 3, 3, 1, -6, -5, 2, 4, -7, -4, 3, -3, 1, 2, 0, 4, 2, 4, -3, -5, -8, -2, -5, -3, 1, -1, -3, -1, -5, -1, -2, 0, -4, -7, -6, -4, -4, -7, -4, -7, 0, 2, -4, -3, -2, -1, -4, 2, -1, -4, -8, 0, 0, 4, 3, -8, 2, -2, -4, -5, -3, -4, -5, 1, -4, 1, -1, -8, -1, 3, -3, 1, -3, -5, -6, 0, -1, -4, -6, -3, 2, -3, 1, 3, -1, 2, -1, -3, 1, 3, -1, 4, -2, -3, 2, -1, -6, 4, 1, -7, 1, -1, -3]
 
1.28851354052: [4, -7, -7, -5, -2, -8, -1, -2, 3, -2, -8, 2, -3, -2, -7, 3, -7, -3, -5, -4, -1, -1, -4, -7, -8, -3, -7, -8, 1, -6, -5, 2, 4, -7, -4, 1, -1, 1, 2, -6, -1, 3, 4, -3, -5, -2, 3, -4, 2, 4, -2, -5, 1, 1, -1, -6, 3, -3, 0, 2, -8, -6, 4, -2, -5, 0, -4, -7, -8, 1, -4, -5, -7, -5, -8, -8, 2, 0, 2, 4, 4, -5, -2, -8, 2, 0, -4, 1, -7, -2, 0, -8, -2, -2, 3, -5, -5, 2, -8, 1, 0, -1, 3, -7, -5, -2, -1, 0, 2, 2, 3, -1, -3, -7, 3, -6, 4, -2, -3, -3, -1, -3, -6, -7, 4, -8, -4, 0]
 
0.858214971146: [1, 3, 1, -6, -1, 3, -1, -6, 3, -7, -4, -6, -3, -1, 4, -1, -4, 4, -5, -8, -1, -1, -4, -4, 1, -3, -8, 3, 1, -6, 0, 2, -1, -7, -4, 3, -3, -2, -4, 0, -5, -4, -2, 4, 3, -2, 3, -4, 2, 4, -2, -5, -4, 1, 4, -6, 3, -3, 0, 2, -8, -6, 4, -2, -5, 0, -4, 0, -2, -3, 2, -5, -3, 2, -6, -5, 4, -2, 3, 4, -1, 3, 3, -8, 3, 1, 2, -5, -2, 2, -6, -5, -1, -3, 1, -1, -5, 3, -3, -8, 0, -1, 2, -4, 3, 2, 3, 4, 3, -1, 3, -1, 0, -7, -1, -1, 0, -2, 0, 2, -1, -6, -8, -6, 4, 1, -4, 4]
 
0.753613731591: [1, 3, 3, -7, 3, 3, -1, -6, 3, -7, -4, -6, -3, -1, 4, -7, -4, 3, -5, -8, -1, -1, -4, -4, -8, -3, -7, 3, 1, -6, -5, 2, 4, -7, -4, 3, -3, 1, 2, 0, 4, 2, 4, -3, -5, -8, -2, -5, -3, 1, -1, -3, -1, -5, -1, -2, 0, -4, -7, -6, -4, -4, -7, -4, -7, 0, 2, -4, -3, -2, -1, -4, 2, -3, -7, -6, 3, -5, 1, 2, -6, -2, 3, -1, -7, 3, -6, 3, -6, 4, 4, -8, -4, 1, 4, -1, -5, 2, -4, 1, 0, -2, 4, -4, -8, 3, 3, 1, -5, 4, 2, 4, -8, -7, 4, 4, 4, 3, 4, -4, 2, 2, 2, 0, -6, -3, -2, -6]
 
2.30623994659: [1, -7, -7, -5, -2, -8, -1, -2, 3, -2, -8, 2, -3, -2, -7, -7, 4, 3, -5, -8, -1, -1, 3, -3, 4, -4, 2, -4, -6, -6, 4, -5, -1, 3, -4, 3, -3, -8, -7, -4, 3, 4, -1, 1, 3, 1, 1, 1, 4, -8, 4, -5, 3, -5, 3, -6, 0, -3, 0, 2, -8, -8, -1, 3, -5, 2, -7, -3, -4, -8, -5, -1, 2, -1, -4, -8, 0, 0, 4, 3, -8, 2, -2, -4, -5, -3, -4, 4, 0, -4, -5, 0, -8, 4, 3, -6, -8, -2, -2, -7, 0, -1, 4, -4, -8, 2, 3, 1, -5, 4, 2, 4, -7, -7, 4, -5, 4, 3, -8, -4, 2, 2, 2, -2, -6, -3, -2, -1]
 
0.568035673771: [1, 3, 3, -7, 3, 3, -1, -2, 3, -1, -2, 4, -1, -5, -7, -7, 4, 3, -5, -8, -1, -1, 3, -3, 4, -4, 2, -4, -6, -3, 4, -5, -1, -1, -7, 3, -5, -5, 1, -7, 3, 4, 4, -3, -5, -2, 3, -4, -2, 4, 0, -2, 3, -5, 3, 0, -5, 0, 1, -1, 2, -1, -6, -8, -8, 2, -2, 0, -6, -3, -4, -5, 2, -1, -4, -6, 2, -5, 1, 2, -6, -2, -3, -1, 1, 3, -6, 3, 3, 4, -7, -6, -8, 1, 3, 0, 4, 2, -3, 1, 0, -1, 4, -4, -8, -7, -8, 1, -5, 4, 1, 4, 2, -7, 4, -5, 4, 0, -8, -2, 2, 2, 2, -5, 3, 1, -5, 0]
 
0.854925324603: [-5, -5, 3, 3, -7, -5, -1, -8, 3, -1, -2, -6, -3, -2, -7, -7, 4, 3, -5, -8, -1, -1, 3, -3, 4, -4, 2, -4, -6, -6, 4, -5, -1, -1, -7, 3, -5, -5, 1, -7, 3, 4, -1, 1, 3, 1, -3, 1, -4, -8, 4, -8, 3, -5, 3, 0, -5, 0, -6, -1, 2, -1, -6, -8, -8, 0, -4, 3, 1, -3, -7, -4, -8, -4, -7, -8, -3, -5, 2, 3, 2, 4, -1, -4, -4, 3, -1, -5, 1, -4, 1, -1, -8, -1, 3, -3, 1, -3, -5, -6, 0, -1, -4, -6, -3, 2, -3, 1, 3, -1, 2, -1, -3, 1, 3, -1, 4, -2, -3, 2, -1, -6, 4, 1, -7, 1, -1, -3]
 
0.445476595741: [4, -2, 2, -1, 3, 3, -1, -6, 3, -7, -4, -6, -2, -1, 4, -3, 3, 3, -5, -6, -1, -1, -6, -4, -8, -3, -7, 0, -3, -6, -7, -3, 4, -7, -4, 4, 1, -1, -7, -4, -5, -4, -4, -2, -7, -2, 3, 3, -7, -8, -2, -5, 1, -7, -8, -5, -2, -1, -7, -1, 2, -5, 2, -8, -3, -1, -2, 0, -6, -3, -4, -5, 2, -1, -4, -6, 3, -5, 1, 2, -6, -2, -3, -1, 1, 3, -6, 3, -6, 4, 4, -8, -8, 1, 3, 0, -5, 2, -3, 1, 0, -1, 4, -4, -8, 2, 3, 1, -5, 4, 2, 4, -7, -7, 4, -5, 4, 3, -8, -4, 2, 2, 2, -2, -6, -3, -2, -1]
 
1.3433187654: [4, 3, 3, -7, 3, 3, -1, -6, 3, -7, -4, -6, -3, -1, 4, -8, -2, 3, -5, -4, -1, -1, -4, -7, -8, -3, -7, -8, 1, -6, -5, 2, 4, -7, -4, 1, -1, 1, 2, -6, -1, 3, 4, -3, -5, -2, 3, -4, 2, 4, -2, -5, 1, 1, 3, -6, 0, -3, 0, 2, -8, -8, 0, 3, -5, 2, -7, -3, -4, -5, -5, -1, 3, -4, -7, -4, -6, 4, 2, 2, -2, -1, -2, -1, 3, -3, -4, 3, 1, -2, -1, 1, -8, -3, -4, 0, -5, -2, -3, 1, 3, -1, 3, 2, 1, -2, 3, -3, 3, 4, 3, -1, 0, -7, -1, -1, 0, -2, -3, -3, -1, -3, -6, 1, 4, 1, -4, -3]
 
0.879670650499: [-2, -2, 3, -7, -8, 3, -6, -2, 3, -4, -2, 4, -1, -5, -7, -7, 4, 3, -5, -8, -1, -1, 3, -5, -6, -4, 2, -4, 0, -3, 4, -5, -5, -1, -4, 3, -3, -8, 2, -4, 3, 4, -1, 1, 4, 1, 1, 1, 4, 3, 4, -5, -7, -5, -1, -6, 3, -3, 0, 2, -8, -6, 4, -2, -5, 0, -4, -7, -8, 1, -4, -5, -7, -5, -8, -8, 2, 0, 2, 4, 4, -5, -2, -8, 2, 0, -4, 1, -7, -2, 0, -8, -2, -2, 3, -5, -5, 2, -8, 1, 0, -1, 3, -7, -5, -2, -1, 0, 2, 2, 3, -1, -3, -7, 3, -6, 4, -8, 0, 2, -1, -6, -8, 1, -2, -3, -2, 0]
 
1.99257077633: [4, -7, 3, 2, 3, -5, -2, -6, 3, -1, -2, -6, -3, -2, -7, -7, 4, 3, -5, -8, -1, -1, 3, -3, 4, -4, 2, -4, -6, -6, 4, -5, -1, -1, -7, 3, -5, -5, 1, -7, 3, 4, -1, 1, 3, 1, -3, 1, -4, -8, 4, -8, 3, -5, 3, 0, -5, 0, -6, -1, 2, -1, -6, -8, -8, 0, -2, 0, -6, -3, -4, -5, 2, -1, -4, -6, 3, -5, 1, 2, -6, -2, -3, -1, 1, 3, -6, 3, 3, 4, -7, -6, -8, 1, 3, 0, 4, 2, -3, 1, 0, -1, 4, -4, -8, -7, -8, 1, -5, 4, 1, 4, 2, -7, 4, -5, 4, 0, -8, -2, 2, 2, 2, -5, 3, 1, -5, 0]
 
0.947439974919: [1, 3, 3, -7, 3, 3, -1, -2, 3, -1, -2, 4, -1, -5, -7, -7, 4, 3, -5, -8, -1, -1, 3, -3, 4, -4, 2, -4, -6, -3, 4, -5, -1, -1, -7, 3, -5, -5, 1, -7, 3, 4, 4, -3, -5, -2, 3, -4, -2, 4, 0, -2, 3, -5, 3, 0, -5, 0, 1, -1, 2, -1, -6, -8, -8, 2, -2, 0, -6, -3, -4, -5, 2, -1, -4, -6, 2, -5, 1, 2, -6, -2, -3, -1, 1, 3, -6, 3, -6, 4, 4, -8, -8, 1, 3, 0, -5, 2, -3, 1, 0, -1, 4, -4, -8, 2, 3, 1, -5, 4, 2, 4, -7, -7, 4, -5, 4, 3, -8, -4, 2, 2, 2, -2, -6, -3, -2, -1]
 
