1.0078272683667286: [-4, -8, -6, 1, 3, 2, 3, 1, -5, 2, 1, -7, -6, -3, 3, 0, 3, 3, 1, 0, -6, 1, 0, -8, -3, 1, -5, -2, 2, -5, -7, 3, 3, 4, -3, 3, -6, 0, -5, -4, -6, -8, -2, 1, -7, -2, -2, -4, 2, -5, 0, 2, -8, -4, -3, -4, -7, -3, 2, 1, -2, -6, 0, -4, -7, 1, -2, -4, -7, -2, -6, 2, -7, -2, 2, -1, 3, -4, 2, 4, -8, -2, 0, -6, -8, 4, 4, 1, 1, -6, 2, 2, -6, -4, 2, 2, 2, 3, -3, 4, -8, 4, -5, 0, -8, -8, -1, 3, -7, -7, 2, -1, -3, -8, -3, 4, -6, -8, -2, -1, -2, -4, -6, 1, 2, -5, -1, 4]
 
0.774639389024: [-2, 3, 0, 1, -6, 2, 3, 1, -4, -5, 1, -7, -6, -3, 0, -8, -1, 3, -7, 0, -1, 1, 0, -2, 4, -2, -5, 4, 2, -4, -6, 3, 3, 0, -2, -3, -6, 2, 4, -5, -7, -4, -2, 1, -7, -2, -3, -6, -5, 1, 0, 1, -5, -8, -6, -2, -2, 4, -3, -5, 4, 1, -6, -4, -2, 4, -3, -8, 3, 4, 2, 4, -5, -7, -7, -1, -5, 0, 4, -1, -7, 4, -4, -1, 0, 4, -6, 3, -8, -4, 1, -6, -6, -4, 3, 3, -2, -3, -4, -8, 0, -8, 4, 3, -3, 2, -2, 3, -3, 1, -4, -3, -3, -2, 3, 3, -3, 2, -4, -1, 1, 3, 4, -3, 0, 3, 4, -6]
 
3.006944417503248: [-3, 2, -6, 1, 3, 2, 3, 1, -5, -5, 1, -7, -6, -3, 3, 0, -1, 3, -7, 0, -1, 1, 0, -2, -3, -2, -5, 3, 2, -4, 1, 3, 3, 0, -3, 3, -6, 0, -5, -2, -6, -4, -2, 1, -7, -2, -2, -4, 2, -5, 0, -3, -5, -8, -6, -2, -2, -2, -3, 3, 0, 1, -6, -4, -2, 4, -3, -2, 3, 2, -7, 4, -5, -4, -7, -3, -8, 0, 4, -1, -7, 4, -4, -6, -3, 4, -6, 3, -8, 1, 1, -1, -5, 0, 2, 0, -4, -8, -1, -6, 0, -8, 0, -7, -2, -6, -1, -3, 1, -3, 0, 1, -3, -1, -3, -1, 1, -1, -8, -2, 3, 3, -4, 1, 3, -1, -4, 2]
 
0.8859824593741089: [0, 2, -4, 1, -8, -7, 3, -7, -3, -8, -6, 4, 1, -2, -1, 4, -8, -6, 4, -1, -4, -2, 3, 1, -6, -5, 2, 2, 0, -6, -7, -3, -4, -4, -1, 2, -2, 4, -8, 4, 2, -2, -3, -7, -1, -6, 0, 3, 3, -3, 4, -6, 1, 3, -1, 1, 1, 0, -8, -5, 0, -1, -2, 0, -1, -1, -3, -2, 3, 2, -7, 4, -5, -4, 0, -3, -8, 1, 4, 4, -7, 4, -4, -6, 2, 1, -6, 1, -5, 1, -5, -6, 4, -4, -1, 1, -6, -3, -8, 2, 1, -5, -4, 3, 1, 2, -7, -7, -7, -7, -5, -1, -3, -5, -5, -2, -1, -1, 0, -7, 4, -5, -1, -3, -5, 3, 3, -8]
 
1.05122247893: [-8, -6, 0, 3, -2, 0, -3, 2, -4, -1, 1, 3, 4, -3, -1, -5, -5, -3, -7, 2, -7, -2, 1, -2, -1, -2, -5, 3, 2, -4, -5, 3, 3, 0, -3, 3, -6, 0, -5, -2, 1, -4, -2, -1, -7, -2, -2, -4, 2, -8, 1, -3, -5, -8, -6, -2, -2, -6, -3, 3, 4, 3, -6, 0, 4, 4, -3, -2, -6, 2, 1, -4, -5, -4, -7, -3, -8, 0, -3, -1, -7, 4, 1, 2, 0, 4, -6, 4, -8, -4, 0, -6, -5, 1, -7, -4, -6, -3, -4, -8, 0, -8, -4, 3, -5, 2, -2, 1, 4, 4, -4, -6, 0, -5, -8, 4, -6, 0, 4, -1, -1, -3, -1, -3, -7, 1, 1, -3]
 
2.078339444841501: [0, 2, 1, 0, -4, -7, 3, -2, 3, -8, -6, 1, 1, -6, -1, 4, -8, -6, 4, -1, -4, -2, -3, 1, -6, -5, 2, 2, 2, -6, -7, 4, -4, 1, -6, -4, -2, -8, -8, -4, -6, -4, -2, 1, -7, -2, -2, -4, 2, -5, 0, -3, -5, -8, -6, -2, -2, -2, -3, 3, 0, 1, -6, -4, -2, 4, -3, -2, 3, 2, -7, 4, -5, -4, -7, -3, -8, 0, 4, -1, -7, 4, -4, -6, 0, 4, -6, 3, -8, -4, 1, -6, 4, -4, 3, -6, -6, -3, -4, -8, 0, -8, -4, 3, -4, 2, -2, 3, -7, -3, -4, -3, -3, -5, -8, 3, -3, 2, 4, -1, 2, -3, -1, -3, -8, -2, 4, 2]
 
1.427110232623727: [-4, 2, -6, 2, -8, -3, -5, 1, 2, 2, 1, -8, -2, -6, -2, -8, -8, -6, -4, 4, -4, -8, -1, -2, 0, 3, -2, 2, -7, 0, -7, -7, -7, 3, -5, 3, -4, 1, -4, -3, -3, 1, -2, -6, 3, -6, 2, 3, 2, -5, -7, -1, -5, -8, -4, 4, -6, -4, -2, 2, -4, 2, 0, -6, 3, -3, 0, 0, 2, -4, -4, -1, -7, -7, 0, 4, 3, -4, -1, 4, -3, -2, 0, 3, -3, -1, -1, 1, 1, 4, -7, -2, -6, -5, -3, -1, -1, -1, -6, -8, -8, -1, 1, 2, -7, -5, 4, 3, -3, -3, 3, -5, -3, -4, -3, -3, -1, -1, -6, -8, -8, -6, 4, -6, 2, -8, -8, 4]
 
1.9200694188391185: [-3, 2, -6, 1, 3, 2, 3, 1, -5, -5, 1, -7, -6, -3, 3, 0, -1, 3, -7, 0, -1, 1, 0, -2, -3, -2, -5, 3, 2, -4, 1, 3, 3, 0, -3, 3, -6, 0, -5, -2, -6, -4, -2, 1, -7, -2, -2, -4, 2, -5, 0, -3, -5, 4, 3, -4, -6, -3, 2, 0, 3, 2, 0, -8, -7, 1, -2, -4, 4, -2, -6, 2, -7, 0, 2, -1, 3, -4, 2, 4, -8, -2, 0, -7, -8, 4, -8, 1, -3, -5, 2, 2, -6, 4, -8, 2, -6, -4, -7, -3, 1, 3, -5, 0, -8, -8, -1, 3, -7, -7, 2, -1, -3, 2, -3, -3, -6, -1, 0, 4, 0, -4, -6, -3, -8, -2, -1, 2]
 
0.724850382383: [0, -7, -5, -5, -3, 3, 3, -2, -1, 1, 1, -7, -6, -3, 3, 4, -1, 3, -7, -6, 2, 1, 0, 4, -6, -2, -5, 3, 4, -4, 0, -7, 3, 0, -3, 3, -6, 0, -5, -2, -6, -4, -5, -7, 4, -2, 4, -3, 2, 0, 0, -3, -5, -8, -6, -5, -2, 2, -3, -6, -8, -1, -8, 0, 2, -3, -6, -8, -2, 1, -7, 2, -7, -4, -7, -2, -8, 0, 0, -1, -1, -2, -4, -6, -5, 4, -6, 3, -8, 1, 1, 1, 4, -4, 3, 3, -6, -3, -1, -8, -6, -5, -4, 3, -4, 2, -5, 3, -7, -4, 2, -1, -3, -5, -8, 1, 4, -1, 0, -7, 2, -4, -4, -3, -5, 3, 4, -8]
 
0.9648396717: [1, -5, -7, -2, 2, -5, 4, -3, -4, -8, -4, -2, 4, -8, -1, -5, -1, 2, -7, 0, 1, 4, 2, -2, -3, -2, -1, -3, 2, -1, 1, -8, 3, 0, 0, 4, -6, 0, -5, -5, 2, -3, -3, 1, 4, -5, -4, -3, 3, -3, 4, -6, -4, -3, 0, -8, 4, 1, -2, -5, -1, -1, -6, 0, 0, -3, 3, -7, -8, 2, -7, 4, 0, -4, -7, 1, -8, 0, 4, -1, -7, 1, -4, -5, -8, 4, -4, 3, -8, 1, -4, -6, -5, -4, 3, 1, -6, -5, -4, -1, -1, -5, -4, -5, -4, 2, -6, 3, -7, 1, 4, 2, -3, -5, -8, 1, -6, -7, 0, -7, 2, -4, 0, -3, -5, 3, 4, -8]
 
1.479228256851487: [0, 2, 1, 0, -4, -7, 3, -2, 3, -8, -6, 1, 1, -6, -1, 4, -8, -6, 4, -1, -4, -2, -3, 1, -6, -5, 2, 2, 2, -6, -7, 4, -4, 1, -6, -4, -2, -8, -8, -4, 2, -8, -3, -5, -1, -6, 0, -3, 3, -3, 4, -6, -4, -3, -1, -5, 4, 0, -7, -5, -1, 1, -6, -4, -2, 4, -1, -3, 4, 3, -6, 2, -7, -7, -6, 0, -5, 1, 2, 4, 1, -7, -7, 3, 2, 4, -6, 3, -8, 1, 1, -6, 4, -4, 3, 1, -6, -3, -4, -8, 1, -5, -4, 3, -4, 2, -5, -3, -7, -8, 0, -4, 3, -1, 2, -1, 1, 3, 4, -4, 3, 3, -4, 1, 3, -8, -4, -7]
 
-1000: [2, -7, 4, 1, -3, 2, -8, -4, -2, -5, 1, -7, -3, 4, -7, 2, -3, -2, 2, 0, -8, 1, -4, -3, -1, 0, 4, -2, -3, 0, 0, -6, -6, 0, -5, -3, -2, -8, -8, -4, 2, -8, -6, -1, -5, 1, 3, -6, 0, -6, 0, -3, -5, -8, -6, 3, -2, -4, -7, 3, 0, 1, -7, -3, -2, 1, -3, -2, 3, -7, -7, 4, 1, -6, -5, 1, 1, 2, -5, 2, -5, -2, -2, 4, 0, 0, -8, 0, 2, -5, 0, -1, 4, -8, 2, 0, -2, -8, 4, 1, -5, -3, -7, -1, 4, -1, 2, -3, -5, -5, -8, 0, -6, -2, -5, 1, 2, 0, -1, 0, 4, -7, -3, 1, 4, 2, -5, 2]
 
2.0648083225414777: [-8, -6, -7, -3, -5, 2, -1, 0, -4, 0, -4, 2, 4, -8, -1, -6, -5, -8, -6, 0, 4, -2, 2, -2, 4, -2, -4, 3, -5, -8, 1, -8, -8, 0, -4, 3, 4, 0, -5, -5, 2, -4, -6, -1, 4, -8, 4, -4, -8, 4, -7, -5, -7, -8, -5, -2, 4, 0, 4, -5, -1, 1, -5, -4, -7, -5, 1, -3, -6, 1, -6, -6, -6, 3, -6, 0, 0, -5, 4, 4, -5, -7, -7, -6, 2, 1, -2, -2, -4, 1, 4, -5, -6, -5, -2, 1, -6, -3, -3, -8, 1, -6, 3, -1, -8, 4, -2, -6, -7, -7, 2, 1, -3, 2, -8, -8, 4, 4, 0, -5, -4, -2, -2, -3, -7, 3, 3, 4]
 
0.8467200499456715: [2, -5, 3, 0, -3, -7, 0, -2, 3, 0, 2, 1, 1, -8, 3, 4, -5, -6, 4, -1, 4, -2, -3, 1, -6, -5, 2, 3, 2, -6, -7, 4, -4, 1, 2, -4, -2, -8, 4, -7, -6, -3, -3, -5, -1, -6, 0, -3, 4, 4, 4, -4, -5, -3, -1, -5, -3, 0, -1, -5, -7, -1, -3, -7, 2, 4, -3, -2, 3, 2, 2, 4, -5, -4, -7, -3, -8, 0, 4, -1, -7, 4, -4, -6, -3, 4, -6, -1, -7, 0, -3, -6, 4, -4, 3, -4, -6, -3, -4, -8, 1, 1, 1, -5, -4, 2, -2, 3, 1, -4, 2, -1, -3, -5, -8, 1, -6, -6, -7, -4, 2, -4, 3, -3, 3, 2, 2, -8]
 
1.8370491241965412: [0, 2, 1, 0, -4, -7, 3, -2, 3, -8, -6, 1, 1, -6, -1, 4, -8, -6, 4, -1, -4, -2, -3, 1, -6, -5, 2, 2, 2, -6, -7, 4, -4, 1, -6, -4, -2, -8, -8, -4, 2, -8, -3, -5, -1, -6, 4, -4, 2, -5, -4, -3, -8, -8, -1, -5, 4, 0, -7, -5, -1, 1, -5, -4, -2, 4, 1, -3, 4, 1, -6, 3, -7, -7, -6, 0, 0, -5, 2, 4, -1, -7, -7, 3, 2, 1, -2, -2, -4, 1, 4, -6, -6, -4, -2, 1, -6, -3, -4, -8, 1, -6, -1, -1, 1, 2, -2, 3, -7, 3, 2, -1, -3, -5, -8, -8, -6, -1, 0, -7, -4, -2, 2, -3, -7, 3, 4, 4]
 
2.917892653717474: [-3, 2, -6, 1, 3, 2, 3, 1, -5, -5, 1, -7, -6, -3, 3, 0, -1, 3, -7, 0, -1, 1, 0, -2, -3, -2, -5, 3, 2, -4, 1, 3, 3, 0, -3, 3, -6, 0, -5, -2, -6, -4, -2, 1, -7, -2, -2, -4, 2, -5, 0, -3, -5, -8, -1, -5, 4, 0, -7, -5, -1, 1, -6, -4, -2, 4, -1, -3, 4, 3, -6, 2, -7, -7, -6, 0, -5, 1, 2, 4, 1, -7, -7, 3, 2, 4, -6, 3, -8, 1, 1, -6, 4, -4, 3, 1, -6, -3, -4, -8, 1, -5, -4, 3, -4, 2, -2, 3, -7, -7, 2, -1, -3, -5, -8, 1, -6, -1, 0, -7, 2, -4, -1, -3, -5, 3, 4, -8]
 
0.492531403143: [2, -7, 4, 1, 3, 2, 3, 1, -5, -5, 1, -7, -6, -3, 3, 0, -2, 3, -7, 0, -1, 1, 1, -6, -1, -5, -7, 0, 3, 4, 0, -2, 0, -7, -5, -8, -2, -1, 0, 4, 2, -8, -2, -5, -5, -8, 2, -8, 0, -3, -6, -3, -5, -3, -2, -4, -3, -8, -2, 4, 3, 4, 1, -2, 2, 0, -1, 4, 4, -3, 4, 2, 0, 4, 2, -5, -2, -6, -4, -6, 3, -1, -8, -4, 2, 0, -8, -6, 2, -8, -3, -1, -5, 2, 3, 0, -8, -3, 4, -7, 0, -7, 0, -7, -6, 2, -3, 3, -7, -3, -3, -3, -3, -5, -4, 4, -1, 2, 4, -1, -4, 0, 0, -3, 1, -1, -4, -3]
 
3.0750581361296425: [-8, 1, -3, 4, 0, -4, 0, 4, 1, -2, 2, -2, -1, 4, -1, -5, 0, -5, -8, -4, -7, -2, -4, 0, -2, -8, -6, 2, -5, 2, 0, -7, -1, 4, -6, -4, -2, -8, -8, -4, 2, -8, -3, -5, -1, -6, 0, -3, 3, -3, 4, -6, -4, -3, -1, -5, 4, 0, -7, -5, -1, 1, -6, -4, -2, 4, -3, -2, 3, 2, -7, 4, -5, -4, -7, -3, -8, 0, 4, -1, -7, 4, -4, -6, -3, 4, -6, 3, -8, 1, 1, -6, 4, -4, 3, 1, -6, -3, -4, -8, 1, -5, -4, 3, -4, 2, -2, 3, -7, -7, 2, -1, -3, -5, -8, 1, -6, -1, 0, -7, 2, -4, -1, -3, -5, 3, 4, -8]
 
1.861061855562581: [-3, -2, -1, 2, 2, 2, 4, -2, 4, 4, 1, 2, -8, -7, -8, 0, -8, -7, -7, 0, 4, 1, -4, -8, -8, 2, -5, -4, 2, -1, 1, 1, -3, 0, -5, -7, -2, -3, 2, -1, -3, -4, 1, -8, 1, -6, 1, 2, -3, 3, -3, 2, -6, -3, -4, 2, -3, 0, -7, -1, -5, -6, -7, -4, -3, 4, 4, -2, -7, 0, 2, -7, -5, -4, 0, 0, -7, -6, 4, -1, -7, -2, 4, -1, -3, 0, 2, 0, -1, -7, 2, -6, -7, -4, 3, 1, -5, -3, 3, -8, -6, -5, -4, 3, 4, 3, -5, -3, -1, -8, 0, -4, 3, -1, 2, -1, -1, -7, -6, -5, -8, -5, -7, -3, 1, -8, 2, -7]
 
2.0438853299365416: [-8, -6, 0, 2, 2, 2, -8, -3, 4, 0, 1, -7, 4, -8, -1, -5, -5, -3, -7, 0, 4, -2, 1, -2, -3, -2, -5, 3, 2, -4, 1, 3, 3, 0, -3, 3, -6, 0, -5, -2, -6, -4, -2, -7, -5, 1, 2, -6, 0, 0, -1, -8, -5, -8, -6, -2, -8, 4, 0, 3, 0, -3, -7, -1, -1, 4, -3, 4, 3, 2, 1, -8, -6, 1, -7, -7, -8, 2, 2, -7, -7, -8, -4, -6, -3, 4, -6, 3, -8, 1, 1, -6, 4, -4, 3, 1, -6, -3, -4, -8, 1, -5, -4, 3, -4, 2, -2, 3, -7, -7, 2, -1, -3, -5, -8, 1, -6, -1, 0, -7, 2, -4, -1, -3, -5, 3, 4, -8]
 
0.5657558954664731: [1, 2, -1, -4, 2, 2, -8, -2, 4, 2, 1, -6, 4, -7, -5, -5, -5, -3, -5, 0, 4, 0, -7, -4, -2, -2, 0, 4, 2, -1, 1, -1, -8, 1, 0, -7, -2, -3, -8, -1, 4, -8, 1, 3, 3, -8, 0, -3, 4, -3, -5, -6, -4, -3, -1, -7, 4, 0, 2, -5, -6, -1, -5, -3, 4, -7, -2, -8, -1, 3, -6, 2, 1, -4, -7, -3, -8, 0, 4, -1, -7, 4, -4, -6, -3, 0, 3, 0, -6, -3, -6, -6, 4, -4, 3, 1, -6, -3, -4, -8, 1, -5, -4, 3, -4, 4, -5, -3, -7, -8, 0, -4, 3, -1, 2, -1, 1, 3, 4, -4, 3, 3, -4, 1, 3, -8, -4, -7]
 
2.439006952853945: [0, 2, 1, 0, -4, -7, 3, -2, 3, -8, -6, 1, 1, -6, -1, 4, -8, -6, 4, -1, -4, -2, -3, 1, -6, -5, 2, 2, 2, -6, -7, 4, -4, 1, -6, -4, -2, -8, -8, -4, 2, -8, -3, -5, -1, -6, 0, -3, 3, -3, 4, -6, -4, -3, -1, -5, 4, 0, -7, -5, -1, -1, -2, 0, 2, -3, -1, -3, 4, 3, -6, 2, -7, -7, -6, 0, -5, 1, 2, 4, 1, -7, -7, 3, 2, 4, -6, -5, -5, 3, -6, 2, -6, -4, 3, -4, 4, 3, -3, 3, -1, -2, -4, 2, -4, 3, -5, 4, -4, -7, 2, -1, -3, -5, -8, 1, -6, -1, 0, -7, 2, -4, -1, -3, -5, 3, 4, -8]
 
1.242946999912482: [-8, -5, -7, 3, 2, 2, -5, -3, -4, 0, -4, -2, 4, -8, -1, -5, -5, 2, -7, 0, 4, 4, 2, -2, -3, -2, -4, 3, 2, -6, 1, -8, 3, 0, -3, 3, -6, 0, -5, -5, 2, -4, -2, 1, 4, -2, 0, -3, 3, -3, 4, -6, -4, -3, -1, -5, 4, 0, -7, -5, -1, -1, -2, 0, 2, -3, -3, -2, 3, 2, -7, 4, -5, -4, -7, -3, -8, 0, 4, -1, -7, 4, -4, -6, -3, 4, -6, 3, -8, 1, 1, -6, 4, -4, 3, 1, -6, -3, -4, -8, 1, -5, -4, 3, -4, 2, -2, 3, -7, -7, 2, -1, -3, -5, -8, 1, -6, -1, 0, -7, 2, -4, -1, -3, -5, 3, 4, -8]
 
1.6242242408335246: [-7, 3, -6, 3, 3, -3, 2, -1, -1, -7, 1, -5, 2, -6, -7, 4, -1, -6, -5, 2, -4, 1, 0, -5, -1, -1, -1, 4, -7, 0, 0, -7, -7, -3, -5, -1, -5, -8, 1, 1, -5, -8, -6, -5, -3, -2, -3, 0, -3, -3, -1, 0, -3, -2, -6, -8, -4, 4, 0, 3, 3, 4, -5, -1, -6, 2, -5, 3, 3, -8, 1, -5, -6, 1, -7, -7, -8, -8, 2, -7, -2, -8, 1, 0, -4, -8, 3, -8, -3, -5, 1, 4, 0, -4, 3, 1, -6, 2, -7, 1, 3, 3, -2, -5, -5, -4, -5, -8, -4, 3, -8, 0, 0, 1, -2, 2, -1, 2, 0, -6, -7, -3, -3, -7, -5, -5, -4, -7]
 
1.93155946769: [4, -6, 0, -3, 2, -5, -8, -3, 4, -4, -8, 0, -2, -3, -6, -2, -5, -3, -7, 4, -7, -1, -1, 1, -6, -6, -4, 4, 2, -1, -5, 2, 3, -3, -6, -4, -2, -8, -7, -1, -8, 0, -6, -5, -1, 1, 0, -3, -3, -3, -6, 1, -7, -3, -2, 1, 4, 2, -8, -1, -4, 1, -1, -8, -6, 1, -2, -2, 4, 3, -8, 4, -7, -7, 0, 0, -5, -2, 3, -5, -3, -7, -8, -5, 2, 4, 4, 3, -8, -2, 1, -3, -6, -1, 1, 1, 0, -3, -4, 2, -4, -3, -3, 3, -1, -2, -2, -8, -7, -7, 2, -7, -3, 4, -3, 3, -7, -1, 0, 4, -1, 2, -6, 4, -8, -2, 1, 3]
 
1.33063811087: [-3, 2, -4, 1, -2, -5, 3, -2, -2, 1, 1, 1, 2, -5, 3, 0, 0, 3, -3, 0, -6, 1, 1, 1, -4, 0, -5, -3, 2, -4, -2, -7, -3, -8, 1, -8, -6, -5, -7, -2, -6, -5, -2, 1, -6, -2, -2, 0, 2, 2, 0, -3, -3, -3, -1, 4, 4, 3, -3, -4, -1, -7, -6, 0, -2, 4, -1, -3, 4, 3, -6, 4, -2, -7, -6, -3, 1, 4, -2, 4, 4, 3, -7, 3, 1, -1, -6, -7, -6, -6, -2, -3, -2, 0, -4, 1, -2, -3, -6, -3, -3, -5, -4, 3, -1, 4, 4, -3, 0, -7, -2, -1, 2, -1, 1, 3, -5, -1, 1, -2, -3, 4, 4, -3, -5, -8, -5, -8]
 
4.3744442756846045: [-8, -6, 0, 2, 2, 2, -8, -3, 4, 0, 1, -7, 4, -8, -1, -5, -5, -3, -7, 0, 4, -2, -8, 1, -8, -2, -5, 4, 2, 2, 0, -7, -1, 4, -6, -4, -2, -8, -8, -4, 2, -8, -3, -5, -1, -6, 0, -3, 3, -3, 4, -6, -4, -3, -1, -5, 4, 0, -7, -5, -1, 1, -6, -4, -2, 4, -3, -2, 3, 2, -7, 4, -5, -4, -7, -3, -8, 0, 4, -1, -7, 4, -4, -6, -3, 4, -6, 3, -8, 1, 1, -6, 4, -4, 3, 1, -6, -3, -4, -8, 1, -5, -4, 3, -4, 2, -2, 3, -7, -7, 2, -1, -3, -5, -8, 1, -6, -1, 0, -7, 2, -4, -1, -3, -5, 3, 4, -8]
 
2.2088776996940562: [-3, 2, -6, 1, 3, 2, 3, 1, -5, -8, -6, 1, 1, -6, -1, 4, -8, -6, 4, -1, -4, -2, -3, 1, -6, -5, 2, 2, 2, -6, -7, 4, -4, 1, -6, -4, -2, -8, -8, -4, 2, -8, -3, -5, -1, -6, 0, -3, 3, -3, 4, -6, -4, -3, -1, -5, 4, 0, -7, -5, -1, -1, -2, 0, 2, -3, -3, -2, 3, 2, -7, 4, -5, -4, -7, -3, -8, 0, 4, -1, -7, 4, -4, -6, -3, 4, -6, 3, -8, 1, 1, -6, 4, -4, 3, 1, -6, -3, -4, -8, 1, -5, -4, 3, -4, 2, -2, 3, -7, -7, 2, -1, -3, -5, -8, 1, -6, -1, 0, -7, 2, -4, -1, -3, -5, 3, 4, -8]
 
1.8179140836840353: [0, 2, 1, 0, -4, -7, 3, -2, 3, -8, -6, 1, 1, -6, -1, 4, -8, -6, 4, -1, -4, -2, -3, 1, -6, -5, 2, 2, 2, -6, -7, 4, -4, 1, -6, -4, -2, -8, -8, -4, 2, -8, -3, -5, -1, -6, 0, -3, 3, -3, 4, -6, -4, -3, -1, -5, 4, 0, -7, -5, -1, -1, -2, 0, 2, -3, -3, -2, 3, 2, -7, 4, -5, -4, -7, -3, -8, 0, 4, -1, -7, 4, -4, -6, -3, 4, -6, 3, -8, 1, 1, -6, 4, -4, 3, 1, -6, -3, -4, -8, 1, -5, -4, 3, -4, 2, -2, 3, -7, -7, 2, -1, -3, -5, -8, 1, -6, -1, 0, -7, 2, -4, -1, -3, -5, 3, 4, -8]
 
3.3567458566352433: [-3, 2, -6, 1, 3, 2, 3, 1, -5, -5, 1, -7, -6, -3, 3, 0, -1, 3, -7, 0, -1, 1, 0, -2, -3, -2, -5, 3, 2, -4, 1, 3, 3, 0, -3, 3, -6, 0, -5, -2, -6, -4, -2, 1, -7, -2, -2, -4, 2, -5, 0, -3, -5, -8, -6, -2, -2, -2, -3, 3, 0, -1, -2, 0, 2, -3, -1, -8, -4, 3, -6, 2, 2, -4, -7, -3, -8, 0, 4, -1, -7, 4, -4, -6, -3, 4, -6, 3, -8, 1, 1, -6, 4, -4, 3, 1, -6, -3, -4, -8, 1, -5, -4, 3, -4, 2, -2, 3, -7, -7, 2, -1, -3, -5, -8, 1, -6, -1, 0, -7, 2, -4, -1, -3, -5, 3, 4, -8]
 
0.419269142969: [-3, -3, -6, 3, 3, -7, 3, -4, -3, 3, -6, 3, -1, -3, 3, -1, -1, 1, -7, 0, -1, 1, 0, -2, -3, -2, -5, 3, 2, -4, 1, 3, 3, 0, -3, 3, 1, 3, -5, -6, -6, -8, -1, 1, -4, 4, -5, -4, 2, -5, -8, -3, -5, 4, -7, -4, 3, -3, 2, -8, 3, 2, 0, 2, -7, 1, -2, -4, 4, -4, -6, 4, -5, 0, -1, -1, 3, -4, 2, 4, -2, -7, 0, 1, -1, 4, -8, 1, -3, 4, -4, -1, 3, 4, -8, 2, -6, -4, -6, -3, 1, 3, -4, 0, -8, -4, -1, 2, -7, -7, 2, -1, -3, 2, -3, -3, 0, -3, 0, 4, 0, -4, -6, -3, -8, -2, 4, -3]
 
1.2624091294186313: [-7, 0, -1, 1, 3, -6, -8, 2, -3, 2, -6, -7, 0, -8, -6, -5, -3, -3, -7, 4, -7, -3, 1, 1, -1, -2, 2, 3, -5, -4, -6, -5, -4, -7, -5, 3, -6, -4, -5, -6, -6, -4, -7, 1, -3, -2, -2, -5, 2, -8, 0, 2, -5, -8, -7, -2, -2, -2, -3, 3, 0, -6, -2, 0, 1, 3, -1, -8, 0, 3, -6, 2, -7, -5, -5, -1, 3, 4, 2, -5, 1, -8, -8, 4, -6, -8, 4, -5, -5, 3, -4, 2, -7, -4, 3, -4, 4, 3, -3, 3, -1, -2, -6, 2, -7, 3, -5, -4, -4, -7, 2, -5, -6, -5, 4, 1, -8, -1, 1, -2, 2, -4, -1, -3, -5, -8, 4, 4]
 
0.467254474963: [-3, 2, -6, 1, 3, -7, 3, 1, -7, 4, 4, 0, -6, -3, 3, 0, -5, 3, 2, 1, 4, 1, 0, 3, 2, -2, 0, 3, 4, -6, 1, -8, 3, -1, -4, 3, -6, 0, -7, 2, -2, 1, -2, -4, -7, -5, 3, -6, -6, 2, 4, -1, -5, 0, -3, -5, -2, 2, -3, 3, -1, -4, 2, 0, 2, -7, -1, 3, -4, 3, -6, 2, -1, -2, -7, -3, -7, 4, 4, 2, -6, -1, -4, -2, -3, -2, 4, -4, 2, -7, 1, -2, 1, -1, 3, 4, -3, -6, -7, -8, -7, -4, -4, 3, -6, -2, 0, -7, -3, -7, -4, -4, -3, 2, -3, 1, -6, -2, -5, -7, -7, -4, 0, 3, -8, 3, 1, 2]
 
2.53537659861: [0, 2, 1, 0, -4, -7, 3, -2, 3, -8, 1, -7, -6, -3, 3, 0, -1, 3, -7, 0, -1, 1, 0, -2, -3, -2, -5, 3, 2, -4, 1, 3, 3, 0, -3, 3, -6, 0, -5, -2, -6, -4, -2, 1, -7, -2, -2, -4, 2, -5, 0, -3, -5, -8, -6, -2, -2, -2, -3, 3, 0, 1, -6, -4, -2, 4, -3, -2, 3, 2, -7, 4, -5, -4, -7, -3, -8, 0, 4, -1, -7, 4, -4, -6, 0, 4, -6, 3, -8, -4, 1, -6, 4, -4, 3, -6, -6, -3, -4, -8, 0, -8, -4, 3, -4, 2, -2, 3, -7, -3, -4, -3, -3, -5, -8, 3, -3, 2, 4, -1, 2, -3, -1, -3, -8, -2, 4, 2]
 
1.06985458679: [0, 2, 1, 0, -4, -7, 3, -2, 3, -8, 1, -7, -6, -3, 3, 0, -1, 3, -7, 0, -1, 1, 0, -2, -3, -2, -5, 3, 2, -4, 1, 3, 3, 0, -3, 3, -6, 0, -5, -2, -6, -4, -2, 1, -7, -2, -2, -4, 2, -5, 0, -3, -5, -8, -6, -2, -2, -2, -3, 3, 0, 1, -6, -4, -2, 4, -3, -2, 3, 2, -7, 4, -5, -4, -7, -3, -8, 0, 4, -1, -7, 4, -4, -6, 0, 4, -6, 3, -8, -4, 1, -6, 4, -4, 3, -6, -6, -3, -3, -8, 1, -6, 3, -1, -8, 4, -2, -6, -7, -7, 2, 1, -3, 2, -8, -8, 4, 4, 0, -5, -4, -2, -2, -3, -7, 3, 3, 4]
 
0.637005704014: [-8, -6, -7, -3, -5, 2, -1, 0, -4, 0, -4, 2, 4, -8, -1, -6, -5, -8, -6, 0, 4, -2, 2, -2, 4, -2, -4, 3, -5, -8, 1, -8, -8, 0, -4, 3, 4, 0, -5, -5, 2, -4, -6, -1, 4, -8, 4, -4, -8, 4, -7, -5, -7, -8, -5, -2, 4, 0, 4, -5, -1, 1, -5, -4, -7, -5, 1, -3, -6, 1, -6, -6, -6, 3, -6, 0, 0, -5, 4, 4, -5, -7, -7, -6, 2, 1, -2, -2, -4, 1, 4, -5, -6, -5, -2, 1, -6, -3, -4, -8, 0, -8, -4, 3, -4, 2, -2, 3, -7, -3, -4, -3, -3, -5, -8, 3, -3, 2, 4, -1, 2, -3, -1, -3, -8, -2, 4, 2]
 
1.2391927744: [-8, 1, -3, 4, 0, -4, 0, 4, 1, 0, -4, -2, 4, -8, -1, -5, -5, 2, -7, 0, 4, 4, 2, -2, -3, -2, -4, 3, 2, -6, 1, -8, 3, 0, -3, 3, -6, 0, -5, -5, 2, -4, -2, 1, 4, -2, 0, -3, 3, -3, 4, -6, -4, -3, -1, -5, 4, 0, -7, -5, -1, -1, -2, 0, 2, -3, -3, -2, 3, 2, -7, 4, -5, -4, -7, -3, -8, 0, 4, -1, -7, 4, -4, -6, -3, 4, -6, 3, -8, 1, 1, -6, 4, -4, 3, 1, -6, -3, -4, -8, 1, -5, -4, 3, -4, 2, -2, 3, -7, -7, 2, -1, -3, -5, -8, 1, -6, -1, 0, -7, 2, -4, -1, -3, -5, 3, 4, -8]
 
3.05225084095: [-8, -5, -7, 3, 2, 2, -5, -3, -4, -2, 2, -2, -1, 4, -1, -5, 0, -5, -8, -4, -7, -2, -4, 0, -2, -8, -6, 2, -5, 2, 0, -7, -1, 4, -6, -4, -2, -8, -8, -4, 2, -8, -3, -5, -1, -6, 0, -3, 3, -3, 4, -6, -4, -3, -1, -5, 4, 0, -7, -5, -1, 1, -6, -4, -2, 4, -3, -2, 3, 2, -7, 4, -5, -4, -7, -3, -8, 0, 4, -1, -7, 4, -4, -6, -3, 4, -6, 3, -8, 1, 1, -6, 4, -4, 3, 1, -6, -3, -4, -8, 1, -5, -4, 3, -4, 2, -2, 3, -7, -7, 2, -1, -3, -5, -8, 1, -6, -1, 0, -7, 2, -4, -1, -3, -5, 3, 4, -8]
 
2.55181148961: [2, -7, 4, 1, 3, 2, 3, 1, -5, -5, 1, -7, -6, -3, 3, 0, -1, 3, -7, 0, -1, 1, 0, -3, -1, -1, -7, 0, -7, 4, 0, -2, -7, -7, -5, -8, -2, -8, -8, -4, 2, -8, -3, -5, -5, 1, 2, -6, 0, -3, 0, -3, -5, -8, -6, -2, -2, -2, -3, 3, 0, 1, -6, -4, -2, 4, -3, -2, 3, 2, -7, 4, -5, -6, -5, -4, -6, 2, -5, 2, -5, -2, -2, 2, 2, 0, -8, 0, 2, -5, 0, -1, -5, -8, 2, 0, -8, -8, 4, -3, -5, -3, -4, -1, 4, -1, 2, -3, -5, -1, -8, -1, -3, -2, -3, 1, 1, -1, 0, -7, 2, -4, -1, -3, -5, 3, 4, -8]
 
3.54405699892: [-8, -6, 0, 2, 2, 2, -8, -3, 4, 0, 1, -7, 4, -8, -1, -5, -5, -3, -7, 0, 4, -2, -8, 1, -8, -2, -5, 4, 2, 2, 0, -7, -1, 4, -6, -4, -2, -8, -8, -4, 2, -8, -3, -5, -1, -6, 0, -3, 3, -3, 4, -6, -4, -3, -1, -5, 4, 0, -7, -5, -1, 1, -6, -4, -2, 4, -3, -2, 3, 2, -7, 4, -5, -4, -7, -3, -8, 0, 4, -1, -7, 4, -4, -6, -3, 4, -6, 3, -8, 1, 1, -6, 4, -4, 3, 1, -6, -3, -4, -8, 1, -5, -4, 3, -4, 2, -2, 3, -7, -7, 2, -1, -3, -5, -8, 1, -6, 4, -8, 0, -5, -7, -3, 1, -2, -4, -5, 3]
 
1.16630093694: [0, 2, 1, 0, -4, -7, 3, -2, 3, -8, -6, 1, 1, -6, -1, 4, -8, -6, 4, -1, -4, -2, -3, 1, -6, -5, 2, 2, 2, -6, -7, 4, -4, 1, -6, -4, -2, -8, -8, -4, -6, -4, -2, 1, -7, -2, -2, -4, 2, -5, 0, -3, -5, -8, -6, -2, -2, -2, -3, 3, 0, 1, -6, -4, -2, 4, -3, -2, 3, 2, -7, 4, -5, -4, -7, -3, -8, 0, 4, -1, -7, 4, -4, -6, 0, 4, -6, 3, -8, -4, 1, -6, 4, -4, 3, -6, -6, -3, -4, -8, 0, -8, -4, 3, -4, 2, -2, 3, -7, -3, -4, -3, -3, -5, -8, 3, -3, 2, 4, -1, 2, -3, -1, -3, -5, -8, 4, 4]
 
0.608999556809: [-6, -2, 3, -8, 3, -7, -8, 2, -6, 2, -6, -3, 0, -6, -6, -2, -3, -3, -7, 4, -1, 3, -7, 2, 3, -2, 2, -8, -5, 0, -6, -5, -4, -7, -5, 3, -6, -1, -1, -6, -6, -4, -5, -6, -3, 4, -2, -5, -8, -8, 0, 2, -5, 3, -7, -4, -5, 2, -1, 3, 0, -2, -2, -4, 1, 3, -3, -8, 0, -4, -6, -7, -7, -5, -5, -1, 3, 4, 2, -5, 1, -8, -1, -7, -5, -8, 4, -5, -5, 3, -4, -5, -7, -4, 3, -4, 4, 1, -3, 2, 3, -2, -6, -4, 2, 3, -5, -4, -4, -7, 2, -3, -3, -7, -1, 1, 1, -1, 1, -2, -7, -4, -1, -3, -5, -2, 4, 1]
 
2.03241827874: [2, -5, 3, 0, -3, -7, 0, -2, 3, 0, 2, 1, 1, -8, 3, 4, -5, -6, 4, -1, 4, -2, -3, 1, -6, -5, 2, 3, 2, -6, -7, 4, -4, 1, 2, -4, -2, -8, 4, -7, -6, -3, -3, -5, -1, -6, 0, -3, 4, 4, 4, -4, -5, -3, -1, -5, -3, 0, -7, -5, -1, 1, -6, -4, -2, 4, -3, -2, 3, 2, -7, 4, -5, -4, -7, -3, -8, 0, 4, -1, -7, 4, -4, -6, -3, 4, -6, 3, -8, 1, 1, -6, 4, -4, 3, 1, -6, -3, -4, -8, 1, -5, -4, 3, -4, 2, -2, 3, -7, -7, 2, -1, -3, -5, -8, 1, -6, -1, 0, -7, 2, -4, -1, -3, -5, 3, 4, -8]
 
1.60376922186: [-8, -6, 0, 2, 2, 2, -8, -3, 4, 0, 1, -7, 4, -8, -1, -5, -5, -3, -7, 0, 4, -2, -8, 1, -8, -2, -5, 4, 2, 2, 0, -7, -1, 4, -6, -4, -2, -8, -8, -4, 2, -8, -3, -5, -1, -6, 0, -3, 3, -3, 4, -6, -4, -3, -1, -5, 4, 0, -1, -5, -7, -1, -3, -7, 2, 4, -3, -2, 3, 2, 2, 4, -5, -4, -7, -3, -8, 0, 4, -1, -7, 4, -4, -6, -3, 4, -6, -1, -7, 0, -3, -6, 4, -4, 3, -4, -6, -3, -4, -8, 1, 1, 1, -5, -4, 2, -2, 3, 1, -4, 2, -1, -3, -5, -8, 1, -6, -6, -7, -4, 2, -4, 3, -3, 3, 2, 2, -8]
 
3.22590633237: [-8, -6, 0, 2, 2, 2, -8, -3, 4, 0, 1, -7, 4, -8, -1, -5, -5, -3, -7, 0, 4, -2, -8, 1, -8, -2, -5, 4, 2, 2, 0, -7, -1, 4, -6, -4, -2, -8, -8, -4, 2, -8, -3, -5, -1, -6, 0, -3, 3, -3, 4, -6, -4, -3, -1, -5, 4, 0, -7, -5, -1, 1, -6, -4, -2, 4, -3, -2, 3, 2, -7, 4, -5, -4, -7, -3, -8, 0, 4, -1, -7, 4, -4, -6, -3, 4, -6, 3, -8, 1, 1, -6, 4, -4, 3, 1, -6, -3, -4, -8, 1, 1, 1, -5, -4, 2, -2, 3, 1, -4, 2, -1, -3, -5, -8, 1, -6, -6, -7, -4, 2, -4, 3, -3, 3, 2, 2, -8]
 
3.19789355664: [-8, -6, 0, 2, 2, 2, -8, -3, 4, 0, 1, -7, 4, -8, -1, -5, -5, -3, -7, 0, 4, -2, -8, 1, -8, -2, -5, 4, 2, 2, 0, -7, -1, 4, -6, -4, -2, -8, -8, -4, 2, -8, -3, -5, -1, -6, 0, -3, 3, -3, 4, -6, -4, -3, -1, -5, 4, 0, -1, -5, -7, -1, -3, -7, 2, 4, -3, -2, 3, 2, 2, 4, -5, -4, -7, -3, -8, 0, 4, -1, -7, 4, -4, -6, -3, 4, -6, -1, -7, 0, -3, -6, 4, -4, 3, -4, -6, -3, -4, -8, 1, -5, -4, 3, -4, 2, -2, 3, -7, -7, 2, -1, -3, -5, -8, 1, -6, -1, 0, -7, 2, -4, -1, -3, -5, 3, 4, -8]
 
1.60950828344: [0, 2, 1, 0, -4, -7, 3, -2, 3, -8, -6, 1, 1, -6, -1, 4, -8, -6, 4, -1, -4, -2, -3, 1, -6, -5, 2, 2, 2, -6, -7, 4, -4, 1, -6, -4, -2, -8, -8, -4, -6, -4, -2, 1, -7, -2, -2, -4, 2, -5, 0, -3, -5, -8, -6, -2, -2, -2, -3, 3, 0, 1, -6, -4, -2, 4, -3, -2, 3, 2, -7, 4, -5, -4, -7, -3, -8, 0, 4, -1, -7, 4, -4, -6, 0, 4, -6, 3, -8, -4, 1, -6, 4, -4, 3, -6, -6, -3, -3, 3, -1, -2, -4, 2, -4, 3, -5, 4, -4, -7, 2, -1, -3, -5, -8, 1, -6, -1, 0, -7, 2, -4, -1, -3, -5, 3, 4, -8]
 
0.748219356523: [0, 2, 1, 0, -4, -7, 3, -2, 3, -8, -6, 1, 1, -6, -1, 4, -8, -6, 4, -1, -4, -2, -3, 1, -6, -5, 2, 2, 2, -6, -7, 4, -4, 1, -6, -4, -2, -8, -8, -4, 2, -8, -3, -5, -1, -6, 0, -3, 3, -3, 4, -6, -4, -3, -1, -5, 4, 0, -7, -5, -1, -1, -2, 0, 2, -3, -1, -3, 4, 3, -6, 2, -7, -7, -6, 0, -5, 1, 2, 4, 1, -7, -7, 3, 2, 4, -6, -5, -5, 3, -6, 2, -6, -4, 3, -4, 4, 3, -4, -8, 0, -8, -4, 3, -4, 2, -2, 3, -7, -3, -4, -3, -3, -5, -8, 3, -3, 2, 4, -1, 2, -3, -1, -3, -5, -8, 4, 4]
 
1.29464915689: [-3, 2, -6, 1, 3, 2, 3, 1, -5, -5, 1, -7, -6, -3, 3, 0, -1, 3, -7, 0, -4, -2, -3, 1, -6, -5, 2, 2, 2, -6, -7, 4, -4, 1, -6, -4, -2, -8, -8, -4, 2, -8, -3, -5, -1, -6, 0, -3, 3, -3, 4, -6, -4, -3, -1, -5, 4, 0, -7, -5, -1, -1, -2, 0, 2, -3, -1, -3, 4, 3, -6, 2, -7, -7, -6, 0, -5, 1, 2, 4, 1, -7, -7, 3, 2, 4, -6, -5, -5, 3, -6, 2, -6, -4, 3, -4, 4, 3, -4, -8, 0, -8, -4, 3, -4, 2, -2, 3, -7, -3, -4, -3, -3, -5, -8, 3, -3, 2, 4, -1, 2, -3, -1, -3, -5, -8, 4, 4]
 
2.83401474748: [0, 2, 1, 0, -4, -7, 3, -2, 3, -8, -6, 1, 1, -6, -1, 4, -8, -6, 4, -1, -1, 1, 0, -2, -3, -2, -5, 3, 2, -4, 1, 3, 3, 0, -3, 3, -6, 0, -5, -2, -6, -4, -2, 1, -7, -2, -2, -4, 2, -5, 0, -3, -5, -8, -6, -2, -2, -2, -3, 3, 0, 1, -6, -4, -2, 4, -3, -2, 3, 2, -7, 4, -5, -4, -7, -3, -8, 0, 4, -1, -7, 4, -4, -6, 0, 4, -6, 3, -8, -4, 1, -6, 4, -4, 3, -6, -6, -3, -4, -8, 0, -8, -4, 3, -4, 2, -2, 3, -7, -3, -4, -3, -3, -5, -8, 3, -3, 2, 4, -1, 2, -3, -1, -3, -8, -2, 4, 2]
 
1.26933091999: [-8, -5, -7, 3, 2, 2, -5, -3, -4, -2, 2, -2, -1, 4, -1, -5, 0, -5, -8, -4, -7, -2, -4, 0, -2, -8, -6, 2, -5, 2, 0, -7, -1, 4, -6, -4, -2, -8, -8, -4, 2, -8, -3, -5, -1, -6, 0, -3, 2, -8, 0, 2, -5, -8, -7, -2, -2, -2, -3, 3, 0, -6, -2, 0, 1, 3, -1, -8, 0, 3, -6, 2, -7, -5, -5, -1, 3, 4, 2, -5, 1, -8, -8, 4, -6, -8, 4, -5, -5, 3, -4, 2, -7, -4, 3, -4, 4, 3, -3, 3, -1, -2, -6, 2, -7, 3, -5, -4, -4, -7, 2, -5, -6, -5, 4, 1, -8, -1, 1, -2, 2, -4, -1, -3, -8, -2, 4, 2]
 
1.95588298378: [-7, 0, -1, 1, 3, -6, -8, 2, -3, 2, -6, -7, 0, -8, -6, -5, -3, -3, -7, 4, -7, -3, 1, 1, -1, -2, 2, 3, -5, -4, -6, -5, -4, -7, -5, 3, -6, -4, -5, -6, -6, -4, -7, 1, -3, -2, -2, -5, 3, -3, 4, -6, -4, -3, -1, -5, 4, 0, -7, -5, -1, 1, -6, -4, -2, 4, -3, -2, 3, 2, -7, 4, -5, -4, -7, -3, -8, 0, 4, -1, -7, 4, -4, -6, -3, 4, -6, 3, -8, 1, 1, -6, 4, -4, 3, 1, -6, -3, -4, -8, 1, -5, -4, 3, -4, 2, -2, 3, -7, -7, 2, -1, -3, -5, -8, 1, -6, -1, 0, -7, 2, -4, -1, -3, -5, 3, 4, -8]
 
1.18685766225: [0, 2, 1, 4, 1, -7, 3, -2, 3, -8, 0, 1, 1, 2, -1, 4, -8, -6, 4, -4, 4, -2, -3, 1, -7, -1, 2, 2, -5, -6, -7, 4, -8, -3, -6, 1, -2, -1, -8, -4, 2, -8, -4, -5, 4, -6, -2, -3, 3, -3, 4, -6, -3, -3, 0, 0, 4, 0, -7, -3, -1, -1, 2, 0, 2, -3, -1, -8, -6, 3, -6, -7, -3, -7, -6, 0, 4, -1, -8, 4, 4, 4, -6, -6, -3, -1, -7, -1, -8, 1, -3, -6, 4, -4, 4, 1, -5, 1, -4, -2, 3, -5, -4, 3, -4, 2, -2, 3, -7, -7, 2, 0, 3, -7, -2, 1, -7, 1, 0, -7, -5, -4, -1, -8, -5, 3, 4, -8]
 
3.30875612421: [-3, 2, -6, 1, 3, 2, 3, 1, -5, -5, 1, -7, -6, -3, 3, 0, -1, 3, -7, 0, -1, 1, 0, -2, -3, -2, -5, 3, 2, -4, 1, 3, 3, 0, -3, 3, -6, 0, -5, -2, -6, -4, -2, 1, -7, -2, -2, -4, 2, -5, 0, -3, -5, -8, -6, -2, -2, -2, -3, 3, 0, -1, -2, 0, 2, -3, -1, -8, -4, 3, -6, 2, 2, -4, -7, -3, -8, 0, 4, -1, -7, -7, -7, 3, 2, 4, -6, -5, -5, 3, -6, 2, -6, -4, 3, -4, 4, 3, -3, 3, -1, -2, -4, 2, -4, 3, -5, 4, -4, -7, 2, -1, -3, -5, -8, 1, -6, -1, 0, -7, 2, -4, -1, -3, -5, 3, 4, -8]
 
0.703583633795: [-7, -6, 0, 3, -3, 2, -8, -3, -2, 3, -5, -7, 4, 1, 3, -8, -5, -3, 4, 0, 4, -7, 1, 3, -8, -2, -5, 3, 1, 2, 0, -7, -5, 4, -6, 0, 4, -8, -8, -4, 2, -8, -3, -5, -1, -6, -3, -3, -6, -3, 0, -6, -4, 3, -2, -7, -6, 0, -7, -5, -1, -1, -6, -4, -2, 4, -3, -1, 4, 3, 1, 2, -7, -7, -6, 0, -5, 4, -8, 0, -4, 0, -4, -6, -3, 4, -6, -4, 4, -4, 1, -6, 4, 0, 3, 1, -6, 3, -4, -3, -6, -5, -4, 1, 2, -3, -2, 3, -7, -7, 4, -1, -3, -5, -2, 1, -6, -1, 0, -7, 2, -4, -1, 3, 2, 3, 4, -1]
 
0.780691008666: [-8, -2, -3, -3, 0, 4, 0, 4, 1, -4, -4, -2, 4, 1, -1, -5, 0, 2, -7, 0, 3, 4, 2, -2, -3, -2, -3, 3, 2, -6, 1, -8, 3, -7, -3, 3, -6, 0, 1, 4, 3, -4, -2, 1, 4, -2, 0, -3, -8, -5, -1, 1, -4, -3, 3, 4, 4, -2, 1, 2, -1, 4, -7, -6, -1, -8, -3, 0, 0, 2, -7, 4, -5, -4, -3, -3, -8, 0, -2, 4, 0, -1, -7, 3, -8, 4, -6, 3, -1, 1, 1, -3, 4, -4, 3, 1, 0, -3, -4, -8, 1, -5, -4, 3, -8, 2, -5, -3, -7, 2, 2, -1, -3, -5, -8, -4, -6, -1, 0, 4, 0, -4, 0, -7, -8, -2, -1, 2]
 
0.562741392802: [-4, 3, -2, 1, 3, -6, 4, -5, -5, 2, 4, -7, 0, 1, -6, -5, -3, -3, -1, 4, -7, -3, 1, 1, -5, -2, -1, -5, -3, -8, -6, -5, -4, -7, -5, -1, -1, -4, -5, -6, -7, -4, -8, -4, -3, -4, -7, -5, -8, 4, 0, 3, -5, -8, -7, -2, -4, -2, -5, 3, 0, -3, -2, -3, 1, 3, -1, -7, 3, -7, -3, 2, -7, -5, -5, -1, 3, -7, 2, -5, 1, -8, 3, -5, -6, -8, 4, -3, -5, 3, -4, 3, -3, -4, -3, -4, 4, 3, 3, 3, -1, -2, -5, 2, -7, 3, -8, -8, -4, -6, 2, -5, -6, -5, 4, 1, -8, -7, -5, -2, 2, -7, 3, -3, -3, -2, 4, 2]
 
1.19287575278: [-7, 2, -6, 1, 3, 2, 3, 1, -5, -5, 1, -7, -6, -3, 3, 0, -1, 3, -7, 0, -1, 1, 0, -2, -3, -2, -5, 3, 2, -4, 1, 3, 3, 0, -3, 3, -6, 0, -5, -2, -6, -4, -2, 1, -7, -2, -2, -4, 2, -5, 0, -3, -5, 4, 3, -4, -6, -3, 2, 0, 3, 2, 0, -8, -7, 1, -2, -4, 4, -2, -6, 2, -7, 0, 2, -1, 3, -4, 2, 4, -8, -2, 0, -7, -8, 4, -8, 1, -3, -5, 2, 2, -6, 4, -8, 2, -6, -4, -7, -3, 1, 3, -5, 0, -8, -8, -1, 3, -7, -7, 2, -1, -3, 2, -3, -3, -6, -1, 0, 4, 0, -4, -6, -3, -8, -2, -1, 2]
 
2.41039485263: [-8, -5, -7, 3, 2, 2, -5, -3, -4, -2, 2, -2, -1, 4, -1, -5, 0, -5, -8, -4, -7, -2, -4, 0, -2, -8, -6, 2, -5, 2, 0, -7, -1, 4, -6, -4, -2, -8, -8, -4, 2, -8, -3, -5, -1, -6, 0, -3, 3, -3, 4, -6, -4, -3, -1, -5, 4, 0, -7, -5, -1, 1, -6, -4, -2, 4, -3, -2, 3, 2, -7, 4, -5, -4, -7, -3, -8, 0, 4, -1, -7, 4, -4, -6, -3, 4, -6, 3, -8, 1, 1, -6, 4, -4, 3, 1, -6, -3, -4, -8, 1, -5, -4, 3, -4, 2, -2, 3, -7, -7, 2, -1, -3, -5, -8, 1, -6, -1, 0, -7, 2, -4, -1, -3, -5, 3, 4, -8]
 
0.651762446243: [-5, 2, -6, 1, 3, 2, 3, 1, 2, -5, 1, 0, -6, -3, 4, 4, 3, 4, -7, -5, -1, 4, 2, -5, -3, -2, -5, 3, -2, 1, 1, 3, 3, 0, -3, -2, -6, 0, -5, -2, -6, -2, -2, 1, -4, -7, -2, -4, 2, -5, 0, -3, -5, 0, -6, -7, -2, -2, -3, 3, 0, -1, -2, 4, 2, -8, -1, -8, -3, 3, -6, 2, 2, -6, -7, -3, 0, 0, 4, -1, -7, -3, -7, 0, 1, -5, -6, -5, -8, 3, -1, 2, -8, 3, 0, -4, 4, -2, -3, 3, -1, -4, -4, 2, -4, -1, -5, 4, -4, -7, 2, -1, 1, 2, -5, -6, 4, -1, 0, -7, 2, -6, -1, -2, -1, 3, 4, -8]
 
2.18988390224: [-3, 2, -6, 1, 3, 2, 3, 1, -5, -5, 1, -7, -6, -3, 3, 0, -1, 3, -7, 0, -1, 1, 0, -2, -3, -2, -5, 3, 2, -4, 1, 3, 3, 0, -3, 3, -6, 0, -5, -2, -6, -4, -2, 1, -7, -2, -2, -4, 2, -5, 0, -3, -5, -8, -6, -2, -2, -2, -3, 3, 0, -1, -2, 0, 2, -3, -1, -3, 4, 1, -6, 3, -7, -7, -6, 0, 0, -5, 2, 4, -1, -7, -7, 3, 2, 1, -2, -2, -4, 1, 4, -6, -6, -4, -2, 1, -6, -3, -4, -8, 1, -6, -1, -1, 1, 2, -2, 3, -7, 3, 2, -1, -3, -5, -8, -8, -6, -1, 0, -7, -4, -2, 2, -3, -7, 3, 4, 4]
 
1.31044095359: [0, 2, 1, 0, -4, -7, 3, -2, 3, -8, -6, 1, 1, -6, -1, 4, -8, -6, 4, -1, -4, -2, -3, 1, -6, -5, 2, 2, 2, -6, -7, 4, -4, 1, -6, -4, -2, -8, -8, -4, 2, -8, -3, -5, -1, -6, 4, -4, 2, -5, -4, -3, -8, -8, -1, -5, 4, 0, -7, -5, -1, 1, -5, -4, -2, 4, 1, -8, -4, 3, -6, 2, 2, -4, -7, -3, -8, 0, 4, -1, -7, 4, -4, -6, -3, 4, -6, 3, -8, 1, 1, -6, 4, -4, 3, 1, -6, -3, -4, -8, 1, -5, -4, 3, -4, 2, -2, 3, -7, -7, 2, -1, -3, -5, -8, 1, -6, -1, 0, -7, 2, -4, -1, -3, -5, 3, 4, -8]
 
0.790732405281: [2, -5, 3, 0, -3, -7, 0, -2, 3, 0, 2, 1, 1, -8, 3, 4, -5, -6, 4, -1, 4, -2, -3, 1, -6, -5, 2, 3, 2, -4, 1, 3, 3, 0, -3, 3, -6, 0, -5, -2, -6, -4, -2, 1, -7, -2, -2, -4, 2, -5, 0, -3, -5, 4, 3, -4, -6, -3, 2, 0, 3, 2, 0, -8, -7, 1, -2, -4, 4, -2, -6, 2, -7, 0, 2, -1, 3, -4, 2, 4, -8, -2, 0, -7, -8, 4, -8, 1, -3, -5, 2, 2, -6, 4, -8, 2, -6, -4, -7, -3, 1, 3, -5, 0, -8, -8, -1, 3, -7, -7, 2, -1, -3, 2, -3, -3, -6, -1, 0, 4, 0, -4, -6, -3, -8, -2, -1, 2]
 
3.09049590686: [-7, 2, -6, 1, 3, 2, 3, 1, -5, -5, 1, -7, -6, -3, 3, 0, -1, 3, -7, 0, -1, 1, 0, -2, -3, -2, -5, 3, 2, -6, -7, 4, -4, 1, 2, -4, -2, -8, 4, -7, -6, -3, -3, -5, -1, -6, 0, -3, 4, 4, 4, -4, -5, -3, -1, -5, -3, 0, -7, -5, -1, 1, -6, -4, -2, 4, -3, -2, 3, 2, -7, 4, -5, -4, -7, -3, -8, 0, 4, -1, -7, 4, -4, -6, -3, 4, -6, 3, -8, 1, 1, -6, 4, -4, 3, 1, -6, -3, -4, -8, 1, -5, -4, 3, -4, 2, -2, 3, -7, -7, 2, -1, -3, -5, -8, 1, -6, -1, 0, -7, 2, -4, -1, -3, -5, 3, 4, -8]
 
