1.0207597951: [1, -5, 4, 3, 4, 0, -6, -4, -6, 0, 1, -1, -3, 2, -8, 0, 3, -2, -7, 2, -8, -7, -4, 1, -2, -1, 0, 3, -1, -7, -5, 4, -8, 4, -2, 1, 1, 4, -7, -2, -3, -7, -3, -7, -2, -7, -2, 4, -6, 1, 4, -8, -5, -5, -8, 4, -3, -8, -2, -8, 2, -7, 1, -4, -4, -5, -8, -3, -5, 0, -2, -2, -5, -2, -5, 4, -1, 0, -6, 0, -4, -2, -3, -7, -7, -7, -6, 4, 1, 1, -2, 4, -6, 1, -6, 0, 4, 0, 1, -5, -1, -7, 1, -4, -5, -6, -7, -6, -8, -1, -6, -6, -7, -4, -6, 2, -1, -8, -3, 2, 3, -1, -8, 3, -2, 2, -1, -5]
 
1.5098614067096006: [-7, 1, -7, -6, -8, 1, -7, 4, -2, 3, 0, -1, -8, -7, 0, -7, 0, 0, 3, 4, -8, 4, -4, 2, -8, 3, -3, -2, -5, 3, -6, 0, -2, 1, -5, -7, -7, -4, -1, 2, 2, -5, 2, -3, -2, -3, 1, -6, 3, -5, -1, 0, -1, -5, -1, 3, 0, -5, -7, 4, 4, 0, 2, 3, -7, -6, -7, -6, -8, -1, -8, -5, -1, -3, -7, 4, -2, -5, -5, 3, -3, -4, -3, 3, -4, 2, 2, -3, -4, 3, -8, -5, 2, -4, 4, -8, -1, -6, 0, -3, -1, 2, -2, 1, -8, 3, 1, -3, 0, -6, -5, 1, -8, 4, -2, 1, -5, -1, -4, -8, 4, -4, -5, -5, -1, -3, -6, -2]
 
1.7775404669919812: [2, 0, -2, 0, -8, 1, 1, 4, 3, -8, 2, -8, -3, -5, -8, 3, 0, -5, -7, -2, 2, -8, -8, -7, 0, 2, -7, 4, -1, 0, 4, 2, 2, -3, -4, 1, 1, -3, -8, -2, -3, -6, 4, 1, -2, -1, -4, 0, -7, -2, -7, 1, 3, -7, -1, -8, -4, 1, 4, -8, -3, 0, -1, -4, 3, -6, 4, -7, -7, -2, -8, 2, -6, 2, -7, 0, 4, -6, -8, 3, -3, -4, -3, 4, -8, 2, 2, -3, 2, 4, -8, -5, 2, -8, 4, -5, -1, -6, 0, -3, 0, 2, -2, 1, -1, 3, 1, -3, 0, -6, -5, -5, -8, -3, -2, 1, -1, -1, -4, -8, 4, 0, -8, -3, 2, 1, -5, -2]
 
2.63980413237: [-4, -8, -3, -1, -8, -6, 3, 4, -6, -4, -8, 2, -2, -7, 4, 0, -3, -1, 4, -4, -8, -8, 1, -2, -7, 0, -3, -1, -6, -6, -6, -4, -5, -6, -8, 3, -2, -1, -6, 0, -7, 4, -3, 1, 1, -8, -1, 2, -3, -7, -2, -3, 2, -4, -8, -2, 3, -1, 2, -6, 3, -2, 2, -1, -4, -2, 3, -2, -6, -2, -6, -2, 0, 2, -4, 1, -3, -5, -5, 2, 0, -4, -3, -1, -8, 2, 4, -1, -7, -2, 2, -8, 2, 4, 1, -1, -8, -8, 1, -8, -1, -7, -7, -3, -8, 3, -6, -5, -7, 4, -4, -5, -1, 4, -2, -2, -1, -5, 1, -7, -3, -4, 1, -5, -1, -2, -3, -3]
 
1.7879899122140976: [-2, -1, -7, 4, 0, -8, -1, -2, -3, 4, -2, 0, -3, -3, 3, 4, 3, 4, 1, -4, -5, -4, 3, -5, 3, -4, 1, -6, -4, -6, -6, -5, 3, -5, 3, 3, -2, -7, 1, 1, -7, -6, -4, -8, -6, 0, -5, 4, -7, -2, -5, -2, -3, -2, -8, -8, -7, 1, -6, -6, -8, -7, -6, -1, -3, -5, 2, -2, -6, -2, 4, 4, -7, -6, -1, -7, -2, -7, -5, 4, -2, -6, 2, -1, 0, 4, 4, -7, -4, -4, -8, -8, -3, 2, -5, -4, 0, 0, -2, 2, -5, 3, 3, -3, -4, -5, 4, -4, -5, 3, 1, -8, -6, -4, -2, -4, 4, -5, -3, 1, -4, -6, 3, 2, -7, 2, -2, -8]
 
1.28966609011: [-8, -5, -2, -4, 4, 0, 2, -1, 4, 0, 3, -5, -3, 1, 4, -4, 3, -1, 2, -8, -4, 2, -6, -2, -7, -2, 2, -6, 3, -2, 2, 4, 1, -7, -2, 4, 1, -5, -1, -7, -3, 0, 4, 1, -4, 1, 2, -6, -7, -5, -8, 1, -1, 2, 1, 4, 2, 1, 0, -8, -8, -2, -6, -3, 3, -4, -4, -3, -6, -5, -6, -2, 4, 4, 2, 3, 1, 4, 3, 0, 0, -6, -3, -2, -1, -7, 1, 0, 0, -1, 2, -6, -6, -2, -1, -3, 1, -8, 0, -8, -5, -7, -3, 3, -7, 3, -6, 2, -8, -7, 0, 0, 1, -4, 1, 2, 1, -8, -5, -3, -6, -1, -4, 4, 1, -2, 1, 4]
 
1.5594979670623241: [-6, -8, -8, -8, -1, -6, -8, -4, -3, 2, 4, 1, -3, 2, 1, -2, 0, 3, -2, -2, -7, -8, -1, -3, 4, 0, -7, 3, 3, 1, 1, 2, 2, 4, -4, -4, -4, -3, -3, -2, -3, -2, 4, 1, -2, -8, -4, 0, 2, -2, -3, -5, 3, -4, -6, -8, -4, 1, -4, -8, -3, 0, -7, -2, 3, 0, 4, -6, -3, -2, -7, 2, -6, -1, -8, 0, 4, -6, -5, -5, -3, -4, 3, 3, 3, 2, 2, -3, -4, 2, -8, -5, -1, -5, 4, -8, -1, -7, 0, -3, -6, 2, -2, -7, -8, -8, 1, -3, 0, 2, -5, 1, -8, 2, -2, 0, -5, 3, 3, 0, -4, -2, -5, -5, -1, 0, -6, -2]
 
3.9534165568045134: [2, 0, 1, 0, -8, 1, -7, 4, 3, -5, 2, -1, 1, 2, -5, -4, 4, 4, 0, 4, -8, 1, -1, -4, -1, 1, 1, 2, -5, 1, -1, -8, 0, -3, -5, -3, 3, 4, 1, -2, -3, -1, 0, -8, 1, -8, -7, -3, -4, -1, -6, -3, -5, -5, -5, -3, 3, -7, -1, -6, -3, -2, 1, -1, -7, -1, -1, -2, -4, -3, -4, -5, -3, 1, -7, -5, -1, 3, -5, 2, 0, -8, 0, -3, 1, -5, 3, -7, -8, -3, -6, -3, 2, 4, -4, 0, 2, -8, 1, -8, -1, 2, 2, -3, -8, -1, -7, 3, 4, -7, -7, -4, -8, -2, 3, -4, 2, 1, 1, -8, 3, -4, 2, -5, -1, -3, -3, -5]
 
0.9492713127771992: [-3, -3, 0, -5, 1, 1, 3, -2, -3, 1, -2, 2, -3, 0, 3, -7, 3, -7, 0, -6, -5, -2, -7, -3, 4, 0, 1, -2, -5, 3, -1, -2, -4, -5, -5, -7, -7, -3, 4, 4, -4, 4, -8, -1, -5, -2, 2, -5, -2, -5, -4, -6, -5, 4, -8, 0, 3, -5, 4, -6, 0, -2, -6, -7, 3, -4, -1, -2, 4, -1, 1, -6, -1, -3, -5, -6, -1, -8, -4, 1, -1, -3, -3, 4, -8, -2, -7, -2, -2, -5, 1, 0, -6, 4, 4, -8, -1, 0, -2, 3, 4, -3, -2, 1, -4, 3, 2, -3, -5, -6, -7, -6, 3, 4, -2, -8, -3, -8, 1, -3, -6, -1, 4, -5, -2, 3, -8, -6]
 
2.4726046801107233: [-1, -3, -6, 4, -4, -6, -7, -5, -6, -4, 2, 2, -2, 0, -5, -2, 4, -8, 2, -8, -4, -2, -5, 4, -7, 0, 4, -6, -5, -4, 2, -1, -8, -4, -2, -6, 1, -5, -1, -7, -3, -7, 4, 1, -4, -7, 2, -6, -7, 1, -7, 1, -5, 2, -8, 4, 2, 1, -2, -8, -6, -2, -6, 0, -3, -5, -4, -3, -6, -2, -6, -2, 1, -2, -4, -5, 4, -6, 2, 0, -1, 2, -2, -1, -7, -2, 2, 0, -4, -2, 4, -8, 2, 3, 3, 0, 4, 0, -1, 2, -1, 0, -2, 1, -5, 4, 1, -8, -8, -6, -6, -6, -2, -5, -2, -2, -5, 1, 2, -1, -3, -3, 1, 3, -5, 1, 3, -3]
 
1.78848255967: [1, -5, -2, -2, -7, 3, 4, -1, 4, 0, 1, -5, -3, 1, -3, 1, 3, 3, 2, 1, -4, -2, -5, 4, -8, -2, 0, -5, -3, -7, -7, -6, -8, -7, -3, 1, 1, -5, -1, -7, 4, -7, 4, 1, -4, -7, 1, -6, 0, 1, -7, 1, -5, 2, -2, 3, 2, -4, 4, -8, -6, -7, -6, 0, -3, -5, -3, 0, -6, -2, -6, -7, -3, -2, -5, 1, 1, 4, -2, -5, 4, -4, -3, -1, -1, -5, -7, 0, -4, -1, 2, 0, 0, -3, -3, 4, 1, 2, 3, -3, -8, -8, 2, -1, 2, -7, 0, -6, -4, -2, 1, 1, -6, 3, 1, 3, 1, -3, -3, -8, -5, -6, -2, 4, -5, -2, 1, 4]
 
0.5892835926203179: [-2, -3, -5, 3, -4, -6, -1, 2, -3, -4, -3, 2, -3, -4, -1, 0, 3, -7, 1, 3, -2, -4, -1, -5, 0, -5, 4, 3, -5, 1, 1, -3, -3, -3, -7, 1, 1, -5, -6, -2, 4, -7, 4, -1, -1, -7, -8, 0, 1, -1, -2, -3, 2, 2, -8, -7, 0, -5, -6, -5, 4, -2, -6, -1, 2, -4, -6, 4, -6, 0, -6, -2, 1, -4, -4, -5, -3, -5, -6, 2, 0, 2, -3, 1, -8, -5, -4, -1, -6, -2, 2, -8, 2, 4, -3, 0, 3, 0, 2, -7, 2, 1, 4, -6, -4, -3, -5, 0, 0, 3, -6, -5, -2, -3, -6, 2, -3, 2, 1, -7, -3, 3, -6, -5, 1, 1, 1, -8]
 
1.14272172814: [-3, -3, -6, 4, -4, -5, -1, 2, -6, -4, -4, 4, 2, -6, -5, -2, -6, 3, 2, -6, -3, -5, -6, 0, 0, -2, -7, 4, 1, 1, 1, -8, -7, -5, -8, 4, -7, -3, 1, 1, -4, -1, 0, -7, -3, 2, -2, -3, -2, 4, -3, -2, -7, -3, 3, -3, 4, -1, 0, -5, -5, 1, -7, -5, -2, -6, -7, -5, -5, -1, 1, 4, -7, 2, -1, -5, -7, 4, 1, -3, 3, -2, -2, -1, 0, 0, -6, 0, -4, -6, -7, 3, -7, 3, 3, 4, -5, -7, -1, -6, 3, -2, -2, -2, 4, -7, 1, -4, -8, 1, 2, -5, -2, 1, 4, -8, -6, -6, 2, 4, -2, 1, -3, -2, -6, 2, -1, -1]
 
2.3492152928332315: [2, 0, 1, 0, -7, 0, -6, -1, 4, 0, 1, -5, -3, 1, 4, 1, 3, -8, 2, -8, -4, -2, -5, 4, -7, -2, 0, -6, 3, -7, 2, 4, -8, -7, -2, 1, 1, -5, -1, -7, -3, -7, 4, 1, -4, -7, 2, -6, -7, 1, -7, 1, -5, 2, -8, 4, 2, 1, -2, -8, -6, -2, -6, 0, -3, -5, -4, -3, -6, -2, -6, -2, 1, -2, -4, -5, 4, -6, 2, 0, -1, 2, -2, -1, -7, -2, 2, 0, -4, -2, 4, -8, 2, 3, 3, 0, 4, 0, -1, 2, -1, 0, -2, 1, -5, 4, 1, -8, -8, -6, -6, -6, -2, -5, -2, -2, -5, 1, 2, -1, -3, -3, 1, 3, -5, 1, 3, -3]
 
2.337413574596865: [-6, -8, 0, -5, -3, -6, -1, 2, 4, -5, 1, -3, -8, -7, 0, -7, 0, 0, 3, 4, -8, 4, -4, 2, -8, 3, -3, -2, -5, 3, -6, 0, -2, 1, -5, -7, -7, -4, -1, 2, 2, -5, 2, -3, -2, -3, 1, -6, 3, -5, -1, 0, -1, -5, -1, 3, 0, -5, -7, 4, 4, 0, 2, 3, -7, -6, -7, -6, -8, -1, -8, -5, -1, -3, -7, 4, -2, -5, -5, 2, 1, 2, -5, -3, -5, -5, -4, -5, -6, 1, -8, 4, -4, -3, -3, 4, 1, 2, 3, 2, -8, -8, 2, -1, 2, -7, 2, -6, -4, -7, -3, 0, -6, 3, 1, 3, 1, -3, -6, -1, -6, -6, -1, 4, 1, -2, 1, 4]
 
0.664865353869: [-1, 3, -6, 4, 4, -5, 1, -5, 0, -1, 2, -8, 2, -1, -8, -3, -7, 3, -2, -3, -7, 4, 1, 0, -8, -2, -7, 3, 1, 1, -2, -8, -5, 0, -8, -2, -1, 1, 1, 0, -8, -5, -6, -7, -3, 2, 2, 4, -2, 4, 4, 2, -7, -1, -8, -3, -7, -1, 0, -5, -3, 3, 2, -5, 2, 2, -7, -5, -3, -5, -8, 4, -7, -2, -4, 0, -7, 2, 1, -3, -1, 2, -2, -6, 3, 1, -6, 3, -4, -2, 4, 3, -7, -7, -2, -8, -8, -7, -1, 4, 3, -6, -2, 1, 2, -7, 1, -3, 0, -3, 2, 1, -8, 0, -2, 1, -5, -1, -3, -8, -3, -4, 4, -2, -1, -3, -6, -7]
 
1.39503923128: [2, 3, 1, -1, -8, -6, -7, -3, -2, 1, 0, -4, -1, -7, 0, -1, 0, 0, 3, -5, -8, -6, -1, 2, -1, 3, 2, -1, -5, -2, -6, 0, -2, -5, -5, -7, -6, -4, -1, 2, 2, -5, -1, -3, -2, -3, 1, -5, 3, -5, -1, -5, -1, 2, 0, 1, 0, -5, -7, 4, 0, 0, 2, 3, 4, -6, -1, -6, -8, -1, -8, -6, -3, -3, -7, -2, -2, -5, -3, 2, 1, -3, -5, -3, -6, -5, -4, -5, 4, 1, -4, 4, -4, -4, -3, 4, 1, -5, 3, 2, -5, 2, 2, -1, 2, -7, 2, 1, 3, -7, 1, 0, -6, 3, 1, 2, -1, -1, -6, -1, 3, -2, -1, -3, 1, -3, 1, -6]
 
1.4627579840922964: [-2, -3, -8, -4, 2, 0, -1, -2, -3, -4, -1, 2, -3, -7, 2, -7, 3, 2, -2, -4, -2, -2, 3, -5, 3, -6, 2, -5, -1, -2, 4, -6, 3, 0, 1, 4, -2, -5, 3, 2, 2, -1, -3, -3, -2, -3, 1, -6, 3, -5, 0, 4, -6, -5, 3, 3, 0, 1, -6, -6, 4, 0, 2, 3, -7, -2, -7, -6, -8, -7, -8, -5, -1, -3, -4, 4, -2, -5, -2, 2, 1, 2, -8, -8, -5, -5, -4, -5, -6, 1, -8, -2, -4, -3, 1, 4, -6, 2, 3, 2, -8, -8, 2, -3, -1, -7, -3, -6, -4, -7, -3, 0, -6, 4, 1, 3, 1, -3, -6, -1, -6, -7, -1, 4, -3, -7, 4, 4]
 
1.7500515588899312: [-6, -8, -8, -1, -1, -6, -8, -4, -3, 2, 0, 1, -3, 2, -8, 3, 0, 3, -2, -2, -7, -8, -8, -6, 3, -4, -7, 3, -1, 3, 1, 2, 2, -3, -4, 1, 1, -3, -8, -2, -3, -2, 4, 1, -2, -8, -4, 0, -7, -2, -7, 1, 3, -4, -1, -8, -4, 1, 4, -8, -3, 0, -1, -4, 3, -6, 4, -7, 4, -6, -5, 2, -6, 4, -7, 0, 4, -6, -8, 3, -3, -4, -3, 3, -4, 2, 2, -3, -4, 3, -8, -5, 2, -4, 4, -8, -1, -6, 0, -3, -1, -2, -2, -2, 1, -7, 1, -4, -8, -4, 2, -8, -2, 1, 2, -8, -4, -6, 2, 3, -2, 1, 0, -2, 3, 2, -1, -1]
 
3.989087733304939: [-6, -8, -8, -1, -1, -6, -8, -4, -3, 2, 0, -1, 1, 2, -5, -4, 4, 4, 0, 4, -8, 1, -1, -4, -1, 1, 1, 2, -5, 1, -1, -8, 0, -3, -5, -3, 3, 4, 1, -2, -3, -1, 0, -8, 1, -8, -7, -3, -4, -1, -6, -3, -5, -5, -5, -3, 3, -7, -1, -6, -3, -2, 1, -1, -7, -1, -1, -2, -4, -3, -4, -5, -3, 1, -7, -5, -1, 3, -5, 2, 0, -8, 0, -3, 1, -5, 3, -7, -8, -3, -6, -3, 2, 4, -4, 0, 2, -8, 1, -8, -1, 2, 2, -3, -8, -1, -7, 3, 4, -7, -7, -4, -8, -2, 3, -4, 2, 1, 1, -8, 3, -4, 2, -5, -1, -3, -3, -5]
 
1.26611378784: [0, -4, -7, -6, -1, -6, 3, -4, -3, 2, 1, -5, -3, -3, -5, -5, 4, 3, 4, -6, 3, -8, -8, -8, 1, -4, -6, 3, -1, 1, 1, 2, -7, -3, 3, -1, -5, -3, -8, -8, 1, -7, 4, 4, 1, 2, -5, 0, -7, -6, -4, 2, 3, 2, 4, -8, 3, 1, 4, -7, -3, -3, -1, -3, 3, -7, -6, -1, 4, -1, -5, 2, -3, -1, -4, 0, 4, -6, 4, -7, 1, 4, 3, -8, 1, -5, -3, -6, 2, 0, -2, -1, -2, -7, -5, -4, -1, -1, 1, 1, -7, 4, 0, -3, 2, -6, -7, -8, 0, 4, -8, -6, -1, -7, -2, -4, -2, -3, -7, 0, -5, -5, -5, 3, -8, -4, 1, -6]
 
0.922004743342: [-8, 4, -7, 4, -2, -2, 3, -5, -1, -7, -6, -4, 1, -6, -6, 0, 3, -7, 1, -4, -2, -4, 3, -5, 3, 3, 3, -6, 4, -5, -4, -3, 3, -6, 3, 4, -2, -3, 4, 0, -4, -6, -1, -1, -3, -2, -5, -5, -2, -5, -7, -6, -5, 4, -8, 0, 3, 2, -7, 3, -1, -6, -6, -7, 3, -4, -1, -2, -8, -1, 1, 4, 3, 2, 3, -1, 0, -8, -4, -3, 1, -3, -3, 4, -6, -5, 3, -6, -4, -5, 1, -7, 4, -2, 4, -2, 0, -5, -2, 3, 2, -6, -3, 1, -8, 3, -4, -8, -8, -1, -5, -6, -6, 4, -2, -8, -3, -3, 4, -5, -6, -1, -1, -3, -2, -8, -8, -6]
 
2.1302598494041707: [1, -5, -2, -4, -1, 0, -6, -1, 4, 0, 1, -5, -3, 1, 4, 1, 3, -8, 2, -8, -4, -2, -5, 4, -7, -2, 0, -6, 3, -7, 2, 4, -8, -7, -2, 1, 1, -5, -1, -7, -3, -7, 4, 1, -4, -7, 2, -6, -7, 1, -7, 1, -5, 2, -8, 4, 2, 1, -2, -8, -6, -2, -6, 0, -3, -5, -4, -3, -6, -2, -6, -2, 1, -2, -4, -5, 4, -6, 2, 0, -1, 2, -2, -1, -7, -2, 2, 0, -4, -2, 4, -8, -4, -3, -3, 4, 1, 2, 3, 2, -8, -8, 2, -1, 2, -7, 2, -8, -8, -6, -6, -6, -2, -5, -2, -2, -5, 1, 2, -1, -3, -3, 1, 3, -5, 1, 3, -3]
 
1.3850882729555631: [-3, -8, -7, 0, -3, 3, 3, -2, -3, -4, -2, 2, -3, 4, 2, -7, 3, -7, 0, 2, -5, -2, -7, -5, 4, -4, 1, -5, 1, 0, 0, -4, 2, -7, 4, -7, -1, -5, 4, 0, -7, -5, 0, 3, -2, 0, 4, 3, -3, -4, -2, -4, 2, -1, -8, -7, 3, -1, -1, -6, 4, 0, -3, -1, -3, -8, 3, -3, -6, -2, -6, -2, 1, -2, -4, -5, 4, -6, 2, 0, -1, 2, -2, -1, -7, -2, 2, 0, -4, -2, 4, -8, 2, 3, 3, 0, 4, 0, -1, 2, -1, 0, -2, 1, -5, 4, 1, -8, -8, -6, -6, -6, -2, -5, -2, -2, -5, 1, 2, -1, -3, -3, 1, 3, -5, -4, -1, 4]
 
2.9394324778885146: [-6, -8, -3, -1, -4, -6, -7, -2, -6, -4, 2, 2, -2, -7, -5, -4, 4, -1, 1, 4, -8, -8, 1, 0, -7, -2, -6, 1, -6, -2, -6, -4, -5, -7, -8, -2, -1, 4, 1, 0, -7, -5, 0, 1, 1, -8, -5, -3, -3, -1, -2, -3, 2, 2, -8, -7, 3, -1, -6, -6, -1, -2, -6, -1, -3, -2, -1, -2, -6, -2, -6, -2, 1, -2, -4, -5, 1, -5, -5, 2, 0, 2, -3, -1, -8, -5, -4, -1, -4, -2, 2, -8, 2, 4, -3, 0, -8, -8, 1, -8, -1, -7, -7, -3, -8, 3, -4, 3, -7, 4, -4, -4, -1, 4, -2, -8, -3, -5, 1, -7, 2, -4, -4, 3, -1, -1, 4, -6]
 
2.082853737772379: [-7, 1, -7, -6, -8, 1, -7, 4, -2, 3, 0, -1, -8, -7, 0, -7, 0, 0, 3, 4, -8, 4, -4, 2, -8, 3, -3, -2, -5, 3, -6, 0, -2, 1, -5, -7, -7, -4, -1, 2, 2, -5, 2, -3, -2, -3, 1, -6, 3, -5, -1, 0, -1, -5, -1, 3, 0, -5, -7, 4, 4, 0, 2, 3, -7, -6, -7, -6, -8, -1, -8, -5, -1, -3, -7, 4, -2, -5, -5, 2, 1, 2, -5, -3, -5, -5, -4, -5, -6, 1, -8, 4, -4, -3, -3, 4, 1, 2, 3, 2, -8, -8, 2, -1, 2, -7, 2, -8, -8, -6, -6, -6, -2, -5, -2, -2, -5, 1, 2, -1, -3, -3, 1, 3, -5, 1, 3, -3]
 
1.2891917571834786: [3, -7, -1, 0, -7, 0, 4, -6, -8, -5, -3, 0, -2, 1, -6, -1, -3, -8, 2, 4, -8, 3, 0, -8, -6, 0, -1, 4, 3, 1, 2, 4, -6, -3, -2, 1, 1, -5, -7, -5, 1, 4, -7, -7, -1, 0, -2, -3, 4, 1, -7, -7, -1, 2, -7, 2, -2, 1, -5, -8, -6, -1, -6, -8, -3, 0, 1, 0, -6, -3, 2, 4, -5, -4, -8, 0, 2, -8, -4, -7, -7, -7, -3, 0, -2, 0, 1, -7, 4, -8, -4, 0, -8, -6, -4, -4, 3, -6, 3, -2, -3, -5, -3, -7, -2, -3, 2, 3, -1, 3, -3, 0, -3, -7, -6, 3, -2, 3, 2, -2, 2, 3, -7, -3, 0, -8, -2, -7]
 
2.0367938464474102: [-7, 1, -7, -6, -8, 1, -7, 4, -2, 3, 0, -1, -8, -7, 0, -7, 0, 0, 3, 4, -8, 4, -4, 2, -8, 3, -3, -2, -5, 3, -6, 0, -2, 1, -5, -7, -7, -4, -1, 2, 2, -5, 2, -3, -2, -3, 1, -6, 3, -5, -1, 0, -1, -5, -1, 3, 0, -5, -7, 4, 4, 0, 2, 3, -7, -6, -7, -6, -8, -1, -8, -5, -1, -3, -7, 4, -2, -5, -5, 2, 1, 2, -5, -3, -5, -5, -4, -5, -6, 1, -8, 4, -4, -3, -3, 4, 1, 2, 3, 2, -8, -8, 2, -1, 2, -7, 2, -6, -4, -7, -6, 0, 3, 3, 3, -8, 1, -8, -3, -3, -4, 0, 3, 4, 1, -2, 1, 4]
 
0.6512975904300804: [-4, -4, 4, -7, -8, 1, -7, 4, -2, 4, 0, -1, -2, -7, 4, 1, 4, -1, 1, 4, -3, -8, 2, 0, -7, -2, -1, 0, -6, -2, -6, -4, -2, -7, -8, -2, -1, -3, -5, 0, -7, -4, -4, -1, -3, 2, 1, -6, -8, 4, 4, 0, -5, -5, -8, 3, 4, -5, -1, -4, 4, 3, -6, 3, 2, -6, -7, 0, -8, -3, -5, -5, 3, -5, -7, -8, 1, -6, 1, 1, 0, -3, -8, -1, -8, 1, 1, 0, -7, 4, -7, -8, 2, -3, 1, 0, -2, -5, 0, 2, -4, -7, -4, 3, -5, 3, 1, -6, -7, 3, -2, -4, 3, 0, -5, -8, -3, -5, 1, 2, 1, -4, -2, -4, -4, -6, -2, -6]
 
0.9762299968368738: [3, 1, 3, 2, 3, 4, -6, -5, 4, 0, 1, -5, -3, -1, 3, -1, -4, -2, 1, -8, -1, -2, -6, -8, 1, -6, 1, -6, 3, 2, 2, -3, -4, -4, -2, 1, 1, -5, -8, -1, 2, -1, -1, -6, 2, -7, -3, 3, -2, 0, -7, 1, -3, 2, -8, 4, 2, 1, -2, -5, 1, -2, -6, 0, -3, -5, 0, -3, -2, -7, 3, -2, 3, -3, -7, 1, 1, -5, -3, -6, 0, -3, -8, -1, -8, -8, 1, 0, -4, 4, 2, -8, 2, -3, 1, 0, -2, -5, -4, 2, -4, -7, -4, 3, -5, 3, 1, 3, -7, -4, -4, -4, -1, 4, -1, -8, -3, -5, 1, 2, 1, -4, -2, -4, 0, -6, -2, 2]
 
2.3321751044865784: [2, 0, 1, 0, -7, 0, -6, -1, 4, 0, 1, -5, -3, 1, 4, 1, 3, -8, 2, -8, -4, -2, -5, 4, -7, -2, 0, -6, 3, -7, 2, 4, -8, -7, -2, 1, 1, -5, -1, -7, -3, -7, 4, 1, -4, -7, 2, -6, -7, 1, -7, 1, -5, 2, -8, 4, 2, 1, -2, -8, -6, -2, -6, 0, -3, -5, -4, -3, -6, -2, -6, -2, 1, -2, -4, -5, 4, -6, 2, 0, -1, 2, -2, -1, -7, -2, 2, 0, -4, -2, 4, -8, 2, 3, 3, 0, 4, 0, -1, 2, -1, 0, -2, 1, -5, 4, 1, -6, -4, -7, -6, 0, 3, 3, 3, -8, 1, -8, -3, -3, -4, 0, 3, 4, 1, -2, 1, 4]
 
2.6300809632133673: [-1, -3, -6, 4, 1, -6, -7, -1, -1, -4, 2, 2, -8, -1, -5, -2, -8, -1, 2, -8, 0, -8, -3, 0, 3, -5, -7, 4, 1, -6, 0, 2, -3, 2, -4, -8, -8, 0, 1, -2, -3, -7, 4, -3, -5, -1, 1, -7, 0, 0, -7, -2, 1, 2, -6, 2, -3, 2, -6, -2, 3, -2, -8, 0, 2, -6, 2, -2, -6, 2, -7, 2, -5, -7, -6, -5, 1, 3, -3, -1, 0, 3, -1, -6, -3, 0, -3, -4, -8, -8, -5, 0, -7, 0, 1, -8, -4, -1, -2, -1, -5, -7, -2, 4, -2, -5, 0, 0, 2, -3, 4, -5, -3, -2, -8, 3, 4, -5, -8, 1, -8, -6, 0, -8, -1, 1, -1, -6]
 
0.68606314756: [1, -5, 3, 2, -2, 3, -6, -1, -5, 0, 1, -2, -3, 2, 1, -2, 3, 3, -2, -2, -8, -8, -1, -3, 2, 4, -1, 3, 3, 1, 1, -8, 2, 1, 2, -6, 2, -3, -3, -2, -3, -2, -3, 3, -5, -4, -4, 0, -2, -2, -3, -1, 3, -4, -6, -8, -4, 1, -4, -1, -3, -7, -7, 4, 3, -5, 4, -6, -3, -8, -4, 2, -3, 1, -8, 0, 4, 3, -5, -1, -1, -5, 3, -4, 3, 0, 2, 2, -4, 2, -8, -5, -8, -5, 4, 0, -6, -7, 0, 1, -6, 4, -4, 4, -8, -8, -1, 1, -5, -1, -5, 1, -8, 3, -2, 0, -5, 1, 3, 0, -4, 4, -4, -5, -1, 0, -3, -2]
 
0.896993099346: [-6, -8, -8, -8, -3, -6, -8, -4, -4, -6, -3, 1, -3, 2, -8, 0, 1, -2, -7, -8, -8, 0, -4, -7, 3, -1, 0, -4, 4, -7, -6, 4, 1, -5, -2, 1, -5, -8, -2, -7, -5, -7, -3, -7, -6, -8, -6, 4, -7, 1, 0, -5, -5, -5, -8, -1, 4, -4, 3, -7, -3, -2, -6, -4, 4, -5, -2, -8, -5, 2, 2, -2, -5, -5, -5, -1, 0, 4, -3, 4, -1, -2, -8, -4, -5, -5, 2, 4, -4, 1, -2, -4, 3, 1, -6, -5, 4, 0, 2, -6, -1, 0, 1, -7, 4, -5, -7, -6, -8, 2, -6, -6, 4, -4, -3, 2, -5, 3, -3, 4, 2, -2, -8, 3, -8, 2, -5, -5]
 
1.80417282652: [-6, -8, -8, -8, -1, -6, -8, -4, -3, 2, 4, 1, -3, 2, -8, 0, 3, -2, -7, -8, -8, -2, -4, 1, -2, -1, 0, 3, 4, -7, 1, 4, 1, 4, -2, 1, 1, 4, -2, -2, -3, -7, -3, -7, -6, -7, 1, -6, -7, 1, -7, -4, -5, -5, -8, 4, 2, -4, -2, -8, -3, -2, -6, -4, -6, -5, -2, -3, -5, -2, -2, -2, -5, -2, -4, -1, 0, 4, -6, 0, -1, -2, -2, -7, -7, -7, 2, 4, -4, 1, -2, -8, -1, 1, -6, 0, 4, 0, 2, -5, -1, 0, 1, -7, -5, -5, -7, -8, -8, -6, -6, -6, -6, -4, -2, 2, -5, -6, -3, 2, 2, -3, -8, 3, -8, 2, -1, -5]
 
0.380099268805: [1, -5, 3, 2, -2, 0, -6, -1, -6, 0, 1, -1, -3, 2, 1, -2, 0, 3, -2, -2, -7, -8, -1, -3, 4, 0, -7, 3, 3, 1, 1, 2, 2, 4, -4, -4, -4, -3, -3, -2, -3, -2, 4, 1, -2, -8, -4, 0, 2, -2, -3, -5, 3, -4, -6, -8, -4, 1, -4, -8, -3, 0, -7, -2, 3, 0, 4, -6, -3, -2, -7, 2, -6, -1, -8, 0, 4, -6, -5, -5, -3, -4, 3, 3, 3, 2, 2, -3, -4, 2, -8, -5, -1, -5, 4, -8, -1, -7, 0, -3, -6, 2, -2, -7, -8, -8, 1, -3, 0, 2, -5, 1, -8, 2, -2, 0, -5, 3, 3, 0, -4, -2, -5, -5, -1, 0, -6, -2]
 
1.65108791353: [-1, -3, -6, 4, -4, -5, -7, -5, -6, -4, 2, 4, -2, 2, -5, -2, -7, 3, 2, -3, -7, 4, -6, 0, -8, -2, -7, 4, 1, 1, -2, -8, -5, -7, -8, -2, -1, 4, 1, -2, -8, -5, 0, -7, -3, -1, -2, 4, -2, 4, 4, -2, -7, -3, -8, -3, 4, -1, 0, -5, -5, 3, 2, -5, 2, -6, -7, 4, -6, 0, -6, -2, 1, -4, -4, -5, -3, -5, -6, 2, 0, 2, -3, 1, -8, -5, -4, -1, -6, -2, 2, -8, 2, 4, -3, 0, 3, 0, 2, -7, 2, 1, 4, -6, -4, -3, -5, 0, 0, 3, -6, -5, -2, -3, -6, 2, -3, 2, 1, -7, -3, 3, -6, -5, 1, 1, 1, -8]
 
1.28401935977: [-2, -3, -5, -7, 0, 1, -1, 2, 3, 3, -1, 2, -3, -4, -8, 0, 3, 3, -3, 3, -1, -8, -1, -5, -6, 0, 4, -4, -5, 1, 1, 0, -7, -3, -7, 2, 1, -5, -3, -2, 4, -7, -5, -1, -5, -7, -7, 0, -6, 0, -2, -2, 2, 2, -8, 3, 0, 4, -1, -5, 1, -2, -6, -1, 2, -4, -6, -5, -1, -6, -4, -8, -1, -5, -4, 2, -7, -2, 2, -3, -1, 1, -2, -6, 3, 0, -6, 0, -2, -4, 4, 3, -7, 3, 3, 4, -8, -3, -1, -1, -1, 2, -2, 1, -8, 3, 2, 0, -4, -2, -5, 1, -8, 3, -2, 1, -5, 2, -4, 0, 4, -4, -5, -7, -1, -3, 3, -2]
 
2.5992572281: [-1, -3, -6, 4, 1, -6, -7, -1, -1, -4, 2, 2, -8, -1, -5, -2, -8, -1, 2, -8, 0, -8, -3, 0, 3, -5, -7, 4, 1, -6, 0, 2, -3, 2, -4, -8, -8, 0, 1, -2, -3, -7, 4, -3, -5, -1, 1, -7, 0, 0, -7, -2, 1, 2, -6, 2, -3, 2, -6, -2, 3, -2, -8, 0, 2, -6, 2, -2, -6, 2, -7, 2, -5, -7, -6, -5, 1, 3, -3, -1, 0, 3, -1, -6, -3, 0, -3, -4, -8, -8, -5, 0, -7, 0, 1, 0, -8, -8, 1, -8, -1, -7, -7, -3, -8, 3, -4, 3, -7, 4, -4, -4, -1, 4, -2, -8, -3, -5, 1, -7, -3, -4, 1, -5, -1, -2, -3, -3]
 
2.15814605469: [-6, -8, -3, -1, -4, -6, -7, -2, -6, -4, 2, 2, -2, -7, -5, -4, 4, -1, 1, 4, -8, -8, 1, 0, -7, -2, -6, 1, -6, -2, -6, -4, -5, -7, -8, -2, -1, 4, 1, 0, -7, -5, 0, 1, 1, -8, -5, -3, -3, -1, -2, -3, 2, 2, -8, -7, 3, -1, -6, -6, -1, -2, -6, -1, -3, -2, -1, -2, -6, -2, -6, -2, 1, -2, -4, -5, 1, -5, -5, 2, 0, 2, -3, -1, -8, -5, -4, -1, -4, -2, 2, -8, 2, 4, -3, -8, -4, -1, -2, -1, -5, -7, -2, 4, -2, -5, 0, 0, 2, -3, 4, -5, -3, -2, -8, 3, 4, -5, -8, 1, -8, -6, 0, -8, -1, 1, -1, -6]
 
2.44940971989: [-1, -3, -6, 4, 1, -6, -7, -1, -1, -4, 2, 2, -8, -1, -5, -2, -8, -1, 2, -8, 0, -8, -3, 0, 3, -5, -7, 4, 1, -6, 0, 2, -3, 2, -4, -8, -8, 0, 1, -2, -3, -7, 4, -1, -1, -7, -8, 0, 1, -1, -2, -3, 2, 2, -8, -7, 0, -5, -6, -5, 4, -2, -6, -1, 2, -4, -6, 4, -6, 0, -6, -2, 1, -4, -4, -5, -3, -5, -6, 2, 0, 2, -3, 1, -8, -5, -4, -1, -6, -2, 2, -8, 2, 4, -3, 0, 3, 0, 2, -7, 2, 1, 4, -6, -4, -3, -5, 0, 0, 3, -6, -5, -2, -3, -6, 2, -3, 2, 1, -7, -3, 3, -6, -5, 1, 1, 1, -8]
 
1.41537005097: [-2, -3, -5, 3, -4, -6, -1, 2, -3, -4, -3, 2, -3, -4, -1, 0, 3, -7, 1, 3, -2, -4, -1, -5, 0, -5, 4, 3, -5, 1, 1, -3, -3, -3, -7, 1, 1, -5, -6, -2, 4, -7, 4, -3, -5, -1, 1, -7, 0, 0, -7, -2, 1, 2, -6, 2, -3, 2, -6, -2, 3, -2, -8, 0, 2, -6, 2, -2, -6, 2, -7, 2, -5, -7, -6, -5, 1, 3, -3, -1, 0, 3, -1, -6, -3, 0, -3, -4, -8, -8, -5, 0, -7, 0, 1, -8, -4, -1, -2, -1, -5, -7, -2, 4, -2, -5, 0, 0, 2, -3, 4, -5, -3, -2, -8, 3, 4, -5, -8, 1, -8, -6, 0, -8, -1, 1, -1, -6]
 
1.04396980192: [1, -5, 1, 2, -2, 0, -6, 3, 4, 0, 1, -1, -2, 2, 4, -4, 0, 3, -2, -2, -7, -8, 4, -3, 4, 0, -7, 3, 3, 1, 4, 2, 2, 4, -4, -3, 4, -3, -3, -2, -3, -2, 4, 1, -7, -6, -4, 0, -2, -2, -3, 0, 3, -4, -6, -8, -4, 1, -4, 0, -4, -3, -8, -2, 3, -3, 4, -6, -3, 0, 3, 2, -6, -1, -2, 0, 4, -6, -5, -5, -4, -4, -7, -5, 3, -4, -2, -1, 2, -2, -8, -5, -7, -5, 1, -4, 3, -3, 1, -8, -1, 2, 2, 4, -8, -1, -7, -2, -2, 1, -3, -4, -8, -2, 2, -4, 3, -2, 0, 0, 3, -4, -4, -5, -5, -8, -1, -5]
 
3.07000693728: [2, 0, 1, 0, -8, 1, -7, 4, 3, -5, 2, -1, 1, 2, -5, -4, 4, 4, 0, 4, -8, 1, -1, -4, -1, 1, 1, 2, -5, 1, -1, -8, 0, -3, -5, -3, 3, 4, 1, -2, -3, -1, 0, -8, 1, -8, -7, -3, -4, -1, -6, -3, -5, -5, -5, -3, 3, -7, -1, -6, -3, -2, 1, -1, -7, -1, -1, -2, -4, -3, -4, -5, -3, 1, -7, -5, -1, 3, -5, 2, 0, -8, 0, -3, 1, -5, 3, -7, -8, -3, -6, -3, 2, 4, 4, -8, -1, -7, 0, -3, -6, 2, -2, -7, -8, -8, 1, -3, 0, 2, -5, 1, -8, 2, -2, 0, -5, 3, 3, 0, -4, -2, -5, -5, -1, 0, -6, -2]
 
2.02967720163: [-2, -3, -5, 3, -4, -6, -1, 2, -3, -4, -3, 2, -3, -4, -1, 0, 3, -7, 1, 3, -2, -4, -1, -5, 0, -5, 4, 3, -5, 1, 1, 4, -8, -7, -2, 1, 1, -5, -1, -7, -3, -7, 4, 1, -4, -7, 2, -6, -7, 1, -7, 1, -5, 2, -8, 4, 2, 1, -2, -8, -6, -2, -6, 0, -3, -5, -4, -3, -6, -2, -6, -2, 1, -2, -4, -5, 4, -6, 2, 0, -1, 2, -2, -1, -7, -2, 2, 0, -4, -2, 4, -8, 2, 3, 3, 0, 4, 0, -1, 2, -1, 0, -2, 1, -5, 4, 1, -8, -8, -6, -6, -6, -2, -5, -2, -2, -5, 1, 2, -1, -3, -3, 1, 3, -5, 1, 3, -3]
 
0.492922197552: [2, -6, 2, 0, 2, -5, -5, -5, 4, -2, -2, -5, 1, 1, 4, -5, 3, -8, 1, -8, -4, 3, -5, 4, -3, -6, 0, -5, 3, -6, 2, -7, -3, -2, -7, -5, 1, -5, -6, -6, 4, -7, 4, -6, -6, -7, -8, 4, -7, -6, -2, -6, -8, -1, -8, -7, 0, -6, -6, 3, -2, -2, -6, -3, -7, 2, 0, -1, -4, 0, -2, 0, 1, 0, -4, -5, 2, -1, -3, 2, -4, 3, -3, 1, 1, -2, -5, -7, -6, -2, 2, -1, 2, 4, -1, -8, 4, 0, -8, 0, -3, 1, 3, -6, -1, 4, -6, -2, 0, 2, -1, -5, 2, -3, -2, 2, -3, 2, 1, -7, -4, -8, -6, -5, -2, 0, 1, 2]
 
1.11641587698: [-6, -8, -8, -1, -1, -6, -8, -4, -3, 2, 0, 1, -3, 2, -8, 3, 0, 3, -2, -2, -7, -8, -8, -6, 3, -4, -7, 3, -1, 3, 1, 2, 2, -3, -4, 1, 1, -3, -8, -2, 4, -7, 4, -1, -1, -7, -8, 0, 1, -1, -2, -3, 2, 2, -8, -7, 0, -5, -6, -5, 4, -2, -6, -1, 2, -4, -6, 4, -6, 0, -6, -2, 1, -4, -4, -5, -3, -5, -6, 2, 0, 2, -3, 1, -8, -5, -4, -1, -6, -2, 2, -8, 2, 4, -3, 0, 3, 0, 2, -7, 2, 1, 4, -6, -4, -3, -5, 0, 0, 3, -6, -5, -2, -3, -6, 2, -3, 2, 1, -7, -3, 3, -6, -5, 1, 1, 1, -8]
 
1.93788512251: [-2, -3, -5, 3, -4, -6, -1, 2, -3, -4, -3, 2, -3, -4, -1, 0, 3, -7, 1, 3, -2, -4, -1, -5, 0, -5, 4, 3, -5, 1, 1, -3, -3, -3, -7, 1, 1, -5, -6, -2, -3, -2, 4, 1, -2, -8, -4, 0, -7, -2, -7, 1, 3, -4, -1, -8, -4, 1, 4, -8, -3, 0, -1, -4, 3, -6, 4, -7, 4, -6, -5, 2, -6, 4, -7, 0, 4, -6, -8, 3, -3, -4, -3, 3, -4, 2, 2, -3, -4, 3, -8, -5, 2, -4, 4, -8, -1, -6, 0, -3, -1, -2, -2, -2, 1, -7, 1, -4, -8, -4, 2, -8, -2, 1, 2, -8, -4, -6, 2, 3, -2, 1, 0, -2, 3, 2, -1, -1]
 
0.65363469997: [-1, -3, 1, -1, -1, -6, -8, -4, -7, 2, 4, 3, -5, 2, 0, 0, 3, -2, -8, -8, -8, -2, -4, 1, -2, -1, 0, 3, 4, -8, 1, 4, 4, -5, -2, -2, 1, -3, 4, -5, -3, -3, 0, -7, -6, -8, 1, -6, -6, 1, -7, -4, -5, -5, -8, -1, 2, -4, -1, -8, -7, 2, 3, -4, -6, 4, 4, -3, -5, -8, -2, -6, -5, -6, -4, -1, 4, 4, 3, 0, -1, 1, 4, -7, -5, -3, 2, 4, -4, 1, -1, -8, -1, -6, -6, 0, -7, 0, 2, -4, -1, 0, -5, -1, -5, -5, -7, -8, -8, -6, 4, 3, -6, -1, -2, -2, -5, -1, -3, 2, -7, -3, -8, 3, -8, 2, -1, -5]
 
0.567729221429: [-6, -8, -6, 4, -4, -5, -7, -5, -6, -4, 2, 4, -2, 2, -5, -2, -7, 3, 2, -3, -7, 4, -6, 0, -8, -2, -7, 4, 1, 1, -2, -8, -5, -7, -8, -2, -1, 4, 1, -2, -8, -5, 0, -7, -3, -1, -2, 4, -2, 4, 4, -2, -7, -3, -8, -3, 4, -1, 0, -5, -5, 3, 2, -5, 2, -6, -7, 4, -6, 0, -6, -2, 1, -4, -4, -5, -3, -5, -6, 2, 0, 2, -3, 1, -8, -5, -4, -1, -6, -2, 2, -8, 2, 4, -3, 0, 3, 0, 2, -7, 2, 1, 4, -6, -4, -3, -5, 0, 0, 3, -6, -5, -2, -3, -6, 2, -3, 2, 1, -7, -3, 3, -6, -5, 1, 1, 1, -8]
 
3.74299029542: [-2, -3, -5, 3, -4, -6, -1, 2, -3, -4, -3, 2, -3, -4, -1, 0, 3, -7, 1, 3, -2, -4, -1, -5, 0, -5, 4, 3, -5, 1, 1, -3, -3, -3, -7, 1, 1, -5, -6, -2, 4, -7, 4, -1, -1, -7, -8, 0, 1, -1, -2, -3, 2, 2, -8, -7, 0, -5, -6, -5, 4, -2, 1, -1, -7, -1, -1, -2, -4, -3, -4, -5, -3, 1, -7, -5, -1, 3, -5, 2, 0, -8, 0, -3, 1, -5, 3, -7, -8, -3, -6, -3, 2, 4, -4, 0, 2, -8, 1, -8, -1, 2, 2, -3, -8, -1, -7, 3, 4, -7, -7, -4, -8, -2, 3, -4, 2, 1, 1, -8, 3, -4, 2, -5, -1, -3, -3, -5]
 
1.49554751638: [-6, -8, -8, -1, -1, -6, -8, -4, -3, 2, 0, -1, 1, 2, -5, -4, 4, 4, 0, 4, -8, 1, -1, -4, -1, 1, 1, 2, -5, 1, -1, -8, 0, -3, -5, -3, 3, 4, 1, -2, -3, -1, 0, -8, 1, -8, -7, -3, -4, -1, -6, -3, -5, -5, -5, -3, 3, -7, -1, -6, -3, -2, -6, -1, 2, -4, -6, -5, -5, -6, -5, 4, -7, -5, -4, -5, -7, 4, 2, -3, -1, 2, -2, -6, 3, 0, -6, 0, -4, -4, 4, 3, -7, 3, 3, 4, -8, -7, -1, -1, 3, 2, -2, 1, -8, 3, 1, -3, 0, -6, -5, 1, -8, 4, -2, 1, -5, -1, -4, -8, 4, -4, -5, -5, -1, -3, -6, -2]
 
0.802127406854: [-6, -8, -8, -1, -1, -6, -8, -4, -3, 2, 0, -1, 1, 2, -5, -4, 4, 4, 0, 4, -8, 1, -1, -4, -1, 1, 1, 2, -5, 1, -1, -8, 0, -3, -5, -3, 3, 4, -8, -7, 1, 3, -5, -7, 1, -8, -2, 0, -7, -6, -4, 2, 3, -4, 4, -8, -4, -5, 4, -8, -3, 0, -1, -4, 3, -7, -4, -1, 4, -1, -5, 2, -8, -1, -7, 0, 4, -6, 0, -7, 1, -2, -5, -8, 1, -5, -3, -2, 2, 0, -2, -1, 4, -2, -5, -4, -1, -1, 1, 1, -7, -5, 0, -3, 2, 3, -7, -8, 0, 4, -8, -6, -1, 4, -2, -3, -2, -3, -7, -1, 1, -1, -5, -7, -2, -7, 1, -6]
 
4.19957559859: [-6, -4, -1, -6, -1, -6, -8, -4, -3, 2, 0, 1, -3, -3, -5, 3, 4, 3, -2, -6, -1, -8, -8, 3, 1, -4, -7, -3, -1, 1, 1, 2, 2, -3, 3, 1, -5, -3, 1, -2, -3, -1, 0, -8, 1, -8, -7, -3, -4, -1, -6, -3, -5, -5, -5, -3, 3, -7, -1, -6, -3, -2, 1, -1, -7, -1, -1, -2, -4, -3, -4, -5, -3, 1, -7, -5, -1, 3, -5, 2, 0, -8, 0, -3, 1, -5, 3, -7, -8, -3, -6, -3, 2, 4, -4, 0, 2, -8, 1, -8, -1, 2, 2, -3, -8, -1, -7, 3, 4, -7, -7, -4, -8, -2, 3, -4, 2, 1, 1, -8, 3, -4, 2, -5, -1, -3, -3, -5]
 
1.35223589818: [2, 0, 1, 0, -8, 1, -7, 4, -2, 3, 0, -1, -8, -7, 0, -7, 0, 0, 3, 4, -8, 4, -4, 2, -8, 3, -3, -2, -5, 3, -6, 0, -2, 1, -5, -7, -7, -4, -1, 2, 2, -5, 2, -3, -2, -3, 1, -6, 3, -5, -1, 0, -1, -5, -1, 3, 0, -5, -7, 4, 4, 0, 2, 3, -7, -6, -7, -6, -8, -1, -8, -5, -1, -3, -7, 4, -2, -5, -5, 2, 1, 2, -5, -3, -5, -5, -4, -5, -6, 1, -8, 4, -4, -3, -3, 4, 1, 2, 3, 2, -8, -8, 2, -1, 2, -7, 2, 0, 0, 3, -6, -5, -2, -3, -6, 2, -3, 2, 1, -7, -3, 3, -6, -5, 1, 1, 1, -8]
 
2.36042876939: [2, 1, 1, -7, -7, -6, 2, -1, 4, 0, -3, -5, -3, -6, 4, 1, -8, -8, 2, -6, -4, -2, -5, 4, -6, 2, -2, -6, -7, -7, 2, 2, -6, -3, -7, 3, 4, -5, -6, -2, -8, -7, -4, -1, -1, 0, -8, 3, 1, -1, -5, -3, 2, 2, -8, -1, 0, 3, -6, 1, 4, -2, -6, -1, 2, -2, -6, 4, -6, 0, -6, 1, 2, -1, -6, -6, -3, -5, -3, 2, 0, 2, -1, 1, -8, -5, -4, -5, -6, -2, 2, 1, 2, 3, -3, 0, 3, 0, 2, -7, 2, -3, 4, -6, -4, 1, -5, 0, -4, -7, -5, 0, -7, 3, 1, 3, 1, -3, -6, -3, -6, -3, -1, 4, -3, -2, 1, -4]
 
1.52005821839: [-1, -3, -6, 4, -4, -5, -7, -5, -6, -4, 2, 4, -2, 2, -5, -2, -7, 3, 2, -3, -7, 4, -6, 0, -8, -2, -7, 4, 1, 1, -2, -8, -5, -7, -8, -2, -1, 4, 1, -2, -8, -5, 0, -7, -3, -1, -2, 4, -2, 4, 4, -2, -7, -3, -8, -3, 4, -1, 0, -5, -5, 3, 2, -5, 2, -6, -7, -5, -5, -6, -5, 4, -7, -5, -4, -5, -7, 4, 2, -3, -1, 2, -2, -6, 3, 0, -6, 0, -4, -4, 4, 3, -7, 3, 3, 4, -8, -7, -1, -1, 3, -2, -2, -2, 1, -7, 1, -4, -8, -4, 2, -8, -2, 2, -2, 0, -5, 3, 3, 0, -4, -2, -5, -5, -1, 0, -6, -2]
 
0.870465909917: [4, 0, 4, -5, -8, 1, -1, -7, 3, 2, 4, -1, 1, 2, 3, -7, -5, 4, 0, 4, -8, 1, -6, -4, -1, 1, 0, 2, -5, 1, -1, -4, 0, -7, -7, -3, 3, -2, 1, -2, -3, -5, 0, -8, 1, 3, 4, -8, -4, -2, -6, -3, -5, -5, 3, -3, 3, -7, 3, -6, -3, -2, 1, -1, -7, -8, -1, -2, -6, -3, -4, -5, -3, 1, 3, 2, -1, -4, -7, -8, 0, -8, -2, -3, 1, -5, 3, -7, -4, -8, -6, -3, 2, 4, 4, -2, -1, -7, 0, -3, -6, 4, -2, -7, -8, -8, 1, -1, -6, -4, 1, -2, -8, 1, 2, -8, -4, -6, 2, 3, -2, 1, 0, -2, -8, 2, -1, -2]
 
0.690534508735: [-6, -8, -8, -1, -1, -6, -8, -4, -3, 2, 0, -1, 1, 2, -5, -4, 4, 4, 0, 4, -8, 1, -1, -4, -1, 1, 1, 2, -5, 1, -1, -8, 0, -3, -5, -3, 3, 4, 1, -2, -3, -1, 0, -8, 1, -8, -7, -3, -4, -1, -6, -3, -5, -5, -5, -3, 3, -7, -1, -6, -3, -2, -6, -1, 2, -4, -6, -5, -5, -6, -5, 4, -5, -2, -4, -1, 0, 4, -6, 0, -1, -2, -2, -7, -7, -7, 2, 4, -4, 1, -2, -8, -1, 1, -6, 0, 4, 0, 2, -5, -1, 0, 1, -7, -5, -5, -7, -8, -8, -6, -6, -6, -6, -4, -2, 2, -5, -6, -3, 2, 2, -3, -8, 3, -8, 2, -1, -5]
 
1.42649943327: [-6, -8, -8, -8, -1, -6, -8, -4, -3, 2, 4, 1, -3, 2, -8, 0, 3, -2, -7, -8, -8, -2, -4, 1, -2, -1, 0, 3, 4, -7, 1, 4, 1, 4, -2, 1, 1, 4, -2, -2, -3, -7, -3, -7, -6, -7, 1, -6, -7, 1, -7, -4, -5, -5, -8, 4, 2, -4, -2, -8, -3, -2, -6, -4, -6, -5, -2, -3, -5, -2, -2, -2, -7, -5, -4, -5, -7, 4, 2, -3, -1, 2, -2, -6, 3, 0, -6, 0, -4, -4, 4, 3, -7, 3, 3, 4, -8, -7, -1, -1, 3, 2, -2, 1, -8, 3, 1, -3, 0, -6, -5, 1, -8, 4, -2, 1, -5, -1, -4, -8, 4, -4, -5, -5, -1, -3, -6, -2]
 
1.65607263347: [-6, -8, -3, -1, -4, -6, -7, -2, -6, -4, 2, 2, -2, -7, -5, -4, 4, -1, 1, 4, -8, -8, 1, 0, -7, -2, -6, 1, -6, -2, -6, -4, -5, -7, -8, -2, -1, 4, 1, 0, -7, -5, 0, 1, 1, -8, -5, -3, -3, -1, -2, -3, 2, 2, -8, -7, 3, -1, -6, -6, -1, -2, -6, -1, -3, -2, -1, -2, -6, -2, -6, -2, 1, -2, -4, -5, 1, -5, -5, 2, 0, 2, -3, -1, -8, -5, -4, -1, -4, -2, 2, -8, 2, 4, -3, -8, -4, -1, -2, -1, -5, -7, -2, 4, -2, -5, 0, 0, 2, -3, 4, -5, -3, -7, -6, 3, -2, 3, 2, -2, 2, 3, -7, -3, 0, -8, -2, -7]
 
1.03440646615: [3, -7, -1, 0, -7, 0, 4, -6, -8, -5, -3, 0, -2, 1, -6, -1, -3, -8, 2, 4, -8, 3, 0, -8, -6, 0, -1, 4, 3, 1, 2, 4, -6, -3, -2, 1, 1, -5, -7, -5, 1, 4, -7, -7, -1, 0, -2, -3, 4, 1, -7, -7, -1, 2, -7, 2, -2, 1, -5, -8, -6, -1, -6, -8, -3, 0, 1, 0, -6, -3, 2, 4, -5, -4, -8, 0, 2, -8, -4, -7, -7, -7, -3, 0, -2, 0, 1, -7, 4, -8, -4, 0, -8, -6, -4, -4, 3, -6, 3, -2, -3, -5, -3, -7, -2, -3, 2, 3, -1, 3, -3, 0, -3, -2, -8, 3, 4, -5, -8, 1, -8, -6, 0, -8, -1, 1, -1, -6]
 
1.14805313802: [-1, 0, 1, -6, -2, 3, -7, -7, 3, -5, 2, -1, 1, 2, -1, -4, 4, -5, 0, -6, -8, 1, 4, -5, -3, 1, 4, -7, -5, -2, 4, -6, 3, 4, -3, 4, -2, -5, 3, 3, 4, -1, -3, -3, -2, -3, 1, 1, 3, -5, 0, -8, -6, -5, 3, -8, 0, -5, -6, -6, 4, 0, 2, -2, 0, -2, -7, -6, -8, -7, -8, -5, -6, -3, 4, -6, -4, -5, -1, -2, 1, 2, -8, -2, -5, -4, 3, 4, -4, -5, -8, 1, -4, -3, 1, 4, -8, -5, 3, 0, 3, -8, 2, -3, -4, -7, -3, -6, -3, 0, -6, -8, 4, 4, 1, 0, -1, -3, -1, -6, -4, -7, -1, 4, -3, -7, 4, 4]
 
2.86305628537: [-2, -3, -8, -4, 2, 0, -1, -2, -3, -4, -1, 2, -3, -7, 2, -7, 3, 2, -2, -4, -2, -2, 3, -5, 3, -6, 2, -5, -1, 1, -1, -8, 0, -3, -5, -3, 3, 4, 1, -2, -3, -1, 0, -8, 1, -8, -7, -3, -4, -1, -6, -3, -5, -5, -5, -3, 3, -7, -1, -6, -3, -2, 1, -1, -7, -1, -1, -2, -4, -3, -4, -5, -3, 1, -7, -5, -1, 3, -5, 2, 0, -8, 0, -3, 1, -5, 3, -7, -8, -3, -6, -3, 2, 4, 4, -8, -1, -7, 0, -3, -6, 2, -2, -7, -8, -8, 1, -3, 0, 2, -5, 1, -8, 1, 2, -8, -4, -6, 2, 3, -2, 1, 0, -2, 3, 2, -1, -1]
 
