1.5820674158577528: [-4, -6, -5, -8, 2, -1, -4, 2, 4, -6, 0, -6, 1, 3, 0, -6, 2, -4, -3, -7, -4, 1, 1, -2, -6, 2, 4, 1, 2, -4, 3, -4, 0, 3, -8, -2, -1, -3, 3, 0, -2, -5, -5, 3, -4, 4, -8, -3, -4, -5, -1, -1, -5, -6, -3, -1, -1, 2, 2, -5, 1, 1, -4, -4, -2, -1, -7, 0, -8, -5, -5, 4, -3, -2, 3, 3, 1, -3, 3, -4, -3, 2, 4, 4, -6, 4, 1, -1, -2, -8, -4, -3, -8, -6, 4, 0, -7, -7, 2, -6, 4, 4, 1, -1, -8, -1, -3, -8, -4, -5, -3, 4, 3, -6, 0, -6, -6, -8, 0, -1, 4, 1, -6, 1, 0, -3, -4, -6]
 
3.9076370513819154: [-4, -4, -1, 2, 3, -4, 0, 3, 2, 0, 0, 1, -7, -1, 0, -6, -1, 3, 2, -6, -2, -2, -4, 2, 3, -8, 3, 3, -1, 1, -2, 4, -2, -4, 1, 3, 2, -1, -8, -7, -2, -1, -6, 1, 2, -2, 4, -4, -8, 4, -7, -1, 3, -1, -4, 4, 4, 1, -2, 3, -7, -1, 4, 2, 3, -7, -7, 3, 0, -5, -4, 4, -3, -8, 0, -6, 4, -6, 2, 0, -1, 2, -2, 0, -7, -2, -4, 0, -4, -2, -2, -8, 2, 4, 3, -4, 1, -4, -4, 3, 2, -8, 2, -3, -7, -1, -5, 0, -8, -7, -7, 0, -6, 3, 3, 2, 1, -8, 1, -3, -5, -1, -1, -4, 0, 1, 1, -6]
 
2.700105065133668: [-4, -4, -1, 2, 3, -4, 0, 3, 2, 0, 0, 1, -7, -1, 0, -6, -1, 3, 2, -6, -2, -2, -4, 2, 3, -8, 3, 3, -1, 1, -2, 4, -2, -4, 1, 3, 2, -1, -8, -7, -2, -1, -6, 1, 2, -2, 4, -4, -8, 4, -7, -1, 3, -1, -4, 4, 4, 1, -2, 3, -7, -1, 4, 2, 3, -7, -7, 3, 0, -5, -4, 4, -3, -8, 0, -6, 4, -6, 2, 0, -1, 2, -2, 0, -7, -2, -4, 0, -4, -2, -2, -8, 2, 4, 3, -4, 1, -3, 3, -1, -5, 3, -5, -6, -4, -5, 2, -4, 2, 3, 1, -2, -3, -6, -4, -8, -5, -5, 2, 2, -3, 0, -7, 3, -1, -5, 0, -6]
 
1.04953415701: [-7, -4, -6, 4, 4, -2, 2, -7, 1, -4, -6, -1, -7, -1, 0, -8, 4, -1, -3, -5, -7, -8, -2, 1, 0, -7, -8, 3, -7, -2, 1, -8, 1, -6, -4, -3, -7, -4, -1, -2, 3, 2, -8, 3, 0, -4, 3, 4, 2, -7, -7, -7, -5, 2, -1, -5, -1, -3, 1, -3, -1, -6, 1, -1, -1, -4, 4, 1, 0, 4, -2, -8, 4, -2, 4, -1, 0, -3, 1, 4, 2, -3, -2, -2, -8, -7, -4, -2, -4, -1, -3, -7, -3, -2, -2, 2, -2, 0, -4, -7, 4, 0, 3, -8, -6, -6, 4, -8, -5, 3, -7, -4, -7, 0, 3, 2, 1, -3, 2, -5, 0, 3, -6, 3, -8, -1, -2, 1]
 
1.42241649973: [-2, -8, -2, 3, -4, -6, -1, -2, -7, -1, -6, 4, -5, 3, -5, 2, -5, -6, 1, -4, 0, 0, 3, -4, 2, -2, -4, -2, -5, -2, -3, -5, -4, -8, -3, 0, -2, 4, 1, -5, -7, -4, -4, 1, -7, -3, -5, -8, -6, -8, -6, -6, -7, -3, -5, 0, 3, 2, 4, 2, -1, -2, -6, -7, -5, 3, -1, -2, 4, -1, 1, 1, -5, -5, -5, 0, -4, -2, 4, 1, 4, -2, -7, -5, -4, -4, -1, -1, -5, -7, -1, -2, -3, -6, -2, 0, -6, -5, 0, 4, 3, 3, -2, 1, -8, 0, 1, -8, -8, -6, -6, -5, -7, -7, -3, 2, 1, -8, 1, -3, 0, -4, -1, -7, 1, 1, 1, -6]
 
1.7867092294525375: [-3, -8, -2, 3, -4, -6, -1, -2, 3, -1, -6, 4, -5, 3, 0, 2, -5, -6, 1, -4, -2, -2, 3, -7, 0, -4, -5, 3, -1, 1, 1, 2, -3, -3, -4, 1, 1, -5, -8, -2, 0, -5, -1, 1, 3, 2, -1, -5, -8, -8, -8, -3, -5, 2, 1, 1, 0, -6, -5, -4, -1, -2, -6, -7, 3, -4, -1, -2, 4, -1, 1, 4, -1, -3, -5, -6, 0, -8, -4, -3, 0, -3, -3, 4, -6, -5, -7, -6, -4, -5, 1, 0, 4, -2, -7, -5, -1, -3, 3, -1, -5, 3, -5, -3, -7, -1, -5, 0, -8, -7, -7, 0, -6, 3, 3, 2, 1, -8, 1, -3, -5, -1, -1, -4, 0, -3, -6, -2]
 
2.0955372980173936: [-2, 1, 2, -7, -4, 0, -2, 2, -1, 2, -4, -2, -1, -2, 0, -8, 2, -3, -1, -2, -4, 1, -5, -7, 0, -4, -5, 3, -1, 1, 1, 2, -3, -3, -4, 1, 1, -5, -8, -2, 0, -5, -1, 1, 3, 2, -1, -5, -8, -8, -4, -7, -7, 4, -8, 0, 3, 2, -2, -6, -1, -2, -6, -7, 3, -4, -1, -2, 4, -1, 1, 4, -1, -3, -5, -6, 0, -8, -4, -3, 0, -3, -3, 4, -6, -5, -7, -6, -4, -5, 1, 0, 4, -2, 3, -4, 1, -4, -4, 3, 2, -8, 2, -3, -7, -1, -5, 0, -8, -7, -7, 0, -6, 3, 3, 2, 1, -8, 1, -3, -5, -1, -1, -4, 0, 1, 1, -6]
 
2.578172935179134: [-4, -4, -6, 2, 3, -4, 0, 4, 2, 0, 0, -4, -7, -1, 0, -6, -1, 3, -4, -8, -2, -5, 3, -1, -6, 0, 3, 3, -1, -8, 1, 4, -2, -5, -2, 4, 4, -5, -8, -2, 3, -1, -1, -6, -3, 0, -5, -8, 0, -8, -8, -3, -5, 2, 1, 1, 0, -6, -5, -4, -2, -5, -6, -1, 2, 3, -7, -5, 3, -4, -5, 4, -3, -2, 2, -6, -6, 4, 4, -7, -5, -6, -3, 3, -3, -5, 3, -7, -4, -8, -2, 0, 2, -4, 4, -8, -1, -6, 0, 4, -1, 3, -2, 1, -8, 3, 1, -8, -8, -6, -4, 0, -2, 4, -2, -2, -5, -1, -4, -7, 4, -4, 1, -5, -1, -3, -6, -2]
 
1.0369145345385764: [-2, 1, 2, -7, -4, 0, 0, 4, -1, -6, -4, -2, -1, -2, 0, -7, 2, -3, -1, -7, 1, 1, -4, -7, 3, -4, 2, 3, -1, 1, 1, 2, -3, -3, -4, 1, 1, -5, -8, -2, 0, -5, -1, 1, 2, -2, 4, -4, -8, 4, -7, -7, -7, 4, -8, 0, 3, 2, -2, -6, -1, -2, -6, -7, 3, -4, -1, -2, 4, -1, 1, 4, -1, -3, -5, -6, 0, -8, -4, -3, 0, -6, -3, 3, -3, -5, 3, -7, -4, -8, -2, 0, 2, -4, 4, -8, -1, -6, 0, 4, -1, 3, -2, 1, -8, 3, 1, -8, -8, -6, -4, 0, -2, 4, -2, -2, -5, -1, -4, -7, 4, -4, 1, -5, -1, -3, -6, -2]
 
3.4259612442503142: [-3, -8, -2, 3, -4, -6, -1, -2, 3, -1, -6, 4, -5, 3, 0, 2, -5, -6, 1, -4, -2, -2, 3, -4, 3, -4, 2, 3, -1, 1, 1, 2, -3, -3, -4, 1, 1, -5, -8, -2, 0, -5, -1, 1, 3, 2, -1, -5, -8, -4, 0, -4, 0, -7, -8, 1, -8, 0, 3, 3, 0, 2, -3, -8, 3, -4, -5, -5, 4, 2, 3, -2, -7, -8, 2, -2, 2, -3, -4, -7, -1, 2, -2, 0, -7, -2, -4, 0, -4, -2, -2, -8, 2, 4, 3, -4, 1, -4, -4, 3, 2, -8, 2, -3, -7, -1, -5, 0, -8, -7, -7, 0, -6, 3, 3, 2, 1, -8, 1, -3, -5, -1, -1, -4, 0, 1, 1, -6]
 
2.041367507843074: [-7, 1, 2, -7, -4, 0, 0, -4, -1, -6, 2, -1, -1, 0, 1, -7, 2, -3, -1, -2, -4, 1, -8, -7, 0, -4, -5, 3, -1, -8, 3, -3, -3, 0, -2, -7, 0, -4, -6, -6, 1, -4, -5, -3, 2, -1, 4, -4, -8, 4, -7, -1, 4, -1, 3, 4, 4, -5, 3, 3, 1, -2, 4, 2, 3, -7, -7, 4, 3, -5, -4, 4, -3, -5, 0, -2, -6, -6, 2, -2, -1, -6, -2, 0, -7, -2, -4, 0, -3, -2, -2, -1, 0, -6, 1, -8, -2, -4, -2, -1, 2, -2, 3, -3, -2, 4, -6, 3, -8, -4, -7, 0, -6, 2, 3, 2, 3, 3, 1, -3, -5, -1, 2, -6, -4, -3, -6, -4]
 
3.13933065193: [-7, 3, 0, -4, -8, -7, 4, -2, -4, -8, -2, -8, 2, 2, -2, -4, 3, -1, -8, 3, 3, 1, -8, -4, 4, -4, 1, -2, 2, -4, -6, 0, -3, -2, 3, -7, 1, -3, 0, -2, -1, -3, -5, -1, 1, -8, -2, -7, -8, -8, -7, 1, -5, -1, -8, 2, -4, 0, -2, -8, 0, -6, 2, -4, 2, -7, 4, 3, 0, -1, -4, 4, 3, -8, 0, -6, 4, -4, 2, 0, -1, 2, -5, 0, -7, -2, -4, -8, 0, -2, -2, -3, 1, 4, 3, -4, 1, 0, -4, -8, 4, -1, 4, -3, 1, -1, -5, -6, -8, -7, -2, 0, 0, 3, 1, 2, 1, -8, 1, 0, -8, -1, -1, 1, 0, 1, 1, 3]
 
2.2866513956812407: [-7, 0, -6, 0, -5, 0, -6, -2, -1, 4, -1, -7, 3, 1, -8, 0, -6, -2, 0, -2, 0, 1, -5, -2, -5, -4, -5, 3, -1, 1, 1, 2, -3, -3, -4, 1, 1, -5, -8, -2, 0, -5, -1, 1, 3, 2, -1, -5, -8, -8, -4, -7, -7, 4, -8, 0, 3, 2, -2, -6, -1, -2, -6, -7, 3, -4, -1, -2, 4, -1, 1, 4, -1, -3, -5, -6, 0, -8, -4, -3, 0, -3, -3, 4, -6, -5, -7, -6, -4, -5, 1, 0, 4, -2, 3, -4, 1, -4, -4, 3, 2, -8, 2, -3, -7, -1, -5, 0, -8, -7, -7, 0, -6, 3, 3, 2, 1, -8, 1, -3, -5, -1, -1, -4, 0, 1, 1, -6]
 
0.751602347462: [-2, 1, -3, -7, -3, 0, -1, 2, -1, 2, -5, -1, -1, -2, -4, -8, 2, -3, -1, -2, -4, 1, -5, -7, 0, 1, -3, 1, -1, -8, 0, -3, -3, 3, -5, -8, -3, -7, -5, 0, 1, -7, -6, 1, 2, -2, -6, -4, 0, 4, 0, 3, 1, -1, -4, 4, -3, 1, -1, 3, 3, -1, -6, 2, 3, -7, -1, 3, 0, -2, -4, 4, -8, -8, -3, -6, -7, 0, 2, -3, -1, 4, -2, 0, -7, -2, -4, -1, -4, -8, 3, -5, 2, 4, 3, -4, 1, -4, -4, 3, 2, -8, 2, -3, -7, -1, -5, 0, -8, -2, 2, 0, -6, -3, 3, 2, -8, -8, 1, -3, 0, -1, -1, -8, 3, 1, 0, -6]
 
2.941581889385292: [-2, 1, 2, -7, -5, 0, -6, -2, -1, 4, -1, -7, 3, 1, -8, 0, -6, -2, 0, -2, 0, 1, -5, -2, -5, -4, -4, 0, -4, -5, -7, -3, -6, -5, -2, 4, 4, -5, -8, -2, 3, -1, -1, -6, -3, 0, -5, -8, 0, -8, -8, -3, -5, 2, 1, 1, 0, -6, -5, -4, -2, -5, -6, -1, 2, 3, -7, -5, 3, -4, -5, 4, -3, -2, 2, -6, -6, 4, 4, -7, -5, -6, -3, 3, -3, -5, 3, -7, -4, -8, -2, 0, 2, -4, 4, -8, -1, -6, 0, 4, -1, 3, -2, 1, -8, 3, 1, -8, -8, -6, -4, 0, -2, 4, -2, -2, -5, -1, -4, -7, 4, -4, 1, -5, -1, -3, -6, -2]
 
4.153609405973605: [-2, -4, 2, 4, -4, 0, 0, 4, -1, -6, -4, -2, -1, -2, 0, -7, 2, -3, -1, -7, 1, 1, -4, -7, 2, -8, -4, -2, -5, -2, 2, -5, 3, -8, 1, 0, -2, 4, 1, -5, -7, -4, -4, 1, 1, -8, -5, -3, -6, 4, -7, -1, 3, -1, -4, 4, 4, 1, -2, 3, -7, -1, 4, 2, 3, -7, -7, 3, 0, -5, -4, 4, -3, -8, 0, -6, 4, -6, 2, 0, -1, 2, -2, 0, -7, -2, -4, 0, -4, -2, -2, -8, 2, 4, 3, -4, 1, -4, -4, 3, 2, -8, 2, -3, -7, -1, -5, 0, -8, -7, -7, 0, -6, 3, 3, 2, 1, -8, 1, -3, -5, -1, -1, -4, 0, 1, 1, -6]
 
2.155465350397866: [-7, 0, -6, 0, -5, 0, -6, -2, -1, 4, -4, -2, -1, -2, 0, -8, 2, -3, -1, -2, -4, 1, -5, -4, 2, -8, -4, -2, -5, -2, 2, -5, 3, -8, 1, 0, -2, 4, 1, -5, -7, -4, -4, 1, 1, -8, -5, -3, -6, -8, -4, -7, -7, 4, -8, 0, 3, 2, -2, -6, -1, -2, -6, -7, 3, -4, -1, -2, 4, -1, 1, -8, -5, -5, -5, 4, -7, -2, -1, 1, 4, -2, -7, -5, -8, -4, -1, -1, -5, -1, -1, -6, -3, -7, -2, -5, -1, -6, 0, 4, -1, 3, -2, 1, -8, 3, 1, -8, -8, -6, -7, 0, -6, 3, 3, 2, 1, -8, 1, -3, -5, -1, -1, -4, 0, 1, 1, -6]
 
3.293068162926992: [-2, 1, 2, -7, -4, 0, 0, 4, -1, -6, -4, -2, -1, -2, 0, -7, 2, -3, -1, -7, 1, 1, -4, -7, 3, -4, 2, 3, -1, 1, 1, 2, -3, -3, -4, 1, 1, -5, -8, -2, 0, -5, -1, 1, 2, -2, 4, -4, -8, 4, -7, -1, 3, -1, -4, 4, 4, 1, -2, 3, -7, -1, 4, 2, 3, -7, -7, 3, 0, -5, -4, 4, -3, -8, 0, -6, 4, -6, 2, 0, -1, 2, -2, 0, -7, -2, -4, 0, -4, -2, -2, -8, 2, 4, 3, -4, 1, -4, -4, 3, 2, -8, 2, -3, -7, -1, -5, 0, -8, -7, -7, 0, -6, -6, -3, -6, 2, -6, 4, 3, 3, 0, -4, -7, -7, -3, -4, 3]
 
4.147670360509297: [-2, -4, 2, 4, -4, 0, 0, 4, -1, -6, -4, -2, -1, -2, 0, -7, 2, -3, -1, -7, 1, 1, -4, -7, 2, -8, -4, -2, -5, -2, 2, -5, 3, -8, 1, 0, -2, 4, 1, -5, -7, -4, -4, 1, 1, -8, -5, -3, -6, 4, -7, -1, 3, -1, -4, 4, 4, 1, -2, 3, -7, -1, 4, 2, 3, -7, -7, 3, 0, -5, -4, 4, -3, -8, 0, -6, 4, -6, 2, 0, -1, 2, -2, 0, -7, -2, -4, 0, -4, -2, -2, -8, 2, 4, 3, -4, 1, -4, -4, 3, 2, -8, 2, -3, -7, -1, -5, 0, -8, -7, -7, 0, -6, 3, 3, 2, 1, -8, 1, -3, -5, -1, -1, -4, 0, 1, 1, -6]
 
0.873568055016: [2, 3, -2, -4, -8, -7, 4, -2, -4, -2, -2, -8, 2, -2, 2, 3, 3, 2, -6, 3, 2, -8, 0, -8, 4, 2, -2, -3, 4, -5, 4, 0, -6, -1, 3, -1, 1, -3, -1, -2, -1, -5, -5, -1, -7, -5, -2, -7, -8, 4, 4, -7, -4, 1, -8, 1, -4, -3, 2, 4, 0, -1, -1, -4, 2, -6, -6, -7, 3, -1, -7, -7, -8, -5, -4, -4, 1, -3, 3, -4, -2, 0, 4, 4, -6, -6, 3, -1, -5, 0, 3, -5, -7, -7, 4, -1, -3, -5, 2, -4, -1, 4, 1, -6, -8, 3, -3, -8, -4, -5, 0, -7, -6, -6, -7, 2, -4, 1, 0, 2, 1, 1, -6, 1, 0, 1, 1, -3]
 
1.26224607493: [-2, 3, 2, -4, -4, 0, -2, 2, 0, 2, -4, -2, -1, 3, 0, 2, -5, -8, 0, -8, -2, -2, 2, 4, 3, -4, 2, 3, -1, 1, -1, 2, -3, 0, -4, 1, 1, -5, -8, 4, -7, -4, -1, 0, 1, -8, -5, -3, -5, -8, -4, 4, -1, 4, -3, -1, 3, 2, -2, 4, -1, -2, -6, -6, 3, -4, -1, -2, 4, -1, 1, 4, -1, -8, -5, -6, 0, -8, -4, -3, 0, -6, -3, 3, -3, -5, 3, 0, 2, 3, -3, 0, 3, -4, 4, 0, 1, -2, 0, 4, -1, 3, -1, 4, -8, -6, -5, -8, -8, -6, -4, 0, -2, -2, -2, 4, -3, -1, 2, -7, 4, -4, 1, -8, -1, -3, -6, 3]
 
3.963793749098586: [-7, 0, -6, 0, -4, 0, 0, 4, -1, -6, -4, -2, -1, -2, 0, -7, 2, -3, -1, -2, -4, 1, -5, -7, 0, -4, -5, 3, -1, -7, 3, -3, -3, -1, -4, 1, -4, -4, -6, -7, 1, -4, -5, -3, 2, -2, 4, -4, -8, 4, -7, -1, 3, -1, -4, 4, 4, 1, -2, 3, -7, -1, 4, 2, 3, -7, -7, 3, 0, -5, -4, 4, -3, -8, 0, -6, 4, -6, 2, 0, -1, 2, -2, 0, -7, -2, -4, 0, -4, -2, -2, -8, 2, 4, 3, -4, 1, -4, -4, 3, 2, -8, 2, -3, -7, -1, -5, 0, -8, -7, -7, 0, -6, 3, 3, 2, 1, -8, 1, -3, -5, -1, -1, -4, 0, 1, 1, -6]
 
3.4578269108423902: [-7, 0, -2, 0, -1, 0, -6, -2, -1, -8, -1, -7, 3, -8, -1, 0, 3, -3, 0, -2, -5, 1, -7, -8, -2, -7, -8, 2, 0, -5, 4, -3, -4, -5, -3, 4, -4, -7, -8, -2, 0, -5, -1, 1, 1, -8, -5, -3, -6, -8, -4, -1, 3, -1, -4, 4, 4, 1, -2, 3, -7, -1, 4, 2, 3, -4, -5, -5, 4, 2, 3, -2, -7, -8, 2, -2, 2, -3, -4, -7, -1, 2, -2, 0, -7, -2, -4, 0, -4, -5, 1, 0, 4, -2, -7, -5, -1, -3, 3, -1, -5, 3, -5, -6, -4, -5, 2, -4, 2, 3, 1, -2, -3, -6, -4, -8, -5, -5, 2, 2, -3, 0, -7, 3, -1, -5, 0, -6]
 
2.7148304085038095: [-2, -4, 2, 4, -4, 0, 0, 4, -1, -6, -4, -2, -1, -2, 0, -7, 2, -3, -1, -7, 1, 1, -4, -7, 2, -8, -4, -2, -5, -2, 2, -5, 3, -8, 1, 0, -2, 4, 1, -5, -7, -4, -4, 1, 1, -8, -5, -3, -6, -8, -4, -7, -7, 4, -8, 0, 3, 2, -2, -6, -1, -2, -6, -7, 3, -4, -1, -2, -6, 0, 0, -8, -5, -5, -5, 4, -7, -2, -1, 1, 4, -2, -7, -5, -8, -4, -1, -1, -5, -1, -1, -6, -3, -7, -2, -5, -1, -6, 0, 4, -1, 3, -2, 1, -8, 3, 1, -8, -8, -6, -4, 0, -2, 4, -2, -2, -5, -1, -4, -7, 4, -4, 1, -5, -1, -3, -6, -2]
 
0.9924702440730404: [-3, -6, -2, -6, -4, -6, -1, -2, 3, 1, 3, 4, -5, -6, -5, 2, -5, -6, 1, -4, -2, -8, 3, 2, 3, -4, -7, -2, -1, 1, 1, 2, -3, -2, -3, 1, 1, -5, -7, -2, 0, -6, -3, 2, 3, -1, -8, -5, -8, -4, -7, -4, 0, -7, -8, 1, -3, -2, 3, 3, 2, 2, -3, -8, 3, -1, -5, -3, 4, 0, 3, -2, 0, -8, 2, -2, 2, -3, -4, -7, -1, 2, -2, 0, -5, -2, -4, 0, -4, 4, -2, -8, 2, 4, -2, -4, 2, -6, -4, 3, 2, -4, 2, 2, -7, -1, -5, 0, -8, -2, -1, 1, -6, 3, 3, -7, -2, -8, 1, -3, -5, 4, 4, -4, -1, 1, 3, -6]
 
1.32126778027: [-4, 1, 2, -6, 0, -1, -6, -6, -1, -6, 3, -2, -1, -2, -4, 1, -2, -3, 0, -4, -3, -3, -2, -3, 1, -4, 1, 3, -1, 1, 1, -2, 1, -3, -4, 2, 1, -5, -2, 0, 0, 3, 2, -2, 2, -5, 4, -4, -8, -2, -7, -7, -8, 4, -4, -2, 4, 1, -2, 3, 1, -1, -3, -8, -1, -7, 3, -2, -7, 3, -4, -6, -5, -8, -8, -6, -4, -4, 0, 0, -7, 1, 4, 0, -7, -1, 0, 0, -8, -1, -2, -4, -3, -6, 3, -4, 1, -4, -6, -4, -4, -8, 2, -7, -7, -7, -5, -2, -8, -8, -7, 1, -7, -4, 3, 2, 0, -4, 0, -3, 4, -5, -1, 1, 0, -8, 1, -2]
 
0.981039449199: [-2, 1, -5, -8, -8, -4, -4, 2, -1, 3, -2, -3, -1, 3, -7, 2, -3, -2, -4, -3, -7, -2, 3, -8, 3, 0, 2, 3, -1, -6, -5, -5, 4, 0, -4, 1, -4, 0, -8, 0, -5, -1, -1, -5, 4, 1, -5, -7, 3, -7, -4, 0, 4, 4, -2, -3, 3, -1, 1, -6, -1, 2, -6, 2, -8, -1, -3, -2, 4, 4, -5, -3, -3, -3, -5, -8, -5, -8, -4, -1, 2, -6, -3, 3, -3, -8, -6, -7, -4, -8, 1, 0, 2, -4, 2, -3, -1, 0, 0, 4, 2, -4, 4, -2, -2, 3, -3, -8, -8, -6, -6, 3, -7, 2, 2, -2, 3, -1, -4, -7, 4, -4, -1, -7, -1, -3, -6, -2]
 
3.621236198366282: [-3, -8, -2, 3, -4, -6, -1, -2, 3, -1, -6, 4, -5, 3, 0, 2, -5, -6, 1, -4, -2, -2, 3, -2, -5, -4, -4, 0, -4, -5, -7, -3, -6, -5, -2, 4, 4, -5, -8, -2, 3, -1, -1, -6, -3, 0, -5, -8, 0, -8, -8, -3, -5, 2, 1, 1, 0, -6, -5, -4, -2, -5, -6, -1, 2, 3, -7, -5, 3, -4, -5, 4, -3, -2, 2, -6, -6, 4, 4, -7, -5, -6, -3, 3, -3, -5, 3, -7, -4, -8, -2, 0, 2, -4, 4, -8, -1, -6, 0, 4, -1, 3, -2, 1, -8, 3, 1, -8, -8, -6, -4, 0, -2, 4, -2, -2, -5, -1, -4, -7, 4, -4, 1, -5, -1, -3, -6, -2]
 
2.288465620602277: [2, 3, -2, -4, -8, -7, 4, -2, -4, -4, 2, 2, 2, -2, -2, -4, 3, -1, -5, 3, 3, 1, 0, -4, 4, 2, 1, -2, 4, -5, -6, 0, -3, -1, 3, -7, 1, -3, -1, -2, -1, -5, -5, -1, 1, -8, -2, -7, -8, 4, -7, 1, -5, 1, -8, -8, -4, 0, -2, 4, 0, -1, 2, -4, 2, -6, 4, -2, 3, -1, 4, -7, -8, -5, 4, -6, -3, 4, -8, -7, -5, -4, -2, 3, -4, -5, 3, -7, -4, -8, -2, 0, 2, 1, 4, 4, -8, 4, -2, -5, -1, 3, -2, 1, -8, 3, 1, -4, -8, 2, -4, 0, -6, 4, -8, -7, -2, -1, -4, -7, 4, -4, 1, -5, -1, -4, 2, -2]
 
3.226850899473978: [-2, 1, 2, -7, -4, 0, -2, 2, -1, 2, -4, -2, -1, 3, 0, 2, -5, -6, 1, -4, -2, -2, 3, -4, 3, -4, 2, 3, -1, 1, 1, 2, -3, -3, -4, 1, 1, -5, -8, -2, 3, -1, 4, -6, -3, 0, 0, -2, 0, -8, -8, -3, -7, -3, 1, 2, 0, -6, -5, -4, -2, -5, -6, -1, 2, -4, -1, 4, -6, 0, 0, -8, -5, -5, -5, 4, -7, -4, -1, 1, -5, -2, -7, -5, -2, -4, -7, -1, 0, -3, -1, -7, -5, -5, -2, -5, -1, -6, 0, 4, -1, 3, -2, -4, -6, 3, 1, -8, -8, -6, -7, -3, 1, -7, 3, 2, 1, -8, 1, -3, -5, 1, -1, 4, -1, -3, -1, -6]
 
2.3617106657333107: [-1, -2, -5, 1, -4, 2, -7, 1, -7, -3, -6, 2, 4, -7, 0, 2, -5, -6, 1, -4, -2, -2, 3, -4, 3, -4, 2, 3, -1, 1, 1, 2, -3, -3, -4, 1, 1, -5, -8, -2, 0, -5, -1, 1, 1, -8, -5, -3, -6, -8, -4, -7, -7, 4, -8, 0, 3, 2, -2, -6, -1, -2, -6, -7, 3, -4, -1, -2, 4, -1, 1, 4, -1, -3, -5, -6, 0, -8, -4, -3, 0, -6, -3, 3, -3, -5, 3, -7, -4, -8, -2, 0, 2, -4, 4, -8, -1, -6, 0, 4, -1, 3, -2, 1, -8, 3, 1, -8, -8, -6, -4, 0, -2, 4, -2, -2, -5, -1, -4, -7, 4, -4, 1, -5, -1, -3, -6, -2]
 
0.767161523324: [2, -3, -7, 0, -5, 0, -6, -6, -1, 4, -4, -7, 3, 1, 0, 2, 2, -4, -5, -8, -1, 1, 1, -7, 0, -1, -8, 3, -7, -7, 3, -2, -5, -7, -8, -6, -1, 4, 1, 0, -3, -3, 1, 1, -4, 3, -8, -8, 1, -5, -3, -4, -5, -2, -8, -1, -1, 2, -6, -5, 2, -1, -6, 4, 2, -8, -3, -5, -8, -4, -5, 4, -3, -2, 2, 4, -6, 4, 4, -7, 3, -6, -3, -1, -3, -6, -8, -7, -4, -4, -2, 4, 2, -8, 4, 0, -1, -7, 0, 4, -7, -3, -2, 1, 0, 3, 1, -8, -8, 3, -4, -4, -2, 2, -2, -2, 3, 0, -4, 2, -6, 3, 1, -5, 0, -3, 3, -7]
 
0.773486075333: [-7, 0, -6, 0, 4, -7, -3, -2, -6, 4, -4, -6, -1, -2, 0, -6, -8, -3, -1, -6, -5, 1, 4, -4, 2, -8, -4, 2, -8, -2, 4, 0, 3, -8, 1, 0, -2, 4, 1, -7, -7, -5, -1, 1, 1, -3, 2, -3, -6, -8, -4, -7, -7, -3, -8, 4, 4, 1, -2, -3, -7, -1, 4, 2, -7, -7, -4, 3, 0, -5, -4, 4, 3, -8, 0, -6, 4, 4, 2, 0, -1, -1, -5, 0, 0, -2, -4, -6, -4, -8, -2, -5, 2, 2, -6, 3, 1, -4, -4, 3, 2, -5, 2, -3, -3, -1, -8, 0, 3, -7, -1, 0, -6, -6, -3, 4, 2, -6, 4, 3, -4, 0, -4, -6, -7, -3, -4, 3]
 
0.678717314292: [-2, 1, 2, -7, -4, 0, 0, 4, -1, -6, -4, -2, -1, -2, 0, -7, 2, -3, -1, -7, 1, 1, -4, -7, 3, -4, 2, 3, -1, 1, 1, 2, -3, -3, -4, 1, 1, -5, -8, -2, 0, -5, -1, 1, 2, -2, 4, -4, -8, 4, -7, -1, 3, -1, -4, 0, 3, 2, -2, -6, -1, -2, -6, -7, 3, -4, -1, -2, 4, -1, 1, -8, -5, -5, -5, 4, -7, -2, -1, 1, 4, -2, -7, -5, -8, -4, -1, -1, -5, -1, -1, -6, -3, -7, -2, -5, -1, -6, 0, 4, -1, 3, -2, 1, -8, 3, 1, -8, -8, -6, -7, 0, -6, 3, 3, 2, 1, -8, 1, -3, -5, -1, -1, -4, 0, 1, 1, -6]
 
0.556844903991: [-2, 1, 2, -7, -4, 0, -3, 4, 0, -6, -4, -2, -1, -2, 0, -7, 4, -3, -1, -4, 1, 1, -5, -2, -5, 4, -4, 2, 3, -5, -8, -3, -5, -4, -2, 4, 4, -5, -3, -2, 3, -1, -7, -6, 2, 0, 3, -8, 0, 4, -8, -3, -5, -2, 3, 1, 0, -6, 0, 2, -2, -4, -6, 3, 2, 3, -7, -5, 3, -4, -5, 4, -3, -2, -2, -6, -6, 4, -4, -7, -5, -6, -3, 2, -3, -5, 4, -7, -4, -8, -2, 0, 2, -4, 4, -8, -1, -6, 0, 0, -1, -1, 1, 1, -8, -6, -1, -5, -8, -6, 0, -2, 4, 2, -2, -2, -5, -1, -4, -7, 4, -2, 0, -5, 0, 0, -6, -2]
 
0.626676717376: [-2, 0, -6, 4, 2, 0, 1, -2, -1, -3, -1, -7, 3, 1, -3, -4, 2, -2, 0, -6, 0, -8, -4, -7, 3, -7, -7, -8, -6, 2, 1, -4, 2, -4, -4, -2, 1, -8, -8, -8, 1, 3, -1, 0, -6, -7, 1, 2, -8, 0, -5, -6, -2, -1, 4, 3, -8, 1, -8, -2, -8, -1, 1, 2, -1, -8, -2, 1, 0, 2, -4, -3, -3, -5, -8, -6, 4, 3, -5, -4, -2, 1, 4, -5, -7, -2, -7, 0, 2, -2, -2, -8, 2, 4, 2, -4, 1, -4, -8, 3, 0, -8, -4, -1, -7, -5, 0, 0, 1, 2, -7, -7, 1, -6, -4, -6, 1, -1, 1, 0, -5, -3, 1, 1, -3, 1, -7, -6]
 
2.05850788915: [-4, -2, 0, 2, -8, -4, 0, -2, 2, -4, 0, -3, -7, -1, 0, 0, -1, -6, 1, -4, -2, -4, 3, -5, 3, -4, -7, 3, -1, 1, 1, 2, -3, -3, -4, 1, 1, -5, -8, -2, -7, -5, 0, 1, 1, -8, -5, -3, -3, -1, -2, -3, 2, 2, -8, -7, 3, -1, -6, -6, -1, -2, -6, -1, -3, -2, -1, -2, -6, -2, -6, 4, -1, -3, -7, -5, 0, -8, -4, -3, 0, -6, -3, -1, -3, -5, -8, -2, -4, -8, -2, 0, 2, -4, 4, 4, -3, -6, 0, 4, -1, 0, -2, -4, -5, 3, -5, -8, -8, -6, -4, 4, -2, 4, -2, -2, 1, -5, -4, -7, 4, -7, 1, -4, -2, -3, 3, -2]
 
2.81890072033: [-1, -2, -5, 1, -4, 2, -7, 1, -7, -3, -6, 2, 4, -7, 0, 2, -5, 3, 2, -6, -2, -2, -4, 2, 3, -8, 3, 3, -1, 1, -2, 4, -2, -4, 1, 3, 2, -1, -8, -7, -2, -1, -6, 1, 2, -2, 4, -4, -8, 4, -7, -1, 3, -1, -4, 4, 4, 1, -2, 3, -7, -1, 4, 2, 3, -7, -7, 3, 0, -5, -4, 4, -3, -8, 0, -6, 4, -6, 2, 0, -1, 2, -2, 0, -7, -2, -4, 0, -4, -2, -2, -8, 2, 4, 3, -4, 1, -3, 3, -1, -5, 3, -5, -6, -4, -5, 2, -4, 2, 3, 1, -2, -3, -6, -4, -8, -5, -5, 2, 2, -3, 0, -7, 3, -1, -5, 0, -6]
 
3.82629530132: [-3, -8, -2, 3, -4, -6, -1, -2, 3, -1, -6, 4, -5, 3, 0, 2, -5, -6, 1, -4, -2, -2, 3, -4, 3, -4, 2, 3, -1, 1, 1, 2, -3, -3, -4, 1, 1, -5, -8, -2, 0, -5, -1, 1, 2, -2, 4, -4, -8, 4, -7, -1, 3, -1, -4, 4, 4, 1, -2, 3, -7, -1, 4, 2, 3, -7, -7, 3, 0, -5, -4, 4, -3, -8, 0, -6, 4, -6, 2, 0, -1, 2, -2, 0, -7, -2, -4, 0, -4, -2, -2, -8, 2, 4, 3, -4, 1, -4, -4, 3, 2, -8, 2, -3, -7, -1, -5, 0, -8, -7, -7, 0, -6, 3, 3, 2, 1, -8, 1, -3, -5, -1, -1, -4, 0, 1, 1, -6]
 
3.09651635662: [-2, 1, 2, -7, -5, 0, -6, -2, -1, 4, -1, -7, 3, 1, -8, 0, -6, -2, 0, -2, 0, 1, -4, -7, 3, -4, 2, 3, -1, 1, 1, 2, -3, -3, -4, 1, 1, -5, -8, -2, 0, -5, -1, 1, 3, 2, -1, -5, -8, -4, 0, -4, 0, -7, -8, 1, -8, 0, 3, 3, 0, 2, -3, -8, 3, -4, -5, -5, 4, 2, 3, -2, -7, -8, 2, -2, 2, -3, -4, -7, -1, 2, -2, 0, -7, -2, -4, 0, -4, -2, -2, -8, 2, 4, 3, -4, 1, -4, -4, 3, 2, -8, 2, -3, -7, -1, -5, 0, -8, -7, -7, 0, -6, 3, 3, 2, 1, -8, 1, -3, -5, -1, -1, -4, 0, 1, 1, -6]
 
1.28215128295: [-2, 1, 2, -7, -4, 0, 0, 4, -1, -6, -4, -2, -1, -2, 0, -7, 2, -3, -1, -7, 1, 1, -5, -2, -5, -4, -4, 0, -4, -5, 1, 2, -3, -3, -4, 1, 1, -5, -8, -2, 0, -5, -1, 1, 2, -2, 4, -4, -8, 4, -7, -7, -7, 4, -8, 0, 3, 2, -2, -6, -1, -2, -6, -7, 3, -4, -1, -2, 4, -1, 1, 4, -1, -3, -5, -6, 0, -8, -4, -3, 0, -6, -3, 3, -3, -5, 3, -7, -4, -8, -2, 0, 2, -4, 4, -8, -1, -6, 0, 4, -1, 3, -2, 1, -8, 3, 1, -8, -8, -6, -4, 0, -2, 4, -2, -2, -5, -1, -4, -7, 4, -4, 1, -5, -1, -3, -6, -2]
 
2.68434102404: [-2, 1, 2, -7, -4, 0, 0, 4, -1, -6, -4, -2, -1, -2, 0, -7, 2, -3, -1, -7, 1, 1, -4, -7, 3, -4, 2, 3, -1, 1, -7, -3, -6, -5, -2, 4, 4, -5, -8, -2, 3, -1, -1, -6, -3, 0, -5, -8, 0, -8, -8, -3, -5, 2, 1, 1, 0, -6, -5, -4, -2, -5, -6, -1, 2, 3, -7, -5, 3, -4, -5, 4, -3, -2, 2, -6, -6, 4, 4, -7, -5, -6, -3, 3, -3, -5, 3, -7, -4, -8, -2, 0, 2, -4, 4, -8, -1, -6, 0, 4, -1, 3, -2, 1, -8, 3, 1, -8, -8, -6, -4, 0, -2, 4, -2, -2, -5, -1, -4, -7, 4, -4, 1, -5, -1, -3, -6, -2]
 
1.57376005377: [-2, 1, 2, -7, -4, 0, -2, 2, -1, 2, -4, -2, -1, -2, 0, -8, 2, -3, -1, -2, -4, 1, -5, -7, 0, -4, -5, 3, -1, 1, 1, 2, -3, -3, -4, 1, 1, -5, -8, -2, 0, -5, -1, 1, 3, 2, -1, -5, -8, -8, -4, -7, -7, -1, -8, -1, -1, 2, -3, -5, 2, 1, -6, -1, 2, 3, -7, -5, 3, -4, -5, 4, -3, -2, 2, -6, -6, 4, 4, -7, -5, -6, -3, 3, -3, -5, 3, -7, -4, -8, -2, 0, 2, -4, 4, -8, -1, -6, 0, 4, -1, 3, -2, 1, -8, 3, 1, -8, -8, -6, -4, 0, -2, 4, -2, -2, -5, -1, -4, -7, 4, -4, 1, -5, -1, -3, -6, -2]
 
2.33647844694: [-7, 0, -6, 0, -5, 0, -6, -2, -1, 4, -1, -7, 3, 1, 0, -8, 2, -4, -5, -2, -4, 1, 1, -7, 0, -1, -8, 3, -3, -7, 3, -2, -5, -7, -8, -2, -1, 4, 1, 0, -3, -7, 4, 1, -4, -7, -8, -5, -2, -5, -1, -6, -5, 4, -8, 0, 3, 2, -2, -6, -1, -2, -6, -7, 3, -4, -1, -2, 4, -1, 1, 4, -1, -3, -5, -6, 0, -8, -4, -3, 0, -3, -3, 4, -6, -5, -7, -6, -4, -5, 1, 0, 4, -2, 3, -4, 1, -4, -4, 3, 2, -8, 2, -3, -7, -1, -5, 0, -8, -7, -7, 0, -6, 3, 3, 2, 1, -8, 1, -3, -5, -1, -1, -4, 0, 1, 1, -6]
 
2.57007620135: [-4, -4, -6, 2, 3, -4, 0, 4, 2, 0, 0, -4, -7, -1, 0, -6, -1, 3, -4, -8, -2, -5, 3, -1, -6, 0, 3, 3, -1, -8, 1, 4, -2, -5, -2, 4, 4, -5, -8, -2, 3, -1, -1, -6, -3, 0, -5, -8, 0, -8, -8, -3, -5, 2, 1, 1, 0, -6, -5, -4, -2, -5, -6, -1, 2, 3, -7, -5, 3, -4, -5, 4, -3, -2, 2, -6, -6, 4, 4, -7, -5, -6, -3, 3, -3, -5, 3, -7, -4, -8, -2, 0, 2, -4, 4, -8, -1, -6, 0, 4, -1, 3, -2, 1, -8, 3, 1, -8, -8, -6, -4, 0, -2, 4, -2, -2, -5, -1, -4, -7, 4, -4, 1, -5, -1, -3, -6, -2]
 
2.58075900558: [-4, -4, -6, 2, 3, -4, 0, 4, 2, 0, 0, -4, -7, -1, 0, -6, -1, 3, -4, -8, -2, -5, 3, -1, -6, 0, 3, 3, -1, -8, 1, 4, -2, -5, -2, 4, 4, -5, -8, -2, 3, -1, -1, -6, -3, 0, -5, -8, 0, -8, -8, -3, -5, 2, 1, 1, 0, -6, -5, -4, -2, -5, -6, -1, 2, 3, -7, -5, 3, -4, -5, 4, -3, -2, 2, -6, -6, 4, 4, -7, -5, -6, -3, 3, -3, -5, 3, -7, -4, -8, -2, 0, 2, -4, 4, -8, -1, -6, 0, 4, -1, 3, -2, 1, -8, 3, 1, -8, -8, -6, -4, 0, -2, 4, -2, -2, -5, -1, -4, -7, 4, -4, 1, -5, -1, -3, -6, -2]
 
3.03398294005: [-2, 1, 2, -7, -4, 0, -2, 2, -1, 2, -4, -2, -1, -2, 0, -8, 2, -3, -1, -2, -4, 1, -5, -7, 0, -4, -5, 3, -1, -7, 3, -3, -3, -1, -4, -8, -5, -1, -8, 0, 0, -7, -6, 1, 2, -2, 4, -4, -8, 4, -7, -1, 3, -1, -4, 4, 4, 1, -2, 3, -7, -1, 4, 2, 3, -7, -7, 3, 0, -5, -4, 4, -3, -8, 0, -6, 4, -6, 2, 0, -1, 2, -2, 0, -7, -2, -4, 0, -4, -2, -2, -8, 2, 4, 3, -4, 1, -4, -4, 3, 2, -8, 2, -3, -7, -1, -5, 0, -8, -7, -7, 0, -6, 3, 3, 2, 1, -8, 1, -3, -5, -1, -1, -4, -1, -3, -6, -2]
 
3.10985434266: [-3, -8, -2, 3, -4, -6, -1, -2, 3, -1, -6, 4, -5, 3, 0, 2, -5, -6, 1, -4, -2, -2, 3, -2, -5, -4, -4, 0, -4, -5, -7, -3, -6, -5, -2, 4, 4, -5, -8, -2, 3, -1, -1, -6, -3, 0, -5, -8, 0, -8, -8, -3, -5, 2, 1, 1, 0, -6, -5, -4, -2, -5, -6, -1, 2, 3, -7, -5, 3, -4, -5, 4, -3, -2, 2, -6, -6, 4, 4, -7, -5, -6, -3, 3, -3, -5, 3, -7, -4, -8, -2, 0, 2, -4, 4, -8, -1, -6, 0, 4, -1, 3, -2, 1, -8, 3, 1, -8, -8, -6, -4, 0, -2, 4, -2, -2, -5, -1, -4, -7, 4, -4, 1, -5, 0, 1, 1, -6]
 
2.09973425606: [-2, 1, 2, -7, -5, 0, -6, -2, -1, 4, -1, -7, 3, 1, -8, 0, -6, -2, 0, -2, 0, 1, -5, -2, -5, -4, -4, 0, -4, -5, -7, -3, -6, -5, -2, 4, 4, -5, -8, -2, 3, -1, -1, -6, -3, 0, -5, -8, 0, -8, -8, -3, -5, 2, 1, 1, 0, -6, -5, -4, -2, -5, -6, -1, 2, 3, -7, -5, 3, -4, -5, 4, -3, -2, 2, -6, -6, 4, 4, -7, -5, -6, -3, 3, -3, -5, 3, -7, -4, -8, -2, 0, 2, -4, 4, -8, -1, -6, 0, 4, -1, 3, -2, 1, -8, 3, 1, -8, -8, -6, -4, 0, -2, 4, -2, -2, -5, -1, -4, -7, 4, -4, 1, -5, -1, -3, -6, -2]
 
1.6034346643: [-7, 0, -6, 0, -5, 0, -6, -2, -1, 4, -1, -7, 3, 1, -8, 0, -6, -2, 0, -2, 0, 1, -5, -2, -5, -4, -5, 3, -1, 1, 1, 2, -3, -3, -4, 1, 1, -5, -8, -2, 0, -5, -1, 1, 3, 2, -1, -5, -8, -8, -4, -7, -7, 4, -8, 0, 3, 2, -2, -6, -1, -2, -6, -7, 3, -4, -1, -2, 4, -1, 1, 4, -1, -3, -5, -6, 0, -8, -4, -3, 0, -3, -3, 4, -6, -5, -7, -6, -4, -5, 1, 0, 4, -2, 3, -4, 1, -4, -4, 3, 2, -8, 2, -3, -7, -1, -5, 0, -8, -7, -7, 0, -6, 3, 3, 2, 1, -8, 1, -3, -5, -1, -1, -4, 0, 1, 1, -6]
 
2.01958901605: [-2, 1, 2, -7, -5, 0, -6, -2, -1, 4, -1, -7, 3, 1, -8, 0, -6, -2, 0, -2, 0, 1, -5, -2, -5, -4, -4, 0, -4, -5, -7, -3, -6, -5, -2, 4, 4, -5, -8, -2, 3, -1, -1, 1, 1, -8, -5, -3, -6, -8, -4, -7, -7, 4, -8, 0, 3, 2, -2, -6, -1, -2, -6, -7, 3, -4, -1, -2, 4, -1, 1, 4, -1, -3, -5, -6, 0, -8, -4, -3, 0, -6, -3, 3, -3, -5, 3, -7, -4, -8, -2, 0, 2, -4, 4, -8, -1, -6, 0, 4, -1, 3, -2, 1, -8, 3, 1, -8, -8, -6, -4, 0, -2, 4, -2, -2, -5, -1, -4, -7, 4, -4, 1, -5, -1, -3, -6, -2]
 
2.48643555343: [-2, 1, 2, -7, -4, 0, -2, 2, -1, 2, -4, -2, -1, 3, 0, 2, -5, -6, 1, -4, -2, -2, 3, -4, 3, -4, 2, 3, -1, 1, 1, 2, -3, -3, -4, 1, 1, -5, -8, -2, 0, -5, -1, -6, -3, 0, -5, -8, 0, -8, -8, -3, -5, 2, 1, 1, 0, -6, -5, -4, -2, -5, -6, -1, 2, 3, -7, -5, 3, -4, -5, 4, -3, -2, 2, -6, -6, 4, 4, -7, -5, -6, -3, 3, -3, -5, 3, -7, -4, -8, -2, 0, 2, -4, 4, -8, -1, -6, 0, 4, -1, 3, -2, 1, -8, 3, 1, -8, -8, -6, -4, 0, -2, 4, -2, -2, -5, -1, -4, -7, 4, -4, 1, -5, -1, -3, -6, -2]
 
4.27790486916: [-7, 0, -2, 0, -1, 0, -6, -2, -1, -8, -1, -7, 3, -8, -1, 0, 3, -3, 0, -2, -5, 1, -7, -8, -2, -7, -8, 2, 0, -5, 4, -3, -4, -5, -3, 4, -4, -7, -8, -2, 0, -5, -1, 1, 1, -8, -5, -3, -6, -8, -4, -1, 3, -1, -4, 4, 4, 1, -2, 3, -7, -1, 4, 2, 3, -4, -5, -5, 4, 2, 3, -2, -7, -8, 2, -2, 2, -3, -4, -7, -1, 2, -2, 0, -7, -2, -4, 0, -4, -2, -2, -8, 2, 4, 3, -4, 1, -4, -4, 3, 2, -8, 2, -3, -7, -1, -5, 0, -8, -7, -7, 0, -6, 3, 3, 2, 1, -8, 1, -3, -5, -1, -1, -4, 0, 1, 1, -6]
 
1.79685496085: [-2, 1, 2, -7, -4, 0, 0, 4, -1, -6, -4, -2, -1, -2, 0, -7, 2, -3, -1, -7, 1, 1, -4, -7, 3, -4, 2, 3, -1, 1, 1, 2, -3, -3, -4, 1, 1, -5, -8, -2, 0, -5, -1, 1, 2, -2, 4, -4, -8, 4, -7, -1, 3, -1, -4, 4, 4, 1, -2, 3, -7, -1, 4, 2, 3, -7, -7, 3, 0, -5, -4, 4, -3, -8, 0, -6, 4, -6, 2, 0, -1, 2, -2, 0, -7, -2, -4, 0, -4, -5, 1, 0, 4, -2, -7, -5, -1, -3, 3, -1, -5, 3, -5, -6, -4, -5, 2, -4, 2, 3, 1, -2, -3, -6, -4, -8, -5, -5, 2, 2, -3, 0, -7, 3, -1, -5, 0, -6]
 
1.73380543738: [-7, 0, -6, 0, -5, 0, -6, -2, -1, 4, -4, -2, -1, -2, 0, -8, 2, -3, -1, -2, -4, 1, -5, -4, 2, -8, -4, -2, -5, -2, 2, -5, 3, -8, 1, 0, -2, 4, 1, -5, -7, -4, -4, 1, 1, -8, -5, -3, -6, -8, -4, -7, -7, 4, -8, 0, 3, 2, -2, -6, -1, -2, -6, -7, 3, -4, -1, -2, 4, -1, 1, -8, -5, -5, -5, 4, -7, -2, -1, 1, 4, -2, -7, -5, -8, -4, -1, -1, -5, -1, -1, -6, -3, -7, -2, -5, -1, -6, 0, 4, -1, 3, -2, 1, -8, 3, 1, -8, -8, -6, -7, 0, -6, 3, 3, 2, 1, -8, 1, -3, -5, -1, -1, -4, -1, -3, -6, -2]
 
2.47613626955: [-2, 1, 2, -7, -5, 0, -6, -2, -1, 4, -1, -7, 3, 1, -8, 0, -6, -2, 0, -2, 0, 1, -5, -2, -5, -4, -4, 0, -4, -5, -7, -3, -6, -5, -2, 4, 4, -5, -8, -2, 3, -1, -1, -6, -3, 0, -5, -8, 0, -8, -8, -3, -5, 2, 1, 1, 0, -6, -5, -4, -2, -5, -6, -1, 2, 3, -7, -5, 3, -4, -5, 4, -3, -2, 2, -6, -6, 4, 4, -7, -5, -6, -3, 3, -3, -5, 3, -7, -4, -8, -2, 0, 2, -4, 4, -8, -1, -6, 0, 4, -1, 3, -2, 1, -8, 3, 1, -8, -8, -6, -4, 0, -2, 4, -2, -2, -5, -1, -4, -7, 4, -4, 1, -5, 0, 1, 1, -6]
 
2.6908207935: [-2, 1, 2, 4, -4, 0, 0, 4, -1, -6, -4, -2, -1, -2, 0, -7, 2, -3, -1, -7, 1, 1, -4, -7, 2, -8, -4, -2, -5, -2, 2, -5, 3, -8, 1, 0, -2, 4, 1, -5, -7, -4, -4, 1, 1, -8, -5, -3, -6, -8, -4, -7, -7, 4, -8, 0, 3, 2, -2, -6, -1, -2, -6, -7, 3, -4, -1, -2, -6, 0, 0, -8, -5, -5, -5, 4, -7, -2, -1, 1, 4, -2, -7, -5, -8, -4, -1, -1, -5, -1, -1, -6, -3, -7, -2, -5, -1, -6, 0, 4, -1, 3, -2, 1, -8, 3, 1, -8, -8, -6, -4, 0, -2, 4, -2, -2, -5, -1, -4, -7, 4, -4, 1, -5, -1, -3, -6, -2]
 
0.883735917894: [-2, -4, 2, -7, -4, 0, 0, 4, -1, -6, -4, -2, -1, -2, 0, -7, 2, -3, -1, -7, 1, 1, -4, -7, 3, -4, 2, 3, -1, 1, 1, 2, -3, -3, -4, 1, 1, -5, -8, -2, 0, -5, -1, 1, 2, -2, 4, -4, -8, 4, -7, -1, 3, -1, -4, 0, 3, 2, -2, -6, -1, -2, -6, -7, 3, -4, -1, -2, 4, -1, 1, -8, -5, -5, -5, 4, -7, -2, -1, 1, 4, -2, -7, -5, -8, -4, -1, -1, -5, -1, -1, -6, -3, -7, -2, -5, -1, -6, 0, 4, -1, 3, -2, 1, -8, 3, 1, -8, -8, -6, -7, 0, -6, 3, 3, 2, 1, -8, 1, -3, -5, -1, -1, -4, 0, 1, 1, -6]
 
3.04591719684: [-2, 1, 2, -7, -4, 0, 0, 4, -1, -6, -4, -2, -1, -2, 0, -7, 2, -3, -1, -7, 1, 1, -4, -7, 3, -4, 2, 3, -1, 1, -7, -3, -6, -5, -2, 4, 4, -5, -8, -2, 3, -1, -1, -6, -3, 0, -5, -8, 0, -8, -8, -3, -5, 2, -8, 1, -8, 0, 3, 3, 0, 2, -3, -8, 3, -4, -5, -5, 4, 2, 3, -2, -7, -8, 2, -2, 2, -3, -4, -7, -1, 2, -2, 0, -7, -2, -4, 0, -4, -2, -2, -8, 2, 4, 3, -4, 1, -4, -4, 3, 2, -8, 2, -3, -7, -1, -5, 0, -8, -7, -7, 0, -6, 3, 3, 2, 1, -8, 1, -3, -5, -1, -1, -4, 0, 1, 1, -6]
 
0.53658883643: [-2, 1, 2, -7, -4, 0, -5, -2, -1, -8, -1, -3, -3, 1, -8, 0, -7, -2, 4, -2, 0, -6, -2, 4, -8, -4, 2, -1, -4, 1, 1, 2, -3, 0, -4, 1, -1, -5, -8, -2, 2, -5, -1, 1, 3, 2, -1, -5, -2, -4, -7, -4, 0, -7, 1, 1, 0, -6, -5, -4, -2, -1, -6, -1, 3, 0, -7, -4, 3, -1, -5, 4, -3, -2, 2, -6, -6, 4, 3, -5, -2, -6, -3, 2, -3, -5, 3, -8, -8, -5, -2, 1, 1, 4, 2, -8, -1, -6, 0, -5, -1, 3, -7, 4, -1, 3, -5, -8, -8, -6, -4, -3, -2, 4, -2, -6, 4, -8, -4, -8, 4, -5, 1, -5, -1, -3, -6, -2]
 
2.18984553971: [-4, -4, -6, 2, 3, -4, 0, 4, 2, 0, 0, -4, -7, -1, 0, -6, -1, 3, -4, -8, -2, -5, 3, -1, -6, 0, 3, 3, -1, -8, 1, 4, -2, -5, -2, 4, 4, -5, -8, -2, 3, -1, -1, -6, -3, 0, -5, -8, 0, -8, -8, -3, -5, 2, 1, 1, 0, -6, -5, -4, -2, -5, -6, -1, 2, 3, -7, -5, 3, -4, -5, 4, -3, -2, 2, -6, -6, 4, 4, -7, -5, -6, -3, 3, -3, -5, 3, -7, -4, -8, -2, 0, 2, -4, 4, -8, -1, -6, 0, 4, -1, 3, -2, 1, -8, 3, 1, -8, -8, -6, -4, 0, -2, 4, -2, -2, -5, -1, -4, -7, 4, -4, 1, -5, -1, -3, -6, -6]
 
2.74808911585: [-2, 1, 2, -7, -5, 0, -6, -2, -1, 4, -1, -7, 3, 1, -8, 0, -6, -2, 0, -2, 0, 1, -5, -2, -5, -4, -4, 0, -4, -5, -7, -3, -6, -5, -2, 4, 4, -5, -8, -2, 3, -1, -1, -6, -3, 0, -5, -8, 0, -8, -8, -3, -5, 2, 1, 1, 0, -6, -5, -4, -2, -5, -6, -1, 2, 3, -7, -5, 3, -4, -5, 4, -3, -2, 2, -6, -6, 4, 4, -7, -5, -6, -3, 3, -3, -5, 3, -7, -4, -8, -2, 0, 2, -4, 4, -8, -1, -6, 0, 4, -1, 3, -2, 1, -8, 3, 1, -8, -8, -6, -4, 0, -2, 4, -2, -2, -5, -1, -4, -7, 4, -4, 1, -5, 0, 1, 1, -2]
 
2.17440898518: [2, 3, -2, -4, -8, -7, 4, -2, -4, -4, 2, 2, 2, -2, -2, -4, 3, -1, -5, 3, 3, 1, 0, -4, 4, 2, 1, -2, 4, -5, -6, 0, -3, -1, 3, -7, 1, -3, -1, -2, -1, -5, -5, -1, 1, -8, -2, -7, -8, 4, -7, 1, -5, 1, -8, -8, -4, 0, -2, 4, 0, -1, 2, -4, 2, -6, 4, 3, 0, -5, -4, 4, -3, -8, 0, -6, 4, -6, 2, 0, -1, 2, -2, 0, -7, -2, -4, 0, -4, -2, -2, -8, 2, 4, 3, -4, 1, -4, -4, 3, 2, -8, 2, -3, -7, -1, -5, 0, -8, -7, -7, 0, -6, 3, 3, 2, 1, -8, 1, -3, -5, -1, -1, -4, 0, 1, 0, -6]
 
0.591873689333: [-2, -5, -5, 1, 2, 2, -1, 1, -2, -7, -1, 3, -4, -2, 4, -2, -5, -1, -2, -6, 2, -7, -4, 2, 3, -8, -3, 3, -6, -1, 1, -6, -2, -4, 0, 0, 2, 2, -8, -7, -8, -1, -6, -8, -3, -4, 4, 4, 4, 4, 1, 3, -8, -5, -4, 4, 4, 1, 4, 3, -7, -5, 4, -4, -3, -7, -2, 0, -3, -2, 2, 4, -7, -6, 0, 1, 2, 1, -8, 4, -2, -7, 3, 0, -7, 0, -4, -3, -4, 1, -2, -8, -7, -3, 2, -4, 4, 1, 3, -6, -5, 3, -4, 3, -4, 2, 2, 3, 2, 3, 0, -1, -3, -6, -4, -8, 1, -6, 1, -7, 2, -2, -3, 3, 1, -6, 4, -6]
 
