2.1264919709163603: [-2, 1, 2, 0, -4, 4, -2, 2, -1, 4, -4, -6, -1, -2, 0, -8, -1, -7, 1, -4, -7, -8, 3, 2, 3, -4, -7, 3, -1, 1, -1, 2, -3, -3, -4, -3, -7, -5, -8, -2, -6, -8, 4, 1, 2, -7, 4, -2, 3, -3, -3, -1, -5, 2, -1, 2, 0, -3, 3, 0, 3, -2, -2, -8, 3, -8, 1, -8, -4, -7, -6, -2, 1, -2, -4, -5, 1, -5, -5, 2, 0, 2, -3, -1, -8, -5, -4, -1, -4, -2, 2, -8, 2, 4, -3, 0, -8, -8, 1, -8, -1, -7, -7, -3, -8, 3, -4, 3, -7, 4, -4, -4, -1, 4, -2, -8, -3, -5, 1, -7, -3, -4, 1, -5, -1, -2, -3, -3]
 
0.503336560548: [-6, 2, -8, -4, -6, 1, 3, -3, -3, 4, -5, 4, 4, -7, -2, 1, -2, 1, -6, -8, -6, 1, -8, -4, -6, 4, -7, -8, -1, 1, 0, -2, 0, 4, 0, 3, -3, -3, 3, -3, 2, 1, 2, -2, 4, -2, 0, 2, -7, -5, -4, 4, -2, -3, -3, 0, -1, -1, 2, 0, -8, 1, 4, 1, -8, -7, -6, -5, 3, 0, -8, -3, -7, -2, -7, 2, -6, 0, 1, 4, -7, 3, -7, -8, -6, 3, 2, 3, -7, -7, 0, -4, -1, -7, -5, -6, 3, -8, -5, 1, 2, 2, 4, 3, -2, -5, -3, 0, 4, -2, -2, -8, -2, 1, -4, -2, -1, -1, 1, -1, -7, 3, 0, 0, 1, 1, 3, -7]
 
0.9069778021259667: [-1, 3, 3, -4, -2, -6, 3, 1, -3, -6, -5, 2, -3, 4, 2, -7, 3, -7, 1, -4, -2, -4, 3, -5, 3, -4, -7, 3, -1, 1, 1, 2, -3, -3, -4, 1, 1, -5, -8, -2, -3, -7, 4, 1, -4, -7, -8, -7, -7, 3, -7, 1, -5, 2, -8, 2, 3, 2, -2, -6, 3, -2, -6, -1, -3, -8, -1, -3, -6, -2, -6, 4, 1, -3, -4, -5, 1, -5, -5, -3, 0, -6, -3, -1, -3, -5, -3, -7, 2, -8, -2, 0, 4, 0, -6, 1, 1, -3, 3, -1, -5, 3, 4, -6, 1, -5, 2, -4, 2, 3, 1, -5, -3, -6, -5, -8, -8, -5, 2, -7, -2, -6, -7, 3, -1, -6, 4, -6]
 
1.1350745484097775: [-3, -3, 2, -1, -4, -6, -7, -2, -6, -4, 2, 2, -2, -7, -5, -4, 4, -1, 1, 4, -8, -8, 1, 0, 3, -4, -7, 3, -1, 1, 1, 2, -3, -3, -4, 1, 1, -5, -8, -2, -3, -7, 4, 1, -4, -7, -8, -7, -7, 3, -7, 1, -5, 2, -8, 2, 3, 2, -2, -6, 3, -2, -6, -1, -3, -8, -1, -3, -6, -2, -6, 4, 1, -3, -4, -5, 1, -5, -5, -3, 0, -6, -3, -1, -3, -5, -3, -7, 2, -8, -2, 0, 4, 0, -6, 1, 1, -3, 3, -1, -5, 3, 4, -6, 1, -5, 2, -4, 2, 3, 1, -5, -3, -6, -5, -8, -8, -5, 2, -7, -2, -6, -7, 3, -1, -6, 4, -6]
 
-1000: [1, 1, -7, -5, -4, -6, -3, -2, -3, -4, -2, 2, -3, 4, -8, -7, -7, -5, -1, -2, -5, -2, -7, -2, -2, -4, 1, -7, 4, 1, 0, -4, 2, 1, -8, -2, -1, -6, -4, 0, -7, -4, 0, -7, 1, -8, 4, 3, -3, -4, 1, -4, 2, -1, -8, 2, 1, -1, -6, 1, -7, 0, -1, -1, -5, -8, -7, -6, -6, -2, -6, -4, -1, -3, -4, -5, -1, -3, -5, -3, 0, -6, -4, -1, -8, -5, -4, 0, -4, -2, -5, -5, -7, -7, -3, 0, 3, -4, 2, -5, 2, 1, 4, -6, 0, -5, -5, 1, 4, 3, 4, -2, -2, -3, 4, 4, -5, 1, -8, 2, 2, 0, 3, -5, 4, 2, -2, -3]
 
1.8856000877652692: [-2, 1, 2, -7, -4, 0, -2, 2, -1, 2, -4, -2, -1, -2, 0, -8, -1, -6, 1, -4, -2, -4, 3, -5, 3, -4, -7, 3, -1, 1, 1, 2, -3, -3, -4, 1, 1, -5, -8, -2, -3, -7, 4, 1, -4, -7, -8, -7, -7, 3, -7, 1, -5, 1, -5, -8, -4, 1, -2, -5, 0, -1, -1, -4, 3, -6, 4, -7, -3, -6, -5, 2, -6, -5, 1, 0, 4, -3, -8, 3, -8, -4, -2, 3, -4, 2, 2, -3, -4, 3, -8, 1, 2, -4, 4, -8, -1, -6, 0, 4, -1, 3, -2, 1, -8, 3, 1, -8, -8, -6, -4, 0, -2, 4, -2, -2, -5, -1, -4, -7, 4, -4, 1, -5, -1, -3, -6, -2]
 
1.17140252573: [-6, -8, 0, 4, -3, -6, -3, -2, -6, 2, -4, -2, 1, -7, 0, -8, -8, -7, 1, 3, -5, 0, -6, -3, -8, 2, -4, -2, -5, 0, -2, -2, -8, 0, -5, 4, -7, 4, -4, -3, -7, -5, 0, 1, -1, -8, 4, -3, -3, -4, -2, -4, 1, -3, -7, -5, 3, -3, -6, -6, 3, -3, 4, -1, 2, -1, -1, 3, -2, -2, -3, 4, -3, -8, 3, 4, 1, -4, -5, -5, 2, 0, -2, -1, -3, -2, -4, -6, 0, -4, -3, -8, -2, 1, -3, -6, -3, -6, 0, 3, 2, 2, 4, 4, 1, -5, -4, 3, -1, 4, 3, -4, 2, 3, -2, -2, -5, -1, 4, -7, 4, -5, 1, -5, -3, -1, 2, -2]
 
1.928435982256745: [-6, -8, 0, -8, -3, -6, -1, -2, -6, -4, 2, -3, -8, -5, 0, -7, 0, 0, 3, 4, -8, 4, -4, 2, -8, 3, -3, -2, -5, 3, -6, 0, -2, 1, -5, -7, -7, -4, -1, 2, 2, -5, 2, -3, -2, -3, 1, -6, 3, -5, -1, 0, -1, -5, -1, 3, 0, -5, -7, 4, 4, 0, 2, 3, -7, -6, -7, -6, -8, -1, -8, -5, -1, -3, -7, 4, -6, 2, -4, -8, -5, -5, -7, 0, -5, -4, -5, -7, 2, -7, -1, 2, -4, 4, -3, -3, 4, -2, 3, -5, 4, -1, -3, 4, -2, -6, 1, -2, 0, -8, 4, -2, -7, -6, 2, -4, -7, -4, -1, -5, 3, 1, -7, 4, -1, -5, 4, 3]
 
1.0187528354589221: [-6, -8, -3, -1, -4, -6, -7, -2, -6, -4, 2, 2, -2, -7, -5, -4, 4, -1, 1, 4, -8, -8, 1, 0, -7, -2, -6, 1, -6, -2, -6, -4, -5, -7, -8, -2, -1, 4, 1, 0, -7, -5, 0, 1, 1, -8, -5, -3, -3, -1, -2, -3, 2, 2, -8, -7, 3, -1, -6, -6, -1, -2, -6, -1, -3, -2, -1, -2, -6, -2, -6, -2, 1, -2, -4, -5, 1, -5, -5, 2, 0, 2, -3, -1, -8, -5, -4, -1, -4, -4, -8, -8, -8, -3, -3, -8, 0, -4, 3, 2, 2, -8, 1, -6, -7, -1, 2, 2, -8, -7, 3, 0, -6, 3, 1, 2, 1, -8, 1, -3, 3, 1, -7, 4, -1, -5, 2, 3]
 
0.9141603645763763: [2, 0, 1, -8, -8, 1, -7, 3, -2, 3, 0, 4, 2, 2, 4, 0, -7, -3, -3, -1, -5, -6, -8, -2, 4, -5, 0, 0, 1, -7, 2, -7, -7, -3, -7, -8, 2, -3, -6, 0, -5, -7, -6, -1, -2, -7, -3, 1, 1, 2, 2, -2, -5, 3, -3, -6, -7, 0, -5, 3, -5, 0, -5, -8, -1, -6, -6, -8, -6, -6, -1, -7, -4, 4, 1, -6, 2, 2, 3, 0, -5, -5, -7, 3, -5, -6, 4, -7, 2, -7, -1, 2, -4, 4, -3, -3, 0, 4, 3, -5, 3, -3, -3, 4, -2, 2, 4, -1, 0, -8, 4, -2, -7, -2, 2, 0, -7, -3, -1, -5, -6, -1, 3, -8, 0, 1, 1, -6]
 
3.4224240076962573: [-6, -8, -3, -8, -3, -6, -1, -2, -6, 2, -4, -2, -1, -2, 0, -8, -1, -6, 1, -4, -2, -4, 3, -5, 3, -4, -7, 3, -1, 1, 1, 2, -3, -3, -4, 1, 1, -5, -8, -2, -3, -7, 4, 1, -4, -7, -8, -7, -7, 3, -7, 1, -5, 2, -8, 2, 3, 2, -2, -6, 3, -2, -6, -1, -3, -8, -1, -3, -6, -2, -6, 4, 1, -3, -4, 0, 4, -3, -8, 3, -8, -4, -2, 3, -4, 2, 2, -3, -4, 3, -8, 1, 2, -4, 4, -8, -1, -6, 0, 4, -1, 3, -2, 1, -8, 3, 1, -8, -8, -6, -4, 0, -2, 4, -2, -2, -5, -1, -4, -1, -3, -4, 1, 3, -5, -4, 4, -4]
 
3.012013243395915: [1, -5, -2, -4, -1, 0, -6, -1, 4, 0, 1, -5, -3, 1, 4, 1, 3, -8, 2, -8, -4, -2, -5, 4, -7, -2, 0, -6, 3, -7, 2, 4, -8, -7, -2, 1, 1, -5, -1, -7, -3, -7, 4, 1, -4, -7, 2, -6, -7, 1, -7, 1, -5, 2, -8, 4, 2, 1, -2, -8, -6, -2, -6, 0, -3, -5, -4, -3, -6, -2, -6, -2, 1, -2, -4, -5, 1, -5, -5, 2, 0, 2, -3, -1, -8, -5, -4, -1, -4, -2, 2, -8, 2, 4, -3, 0, -8, -8, 1, -8, -1, -7, -7, -3, -8, 3, -4, 3, -7, 4, -4, -4, -1, 4, -2, -8, -3, -5, 1, -7, -3, -4, 1, -5, -1, -2, -3, -3]
 
0.7665558394729342: [-1, 3, 3, -4, -2, -7, 3, -2, 0, -3, -1, -7, 1, -1, -8, -5, -6, -8, 3, -2, 0, -4, -6, -1, 4, 2, 1, -6, 0, -6, 4, -6, 2, -2, 3, -1, -2, -3, 1, 0, -4, -5, -1, -1, -4, -2, -5, -5, -2, 4, -7, -6, -1, -2, -6, 0, 3, 2, -8, -3, -1, 3, -6, -7, -6, 3, -1, -2, 2, -5, 1, 4, -1, -1, -5, -6, 0, -8, -6, -2, 0, -3, -3, 0, -2, -5, -3, -6, -4, -5, 1, -3, 4, -2, -6, 2, -1, 0, -8, 3, -3, 0, -2, 2, -6, 3, 1, 3, -8, -6, -4, -6, -2, 4, -2, 2, -3, -5, 1, 4, -6, -1, 1, -5, 3, -8, -3, -3]
 
0.5155723206751337: [-2, 1, 2, -7, -4, 0, -2, 2, -1, 2, -4, -2, -1, -2, 0, -8, -1, -6, 1, -4, -2, -4, 3, -5, -7, -2, -6, 1, -6, -2, -6, -4, -5, -7, -8, -2, -1, 4, 1, 0, -7, -5, 0, 1, 1, -8, -5, -3, -3, -1, -2, -3, 2, 2, -8, -7, 3, -1, -6, -6, -1, -2, -6, -1, -3, -2, -1, -2, -6, -2, -5, 4, -6, -6, -1, -6, 4, -5, -5, 0, 0, -6, -7, 4, 0, 4, 0, -7, -4, -4, -8, -8, -8, -3, -3, -8, 0, -4, 3, 2, 2, -8, 1, -6, -7, -1, 2, 2, -8, -7, 3, 0, -6, 3, 1, 2, 1, -8, 1, -3, -6, -1, 3, -8, 0, 1, 1, -6]
 
1.01177578578: [4, -5, -2, -4, -6, 0, -8, 3, -4, -5, 1, -6, -3, 1, -5, 4, -6, -4, 2, -6, 4, -1, -5, -2, -6, -1, 4, -7, 1, -5, 0, -6, -7, -6, -7, -7, 0, -2, 4, 0, -5, 2, 2, -6, -7, 4, -2, -8, -1, 3, -2, -1, -8, 4, 0, 0, 0, 0, -2, -2, 4, -3, -3, -6, 0, -1, -5, -8, -6, -6, -6, 4, -2, 1, 1, 0, 3, -4, -7, 1, 1, -4, 1, -4, -3, -2, -1, 0, 3, 3, 3, -5, 3, 1, 3, 1, 4, 4, -3, 4, -8, -8, -7, 1, -1, -3, 1, -2, -3, -2, 3, 0, -8, 1, 1, -3, -8, -6, -3, -1, 4, -2, 0, -1, 3, -6, 1, 4]
 
2.200989035251633: [-3, -3, 2, -1, -4, -6, -7, -2, -6, -4, 2, 2, -2, -7, -5, -4, 4, -1, 1, 4, -8, -8, 1, 0, -7, -2, -6, 1, -6, -2, -6, -4, -5, -7, -8, -2, -1, 4, 1, 0, -7, -5, 0, 1, 1, -8, -5, -3, -3, -1, -2, -3, 2, 2, -8, -7, 3, -1, -6, -6, -1, -2, -6, -1, -3, -2, -1, -2, -6, -2, -6, 4, -3, -8, 0, -6, 4, -6, 2, 0, -1, 2, -2, 0, -7, -2, -4, 0, -4, -2, -2, -8, 2, 4, 3, -4, 1, -4, -4, 3, -2, 1, 4, 2, -5, 3, 4, 0, -8, -7, -7, 0, 3, 3, 3, -8, 1, -8, 1, -3, -2, 1, -4, -4, -2, 3, 1, -6]
 
2.57626465041: [-6, -8, -3, -8, -2, -6, -8, -7, -8, 4, 2, 1, 1, -7, -7, -5, -4, 0, -5, 2, -8, -8, -4, -2, 4, -4, 1, -4, -1, 2, 0, -4, 2, 3, -8, -1, -1, -2, -4, 0, -7, -5, 0, -5, 1, -8, 4, -4, -3, -6, 0, -4, -3, 0, -8, -7, 3, -1, 1, -6, 2, 0, 4, -1, 2, -2, -1, -2, -1, -2, 4, 4, 3, -8, 0, 4, 0, -5, -5, -3, -3, -7, -8, -1, -2, -2, -4, -2, 0, -1, 3, -8, -2, 0, -3, -1, -8, -6, 0, 0, 2, 1, -4, -8, -4, -4, -4, 3, -7, 4, -4, -4, -1, 1, -6, -2, -2, -1, 3, -7, -2, -2, -6, 1, -7, 4, -2, -8]
 
2.774660965943974: [-6, -8, -3, -1, -4, -6, -7, -2, -6, -4, 2, 2, -2, -7, -5, -4, 4, -1, 1, 4, -8, -8, 1, 0, -7, -2, -6, 1, -6, -2, -6, -4, -5, -7, -8, -2, -1, 4, 1, 0, -7, -5, 0, 1, 1, -8, -5, -3, -3, -1, -2, -3, 2, 2, -8, -7, 3, -1, -6, -6, -1, -2, -6, -1, -3, -2, -1, -2, -6, -2, -6, -2, 1, -2, -4, -5, 1, -5, -5, 2, 0, 2, -3, -1, -8, -5, -4, -1, -4, -2, 2, -8, 2, 4, -3, 0, -8, -8, 1, -8, -1, -7, -7, -3, -8, 3, -4, 3, -7, 4, -4, -4, -1, 4, -2, -8, -3, -5, 1, -7, -3, -4, 1, -5, -1, -2, -3, -3]
 
1.068890286795905: [-6, -8, -3, -1, -4, -6, -7, -2, -6, -4, 2, 2, -2, -7, -5, -4, 4, -1, 1, 4, -8, -8, 1, 0, -7, -2, -6, 1, -6, -2, -6, -4, -5, -7, -8, -2, -1, 4, 1, 0, -7, -5, 0, 1, 1, -8, -5, -3, -3, -1, -2, -3, 2, 2, -8, -7, 3, -1, -6, -6, -1, -2, -6, -1, -3, -2, -1, -2, -6, -2, -6, -2, 1, -2, -4, -5, 1, -5, -5, 2, 0, 2, -3, -1, -8, -5, -4, -1, -4, -4, -8, -8, -8, -3, -3, -8, 0, -4, 3, 2, 2, -8, 1, -6, -7, -1, 2, 2, -8, -7, 3, 0, -6, 3, 1, 2, 1, -8, 1, -3, -6, -1, 3, -8, 0, 1, 1, -6]
 
1.5368669633165013: [-2, 1, 2, -7, -4, 0, -2, 2, -1, 2, -4, -2, -1, -2, 0, -8, -1, -6, 1, -4, -2, -4, 3, -5, 3, -4, -7, 3, -1, 1, 1, 2, -3, -3, -4, 1, 1, -5, -8, -2, -3, -7, 4, 1, -4, -7, -8, -7, -7, 3, -7, 1, -5, 1, -5, -8, -4, 1, -2, -5, 0, -1, -1, -4, 3, -6, 4, -7, -3, -6, -5, 2, -6, -5, 1, -5, 1, -5, -5, -3, 0, -6, -3, -1, -3, -5, -3, -7, 2, -8, -2, 0, 4, 0, -6, 1, 1, -3, 3, -1, -5, 3, 4, -6, 1, -5, 2, -4, 2, 3, 1, -5, -3, -6, -5, -8, -8, -5, 2, -7, -2, -6, -7, 3, -1, -6, 4, -6]
 
1.679457359449085: [-1, -7, -6, -7, -8, -2, -6, 2, -1, 2, -3, -2, -1, -2, 0, -3, -4, -7, -4, -4, -2, -4, 3, -8, 3, -4, -7, 3, -1, 1, 1, 2, -3, -3, 4, 1, 1, -5, 3, -2, 3, -2, 4, 1, -4, -2, 0, -7, -7, 3, -5, 1, 1, 0, -4, -1, -6, 1, -3, -5, 0, -1, -1, -4, 3, -1, -2, -6, 3, -6, -5, -5, -3, -5, 1, 2, 4, -3, -1, 3, -8, -4, -4, 3, -4, 2, 2, -3, -4, -4, -8, -1, -8, -4, 4, -8, -1, -6, 0, -6, -1, 3, -2, -8, -8, -7, -8, -8, -8, -6, 0, 0, -6, 4, -2, -2, -5, -1, -4, -2, 4, -4, -1, -5, 3, 2, -3, -2]
 
-1000: [-6, -8, 3, 1, -1, 2, -2, -5, -8, 3, -2, -8, 2, 4, -4, -4, -6, -6, 1, -4, -7, -3, 3, -7, 4, -6, -7, -6, 1, 3, -4, 2, -2, 0, -4, -5, 1, -5, -3, 0, -6, 1, -1, 1, 2, -7, -7, 4, 2, -8, 3, 1, -4, 1, -8, 3, 2, -7, 1, -2, -6, -6, -4, -1, -7, -4, -5, -6, -7, -3, -1, -3, -1, -6, -7, 2, -3, -4, -5, -3, -5, 1, -3, -1, -8, -5, -6, -4, -7, -2, 2, -8, 2, -7, -3, -6, -3, -8, 2, 1, 2, 4, 0, 1, -5, 1, -4, -6, 3, -7, -1, 0, -2, 1, -7, 2, -4, -5, -2, -8, 0, -6, 2, 2, -4, -2, -3, -3]
 
1.8760219846058184: [-8, -3, -7, 4, -2, -6, 3, 1, -1, 3, -1, -7, 1, -6, -8, 0, -6, -2, -2, -2, 0, -4, -6, -3, 4, 2, 1, -6, 4, -6, 4, 0, 3, 1, 3, 4, -2, -3, 4, 0, -4, -5, -1, -1, -6, -2, 2, -5, -2, -5, -1, -6, -5, 4, -8, 0, 3, 2, -2, -6, -1, -2, -6, -7, 3, -4, -1, -2, 4, -1, 1, 4, -1, -3, -5, -6, 0, -8, -4, -3, 0, -3, -3, 4, -6, -5, -7, -6, -4, -5, 1, 0, 4, -2, 4, -8, -1, 0, -2, 3, 2, 0, -2, 1, -8, 3, 1, -8, -8, -6, -4, -6, -2, 4, -2, -8, -3, -5, 1, -7, -3, -4, 1, -5, -1, -2, -3, -3]
 
1.02303582507: [-8, -3, 4, -7, -2, -6, 3, -2, -7, -6, -5, -6, -7, 4, 2, -7, 3, 1, 1, -2, -2, -2, -6, 3, -8, 0, -4, -2, -5, 2, -6, 2, 0, 1, -5, 4, -5, 4, -3, -2, 4, -2, -7, 3, -4, -2, -1, -6, 3, -5, -5, 0, -5, 4, -4, -8, 0, 2, -5, 3, 0, -4, -8, -1, -3, -2, -1, -6, -8, -1, 0, 4, 3, -3, -7, -6, -4, -2, -5, 4, 0, -6, -6, 2, -8, 1, -8, -7, -4, -4, 0, -8, 2, -4, -4, -1, -3, -5, 2, 3, 2, 1, 4, -1, -7, -1, -4, -8, -6, 1, 0, -1, 4, 4, -2, 0, 3, 0, -1, 1, -4, 1, 1, -2, -2, -4, -1, -2]
 
2.89762594259: [-3, -3, -1, -1, -6, -6, -8, -2, -6, -1, 2, -8, -2, -7, -3, -3, 4, -2, 1, 4, -6, -8, -4, 0, -7, -2, 3, -7, -6, -2, -6, 2, -5, -7, -8, -2, -1, 1, 1, 0, -3, -5, 0, -1, -6, -8, -5, -3, -3, -2, -2, -3, 2, -8, -8, -7, 3, 2, -6, -6, -1, -2, -6, -1, 3, 2, 3, -2, -6, -2, -5, -7, 1, -1, -4, -5, 1, -5, -5, 2, 0, 2, 3, -7, -8, -5, -4, -7, -4, -2, -6, 4, -3, 4, -3, 1, -8, -8, 1, 3, -1, -7, -7, -3, -8, 3, -4, 3, -7, 3, -4, -4, -1, 1, -2, -8, -2, -4, -5, 2, -3, 3, 1, -5, 1, -2, -8, -2]
 
2.6783227091130835: [-7, 3, -7, -6, -7, 0, -8, -1, -7, -5, 1, -6, 1, -7, -8, -4, 4, -1, 3, 4, -8, -8, -4, 0, 1, 0, -6, 2, -1, 1, 1, 4, -5, -3, -5, -6, -1, 4, 1, 0, -3, -5, 0, -8, 1, -8, 1, -3, -4, -1, 1, -3, -5, 2, -8, -7, 3, -1, 4, -6, -1, -2, -6, -1, -3, -1, -1, -2, -7, -2, -4, 3, -3, -8, 1, -7, 4, -6, 2, 0, -1, 2, -2, -1, -7, -2, 2, 0, -4, -2, 4, -8, 2, 3, 3, -4, 0, -1, -1, -3, -2, 1, 4, 2, -5, 3, -8, -1, -8, -7, -6, 0, 3, 3, 3, -8, 1, -8, -3, -3, -4, 0, -1, -3, -2, 3, -8, -6]
 
1.1536121378973836: [2, 0, 1, -8, -8, 1, -7, 3, -2, 3, 0, 4, 2, 2, 4, 0, -7, -3, -3, -1, -5, -6, -8, -2, 4, -5, 0, 0, 1, -7, 2, -7, -7, -3, -7, -8, 2, -3, -6, 0, -5, -7, -6, -1, -2, -7, -3, 1, 1, 2, 2, -2, -5, 3, -3, -6, -7, 0, -5, 3, -5, 0, -5, -8, -1, -6, -6, -8, -6, -6, -1, -7, -4, 4, 1, -6, 2, 2, 3, 0, -5, -5, -7, 3, -5, -6, 4, -7, 2, -7, -1, 2, -4, 4, -3, -3, 0, 4, 3, -5, 3, -3, -3, 4, -2, 2, 4, -1, 0, -8, 4, -2, -7, -2, 2, 0, -7, -3, -1, -5, 3, 1, -7, 4, -1, -5, 2, 3]
 
2.1592002316830197: [2, 0, 1, 0, -8, 1, -7, 4, -2, 3, 0, -1, -2, -7, -5, -4, 4, -1, 1, 4, -8, -8, 1, 0, -7, -2, -6, 1, -6, -2, -6, -4, -5, -7, -8, -2, -1, 4, 1, 0, -7, -5, 0, 1, 1, -8, -5, -3, -3, -1, -2, -3, 2, 2, -8, -7, 3, -1, -6, -6, -1, -2, -6, -1, -3, -2, -1, -2, -6, -2, -6, -2, 1, -2, -4, -5, 1, -5, -5, 2, 0, 2, -3, -1, -8, -5, -4, -1, -4, -2, 2, -8, 2, 4, -3, 0, -8, -8, 1, -8, -1, -7, -7, -3, -8, 3, -4, 3, -7, 4, -4, -4, -1, 4, -2, -8, -3, -5, 1, -7, -3, -4, 1, -5, -1, -2, -3, -3]
 
0.7791362832546014: [-8, -3, -7, 0, -2, -6, 3, 2, -3, -6, 2, 3, -4, -4, 2, -5, 3, -7, 1, -2, -5, 2, -6, -3, -8, 0, -2, -2, -5, 1, -6, -2, -8, 0, -8, 4, -7, -4, -3, 0, -7, -5, 0, 3, 1, 1, 4, -3, -8, -4, -8, -4, 2, -3, 0, -7, 3, -1, -6, -6, 3, 0, 4, -1, 2, 0, -4, 1, 4, -2, 4, -7, -3, -1, -2, -8, -3, -2, -1, -3, 2, 0, -7, -1, -3, -1, -4, -1, -3, -2, 2, -8, -4, 2, -3, -1, 3, -6, 0, 3, 2, -1, 4, 4, -7, -5, -4, -3, -7, -7, -4, -4, -1, 3, -7, -2, -5, -2, 4, 2, 4, -2, 1, 2, 3, -7, 2, -2]
 
4.054966608200952: [-2, 1, 2, -7, -4, 0, -2, 2, -1, 2, -4, -2, -1, -2, 0, -8, -1, -6, 1, -4, -2, -4, 3, -5, 3, -4, -7, 3, -1, 1, 1, 2, -3, -3, -4, 1, 1, -5, 1, 0, -7, -5, 0, 1, 1, -8, -5, -3, -3, -1, -2, -3, 2, 2, -8, -7, 3, -1, -6, -6, -1, -2, -6, -1, -3, -2, -1, -2, -6, -2, -5, 4, -6, -6, -1, -6, 4, -5, -5, 0, 0, -6, -7, 4, 0, 4, 0, -7, -4, -2, 2, -8, 2, 4, -3, 0, -8, -8, 1, -8, -1, -7, -7, -3, -8, 3, -4, 3, -7, 4, -4, -4, -1, 4, -2, -8, -3, -5, 1, -7, -3, -4, 1, -5, -1, -2, -3, -3]
 
1.4610908340075701: [-6, -3, -7, 3, -4, -6, -1, -2, -3, -4, -2, 2, -3, 4, -8, -7, 3, -7, 2, -2, -5, -2, -7, -2, 4, -4, 1, -5, -1, 1, 0, -4, 2, -7, -8, -2, -1, -2, -4, 0, -7, -5, 0, 1, 1, -8, 4, -3, -3, -4, -2, -4, 2, -3, -8, -7, 3, -1, -6, -6, 3, 0, -6, -1, -3, -8, -1, -3, -6, -2, -6, 4, 1, -3, -4, -5, 1, -5, -5, -3, 0, -6, -3, -1, -8, -5, -4, 0, -4, -2, 2, -8, 2, 4, -3, 0, -8, -4, 2, -7, 2, 1, 4, -6, 0, 3, -5, 0, 4, 3, 4, -5, -2, -3, -6, 4, -5, 1, 2, 2, 2, 0, -7, 3, 4, 2, -2, -3]
 
2.0094195268109987: [-1, 3, -1, 1, -2, -7, -7, -2, -4, 3, -5, -3, 4, -1, -8, 0, -6, -2, -2, -2, 0, 2, -1, 0, 4, 2, -5, -6, -5, 2, 1, 2, 4, -6, 3, 4, -2, -6, 4, -8, -8, -2, -1, 3, -6, -7, -5, -5, -7, -6, -5, -5, -6, 4, -2, 0, 4, -6, -2, 3, -1, -2, -6, -7, -7, -8, -2, 3, 2, -2, -6, 4, -8, -7, 2, -2, 0, -6, -5, -6, 2, -8, -3, -8, -3, -8, -4, -4, -1, -2, 2, 1, 3, -2, -3, 3, -6, -4, -7, 0, -1, 0, -2, -3, -5, 3, 4, -8, -1, -4, -7, -6, -3, 3, -2, -4, -7, -1, 2, -7, -2, -6, -7, -4, -5, -2, 4, -6]
 
1.11400842726: [-7, 3, -7, -6, -7, 0, -8, -1, -7, -5, 1, -6, 1, -7, -8, -4, 4, -1, 3, -1, -5, -6, -8, -2, 4, -5, 0, 0, 1, -7, 2, -7, -7, -3, -7, -8, 2, -3, -6, 0, -5, -7, -6, -1, -2, -7, -3, 1, 1, 2, 2, -2, -5, 3, -3, -6, -7, 0, -5, 3, -5, 0, -5, -8, -1, -6, -6, -8, -6, -6, -1, -7, -4, 4, 1, -6, 2, 2, 3, 0, -5, -5, -7, 3, -5, -6, 4, -7, 2, -7, -1, 2, -4, 4, -3, -3, 0, 4, 3, -5, 3, -3, -3, 4, -2, 2, 4, -1, 0, -8, 4, -2, -7, -2, 2, 0, -7, -3, -1, -5, 3, 1, -7, 4, -1, -5, 2, 3]
 
2.66113570144: [2, 0, 1, -8, -8, 1, -7, 3, -2, 3, 0, 4, 2, 2, 4, 0, -7, -3, -3, 4, -8, -8, -4, 0, 1, 0, -6, 2, -1, 1, 1, 4, -5, -3, -5, -6, -1, 4, 1, 0, -3, -5, 0, -8, 1, -8, 1, -3, -4, -1, 1, -3, -5, 2, -8, -7, 3, -1, 4, -6, -1, -2, -6, -1, -3, -1, -1, -2, -7, -2, -4, 3, -3, -8, 1, -7, 4, -6, 2, 0, -1, 2, -2, -1, -7, -2, 2, 0, -4, -2, 4, -8, 2, 3, 3, -4, 0, -1, -1, -3, -2, 1, 4, 2, -5, 3, -8, -1, -8, -7, -6, 0, 3, 3, 3, -8, 1, -8, -3, -3, -4, 0, -1, -3, -2, 3, -8, -6]
 
0.65252769115: [2, 0, 1, 0, -8, 1, -7, 4, -2, 3, 0, -1, -2, -7, -5, -4, 4, -1, 1, 4, -8, -8, 1, 0, -7, -2, -6, 1, -6, -2, -6, -4, -5, -7, -8, -2, -1, 4, 1, 0, -7, -5, 0, 1, 1, -8, -5, -3, -3, -1, -2, -3, 2, 2, -8, -7, 3, -1, -6, -6, -1, -2, -6, -1, -3, -2, -1, -2, -6, -2, -6, -2, 1, -2, -4, -5, 1, -5, -5, 2, 0, 2, -3, -1, -8, -5, -4, -1, -4, -2, 2, -8, 2, 4, -3, -8, -1, -6, 0, 4, -1, 3, -2, 1, -8, 3, 1, -8, -8, -6, -4, 0, -2, 4, -2, -2, -5, -1, -4, -1, -3, -4, 1, 3, -5, -4, 4, -4]
 
4.9640293281: [-6, -8, -3, -8, -3, -6, -1, -2, -6, 2, -4, -2, -1, -2, 0, -8, -1, -6, 1, -4, -2, -4, 3, -5, 3, -4, -7, 3, -1, 1, 1, 2, -3, -3, -4, 1, 1, -5, -8, -2, -3, -7, 4, 1, -4, -7, -8, -7, -7, 3, -7, 1, -5, 2, -8, 2, 3, 2, -2, -6, 3, -2, -6, -1, -3, -8, -1, -3, -6, -2, -6, 4, 1, -3, -4, 0, 4, -3, -8, 3, -8, -4, -2, 3, -4, 2, 2, -3, -4, 3, -8, 1, 2, -4, 4, 0, -8, -8, 1, -8, -1, -7, -7, -3, -8, 3, -4, 3, -7, 4, -4, -4, -1, 4, -2, -8, -3, -5, 1, -7, -3, -4, 1, -5, -1, -2, -3, -3]
 
1.26942725636: [-6, 4, -8, -4, -6, 1, -7, -3, -3, 4, -5, 4, 4, -5, -2, 1, -2, 1, -1, -2, -6, -2, -6, -4, -6, 0, -7, -7, -1, -8, 0, -2, 0, -4, 0, -4, -3, -3, -3, 2, 2, 1, 4, -2, 4, -2, 2, 2, -7, -5, -2, 4, -2, -3, -3, 0, -6, 2, 2, 0, -6, 1, 4, -1, -8, -7, -6, -5, -2, 0, -2, -3, -7, -2, -7, 2, 1, 0, 0, 4, -7, -6, -7, -1, -6, -5, 2, 3, -7, -7, -5, -8, -1, -3, -5, -6, 3, -8, -5, 3, 2, 2, 4, 3, -1, -5, -7, 0, -1, -2, -2, -4, -2, -7, -6, -2, 1, 3, 3, -7, -7, -3, 0, 0, 4, 2, -2, -3]
 
1.06757981984: [-6, -3, -7, 3, -4, -6, -1, -2, -3, -4, -2, 2, -3, 4, -8, -7, 3, -7, 2, -2, -5, -2, -7, -2, 4, -4, 1, -5, -1, 1, 0, -4, 2, -7, -8, -2, -1, -2, -4, 0, -7, -5, 0, 1, 1, -8, 4, -3, -3, -4, -2, -4, 2, -3, -8, -7, 3, -1, -6, -6, 3, 0, -6, -1, -3, -8, -1, -3, -6, -2, -6, 4, 1, -3, -4, -5, 1, -5, -5, -3, 0, -6, -3, -1, -8, -5, -4, 0, -4, -2, 2, -8, 2, 4, -3, 0, -8, -4, 2, -7, 2, 1, 4, -6, 0, 3, -5, 0, 4, 3, 4, -5, -2, -3, -6, 4, -5, 1, 2, 2, 2, 0, -7, 3, -5, 1, 3, -3]
 
2.22622669727: [-2, -3, -7, 3, -4, -6, -1, -2, -3, -4, -2, 2, -3, 4, -8, -7, 3, -7, 2, -2, -5, -2, -7, -2, 4, -4, 1, -5, -1, 1, 0, -4, 2, -7, -8, -2, -1, -2, -4, 0, -7, -5, 0, 1, 1, -8, 4, -3, -3, -4, -2, -4, 2, -3, -8, -7, 3, -1, -6, -6, 3, 0, -6, -1, -3, -8, -1, -3, -6, -2, -6, 4, 1, -3, -4, -5, 1, -5, -5, -3, 0, -6, -3, -1, -8, -5, -4, 0, -4, -2, 2, -8, 2, 4, -3, 0, -8, -8, 1, -8, -1, -7, -7, -3, -8, 3, -4, 3, -7, 4, -4, -4, -1, 4, -2, -8, -3, -5, 1, -7, -3, -4, 1, -5, -1, -2, -3, -3]
 
1.39738576345: [2, 0, 1, 0, -8, 1, -7, 4, -2, 3, 0, -1, -2, -7, -5, -4, 4, -1, 1, 4, -8, -8, 1, 0, -7, -2, -6, 1, -6, -2, -6, -4, -5, -7, -8, -2, -1, 4, 1, 0, -7, -5, 0, 1, 1, -8, -5, -3, -3, -1, -2, -3, 2, 2, -8, -7, 3, -1, -6, -6, -1, -2, -6, -1, -3, -2, -1, -2, -6, -2, -6, -2, 1, -2, -4, -5, 1, -5, -5, 2, 0, 2, -3, -1, -8, -5, -4, -1, -4, -2, 2, -8, 2, 4, -3, 0, -8, -4, 2, -7, 2, 1, 4, -6, 0, 3, -5, 0, 4, 3, 4, -5, -2, -3, -6, 4, -5, 1, 2, 2, 2, 0, -7, 3, 4, 2, -2, -3]
 
0.606673109897: [-5, 1, -7, 1, -4, -6, 3, 3, 1, -6, -5, -1, 3, -8, 0, -7, -2, 3, 2, -2, -3, -5, -7, -4, -6, 0, 3, -7, 1, 1, -3, -7, 2, -1, 4, 4, 0, -8, -6, -4, -5, -5, 0, 1, 1, -1, -6, -3, -3, -4, -2, 4, -1, 2, 0, -7, 1, 3, -2, -3, 3, -1, 1, -8, -5, 4, -8, -3, 2, 0, -8, 4, -8, 0, -7, 3, 2, -5, 4, -7, 4, -2, 2, 4, -6, -1, 2, 3, -2, -6, -8, -3, 3, 4, -3, -3, -8, -2, -8, -6, -6, -2, -4, -7, -6, 3, -4, -1, -7, -3, -6, 0, -1, -5, 2, -6, -3, -5, -1, -7, -3, -8, -6, -6, -1, -2, -7, -1]
 
0.878614497596: [-2, -3, -7, 3, -4, -6, -1, -2, -3, -4, -2, 2, -3, 4, 2, -7, 3, -7, 1, -4, -2, -4, 3, -5, 3, -4, -7, 3, -1, 1, 1, 2, -3, -3, -4, 1, 1, -5, -8, -2, -3, -7, 4, 1, -4, -7, -8, -7, -7, 3, -7, 1, -5, 2, -8, 2, 3, 2, -2, -6, 3, -2, -6, -1, -3, -8, -1, -3, -6, -2, -6, 4, 1, -3, -4, -5, 1, -5, -5, -3, 0, -6, -3, -1, -3, -5, -3, -7, 2, -8, -2, 0, 4, 0, -6, 1, 1, -3, 3, -1, -5, 3, 4, -6, 1, -5, 2, -4, 2, 3, 1, -5, -3, -6, -5, -8, -8, -5, 2, -7, -2, -6, -7, 3, -1, -6, 4, -6]
 
1.65640542256: [-6, -8, -3, -8, -3, -6, -1, -2, -6, 2, -4, -2, -1, -2, 0, -8, -1, -6, 1, -4, -8, 4, -4, 2, -8, 3, -3, -2, -5, 3, -6, 0, -2, 1, -5, -7, -7, -4, -1, 2, 2, -5, 2, -3, -2, -3, 1, -6, 3, -5, -1, 0, -1, -5, -1, 3, 0, -5, -7, 4, 4, 0, 2, 3, -7, -6, -7, -6, -8, -1, -8, -5, -1, -3, -7, 4, -6, 2, -4, -8, -5, -5, -7, 0, -5, -4, -5, -7, 2, -7, -1, 2, -4, 4, -3, -3, 4, -2, 3, -5, 4, -1, -3, 4, -2, -6, 1, -2, 0, -8, 4, -2, -7, -6, 2, -4, -7, -4, -1, -5, 3, 1, -7, 4, -1, -5, 4, 3]
 
0.677305214598: [-6, -8, 0, -1, -3, -6, -8, -2, -3, -4, 0, 1, -3, -5, -4, 3, 0, 0, -2, -2, -2, -4, -8, -5, 3, 1, -7, 3, -1, 3, 1, 2, -1, -5, -4, 1, 1, -6, 4, -3, 3, -7, 4, 1, -4, -8, -8, -7, -7, 3, -7, -2, -5, 2, -4, 2, 3, 2, -2, -6, 3, -2, -6, -6, -3, -8, -5, -5, -6, -2, -6, 4, 1, -5, 3, 0, 4, -3, 1, 4, -8, -4, -6, 0, -3, 2, 2, -3, -4, 3, -8, 1, 2, -4, 4, 3, -8, -8, -4, -8, -1, -7, 0, -4, -1, 3, 4, -4, -7, -5, -4, 1, -1, 0, -2, -8, -3, -5, 1, -7, 4, -4, 1, -5, -1, -2, -3, -3]
 
1.09476279698: [-1, 3, 3, -4, -2, -6, 3, 1, -3, -6, -5, 2, -3, 4, -8, -7, 3, -7, 2, -2, -5, -2, -7, -2, 4, -4, 1, -5, -1, 1, 0, -4, 2, -7, -8, -2, -1, -2, -4, 0, -7, -5, 0, 1, 1, -8, 4, -3, -3, -4, -2, -4, 2, -3, -8, -7, 3, -1, -6, -6, 3, 0, -6, -1, -3, -8, -1, -3, -6, -2, -6, 4, 1, -3, -4, -5, 1, -5, -5, -3, 0, -6, -3, -1, -8, -5, -4, 0, -4, -2, 2, -8, 2, 4, -3, 0, -8, -4, 2, -7, 2, 1, 4, -6, 0, 3, -5, 0, 4, 3, 4, -5, -2, -3, -6, 4, -5, 1, 2, 2, 2, 0, -7, 3, -5, 1, 3, -3]
 
1.06307736967: [-6, -3, -1, 3, -8, -3, 2, -7, -2, -4, -2, 2, -3, 4, -6, -7, 3, -7, 2, -1, -5, -3, -7, 0, -3, -4, -6, -1, 1, 2, 2, -4, 2, -8, -6, -2, -1, -2, 1, 0, -7, -5, 0, 3, 1, -8, 4, -4, -2, -4, -2, -2, 0, -3, -8, -7, 3, -1, -6, -6, 3, 0, -3, -1, -3, -8, -6, -3, -6, 0, -6, 4, 1, -5, -4, -3, 1, -5, -5, -3, 0, -2, -7, -1, -5, -5, -4, 0, -4, -2, 2, -8, 2, -3, -6, 0, -8, -5, 1, -8, -1, -4, 0, -3, 2, 3, -4, 3, -7, 4, -2, -4, -1, 4, -2, -8, -5, -8, 1, 4, -5, -4, 1, -5, 1, -2, -1, -3]
 
0.924557312823: [-1, 3, 3, -4, -2, -7, 3, -2, 0, -3, -1, -7, 1, -1, -8, -5, -6, -8, 3, -2, 0, -4, -6, -1, 4, 2, 1, -6, 0, -6, 4, -6, 2, -2, 3, -1, -2, -3, 1, 0, -4, -5, -1, -1, -4, -2, -5, -5, -2, 4, -7, -6, -1, -2, -6, 0, 3, 2, -8, -3, -1, -2, -6, -1, -3, -8, -1, -3, -6, -2, -6, 4, 1, -3, -4, -5, 1, -5, -5, -3, 0, -6, -3, -1, -3, -5, -3, -7, 2, -8, -2, 0, 4, 0, -6, 1, 1, -3, 3, -1, -5, 3, 4, -6, 1, -5, 2, -4, 2, 3, 1, -5, -3, -6, -5, -8, -8, -5, 2, -7, -2, -6, -7, 3, -1, -6, 4, -6]
 
1.37787640938: [-1, 3, 3, -4, -2, -6, 3, 1, -3, -6, -5, 2, -3, 4, 2, -7, 3, -7, 1, -4, -2, -4, 3, -5, 3, -4, -7, 3, -1, 1, 1, 2, -3, -3, -4, 1, 1, -5, -8, -2, -3, -7, 4, 1, -4, -7, -8, -7, -7, 3, -7, 1, -5, 2, -8, 2, 3, 2, -2, -6, 3, 3, -6, -7, -6, 3, -1, -2, 2, -5, 1, 4, -1, -1, -5, -6, 0, -8, -6, -2, 0, -3, -3, 0, -2, -5, -3, -6, -4, -5, 1, -3, 4, -2, -6, 2, -1, 0, -8, 3, -3, 0, -2, 2, -6, 3, 1, 3, -8, -6, -4, -6, -2, 4, -2, 2, -3, -5, 1, 4, -6, -1, 1, -5, 3, -8, -3, -3]
 
1.75782196894: [-2, -3, 2, 0, -4, -8, -2, -6, -1, 4, -6, -6, -5, 0, -5, -4, -1, -7, -2, -7, 0, -2, -2, -5, 3, -6, 2, 3, -6, 1, 3, 2, -4, -2, 0, -4, 2, -5, -8, 3, 4, -1, 4, -5, -8, -5, 2, -2, 2, -2, -6, -3, -5, -1, -8, -4, 0, -1, -4, 0, 3, -5, -2, 0, -7, -2, -5, -4, -5, -2, -6, -2, -4, -5, -7, 1, -2, -5, -5, 2, 1, 2, -5, -3, -5, -5, -4, -5, -6, 1, -8, 4, -4, -3, -3, 4, 1, 2, 3, 2, -8, -8, 2, -1, 2, -7, 2, -6, -4, -7, -3, 0, -6, 3, 1, 3, 1, -3, -6, -1, -6, -6, -1, 4, 1, -2, 1, 4]
 
3.53848650609: [-6, -8, -3, -1, -4, -6, -7, -2, -6, -4, 2, 2, -2, -7, -5, -4, 4, -1, 1, 4, -8, -8, 1, 0, -7, -2, -6, 1, -6, -2, -6, -4, -5, -7, -8, -2, -1, 4, 1, 0, -7, -5, 0, 1, 1, -8, -5, -3, -3, -1, -2, -3, 2, 2, -8, -7, 3, -1, -6, -6, -1, -2, -6, -1, -3, -8, 1, -8, -4, -7, -6, -2, 1, -2, -4, -5, 1, -5, -5, 2, 0, 2, -3, -1, -8, -5, -4, -1, -4, -2, 2, -8, 2, 4, -3, 0, -8, -8, 1, -8, -1, -7, -7, -3, -8, 3, -4, 3, -7, 4, -4, -4, -1, 4, -2, -8, -3, -5, 1, -7, -3, -4, 1, -5, -1, -2, -3, -3]
 
1.41624821924: [-6, -8, 0, -8, -3, -6, -1, -2, -6, -4, 2, -3, -8, -5, 0, -7, 0, 0, 3, 4, -8, 4, -4, 2, -8, 3, -3, -2, -5, 3, -6, 0, -2, 1, -5, -7, -7, -4, -1, 2, 2, -5, 2, -3, -2, -3, 1, -6, 3, -5, -1, 0, -1, -5, -1, 3, 0, -5, -7, 4, 4, 0, 2, 3, -7, -6, -7, -6, -8, -1, -8, -5, -1, -3, -7, 4, -6, 2, -4, -8, -5, -5, -7, 0, -5, -4, -5, -7, 2, -7, -1, 2, -4, 4, -3, -3, -1, -6, 0, 4, -1, 3, -2, 1, -8, 3, 1, -8, -8, -6, -4, 0, -2, 4, -2, -2, -5, -1, -4, -1, -3, -4, 1, 3, -5, -4, 4, -4]
 
2.36412705371: [-6, -8, -3, -8, -3, -6, -1, -2, -6, 2, -4, -2, -1, -2, 0, -8, -1, -6, 1, -4, -2, -4, 3, -5, 3, -4, -7, 3, -1, 1, 1, 2, -3, -3, -4, 1, 1, -5, -8, -2, -3, -7, 4, 1, -4, -7, -8, -7, -7, 3, -7, 1, -5, 2, -8, 2, 3, 2, -2, -6, 3, -2, -6, -1, -3, -8, -1, -3, -6, -2, -6, 4, 1, -3, -4, 0, 4, -3, -8, 3, -8, -4, -2, 3, -4, 2, 2, -3, -4, 3, -8, 1, 2, -4, 4, -8, 4, -2, 3, -5, 4, -1, -3, 4, -2, -6, 1, -2, 0, -8, 4, -2, -7, -6, 2, -4, -7, -4, -1, -5, 3, 1, -7, 4, -1, -5, 4, 3]
 
0.432115532225: [-7, 3, -7, -6, -7, 0, -8, -1, -7, -5, 1, -6, 1, -7, -8, -4, 4, -1, 3, -1, -5, -6, -8, -2, 4, -5, 0, 0, 1, -7, 2, -7, -7, -3, -7, -8, 2, -3, -6, 0, -5, -7, -6, -1, -2, -7, -3, 1, 1, 2, 2, -2, -5, 3, -3, -6, -7, 0, -5, 3, -5, 0, -5, -8, -1, -6, -6, -8, -6, -6, -1, -7, -4, 4, 1, -6, 2, 2, 3, 0, -5, -5, -7, 3, -5, -6, 4, -7, 2, -7, -1, 2, -4, 4, -3, -3, 0, 4, 3, 2, 2, -8, 1, -6, -7, -1, 2, 2, -8, -7, 3, 0, -6, 3, 1, 2, 1, -8, 1, -3, -6, -1, 3, -8, 0, 1, 1, -6]
 
0.661149902188: [-2, 1, 2, -7, -4, 0, -2, 2, -1, 2, -4, -2, -1, -2, 0, -8, -1, -6, 1, -4, -2, -4, 3, -5, -7, -2, -6, 1, -6, -2, -6, -4, -5, -7, -8, -2, -1, 4, 1, 0, -7, -5, 0, 1, 1, -8, -5, -3, -3, -1, -2, -3, 2, 2, -8, -7, 3, -1, -6, -6, -1, -2, -6, -1, -3, -2, -1, -2, -6, -2, -5, 4, -6, -6, -1, -6, 4, -5, -5, 0, 0, -6, -7, 4, 0, 4, 0, -7, -4, -4, -8, -8, -8, -3, -3, -8, 0, -4, 3, -5, 3, -3, -3, 4, -2, 2, 4, -1, 0, -8, 4, -2, -7, -2, 2, 0, -7, -3, -1, -5, 3, 1, -7, 4, -1, -5, 2, 3]
 
1.20700089958: [-6, -8, 0, -8, -3, -6, -1, -2, -6, -4, 2, -3, -8, -5, 0, -7, 0, 0, 3, 4, -8, 4, -4, 2, -8, 3, -3, -2, -5, 3, -6, 0, -2, 1, -5, -7, -7, -4, -1, 2, 2, -5, 2, -3, -2, -3, 1, -6, 3, -5, -1, 0, -1, -5, -1, 3, 0, -5, -7, 4, 4, 0, 2, 3, -7, -6, -7, -6, -8, -1, -8, -5, -1, -3, -7, 4, -6, 2, -4, -8, -5, -5, -7, 0, -5, -4, -5, -7, 2, -7, -1, 2, -4, 4, -3, -3, -1, -6, 0, 4, -1, 3, -2, 1, -8, 3, 1, -8, -8, -6, -4, 0, -2, 4, -2, -2, -5, -1, -4, -1, -3, -4, 1, 3, -5, -4, 4, -4]
 
1.3603791662: [-6, -8, 0, -5, -3, -6, -1, 2, -2, -4, 2, -3, -8, -5, 0, 0, -6, 0, 3, 4, -2, 4, 4, 2, -8, 3, -3, -1, -7, 3, -6, -6, -2, 1, -5, -1, -7, -4, -4, 2, 2, 4, -1, -3, 2, -3, -7, -6, 3, -5, -3, -4, -1, -5, -1, -1, 3, 1, -7, 4, -1, 0, 2, 2, -1, -6, -7, -7, -5, -1, 2, -2, -8, -3, -7, 4, -3, -3, -4, -8, -5, -5, -7, 0, 3, -4, -2, -7, 2, -7, -1, -3, -4, 4, -3, -3, -4, -2, -8, 4, -1, -1, -2, 1, -8, 1, 1, -8, -8, -6, 4, 4, -2, 4, -2, -2, -5, 1, 2, -1, -3, -4, 1, 3, -5, -4, -1, -4]
 
1.53454650677: [2, 0, 1, 0, -8, 1, -7, 4, -2, 3, 0, -1, -2, -7, -5, -4, 4, -1, 1, 4, -8, -8, 1, 0, -7, -2, -6, 1, -6, -2, -6, -4, -5, -7, -8, -2, -1, 4, 1, 0, -7, -5, 0, 1, 1, -8, -5, -3, -3, 3, -7, 1, -5, 2, -8, 2, 3, 2, -2, -6, 3, -2, -6, -1, -3, -8, -1, -3, -6, -2, -6, 4, 1, -3, -4, -5, 1, -5, -5, -3, 0, -6, -3, -1, -3, -5, -3, -7, 2, -8, -2, 0, 4, 0, -6, 1, 1, -3, 3, -1, -5, 3, 4, -6, 1, -5, 2, -4, 2, 3, 1, -5, -3, -6, -5, -8, -8, -5, 2, -7, -2, -6, -7, 3, -1, -6, 4, -6]
 
1.73660619599: [-2, -3, -7, 3, -4, -6, -1, -2, -3, -4, -2, 2, -3, 4, 2, -7, 3, -7, 1, -4, -2, -4, 3, -5, 3, -4, -7, 3, -1, 1, 1, 2, -3, -3, -4, 1, 1, -5, -8, -2, -3, -7, 4, 1, -4, -7, -8, -7, -7, -1, -2, -3, 2, 2, -8, -7, 3, -1, -6, -6, -1, -2, -6, -1, -3, -2, -1, -2, -6, -2, -6, -2, 1, -2, -4, -5, 1, -5, -5, 2, 0, 2, -3, -1, -8, -5, -4, -1, -4, -2, 2, -8, 2, 4, -3, 0, -8, -4, 2, -7, 2, 1, 4, -6, 0, 3, -5, 0, 4, 3, 4, -5, -2, -3, -6, 4, -5, 1, 2, 2, 2, 0, -7, 3, 4, 2, -2, -3]
 
1.07888715741: [-2, 1, 2, -7, -4, 0, -2, 2, -1, 2, -4, -2, -1, -2, 0, -8, -1, -6, 1, -4, -2, -4, 3, -5, -7, -2, -6, 1, -6, -2, -6, -4, -5, -7, -8, -2, -1, 4, 1, 0, -7, -5, 0, 1, 1, -8, -5, -3, -3, -1, -2, -3, 2, 2, -8, -7, 3, -1, -6, -6, -1, -2, -6, -1, -3, -2, -1, -2, -6, -2, -5, 4, -6, -6, -1, -6, 4, -5, -5, 0, 0, -6, -7, 4, 0, 4, 0, -7, -4, -4, -8, -8, -8, -3, -3, -8, 0, -4, 3, -5, 3, -3, -3, 4, -2, 2, 4, -1, 0, -8, 4, -2, -7, -2, 2, 0, -7, -3, -1, -7, -3, -4, 1, -5, -1, -2, -3, -3]
 
1.84012478314: [-2, 1, 2, 0, -4, 4, -2, 2, -1, 4, -4, -6, -1, -2, 0, -8, -1, -7, 1, -4, -7, -8, 3, 2, 3, -4, -7, 3, -1, 1, -1, 2, -3, -3, -4, -3, -7, -5, -8, -2, -6, -8, 4, 1, 2, -7, 4, -2, 3, -3, -3, -1, -5, 2, -1, 2, 0, -3, 3, 0, 3, -2, -2, -8, 3, -8, 1, -8, -4, -7, -6, -2, 1, -2, -4, -5, 1, -5, -5, 2, 0, 2, -3, -1, -8, -5, -4, -1, -4, -2, 2, -8, 2, 4, -3, 0, -8, -8, 1, -8, -1, -7, -7, -3, -8, 3, -4, 3, -7, 4, -4, -4, -1, 4, -2, -8, -3, -5, 1, -5, 3, 1, -7, 4, -1, -5, 2, 3]
 
1.69526297155: [-1, 3, 3, -4, -2, -6, 3, 1, -3, -6, -5, -5, -3, 4, 2, -1, 3, -7, -7, -4, -2, -4, 3, -2, -6, -4, 4, 3, -1, 2, 1, 2, -1, -3, 1, 1, -1, -4, 2, 2, -3, -7, -3, 1, -4, -7, -8, -6, -7, 3, -7, 1, -5, -8, -8, 2, 3, 2, -7, -7, 3, 3, 3, -7, -6, 1, -6, 0, -8, -6, -8, -3, -1, -3, 4, 4, -6, -1, -4, -8, -5, -6, -3, -7, -4, -4, -4, -7, 2, -5, -2, 2, -4, 4, -2, 2, -1, -2, 0, 4, -1, 3, -2, 1, -5, -2, 1, -8, -8, 2, -1, 0, -2, 4, -2, -2, -2, -7, -4, -1, 3, -1, -6, 0, 1, 1, 1, -4]
 
2.88827983564: [-6, -8, 0, -8, -3, -6, -1, -2, -6, -4, 2, -3, -8, -5, 0, -7, 0, 0, 3, 4, -8, 4, -4, 2, -8, 3, -3, -2, -5, 3, -6, 0, -2, 1, -5, -7, -7, -4, -1, 2, 2, -5, 2, -3, -2, -3, 1, -6, 3, -5, -1, 0, -1, -5, -1, 3, 0, -5, -7, 4, 4, 0, 2, 3, -7, -6, -7, -6, 2, -5, 1, 4, -1, -1, -5, -6, 0, -8, -6, -2, 0, -3, -3, 0, -2, -5, -3, -6, -4, -5, 1, -3, 4, -2, -6, 2, -1, 0, -8, 3, -3, 0, -2, 2, -6, 3, 1, 3, -8, -6, -4, -6, -2, 4, -2, 2, -3, -5, 1, 4, -6, -1, 1, -5, 3, -8, -3, -3]
 
1.92433629887: [-6, -8, 3, -8, -3, 1, -1, -2, -5, -4, 2, 0, -8, -5, 4, -7, -5, 0, 3, 4, -3, 4, -4, 2, -4, 3, 0, -5, -1, -3, 2, 0, -7, 4, -5, -7, -7, -4, -1, -6, -1, -5, -1, -3, -3, -3, 1, -6, 3, 4, -1, 0, -2, -5, -8, 3, 0, -5, 0, -2, 4, 3, 2, 3, 2, -6, -7, -5, -8, 1, -8, -5, -1, -3, -7, 4, 1, -5, -3, -3, 0, -1, -8, -1, -8, -5, -4, 0, -4, -5, 2, -8, 2, -3, 1, 0, -2, -5, -2, -8, -8, -7, -8, 2, -5, 3, -4, 3, -7, -4, -4, -4, -1, 4, -2, -8, -3, -5, 1, -2, -3, -4, 1, -5, 0, -7, -2, -1]
 
1.68549910404: [-5, -3, -4, 3, -4, -6, -1, -2, -3, -4, -8, 2, -3, 4, -8, -7, 3, 2, 2, -2, -2, -5, -4, 4, -4, -4, 1, -5, -1, 1, 0, 2, 2, -4, -8, -2, -1, -8, 1, -5, 3, -8, -5, 1, 1, -8, 3, -3, -3, -4, -2, -4, 1, -3, 1, -7, 3, -1, -6, -6, 3, 2, 3, 3, -8, -8, -1, -3, -6, -2, 1, 4, 1, -3, -5, -5, -8, 2, -4, -8, -2, -5, 2, 0, -5, -4, -5, -7, 2, -7, -1, 1, -4, 4, -1, -3, -8, -6, 0, -5, -2, 4, -7, -2, -8, 3, 1, -6, -8, -7, -4, 0, -2, -7, 3, -4, -6, -1, -5, -1, -3, -4, 1, -7, -5, -4, -3, -7]
 
