0.838411094968: [-8, 0, -6, -4, -1, -7, -3, -3, -6, -2, -3, -6, -6, -6, 3, 2, 4, -4, -6, -2, -8, 0, -6, 3, -8, -7, -4, -3, 3, -7, 1, 1, -5, -1, -5, -7, -4, 0, -7, -6, -7, -1, -7, -2, -3, 2, -8, 4, -1, 1, 1, -2, -2, -1, -3, 4, -3, -4, -1, 4, -4, 2, -4, -2, -7, 3, 2, 1, -3, 3, -1, 3, -3, 2, 4, -5, -7, 4, 0, 1, -3, -8, -7, -7, -5, -3, -8, -6, -5, 3, 2, 4, -2, -8, -6, 4, -5, 2, 4, -8, -8, -1, -4, -5, 0, -8, -8, -4, -8, -7, 2, -6, -2, 3, -8, -2, -8, 0, 0, 1, -8, -8, -5, -1, -1, 0, 4, 1]
 
3.408787422201619: [1, -7, -6, -4, -1, -4, -3, -3, 3, -5, -3, -6, 2, -6, 3, 1, 4, -8, -5, 2, -3, -1, -4, 1, -8, 4, -4, -3, 3, -7, 1, -3, -5, -1, -5, -7, 4, 0, -7, -6, -7, -1, -7, -2, 0, 2, -8, 4, -1, 1, 1, -2, -8, -1, -4, -3, -3, -4, -1, 4, 2, 2, -4, -2, -7, 0, 2, -4, -3, -3, -1, -4, -3, 2, -6, -2, -2, -1, 3, 4, -1, -2, 4, -8, 3, 1, -5, -1, -5, 2, 0, -5, -1, 1, 2, 0, 1, -8, 1, -7, 1, -6, -7, -3, -5, -6, 0, 2, 1, -7, 2, -6, -2, 3, -7, -2, -8, 4, 0, 0, -5, -8, -7, -3, -8, -4, -3, 1]
 
1.5043629948685902: [-8, -7, -6, -4, -1, -7, -3, -3, 3, -7, -3, -6, 2, -6, 3, 2, 4, -8, -5, 0, -8, -5, -4, -5, -4, -8, -5, -3, -4, -6, -6, -7, -5, -1, -7, -7, -4, -5, -7, -6, -5, -1, -1, -8, -3, 2, 4, -8, -3, 1, 3, -8, -1, -1, 0, -5, 0, 0, 1, -4, -1, -6, -1, 2, -1, 0, -4, 2, 2, 2, -5, -7, -8, 2, -6, -5, -6, 3, 0, -4, -3, -8, -8, -7, -5, -4, -3, 0, -5, 2, 0, -5, -1, 1, 2, 0, 1, -8, 1, -7, 1, -6, -7, -3, -5, -6, 0, -8, 1, -7, 2, 3, -2, 3, -6, -4, -8, -5, -5, -5, 2, -7, -7, -3, -5, -4, -3, 1]
 
0.515945833568: [-8, -7, -7, -4, -7, 3, -3, -3, 2, -7, 1, -1, 2, -8, 3, 2, 0, -1, 0, 2, -1, -5, -4, 4, 2, -8, -8, -4, -2, -6, -2, 0, -6, 0, -7, -7, 0, -7, -6, -6, 3, -1, -1, -2, -3, -1, 4, -8, -3, 4, 0, -2, -4, -3, 2, 1, 0, 1, -2, -7, -4, 3, -8, -6, -6, -1, 3, 0, 4, -8, -1, -8, 4, 4, -6, -5, -6, -1, -6, -8, -4, -5, 1, -7, -5, -4, -8, -6, 2, 3, 2, 3, -2, 3, -1, 4, -4, 2, 2, -1, -3, -2, -7, -5, 3, -8, -1, -7, 1, -6, 2, 1, -3, 3, -7, -2, -7, 4, -2, -7, -8, -3, -7, -7, 0, -4, -3, -7]
 
1.62346190007: [-8, -7, -6, -4, -1, -7, -3, -3, 3, -7, -3, -6, -8, -6, 3, 2, 4, -8, -5, 0, -8, -3, 3, -5, -4, -8, -5, -3, -4, -6, -6, -7, -5, -6, -7, -3, -4, -5, -7, -6, 1, -1, -1, -8, -3, -7, 4, -7, 3, 1, 3, -8, 3, -3, -8, -4, -6, -4, 1, -4, -4, -4, 1, -4, 0, -7, 2, 0, -3, 0, -1, 0, -8, -3, -6, -8, -2, -1, -8, 4, -4, -5, 1, -7, -5, -4, 3, -6, 0, 3, 2, 3, -2, -4, 3, 4, -4, -3, 1, -7, -8, -6, -7, -3, -5, -6, -7, -8, 1, -7, 2, 3, -2, 3, -6, -4, 4, -7, -6, 0, 2, -7, -2, -3, -5, -4, 3, 1]
 
1.55425865888: [3, 0, 3, -4, -1, -6, -3, -1, -2, -6, -3, -3, -7, -8, 4, -1, 4, -8, -5, 1, -3, 2, -4, 1, -8, -8, 3, -1, -2, -6, 1, -1, -5, 1, -3, 3, 0, -4, -1, 0, 4, -1, 2, -8, 0, -6, 4, -7, -4, 1, 3, -4, -1, 0, 3, -5, -5, 3, 1, 2, -1, 1, -1, -1, -8, 0, -4, 2, 2, 2, -1, -7, -8, 2, -6, -7, -6, 3, -3, -3, -3, -8, -8, -8, -5, -7, -3, 1, -5, -8, -5, -5, -2, -5, 0, 0, 1, 0, 1, -1, 0, -1, -2, -1, -6, -5, 2, -2, -2, -2, -8, 0, 4, 1, -6, -3, 3, 0, 1, -4, 1, -8, -7, -3, -8, -4, -3, 1]
 
2.895699546221041: [1, -4, 3, -4, 1, -1, -2, -6, 3, -7, -4, -6, -3, -1, 4, 2, 4, -8, 0, 2, -3, -1, -4, 1, -8, -8, -3, 1, 1, 1, -6, -1, -3, -3, 1, -7, -4, -5, 1, -3, -6, -7, -6, 1, -1, 2, -2, -5, -3, 1, -1, -5, -1, -1, -1, 0, -3, -4, -7, 3, -4, -4, -1, 1, 3, 4, -5, 0, -5, -7, 1, -5, -4, 3, -6, -5, 4, -1, 0, -6, -3, 2, 1, -7, -5, -2, -3, 0, -5, -4, 0, 3, 3, 1, 2, 0, 1, -8, -2, -7, 1, -7, -4, -3, -5, -6, -7, -4, 1, -7, 1, -6, -2, 3, -7, 2, -8, 4, -4, 0, 3, -8, -7, -3, -8, -4, -3, -4]
 
1.229637438303604: [1, -7, -6, -4, -1, -4, -3, -3, 3, -5, -3, -6, 2, -6, 3, 1, 4, -8, -5, 2, -3, -1, -4, 1, -8, -8, -3, 3, -2, -6, -7, -1, 4, 1, -2, -4, -7, 1, -6, 0, 2, -1, 4, -8, -3, 2, -2, -8, 1, 1, 3, -8, -1, -1, 1, -3, -8, 0, 0, -4, -1, -6, -4, 2, -1, 0, -4, -7, 2, -4, 4, -2, -5, 2, -6, -2, -2, -1, 3, 4, -1, -2, 4, -8, 3, 1, -5, -1, -5, 2, 0, -5, -1, 1, 2, 0, 1, -8, 1, -7, 1, -6, -7, -3, -5, -6, 0, 2, 1, -7, 2, -6, -2, 3, -7, -2, -8, 4, 0, 0, -5, -8, -7, -3, -8, -4, -3, 1]
 
2.4145333380292864: [-8, -7, 4, -4, -1, -7, -6, -6, 3, -7, -3, -6, -2, 1, -7, -4, 4, -4, -6, -2, -8, 0, -6, -5, -8, 4, -4, -3, 3, -7, 1, -3, -5, -1, -5, -7, 4, 0, -7, -6, -7, -1, -7, -2, 0, 2, -8, 4, -1, 1, 1, -2, -8, -1, -4, -3, -3, -4, -1, 4, 2, 2, -4, -2, -7, 0, 2, -4, -3, -3, -1, -4, -3, 2, -6, -2, -2, -1, 3, 4, -1, -2, 4, -8, 3, 1, -5, -1, -5, 2, 0, -5, -1, 1, 2, 0, 1, -8, 1, -7, 1, -6, -7, -3, -5, -6, 0, 2, 1, -7, 2, -6, -2, 3, -7, -2, -8, 4, 0, 0, -5, -8, -7, -3, -8, -4, -3, 1]
 
0.8394549462622254: [1, 0, 4, -4, 1, 4, -8, -6, 2, -7, -5, 1, -3, -1, 4, 2, 4, -8, 0, -2, -3, -1, -4, 1, -7, -8, -3, 1, 1, 1, -6, -1, -3, -3, -5, -7, -4, -5, -1, -3, -6, 4, -6, 1, -6, -5, -2, -5, -3, 1, 3, -5, -1, -8, 2, 0, -8, -4, -7, -2, -4, 3, -7, -4, 2, -7, 2, 0, -3, -2, -1, -5, -7, 4, 3, -2, -2, -1, 3, 4, -2, -2, 4, -8, 3, 1, -5, -1, -5, 2, -5, -5, -2, 1, 0, 0, 1, 0, 1, -1, 0, -1, -2, -1, -6, -5, 2, -2, -2, -2, -8, -6, 4, 2, 0, -4, 3, 0, 1, -4, 1, -8, -7, -3, -8, -4, -3, 1]
 
2.29184240834: [-8, -7, -5, -3, -5, -5, -3, -3, -6, -7, -3, -6, 1, -6, 3, 2, 4, -8, -5, 4, -8, -3, -7, -5, -4, -8, -8, -3, -4, 2, -6, -7, -2, -1, 3, -7, 2, -6, -7, -6, -5, -7, -1, -8, -3, 2, 4, 1, -2, 1, -8, -4, 3, -8, -6, 1, 0, -4, 0, -5, -4, -3, 3, -6, 0, 0, -2, 0, -3, -7, -1, 2, -7, 4, -6, -5, -6, -1, 0, -5, -3, -5, 1, -7, -3, -4, -8, -6, -6, 3, -3, 3, -2, 1, -3, 4, 3, 2, 0, -8, -8, 2, -4, -2, 1, -3, -1, -8, -2, -7, 2, -6, -2, 3, -7, -2, -8, -5, 0, 0, -5, -8, -7, -3, -8, -4, -5, 1]
 
4.28820966524367: [-8, -7, -8, -4, -1, 3, -3, -3, 3, -7, -3, -6, 2, -6, 3, 2, 4, -8, -5, 0, -8, -5, -4, -5, -7, -8, -5, -3, -7, -6, -6, -7, -5, -1, -7, -7, -4, -5, -3, -6, -5, -7, -1, -8, -3, 2, 4, -8, -3, 1, 3, -8, -8, -1, 0, 2, 0, 0, 4, -4, -2, -6, -8, -8, -6, 0, -4, 2, 2, -2, -1, -7, -8, 2, 2, -5, -6, 3, 0, -4, -3, -8, -8, -7, -5, -4, -3, 0, -5, 2, 0, -5, -1, 1, 2, 0, 1, -8, 1, -7, 1, -6, -7, -3, -5, -6, 0, 2, 1, -7, 2, -6, -2, 3, -7, -2, -8, 4, 0, 0, -5, -8, -7, -3, -8, -4, -3, 1]
 
2.0623470706865055: [4, -7, -1, -3, -2, -2, 2, 4, 2, -8, -4, -6, -3, -1, -7, 2, 4, -1, -1, -5, -3, -1, -4, 1, -4, -3, -3, 3, 1, -6, -6, -1, -3, 2, 1, -7, -8, -5, -4, -3, -6, -7, 3, -6, 2, 2, -8, -8, -3, -2, 3, 2, -5, -3, -1, -7, -3, -4, -8, -4, -4, -4, 3, -1, 0, -7, 2, 0, -3, -2, -1, 0, -8, 4, -6, -8, -2, -1, 3, -5, -3, -5, 1, -7, -5, -8, -8, -6, -3, 3, 2, -6, -2, -7, 3, 4, -4, -8, 1, -7, -3, -6, 2, -2, 4, 2, -4, -8, 1, -7, 1, -7, -2, 3, -6, -4, -8, -5, -3, -5, 0, -7, -7, 2, -5, 2, -3, -2]
 
1.3912987364940976: [-8, -7, 4, -4, -1, -7, -6, -6, 3, -7, -3, -6, -2, 1, -7, -4, 4, -8, -5, 0, -8, -5, -4, -5, -4, -8, -5, -3, -4, -6, -6, -7, -5, -1, -7, -7, -4, -5, -7, -6, -5, -1, -1, -8, -3, 2, 4, -6, -3, 1, -1, -5, 3, -1, -1, 0, 3, 0, 3, -6, -8, -4, -1, -4, -7, 0, 2, -4, -8, -2, 1, -5, -7, 4, -6, -2, -8, -4, 3, 4, -1, 2, 3, -8, 3, 1, -1, 1, 1, 2, 0, -5, -1, 1, 2, 0, 1, -8, 1, -7, 1, -6, -7, -3, -5, -6, 0, 2, 1, -7, 2, -6, -2, 3, -7, -2, -8, 4, 0, 0, -5, -8, -7, -3, -8, -4, -3, 1]
 
2.1815486382080396: [-8, -7, 4, -4, -1, -7, -6, -6, 3, -7, -3, -6, -2, 1, -7, -4, 4, -4, -6, 0, -3, -1, -4, 1, -8, -3, -3, 3, 1, 4, -6, -1, -3, -3, 1, -7, -4, -5, -4, -3, -6, -7, -6, 1, -1, 2, -8, -8, -3, 1, 3, -3, 3, -3, -1, 1, -3, -4, -8, -4, -4, -4, 3, -4, 0, -7, 2, 0, -3, -2, -1, 0, -8, 4, -6, -8, -2, -1, 3, -5, -3, -5, 1, -7, -5, -4, -8, -6, -6, 3, 2, 3, -2, -7, 3, 4, -4, -3, 1, -7, 1, -6, -7, -3, -5, -6, 0, -8, 1, -7, 2, 3, -2, 3, -6, -4, -8, -5, -5, -5, 2, -7, -7, -3, -5, -4, -3, 1]
 
1.4099435847941377: [-3, -1, -6, -5, -1, -7, -3, -2, 0, -7, 1, -6, -3, 1, 0, 2, 2, -8, -1, 2, 4, -8, -4, 3, -8, -8, -3, 1, 1, 1, -6, -1, -1, -8, 1, -7, 4, -5, 1, -3, -6, -7, -6, 1, -1, 2, -2, -5, -3, 1, -1, -5, -1, -1, 3, 0, -3, -4, -7, 3, -4, -4, -7, -4, -6, -7, 2, 0, -5, -2, -6, -5, -7, 1, -6, -2, -2, -1, 3, 4, -1, -2, 0, -8, -6, 1, -8, -8, 0, 2, 3, -5, 4, 1, 2, 4, -1, -3, 1, -2, 1, -6, -1, -3, -5, -6, 0, -8, 1, -7, 2, 3, -2, 3, -6, -4, -8, -4, -5, -5, 2, -7, -7, -3, -8, -7, -3, -7]
 
2.1484856202457854: [4, -7, -1, -7, -2, -2, 2, 4, 2, -7, -4, -6, -3, 1, -7, 2, 4, -8, -1, 0, -3, -1, -4, 1, -8, -3, -3, 3, 1, 4, -6, -1, -3, -3, 1, -7, -4, -5, -4, -3, -6, -7, -6, 1, -1, 2, -8, -8, -3, 1, 3, -3, 3, -3, -1, 1, -3, -4, -8, -4, -4, -4, 3, -4, 0, -7, 2, 0, -3, -2, -1, 0, -8, 4, -6, -8, -2, -1, 3, -5, -3, -5, 1, -7, -5, -4, -8, -6, -6, 3, 2, 3, -2, -7, 3, 4, -4, -3, 1, -7, 1, -6, -7, -3, -5, -6, 0, -8, 1, -7, 2, 3, -2, 3, -6, -4, -8, -5, -5, -5, 2, -7, -7, -3, -5, -4, -3, 1]
 
3.1794052497951797: [-8, -7, -6, -4, -1, -7, -3, -3, 3, -7, -3, -6, -3, 1, 0, 2, 4, -8, -1, 2, -3, -1, -4, 1, -8, -8, -3, 1, 1, 1, -6, -1, -3, -3, 1, -7, -4, -5, 1, -3, -6, -7, -6, 1, -1, 2, -2, -5, -3, 1, -1, -5, -1, -1, -1, 0, -3, -4, -7, 3, -4, -4, -7, -4, -7, -7, 2, 0, -3, -2, -1, -5, -7, 4, -6, -2, -2, -1, 3, 4, -1, -2, 4, -8, 3, 1, -5, -1, -5, 2, 0, -5, -1, 1, 2, 0, 1, -8, 1, 2, 2, -6, -1, 1, -5, -6, 4, -8, -2, -8, -1, 3, -2, 3, -7, -2, -8, 4, 0, 0, -5, -8, -7, -3, -8, -4, -3, 1]
 
1.900188690881488: [4, -7, -7, 4, -2, 4, -2, -8, 3, -4, 1, 1, 2, -5, -3, 4, 2, -6, 3, 2, -3, -1, -4, -2, -8, -8, -7, 3, -2, -6, 1, -1, 4, 1, -2, -4, -7, 4, -6, 0, 4, 2, 4, 2, -5, -8, 0, -7, -6, 1, -1, -3, 3, -3, -1, -5, 3, -7, 0, 2, -6, -6, -4, -2, -5, 2, -4, 1, -3, 1, -4, -5, -1, -8, 4, -3, -8, -4, 3, 4, -1, 2, 3, -8, 3, 1, -1, 1, -4, -7, 2, -5, -1, -7, 3, 4, -4, -3, 1, -4, -1, -2, -7, -3, 1, -6, -3, -8, 1, -5, 2, -5, -2, 3, -6, -7, -8, 2, -5, -5, 2, -7, -7, -3, -5, -4, -3, 1]
 
0.925019368619: [2, -7, -6, -4, -1, -4, -3, 4, 3, 1, -3, -6, 2, -6, 3, 1, 4, 2, -5, 1, -3, -1, -4, 1, -8, 3, -4, 3, -2, -1, -7, -1, 4, 1, -6, -7, -7, 1, -6, 0, 2, -1, -1, -8, -3, 2, -2, -2, 1, 1, 3, -8, -1, -1, -3, -3, -8, 0, 0, -4, -1, -6, -4, 2, 1, 0, -2, -7, -4, -7, 4, -2, -5, -5, -6, -5, -5, 3, 0, 1, -3, 3, -3, -7, -5, -3, -8, 1, -5, 3, 2, 3, -2, 0, -6, 4, -3, -1, 0, -8, -8, 0, -4, -4, 1, -1, -8, -8, 1, -7, 2, -6, -2, 2, -6, -2, -8, 0, -2, 1, -8, 2, -5, 3, -1, -4, -5, 1]
 
1.4316873883354835: [4, -7, -1, -7, -2, -2, 2, 4, 2, -7, -4, -6, -3, 1, -7, 2, 4, -8, -1, 0, -3, -1, -4, 1, -8, -3, -3, 3, 1, 4, -6, -1, -3, -3, 1, -7, -4, -5, -4, -3, -6, -7, -6, 1, -1, 2, -8, -8, -3, 1, 3, -3, -1, -1, 0, -5, 0, 0, 1, -4, -1, -6, -1, 2, -1, 0, -4, 2, 2, 2, -5, -7, -8, 2, -6, -5, -6, 3, 0, -4, -3, -8, -8, -7, -5, -4, -3, 0, -5, 2, 0, -5, -1, 1, 2, 0, 1, -8, 1, -7, 1, -6, -7, -3, -5, -6, 0, -8, 1, -7, 2, 3, -2, 3, -6, -4, -8, -5, -5, -5, 2, -7, -7, -3, -5, -4, -3, 1]
 
1.95788372491: [-8, -7, 4, -4, -1, -7, -6, -6, 3, -7, 3, -6, -2, 2, -7, -4, 4, -4, -6, -4, -8, 0, -6, -5, -1, -1, -4, -8, 3, -7, 1, -3, -5, -1, -5, -6, 4, 0, 1, -1, 3, -1, -7, -2, 0, 2, -8, 4, -1, -5, 1, -2, -8, -4, 1, -3, -3, -4, -1, -7, 3, 2, -4, -2, -2, -4, 1, -4, 2, -3, -1, -4, -3, -8, -6, -2, 0, -4, 3, -6, -1, -2, 4, -8, -3, 1, -5, -2, -5, 0, 0, -5, 0, 1, -6, 0, 1, -8, 1, -8, 1, -6, -7, -3, -5, -6, 0, 2, 1, -7, 3, -6, -2, 3, -7, -2, -8, 4, 0, 0, -5, -8, -7, -6, -8, -4, -3, 1]
 
3.68756855198: [-8, -7, -6, -4, -1, -7, -3, -3, 3, -7, 0, -6, 2, -6, 3, 2, -2, -8, -5, 0, -8, -5, -4, -5, -4, -8, -5, -3, -4, -6, -2, -7, -5, -1, -7, -7, -4, -5, -7, -4, 2, -1, -1, -8, -3, 2, 4, -6, -3, -2, -8, -5, 3, -7, -1, 0, 3, 0, -6, 0, -7, -4, -1, -2, -7, 0, 2, -4, -8, -2, 1, -5, -7, 4, -6, -8, -7, -1, 3, 4, -1, 3, -1, -8, 3, 1, 3, -1, 1, -8, 0, -5, -1, 1, 2, 0, 1, -8, -5, -7, 1, -7, -7, 0, -5, -6, 0, 2, 3, -7, 2, -6, -7, 3, -7, -2, -8, 4, 0, 0, -5, -8, -4, -3, -8, -4, 3, 1]
 
0.5665391704322975: [4, -7, -7, -4, -2, 3, -3, -8, -8, -4, 0, 1, 2, -5, -3, 3, 4, -6, 0, 0, -8, -5, -4, -4, -4, -8, -5, 3, -4, -6, 3, -7, -1, -1, 4, -7, -3, -5, -7, -6, 3, 2, 4, -3, -5, -7, 0, -4, -3, 1, -1, -4, 3, -3, -1, -5, 3, -6, 1, 2, -7, -6, -3, -2, -8, 3, -4, -6, -1, 1, -4, -5, -1, -8, 4, -3, -8, 2, -3, 4, -1, -3, 0, -8, -6, 1, -6, 1, 1, -7, 2, -7, -1, 0, 3, 4, -4, -3, -4, -7, -3, 4, -4, -3, 2, 1, 0, 2, 0, 3, -8, -6, -8, 0, 4, 3, -8, 4, -2, 0, 4, -8, -7, -2, -8, -5, -2, 1]
 
0.9383426557808864: [4, -7, -2, -4, -5, -7, -3, -8, 3, 3, 0, 2, 3, -6, -4, 2, 3, -8, -1, 2, -1, 3, 1, -3, -8, -8, -3, 1, 1, -1, -6, -1, 4, -3, 1, 2, -5, -5, 1, -8, -4, 2, -1, 1, -1, 3, -5, -8, -3, 1, -1, -5, 0, -1, -1, 0, 1, -2, -7, 2, -4, -4, 3, -1, -2, -7, 2, 1, -3, -6, -8, -3, -7, 2, -6, -2, -7, -1, 3, 4, 4, -2, -2, -8, 3, 1, -5, 4, -7, -8, 0, -5, -1, 1, -2, -4, 1, 1, 4, 2, 2, -6, -1, 1, -5, -6, 4, -8, -2, -7, -1, 3, -2, -1, -2, -2, -2, 4, 0, -1, -5, -8, -8, -3, -1, -6, -3, 1]
 
1.7932356930189854: [1, -7, -6, -4, -1, -4, -3, -3, 3, -5, -3, -6, 2, -6, 3, 1, 4, -8, -5, 2, -3, -1, -4, 1, -8, -8, -3, 3, -2, -6, -7, -1, 4, 1, -2, -4, -7, 1, -6, 0, 2, -1, 4, -8, -3, 2, -2, -8, 1, 1, 3, -8, -1, -1, 1, -3, -8, 0, -1, 4, 2, 2, -4, -2, -7, 0, 2, -4, -3, -3, -1, -4, -3, 2, -6, -2, -2, -1, 3, 4, -1, -2, 4, -8, 3, 1, -5, -1, -5, 2, 0, -5, -1, 1, 2, 0, 1, -8, 1, -7, 1, -6, -7, -3, -5, -6, 0, 2, 1, -7, 2, -6, -2, 3, -7, -2, -8, 4, 0, 0, -5, -8, -7, -3, -8, -4, -3, 1]
 
0.9525835655209135: [-6, -6, 4, -4, -5, -7, -6, 4, 3, -7, -6, -6, 1, 1, -7, -4, 4, -4, -6, -2, -8, 0, -6, -5, -8, -5, -4, -3, 3, -7, 1, -3, -8, -5, -1, 4, 4, 2, -7, -6, -1, -1, -4, -3, 0, 2, -8, 4, -4, 3, 1, 3, 0, -8, -4, -3, -3, 0, -1, -4, -2, -3, 1, 0, -3, -3, -8, -4, -3, -3, -4, -4, -3, 2, -6, -2, -2, 2, -5, -1, -1, 3, 4, -5, 3, 3, 2, -1, 1, 3, 0, -5, -1, 1, 2, -5, 1, 2, -3, 3, -8, -5, -1, -5, -4, 0, -4, 0, 1, -8, -4, -3, -2, 3, -7, -2, -8, -3, 0, 0, -5, -8, -7, -3, -8, -7, -1, 3]
 
1.0601559701307866: [-8, -7, 4, -4, -1, -7, -6, -6, 3, -7, -3, -6, -2, 1, -7, -4, 4, -4, -6, -2, -8, 0, -6, -5, -8, 4, -4, -3, 3, -7, 1, -3, -5, -1, -5, -7, 4, 0, -7, -6, -7, -1, -7, -2, 0, 2, -8, 4, -1, 1, 1, -2, -8, -1, -4, -3, -3, -4, -1, 4, 2, 2, -4, -2, -7, 0, 2, -4, -3, -3, -1, -4, -3, 2, -6, -5, -5, 3, 0, 1, -3, -8, 0, -7, -5, -3, -8, -6, -5, 3, 2, 3, -2, 0, -6, 4, -3, 2, 0, -8, -8, 2, -4, -5, 1, -8, -8, -8, 1, -7, 2, -6, -2, 3, -6, -2, -8, 0, 0, 1, -8, -8, -5, 3, -1, -4, -1, 1]
 
2.636266995067576: [-8, -7, 4, -4, -1, -7, -6, -6, 3, -7, -3, -6, -2, 1, -7, -4, 4, -4, -6, -2, -8, 0, -6, -5, -8, 4, -4, -3, 3, -7, 1, -3, -5, -1, -5, -7, 4, 0, -7, -6, -7, -1, -7, -2, 0, 2, -8, 4, -1, 1, 1, -2, -8, -1, -4, -3, -3, -4, -1, 4, 2, 2, -4, -2, -7, 0, 2, -4, -3, -3, -1, -4, -3, 2, -6, -2, -2, -1, 3, 4, -1, -2, 4, -8, 3, 1, -5, -1, -5, 2, 0, -5, -1, 1, 2, 0, 1, -8, 1, -7, 1, -6, -7, -3, -5, -6, 0, 2, 1, -7, 2, -6, -2, 3, -7, -2, -8, 4, 0, 0, -5, -8, -7, -3, -8, -4, -3, 1]
 
3.384024667778906: [-8, -7, -6, -4, -1, -7, -3, -3, 3, -7, -3, -6, 2, -6, 3, 2, 4, -8, -5, 0, -8, -5, -4, -5, -4, -8, -5, -3, -4, -6, -6, -7, -5, -1, -7, -7, -4, -5, -7, -6, -5, -1, -1, -8, -3, 2, 4, -8, -3, 1, 3, -3, 3, -3, -6, 1, 0, -4, -8, -5, -4, -4, 3, -2, 0, -7, -4, -3, 2, 2, -5, -7, -8, 2, -6, -5, -6, 3, 0, -4, -3, -8, -8, -7, -5, -4, -3, 0, -5, 2, 0, -5, -1, 1, 2, 0, 1, -8, 1, -7, 1, -6, -7, -3, -5, -6, 0, 2, 1, -7, 2, -6, -2, 3, -7, -2, -8, 4, 0, 0, -5, -8, -7, -3, -8, -4, -3, 1]
 
2.9450702786155674: [-8, -7, 4, -4, -1, -7, -6, -6, 3, -7, -3, -6, -2, 1, -7, -4, 4, -4, -6, -2, -8, 0, -6, -5, -8, 4, -4, -3, 3, -7, 1, -3, -5, -1, -5, -7, 4, 0, -7, -6, -7, -1, -7, -2, 0, 2, -8, 4, -1, 1, 1, -2, -8, -1, -4, -3, -3, -4, -1, 4, 2, 2, -4, -2, -7, 0, 2, -4, -3, -3, -1, -4, -3, 2, -6, -2, -2, -1, 3, 4, -1, -2, 4, -8, 3, 1, -5, -1, -5, 2, 0, -5, -1, 1, 2, 0, 1, -8, 1, -7, 1, -6, -7, -3, -5, -6, 0, 2, 1, -7, 2, -6, -2, 3, -7, -2, -8, 4, 0, 0, -5, -8, -7, -3, -8, -4, -3, -7]
 
1.8484226437768165: [-8, -7, -6, -4, -1, -7, -3, -3, 3, -7, -3, -6, 2, -6, -7, -4, 4, -4, -6, -2, -8, 0, -6, -5, -8, 4, -4, -3, 3, -7, 1, -3, -5, -1, -5, -7, 4, 0, -7, -6, -7, -1, -7, -2, 0, 2, -8, 4, -1, 1, 1, -2, -8, -1, -4, -3, -3, -4, -1, 4, 2, 2, -4, -2, -7, 0, 2, -4, -3, -3, -1, -4, -3, 2, -6, -2, -2, -1, 3, 4, -1, -2, 4, -8, 3, 1, -5, -1, -5, 2, 0, -5, -1, 1, 2, 0, 1, -8, 1, -7, 1, -6, -7, -3, -5, -6, 0, 2, 1, -7, 2, -6, -2, 3, -7, -2, -8, 4, 0, 0, -5, -8, -7, -3, -8, -4, -3, 1]
 
0.736806016385: [-8, -7, -6, -4, -1, -7, -3, -3, 3, -7, -3, -6, 2, -6, 3, 2, 4, -4, -6, -2, -8, 0, -6, -5, -8, 4, -4, -3, 3, -7, 1, -3, -5, -1, 4, -7, -3, -5, -7, -6, 3, 2, 4, -3, -5, -7, 0, -4, -3, 1, -1, -4, 3, -3, -1, -5, 3, -6, 1, 2, -7, -6, -3, -2, -8, 3, -4, -6, -1, 1, -4, -5, -1, -8, 4, -3, -8, 2, -3, 4, -1, -3, 0, -8, -6, 1, -6, 1, 1, -7, 2, -7, -1, 0, 3, 4, -4, -3, -4, -7, -3, 4, -4, -3, 2, 1, 0, 2, 0, 3, -8, -6, -8, 0, 4, 3, -8, 4, -2, 0, 4, -8, -7, -2, -8, -5, -2, 1]
 
0.628100606439: [4, -7, -7, -4, -2, 3, -3, -8, -8, -4, 0, 1, 2, -5, -3, 3, 4, -6, 0, 0, -8, -5, -4, -4, -4, -8, -5, 3, -4, -6, 3, -7, -1, -1, -5, -7, 4, 0, -7, -6, -7, -1, -7, -2, 0, 2, -8, 4, -1, 1, 1, -2, -8, -1, -4, -3, -3, -4, -1, 4, 2, 2, -4, -2, -7, 0, 2, -4, -3, -3, -1, -4, -3, 2, -6, -5, -5, 3, 0, 1, -3, -8, 0, -7, -5, -3, -8, -6, -5, 3, 2, 3, -2, 0, -6, 4, -3, 2, 0, -8, -8, 2, -4, -5, 1, -8, -8, -8, 1, -7, 2, -6, -2, 3, -6, -2, -8, 0, 0, 1, -8, -8, -5, 3, -1, -4, -1, 1]
 
1.84417517572: [4, -7, -7, -4, -2, 3, -3, -8, -8, -4, 0, 1, 2, -5, -3, 3, 4, -6, 0, 0, -8, -5, -4, -4, -4, -8, -5, 3, -2, -6, 1, -1, 4, 1, -2, -4, -7, 4, -6, 0, 4, 2, 4, 2, -5, -8, 0, -7, -6, 1, -1, -3, 3, -3, -1, -5, 3, -7, 0, 2, -6, -6, -4, -2, -5, 2, -4, 1, -3, 1, -4, -5, -1, -8, 4, -3, -8, -4, 3, 4, -1, 2, 3, -8, 3, 1, -1, 1, -4, -7, 2, -5, -1, -7, 3, 4, -4, -3, 1, -4, -1, -2, -7, -3, 1, -6, -3, -8, 1, -5, 2, -5, -2, 3, -6, -7, -8, 2, -5, -5, 2, -7, -7, -3, -5, -4, -3, 1]
 
0.723270996152: [4, -7, -7, 4, -2, 4, -2, -8, 3, -4, 1, 1, 2, -5, -3, 4, 2, -6, 3, 2, -3, -1, -4, -2, -8, -8, -7, 3, -4, -6, 3, -7, -1, -1, -5, -7, 4, 0, -7, -6, -7, -1, -7, -2, 0, 2, -8, 4, -1, 1, 1, -2, -8, -1, -4, -3, -3, -4, -1, 4, 2, 2, -4, -2, -7, 0, 2, -4, -3, -3, -1, -4, -3, 2, -6, -5, -5, 3, 0, 1, -3, -8, 0, -7, -5, -3, -8, -6, -5, 3, 2, 3, -2, 0, -6, 4, -3, 2, 0, -8, -8, 2, -4, -5, 1, -8, -8, -8, 1, -7, 2, -6, -2, 3, -6, -2, -8, 0, 0, 1, -8, -8, -5, 3, -1, -4, -1, 1]
 
0.958718738413: [-6, -6, 4, -4, -5, -7, -6, 4, 3, -7, -6, -6, 1, 1, -7, -4, 4, -4, -6, -2, -8, 0, -6, -5, -8, -5, -4, -3, 3, -7, 1, -3, -8, -5, -1, 4, 4, 2, -7, -6, -1, -1, -4, -3, 0, 2, -8, 4, -4, 3, 1, 3, 0, -8, -4, -3, -3, -7, 0, 2, -6, -6, -4, -2, -5, 2, -4, 1, -3, 1, -4, -5, -1, -8, 4, -3, -8, -4, 3, 4, -1, 2, 3, -8, 3, 1, -1, 1, -4, -7, 2, -5, -1, -7, 3, 4, -4, -3, 1, -4, -1, -2, -7, -3, 1, -6, -3, -8, 1, -5, 2, -5, -2, 3, -6, -7, -8, 2, -5, -5, 2, -7, -7, -3, -5, -4, -3, 1]
 
0.396325107316: [4, -7, -7, 4, -2, 4, -2, -8, 3, -4, 1, 1, 2, -5, -3, 4, 2, -6, 3, 2, -3, -1, -4, -2, -8, -8, -7, 3, -2, -6, 1, -1, 4, 1, -2, -4, -7, 4, -6, 0, 4, 2, 4, 2, -5, -8, 0, -7, -6, 1, -1, -3, 3, -3, -1, -5, 3, 0, -1, -4, -2, -3, 1, 0, -3, -3, -8, -4, -3, -3, -4, -4, -3, 2, -6, -2, -2, 2, -5, -1, -1, 3, 4, -5, 3, 3, 2, -1, 1, 3, 0, -5, -1, 1, 2, -5, 1, 2, -3, 3, -8, -5, -1, -5, -4, 0, -4, 0, 1, -8, -4, -3, -2, 3, -7, -2, -8, -3, 0, 0, -5, -8, -7, -3, -8, -7, -1, 3]
 
1.14597568482: [4, -7, -7, 4, -2, 4, -2, -8, 3, -4, 1, 1, 2, -5, -3, 4, 2, -6, 3, 2, -3, -1, -4, -2, -8, -8, -7, 3, -4, -6, 3, -7, -1, -1, -5, -7, 4, 0, -7, -6, -7, -1, -7, -2, 0, 2, -8, 4, -1, 1, 1, -2, -8, -8, -4, -3, -3, -7, 0, 2, -6, -6, -4, -2, -5, 2, -4, 1, -3, 1, -4, -5, -1, -8, 4, -3, -8, -4, 3, 4, -1, 2, 3, -8, 3, 1, -1, 1, -4, -7, 2, -5, -1, -7, 3, 4, -4, -3, 1, -4, -1, -2, -7, -3, 1, -6, -3, -8, 1, -5, 2, -5, -2, 3, -6, -7, -8, 2, -5, -5, 2, -7, -7, -3, -5, -4, -3, 1]
 
1.39708252495: [-6, -6, 4, -4, -5, -7, -6, 4, 3, -7, -6, -6, 1, 1, -7, -4, 4, -4, -6, -2, -8, 0, -6, -5, -8, -5, -4, -3, 3, -7, 1, -3, -8, -5, -1, 4, 4, 2, -7, -6, -1, -1, -4, -3, 0, 2, -8, 4, -4, 3, 1, 3, 0, -1, -4, -3, -3, -4, -1, 4, 2, 2, -4, -2, -7, 0, 2, -4, -3, -3, -1, -4, -3, 2, -6, -5, -5, 3, 0, 1, -3, -8, 0, -7, -5, -3, -8, -6, -5, 3, 2, 3, -2, 0, -6, 4, -3, 2, 0, -8, -8, 2, -4, -5, 1, -8, -8, -8, 1, -7, 2, -6, -2, 3, -6, -2, -8, 0, 0, 1, -8, -8, -5, 3, -1, -4, -1, 1]
 
1.27880568891: [-8, -7, -6, -4, -1, -7, -3, -3, 3, -7, -3, -6, 2, -6, 3, 2, 4, -8, -5, 0, -8, -5, -4, -5, -4, -8, -5, -3, -4, -6, -6, -7, -5, -1, -7, -7, -4, -5, -7, -6, -5, -1, -1, -8, -3, 2, 4, -8, -3, 1, 3, -8, -1, -1, 0, -5, 0, 0, 1, -4, -1, -6, -1, 2, -1, 0, -4, 2, 2, 2, -5, -7, -8, 2, -6, -5, -6, 3, 0, -4, -3, -8, -8, -7, -5, -4, -3, 0, -5, 2, 0, -5, -1, 1, 2, 0, 1, -8, 1, -7, 1, -6, -7, -3, -6, -5, 2, -2, -2, -2, -8, -6, 4, 2, 0, -4, 3, 0, 1, -4, 1, -8, -7, -3, -8, -4, -3, 1]
 
1.60194453445: [-8, 0, 2, -4, -1, -7, -3, -1, -2, -6, -3, -6, 2, -6, 3, 2, 4, -8, -5, 2, -3, 2, -4, 1, -8, -8, -7, 3, -2, -6, 1, -1, 4, 1, -3, 3, 0, -4, -6, 0, 4, -1, -1, -8, -3, 2, 4, -8, -4, 1, 3, -8, -1, 0, 3, -5, 0, 0, 1, 2, -1, 1, -1, -1, -8, 0, -4, 2, 2, 2, -5, -7, -8, 2, -6, 4, -6, 3, 0, -3, -3, -8, -8, -8, -5, -4, -3, 0, -5, 2, -5, -5, -2, 1, 0, 0, 1, 0, 1, -1, 0, -1, -2, -1, -5, -6, 0, -8, 1, -7, 2, 3, -2, 3, -6, -4, -8, -5, -5, -5, 2, -7, -7, -3, -5, -4, -3, 1]
 
1.56497265785: [4, -7, -7, -4, -2, 3, -3, -8, -8, -4, 0, 1, 2, -5, -3, 3, 4, -6, 0, 0, -8, -5, -4, -4, -4, -8, -5, 3, -4, -6, 3, -7, -1, -1, 4, -7, -3, -5, -7, -6, 3, 2, 4, -3, -5, -7, 0, -4, -3, 1, -1, -5, 3, -1, -1, 0, 3, 0, 3, -6, -8, -4, -1, -4, -7, 0, 2, -4, -8, -2, 1, -5, -7, 4, -6, -2, -8, -4, 3, 4, -1, 2, 3, -8, 3, 1, -1, 1, 1, 2, 0, -5, -1, 1, 2, 0, 1, -8, 1, -7, 1, -6, -7, -3, -5, -6, 0, 2, 1, -7, 2, -6, -2, 3, -7, -2, -8, 4, 0, 0, -5, -8, -7, -3, -8, -4, -3, 1]
 
1.56117232155: [-8, -7, -6, -4, -1, -7, -3, -3, 3, -7, -3, -6, 2, -6, 3, 2, 4, -8, -5, 0, -8, -5, -4, -5, -4, -8, -5, -3, -4, -6, -6, -7, -5, -1, -7, -7, -4, -5, -7, -6, -5, -1, -1, -8, -3, 2, 4, -6, -3, 1, -1, -4, 3, -3, -1, -5, 3, -6, 1, 2, -7, -6, -3, -2, -8, 3, -4, -6, -1, 1, -4, -5, -1, -8, 4, -3, -8, 2, -3, 4, -1, -3, 0, -8, -6, 1, -6, 1, 1, -7, 2, -7, -1, 0, 3, 4, -4, -3, -4, -7, -3, 4, -4, -3, 2, 1, 0, 2, 0, 3, -8, -6, -8, 0, 4, 3, -8, 4, -2, 0, 4, -8, -7, -2, -8, -5, -2, 1]
 
2.29761485483: [-6, -6, 4, -4, -5, -7, -6, -6, 3, -7, -3, -6, -2, 1, -7, -4, 4, -4, -6, 0, -3, -1, -4, 1, -8, -3, -3, 3, 1, 4, -6, -1, -3, -3, 1, -7, -4, -5, -4, -3, -6, -7, -6, 1, -1, 2, -8, -8, -3, 1, 3, -3, 3, -3, -1, 1, -3, -4, -8, -4, -4, -4, 3, -4, 0, -7, 2, 0, -3, -2, -1, 0, -8, 4, -6, -8, -2, -1, 3, -5, -3, -5, 1, -7, -5, -4, -8, -6, -6, 3, 2, 3, -2, -7, 3, 4, -4, -3, 1, -7, 1, -6, -7, -3, -5, -6, 0, -8, 1, -7, 2, 3, -2, 3, -6, -4, -8, -5, -5, -5, 2, -7, -7, -3, -5, -4, -3, 1]
 
0.493837114486: [-8, -7, 4, -4, -1, -7, -6, 4, 3, -7, -6, -6, 1, 1, -7, -4, 4, -4, -6, -2, -8, 0, -6, -5, -8, -5, -4, -3, 3, -7, 1, -3, -8, -5, -1, 4, 4, 2, -7, -6, -1, -1, -4, -3, 0, 2, -8, 4, -4, 3, 1, 3, 0, -1, -4, -3, -3, -4, -1, 4, 2, 2, -4, -2, -7, 0, 2, -4, -3, -3, -1, -4, -3, 2, -6, -5, -5, 3, 0, 1, -3, -8, 0, -7, -5, -3, -8, -6, -5, 3, 2, 3, -2, 0, -6, 4, -3, 2, 0, -8, -8, 2, -4, -5, 1, -8, -8, -8, 1, -7, 2, -6, -2, 3, -6, -2, -8, 0, 0, 1, -8, -8, -5, 3, -1, -4, -1, 1]
 
2.20551661591: [-8, -7, 4, -4, -1, -7, -6, -6, 3, -7, -3, -6, -2, 1, -7, -4, 4, -4, -6, 0, -3, -1, -4, 1, -8, -3, -3, 3, 1, 4, -6, -1, -3, -3, 1, -7, -4, -5, -4, -3, -6, -7, -6, 1, -1, 2, -8, -8, -3, 1, 3, -3, 3, -3, -1, 1, -3, -4, -8, -4, -4, -4, 3, -4, 0, -7, 2, 0, -3, -2, -1, 0, -8, 4, -6, -8, -2, -1, 3, -5, -3, -5, 1, -7, -5, -4, -8, -6, -6, 3, 2, 3, -2, -7, 3, 4, -4, -3, 1, -7, 1, -6, -7, -3, -5, -6, 0, -8, 1, -7, 2, 3, -2, 3, -6, -4, -8, -5, -5, -5, 2, -7, -7, -3, -5, -4, -3, 1]
 
3.51120457323: [-6, -6, 4, -4, -5, -7, -6, -6, 3, -7, -3, -6, -2, 1, -7, -4, 4, -4, -6, 0, -3, -1, -4, 1, -8, -3, -3, 3, 1, 4, -6, -1, -3, -3, 1, -7, -4, -5, -4, -3, -6, -7, -6, 1, -1, 2, -8, -8, -3, 1, 3, -3, 3, -3, -1, 1, -3, -4, -8, -4, -4, -4, 3, -4, 0, -7, 2, 0, -3, -2, -1, 0, -8, 4, -6, -8, -2, -1, 3, -5, -3, -5, 1, -7, -5, -4, -8, -6, -6, 3, 2, 3, -2, -7, 3, 4, -4, -3, 1, -7, 1, -6, -7, -3, -5, -6, 0, -8, 1, -7, 2, 3, -2, 3, -6, -4, -8, -5, -5, -5, 2, -7, -7, -3, -5, -4, -3, 1]
 
3.09238394756: [-8, -7, -6, -4, -1, -7, -3, -3, 3, -7, -3, -6, 2, -6, 3, 2, 4, -8, -5, 0, -8, -5, -4, -5, -4, -8, -4, -3, 3, -7, 1, -3, -5, -1, -5, -7, 4, 0, -7, -6, -7, -1, -7, -2, 0, 2, -8, 4, -1, 1, 1, -2, -8, -1, -4, -3, -3, -4, -1, 4, 2, 2, -4, -2, -7, 0, 2, -4, -3, -3, -1, -4, -3, 2, -6, -2, -2, -1, 3, 4, -1, -2, 4, -8, 3, 1, -5, -1, -5, 2, 0, -5, -1, 1, 2, 0, 1, -8, 1, -7, 1, -6, -7, -3, -5, -6, 0, 2, 1, -7, 2, -6, -2, 3, -7, -2, -8, 4, 0, 0, -5, -8, -7, -3, -8, -4, -3, -7]
 
0.552167583682: [-8, -7, 4, -4, -1, -7, -6, -6, 3, -7, -3, -6, -2, 1, -7, -4, 4, -4, -6, -2, -8, 0, -6, -5, -8, 4, -5, -3, -4, -6, -6, -7, -5, -1, -7, -7, -4, -5, -7, -6, -5, -1, -1, -8, -3, 2, 4, -8, -3, 1, 3, -8, -1, -1, 0, -5, 0, 0, 1, -4, -1, -6, -1, 2, -1, 0, -4, 2, 2, 2, -5, -7, -8, 2, -6, -5, -6, 3, 0, -4, -3, -8, -8, -7, -5, -4, -3, 0, -5, 2, 0, -5, -1, 1, 2, 0, 1, -8, 1, -7, 1, -6, -7, -3, -5, -6, 0, -8, 1, -7, 2, 3, -2, 3, -6, -4, -8, -5, -5, -5, 2, -7, -7, -3, -5, -4, -3, 1]
 
2.03075185933: [4, -7, -1, -7, -2, -2, 2, 4, 2, -7, -4, -6, -3, 1, -7, 2, 4, -8, -1, 0, -3, -1, -4, 1, -8, -3, -3, 3, 1, 4, -6, -1, -3, -3, 1, -7, -4, -5, -4, -3, -6, -7, -6, 1, -1, 2, -8, -8, -3, 1, 3, -3, 3, -3, -1, 1, -3, -4, -8, -4, -4, -4, 3, -4, 0, -7, 2, 0, -3, 1, -4, -5, -1, -8, 4, -3, -8, -4, 3, 4, -1, 2, 3, -8, 3, 1, -1, 1, -4, -7, 2, -5, -1, -7, 3, 4, -4, -3, 1, -4, -1, -2, -7, -3, 1, -6, -3, -8, 1, -5, 2, -5, -2, 3, -6, -7, -8, 2, -5, -5, 2, -7, -7, -3, -5, -4, -3, 1]
 
0.99773767912: [4, -7, -7, 4, -2, 4, -2, -8, 3, -4, 1, 1, 2, -5, -3, 4, 2, -6, 3, 2, -3, -1, -4, -2, -8, -8, -7, 3, -2, -6, 1, -1, 4, 1, -2, -4, -7, 4, -6, 0, 4, 2, 4, 2, -5, -8, 0, -7, -6, 1, -1, -3, 3, -3, -1, -5, 3, -7, 0, 2, -6, -6, -4, -2, -5, 2, -4, 1, -3, -2, -1, 0, -8, 4, -6, -8, -2, -1, 3, -5, -3, -5, 1, -7, -5, -4, -8, -6, -6, 3, 2, 3, -2, -7, 3, 4, -4, -3, 1, -7, 1, -6, -7, -3, -5, -6, 0, -8, 1, -7, 2, 3, -2, 3, -6, -4, -8, -5, -5, -5, 2, -7, -7, -3, -5, -4, -3, 1]
 
0.418250364621: [4, -7, -7, -4, -2, 3, -3, -8, -8, -4, 0, 1, 2, -5, -3, 3, 4, -6, 0, 0, -2, -3, -4, -4, -4, 2, -5, 3, -6, 4, 3, -7, -7, -1, -2, -7, 0, -2, -3, -6, 3, 2, 4, -3, -5, -7, 1, -4, -3, 1, -3, -5, 3, -1, -2, 0, 3, 0, 2, -6, -8, -4, -1, 2, -7, 0, -3, 3, -7, -2, 1, -5, 3, -8, -6, -2, -8, -6, 3, 4, -1, 2, 3, -8, 3, 1, -1, -6, 1, 2, 0, 0, -1, 1, -5, 0, 1, -8, 4, -7, 1, 4, -7, -3, 1, 2, -3, -8, 1, 3, 2, -5, -2, 3, -6, -7, -8, 2, -5, -5, 2, -7, -7, -3, -5, -4, -3, 1]
 
3.12379782078: [4, -7, -1, -7, -2, -2, 2, 4, 2, -7, -4, -6, -3, 1, -7, 2, 4, -8, -1, 0, -3, -1, -4, 1, -8, -3, -3, 3, 1, 4, -6, -1, -3, -3, 1, -7, -4, -5, -4, -3, -6, -7, -6, 1, -1, 2, -8, -8, -3, 1, 3, -3, 3, -3, -1, 1, -3, -4, -8, -4, -4, -4, 3, -4, 0, -7, 2, 0, -3, 1, -4, -5, -1, -8, 4, -3, -8, -4, 3, 4, -1, 2, 3, -8, 3, 1, -1, 1, -4, -7, 2, -5, -1, -7, 3, 4, -4, -3, 1, -4, -1, -2, -7, -3, -5, -6, 0, 2, 1, -7, 2, -6, -2, 3, -7, -2, -8, 4, 0, 0, -5, -8, -7, -3, -8, -4, -3, 1]
 
1.58221808597: [1, 0, 4, -4, 1, 4, -8, -6, 2, -7, -5, 1, -3, -1, 4, 2, 4, -8, 0, -2, -3, -1, -4, 1, -7, -8, -3, 1, 1, 1, -6, -1, -3, -3, -5, -7, -4, -5, -1, -3, -6, 4, -6, 1, -6, -5, -2, -5, -3, 1, 3, -5, -1, -8, 2, 0, -8, -4, -7, -2, -4, 3, -7, -4, 2, -7, 2, 0, -3, -2, -1, -5, -7, 4, 3, -2, -2, -1, 3, 4, -2, -2, 4, -8, 3, 1, -5, -1, -5, 2, -5, -5, -2, 1, 0, 0, 1, 0, 1, -1, 0, -1, -2, -1, -6, -5, 2, -2, -2, -2, -8, -5, -2, 3, -6, -7, -8, 2, -5, -5, 2, -7, -7, -3, -5, -4, -3, 1]
 
0.799327409061: [-6, -6, 4, -4, -5, -7, -6, 4, 3, -7, -6, -6, 1, 1, -7, -4, 4, -4, -6, -2, -8, 0, -6, -5, -8, -5, -4, -3, 3, -7, 1, -3, -8, -5, -1, 4, 4, 2, -7, -6, -1, -1, -4, -3, 0, 2, -8, 4, -4, 3, 1, 3, 0, -8, -4, -3, -3, -7, 0, 2, -6, -6, -4, -2, -5, 2, -4, 1, -3, 1, -4, -5, -1, -8, 4, -3, -8, -4, 3, 4, -1, 2, 3, -8, 3, 1, -1, 1, -4, -7, 2, -5, -1, -7, 3, 4, -4, -3, 1, -4, -1, -2, -7, -3, 1, -6, -3, -8, 1, -5, 2, -6, 4, 2, 0, -4, 3, 0, 1, -4, 1, -8, -7, -3, -8, -4, -3, 1]
 
0.57978055212: [-8, -7, -7, -4, -7, -7, 3, -6, 3, -8, -3, -6, -5, -6, -7, -4, 4, 0, -6, 2, 1, -1, -4, 1, -6, -3, -3, 3, 1, 3, -6, -1, -3, -3, 1, -7, -4, -5, -4, -5, -6, -1, -6, 1, -1, 0, -8, -8, -3, 1, 3, -3, 0, -3, 1, 1, -3, -4, -4, -4, 2, 0, 3, -4, 0, 2, 2, 0, -3, -2, -1, 0, -8, -7, -6, -8, -2, -1, 3, -5, -3, -5, 1, -7, -5, -4, -8, 0, -6, 3, 2, 3, -2, -7, -3, 4, -7, -3, 1, -7, 1, -6, -7, 2, 3, -6, 0, -8, -6, -7, 4, 3, -2, 3, -6, -8, -8, -5, -5, -5, 2, -7, -7, -2, -6, 0, 3, 1]
 
1.1184348371: [-8, -7, 4, -4, -1, -7, -3, -3, 3, -7, 1, -6, 2, 2, -8, 2, 1, -1, -6, 2, -1, 1, -4, -5, 3, -8, 1, -3, -2, -2, -6, 0, 0, -2, -7, -7, -6, 0, -6, 2, 3, -1, 1, -2, -3, -5, 4, -8, -3, 4, 0, -3, -4, -3, 2, -7, 0, -2, -5, -5, -4, -7, 4, -6, 4, -4, -7, 0, 4, -8, -1, 1, 4, 4, -6, -5, -6, -2, -6, -5, -3, 2, -5, -1, -5, -5, -8, -6, 4, 3, 2, 3, -2, 3, -1, 4, -7, 2, 2, -1, -8, -6, -7, -5, 2, -8, -1, -8, -3, -7, 2, -3, 4, 2, -7, -2, -8, -7, 2, -7, -1, -3, -7, -7, 0, -4, 4, -7]
 
1.29902340113: [-8, -7, 4, -4, -1, -7, -6, -6, 3, -7, -3, -6, -2, 1, -7, -4, 4, -4, -6, -2, -8, 0, -6, -5, -8, 4, -4, -3, 3, -7, 1, -3, -5, -1, -5, -7, 4, 0, -7, -6, -7, -1, -7, -2, 0, 2, -8, 4, -1, 1, 1, -2, -8, -1, -4, -3, -3, -4, -1, 4, 2, 2, -4, -2, -7, 0, 2, -4, -3, -3, -1, -4, -3, 2, -6, -5, -5, 3, 0, 1, -3, -8, 0, -7, -5, -3, -8, -6, -5, 3, 2, 3, -2, 0, -6, 4, -3, 2, 0, -8, -8, 2, -4, -3, -5, -6, 0, -8, 1, -7, 2, 3, -2, 3, -6, -4, -8, -5, -5, -5, 2, -7, -7, -3, -5, -4, -3, 1]
 
2.57699630898: [-6, -6, 4, -4, -5, -7, -6, -6, 3, -7, -3, -6, -2, 1, -7, -4, 4, -4, -6, 0, -3, -1, -4, 1, -8, -3, -3, 3, 1, 4, -6, -1, -3, -3, 1, -7, -4, -5, -4, -3, -6, -7, -6, 1, -1, 2, -8, -8, -3, 1, 3, -3, 3, -3, -1, 1, -3, -4, -8, -4, -4, -4, 3, -4, 0, -7, 2, 0, -3, -2, -1, 0, -8, 4, -6, -8, -2, -1, 3, -5, -3, -5, 1, -7, -5, -4, -8, -6, -6, 3, 2, 3, -2, -7, 3, 4, -4, -3, 1, -7, 1, -6, -7, -5, 1, -8, -8, -8, 1, -7, 2, -6, -2, 3, -6, -2, -8, 0, 0, 1, -8, -8, -5, 3, -1, -4, -1, 1]
 
0.842445733207: [-8, 0, 2, -4, -1, -7, -3, -1, -2, -6, -3, -6, 2, -6, 3, 2, 4, -8, -5, 2, -3, 2, -4, 1, -8, -8, -7, 3, -2, -6, 1, -1, 4, 1, -3, 3, 0, -4, -6, 0, 4, -1, -1, -8, 0, 2, -8, 4, -1, 1, 1, -2, -8, -1, -4, -3, -3, -4, -1, 4, 2, 2, -4, -2, -7, 0, 2, -4, -3, -3, -1, -4, -3, 2, -6, -2, -2, -1, 3, 4, -1, -2, 4, -8, 3, 1, -5, -1, -5, 2, 0, -5, -1, 1, 2, 0, 1, -8, 1, -7, 1, -6, -7, -3, -5, -6, 0, 2, 1, -7, 2, -6, -2, 3, -7, -2, -8, 4, 0, 0, -5, -8, -7, -3, -8, -4, -3, -7]
 
2.40424508718: [-8, -7, -6, -4, -1, -7, -3, -3, 3, -7, -3, -6, 2, -6, 3, 2, 4, -8, -5, 0, -8, -5, -4, -5, -4, -8, -4, -3, 3, -7, 1, -3, -5, -1, -5, -7, 4, 0, -7, -6, -7, -1, -7, -2, -3, 2, 4, -8, -4, 1, 3, -8, -1, 0, 3, -5, 0, 0, 1, 2, -1, 1, -1, -1, -8, 0, -4, 2, 2, 2, -5, -7, -8, 2, -6, 4, -6, 3, 0, -3, -3, -8, -8, -8, -5, -4, -3, 0, -5, 2, -5, -5, -2, 1, 0, 0, 1, 0, 1, -1, 0, -1, -2, -1, -6, -5, 2, -2, -2, -2, -8, -6, 4, 2, 0, -4, 3, 0, 1, -4, 1, -8, -7, -3, -8, -4, -3, 1]
 
0.916852331364: [-8, 2, 4, -4, -1, -7, -6, 3, 3, -7, -3, -1, -2, 1, 2, -6, -4, -4, -6, -2, -8, -1, -6, -5, -1, 4, -4, -3, 3, -7, -6, -3, -5, -1, -5, -7, 3, -7, -1, -6, -7, -1, -7, 0, 0, 2, -8, 4, -1, 1, 1, -2, -8, 0, -4, -3, -3, -4, -1, 4, -3, 2, -4, 1, 3, 0, 2, -4, -3, -3, -8, -4, -3, -6, -4, -2, -2, -3, 3, 4, -1, -2, 4, -8, 3, -5, -5, -1, 2, 2, 0, -5, -1, 1, 2, 0, 1, -8, -7, -8, 1, -6, -7, -3, -5, -6, 0, -4, 1, -2, -2, -6, -1, 2, -7, -2, -8, 4, 0, 0, -7, -8, -7, -3, -5, -4, 4, 1]
 
2.14956592384: [-8, -7, 4, -4, -1, -7, -6, -6, 3, -7, -3, -6, -2, 1, -7, -4, 4, -4, -6, 0, -3, -1, -4, 1, -8, -3, -3, 3, 1, 4, -6, -1, -3, -3, 1, -7, -4, -5, -4, -3, -6, -7, -6, 1, -1, 2, -8, -8, -3, 1, 3, -3, 3, -3, -1, 1, -3, -4, -8, -4, -4, -4, 3, -4, 0, -7, 2, 0, -3, -2, -1, 0, -8, 4, -6, -8, -2, -1, 3, -5, -3, -5, 1, -7, -5, -4, -8, -6, -6, 3, 2, 3, -2, -7, 3, 4, -4, -3, 1, -7, 1, -6, -7, -3, -5, -6, 0, -8, 1, -7, 2, 3, -2, 3, -6, -4, -8, -5, -5, -5, 2, -7, -7, -3, -8, -4, -3, 1]
 
