1.7605616972042246: [-2, -3, -8, -2, 0, -6, -1, 4, -3, -4, -2, 2, -2, 4, 2, -7, 4, -7, -4, -4, -2, -4, 3, -4, -7, -4, 4, 0, -1, 1, 1, 2, 4, -3, -6, 1, -4, -6, 0, -2, -7, -4, 4, 1, -5, -7, -8, -7, -7, 2, -4, 1, 2, -6, -8, -7, -3, -1, 2, 2, -1, 2, -8, 4, -8, -2, -1, -2, 4, -1, 1, 4, -3, -2, -5, -6, 2, -6, -4, -3, 0, -3, -1, 4, -7, -5, -7, -8, -4, -5, 1, 0, 1, -6, -8, -5, -1, 0, 3, 3, 2, 0, -2, 1, 4, 3, 1, -8, -8, -8, -4, -6, 3, 0, -2, -8, -3, -5, 1, -7, 2, -4, -4, 3, -1, -1, 4, -6]
 
0.8985813672038607: [-8, -3, -7, 4, -2, -6, 3, 1, -1, 3, -1, -7, 1, -6, -8, 0, -6, -2, -2, -2, 0, -4, -6, -3, 4, 2, 1, -6, 4, -6, 4, 0, 3, 1, 3, -6, -1, 4, 1, 0, -3, -5, 0, -8, 1, -8, 1, -3, -4, -1, 1, -3, -5, 2, -8, -7, 3, -1, 4, -6, -1, -2, -6, -1, -3, -1, -1, -2, -7, -2, -4, 3, -3, -8, 1, -7, 4, -6, 2, 0, -1, 2, -2, -1, -7, -2, 2, 0, -4, 3, -8, 1, 2, -4, 4, -8, -1, -6, 0, 4, -1, 3, -2, 1, -8, 3, 1, -8, -8, -6, -4, 0, -2, 4, -2, -2, -5, -1, -4, -7, 4, -4, 1, -5, -1, -3, -6, -2]
 
3.88697083442838: [-7, 1, -7, -1, -7, -2, 4, -1, 3, -5, 2, -1, 1, 2, -5, -4, 4, 4, 0, 4, -8, 1, -1, -4, -1, 1, 1, 2, -5, 1, -1, -8, 0, -3, -5, -3, 3, 4, 1, -2, -3, -1, 0, -8, 1, -8, -7, -3, -4, -1, -6, -3, -5, -5, -5, -3, 3, -7, -1, -6, -3, -2, 1, -1, -7, -1, -1, -2, -4, -3, -4, -5, -3, 1, -7, -5, -1, 3, -5, 2, 0, -8, 0, -3, 1, -5, 3, -7, -8, -3, -6, -3, 2, 4, -4, 0, 2, -8, 1, -8, -1, 2, 2, -3, -8, -1, -7, 3, 4, -7, -7, -4, -8, -2, 3, -4, 2, 1, 1, -8, 3, -4, 2, -5, -1, -3, -3, -5]
 
1.527561773028443: [2, 0, 1, 0, -8, 1, -7, 4, -2, 3, 0, -1, -2, -7, -5, -4, 4, -1, 1, 4, -8, -8, 1, 0, -7, -2, -6, 1, -6, -2, -6, -4, -5, -7, -8, -2, -1, 4, 1, 0, -7, -5, 0, 1, -3, 2, 1, -6, -2, 4, 4, 0, -7, -3, -8, 3, 4, -5, 0, -4, 4, 3, 2, 3, 2, -6, -7, -5, -8, -3, -5, -5, 3, -3, -7, 1, 1, -5, -3, -6, 0, -3, -8, -1, -8, -8, 1, 0, -4, 4, 2, -8, 2, -3, 1, 0, -2, -5, -4, 2, -4, -7, -4, 3, -5, 3, 1, 3, -7, -4, -4, -4, -1, 4, -1, -8, -3, -5, 1, 2, 1, -4, -2, -4, 0, -6, -2, 2]
 
1.25933991959: [-2, -3, -7, -6, 2, 1, -1, -2, -5, -3, 2, 4, -8, -5, -8, 0, 0, 1, 1, -1, -5, -8, -4, -4, 2, -5, -3, 4, -5, -4, -6, 0, -8, -5, -5, 1, -7, 3, -6, -5, 2, -5, -7, -3, 0, -3, -2, 3, -7, 2, -7, -8, -1, -5, -1, 4, -5, -5, -4, 4, 4, 0, 4, -2, 4, -7, -7, -6, 4, -1, 3, -5, 2, -3, -8, -3, 4, 3, 4, -1, 1, -2, -5, 3, 3, 3, -4, -5, 3, -2, -8, 4, -4, -3, 2, -8, 1, 2, 3, -7, 0, -8, -8, -8, 2, -8, -1, 0, 2, -7, -1, -5, 3, 3, -6, 0, 1, -8, 3, -8, -6, 2, 3, -3, -5, -6, 3, -8]
 
2.337413574596865: [-6, -8, 0, -5, -3, -6, -1, 2, 4, -5, 1, -3, -8, -7, 0, -7, 0, 0, 3, 4, -8, 4, -4, 2, -8, 3, -3, -2, -5, 3, -6, 0, -2, 1, -5, -7, -7, -4, -1, 2, 2, -5, 2, -3, -2, -3, 1, -6, 3, -5, -1, 0, -1, -5, -1, 3, 0, -5, -7, 4, 4, 0, 2, 3, -7, -6, -7, -6, -8, -1, -8, -5, -1, -3, -7, 4, -2, -5, -5, 2, 1, 2, -5, -3, -5, -5, -4, -5, -6, 1, -8, 4, -4, -3, -3, 4, 1, 2, 3, 2, -8, -8, 2, -1, 2, -7, 2, -6, -4, -7, -3, 0, -6, 3, 1, 3, 1, -3, -6, -1, -6, -6, -1, 4, 1, -2, 1, 4]
 
1.7313905103901193: [-1, -3, -6, 4, -4, -6, -7, -5, -6, -4, 2, 2, -2, 0, -5, -2, 4, -1, 2, -8, -7, -8, -3, 0, 3, -5, -7, 4, -1, 1, 0, 2, -3, 2, -4, 1, -8, 0, 1, -2, -3, -7, 4, 1, -3, -7, 1, -7, 0, 0, -7, 1, 1, 2, -6, 2, 3, 2, -6, -2, 3, -2, -1, -4, -1, -6, 2, -6, -6, -6, 3, 2, -6, 1, 1, -5, 1, 3, -5, -1, 0, 3, -3, -6, -3, -1, -3, -7, 2, -8, -2, 0, 4, 0, -6, -8, -4, -1, -2, -1, -5, 3, 4, -3, -4, -5, -3, -4, 2, 3, 1, -5, -3, -6, -5, 3, -8, -5, -8, 1, -4, -6, 0, -8, -1, -6, -1, -6]
 
0.612982117032: [-2, -8, -7, 3, -4, -8, 4, 4, -3, -4, -4, 2, -5, 4, 1, 4, 3, -1, 1, 2, -2, -4, 3, -4, 0, 2, 1, -1, -4, -2, 1, 3, -6, 2, 3, 4, -8, -4, -1, 4, -3, -6, -1, -7, 4, -2, 2, -1, -2, -5, 4, -6, -8, 4, -8, 0, 0, 2, -3, -6, 4, 1, -6, -7, 2, -4, 2, -4, 4, -1, 0, -7, 3, -2, 4, -2, 0, -8, -4, -3, 2, -8, -3, 4, -6, -2, -6, -6, -4, 1, 1, 3, 0, -7, 0, 4, -1, 0, 4, -4, -5, 3, -2, 4, -1, 3, -4, -8, -8, -6, 3, -7, -2, -4, -3, -1, -1, -5, 1, -5, -3, -8, -1, -5, 3, 1, 1, -4]
 
2.09262388863: [4, 2, 1, -8, -3, -6, -1, 0, -6, -5, 2, -3, -1, -5, 0, -7, 0, 0, -3, 4, -8, 4, 4, 4, -8, -3, -3, -1, -8, 3, -6, -3, 4, 1, -4, -7, -7, -4, -1, 2, 2, -5, 2, -3, -6, -3, 1, 3, 3, -5, -1, -6, -5, -5, -1, 3, 0, -5, -3, -8, 4, -4, 2, 3, -3, 3, -7, -6, 2, -5, 1, 4, -1, -1, -5, -6, -1, -8, -6, -2, 0, -3, -3, 0, -2, 3, -3, 2, -8, -5, 0, -3, 4, -2, -3, 2, 4, 0, -8, 3, 0, -8, -7, 2, -6, 3, 1, -7, 4, -6, -2, -4, -6, 2, -2, -5, -3, 4, -6, 4, 4, -8, 1, -5, 3, -8, 1, -6]
 
1.7365604505830947: [-6, -8, 0, -1, -3, -6, -8, -2, -3, -4, 0, 1, -3, -5, -4, 3, 0, 0, -2, -2, -2, -4, -8, -5, 3, -4, -7, 3, -1, 1, 1, 2, -3, -3, -4, 1, 1, -5, -8, -2, -3, -7, 4, 1, -4, -7, -8, -7, -7, 3, -7, 1, -5, 1, -5, -8, -4, 1, -2, -5, 0, -1, -1, -4, 3, -6, 4, -7, -3, -6, -5, 2, -6, -5, 1, 0, 4, -3, -8, 3, -8, -4, -2, 3, -4, 2, 2, -3, -4, 3, -8, 1, 2, -4, 4, -8, -1, -6, 0, 4, -1, 3, -2, 1, -8, 3, 1, -8, -8, -6, -4, 0, -2, 4, -2, -2, -5, -1, -4, -7, 4, -4, 1, -5, -1, -3, -6, -2]
 
1.01567326377: [3, -3, -2, 0, -4, -8, -2, -6, -1, 4, -6, -6, -5, 0, -5, -4, -1, -7, -2, -7, -7, -1, -2, -5, -3, -6, 2, 3, -6, -1, 3, -4, -4, -2, 0, 3, 2, -3, -8, 3, -4, -2, -8, -5, 3, -5, 2, -2, -1, 3, -7, 0, -5, -1, -5, -5, 0, 4, -4, 0, -1, 1, -8, -1, -7, -2, -5, -5, -5, -6, -6, -2, -3, 0, -7, 1, -2, -5, 1, 2, 1, 2, 2, -3, -5, -3, -4, -5, 3, -7, 3, -8, -4, -3, -3, 4, 1, 0, 3, 2, -8, -8, 2, -1, 2, -7, -2, -6, -4, 4, -3, 0, -3, -1, -6, 3, 1, -3, -6, 2, -6, -6, 1, 4, 1, -2, 3, 3]
 
3.2093446823176404: [-2, -3, -7, 3, -4, -6, -1, -2, -6, -4, 2, -3, -8, -5, 0, -7, 0, 0, 3, 4, -8, 4, -4, 2, -8, 3, -3, -2, -5, 3, -6, 0, -2, 1, -5, -7, -7, -4, -1, 2, 2, -5, 2, -3, -2, -3, 1, -6, 3, -5, -1, 0, -1, -5, -1, 3, 0, -5, -7, 4, 4, 0, 2, 3, -7, -6, -7, -6, -8, -1, -8, -5, -1, -3, -7, 4, -2, -5, -5, 2, 1, 2, -5, -3, -5, -5, -4, -5, -6, 1, -8, 4, -4, -3, -3, 4, 1, 2, 3, 2, -8, -8, 2, -1, 2, -7, 2, -6, -4, -7, -3, 0, -6, 3, 1, 3, 1, -3, -6, -1, -6, -6, -1, 4, 1, -2, 1, 4]
 
2.774660965943974: [-6, -8, -3, -1, -4, -6, -7, -2, -6, -4, 2, 2, -2, -7, -5, -4, 4, -1, 1, 4, -8, -8, 1, 0, -7, -2, -6, 1, -6, -2, -6, -4, -5, -7, -8, -2, -1, 4, 1, 0, -7, -5, 0, 1, 1, -8, -5, -3, -3, -1, -2, -3, 2, 2, -8, -7, 3, -1, -6, -6, -1, -2, -6, -1, -3, -2, -1, -2, -6, -2, -6, -2, 1, -2, -4, -5, 1, -5, -5, 2, 0, 2, -3, -1, -8, -5, -4, -1, -4, -2, 2, -8, 2, 4, -3, 0, -8, -8, 1, -8, -1, -7, -7, -3, -8, 3, -4, 3, -7, 4, -4, -4, -1, 4, -2, -8, -3, -5, 1, -7, -3, -4, 1, -5, -1, -2, -3, -3]
 
1.01739929853: [3, 1, 3, 2, 3, 4, -6, -5, 4, 0, 1, -5, -3, -1, 3, -1, -4, -2, 1, -8, -1, -2, -6, -8, 1, -6, 1, -6, 3, 2, 2, -3, -4, -4, -2, 1, 1, -5, -8, -1, 2, -1, -1, -6, 2, -7, -3, 3, -2, 0, -7, 1, -3, 2, -8, 4, 2, 1, -2, -5, 1, -2, -6, 0, -3, -5, 0, -3, -2, -7, 3, -2, -7, 0, -4, -1, -7, 4, 2, 0, -1, 2, -2, -6, -7, -7, -6, 0, -4, -4, 4, 2, -7, 3, 3, 0, -8, 2, -1, 2, 3, 0, -2, -2, -2, 4, 1, -4, -8, -4, 2, -1, -2, -5, 1, -2, 0, -7, 2, 3, -2, 1, 0, -7, -6, 2, -1, -1]
 
1.19393387437: [2, 0, 1, 0, 4, 1, -7, 4, -4, 2, -5, -2, 1, -4, -4, -4, -4, 3, -8, 4, -6, -6, 1, -3, 0, -2, -6, 4, -6, -2, -6, -4, -5, -2, -8, -6, -3, -1, -7, -1, -8, -4, 1, 0, -4, -8, 0, -3, 0, 0, -2, -2, -7, -2, 3, 0, 3, -7, 0, 1, 3, -2, -1, -1, 0, -2, -1, -2, -6, -2, -6, -2, 1, -2, -4, -5, 1, 3, -5, -4, 0, -4, 0, -1, -2, -5, -2, -1, -5, 0, 2, 0, 2, 3, -4, -4, 0, -5, -3, 4, -2, -5, -2, -7, -8, -8, -2, -8, -5, -2, 3, 0, -8, -4, -2, -2, 4, -1, -4, -1, -3, 3, -8, -5, -5, 2, 4, 4]
 
2.56225428854838: [-3, -8, -7, 0, -3, 3, 3, -2, -3, -4, -2, 2, -3, 4, 2, -7, 3, -7, 0, 2, -5, -2, -7, -5, 4, -4, 1, -5, 1, 0, 0, -4, 2, -7, 4, -7, -1, -5, 4, 0, -7, -5, 0, 3, -2, 0, 4, 3, -3, -4, -2, -4, 2, -1, -8, -7, 3, -1, -1, -6, 4, 0, -3, -1, -3, -8, 3, -3, -6, -2, 4, 4, 4, -3, 0, -5, 1, 4, -2, -5, 0, -6, -3, -1, -1, -7, -7, 0, -4, -1, 2, -8, -6, -3, -3, 0, 0, -8, 1, -8, -1, -7, -3, -3, -8, 3, -4, 3, -7, 4, -4, -2, -1, 4, -2, -8, -3, -5, 2, -7, -8, -8, 4, -5, -7, -2, -3, -3]
 
2.7366208927289133: [2, 0, 1, 0, -8, 1, -7, 4, -2, 3, 0, -1, -2, -7, -5, -4, 4, -1, 1, 4, -8, -8, 1, 0, -7, -2, -6, 1, -6, -2, -6, -4, -5, -7, -8, -2, -1, 4, 1, 0, -7, -5, 0, 1, 1, -8, -5, -3, -3, -1, -2, -3, 2, 2, -8, -7, 3, -1, -6, -6, -1, -2, -6, -1, -3, -2, -1, -2, -6, -2, -6, -2, 1, -2, -4, -5, 1, -5, -5, -3, 0, -6, -3, -1, -8, -5, -4, 0, -4, -2, 2, -8, 2, 4, -3, 0, -8, -8, 1, -8, -1, -7, -7, -3, -8, 3, -4, 3, -7, 4, -4, -4, -1, 4, -2, -8, -3, -5, 1, -7, -3, -4, 1, -5, -1, -2, -3, -3]
 
2.474490272535829: [-7, 1, -7, -6, -7, 0, -6, -1, 4, 0, 1, -5, -3, 1, 4, 1, 3, -8, 2, -8, -4, -2, -5, 4, -7, -2, 0, -6, 3, -7, 2, 4, -8, -7, -2, 1, 1, -5, -1, -7, -3, -7, 4, 1, -4, -7, 2, -6, -7, 1, -7, 1, -5, 2, -8, 4, 2, 1, -2, -8, -6, -2, -6, 0, -3, -5, -4, -3, -6, -2, -6, -2, 1, -2, -4, -5, 4, -6, 2, 0, -1, 2, -2, -1, -7, -2, 2, 0, -4, -2, 4, -8, 2, 3, 3, 0, 4, 0, -1, 2, -1, 0, -2, 1, -5, 4, 1, -8, -8, -6, -6, -6, -2, -5, -2, -2, -5, 1, 2, -1, -3, -3, 1, 3, -5, 1, 3, -3]
 
1.69544134333: [-6, -8, 0, -8, 3, -6, -3, -2, -6, -4, 2, 4, -1, -5, -6, -7, 1, 0, 3, 4, -8, 4, -4, -8, -8, 3, -3, -4, -5, 3, 2, 0, -2, -8, -5, -7, 2, -4, -1, -7, 2, -5, 2, -3, -2, -3, 1, -6, 3, -2, -1, 0, 1, 0, -1, -4, 0, -5, 3, -7, 4, 0, -2, 3, -4, -6, -7, -6, 2, -6, 1, 4, -1, -1, -5, -8, 4, 0, -6, -2, 0, 3, -3, 0, -2, -5, -3, -6, -4, -5, 1, -7, -5, -7, -6, 2, -6, 0, -1, -7, -1, 0, -2, 3, -6, 3, 1, -2, 3, 0, -4, -5, -7, -8, -2, -4, -3, -5, 2, 4, -6, 3, 1, 0, 4, -8, -5, -3]
 
2.5318690605221335: [1, -5, -2, -4, -1, 0, -6, -1, 4, 0, 1, -5, -3, 1, 4, 1, 3, -8, 2, -8, -4, -2, -5, 4, -7, -2, 0, -6, 3, -7, 2, 4, -8, -7, -2, 1, 1, -5, -1, -7, -3, -7, 4, 1, -4, -7, 2, -6, -7, 1, -7, 1, -5, 2, -8, 4, 2, 1, -2, -8, -6, -2, -6, 0, -3, -5, -4, -3, -6, -2, -6, -2, 1, -2, -4, -5, 4, -6, 2, 0, -1, 2, -2, -1, -7, -2, 2, 0, -4, -2, 4, -8, 2, 3, 3, 0, 4, 0, -1, 2, -1, 0, -2, 1, -5, 4, 1, -8, -8, -6, -6, -6, -2, -5, -2, -2, -5, 1, 2, -1, -3, -3, 1, 3, -5, -4, -1, 4]
 
2.8832915347548447: [2, -6, 0, 0, -8, 1, -6, -2, -6, -8, 2, 2, -2, -7, 0, -4, 2, -5, 1, 1, -2, -7, -6, 0, -7, -2, -6, 1, -6, -2, -6, -4, -8, 2, -8, -1, -1, -3, 1, -7, -7, -8, -1, 1, 1, -8, -5, -5, 3, -1, 0, -3, 2, 2, -8, -7, 3, -1, -3, -2, -1, -2, -6, -1, 0, -2, -1, -2, -4, -2, -6, -2, 1, 3, -4, 4, 1, -5, -5, 2, -2, 2, 4, -1, 0, 2, -4, -1, -8, -4, -8, -8, -8, -3, -3, -8, 0, -1, 3, -5, 2, -7, 1, -6, -7, -1, 2, 2, -8, -7, -7, 0, -7, 3, -7, 2, -2, 3, -5, 0, -6, -2, -1, -8, -6, -8, 4, 1]
 
0.7833155227219772: [-2, 1, 2, 1, 0, 4, -6, -8, -1, -1, -3, -2, -1, -2, -8, 4, -1, -6, 1, -4, -2, -4, 2, -5, 3, 2, -7, 3, -6, 1, 1, 2, 0, -3, 1, 2, 1, -5, -8, -2, -6, -3, 0, -6, -4, -7, -8, -7, -7, 3, -7, -6, -1, 1, -7, 3, -5, 1, -5, -5, 0, -5, -6, 4, -3, -8, -1, -3, -6, -1, -6, 4, 1, -3, -4, -5, 1, -5, -5, -4, 0, -6, -3, 1, 2, -5, -3, -7, 4, -8, 4, 0, 4, -6, 0, 1, 3, -3, 3, -2, -4, 3, 4, -6, 1, -5, 2, 3, 2, 3, -3, -3, -3, -3, -3, -8, -8, -5, 2, -7, -2, -6, -7, 3, -1, -6, 4, -7]
 
-1000: [-3, -7, -3, -4, -6, -3, 3, -5, -8, 2, -3, 2, -8, 4, -5, -5, 0, 3, 1, -2, -6, -3, -7, 0, 4, 4, -3, -5, -5, 1, -5, -4, -3, -5, 1, -2, -1, -2, 3, -7, 1, -3, -7, 1, -7, -2, 1, -3, -6, 1, -5, -8, 1, 0, -2, -5, 4, 0, -6, -1, -6, 2, -7, -4, -8, -6, -2, 0, 3, -2, -3, 4, -4, 2, 1, -8, 1, -5, -5, -1, -4, -6, -3, 2, -4, -6, -5, -3, 1, 4, -7, -6, 2, -8, -6, 0, -8, -7, 3, -7, -5, 1, -4, 3, 4, 3, -2, 1, 4, 1, -6, -2, -2, -3, -6, 4, -4, -2, -7, 2, 4, -5, -7, -5, -4, -2, -8, -7]
 
2.9420616617512096: [1, -5, -2, -4, -1, 0, -6, -1, 4, 0, 1, -5, -3, 1, 4, 1, 3, -8, 2, -8, -4, -2, -5, 4, -7, -2, 0, -6, 3, -7, 2, 4, -8, -7, -2, 1, 1, -5, -1, -7, -3, -7, 4, 1, -4, -7, 2, -6, -7, 1, -7, 1, -5, 2, -8, 4, 2, 1, -2, -8, -6, -2, -6, 0, -3, -5, -4, -3, -6, -2, -6, -2, 1, -2, -4, -5, 4, -6, 2, 0, -1, 2, -2, -1, -7, -2, 2, 0, -4, -2, 4, -8, 2, 3, 3, -4, 0, -1, -1, -3, -2, 1, 4, 2, -5, 3, -8, -1, -8, -7, -6, 0, 3, 3, 3, -8, 1, -8, -3, -3, -4, 0, -1, -3, -2, 3, -8, -6]
 
1.664610828489343: [1, -2, -1, 3, 0, -3, 1, 3, -3, -8, -2, 2, -3, 4, 2, -3, 3, -7, -5, -1, -2, 2, -6, 0, 4, 3, -7, 3, -2, 1, 1, -3, -1, -3, 0, -7, -5, 1, -4, -2, -3, 0, -7, 1, -5, 0, -6, -5, -5, -8, -4, -3, -5, 2, 1, 4, -7, 4, -2, -6, -1, 2, -6, -1, 0, 2, -2, -3, -6, 4, -6, 4, 1, -7, -4, -1, -6, -2, -8, -8, 0, 1, -3, -2, -3, -6, 2, 0, -8, -7, -2, 0, -8, -3, -6, 4, 1, -3, 3, -6, -3, -2, -8, -6, 1, -5, 1, -4, 2, 3, 1, -5, -3, 2, 3, -1, 1, -4, -4, -7, -6, 2, 4, 3, -7, -6, 4, -7]
 
1.548848791592533: [2, 0, 1, 0, -8, 1, -7, 4, -2, 3, 0, -1, -2, -7, -5, -4, 4, -1, 1, 4, -8, -8, 1, 0, -7, -2, -6, 1, -6, -2, -6, -4, -5, -7, -8, -2, -1, 4, 1, 0, -7, -5, 0, 1, 1, -8, -5, -3, -3, -1, -2, -3, 2, 2, -8, -7, 3, -1, -6, -6, -1, -2, -6, -1, -3, -2, -1, -2, -6, -2, -6, -2, 1, -2, -4, -5, 1, -5, -5, 2, 0, 2, -3, -1, -8, -5, -4, -1, -4, -2, 2, -8, 4, 0, -6, 1, 1, -3, 3, -1, -5, 3, 4, -6, 1, -5, 2, -4, 2, 3, 1, -5, -3, -6, -5, -8, -8, -5, 2, -7, -2, -6, -7, 3, -1, -6, 4, -6]
 
2.5088481197866033: [-8, -3, -7, 4, -2, -6, 3, 1, -1, 3, -1, -7, 1, -6, -8, 0, -6, -2, -2, -2, 0, -4, -6, -3, 4, 2, 1, -6, 4, -6, 4, 0, 3, 1, 3, -6, -1, 4, 1, 0, -3, -5, 0, -8, 1, -8, 1, -3, -4, -1, 1, -3, -5, 2, -8, -7, 3, -1, 4, -6, -1, -2, -6, -1, -3, -1, -1, -2, -7, -2, -4, 3, -3, -8, 1, -7, 4, -6, 2, 0, -1, 2, -2, -1, -7, -2, 2, 0, -4, -2, 4, -8, 2, 3, 3, -4, 0, -1, -1, -3, -2, 1, 4, 2, -5, 3, -8, -1, -8, -7, -6, 0, 3, 3, 3, -8, 1, -8, -3, -3, -4, 0, -1, -3, -2, 3, -8, -6]
 
3.1162565781918636: [2, 0, 1, 0, -8, 1, -7, 4, -2, 3, 0, -1, -2, -7, -5, -4, 4, -1, 1, 4, -8, -8, 1, 2, -8, 3, -3, -2, -5, 3, -6, 0, -2, 1, -5, -7, -7, -4, -1, 2, 2, -5, 2, -3, -2, -3, 1, -6, 3, -5, -1, 0, -1, -5, -1, 3, 0, -5, -7, 4, 4, 0, 2, 3, -7, -6, -7, -6, 2, -5, 1, 4, -1, -1, -5, -6, 0, -8, -6, -2, 0, -3, -3, 0, -2, -5, -3, -6, -4, -5, 1, -3, 4, -2, -6, 2, -1, 0, -8, 3, -3, 0, -2, 2, -6, 3, 1, 3, -8, -6, -4, -6, -2, 4, -2, 2, -3, -5, 1, 4, -6, -1, 1, -5, 3, -8, 1, -6]
 
1.8856000877652692: [-2, 1, 2, -7, -4, 0, -2, 2, -1, 2, -4, -2, -1, -2, 0, -8, -1, -6, 1, -4, -2, -4, 3, -5, 3, -4, -7, 3, -1, 1, 1, 2, -3, -3, -4, 1, 1, -5, -8, -2, -3, -7, 4, 1, -4, -7, -8, -7, -7, 3, -7, 1, -5, 1, -5, -8, -4, 1, -2, -5, 0, -1, -1, -4, 3, -6, 4, -7, -3, -6, -5, 2, -6, -5, 1, 0, 4, -3, -8, 3, -8, -4, -2, 3, -4, 2, 2, -3, -4, 3, -8, 1, 2, -4, 4, -8, -1, -6, 0, 4, -1, 3, -2, 1, -8, 3, 1, -8, -8, -6, -4, 0, -2, 4, -2, -2, -5, -1, -4, -7, 4, -4, 1, -5, -1, -3, -6, -2]
 
1.8284832117111174: [-2, -3, -7, 3, -4, -6, -1, -2, -3, -4, -2, 2, -3, 4, 2, -7, 3, -7, 1, -4, -2, -4, 3, -5, 3, -4, -7, 3, -1, 1, 1, 2, -3, -3, -4, 1, 1, -5, -8, -2, -3, -7, 4, 1, -4, -7, -8, -7, -7, -1, -2, -3, 2, 2, -8, -7, 3, -1, -6, -6, -1, -2, -6, -1, -3, -2, -1, -2, -6, -2, -6, -2, 1, -2, -4, -5, 1, -5, -5, 2, 0, 2, -3, -1, -8, -5, -4, -1, -4, -2, 2, -8, 2, 4, -3, 0, -8, -4, 2, -7, 2, 1, 4, -6, 0, 3, -5, 0, 4, 3, 4, -5, -2, -3, -6, -8, -3, -5, 1, -7, -3, -4, 1, -5, 0, 1, 1, -6]
 
0.930204204469: [-7, 3, -7, 4, -7, 2, -8, -1, -5, 4, 1, -3, 1, -3, -2, 4, 4, -1, -7, 0, -8, -7, 3, 0, -4, -8, -6, 2, -1, -1, -7, 4, -5, 1, -5, 4, 2, -7, 4, 0, -8, -5, -1, -1, -4, -2, -1, -8, -1, -5, 2, -6, -5, -2, 3, 0, 3, 2, -2, -1, -4, -2, -6, -2, -1, -5, -1, -2, 4, -1, 1, 4, 4, -3, -8, -6, 0, -8, -4, -3, -3, 0, -3, -6, -6, -8, -7, -6, -4, 2, 0, 0, 4, -2, 4, -8, 2, 4, -2, 3, 2, 0, -2, -4, -8, 3, 1, -8, -8, 1, -4, -6, -2, 2, -2, -4, -5, -5, 1, -7, -3, -4, -2, 0, 0, 1, 1, -6]
 
1.181513541089891: [-2, 1, 2, -7, -4, 0, -2, 2, -1, 2, -4, -2, -1, -2, 0, -8, -1, -6, 1, -4, -2, -4, 3, -5, -7, -2, -6, 1, -6, -2, -6, -4, -5, -7, -8, -2, -1, 4, 1, 0, -7, -5, 0, 1, 1, -8, -5, -3, -3, -1, -2, -3, 2, 2, -8, -7, 3, -1, -6, -6, -1, -2, -6, -1, -3, -2, -1, -2, -6, -2, -5, 4, -6, -6, -1, -6, 4, -5, -5, 0, 0, -6, -7, 4, 0, 4, 0, -7, -4, -4, -8, -8, -8, -3, -3, -8, 0, -4, 3, 2, 2, -8, 1, -6, -7, -1, 2, 2, -8, -7, 3, 0, -6, 3, 1, 2, 1, -8, 1, -3, -6, -1, 3, 4, 1, -2, 1, 4]
 
0.789510975246: [-2, 1, 2, -7, 3, -8, -2, 2, -1, 2, -4, -2, -1, -2, -7, -8, -1, -6, 1, -1, 4, 2, 3, 3, -7, 3, -8, 1, -6, -2, 1, -8, -5, 2, -8, 0, -2, 4, 0, 4, -4, -5, -1, 0, -7, 4, 2, -5, -2, 0, 3, -6, -1, 4, -8, 0, -8, 2, -2, -6, 3, -7, -5, -7, 3, -4, -1, -2, 4, -1, 1, 4, -6, 1, -5, -6, -3, -8, -4, -3, 4, -3, 2, -2, -6, -8, 4, -6, -4, -5, -2, -3, 4, 0, 4, -8, -1, 0, 1, -2, -7, -5, 0, 1, -8, 3, 1, -8, 0, -6, -8, -6, -2, 4, -2, -8, -3, 0, -4, -1, -5, -8, 1, -7, 0, 1, 1, -6]
 
0.387684050375: [-2, -3, -7, 3, -4, -6, -1, -2, -3, -4, -2, 2, -3, 4, 2, -7, 3, -7, 1, -4, -2, -4, 3, -5, 3, -4, 1, -6, 4, -6, 4, 0, 3, 1, 3, 4, -2, -3, 1, 0, -7, -5, 0, 1, 1, -8, -5, -3, -3, -1, -2, -3, 2, 2, -8, -7, 3, -1, -6, -6, -1, -2, -6, -1, -3, -2, -1, -2, -6, -2, -5, 4, -6, -6, -1, -6, 4, -5, -5, 0, 0, -6, -7, 4, 0, 4, 0, -7, -4, -4, -8, -8, -8, -3, -3, -8, 0, -4, 3, 2, 2, -8, 1, -6, -7, -1, 2, 2, -8, -7, 3, 0, -6, 3, 1, 2, 1, -8, 1, -3, -6, -1, 3, 4, 1, -2, 1, 4]
 
1.2752740986: [-1, -5, -2, -4, -1, 0, -3, 3, -8, 0, 1, -6, -3, 1, -6, 1, 3, -8, 2, -8, -4, -2, -5, 4, -7, 0, 4, -6, -5, -4, 2, -1, -8, -4, -2, -6, 1, -5, -1, -5, -1, -7, 4, 1, -4, -1, 2, -3, -2, 1, -7, 0, -8, 2, -8, 2, 2, 1, -8, -8, -6, -1, -6, -8, 4, -5, -4, -3, -6, -1, -7, 4, -5, -3, -5, 0, 1, -1, -5, 1, -3, -6, -3, 1, -6, 3, -3, -7, 4, -8, -4, 0, -8, -6, -4, 2, 3, -3, 3, -2, -4, -5, 4, 4, 1, -5, 2, 3, 2, 3, -3, -8, -3, -3, -3, 3, -2, -5, 2, 3, -1, -6, -7, 2, -2, 2, 4, -7]
 
-1000: [-2, 1, 2, -4, 0, 4, -6, -4, -7, -1, 3, -2, -1, -2, -8, 4, 0, -6, 4, -3, -2, -4, 2, 2, -8, 2, -7, -8, -6, 1, 1, 2, 0, -3, 1, 2, 1, -5, -8, -2, -6, -8, 0, 2, -4, -7, -5, -7, -7, 3, -7, -4, -1, 1, 0, 3, -6, 1, -5, -2, 0, -7, -6, 4, -3, -8, -1, -3, -6, -2, -8, 2, -5, 2, -4, -5, 4, -6, 2, 0, -1, 2, -7, -1, -2, -2, 2, -8, -4, 2, 4, -8, 2, 3, 3, -4, -4, -1, -8, 4, -2, -1, -8, 2, -5, 3, 3, -1, 2, -7, -2, -2, 3, 3, 3, -2, 1, -8, -3, -7, -4, 0, -1, -3, 0, 4, -8, -4]
 
1.69697175761: [-3, -8, -7, 0, -3, 3, 3, -2, -3, -4, -2, 2, -3, 4, 2, -7, 3, -7, 0, 2, -5, -2, -7, -5, 4, -4, 1, -2, -5, 3, -6, 0, -2, 1, -5, -7, -7, -4, -1, 2, 2, -5, 2, -3, -2, -3, 1, -6, 3, -5, -1, 0, -1, -5, -1, 3, 0, -5, -7, 4, 4, 0, 2, 3, -7, -6, -7, -6, -8, -1, -8, -5, -1, -3, -7, 4, -2, -5, -5, 2, 1, 2, -5, -3, -5, -5, -4, -5, -6, 1, -8, 4, -4, -3, -3, 4, 1, 2, 3, 2, -8, -8, 2, -1, 2, -7, 2, -6, -4, -7, -3, 0, -6, 3, 1, 3, 1, -3, -6, -1, -6, -6, -1, 4, 1, -2, 1, 4]
 
2.39545253681: [-6, -8, 0, -5, -3, -6, -1, 2, 4, -5, 1, -3, -8, -7, 0, -7, 0, 0, 3, 4, -8, 4, -4, 2, -8, 3, -3, -5, 1, 0, 0, -4, 2, -7, 4, -7, -1, -5, 4, 0, -7, -5, 0, 3, -2, 0, 4, 3, -3, -4, -2, -4, 2, -1, -8, -7, 3, -1, -1, -6, 4, 0, -3, -1, -3, -8, 3, -3, -6, -2, 4, 4, 4, -3, 0, -5, 1, 4, -2, -5, 0, -6, -3, -1, -1, -7, -7, 0, -4, -1, 2, -8, -6, -3, -3, 0, 0, -8, 1, -8, -1, -7, -3, -3, -8, 3, -4, 3, -7, 4, -4, -2, -1, 4, -2, -8, -3, -5, 2, -7, -8, -8, 4, -5, -7, -2, -3, -3]
 
1.94235009339: [-2, -3, -8, -2, 0, -6, -1, 4, -3, -4, -2, 2, -2, 4, 2, -7, 4, -7, -4, -4, -2, -4, 3, -4, -7, -4, 4, 0, -1, 1, 1, 2, 4, -3, -6, 1, -4, -6, 0, -2, -7, -4, 4, 1, -5, -7, -8, -7, -7, 2, -4, 1, 2, -6, -8, -7, -3, -1, 2, 2, -1, 2, -8, 4, -8, -2, -1, -2, 4, -1, 1, 4, -3, -2, -5, -6, 2, -6, -4, -3, 0, -3, -1, 4, -7, -5, -7, -8, -4, -5, 1, 0, 1, -6, -8, -5, -1, 0, 3, 3, 2, 0, -2, 1, 4, 3, 1, -8, -8, -8, -4, -6, 3, 0, -2, -8, -3, -5, 1, -7, -3, -4, 1, -5, -1, -2, -3, -3]
 
2.93943247789: [-6, -8, -3, -1, -4, -6, -7, -2, -6, -4, 2, 2, -2, -7, -5, -4, 4, -1, 1, 4, -8, -8, 1, 0, -7, -2, -6, 1, -6, -2, -6, -4, -5, -7, -8, -2, -1, 4, 1, 0, -7, -5, 0, 1, 1, -8, -5, -3, -3, -1, -2, -3, 2, 2, -8, -7, 3, -1, -6, -6, -1, -2, -6, -1, -3, -2, -1, -2, -6, -2, -6, -2, 1, -2, -4, -5, 1, -5, -5, 2, 0, 2, -3, -1, -8, -5, -4, -1, -4, -2, 2, -8, 2, 4, -3, 0, -8, -8, 1, -8, -1, -7, -7, -3, -8, 3, -4, 3, -7, 4, -4, -4, -1, 4, -2, -8, -3, -5, 1, -7, 2, -4, -4, 3, -1, -1, 4, -6]
 
1.55833485129: [2, 0, 1, 0, -8, 1, -7, 4, -2, 3, 0, -1, -2, -7, -5, -4, 4, -1, 1, 4, -8, -8, 1, 0, -7, -2, -6, 1, -6, -2, -6, -4, -5, -7, -8, -2, -1, 4, 1, 0, -7, -5, 0, 1, -3, 2, 1, -6, -2, 4, 4, 0, -7, -3, -8, 3, 4, -5, 0, -4, 4, 3, 2, 3, 2, -6, -7, -5, -8, -3, -5, -5, 3, -3, -7, 1, 1, -5, -3, -6, 0, -3, -8, -1, -8, -8, 1, 0, -4, 4, 2, -8, 2, -3, 1, 0, -2, -5, -4, 2, -4, -7, -4, 3, -5, 3, 1, 3, -7, -4, -4, -4, -1, 4, -1, -8, -3, -5, 1, 2, 1, -4, -2, -4, 0, -6, -1, -6]
 
0.967592865839: [-1, -3, -6, 4, -4, -6, -7, -5, -6, -4, 2, 2, -2, 0, -5, -2, 4, -1, 2, -8, -7, -8, -3, 0, 3, -5, -7, 4, -1, 1, 0, 2, -3, 2, -4, 1, -8, 0, 1, -2, -3, -7, 4, 1, -3, -7, 1, -7, 0, 0, -7, 1, 1, 2, -6, 2, 3, 2, -6, -2, 3, -2, -1, -4, -1, -6, 2, -6, -6, -6, 3, 2, -6, 1, 1, -5, 1, 3, -5, -1, 0, 3, -3, -6, -3, -1, -3, -7, 2, -8, -2, 0, 4, 0, -6, -8, -4, -1, -2, -1, -5, 3, 4, -3, -4, -5, -3, -4, 2, 3, 1, -5, -3, -6, -5, 3, -8, -5, -8, 1, -4, -6, 0, -8, -1, -6, -2, 2]
 
0.96100159699: [-1, -3, -6, 4, -4, -6, -7, -5, -6, -4, 2, 2, -2, 0, -5, -2, 4, -1, 2, -8, -7, -8, -3, 0, 3, -5, -7, 4, -1, 1, 0, 2, -3, 2, -4, 1, -8, 0, 1, -2, -3, -7, 4, 1, -3, -7, 1, -7, 0, 0, -7, 1, 1, 2, -6, 2, 3, 2, -6, -2, 3, -2, -1, -4, -1, -6, 2, -6, -6, -6, 3, 2, -6, 1, 1, -5, 1, 3, -5, -1, 0, 3, -3, -6, -3, -1, -3, -7, 2, -8, -2, 0, 4, 0, -6, -8, -4, -1, -2, -1, 2, -8, 1, -6, -7, -1, 2, 2, -8, -7, 3, 0, -6, 3, 1, 2, 1, -8, 1, -3, -6, -1, 3, 4, 1, -2, 1, 4]
 
0.876467409859: [-2, -3, -7, 3, -2, -4, -1, -2, -3, 4, -2, 2, -6, 3, -2, -7, 3, 4, 1, -4, -5, -4, 3, -5, 3, -4, 1, -6, 4, -6, -6, 3, 3, 1, 0, 4, -2, -3, 1, 1, -7, -5, 0, -8, -6, -8, -5, 4, 4, -1, -5, 3, 1, -2, -8, -8, -7, 1, -6, -6, -1, -2, -6, -1, -3, -2, -1, -2, -6, -2, -5, 4, -7, -6, -1, 3, 4, -5, -5, 4, -2, -6, -5, -1, 0, 4, 4, -7, -4, -4, -8, -8, -8, -3, -5, -7, 0, 0, -2, 2, -5, 3, 1, -3, -4, -5, -3, -4, -5, 3, 1, -7, -6, -6, -5, 3, -8, -5, -8, 1, -4, -6, 0, 3, -5, -7, -3, -6]
 
1.85153511817: [2, 0, 1, 0, -8, 1, -7, 4, -2, 3, 0, -1, -2, -7, -5, -4, 4, -1, 1, 4, -8, -8, 1, 0, -7, -2, -6, 1, -6, -2, -6, -4, -5, -7, -8, -2, -1, 4, 1, 0, -7, -5, 0, 1, 1, -8, -5, -3, -3, -1, -2, -3, 2, 2, -8, -7, 3, -1, -6, -6, -1, -2, -6, -1, -3, -2, -1, -2, -6, -2, -6, -2, 1, -2, -4, -5, 1, -5, -5, -3, 0, -6, -3, -1, -8, -5, -4, 0, -4, -2, 2, -8, 2, 4, -3, 0, -8, -8, 1, -8, -1, -7, -7, -3, -8, 3, -4, 3, -7, 4, -4, -4, -1, 4, -2, -8, -3, -5, 1, -7, -3, -4, 1, -5, -1, -2, -3, -3]
 
1.11901223443: [2, 0, 1, 0, -8, 1, -7, 4, -2, 3, 0, -1, -2, -7, -5, -4, 4, -1, 1, 4, -8, -8, 1, 0, -7, -2, -6, 1, -6, -2, -6, -4, -5, -7, -8, -2, -1, 4, 1, 0, -7, -5, 0, 1, 1, -8, -5, -3, -3, -1, -2, -3, 2, 2, -8, -7, 3, -1, -6, -6, -1, -2, -6, -1, -3, -2, -1, -2, -6, -2, -6, -2, 1, -2, -4, -5, 1, -5, -5, 2, 0, 2, -3, -1, -8, -5, -4, -1, -4, -2, 2, -8, 4, 0, -6, 1, 1, -3, 3, -1, -5, 3, 4, -6, 1, -5, 2, -4, 2, 3, 1, -5, -3, -6, -5, -8, -8, -5, 2, -7, -2, -6, -7, 3, -1, -6, 4, -6]
 
2.01551335449: [-6, -8, 0, -1, -3, -6, -8, -2, -3, -4, 0, 1, -3, -5, -4, 3, 0, 0, -2, -2, -2, -4, -8, -5, 3, -4, -7, 3, -1, 1, 1, 2, -3, -3, -4, 1, 1, -5, -8, -2, -3, -7, 4, 1, -4, -7, -8, -7, -7, 3, -7, 1, -5, 1, -5, -8, -4, 1, -2, -5, 0, -1, -1, -4, 3, -6, 4, -7, -3, -6, -5, 2, -6, -5, 1, 0, 4, -3, -8, 3, -8, -4, -2, 3, -4, 2, 2, -3, -4, 3, -8, 1, 2, -4, 4, -8, -1, -6, 0, 4, -1, 3, -2, 1, -8, 3, 1, -8, -8, -6, -4, 0, -2, 4, -2, -2, -5, -1, -4, -7, 4, -4, 1, -5, -1, -3, -6, -2]
 
1.3175828277: [-6, -8, 0, -1, -3, -6, -8, -2, -3, -4, 0, 1, -3, -5, -4, 3, 0, 0, -2, -2, -2, -4, -8, -5, 3, -4, -7, 3, -1, 1, 1, 2, -3, -3, -4, 1, 1, -5, -8, -2, -3, -7, 4, 1, -4, -7, -8, -7, -7, 3, -7, 1, -5, 1, -5, -8, -4, 1, -2, -5, 0, -1, -1, -4, 3, -6, 4, -7, -3, -6, -5, 2, -6, -5, 1, 0, 4, -3, -8, 3, -8, -4, -2, 3, -4, 2, 2, -3, -4, 3, -8, 1, 2, -4, 4, -8, -1, -6, 0, 4, -1, 3, -2, 1, -8, 3, 1, -8, -8, -6, -4, 0, -2, 4, -2, -2, -5, -1, -4, -7, 4, -4, 1, -5, -1, -3, -6, -2]
 
0.603629625825: [-1, -4, 2, 0, -1, -2, -6, 4, -3, -3, 0, -1, -5, 1, -5, -1, 4, -1, 1, 4, -8, -8, 1, 0, -7, 0, -6, 0, 3, 4, -6, -4, -5, -1, -8, 3, -1, 4, 0, -4, -7, -5, 0, -3, -2, -8, -5, -7, -8, -1, -2, -5, 1, 2, 2, -7, 4, -1, -6, -6, -5, 4, -6, -1, -1, -2, -1, -2, -6, -3, -4, -2, 1, -2, -4, -5, 1, -5, -5, -3, 0, -6, -3, -1, -8, -5, -6, -8, -4, -2, -1, -8, 2, 4, -3, 0, -1, -8, 1, -2, -1, -7, -2, -6, -8, 3, -4, 3, -7, 4, -4, -4, -1, 4, -2, -3, -4, -5, 2, 1, -3, -2, 1, -5, -6, 4, -3, 0]
 
1.27090335828: [2, 0, 1, 4, -4, -6, -7, -5, -6, -4, 2, 2, -2, 0, -5, -2, 4, -1, 2, -8, -7, -8, -3, 0, 3, -5, -7, 4, -1, 1, 0, 2, -3, 2, -4, 1, -8, 0, 1, -2, -3, -7, 4, 1, -3, -7, 1, -7, 0, 0, -7, 1, 1, 2, -6, 2, 3, 2, -6, -2, 3, -2, -1, -4, -1, -6, 2, -6, -6, -6, 3, 2, -6, 1, 1, -5, 1, 3, -5, -1, 0, 3, -3, -6, -3, -1, -3, -7, 2, -8, -2, 0, 4, 0, -6, -8, -4, -1, -2, -1, -5, 3, 4, -3, -4, -5, -3, -4, 2, 3, 1, -5, -3, -6, -5, 3, -8, -5, -8, 1, -4, -6, 0, -8, -1, -6, -1, -6]
 
1.82406663574: [-6, -8, -3, -1, -4, -6, -7, -2, -6, -4, 2, 2, -2, -7, -5, -4, 4, -1, 1, 4, -8, -8, 1, 0, -7, -2, -6, 1, -6, -2, -6, -4, -5, -7, -8, -2, -1, 4, 1, 0, -7, -5, 0, 1, 1, -8, -5, -3, -3, -1, -2, -3, 2, 2, -8, -7, 3, -1, -6, -6, -1, -2, -6, -1, -3, -2, -1, -2, -6, -2, -6, -2, 1, -2, -4, -5, 1, -5, -5, 2, 0, 2, -3, -1, -8, -5, -4, -1, -4, -2, 2, -8, 2, 4, -3, 0, -8, -4, 2, -7, 2, 1, 4, -6, 0, 3, -5, 0, 4, 3, 4, -5, -2, -3, -6, -8, -3, -5, 1, -7, -3, -4, 1, -5, 0, 1, 1, -6]
 
1.4338143638: [-2, -1, -2, 3, 0, -6, -1, 1, -4, -4, -2, -8, -3, 4, 2, -7, -7, -7, -6, -4, -2, -4, 3, -5, -4, -2, -1, -3, -3, 1, 1, -5, -2, -3, -4, 1, 1, -5, -8, -2, -3, -7, 4, 4, -4, -7, -8, 1, -7, -1, -2, -3, 2, -8, -8, -7, 3, -1, -3, -5, -1, -6, 1, -1, -3, -3, -1, -4, -3, -2, -6, -2, 1, -2, -4, -3, 1, -1, -5, 2, 0, 2, -3, -4, -8, 1, -4, -8, -5, -2, -4, -4, 2, 4, -5, 0, 1, -1, 1, -8, -3, -7, -7, -1, 2, 3, -2, 3, -4, 4, -6, -4, -1, 4, -2, -8, -1, -5, 1, -7, -3, 0, -5, -5, -1, -2, 2, 2]
 
0.45111217152: [-2, -6, -2, 4, -4, 0, -2, -2, -1, 2, -1, -2, -1, -7, 0, -8, -1, -3, 1, -2, -2, 2, -7, 0, 4, 1, 1, -6, -3, 4, -1, 4, 2, -7, -3, -2, -5, -6, 3, 3, 1, 2, 0, -7, -7, -6, 4, -3, -4, -8, 4, -6, 1, 4, -3, -7, 4, -3, 3, -3, -6, 2, -7, -5, -8, 3, -4, -1, 3, -2, -1, 4, -1, 2, -4, -1, 1, -5, -5, 3, 4, -1, -3, 2, -4, -6, -5, -3, -2, 4, -7, -6, 2, -8, -6, 0, -1, -7, -8, -7, -6, 1, -4, -8, 0, 3, -2, 1, 4, 3, 4, -8, -1, -3, 2, 4, -1, 1, 3, 2, 4, -7, -7, -6, 0, -4, -6, -8]
 
0.636679171006: [2, -7, -3, -4, -8, -7, 1, -2, -8, -5, -3, 2, -8, -4, -5, -5, -1, 2, 1, -2, 2, 2, 3, -5, -3, -8, -3, 3, -1, 1, 1, 2, -3, -6, -4, 1, 1, -3, -8, -2, -3, -7, 0, 1, -4, 4, -8, -7, -2, 3, -7, 1, -8, 1, -2, -8, -1, -7, -2, -5, 0, -1, -1, -2, -6, -6, 4, -1, -3, -5, -5, 2, -6, -5, 3, -1, 4, -8, -8, 3, -8, -2, -2, 2, -4, 2, 2, -5, -3, 3, 2, 1, 1, 2, 3, -8, 0, -6, 2, 4, -1, -6, -2, 1, -8, 3, 1, -8, -8, -1, -4, -3, -2, 4, -2, -6, -5, -1, 4, -7, 4, -4, 1, -4, -7, -3, 2, -2]
 
3.49350476859: [-6, -8, 0, -5, -3, -6, -1, 2, 4, -5, 1, -3, -2, -7, -5, -4, 4, -1, 1, 4, -8, -8, 1, 2, -8, 3, -3, -2, -5, 3, -6, 0, -2, 1, -5, -7, -7, -4, -1, 2, 2, -5, 2, -3, -2, -3, 1, -6, 3, -5, -1, 0, -1, -5, -1, 3, 0, -5, -7, 4, 4, 0, 2, 3, -7, -6, -7, -6, 2, -5, 1, 4, -1, -1, -5, -6, 0, -8, -6, -2, 0, -3, -3, 0, -2, -5, -3, -6, -4, -5, 1, -3, 4, -2, -6, 2, -1, 0, -8, 3, -3, 0, -2, 2, -6, 3, 1, 3, -8, -6, -4, -6, -2, 4, -2, 2, -3, -5, 1, 4, -6, -1, 1, -5, 3, -8, 1, -6]
 
2.5719924616: [2, 0, 1, 0, -8, 1, -7, 4, -2, 3, 0, -1, -8, -7, 0, -7, 0, 0, 3, 4, -8, 4, -4, 2, -8, 3, -3, -2, -5, 3, -6, 0, -2, 1, -5, -7, -7, -4, -1, 2, 2, -5, 2, -3, -2, -3, 1, -6, 3, -5, -1, 0, -1, -5, -1, 3, 0, -5, -7, 4, 4, 0, 2, 3, -7, -6, -7, -6, -8, -1, -8, -5, -1, -3, -7, 4, -2, -5, -5, 2, 1, 2, -5, -3, -5, -5, -4, -5, -6, 1, -8, 4, -4, -3, -3, 4, 1, 2, 3, 2, -8, -8, 2, -1, 2, -7, 2, -6, -4, -7, -3, 0, -6, 3, 1, 3, 1, -3, -6, -1, -6, -6, -1, 4, 1, -2, 1, 4]
 
1.30655556538: [-2, -3, -7, 3, -4, -6, -1, -2, -3, -4, -2, 2, -3, 4, 2, -7, 3, -7, 1, -4, -2, -4, 3, -5, 3, -4, 1, -6, 4, -6, 4, 0, 3, 1, 3, 4, -2, -3, 4, 0, -4, -5, -1, -1, -6, -2, 2, -5, -2, -5, -1, -6, -5, 4, -8, 0, 3, 2, -2, -6, -1, -2, -6, -7, 3, -4, -1, -2, 4, -1, 1, 4, -1, -3, -5, -6, 0, -8, -4, -3, 0, -3, -3, 4, -6, -5, -7, -6, -4, -5, 1, 0, 4, -2, 4, -8, -1, 0, -2, 3, 2, 0, -2, 1, -8, 3, 1, -8, -8, -6, -4, -6, -2, 4, -2, -8, -3, -8, 1, -3, -6, -1, 3, 4, 1, -2, 1, 4]
 
0.725021864379: [-2, 1, 2, -7, -4, 0, -2, 2, -1, 2, -4, -2, -1, -2, 0, -8, -1, -6, 1, -4, -2, -4, 3, -5, -7, -2, -6, 1, -6, -2, -6, -4, -5, -7, -8, -2, -1, 4, 1, 0, -7, -5, 0, 1, 1, -8, -5, -3, -3, -1, -2, -3, 2, 2, -8, -7, 3, -1, -6, -6, -1, -2, -6, -1, -3, -2, -1, -2, -6, -2, -5, 4, -6, -6, -1, -6, 4, -5, -5, 0, 0, -6, -7, 4, 0, 4, 0, -7, -4, -4, -8, -8, -8, -3, -3, -8, 0, -4, 3, 2, 2, -8, 1, -6, -7, -1, 2, 2, -8, -7, 3, 0, -6, 3, 1, 2, 1, -5, 1, -7, -3, -4, 1, -5, 0, 1, 1, -6]
 
1.43361903794: [-1, -3, -6, 4, -4, -6, -7, -5, -6, -4, 2, 2, -2, 0, -5, -2, 4, -1, 2, -8, -7, -8, -3, 0, 3, -5, -7, 4, -1, 1, 0, 2, -3, 2, -4, 1, -8, 0, 1, -2, -3, -7, 4, 1, -3, -7, 1, -7, 0, 0, -7, 1, 1, 2, -6, 2, 3, 2, -6, -2, 3, -2, -1, -4, -1, -6, 2, -6, -6, -6, 3, 2, -6, 1, 1, -5, 1, 3, -5, -1, 0, 3, -3, -6, -3, -1, -3, -7, 2, -8, -2, 0, 4, 0, -6, -8, -4, -1, -2, -1, -5, 3, 4, 2, -5, 3, -8, -1, -8, -7, -6, 0, 3, 3, 3, -8, 1, -8, -3, -3, -4, 0, -1, -3, -2, 3, -8, -6]
 
1.99043235195: [1, -5, -2, -4, -1, 0, -6, -1, 4, 0, 1, -5, -3, 1, 4, 1, 3, -8, 2, -8, -4, -2, -5, 4, -7, -2, 0, -6, 3, -7, 2, 4, -8, -7, -2, 1, 1, -5, -1, -7, -3, -7, 4, 1, -4, -7, 2, -6, -7, 1, -7, 1, -5, 2, -8, 4, 2, 1, -2, -8, -6, -2, -6, 0, -3, -5, -4, -3, -6, -2, -6, -2, 1, -2, -4, -5, 4, -6, 2, 0, -1, 2, -2, -1, -7, -2, 2, 0, -4, -2, 4, -8, 2, 3, 3, -4, 0, -1, -1, -3, -2, 1, 4, -3, -4, -5, -3, -4, 2, 3, 1, -5, -3, -6, -5, 3, -8, -5, -8, 1, -4, -6, 0, -8, -1, -6, -1, -6]
 
1.20805965328: [-2, -3, -7, 3, -4, -6, -1, -2, -3, -4, -2, 2, -3, 4, 2, -7, 3, -7, 1, -4, -2, -4, 3, -5, 3, -4, 1, -6, 4, -6, 4, 0, 3, 1, 3, 4, -2, -3, 4, 0, -4, -5, -1, -1, -6, -2, 2, -5, -2, -5, -1, -6, -5, 4, -8, 0, 3, 2, -2, -6, -1, -2, -6, -7, 3, -4, -1, -2, 4, -1, 1, 4, -1, -3, -5, -6, 0, -8, -4, -3, 0, -3, -3, 4, -6, -5, -7, -6, -4, -5, 1, 0, 4, -2, 4, -8, -1, 0, -2, 3, 2, 0, -2, 1, -8, 3, 1, -8, -8, -6, -4, -6, -2, 4, -2, -8, -3, -8, 1, -3, -6, -1, -1, -3, -2, 3, -8, -6]
 
1.49668337896: [-2, 1, 2, 1, 0, 4, -6, -8, -1, -1, -3, -2, -1, -2, -8, 4, -1, -6, 1, -4, -2, -4, 2, -5, 3, 2, -7, 3, -6, 1, 1, 2, 0, -3, 1, 2, 1, -5, -8, -2, -6, -3, 0, -6, -4, -7, -8, -7, -7, 3, -7, -6, -1, 1, -7, 3, -5, 1, -5, -5, 0, -5, -6, 4, -3, -8, -1, -3, -6, -2, -6, -2, 1, -2, -4, -5, 4, -6, 2, 0, -1, 2, -2, -1, -7, -2, 2, 0, -4, -2, 4, -8, 2, 3, 3, -4, 0, -1, -1, -3, -2, 1, 4, 2, -5, 3, -8, -1, -8, -7, -6, 0, 3, 3, 3, -8, 1, -8, -3, -3, -4, 0, 3, 4, 1, -2, 1, 4]
 
1.7517673327: [2, 0, 1, 0, -8, 1, -7, 4, -2, 3, 0, -1, -8, -7, 0, -7, 0, 0, 3, 4, -8, 4, -4, 2, -8, 3, -3, -2, -5, 3, -6, 0, -2, 1, -5, -7, -7, -4, -1, 2, 2, -5, 2, -3, -2, -3, 1, -6, 3, -5, -1, 0, -1, -5, -1, 3, 0, -5, -7, 4, 4, 0, 2, 3, -7, -6, -7, -6, -8, -1, -8, -5, -1, -3, -7, 4, -2, -5, -5, 2, 1, 2, -5, -3, -5, -5, -4, -5, -6, 1, -8, 4, -4, -3, -3, 4, 1, 2, 3, 2, -8, -8, 2, -1, 2, -7, 2, -6, -4, -7, -6, 0, 3, 3, 3, -8, 1, -8, -3, -3, -4, 0, 3, 4, 1, -2, 1, 4]
 
1.05676749134: [-2, 1, 2, 1, 0, 4, -6, -8, -1, -1, -3, -2, -1, -2, -8, 4, -1, -6, 1, -4, -2, -4, 2, -5, 3, 2, -7, 3, -6, 1, 1, 2, 0, -3, 1, 2, 1, -5, -8, -2, -6, -3, 0, -6, -4, -7, -8, -7, -7, 3, -7, -6, -1, 1, -7, 3, -5, 1, -5, -5, 0, -5, -6, 4, -3, -8, -1, -3, -6, -2, -6, -2, 1, -2, -4, -5, 4, -6, 2, 0, -1, 2, -2, -1, -7, -2, 2, 0, -4, -2, 4, -8, 2, 3, 3, -4, 0, -1, -1, -3, -2, 1, 4, 2, -5, 3, -8, -1, -8, -7, -3, 0, -6, 3, 1, 3, 1, -3, -6, -1, -6, -6, -1, 4, 1, -2, 1, 4]
 
