4.317001861075406: [-3, 2, -6, 1, 3, 2, 3, 1, -5, -5, 1, -7, -6, -3, 3, 0, -1, 3, -7, 0, -1, 1, 0, -2, -3, -2, -5, 3, 2, -4, 1, 3, 3, 0, -3, 3, -6, 0, -5, -2, -6, -4, -2, 1, -7, -2, -2, -4, 2, -5, 0, -3, -5, -8, -6, -2, -2, -2, -3, 3, 0, 1, -6, -4, -2, 4, -3, -2, 3, 2, -7, 4, -5, -4, -7, -3, -8, 0, 4, -1, -7, 4, -4, -6, -3, 4, -6, 3, -8, 1, 1, -6, 4, -4, 3, 1, -6, -3, -4, -8, 1, -5, -4, 3, -4, 2, -2, 3, -7, -7, 2, -1, -3, -5, -8, 1, -6, -1, 0, -7, 2, -4, -1, -3, -5, 3, 4, -8]
 
1.4215134072711022: [2, -7, -5, -7, 3, 4, 3, -6, 2, -1, 2, -7, 4, -8, -1, 3, -5, -3, -7, 0, 4, -2, -1, -5, -7, -4, -8, 2, -6, -3, 0, -2, -7, -7, -5, -8, 3, -1, -1, -1, 2, 4, -3, 0, -1, -6, 0, -3, -6, -3, 2, -6, -4, -3, -7, -5, 4, 0, -7, -5, -5, -1, 0, 0, 2, -3, 2, -3, 2, 3, -6, 2, -7, 0, 2, -1, 3, -4, 2, 4, -8, 1, 4, -7, -8, 4, 2, 1, 3, -5, 2, 2, -7, 4, -5, 2, -8, 4, -6, 0, 1, -6, -5, 0, -8, -8, -5, 3, -5, -7, 2, -8, 2, -3, -7, 4, -6, -1, 0, 4, 0, -7, -6, 1, 4, -1, -1, -7]
 
1.88118896543: [-5, -7, 3, 0, 3, 2, 3, 1, 0, -5, 1, -7, -6, -3, -3, 0, -1, 2, -7, 0, -1, 1, -4, 2, -1, 0, -7, 0, -7, 3, 0, -5, 4, -7, -5, -5, -7, -8, -8, 1, 2, -8, -3, 1, -1, -6, 0, -4, 3, 0, 4, -2, -6, 1, -1, -5, 1, 0, 0, -5, -1, -3, -5, 1, 2, -3, -1, -3, 4, 3, -5, 2, -7, -7, -6, 0, -5, -2, 2, -1, 2, 4, 0, -6, -6, -8, -3, -6, 0, -4, -7, -2, -3, 1, 2, 3, 0, -8, -1, 2, -1, -8, 2, -7, -4, -5, -4, 4, -4, -3, -2, -3, -3, 0, -8, 3, -6, 2, -4, -7, 1, -4, -1, -1, -8, -2, 2, -7]
 
1.8488467057422004: [2, -7, -6, 1, 3, 4, -8, 1, 0, -2, 0, -7, -1, 2, 4, 0, -1, 0, -7, -5, -1, 1, 0, -5, -4, -1, -7, 0, 3, -3, -7, -3, -7, -7, 1, -8, 1, -4, -3, -5, -3, 4, -3, -5, -1, -3, 0, -3, 3, -3, -7, -6, 3, -3, -1, -5, 1, 0, 4, 4, -1, -2, -2, -4, 4, -1, -1, -3, 4, 3, -6, 2, -7, 0, 2, -1, 3, -4, 2, -2, -8, -5, -6, -7, 2, 3, -8, 1, -3, -6, 0, -2, -2, -3, 3, -8, 2, 4, 0, -1, -5, -1, 0, -8, -4, -1, -5, -4, 3, -8, -6, -4, -8, -3, 3, 1, -6, -1, 3, 0, 0, -4, -4, -6, 1, -5, -1, 4]
 
1.3211633256353033: [-8, 1, -3, 4, 0, -4, 0, 4, 1, -2, 2, -2, -1, 4, -1, -5, 0, -5, -8, -4, -7, -2, -4, 0, -2, -8, -6, 2, -5, 2, 0, -7, -1, 4, -7, -3, 0, -4, -6, -7, -7, 1, -7, -4, -3, -8, -4, -1, 4, -3, 0, -5, -1, 4, 3, -4, -6, -3, 2, 0, 3, 2, 0, -8, -7, 1, -2, -4, 4, -2, -6, 2, -7, 0, 2, -1, 3, -4, 2, 4, -8, -2, 0, -7, -8, 4, -8, 1, -3, -5, 2, 2, -6, 4, -8, 2, -6, -4, -7, -3, 1, 3, -5, 0, -8, -8, -1, 3, -7, -7, 2, -1, -3, 2, -3, -3, -6, -1, 0, 4, 0, -4, -6, 1, -8, -1, -1, 4]
 
2.6339793457414: [2, -7, 4, 1, 3, 2, 3, 1, -5, -5, 1, -7, -6, -3, 3, 0, -1, 3, -7, 0, -1, 1, 0, -3, -1, -1, -7, 0, -7, 4, 0, -2, -7, -7, -5, -8, -2, -8, -8, -4, 2, -8, -3, -5, -1, -6, 0, -3, 3, -3, 4, -6, -4, -3, -1, -5, 4, 0, -7, -5, -1, -1, -2, 0, 2, -3, -1, -3, 4, 3, -6, 2, -7, -7, -6, 0, -5, 1, 2, 4, 1, -7, -7, 3, 2, 0, 3, 0, -6, -3, -6, -1, -5, 0, 2, 0, -4, -8, -1, -6, 0, -8, 0, -7, -2, -6, -1, -3, 1, -3, -5, -4, -8, 2, 3, -1, -6, -1, -2, 4, -8, -3, -4, 1, -6, 3, -1, 0]
 
2.9490289940451304: [-8, 1, -3, 4, 2, -4, 1, 2, -4, -5, 1, -6, -2, -3, -1, -5, 0, -5, -4, -6, -1, -5, -4, -3, -3, 4, 2, -1, -8, -7, -2, 3, -8, 4, 4, -4, -6, -7, 3, -4, -7, -4, -7, -7, -5, 1, 2, -6, 0, 0, -1, -8, -5, -8, -6, -2, -8, 4, 0, 3, 0, -3, -7, -1, -1, 4, -3, 4, 3, 2, 1, -8, -6, 1, -7, -7, -8, 2, 2, -7, -7, -8, 1, 3, -6, -8, 1, 3, -5, 0, 1, 4, -6, -4, 3, 1, -6, 2, -1, 1, 2, 2, -4, 3, -4, -7, -2, -8, -4, -6, -6, -1, -6, 1, -2, 1, 0, -4, 0, -5, -7, 4, -3, -1, -4, -2, 3, 3]
 
3.6777611325530373: [2, -7, 4, 1, 3, 2, 3, 1, 2, -1, 1, -7, 4, -8, -1, -5, -5, -3, -7, 0, 4, -2, 1, -2, -3, -2, -5, 3, 2, -4, 1, 3, 3, 0, -3, 3, -6, 0, -5, -2, -6, -4, -2, 1, -7, -2, -2, -4, 2, -5, 0, -3, -5, -8, -6, -2, -2, -2, -3, 3, 0, 1, -6, -4, -2, 4, -3, -2, 3, 2, -7, 4, -5, -4, -7, -3, -8, 0, 4, -1, -7, 4, -4, -6, -3, 4, -6, 3, -8, 1, 1, -6, 4, -4, 3, 1, -6, -3, -4, -8, 1, -5, -4, 3, -4, 2, -2, 3, -7, -7, 2, -1, -3, -5, -8, 1, -6, -1, 0, -7, 2, -4, -1, -3, -5, 3, 4, -8]
 
3.9860916573679646: [-8, -6, 0, 2, 2, 2, -8, -3, 4, 0, 1, -7, 4, -8, -1, -5, -5, -3, -7, 0, 4, -2, 1, -2, -3, -2, -5, 3, 2, -4, 1, 3, 3, 0, -3, 3, -6, 0, -5, -2, -6, -4, -2, 1, -7, -2, -2, -4, 2, -5, 0, -3, -5, -8, -6, -2, -2, -2, -3, 3, 0, 1, -6, -4, -2, 4, -3, -2, 3, 2, -7, 4, -5, -4, -7, -3, -8, 0, 4, -1, -7, 4, -4, -6, -3, 4, -6, 3, -8, 1, 1, -6, 4, -4, 3, 1, -6, -3, -4, -8, 1, -5, -4, 3, -4, 2, -2, 3, -7, -7, 2, -1, -3, -5, -8, 1, -6, -1, 0, -7, 2, -4, -1, -3, -5, 3, 4, -8]
 
1.1992070912965223: [-3, 4, -6, -4, -6, -3, -2, 0, -2, -8, -6, 1, 1, -6, -1, 4, -8, -6, -6, -4, -4, -2, -3, 1, -6, -5, 2, 4, 2, -6, -7, 4, -4, 2, -6, -4, -2, -8, -5, -4, 2, -4, -3, -6, -1, -6, -6, -3, 3, -5, -8, -1, 4, -3, 2, -5, 4, 1, -4, 1, -1, -1, -2, -2, 2, -3, -8, -3, 4, 3, -6, -6, 1, -7, -8, 4, -5, 1, -2, 4, 1, -4, -7, 3, -7, 0, -4, 0, -6, -3, -6, 4, 1, -5, 2, 1, 0, -3, -1, -6, 0, -5, 4, -7, -2, 3, 4, -3, 1, -3, -4, -2, -7, -1, -3, -1, 1, -1, 0, -2, 3, 3, -4, 1, 3, -1, -7, -7]
 
2.5910662445930326: [2, -7, 4, 1, 3, 2, 3, 1, 2, -1, 1, -7, 4, -8, -1, -5, -5, -3, -7, 0, 4, -2, 1, -2, -3, -2, -5, 3, 2, -4, 1, 3, 3, 0, -3, 3, -6, 0, -5, -2, -6, -4, -2, 1, -7, -2, -2, -4, 2, -5, 0, -3, -5, -8, -6, -2, -2, -2, -3, 3, 0, 1, -2, 0, 2, -3, -1, -3, 4, 3, -6, 2, -7, 0, 2, -1, 3, -4, 2, 4, -8, -2, 0, -7, -8, 4, -8, 1, -3, -6, 0, -2, 3, -3, 3, -8, 2, 4, 0, -1, -5, -1, 0, -8, -4, -1, -5, -3, 0, -8, 0, 1, -3, -1, -3, -1, 1, -1, -8, -5, -7, 4, -7, -7, 2, -2, 3, 3]
 
2.464373536723262: [-8, -5, 1, 4, 3, 4, 3, -4, 3, 3, -6, 1, 1, 0, 2, 4, 1, 4, 4, -3, -8, 4, -3, -5, -7, -2, 3, -6, 2, -2, 0, -2, -1, -3, -7, 2, 0, -4, -8, -4, 2, -8, -3, -5, -1, -6, 0, -3, 3, -3, 4, -6, -4, -3, -1, -5, 4, 0, -7, -5, -1, -1, -2, 0, 2, -3, -1, -3, 4, 3, -3, -8, 3, 0, 2, -1, 3, -4, 2, 4, -8, -2, 0, -7, -8, 4, -8, 1, -3, -6, 0, -2, 3, -3, 3, -8, 2, 4, 0, -1, -5, -1, 0, -8, -4, -1, -5, -3, 0, -8, -5, -4, -8, 2, 3, -1, -6, -1, -2, 4, -8, -3, -4, 1, -6, 3, -1, 0]
 
1.1719119654482997: [-3, 2, -6, -4, -6, -3, -2, 4, 4, -2, -1, 1, 1, -1, -4, -5, 0, 0, -4, -7, -7, -5, -4, 0, -4, 4, -2, 0, 4, -1, -2, 3, 0, 4, -1, -4, -6, -2, -1, 4, -7, -1, 2, 1, 1, 1, 2, 2, -8, -7, -1, -5, -3, 0, -6, -2, -3, -1, 0, -3, 0, -3, -2, -1, 0, -7, -3, -6, -3, -2, 1, 2, -6, -3, 2, 1, -8, -6, -1, -7, -7, -8, -8, 3, -6, -8, 1, -5, -5, 3, -6, 2, -6, -4, 3, -4, 4, 3, -3, 3, -1, -2, -4, 2, -4, 3, -5, 4, -4, -3, -5, -3, -3, -5, -8, 3, -6, 2, 0, -7, 2, -4, -1, -3, -8, 2, -4, -7]
 
3.1161746157079047: [-8, -6, 0, 2, -6, 2, -8, 3, 4, 0, 0, -8, 2, -5, 4, -2, -8, -4, -2, -4, 2, -5, 4, -5, -4, 3, 3, -1, -7, -6, -2, -1, 1, 4, 3, 4, -6, -4, -6, -1, 4, -7, -4, -8, 1, -1, 0, -3, -7, 3, 1, -4, -7, -5, 2, 0, 2, -7, -7, 3, -1, 3, -2, 1, 0, 0, -4, 0, -7, -1, -5, -3, 2, -5, -4, -6, 0, -2, 1, -3, -2, 2, 1, -5, 4, -1, -5, 1, -4, -6, -4, -6, 3, 4, 0, -3, 3, 4, -3, -8, 4, -1, 0, 2, 3, 1, -2, -8, -7, -1, -6, -1, -6, 1, -2, -3, 0, -8, -2, -5, -7, 4, -7, -7, 2, -2, 3, 3]
 
0.881169176251: [3, -7, 4, -4, 3, 2, -2, 1, -5, -5, -4, -7, -6, -3, -5, 3, -1, 3, -7, 0, -1, 2, -3, -2, -3, -2, -4, -6, -8, -4, 4, 3, 3, 0, -3, 2, -4, 0, -5, -4, -6, -4, -2, 0, -5, -2, -2, -4, 3, -5, 0, -3, -5, -8, 4, 2, -2, 4, -3, 3, 0, -4, -6, -4, -2, 2, 4, 4, -8, -5, -7, -4, -4, -4, -7, 1, 2, 0, 4, 3, 0, 4, -4, 4, -1, -5, -6, 3, -8, -7, 1, 0, 4, -4, 3, 1, -7, -3, -4, -8, -2, -8, -4, 3, -4, 2, -2, 3, -7, 0, 2, -1, -3, -5, 3, 1, -2, 2, -2, -5, 0, -4, -1, -4, -3, 3, 4, -8]
 
1.120932790549885: [2, 1, 4, 3, 0, -3, 3, 1, 1, -2, -5, -2, -1, 4, -1, -5, 0, -5, -8, -2, -7, -7, -6, -5, -2, -2, -2, -1, 2, -8, 3, -2, -1, 4, 4, -3, 0, -4, -8, -7, -7, 1, -7, -4, -3, -8, -2, 0, 4, 4, 3, -5, -1, -8, 3, -4, -6, -3, -4, 0, 3, 4, 0, -8, -1, 3, -2, -4, 4, -2, -3, -1, 3, -7, -6, 0, -8, -7, 2, -2, -1, -7, -4, -6, 1, -8, -3, -6, 1, -4, -7, 4, -3, 1, 2, 3, -4, -8, -1, -3, -1, -8, 1, -7, -4, -5, -5, 4, -4, -3, -5, -3, -3, -5, -8, 3, -6, 2, 0, -7, 2, -4, -1, -3, -8, 2, -4, -7]
 
2.3323472814744024: [-8, -6, 0, 2, -6, 2, -8, 3, 4, 0, 0, -8, 2, -5, 4, -2, -8, -4, -2, -4, 2, -5, 4, -5, -4, 3, 3, -1, -7, -6, -2, -1, 1, 4, 3, 4, -6, -4, -6, -1, 4, -7, -4, -8, 1, -1, 0, -3, -7, 3, 1, -4, -7, -5, 2, 0, 2, -7, -7, 3, -1, 3, -2, 1, 0, 0, -4, 0, -7, -1, -5, -3, 2, -5, -4, -6, 0, -2, 1, -3, -2, 2, 1, -5, 4, -1, -5, 1, -4, -6, -4, -6, 3, 4, 0, -3, 3, 4, -3, -8, 4, -1, 0, 2, 3, 1, -2, -8, -7, -1, -6, -1, -6, 1, -2, -3, 0, -8, -2, -2, 3, 3, -4, 1, 3, -1, -4, 2]
 
0.902147718506: [0, 2, 1, 0, -4, -7, 3, -2, 4, -8, -6, 1, -5, 3, -1, 4, 3, -5, -8, -8, -4, -2, -7, 1, -6, 4, 2, 2, 2, 2, -4, 4, -8, 3, -6, -4, -2, 3, -8, -4, 2, -8, -3, -1, 2, -6, 0, 1, 1, -3, 4, 0, -5, -3, -1, 2, 4, 0, -7, -5, -7, 3, -5, -6, 2, -6, -6, -3, 4, -4, -6, 2, -7, -6, -6, 0, -8, 1, 2, 4, -6, -7, -1, 3, 2, 0, 3, 3, -6, 0, -6, -1, -5, 0, -5, -2, -4, 0, -1, -6, 0, 3, 0, 3, -2, -1, -1, -3, 1, -3, -5, -4, -8, 0, 3, 1, -8, -5, 3, 4, -8, -4, 2, -3, -8, -2, -4, -7]
 
0.926536760512: [-6, 2, -6, -4, -3, 0, -3, 0, 4, -5, -7, 3, 2, -4, -4, 3, 2, -8, -6, 4, -7, -3, 2, -8, -5, -1, -8, -1, -3, 4, 0, -2, 2, -5, 4, -8, -1, -2, -3, -6, -6, 0, -4, -5, 3, -6, 0, -4, 3, 1, -6, -6, -4, -3, -3, -5, -8, -6, -5, -2, 4, -4, -1, 0, -2, -5, 2, -4, -7, -2, 2, -2, 0, -1, 0, -6, -7, 2, 3, -2, 3, 4, -5, -2, -6, -6, -1, 4, 0, -6, -5, -3, -2, -3, 0, 0, 3, -8, -8, -6, -1, -2, -7, 4, -8, -2, -5, 1, -5, -2, -6, -2, -3, -5, -8, 2, -2, -4, 3, 0, 4, 4, 1, -1, -4, -8, 3, 2]
 
1.9756934934624986: [2, 1, -3, 4, 0, -4, 0, 4, 1, -2, 2, -2, -1, 4, -1, -5, 0, -5, -8, -4, -7, -2, -4, 0, -2, -8, -6, 2, -5, 2, 0, -7, -1, 4, -7, -3, 0, -4, -6, -7, -7, 1, -7, -4, -3, -8, -4, -1, 4, -3, 0, -5, -1, 4, 3, -4, -6, -3, 2, 0, 3, 2, 0, -8, -7, 1, -2, -4, 4, -2, -3, -8, 3, 0, 2, -1, 3, -4, 2, 4, -8, -2, 0, -7, -8, 4, -8, 1, -3, -6, 0, -2, 3, -3, 3, -8, 2, 4, 0, -1, -5, -1, 0, -8, -4, -1, -5, -3, 0, -8, -5, -4, -8, 2, 3, -1, -6, -1, -2, 4, -8, -3, -4, 1, -6, 3, -1, 0]
 
1.0588399691330066: [-2, -7, 4, 1, 3, 2, -6, 1, -5, -7, 1, 1, -6, -3, 3, 0, -4, 3, -8, 0, 2, 1, 0, -7, -1, -1, -7, 0, -7, 4, 0, -2, -7, -7, -5, 1, 4, 1, -8, -4, 2, -1, -7, 3, -3, -6, -7, -6, 3, -3, 4, -6, 2, -3, -1, -5, 3, 1, -7, 3, 3, 4, 0, -8, -1, 3, -5, -4, 4, -2, 2, -1, -5, -5, 4, 0, -8, 3, -3, -2, -7, -7, -4, 2, 2, 0, 4, 0, -6, -3, -6, 2, -2, 0, -5, -5, -4, -8, -1, 1, 0, -8, 1, -7, -2, -6, 2, -1, 1, -7, 2, 3, -8, 2, 3, -1, -6, -1, -5, -7, -8, -3, 4, 1, -6, 3, -1, 3]
 
0.804347680649: [2, -7, 4, 1, 2, 2, 3, 1, -7, 3, 1, -7, -6, 3, 3, -2, -1, 3, -6, 0, -6, 1, 0, -5, -1, -2, -3, 1, -7, 4, 0, -4, 2, -7, -5, -8, 3, -1, -8, -4, 3, -8, -3, -3, -1, -6, 0, -3, 3, -8, 4, -6, -4, -3, -1, -5, 4, 0, 2, -5, -5, 0, 3, 0, 2, -1, -1, -3, 4, 4, 3, 2, -7, 2, 3, 0, -5, 1, 2, 4, 1, -6, -6, 3, 2, -6, -2, -6, -2, -5, -6, 1, -2, -6, 1, -2, -8, -1, 2, -6, -5, 0, -6, -5, -7, -5, 3, -3, 0, -5, 2, 2, -3, 2, 0, 4, 3, -1, -3, -2, 2, -4, 4, -3, 1, -1, 4, 4]
 
0.6289332263298424: [-8, -5, -3, 1, 3, 0, 3, -4, 3, 3, -6, 1, 1, 0, 2, 4, -4, 4, -5, -3, -8, 4, -3, -7, -7, -2, 1, 3, 2, -2, 4, -7, -1, -3, -5, 2, 0, -1, -8, -6, 2, 1, 1, -4, -3, -8, -6, -1, -2, -3, -7, -5, -1, -2, 3, 3, -8, -3, 2, -2, 4, -5, -1, -5, -1, 0, 2, -4, -8, -2, -3, -6, -3, -5, -6, -3, -8, 2, -5, -6, 3, -5, -4, -6, -4, -6, -1, 0, 1, -3, -6, 3, -6, 3, 4, 0, -5, -8, -8, -6, -1, 0, -6, -7, 3, 3, -5, 0, 0, -3, -2, -2, -8, -5, -7, -8, 3, -5, 2, 3, 2, 4, 0, -5, -6, -1, 3, -8]
 
3.530238265072118: [0, 2, 1, 0, -4, -7, 3, -2, 3, -8, -6, 1, 1, -6, -1, 4, -8, -6, 4, -1, -4, -2, -3, 1, -6, -5, 2, 2, 2, -6, -7, 4, -4, 1, -6, -4, -2, -8, -8, -4, 2, -8, -3, -5, -1, -6, 0, -3, 3, -3, 4, -6, -4, -3, -1, -5, 4, 0, -7, -5, -1, -1, -2, 0, 2, -3, -1, -3, 4, 3, -6, 2, -7, -7, -6, 0, -5, 1, 2, 4, 1, -7, -7, 3, 2, 0, 3, 0, -6, -3, -6, -1, -5, 0, 2, 0, -4, -8, -1, -6, 0, -8, 0, -7, -2, -6, -1, -3, 1, -3, 0, 1, -3, -1, -3, -1, 1, -1, -8, -2, 3, 3, -4, 1, 3, -1, -4, 2]
 
0.9634147789144477: [0, 2, 1, 0, -4, -7, 3, 4, 4, -2, -1, 1, 1, -1, -4, -5, 0, 0, -4, -7, -7, -5, -4, -3, -3, 4, 2, -1, -8, -7, -2, 3, -8, 4, 4, -4, -6, -7, 3, -4, -7, -4, -7, -7, -5, 1, 2, -6, 0, 0, -1, -8, -5, -8, -6, -2, -8, 4, 0, 3, 0, -3, -7, -1, -1, 4, -3, 4, 3, 2, 1, -8, -6, 1, -7, -7, -8, 2, 2, -7, -7, -8, 1, 3, -6, -8, 1, 3, -5, 0, 1, 4, -6, -4, 3, 1, -6, 2, -1, 1, 2, 2, -4, 3, -4, -7, -2, -8, -4, -6, -6, -1, -6, 1, -2, 1, 0, -4, 0, -5, -7, 4, -3, -1, -4, -2, 3, 3]
 
0.9604105178923167: [-8, -5, 1, 4, 3, 4, 3, -4, 3, 3, -6, 1, 1, 0, 2, 4, 1, 4, 4, -3, -8, 4, -3, -5, -7, -2, 3, -6, 2, -2, 0, -2, -1, -3, -7, 2, 0, -4, -8, -4, 2, -8, -3, -5, -1, -6, 0, -3, 3, -3, 4, -6, -4, -3, -1, -5, 4, 0, -7, -5, -1, -1, -2, 0, 2, -3, -1, -3, 4, 3, -6, 2, -7, 0, 2, -1, 3, -4, 2, 4, -8, -2, 0, -7, -8, 4, -8, 1, -3, -5, 2, 2, -6, 4, -8, 2, -6, -4, -7, -3, 1, 3, -5, 0, -8, -8, -1, 3, -7, -7, 2, -1, -3, 2, -3, -3, -6, -1, 0, 4, 0, -4, -6, 1, -8, -1, -1, 4]
 
1.38443033194: [-8, 0, -5, 4, -3, -4, 0, 2, 1, 0, 2, -2, 0, -7, -5, 0, -2, -3, 4, -4, -7, -2, -4, 0, -2, -8, -2, 2, -5, 2, 1, -7, 1, -4, 1, -3, 0, -4, -6, -5, -7, 1, -2, -4, -3, -8, -4, -1, -5, -4, 0, -7, -1, 3, -7, 1, -6, 2, -8, 0, 2, 2, 0, 1, -7, 1, -2, -4, 4, -2, -6, -8, 2, -3, 2, -1, 4, 4, 2, 2, -8, -2, 0, -7, -8, 4, -4, 0, -3, 0, -4, 3, -6, -4, 3, 1, -4, 2, -1, -3, 2, 2, -4, 3, -4, -7, -2, -1, -4, -6, 3, -1, 0, -6, -2, 1, 3, 1, 0, -5, -6, 3, -3, -1, -4, -2, 3, 3]
 
3.443318367722762: [0, 2, 1, 0, -4, -7, 3, -2, 3, -8, -6, 1, 1, -6, -1, 4, -8, -6, 4, -1, -4, -2, -3, 1, -6, -5, 2, 2, 2, -6, -7, 4, -4, 1, -6, -4, -2, -8, -8, -4, 2, -8, -3, -5, -1, -6, 0, -3, 3, -3, 4, -6, -4, -3, -1, -5, 4, 0, -7, -5, -1, -1, -2, 0, 2, -3, -1, -3, 4, 3, -6, 2, -7, -7, -6, 0, -5, 1, 2, 4, 1, -7, -7, 3, 2, 0, 3, 0, -6, -3, -6, -1, -5, 0, 2, 0, -4, -8, -1, -6, 0, -8, 0, -7, -2, -6, -1, -3, 1, -3, 0, 1, -3, -1, -3, -1, 1, -1, -8, -2, 3, 3, -4, 1, 3, -1, -4, 2]
 
1.0153600955553155: [2, -7, 4, 1, -4, -6, 3, 1, -5, 0, 1, -3, -3, -3, 3, -2, -1, 3, -7, 0, 3, 1, -8, -5, -1, -1, -8, 0, -7, 4, -1, -1, -7, -5, -7, 4, -2, -8, -8, -4, -8, -8, -3, -5, -1, -6, 0, -3, 3, -3, 4, -6, -4, -3, 4, -5, 2, -8, -7, 2, -1, -6, -2, 3, 2, -8, -1, -6, -3, 3, -3, -8, -7, -7, 3, 0, 0, 2, 2, -7, 1, -5, -7, 3, 0, 0, 3, 0, -6, -5, -6, -1, -6, -4, 3, 0, 4, 3, -8, 1, -3, -2, -4, 0, -4, -8, -5, -2, -4, 2, 0, -3, -7, -5, -8, -6, -6, 2, 0, -7, 2, 3, -1, -3, 0, 2, -4, -1]
 
1.3073848446700456: [0, 2, 1, 0, -4, -7, 3, -4, 3, 3, -6, 1, 1, 0, 2, 4, 1, 4, 4, -3, -8, 4, -3, -5, -7, -2, 3, -6, 2, -2, 0, -2, -1, -3, -7, 2, 0, -4, -8, -4, 2, -8, -3, -5, -1, -6, 0, -3, 3, -3, 4, -6, -4, -3, -1, -5, 4, 0, -7, -5, -1, -1, -2, 0, 2, -3, -1, -3, 4, 3, -6, 2, -7, 0, 2, -1, 3, -4, 2, 4, -8, -2, 0, -7, -8, 4, -8, 1, -3, -5, 2, 2, -6, 4, -8, 2, -6, -4, -7, -3, 1, 3, -5, 0, -8, -8, -1, 3, -7, -7, 2, -1, -3, 2, -3, 1, 0, -4, 0, -5, -7, 4, -3, -1, -4, -2, 3, 3]
 
0.6643948371763917: [-6, -8, 4, 2, 3, -3, -8, -7, -3, -1, -5, -7, 4, -5, -1, 2, -5, -3, -7, -7, -7, -2, 1, -4, -2, -2, 3, 3, -2, -4, 1, 3, 1, 0, -3, -8, -6, -8, -5, -2, -6, -6, -3, -5, -7, -6, -2, -4, 2, -5, 0, -3, -5, -4, -6, -2, -2, 4, -3, 0, 0, 1, -2, 0, 2, 3, 2, -3, 4, 3, -6, 2, 3, 0, -8, -5, 3, -5, 2, 4, -8, -2, 0, 3, 2, 4, 3, 2, -8, -6, 0, -2, 3, -3, 1, -8, 2, 4, -7, -1, -5, -1, 0, -8, -4, 4, -5, -3, -7, -8, 0, -4, 3, -1, 2, -1, 1, 3, 4, -4, 3, 3, -4, 1, 3, -8, -4, -7]
 
1.1050284974891516: [-3, 1, -3, 2, 0, -1, 0, 4, 1, -2, 2, -5, 4, 4, 4, -5, 4, -5, 1, -4, -7, -2, -7, 0, -2, -2, -2, -1, 2, -8, 3, -2, -1, 4, 4, -3, 0, -4, -8, -7, -7, 1, -7, -4, -3, -8, -2, 0, 4, 4, 3, -5, -1, -8, 3, -4, -6, -3, -4, -5, -1, -1, -2, 0, 2, -3, -1, -3, 4, 3, -6, 2, -7, -7, -6, 0, -5, 1, 2, 4, 1, -7, -7, -6, 1, -8, -3, -6, 1, -4, -7, 4, -3, 1, 2, 3, -4, -8, -1, -3, -1, -8, 1, -7, -4, -5, -5, 4, -4, -3, -5, -3, -3, -5, -8, 3, -6, 2, 0, -7, 2, -4, -1, -3, -8, 2, -4, -7]
 
0.925199073997: [-6, 2, -8, 1, 0, 1, 0, 4, 1, -2, 2, -2, -1, -1, -1, -4, 4, -5, 2, 3, -3, -6, -4, -5, -8, -8, -6, 2, 2, 0, -3, -7, -3, -4, 0, -2, 1, -8, -6, -3, -7, -5, -7, 2, 3, -5, -3, 2, -6, -3, 0, -5, 0, -7, 3, -4, 1, -3, 2, 0, 3, -7, -1, -8, 0, 2, 4, -4, -1, -4, -6, -4, -7, 0, 4, -5, 4, -4, -6, -6, -6, -5, 4, 2, 1, 0, -5, 0, -7, -5, -4, 2, -2, -6, 3, -2, -8, -5, 1, 3, -5, -8, 2, -7, 2, -5, -4, -3, -7, -4, -5, 4, -3, -8, 0, 1, -5, -1, -1, -7, -4, 2, -2, -1, 2, -1, 0, -8]
 
2.97262747019: [2, -7, 4, 1, 3, 2, 3, 1, -5, -5, 1, -7, -6, -3, 3, 0, -1, 3, -7, 0, -1, 1, 0, -3, -1, -1, -7, 0, -7, 4, 0, -2, -7, -7, -5, -8, -2, -8, -8, -4, 2, -8, -3, -5, -1, -6, 0, -3, 3, -3, 4, -6, -4, -3, -1, -5, 4, 0, -7, -5, -1, -1, -2, 0, 2, -3, -1, -3, 4, 3, -6, 2, -7, -7, -6, 0, -5, 1, 2, 4, -8, -2, 0, -7, -8, 4, -8, 1, -3, -5, 2, 2, -6, 4, -8, 2, -6, -4, -7, -3, 1, 3, -5, 0, -8, -8, -1, 3, -7, -7, 2, -1, -3, 2, -3, -3, -6, -1, 0, 4, 0, -4, -6, 1, -8, -1, -1, 4]
 
3.55165612466: [0, 2, 1, 0, -4, -7, 3, -2, 3, -8, -6, 1, 1, -6, -1, 4, -8, -6, 4, -1, -4, -2, -3, 1, -6, -5, 2, 2, 2, -6, -7, 4, -4, 1, -6, -4, -2, -8, -8, -4, 2, -8, -3, -5, -1, -6, 0, -3, 3, -3, 4, -6, -4, -3, -1, -5, 4, 0, -7, -5, -1, -1, -2, 0, 2, -3, -1, -3, 4, 3, -6, 2, -7, -7, -6, 0, -5, 1, 2, 4, 1, -7, -7, 3, 2, 0, 3, 0, -6, -3, -6, -1, -5, 0, 2, 0, -4, -8, -1, -6, 0, -8, 0, -7, -2, -6, -1, -3, 1, -3, 0, 1, -3, -1, -3, -1, 1, -1, -8, -2, 3, 3, -4, 1, 3, -1, -4, 2]
 
2.40858884463: [0, 2, 1, 0, -4, -7, 3, -2, 3, -8, -6, 1, 1, -6, -1, 4, -8, -6, 4, -1, -4, -2, -3, 1, -6, -5, 2, 2, 2, -6, -7, 4, -4, 1, -6, -4, -2, -8, -8, -4, 2, -8, -3, -5, -1, -6, 0, -3, 3, -3, 4, -6, -4, -3, -1, -5, 4, 0, -7, -5, -1, -1, -2, 0, 2, -3, -1, -3, 4, 3, -6, 2, -7, -7, -6, 0, -5, 1, 2, 4, 1, -7, -7, 3, 2, 0, 3, 0, -6, -3, -6, -1, -5, 0, 2, 0, -4, -8, -1, -6, 0, -8, 0, -7, -2, -6, -1, -3, 1, -3, -5, -4, -8, 2, 3, -1, -6, -1, -2, 4, -8, -4, -1, -3, -8, 2, -4, -7]
 
1.65427040761: [-8, 1, -3, 4, 0, -4, 0, 4, 1, -2, 2, -2, -1, 4, -1, -5, 0, -5, -8, -4, -7, -2, -4, 0, -2, -8, -6, 2, -5, 2, 0, -7, -1, 4, -7, -3, 0, -4, -6, -7, -7, 1, -7, -4, -3, -8, -4, -1, 4, -3, 0, -5, -1, 4, 3, -4, -6, -3, 2, 0, 3, 2, 0, -8, -7, 1, -2, -4, 4, -2, -6, 2, -7, 0, 2, -1, 3, -4, 2, 4, -8, -2, 0, -7, -8, 4, -8, 1, -3, -5, 2, 2, -6, 4, -8, 2, -8, -8, -1, -6, -5, -1, 0, -7, -7, -5, -5, -3, 0, -5, -5, 4, -3, 1, 0, 1, -4, -1, -3, -7, 2, -4, -2, -3, 1, -1, 4, 4]
 
3.13625372307: [2, -7, 4, 1, 3, 2, 3, 1, -5, -5, 1, -7, -6, -3, 3, 0, -1, 3, -7, 0, -1, 1, 0, -3, -1, -1, -7, 0, -7, 4, 0, -2, -7, -7, -5, -8, -2, -8, -8, -4, 2, -8, -3, -5, -1, -6, 0, -3, 3, -3, 4, -6, -4, -3, -1, -5, 4, 0, -7, -5, -1, -1, -2, 0, 2, -3, -1, -3, 4, 3, -6, 2, -7, -7, -6, 0, -5, 1, 2, 4, 1, -7, -7, 3, 2, 0, -2, 0, -7, -3, -6, -8, -2, -6, 1, 0, -6, -4, -7, -3, 1, 3, -5, 0, -8, -8, -1, 3, -7, -7, 2, -1, -3, 2, -3, -3, -6, -1, 0, 4, 0, -4, -6, 1, -8, -1, -1, 4]
 
3.10081764996: [-8, -5, -3, 1, 3, 0, 3, -4, 3, 3, -6, 1, 1, 0, 2, 4, -4, 4, -5, -3, -8, 4, -3, -7, -7, -2, 1, 3, 2, -2, 4, -7, -1, -3, -5, 2, 0, -1, -8, -6, 2, 1, 1, -4, -3, -8, -6, -1, -2, -3, 0, -3, -5, -8, -6, -2, -2, -2, -3, 3, 0, 1, -6, -4, -2, 4, -3, -2, 3, 2, -7, 4, -5, -4, -7, -3, -8, 0, 4, -1, -7, 4, -4, -6, -3, 4, -6, 3, -8, 1, 1, -6, 4, -4, 3, 1, -6, -3, -4, -8, 1, -5, -4, 3, -4, 2, -2, 3, -7, -7, 2, -1, -3, -5, -8, 1, -6, -1, 0, -7, 2, -4, -1, -3, -5, 3, 4, -8]
 
1.21770321732: [-7, 2, -6, 1, 3, -6, 3, 1, 4, -5, -7, -7, -5, -3, 2, 0, -1, 1, -7, 4, -1, 1, 0, -2, -3, -2, -5, 1, 2, -8, -7, 3, 3, 0, -3, -1, -6, -2, -8, -2, 2, -4, -2, 1, -7, -1, -5, -6, 2, -5, -7, -5, -1, -2, -6, 3, -8, -3, 2, 2, 4, -5, -1, -5, -1, 0, 2, -4, -8, -6, -3, 0, -3, -8, -6, -3, -8, 2, -5, -7, -2, 0, 2, 2, -5, -6, 2, 4, 1, -3, -4, -8, -3, 3, 4, 2, -5, -8, -8, -6, 2, 0, -6, -7, -6, 3, -5, 0, 0, 4, -2, -2, 1, -5, -7, -1, -6, -5, 2, 3, 2, -2, -7, -5, -6, -3, 3, -8]
 
1.66696942508: [2, -7, 1, 4, 3, -5, 3, -5, -5, -5, 1, -7, -6, -3, 3, -2, 4, 3, 4, 0, -5, -1, -1, 0, 4, -1, 0, -8, -1, 4, 0, -7, -7, -7, 0, 2, -2, -8, -8, -4, 2, -8, -7, -5, -1, -3, -1, -3, -1, -1, -1, -4, -4, -7, -1, -5, 0, 0, -7, -5, -6, 3, 0, 0, 2, -3, -1, -3, 4, -7, 0, 2, 4, 2, -6, -1, 2, 1, 2, 4, 1, -7, -7, -6, 1, -8, -3, -6, 1, -4, -7, 4, -3, 1, 2, -8, -4, -5, -5, -3, -1, -8, 1, -7, -4, -5, -4, 4, -4, -3, -5, -3, -2, -5, -1, -5, -6, 1, -1, -6, -7, 4, 1, -1, 4, 4, -7, 3]
 
0.727347792782: [0, 2, 1, 0, -4, -7, 3, -4, 3, 3, -6, 1, 1, 0, 2, 4, 1, 4, 4, -3, -8, 4, -3, -5, -7, -2, 3, -6, 2, -2, 0, -2, -1, -3, -7, 2, 0, -4, -8, -4, 2, -8, -3, -5, -1, -6, 0, -3, 3, -3, 4, -6, -4, -3, -1, -5, 4, 0, -7, -5, -1, -1, -2, 0, 2, -3, -1, -3, 4, 3, -6, 2, -7, 0, 2, -1, 3, -4, 2, 4, -8, -2, 0, -7, -8, 4, -8, 1, -3, -5, 2, 2, -6, 4, -8, 2, -6, -4, -7, -3, 1, 3, -5, 0, -8, -8, -1, 3, -7, -7, 2, -1, -3, 2, -3, 1, 0, -4, 0, -5, 2, -4, -1, -3, -8, 2, -4, -7]
 
3.65654920416: [-8, 1, -3, 4, 0, -4, 0, 4, 1, -2, 2, -2, -1, 4, -1, -5, 0, -5, -8, -4, -7, -2, -4, 0, -2, -8, -6, 2, -5, 2, 0, -7, -1, 4, -7, -3, 0, -4, -6, -7, -7, 1, -7, -4, -3, -8, -4, -1, 4, -3, 0, -5, -1, -8, -6, -2, -2, -2, -3, 3, 0, 1, -6, -4, -2, 4, -3, -2, 3, 2, -7, 4, -5, -4, -7, -3, -8, 0, 4, -1, -7, 4, -4, -6, -3, 4, -6, 3, -8, 1, 1, -6, 4, -4, 3, 1, -6, -3, -4, -8, 1, -5, -4, 3, -4, 2, -2, 3, -7, -7, 2, -1, -3, -5, -8, 1, -6, -1, 0, -7, 2, -4, -1, -3, -5, 3, 4, -8]
 
2.19826250708: [-3, 2, -6, 1, 3, 2, 3, 1, -5, -5, 1, -7, -6, -3, 3, 0, -1, 3, -7, 0, -1, 1, 0, -2, -3, -2, -5, 3, 2, -4, 1, 3, 3, 0, -3, 3, -6, 0, -5, -2, -6, -4, -2, 1, -7, -2, -2, -4, 2, -5, 0, -3, -5, 4, 3, -4, -6, -3, 2, 0, 3, 2, 0, -8, -7, 1, -2, -4, 4, -2, -6, 2, -7, 0, 2, -1, 3, -4, 2, 4, -8, -2, 0, -7, -8, 4, -8, 1, -3, -5, 2, 2, -6, 4, -8, 2, -6, -4, -7, -3, 1, 3, -5, 0, -8, -8, -1, 3, -7, -7, 2, -1, -3, 2, -3, -3, -6, -1, 0, 4, 0, -4, -6, 1, -8, -1, -1, 4]
 
4.39949304761: [2, -7, 4, 1, 3, 2, 3, 1, -5, -5, 1, -7, -6, -3, 3, 0, -1, 3, -7, 0, -1, 1, 0, -3, -1, -1, -7, 0, -7, 4, 0, -2, -7, -7, -5, -8, -2, -8, -8, -4, 2, -8, -3, -5, -1, -6, 0, -3, 3, -3, 4, -6, -4, -3, -1, -5, 4, 0, -7, -5, -1, -1, -2, 0, 2, -3, -1, -3, 4, 3, -6, 2, -7, -7, -6, 0, -5, 1, 2, 4, 1, -7, -7, 3, 2, 0, 3, 0, -6, -3, -6, -1, -5, 0, 2, 0, -4, -8, -1, -6, 0, -8, 0, -7, -2, -6, -1, -3, 1, -3, 0, 1, -3, -1, -3, -1, 1, -1, -8, -2, 3, 3, -4, 1, 3, -1, -4, 2]
 
1.50813279303: [0, 2, 1, 0, -4, -7, 3, -2, 3, -8, -6, 1, 1, -6, -1, 4, -8, -6, 4, -1, -4, -2, -3, 1, -6, -5, 2, 2, 2, -6, -7, 4, -4, 1, -6, -4, -2, -8, -8, -4, 2, -8, -3, -5, -1, -6, 0, -3, 3, -3, 4, -6, -4, -3, -1, -5, 4, 0, -7, -5, -1, -1, -2, 0, 2, -3, -1, -3, 4, 3, -6, 2, -7, -7, -6, 0, -5, 1, 2, 4, 1, -7, -7, -6, 1, -8, -3, -6, 1, -4, -7, 4, -3, 1, 2, 3, -4, -8, -1, -3, -1, -8, 1, -7, -4, -5, -5, 4, -4, -3, -5, -3, -3, -5, -8, 3, -6, 2, 0, -7, 2, -4, -1, -3, -8, 2, -4, -7]
 
2.15447335317: [2, -7, 4, 1, 3, 2, 3, 1, -5, -5, 1, -7, -6, -3, 3, 0, -1, 3, -7, 0, -1, 1, 0, -3, -1, -1, -7, 0, -7, 4, 0, -2, -7, -7, -5, -8, -2, -8, -8, -4, 2, -8, -3, -5, -1, -6, 0, -3, 3, -3, 4, -6, -4, -3, -1, -5, 4, 0, -7, -5, -1, -1, -2, 0, 2, -3, -1, -3, 4, 3, -6, 2, -7, -7, -6, 0, -5, 1, 2, 4, 1, -7, -7, -6, 1, -8, -3, -6, 1, -4, -7, 4, -3, 1, 2, 3, -4, -8, -1, -3, -1, -8, 1, -7, -4, -5, -5, 4, -4, -3, -5, -1, -6, 1, -2, -3, 0, -8, -2, -5, -7, 4, -7, -7, 2, -2, 3, 3]
 
2.12604430509: [-8, -6, 0, 2, -6, 2, -8, 3, 4, 0, 0, -8, 2, -5, 4, -2, -8, -4, -2, -4, 2, -5, 4, -5, -4, 3, 3, -1, -7, -6, -2, -1, 1, 4, 3, 4, -6, -4, -6, -1, 4, -7, -4, -8, 1, -1, 0, -3, -7, 3, 1, -4, -7, -5, 2, 0, 2, -7, -7, 3, -1, 3, -2, 1, 0, 0, -4, 0, -7, -1, -5, -3, 2, -5, -4, -6, 0, -2, 1, -3, -2, 2, 1, -5, 4, -1, -5, 1, -4, -6, -4, -6, 3, 4, 0, -3, 3, 4, -3, -8, 4, -1, 0, 2, 3, 1, -2, -8, -7, -1, -6, -3, -3, -5, -8, 3, -6, 2, 0, -7, 2, -4, -1, -3, -8, 2, -4, -7]
 
1.24486181077: [0, 2, 2, 0, -5, -7, 3, -5, 0, -8, -6, 0, -1, -7, -1, -5, -4, -6, -3, 0, -3, -1, -3, 1, 2, -5, -4, -4, -2, 3, -5, 4, 0, -1, -5, 1, 3, 1, -7, -4, 2, 0, -7, -2, -2, -6, -7, -6, 3, -7, -4, -2, 1, -2, 0, -5, -5, 1, -7, 4, -6, -2, -2, -8, -1, -4, -2, -4, 1, -2, 1, -3, -5, -5, -8, 4, -3, -5, -8, 3, -6, -7, 3, 2, 3, -1, 2, 0, 1, -3, 0, -1, -7, 0, -1, -5, -4, -8, -6, -3, 0, -6, -6, -7, 0, -6, 2, 0, 0, 2, -7, -8, -8, -2, -3, 3, 4, -1, 3, 3, -3, -1, 4, -8, -5, 3, -1, 3]
 
3.3113249826: [-2, -7, -7, 1, 3, 3, -6, 4, -5, 1, 1, 1, -6, -3, -2, 0, -4, -3, -1, -3, 4, 1, 1, 0, -6, -5, -4, -2, 4, -3, -3, 0, -6, 0, -6, -3, -2, -8, -8, -1, 2, -8, 1, -5, -8, -5, 0, -2, 3, -7, 4, 4, -5, -3, 3, -1, 1, -3, -2, -5, -1, -7, -5, -7, 3, -2, -5, -7, 3, -1, -6, 2, -8, 4, 0, 0, 3, 0, -5, -5, 1, -7, -4, 4, 1, -6, -7, -4, 4, -4, -7, 4, -3, 1, -4, 3, 1, -5, -1, 3, -4, -3, 1, -7, -4, -5, -7, 4, -2, -6, -5, -3, -5, -5, -8, -1, -6, 1, 1, 1, -7, -7, -3, -3, 2, 2, -4, -7]
 
1.29268499613: [-8, 1, -3, 4, 0, -4, 0, 4, 1, -2, 2, -2, -1, 4, -1, -5, 0, -5, -8, -4, -7, -2, -4, 0, -2, -8, -6, 2, -5, 2, 0, -7, -1, 4, -7, -3, 0, -4, -6, -7, -7, 1, -7, -4, -3, -6, 0, -3, 3, -3, 4, -6, -4, -3, -1, -5, 4, 0, -7, -5, -1, -1, -2, 0, 2, -3, -1, -3, 4, 3, -6, 2, -7, -7, -6, 0, -5, 1, 2, 4, 1, -7, -7, 3, 2, 0, 3, 0, -6, -3, -6, -1, -5, 0, 2, 0, -4, -8, -1, -6, 0, -8, 0, -7, -2, -6, -1, -3, 1, -3, -5, -4, -8, 2, 3, -1, -6, -1, -2, 4, -8, -4, -1, -3, -8, 2, -4, -7]
 
2.82321281014: [0, 2, 1, 0, -4, -7, 3, -2, 3, -8, -6, 1, 1, -6, -1, 4, -8, -6, 4, -1, -4, -2, -3, 1, -6, -5, 2, 2, 2, -6, -7, 4, -4, 1, -6, -4, -2, -8, -8, -4, 2, -8, -3, -5, -1, -8, -4, -1, 4, -3, 0, -5, -1, -8, -6, -2, -2, -2, -3, 3, 0, 1, -6, -4, -2, 4, -3, -2, 3, 2, -7, 4, -5, -4, -7, -3, -8, 0, 4, -1, -7, 4, -4, -6, -3, 4, -6, 3, -8, 1, 1, -6, 4, -4, 3, 1, -6, -3, -4, -8, 1, -5, -4, 3, -4, 2, -2, 3, -7, -7, 2, -1, -3, -5, -8, 1, -6, -1, 0, -7, 2, -4, -1, -3, -5, 3, 4, -8]
 
0.376157072502: [-3, 2, 2, -4, 0, 4, -2, -3, 4, -2, -1, 1, 3, -1, -4, -5, 0, -7, -4, 2, -7, -5, 4, 0, -4, 4, 3, 0, 4, -3, 1, 3, -6, 4, -5, -4, -6, 2, -1, 4, -7, 1, 3, 2, -4, -1, -3, 2, -8, -7, -1, -5, -3, 2, -7, -2, -6, -3, 2, -1, 3, 2, 0, 1, -7, 1, -1, -7, 4, -2, -6, 2, 2, 0, -1, -2, -4, -4, 0, 4, -8, -2, -1, -6, -8, 2, -8, 3, -3, -5, 0, 2, -4, 4, -8, -7, -8, -8, -1, 2, -7, 3, 0, 0, -7, -5, -5, -3, 0, -5, -5, 4, -3, 2, 0, 1, -4, -1, -3, -7, 2, -4, -2, 2, -3, -1, 0, 4]
 
0.978409401868: [-8, 1, -3, 4, 0, -4, 0, 4, 1, -2, 2, -2, -1, 4, -1, -5, 0, -5, -8, -4, -7, -2, -4, 0, -2, -8, -6, 2, -5, 2, 0, -7, -1, 4, -7, -3, 0, -4, -6, -7, -7, 1, -7, -4, -3, -8, -4, -1, 4, -3, 0, -5, -1, 0, -6, -2, -3, -1, 0, -3, 0, -3, -2, -1, 0, -7, -3, -6, -3, -2, 1, 2, -6, -3, 2, 1, -8, -6, -1, -7, -7, -8, -8, 3, -6, -8, 1, -5, -5, 3, -6, 2, -6, -4, 3, -4, 4, 3, -3, 3, -1, -2, -4, 2, -4, 3, -5, 4, -4, -3, -5, -3, -3, -5, -8, 3, -6, 2, 0, -7, 2, -4, -1, -3, -8, 2, -4, -7]
 
3.42862412331: [-3, 2, -6, 1, 3, 2, 3, 1, -5, -5, 1, -7, -6, -3, 3, 0, -1, 3, -7, 0, -1, 1, 0, -2, -3, -2, -5, 3, 2, -4, 1, 3, 3, 0, -3, 3, -6, 0, -5, -2, -6, -4, -2, 1, -7, -2, -2, -4, 2, -5, 0, -3, -5, -8, -6, -2, -2, -2, -3, 3, 0, 1, -6, -4, -2, 4, -3, -2, 3, 2, -7, 4, -5, -4, -7, -3, -8, 0, 4, -1, -7, 4, -4, -6, -3, 4, -6, 3, -8, 1, 1, -6, 4, -4, 3, 1, -6, -3, -4, -8, 1, -5, -4, 3, -4, 2, -2, 3, -7, -3, -5, -3, -3, -5, -8, 3, -6, 2, 0, -7, 2, -4, -1, -3, -8, 2, -4, -7]
 
1.68767090419: [-8, 1, -3, 4, 0, -4, 0, 4, 1, -2, 2, -2, -1, 4, -1, -5, 0, -5, -8, -4, -7, -2, -4, 0, -2, -8, -6, 2, -5, 2, 0, -7, -1, 4, -7, -3, 0, -4, -6, -7, -7, 1, -7, -4, -3, -8, -4, -1, 4, -3, 0, -5, -1, 0, -6, -2, -3, -1, 0, -3, 0, -3, -2, -1, 0, -7, -3, -6, -3, -2, 1, 2, -6, -3, 2, 1, -8, -6, -1, -7, -7, -8, -8, 3, -6, -8, 1, -5, -5, 3, -6, 2, -6, -4, 3, -4, 4, 3, -3, 3, -1, -2, -4, 2, -4, 3, -5, 4, -4, -7, 2, -1, -3, -5, -8, 1, -6, -1, 0, -7, 2, -4, -1, -3, -5, 3, 4, -8]
 
0.33874804557: [-8, -5, 1, 4, 3, 4, 3, -4, 3, 3, -6, 1, 1, 0, 2, 4, 1, 4, 4, -3, -8, 4, -3, -5, -7, -2, 3, -6, 2, -2, 0, -2, -1, -3, -7, 2, 0, -4, -8, -4, 2, -8, -3, -5, -1, -6, 0, -3, 3, -3, 4, -6, -4, -3, -1, -5, 4, 0, -7, -5, -1, -1, -2, 0, 2, -3, -1, -3, 4, 3, -3, -8, 3, 0, 2, -1, 3, -4, 2, 4, -8, -2, 4, -7, -8, 4, 2, 1, 3, -5, 2, 2, -7, 4, -5, 2, -8, 4, -6, 0, 1, -6, -5, 0, -8, -8, -5, 3, -5, -7, 2, -8, 2, -3, -7, 4, -6, -1, 0, 4, 0, -7, -6, 1, 4, -1, -1, -7]
 
1.12444768995: [2, -7, -5, -7, 3, 4, 3, -6, 2, -1, 2, -7, 4, -8, -1, 3, -5, -3, -7, 0, 4, -2, -1, -5, -7, -4, -8, 2, -6, -3, 0, -2, -7, -7, -5, -8, 3, -1, -1, -1, 2, 4, -3, 0, -1, -6, 0, -3, -6, -3, 2, -6, -4, -3, -7, -5, 4, 0, -7, -5, -5, -1, 0, 0, 2, -3, 2, -3, 2, 3, -6, 2, -7, 0, 2, -1, 3, -4, 2, 4, -8, 1, 0, -7, -8, 4, -8, 1, -3, -6, 0, -2, 3, -3, 3, -8, 2, 4, 0, -1, -5, -1, 0, -8, -4, -1, -5, -3, 0, -8, -5, -4, -8, 2, 3, -1, -6, -1, -2, 4, -8, -3, -4, 1, -6, 3, -1, 0]
 
2.81942172626: [0, 2, 1, 0, -4, -7, 3, 4, 4, -2, -1, 1, 1, -1, -4, -5, 0, 0, -4, -7, -7, -5, -4, -3, -3, 4, 3, -6, 2, -2, 0, -2, -1, -3, -7, 2, 0, -4, -8, -4, 2, -8, -3, -5, -1, -6, 0, -3, 3, -3, 4, -6, -4, -3, -1, -5, 4, 0, -7, -5, -1, -1, -2, 0, 2, -3, -1, -3, 4, 3, -3, -8, 3, 0, 2, -1, 3, -4, 2, 4, -8, -2, 0, -7, -8, 4, -8, 1, -3, -6, 0, -2, 3, -3, 3, -8, 2, 4, 0, -1, -5, -1, 0, -8, -4, -1, -5, -3, 0, -8, -5, -4, -8, 2, 3, -1, -6, -1, -2, 4, -8, -3, -4, 1, -6, 3, -1, 0]
 
1.70870207567: [-8, -5, 1, 4, 3, 4, 3, -4, 3, 3, -6, 1, 1, 0, 2, 4, 1, 4, 4, -3, -8, 4, -3, -5, -7, -2, 2, -1, -8, -7, -2, 3, -8, 4, 4, -4, -6, -7, 3, -4, -7, -4, -7, -7, -5, 1, 2, -6, 0, 0, -1, -8, -5, -8, -6, -2, -8, 4, 0, 3, 0, -3, -7, -1, -1, 4, -3, 4, 3, 2, 1, -8, -6, 1, -7, -7, -8, 2, 2, -7, -7, -8, 1, 3, -6, -8, 1, 3, -5, 0, 1, 4, -6, -4, 3, 1, -6, 2, -1, 1, 2, 2, -4, 3, -4, -7, -2, -8, -4, -6, -6, -1, -6, 1, -2, 1, 0, -4, 0, -5, -7, 4, -3, -1, -4, -2, 3, 3]
 
0.54329776363: [-6, 3, 2, 4, -2, -1, -8, -1, 2, -6, -4, -7, -5, -5, -1, -3, 2, -7, -7, 0, -4, 0, -5, -5, -6, -6, -7, 2, -6, -1, -7, -2, -7, -7, 3, -2, -8, -1, -1, 0, 3, 4, 4, 0, 4, 3, -1, -5, 3, -6, 2, 2, -3, 0, 2, -5, 4, -4, -3, -5, 1, 0, -2, 0, -6, 3, 2, -8, -2, 3, -6, 4, -7, -4, 2, -5, -4, 2, 3, -3, 3, 3, -8, 0, 0, 4, -8, 1, 3, 4, -4, -5, 2, -2, 0, -3, -7, 0, -3, -1, -5, -4, 0, -5, -7, -1, 3, -2, -1, -7, -6, -2, -2, -5, 0, -8, 3, 0, -4, -4, -4, -2, -5, 3, 1, -2, -8, -4]
 
1.02823208658: [-3, 2, -6, -8, -1, 4, 3, 1, 2, -4, 1, -7, -4, -3, 3, 0, -1, -7, -7, 3, 2, 2, 0, -2, -3, -2, 0, -7, 1, -4, 1, 3, -2, -6, -8, 1, -6, 0, -5, -6, -6, -4, -2, 1, 3, 0, -3, 1, 2, 4, -5, 0, -1, -2, 3, 3, -8, -3, 1, -3, -3, -5, -1, -5, -1, -1, 3, -4, -8, -2, -3, 4, -3, -5, -6, -3, -8, -1, -5, -6, -4, -5, -7, 4, -7, 1, -1, -3, 1, -3, -6, 3, -6, 3, 4, 0, -5, -2, -8, -6, -3, 0, -6, 3, 3, 3, -6, -2, 3, -1, -4, -4, -3, 2, 3, -2, -6, -1, -2, 4, 0, -3, -4, 1, -6, -3, -1, 0]
 
0.542868668946: [-6, -8, 4, 2, 3, -3, -8, -7, -3, -1, -5, -7, 4, -5, -1, 2, -5, -3, -7, -7, -7, -2, 1, -4, -2, -2, 3, 3, -2, -4, 1, 3, 1, 0, -3, -8, -6, -8, -5, -2, -6, -6, -3, -5, -7, -6, -2, -4, 2, -5, 0, -3, -5, -4, -6, -2, -2, 4, -3, 0, 0, 1, -2, 0, 2, 3, 2, -3, 4, 3, -6, 2, 3, 0, -8, -5, 3, -5, 2, 4, -8, -2, 0, 3, 2, 4, 3, 2, -8, -6, 0, -2, 3, -3, 1, -8, 2, 4, -7, -1, -5, -1, 0, -8, -4, 2, -2, 3, -7, -7, 2, -1, -3, -5, -8, 1, -6, -1, 0, -7, 2, -4, -1, -3, -5, 3, 4, -8]
 
3.29976369582: [-8, -6, 0, 2, 2, 2, -8, -3, 4, 0, 1, -7, 4, -8, -1, -5, -5, -3, -7, 0, 4, -2, 1, -2, -3, -2, -5, 3, 2, -4, 1, 3, 3, 0, -3, 3, -6, 0, -5, -2, -6, -4, -2, 1, -7, -2, -2, -4, 2, -5, 0, -3, -5, -8, -6, -2, -2, -2, -3, 3, 0, 1, -6, -4, -2, 4, -3, -2, 3, 2, -7, 4, -5, -4, -7, -3, -8, 0, 4, -1, -7, 4, -4, -6, -3, 4, -6, 3, -8, 1, 1, -6, 4, -4, 3, 1, -6, -3, -4, -8, 1, -5, -4, 3, -4, 4, -5, -3, -7, -8, 0, -4, 3, -1, 2, -1, 1, 3, 4, -4, 3, 3, -4, 1, 3, -8, -4, -7]
 
