2.38963108122: [-3, 0, -7, -3, -8, 1, 3, 0, -2, -7, 0, -2, 3, -8, 0, -3, -1, -3, 1, 4, -1, -3, -1, 2, 3, 0, -3, -2, -5, 3, -7, -6, -1, 1, 3, -7, 4, -4, -7, 2, -3, -5, 4, 1, -2, -6, 1, -5, -4, -8, -1, 0, -2, 4, -8, -3, 0, 3, -7, 1, -7, -3, -6, 1, 4, -2, -6, 3, -6, 0, 1, 3, -2, 0, -1, -6, -5, -3, -8, -1, 0, 2, 3, -5, -8, -5, -4, -5, -4, -3, 2, 4, -8, 3, -3, -7, 2, 1, -7, -7, 2, 2, -5, 1, 2, 2, -5, -6, -4, -2, -4, -7, -7, 3, -7, 4, 4, -5, -1, 4, -4, -2, 3, 1, -3, -6, -3, -7]
 
1.3979078245683967: [-2, 3, -6, 1, -1, 2, -8, -4, -3, 2, -8, 4, 2, 2, -7, -1, 0, 3, -5, -2, 2, -8, -5, -3, 0, -6, -3, -7, 3, -6, 1, -2, -5, 2, -4, 1, -4, -3, 2, 0, 4, 1, 4, -7, -2, 3, -8, -8, -3, -5, -1, 0, -1, -5, -1, 3, 0, -5, -7, -8, 3, -1, -6, -8, -8, 0, 4, 0, -6, -3, 0, 4, -5, -2, -8, 0, 2, -8, -4, -1, -7, -7, -3, -7, -1, 0, 1, -6, 4, -8, 2, 0, -8, 1, 3, 0, 3, -2, 0, -2, -1, -1, 4, -2, -3, -4, -2, -5, -1, 0, -4, -2, -7, 1, 2, 1, -3, -6, -3, 3, -3, -3, -7, -1, 2, 1, 3, -3]
 
2.205237617508614: [2, 1, -4, 1, -7, -1, -7, -5, -6, -2, -5, -5, -8, -6, 4, 4, -8, 0, -5, -2, -8, -7, 0, 2, -1, 2, 2, -5, -8, -3, 0, 2, -6, -5, 0, 1, 1, 0, -6, 1, 1, -3, 1, -8, 2, -3, -1, -3, -2, -5, -1, 2, -8, 2, 0, 1, 4, -3, 3, -5, -4, -2, 0, -1, 2, -2, 4, -8, -5, 0, -3, 3, 2, -3, -6, 4, 0, 4, -2, 3, 4, -3, -6, 0, -2, 2, -3, -5, 3, -2, 1, -3, 2, -4, -1, -4, -2, -2, -5, 2, -6, -5, -5, -2, -4, 0, -5, -2, -7, -3, -6, -8, 3, -1, 3, -6, 4, -8, 4, 2, -3, 2, -6, 4, -3, -8, 4, 0]
 
-1000: [-6, 1, -4, 4, -8, -1, 3, -1, -2, -7, -1, 2, -5, -6, 4, -7, -4, 3, -6, -7, 4, -1, 3, -1, -4, -4, -5, 1, -6, -6, -8, 0, -8, 4, -8, 3, -5, 4, -6, -2, -8, -5, -4, 2, -2, -1, -8, -5, 3, -1, -2, 2, -8, 2, 4, -2, 2, 2, -2, -6, 1, -6, 3, -8, 4, 1, 0, 2, -8, 3, 1, -2, -6, 4, -6, -4, -2, -1, -4, -8, -7, -8, -7, -1, -8, -7, 2, -2, -8, -2, 3, -3, 3, 4, -4, -1, -6, -5, -8, -5, 2, 1, -7, 4, -6, -3, 3, 0, 3, -7, 0, 0, -4, 3, 1, 3, 1, 2, -6, -3, -6, -6, -1, 1, -3, -3, 4, -4]
 
1.4438255570941032: [-1, -2, -7, -3, -8, -5, -4, -5, 4, 3, 0, 0, 3, 4, 0, -7, 0, -3, 1, 4, -1, -3, -4, 2, -8, -7, -3, 0, -5, 3, -3, -2, -6, -2, -5, -7, 4, -4, -7, 2, -3, -5, 4, -6, 0, -3, 1, -5, -1, 0, -1, -3, -2, 4, -7, -8, 0, -6, 3, 4, -7, 0, -8, -4, -6, -5, -8, 0, 3, -3, 1, -5, 0, -2, -1, -5, -3, 1, 2, 3, -7, 2, -1, -3, -8, -5, -4, -5, -6, -2, 2, 1, 2, 3, -3, 3, 3, 0, 1, -7, 4, -2, 0, -6, -4, 2, -5, 3, -4, -5, 3, 0, -7, 3, 1, 3, 1, -3, -6, -3, 1, 0, -8, 3, -6, 1, 3, -3]
 
2.2335379001772706: [2, 1, 1, -7, -7, -6, 2, -1, 4, 0, -3, -5, -3, -1, -6, 1, -8, -8, 2, -2, -8, -2, 0, 1, -4, -5, 0, -7, 4, 3, 3, 4, -6, 0, -4, 1, -5, -4, -6, -1, -7, -2, -7, -8, -4, -3, -2, -2, -4, -6, -1, 2, -1, -5, -8, -8, 4, 3, 0, -8, 3, -1, -6, 0, -8, -3, -2, -8, -8, -2, 3, 4, -2, -2, 4, -1, 2, -8, -4, -1, -7, -7, -4, -6, -1, 0, 1, -1, 4, 3, 2, 2, -6, 1, 3, 0, -5, -2, 0, -2, -1, -1, -1, -1, -3, -4, -2, -5, -1, 4, 1, -2, -7, 1, 2, -2, -5, -5, -6, -2, -6, 0, -7, -6, 4, -8, -3, -7]
 
1.817016298055604: [2, -8, 2, -3, -3, 1, 2, 0, 3, 3, 0, -5, 2, -2, -6, -7, -3, 0, -7, -1, -1, -4, -5, -8, -8, 2, -2, -6, -7, -7, -8, 2, -6, -3, -1, 3, 4, -8, -6, 2, -4, 1, -1, -3, -1, -3, -2, -8, 1, 0, -1, -5, -2, -1, -3, -7, 4, -6, -5, 0, 4, 4, -3, 3, 3, -1, -5, -5, 3, -3, -4, -6, 0, -3, -5, -5, -8, -6, 2, 3, -8, 2, -6, -7, 2, -5, 3, 0, -1, 2, -5, -1, 1, 3, -8, 1, 4, -2, 0, -4, -6, -5, -1, -4, 0, -8, -5, -4, -8, -1, -6, -3, -5, 4, -7, -5, -2, -3, -1, -2, 3, 1, -3, -3, -2, -3, -3, 1]
 
2.000795885876445: [-2, -6, -8, 4, 2, 0, -3, -1, -3, -1, -8, 3, -3, -6, -2, -3, -5, -8, -2, -3, -4, -5, -7, 0, -5, -8, -4, -2, 0, -3, 4, -5, -7, -8, 4, -5, 1, 2, -8, 4, -6, 2, -2, -2, 0, -7, 4, 4, -7, -8, 3, -8, 1, -5, -8, 0, 0, 3, 3, 1, 4, 0, -5, -1, 1, -1, -3, 4, -6, -2, -6, 4, 2, -8, -2, -2, -3, 2, 2, 2, -7, 2, -5, -5, 3, -4, -4, 3, -4, 2, -8, -1, -4, -5, -8, 0, 3, -8, 3, 0, -6, -7, -2, 1, -8, 1, -5, -2, 2, 4, -6, -4, -7, -2, -4, -3, -1, 4, 0, -8, -2, 1, 1, -7, -7, -4, 3, 0]
 
0.5831701346783712: [-6, 4, -1, -7, -8, -2, -7, 0, 3, -8, 0, -5, -7, -5, -4, 4, -4, 4, -4, 4, 3, -7, 0, 2, -1, -8, -2, -6, -7, -8, -7, -7, -8, -7, -7, 3, 4, 1, -5, -4, -8, -8, -6, -1, 3, -8, -1, 0, 1, -1, 0, -1, 2, 3, -2, -5, -8, 1, -2, -6, -6, -5, -3, -8, 3, -6, 4, -6, -2, -5, -4, -6, 0, 3, -7, -5, -7, -6, 2, 3, -7, 2, -6, -4, -6, -5, 0, -5, -1, -2, 4, -1, 1, 3, -8, 1, 4, 1, 0, 3, 2, -5, -1, -1, -5, -3, -5, -4, -8, -5, 3, -8, 2, 4, -2, 2, 3, -6, -1, -2, -2, -5, -1, -8, -4, 1, -3, -8]
 
2.75850598486: [3, -2, -7, -4, -8, 1, -7, 1, -2, 3, 0, -8, 3, -7, 0, -7, -1, -4, 1, -7, 1, -3, -4, 2, -8, 0, -3, 3, -5, 3, 4, 4, -4, 4, -2, 1, 1, -5, -3, -8, 1, -3, -4, -5, 0, 1, 3, 3, -8, -3, -5, 2, -4, 2, 2, -1, -1, -7, -4, 1, -3, 2, -7, -3, -1, -2, -8, -6, -6, -5, -5, -2, -7, 3, 0, -6, -3, -2, 1, -6, -8, 3, -1, -4, 2, -4, -7, 4, -6, -2, -1, 4, 2, 2, -7, -3, 3, 0, 3, -7, 3, -5, -8, -7, 3, -3, 4, -8, -8, -1, 2, 0, 1, -5, -7, -8, -6, -7, -3, -2, -2, 1, -4, -3, -5, -2, -5, 4]
 
2.2534387361278565: [1, -2, -7, 3, -8, 1, -2, 2, -2, -3, 3, -3, 3, -7, 0, -7, -1, 0, -1, 4, -1, 2, -4, -4, -3, 0, -3, 2, 0, 3, 3, -2, -8, 1, 3, -6, 4, -6, 2, 2, -3, -5, -6, -1, -5, -7, 1, 2, -1, -6, -1, 0, -1, 4, -7, 3, 0, -7, 3, -3, -7, -5, -2, -8, -6, -6, -7, 0, -8, -8, -8, 0, -5, -6, 1, 0, 4, -6, 2, -3, -2, 2, -1, 1, -7, 4, -4, -5, -6, -2, 2, 1, 3, 3, -4, 0, -4, 0, 2, -7, 2, -3, -4, -6, -4, 1, -5, 0, -4, -8, -5, 0, 3, -8, 1, 3, 1, -3, -7, -2, -2, 1, -1, -3, -3, -4, -5, -7]
 
2.1947237236326433: [-8, -6, -7, -3, -3, 3, -1, 0, -5, 3, 2, -5, -3, 2, -3, -7, -5, 0, 1, -8, -1, 0, -2, -2, -6, -2, -2, -6, -4, -7, 2, -5, -8, -3, -7, 1, -1, -8, -3, -4, 1, -1, -7, -6, 0, -3, 3, -3, 0, -1, -1, 2, -6, 2, -8, -6, -1, 2, -7, 1, -8, 4, 3, -2, 4, -4, -6, -4, -6, -5, -5, -7, 2, -1, 0, -6, -3, -7, -5, -6, -5, -2, -8, -4, -8, 2, -7, 0, -6, 0, 2, 4, 2, -5, -6, -3, 3, 0, 1, -2, 4, 0, -8, -7, 3, -2, 4, 0, 4, -4, 4, 4, 1, -5, -6, -7, -8, 2, -4, -5, 3, -6, -6, -3, -5, 0, 2, -7]
 
2.6822052047778895: [-1, -2, -7, -3, -8, 1, -7, 4, -2, 3, 0, -3, 3, -7, 0, -7, -1, 0, 1, 4, -1, -3, -4, 2, -8, 0, -3, -2, -5, 3, -6, -2, -2, 1, -5, -7, 4, -4, -7, 2, -3, -5, 4, -3, -2, -3, 1, -5, -1, -8, -1, 0, -2, 4, -7, 3, 0, -6, 3, 4, -7, 0, -3, 3, -6, -6, -7, 0, -8, -3, -8, -5, 0, -2, -5, -5, 4, -6, 2, -3, -7, 2, -1, 1, -8, -5, -4, -5, -6, -2, 2, 1, 2, 3, -3, 0, 3, 0, 2, -7, 2, -3, 4, -6, -4, 1, -5, 0, -4, -7, -5, 0, -7, 3, 1, 3, 1, -3, -6, -1, -3, -3, 1, 3, -5, 1, -3, -8]
 
1.3136347913289539: [-5, -8, 1, -4, -8, 1, -7, 0, -7, -6, -8, -5, -6, 2, -6, -4, -6, 3, 0, -1, -8, 0, 0, 1, -5, -7, -4, 4, -2, 3, 4, 4, -6, 0, 0, 1, -1, -8, -6, -5, 1, -1, -7, -6, -1, -3, 3, -3, -4, -1, -1, 2, -3, 2, -8, -1, -1, 3, -7, 1, -7, -2, -6, 1, 4, -2, -6, 4, -6, 0, -5, 1, 2, -1, -6, -6, -3, -5, -3, 2, 0, 2, -1, 1, -8, -5, -4, -5, -6, -2, 2, 4, -1, 2, -3, -7, 3, 0, -7, -7, 2, 2, 4, 1, 2, -3, -5, -5, -4, -2, -7, 0, -7, 1, 2, 1, -3, -6, -3, 3, -3, -3, -7, -1, 2, 1, 3, -3]
 
1.5107473661606157: [-7, 0, 3, -2, -6, -2, 2, -3, -7, -1, 2, -5, 1, -6, -1, -2, 4, -8, -7, -6, -1, -5, -5, 4, -4, -1, -3, 4, -2, -7, 2, 3, -6, -1, -7, 4, -4, 4, -2, 0, -3, -1, -3, 1, -1, -2, 2, 1, 1, 3, -2, 1, 2, 0, -8, -7, 2, -6, 0, -8, -1, 3, -8, -8, -4, -2, 0, -6, -3, -3, -6, -2, -5, 2, -5, -2, -7, -1, 4, -2, 2, -8, -3, -1, -3, -4, 4, 2, 3, 4, 2, 3, 3, -7, -4, -4, -8, -2, -5, -8, -7, -5, 2, -7, -2, 4, -6, -2, -8, -4, -8, -3, -3, 4, -5, 0, 1, 4, -1, -2, -2, -8, -1, -8, -4, -5, -5, -2]
 
0.9967824045589007: [-1, -3, 1, -2, -2, 1, -8, 1, 4, -5, -6, -5, 1, 2, -4, -4, 4, 4, 0, -1, -8, 0, 0, 1, -5, -7, -4, 4, -2, 3, 4, 4, -6, 0, 0, 1, -1, -8, -6, -5, 1, -1, -7, -6, -1, -3, 3, -3, -4, -1, -1, 2, -3, 2, -8, -1, -1, 3, -7, 1, -7, -2, -6, 1, 4, -2, -6, 4, -6, 0, -5, 1, 2, -1, -6, -6, -3, -5, -3, 2, 0, 2, -1, 1, -8, -5, -4, -5, -6, -2, 2, 4, -1, 2, -3, -7, 3, 0, -7, -7, 2, 2, 4, 1, 2, -3, -5, -5, -4, -2, -7, 0, -7, 3, 3, 2, 4, -6, -3, 3, -3, -3, -7, -1, 2, 1, 3, -3]
 
1.882516652987966: [-2, 3, -6, 1, -1, 2, -8, -4, -3, 2, -8, 4, 2, 2, -7, -1, 0, 3, -5, 3, -8, -8, -1, -4, -4, 1, 1, -6, -5, 1, -1, -8, 0, -3, -5, -3, 3, -8, -4, 2, 2, -8, 2, -3, -2, -3, 1, 1, 1, 3, -1, 0, -1, -5, -5, 3, 0, -5, -7, -5, -5, -2, 2, -1, 2, -2, 4, 4, -6, 0, 1, 1, 2, -1, -5, -5, -2, -1, -5, 3, 4, -8, -4, -1, -8, 2, 4, -4, 3, -2, 2, -8, 2, -3, -1, -4, -2, -8, -5, -6, 1, -5, -7, -5, 1, -3, -6, -2, -7, -2, -3, -4, 2, -1, 3, -6, 4, -5, -1, 2, -4, -5, -6, -2, -3, -7, 4, 0]
 
1.2118212536812907: [-2, 3, -6, 1, -1, 2, -8, -4, -3, 2, -8, 4, 2, 2, -7, -1, 0, 3, -5, 3, -8, -8, -1, -4, -4, 1, 1, -6, -5, 1, -1, -8, 0, -3, -5, -3, 3, -8, -4, 2, 2, -8, 2, -3, -2, -3, 1, 1, 1, 3, -1, 0, -1, -5, -5, 0, 0, 4, 3, -6, -7, -8, -2, 3, -6, -6, -7, 0, -1, -3, -8, 0, 0, 4, 0, -5, 4, -6, 2, -2, -7, -7, 1, -7, -8, 1, -8, -5, -6, -2, -7, 1, 1, 3, -6, -3, 2, 2, 2, -7, 2, -3, -7, -6, -4, -8, -5, 4, -4, -7, -5, 0, -7, 3, 1, -3, 1, -3, -6, -1, -3, -3, -7, 3, -5, 1, 3, -3]
 
1.8334017538937166: [-5, -8, 1, -4, -8, 1, -7, 0, -7, -6, -8, -5, -6, 2, -6, -4, -6, 3, 0, -1, -8, 0, 0, 1, -5, -7, -4, 4, -2, 3, 4, 4, -6, 0, -7, 0, -5, -8, -6, 2, -4, 1, -7, 0, 2, -3, -2, -3, 1, 3, -1, 0, -6, 0, -7, 3, -2, -6, -7, -2, 4, 0, -3, 3, 3, -6, 1, -6, -2, -3, -4, -6, 2, 3, -5, -5, -3, -2, -8, -1, -7, -5, -6, 2, -6, -6, 0, -6, -3, -4, 4, 2, -6, -8, -8, 0, 4, -6, 4, -8, 4, 0, -5, -2, -5, 4, 1, -7, -8, -6, -6, 0, 2, -6, -2, 0, -5, -7, -5, -1, -5, 2, -5, 3, -1, 4, 3, 4]
 
2.709363076250749: [-8, -6, -8, -7, 2, 0, 2, -1, 4, -1, -3, 3, -3, -6, 4, 1, -5, -8, 2, -3, -4, -4, -5, 4, -7, -8, -4, -2, 0, -3, 4, -5, -7, -8, 4, 1, 1, -5, -4, -8, 1, -7, -4, -5, 0, 1, 3, 1, -4, -2, -5, 2, -2, 2, -8, -1, -1, 3, -7, 1, -7, 2, -7, -3, 4, -2, -6, -4, -6, -5, -5, -7, 2, -1, 0, -6, -3, -7, -3, -6, -5, 3, -1, -4, -8, 2, -7, 3, -6, -2, 2, 4, 2, 4, -3, -3, 3, 0, 1, -7, -5, -5, -8, -7, 3, -3, 4, -8, 4, -3, 4, 0, 1, -5, -7, -8, 0, -7, -3, -2, 3, 1, -6, -3, -5, 0, -5, -7]
 
0.6802909469540357: [-1, -3, 4, 1, -4, -8, 1, 0, -5, -8, -6, -2, 1, -7, -4, 0, -2, 4, 0, 2, -2, -6, 2, 1, 3, -7, 2, 4, -3, 3, 4, 0, 1, -3, -3, -7, 4, -3, -7, -7, -6, -5, -5, -7, -2, -6, 0, 4, -5, -7, -1, 0, 2, -6, -7, -5, 3, 3, -6, 1, 4, -6, 1, -1, -5, -2, -6, 4, 0, -8, -6, 1, 2, -1, -6, -6, -2, -5, -2, 2, 0, 2, 1, 1, -3, -5, -8, -5, -1, -3, 2, 1, 3, 3, -5, -2, 1, 2, 1, -7, -5, -5, 4, -8, 3, 0, 4, -8, 4, 2, 1, -3, 1, -8, -7, -8, 0, -7, -3, -2, -5, 3, -6, -3, 2, -3, -5, -8]
 
0.9161817892896467: [-1, -3, 1, -2, -2, 1, -8, 1, 4, -5, -6, -5, 1, 2, -4, -4, 4, 4, 0, -1, -8, 0, 0, 1, -5, -7, -4, 4, -2, 3, 4, 4, -6, 0, 0, 1, -1, -8, -6, -5, 1, -1, -7, -6, -1, -3, 3, -3, -4, -1, -1, 2, -3, 2, -8, -1, -1, 3, -7, 1, -7, -2, -6, 1, 4, -2, -6, 4, -6, 0, -5, 1, 2, -1, -6, -6, -3, -5, -3, 2, 0, 2, -1, 1, -8, -5, -4, -5, -6, -2, 2, 4, -1, 2, -3, -7, 3, 0, -7, -7, 2, 2, 4, 1, 2, -3, -5, -5, -4, -2, -7, 0, -7, 3, 3, 2, 4, -5, -1, -6, -4, -5, -6, 1, -3, -7, -3, -7]
 
1.5563829483897926: [0, -4, -7, -3, -3, 3, 2, 0, -1, 3, 0, -3, 2, -2, -3, -7, -1, 0, 1, -1, -1, -2, -2, 4, -6, -2, -2, -6, -4, -7, 2, -5, -4, -3, -7, 0, -5, -8, -6, 2, -4, 1, -7, 0, 2, -3, -2, -3, 1, 3, -1, 0, -6, 0, -7, 3, -2, -6, -7, -2, 4, 0, -3, 3, 3, -6, 1, -6, -2, -3, -4, -6, 2, 3, -5, -5, -3, -2, -8, -1, -7, -5, -6, 2, -6, -6, 0, -6, -3, -4, 4, 2, -6, -8, -8, 0, 4, -6, 4, -8, 4, 0, -5, -2, -5, 4, 1, -7, -8, -6, -6, 0, 2, -6, -2, 0, -5, -7, -5, -1, -5, 2, -5, 3, -1, 4, 3, 4]
 
2.0230112431672422: [2, 1, 1, -7, -7, 0, 2, -1, 4, -1, -3, -5, -3, -6, 4, 1, -5, -8, 2, -5, -4, -2, 0, -7, -1, 3, 0, 4, -5, 0, 0, -3, -4, -4, -6, 1, -2, 2, -8, -7, -3, 2, 4, 2, 0, -7, 0, 4, -7, 1, -7, -8, -2, -5, -7, -4, -1, 0, -6, 3, -6, -2, -4, -8, 4, 0, -1, 4, -6, 0, -6, 1, 2, -1, -6, -6, -6, -5, -3, 0, 1, -1, -1, 1, -8, -5, -4, -5, -6, 1, 2, 2, -8, 3, 0, 0, 1, -2, 4, -2, 2, -4, 4, -6, -4, 1, -5, -5, -7, -2, -3, -4, 2, -1, 3, -6, 4, -5, -1, 2, -4, -5, -6, -2, -3, -7, 4, 0]
 
2.553867624126259: [2, 1, 1, -7, -7, -6, 2, -1, 4, 0, -3, -5, -3, -1, -6, 1, -8, -8, 2, -2, -8, -2, 0, 1, -4, -5, 0, -7, 4, 3, 3, 4, -6, 0, -4, 1, -5, -4, -6, -1, -7, -2, -7, -8, -4, -3, -2, -2, -4, -6, -1, 2, -1, -5, -8, -8, 4, 3, 0, -8, 3, -1, -6, 0, -8, -3, -2, -8, -8, -2, 3, 4, -2, -2, 4, -1, 2, -8, -4, -1, -7, -7, -4, -6, -1, 0, 1, -1, 4, 3, 2, 2, -6, 1, 3, 0, -5, -2, 0, -2, -1, -1, -1, -1, -3, -4, -2, -5, -1, 4, 1, -2, -7, 1, 2, -1, 1, -6, -3, 3, -1, -2, -5, -1, 2, 1, 3, -3]
 
0.6395006365213829: [-2, 3, -6, 1, -3, 2, -8, -2, -3, 2, -8, 0, -8, 2, 0, -1, 0, 4, -5, -2, 0, -2, -5, -6, 0, 2, -1, -7, 3, -4, 1, -2, -5, 2, -1, 1, -4, -3, 2, 0, 4, -7, 4, 1, -5, 3, -2, -8, -3, -5, 1, 0, -1, -5, 3, -1, -3, -5, -7, -8, 3, -1, 4, -8, -3, 0, 4, 0, -3, -3, -5, -6, -5, -5, -8, 0, 0, -7, -4, -1, -7, -7, 1, 3, -1, 0, 1, -2, 4, -7, 1, 0, -2, 1, 3, 3, -2, -2, 0, -4, -1, -1, 4, 1, -7, -6, -1, 0, -4, 3, -7, 0, -7, 1, 2, 1, -3, -6, -3, 3, -3, -3, -7, -1, 2, 1, 3, -3]
 
0.847096897984: [-8, -1, 1, -1, 2, -4, 2, 4, -4, -1, -3, 3, -8, -6, 4, -8, 1, -8, 2, 1, 4, -4, -2, 2, 3, 1, -4, 3, 3, -5, -1, 2, -7, -8, -7, -1, 2, -5, 0, 1, -6, -1, -3, -6, 1, -4, 3, 1, -1, -2, -3, -6, -2, 4, -8, 3, 0, 3, 1, 1, -6, -1, -8, 3, -7, -5, -6, -4, -6, -4, -5, -7, -6, -1, -6, 4, -8, -7, -2, -6, 1, 2, -1, -1, 4, 0, -7, 3, -6, -3, 3, 2, 2, 4, -1, -7, 1, 0, -5, 4, 2, -8, 0, 1, -2, -4, -2, -8, -2, 0, -1, 3, 2, -6, -1, 1, -8, -6, -3, 3, -3, -4, -3, 2, 2, 1, -2, -3]
 
0.622875543163: [-1, -8, 1, -8, -8, -1, -7, 0, 3, -8, 0, 0, 1, 3, -7, -6, -2, 4, 0, -1, -8, -3, 0, -6, 2, -7, 2, 4, -2, 3, -3, -1, 2, 1, -5, -7, 4, -3, -7, 2, -7, -5, -5, 3, -2, -3, 4, 4, -4, -8, -1, 3, 2, -6, -1, 3, -6, 3, 4, -5, -5, -2, -8, -1, 2, -2, 4, -6, -5, 0, 1, 1, 2, -5, -5, -5, 4, -1, -5, 3, 4, -8, -5, 4, -8, 2, 4, 0, 3, -3, -8, -8, -4, -3, -1, 3, -2, -8, 3, 0, 1, -5, 1, -4, 1, -4, 0, -2, -7, -2, -3, -4, 2, -1, 3, -3, 4, 0, -3, 2, -4, 4, -6, -2, 4, -7, 1, -3]
 
1.2749019277301392: [-8, -5, 1, 1, -7, 1, -8, -3, 3, -8, -8, -5, 1, -5, 4, 4, 4, 4, -4, 4, -8, 0, 0, 1, -1, -5, -2, -6, -7, -6, 4, 2, -6, -7, -7, 3, 4, -5, -5, -1, -8, -7, -4, -1, 3, 0, -8, 0, 1, -1, -7, -3, 2, 2, -2, 4, -8, 1, 0, -8, -6, 3, 2, -8, 1, -2, -7, -3, -3, 0, -6, -4, -3, -2, -8, 1, -2, -1, -5, -2, 4, -8, -3, -8, -8, 2, 4, 0, -7, 2, 2, -6, 2, 4, -4, -1, -6, -8, -5, -8, -8, -5, -1, -1, -5, -3, -5, -4, -8, -1, -6, -8, 2, 4, -2, -5, -2, -5, -1, -2, -2, 1, -1, -3, -4, -3, -3, -8]
 
1.048581431223819: [-1, -3, 1, -2, -2, 1, -8, 1, 4, -5, -6, -5, 1, 2, -4, -4, 4, 4, 0, -1, -8, 0, 0, 1, -5, -7, -4, 4, -2, 3, 4, 4, -6, 0, 0, 1, -1, -8, -6, -5, 1, -1, -7, -6, -1, -3, 3, -3, -4, -1, -1, 2, -3, 2, -8, -1, -1, -6, 3, 4, -7, 0, -3, 3, -6, -6, -7, 0, -8, -3, -8, -5, 0, -2, -5, -5, 4, -6, 2, -3, -7, 2, -1, 1, -8, -5, -4, -5, -6, -2, 2, 1, 2, 3, -3, 0, 3, 0, 2, -7, 2, -3, 4, -6, -4, 1, -5, 0, -4, -7, -5, 0, -7, 3, 1, 3, 1, -3, -6, -1, -3, -3, 1, 3, -5, 1, 3, -3]
 
1.4834741106221991: [0, -1, -4, 4, -4, -1, 3, -3, -2, -7, -4, -6, -3, -1, 4, -7, -4, 3, -5, -8, -1, -1, 3, -3, 4, -4, 2, 1, -6, -6, -2, 0, -2, 4, -8, 3, -5, 4, -6, -5, -8, 1, -4, 2, -2, -1, -8, 3, 1, -1, 0, 2, -8, 2, -5, -2, 2, -6, -5, -6, -7, 2, 2, -8, 4, 1, 3, 2, -8, 3, 1, -2, -6, 4, -6, 1, -2, -1, -8, -2, 4, -8, -7, -1, -8, 2, 2, -2, -8, -2, 3, -3, 2, 2, -3, -7, 3, 0, -7, -7, 2, 2, 4, 1, 2, -3, -5, -5, -4, -2, -7, 0, -7, 1, 2, 1, -3, -6, -3, 3, -3, -3, -7, -1, 2, 1, 3, -3]
 
1.0619634413525543: [-8, -6, -8, -7, 2, 0, 2, -1, 4, -1, -3, 3, -3, -6, 4, 1, -5, -8, 2, -3, -4, -4, -5, 4, -7, -8, -4, -2, 0, -3, 4, -5, -7, -8, 4, 1, 1, -5, -4, -8, 1, -7, -4, -5, 0, 1, 3, 1, -4, -2, -5, 2, -2, 2, -8, -1, -1, 3, -7, 1, -7, 2, -7, -3, 4, -2, -6, -4, -6, -5, -5, -7, 2, -1, 0, -6, -3, -7, -3, -6, -5, 3, -1, -4, -8, 2, -7, 3, -6, -2, 2, 4, -1, 2, -3, -7, 3, 0, -7, -7, 2, 2, 4, 1, 2, -3, -5, -5, -4, -2, -7, 0, -7, 1, 2, 1, -3, -6, -3, 3, -3, -3, -7, -1, 2, 1, 3, -3]
 
2.40891601277: [-1, -2, -7, -3, -8, 1, -7, 4, -2, 3, 0, -3, 3, -7, 0, -7, -1, 0, 1, 4, -1, -3, -4, 2, -8, 0, -3, -2, -5, 3, -6, -2, -2, 1, -5, -7, 4, -4, -7, 2, -3, -5, 4, -3, -2, -3, 1, -5, -1, -8, -1, 0, -2, 4, -7, 3, 0, -6, 3, 4, -7, 0, -3, 3, -6, -6, -7, 0, -8, -5, -5, -7, 2, -1, 0, -6, -3, -7, -5, -6, -5, -2, -8, -4, -8, 2, -7, 0, -6, 0, 2, 4, 2, -5, -6, -3, 3, 0, 1, -2, 4, 0, -8, -7, 3, -2, 4, 0, 4, -4, 4, 4, 1, -5, -6, -7, -8, 2, -4, -5, 3, -6, -6, -3, -5, 0, 2, -7]
 
2.04003980219: [-8, -6, -7, -3, -8, 3, -1, 3, -5, -7, -4, -5, -3, -6, -3, 0, -5, 0, 1, -8, 4, 0, 4, -2, -5, 4, -2, -6, -4, -7, 2, -6, -8, -3, -7, -1, -1, -3, -4, -1, 1, -8, -7, -6, 0, -3, 2, -3, 0, -1, -1, 2, -6, 3, -8, -6, -1, 2, -1, 1, -8, 4, 3, 0, 4, -6, -6, -4, -4, -3, -8, 0, -8, -4, -5, -5, 4, -3, -5, -3, -7, 2, -1, 1, -6, -8, -3, 1, -7, -2, -6, -4, 3, 1, -3, 1, -8, 0, 2, -7, 2, 0, 4, -6, -3, 4, -5, -4, 1, -2, -5, -7, 4, 3, 1, 1, -5, -3, -6, -1, 1, -3, 1, 3, -5, 1, -3, -8]
 
1.06026871269: [0, -6, -6, -6, -1, -1, 0, 1, -1, 2, -1, -7, -3, 2, 0, -1, 2, 4, -5, -2, 0, -2, -5, -6, 4, -1, -2, -7, 3, 2, -5, -1, -5, -6, -1, -2, -4, 4, 2, 0, 4, 0, 4, -2, -5, 3, 3, -2, -1, -5, -1, -1, 0, -5, -8, -1, -4, 2, -7, 3, 3, -4, -8, -8, -6, -5, 4, 0, -1, -7, -5, -6, 4, -4, 3, -7, -8, -7, -4, 1, -7, -7, -4, -7, 0, -1, 1, 0, 4, -7, 1, 4, -2, 1, 3, 2, -2, -1, -8, -4, -1, -1, 4, -2, -1, -6, -1, -5, -6, 3, -7, 0, -7, 3, 2, 1, 1, -6, -3, 3, 2, -3, 0, -1, 2, 1, 3, -8]
 
1.5191507147: [-2, 3, -6, 1, -3, 2, -8, -2, -3, 2, -8, 4, 2, 2, -7, -1, 0, 3, -5, -2, 2, -8, -5, -3, 0, -6, -3, -7, 3, -6, 1, -2, -5, 2, -4, 1, -4, -3, 2, 0, 4, 1, 4, -7, -2, 3, -8, -8, -3, -5, -1, 0, -1, -5, -1, 3, 0, -5, -7, -8, 3, -1, -6, -8, -8, 0, 4, 0, -6, -3, 0, 4, -5, -2, -8, 0, 2, -8, -4, -1, -7, -7, -3, -7, -1, 0, 1, -6, 4, -8, 2, 0, -8, 1, 3, 0, 3, -2, 0, -2, -1, -1, 4, -2, -3, -4, -2, -5, -1, 0, -4, -2, -7, 1, 2, 1, -3, -6, -3, 3, -3, -3, -7, -1, 2, 1, 3, -3]
 
1.04569269873: [2, 1, 1, -7, -7, 0, 2, -1, 4, -1, -3, -5, -3, -6, 4, 1, -5, -8, 2, -5, -4, -2, 0, -7, -1, 3, 0, 4, -5, 0, 0, -3, -4, -4, -6, 1, -2, 2, -8, -7, -3, 2, 4, 2, 0, -7, 0, 4, -7, 1, -7, -8, -2, -5, -7, -4, -1, 0, -6, 3, -6, -2, -4, -8, 4, 0, -1, 4, -6, 0, -6, 1, 2, -1, -6, -6, -6, -5, -3, 0, 1, -1, -1, 1, -8, -5, -4, -5, -6, 1, 2, 2, -1, 2, -3, -7, 3, 0, -7, -7, 2, 2, 4, 1, 2, -3, -5, -5, -4, -2, -7, 0, -7, 3, 3, 2, 4, -5, -1, -6, -4, -5, -6, 1, -3, -7, -3, -7]
 
2.06447645307: [-1, -3, 1, -2, -2, 1, -8, 1, 4, -5, -6, -5, 1, 2, -4, -4, 4, 4, 0, -1, -8, 0, 0, 1, -5, -7, -4, 4, -2, 3, 4, 4, -6, 0, 0, 1, -1, -8, -6, -5, 1, -1, -7, -6, -1, -3, 3, -3, -4, -1, -1, 2, -3, 2, -8, -1, -1, 3, -7, 1, -7, -2, -6, 1, 4, -2, -6, 4, -6, 0, -5, 1, 2, -1, -6, -6, -3, -5, -3, 2, 0, 2, -1, 1, -8, -5, -4, -5, -6, -2, 2, 4, -8, 3, 0, 0, 1, -2, 4, -2, 2, -4, 4, -6, -4, 1, -5, -5, -7, -2, -3, -4, 2, -1, 3, -6, 4, -5, -1, 2, -4, -5, -6, -2, -3, -7, 4, 0]
 
1.16794968534: [-8, -6, -8, -7, 2, 0, 2, -1, 4, -1, -3, 3, -3, -6, 4, 1, -5, -8, 2, -3, -4, -4, -5, 4, -7, -8, -4, -2, 0, -3, 4, -5, -7, -8, 4, 1, 1, -5, -4, -8, 1, -7, -4, -5, 0, 1, 3, 1, -4, -2, -5, 2, -2, 2, -8, -1, -1, 3, -7, 1, -7, 2, -7, -3, 4, -2, -6, -4, -6, -5, -5, -7, 2, -1, -5, -5, -8, -6, 2, 3, -8, 2, -6, -7, 2, -5, 3, 0, -1, 2, -5, -1, 1, 3, -8, 1, 4, -2, 0, -4, -6, -5, -1, -4, 0, -8, -5, -4, -8, -1, -6, -3, -5, 4, -7, -5, -2, -3, -1, -2, 3, 1, -3, -3, -2, -3, -3, 1]
 
0.825534423624: [2, -8, 2, -3, 0, 1, 2, -2, 3, 3, -6, 0, 2, -2, -8, -7, -2, 0, -7, -3, -1, -5, -5, -8, 2, 2, -2, -5, 2, -7, -3, 2, -8, -3, -1, -8, -3, -8, -1, 2, -8, 1, -1, -3, 1, -3, -2, -8, -1, 0, 3, -5, -2, -1, 2, -7, 4, -6, 2, 0, 4, 4, 2, 3, 1, -7, 1, -5, 3, -3, -4, -6, 0, -3, 0, -6, -3, -2, -6, -8, -6, -7, -1, -4, -8, 2, -7, 0, -6, -2, -7, 4, -1, 2, -3, -7, -3, 2, -7, -7, 2, -6, 4, 1, 2, -3, -5, 2, -4, -2, -7, 0, 2, 1, 2, 0, -3, 1, 0, 3, -3, -8, -7, -1, 1, 1, 3, -3]
 
0.703871016629: [-8, -6, -7, -3, -3, 3, -1, 0, -5, 3, 2, -5, -3, 2, -3, -7, -5, 0, 1, -8, -1, 0, -2, -2, -6, -2, -2, -6, -4, -7, 2, -5, -8, -3, -7, 1, -1, -8, -3, -4, 1, -1, -7, -6, 0, -3, 3, -3, 0, -1, -1, 2, -6, 2, -1, 3, 0, -5, -7, -8, 3, -1, -6, -8, -8, 0, 4, 0, -6, -3, 0, 4, -5, -2, -8, 0, 2, -8, -4, -1, -7, -7, -3, -7, -1, 0, 1, -6, 4, -8, 2, 0, -8, 1, 3, 0, 3, -2, 0, -2, -1, -1, 4, -2, -3, -4, -2, -5, -1, 0, -4, -2, -7, 1, 2, 1, -3, -6, -3, 3, -3, -3, -7, -1, 2, 1, 3, -3]
 
0.87339000071: [-1, 3, -6, 2, -3, 2, -8, -2, -2, 2, -8, 4, 3, -4, -7, -1, -3, 3, -7, -2, 2, -7, -5, -3, 1, -6, 1, -7, -7, 3, 1, -2, -5, 4, -4, -1, -4, 2, 2, 0, 4, -6, -8, -7, -2, 3, -8, -8, 2, -5, 3, -3, -1, -5, -8, -6, -1, 2, -4, 1, 3, -3, -5, 1, 4, -4, 4, -8, -6, -2, 0, -3, 0, -2, 2, 2, -1, -7, 2, -3, -7, 2, -1, 1, -1, -5, -2, 4, -6, -2, 2, -6, 2, 3, -3, 0, -1, -4, 2, 4, 2, -3, 4, -6, -4, -3, -5, 0, 0, 4, -5, 4, 0, 4, 1, 4, 0, -3, -6, -1, -3, -2, 1, 3, -4, 1, -3, -8]
 
1.36378058253: [0, -1, -4, 4, -4, -1, 3, -3, -2, -7, -8, 4, 2, 2, -7, -1, 0, 3, -5, -2, 2, -8, -5, -3, 0, -6, -3, -7, 3, -6, 1, -2, -5, 2, -4, 1, -4, -3, 2, 0, 4, 1, 4, -7, -2, 3, -8, -8, -3, -5, -1, 0, -1, -5, -1, 3, 0, -5, -7, -8, 3, -1, -6, -8, -8, 0, 4, 0, -6, -3, 0, 4, -5, -2, -8, 0, 2, -8, -4, -1, -7, -7, -3, -7, -1, 0, 1, -6, 4, -8, 2, 0, -8, 1, 3, 0, 3, -2, 0, -2, -1, -1, 4, -2, -3, -4, -2, -5, -1, 0, -4, -2, -7, 1, 2, 1, -3, -6, -3, 3, -3, -3, -7, -1, 2, 1, 3, -3]
 
1.00075795008: [-2, 3, -6, 1, -3, 2, -8, -2, -3, 2, -4, -6, -3, -1, 4, -7, -4, 3, -5, -8, -1, -1, 3, -3, 4, -4, 2, 1, -6, -6, -2, 0, -2, 4, -8, 3, -5, 4, -6, -5, -8, 1, -4, 2, -2, -1, -8, 3, 1, -1, 0, 2, -8, 2, -5, -2, 2, -6, -5, -6, -7, 2, 2, -8, 4, 1, 3, 2, -8, 3, 1, -2, -6, 4, -6, 1, -2, -1, -8, -2, 4, -8, -7, -1, -8, 2, 2, -2, -8, -2, 3, -3, 2, 2, -3, -7, 3, 0, -7, -7, 2, 2, 4, 1, 2, -3, -5, -5, -4, -2, -7, 0, -7, 1, 2, 1, -3, -6, -3, 3, -3, -3, -7, -1, 2, 1, 3, -3]
 
0.835338331461: [-1, 0, -4, 4, -4, -1, 3, -3, -2, -7, -8, -5, 3, 2, -7, -1, 0, 3, 0, 1, 1, -8, -5, -6, 1, -6, -3, -7, 3, -6, -5, -2, -5, 2, 2, 1, -6, -7, 2, -4, -8, -7, -3, -7, -2, -4, 1, -8, -3, -6, -1, 0, -1, -5, -1, 3, -3, -3, -7, -8, 1, -1, -7, -8, -8, -8, 4, 0, -6, -5, -5, -3, 2, -1, -6, -6, -3, -5, -7, -7, 0, 2, -1, 1, -2, -5, -4, -5, -7, -2, 2, 4, -1, -3, -3, -7, 3, 0, 0, -7, 2, 2, 4, 1, 2, -3, -5, -5, -4, -2, -5, -7, -3, -3, -4, 1, 4, -3, -1, -6, -6, -4, 0, 1, -3, 1, -6, -7]
 
1.59419941347: [-1, -2, -7, -3, -8, 1, -7, 4, -2, 3, 0, -3, 3, -7, 0, -7, -1, 0, 1, 4, -1, -3, -4, 2, -8, 0, -3, -2, -5, 3, -6, -2, -2, 1, -5, -7, 4, -4, -7, 2, -3, -5, 4, -3, -2, -3, 1, -5, -1, -8, -1, 0, -2, 4, -7, 3, 0, 3, -7, 1, -7, -2, -6, 1, 4, -2, -6, 4, -6, 0, 0, 4, -5, -2, -8, 0, 2, -8, -4, -1, -7, -7, -3, -7, -1, 0, 1, -6, 4, -8, 2, 0, -8, 1, 3, 0, 3, -2, 0, -2, -1, -1, 4, -2, -3, -4, -2, -5, -1, 0, -4, -2, -7, 1, 2, 1, -3, -6, -3, 3, -3, -3, -7, -1, 2, 1, 3, -3]
 
-1000: [-8, -6, -6, 0, -3, 3, 0, 0, -5, -6, 0, -6, -3, -3, -3, -2, -7, -3, 1, -8, -1, 0, -2, -2, 3, -2, -2, 0, 0, -7, 3, -5, -8, -4, -7, -4, -1, -8, -8, -6, 1, -1, -7, -6, 0, -3, 3, 1, -4, 0, 4, 2, 1, 2, -8, -6, -1, 2, -7, -5, -3, 4, 3, -2, -1, 1, 4, -4, -6, 4, -5, -1, -1, -1, 0, 2, -3, -7, -2, -6, -8, 1, -8, -4, -8, 2, -7, 0, -6, 0, 2, 4, 2, -5, -6, -5, 3, 0, 4, -7, -6, 1, 2, -2, -4, 0, -5, -2, -7, -3, -6, -4, -2, -1, -8, -6, 4, -8, 4, 2, -2, 2, -2, -6, -5, -8, 4, 0]
 
1.36406626047: [2, 1, -4, 1, -7, -1, -7, -5, -6, -2, -5, -5, -8, -6, 4, 4, -8, 0, -5, -2, -8, -7, 0, 2, -1, 2, 2, -5, -8, -3, 0, 2, -6, -5, 0, 1, 1, 0, -6, 1, 1, -3, 1, -8, 2, -3, -1, -3, -2, -5, -1, 2, -8, 2, 0, 1, 4, -3, 3, -5, -4, -2, 0, -1, 2, -2, 4, -8, -5, 0, -3, 3, 2, -3, -6, 4, 0, 4, -2, 3, 4, -3, -6, 0, -2, 2, -3, -5, 3, -2, 1, -3, 2, -4, -1, -4, -2, -2, -5, -2, 4, 0, -8, -7, 3, -2, 4, 0, 4, -4, 4, 4, 1, -5, -6, -7, -8, 2, -4, -5, 3, -6, -6, -3, -5, 0, 2, -7]
 
1.3699664388: [-1, -2, -7, -3, -8, 1, -7, 4, -2, 3, 0, -3, 3, -7, 0, -7, -1, 0, 1, 4, -1, -3, -4, 2, -8, 0, -3, -2, -5, 3, 4, 4, -7, -8, 4, 1, 1, -5, -4, -8, 1, -7, -4, -5, 0, 1, 3, 1, -4, -2, -5, 2, -2, 2, -8, -1, -1, 3, -7, 1, -7, -2, -6, 1, 4, -2, -6, 4, -6, 0, -5, 1, 2, -1, -6, -6, -3, -5, -3, 2, 0, 2, -1, 1, -8, -5, -4, -5, -6, -2, 2, 4, -1, 2, -3, -7, 3, 0, -7, -7, 2, 2, 4, 1, 2, -3, -5, -5, -4, -2, -7, 0, -7, 3, 3, 2, 4, -5, -1, -6, -4, -5, -6, 1, -3, -7, -3, -7]
 
1.83275553341: [4, -3, 1, -2, -2, 1, -7, -5, 4, -5, -5, -5, 1, 2, -4, -5, 4, 4, 0, -1, -8, 0, 0, 1, -5, -7, 3, -6, -2, 3, 4, 4, -6, 1, 1, -3, -1, 2, -3, -1, 1, -1, -7, -8, -1, -3, -1, -2, -4, -1, 2, 2, -3, 3, -7, -5, -1, 3, -7, 1, -7, 1, 3, -1, 4, -2, -6, -4, 3, -5, -6, 0, -2, -1, 0, -6, -3, -7, -3, -1, -5, 0, 4, -4, -8, 2, -7, -1, -6, -2, 0, 4, -5, 4, 3, -3, 3, 0, -1, -7, -5, 3, -8, -7, -4, 0, 4, -1, 4, -5, -6, 0, 1, 1, -7, -8, 1, 0, 3, 1, 4, 1, 1, -3, -5, 0, -5, -5]
 
1.27932248764: [-1, -1, 4, 1, -4, -8, 1, 0, -5, 0, -6, -2, 1, -7, -4, 0, -5, 4, 0, 4, 2, -6, 2, 4, 3, -7, 2, 1, 3, 3, -3, -8, -7, 0, -3, -7, 4, -3, -7, -7, 3, -5, -5, -7, 1, -6, 0, -4, -3, -7, -1, 2, 2, -6, -7, -5, 3, 0, 2, 3, 0, -3, 1, -1, -3, -2, -6, 4, 0, -2, -6, -1, 2, 0, -7, -6, -3, -5, -2, 0, 0, 2, -3, 1, -4, 2, -8, -5, -1, 4, 2, 1, 0, -5, -4, 0, -4, 0, 2, -7, -1, -3, 2, -4, -4, 1, -3, 0, 4, -8, 1, 0, 3, -8, -4, -8, 4, -3, -4, -2, -2, 1, -1, -3, -3, -8, -5, -7]
 
0.37256316749: [-2, -2, -7, 3, -8, -4, -6, 2, 0, -3, -4, -3, 4, -7, 0, -7, -1, 0, -1, 2, -1, 2, -4, 3, -3, 0, -7, 2, 0, 3, -6, -4, 3, 1, 4, -6, 4, -6, 3, -8, -2, -4, 3, -1, -6, 3, 1, 0, 3, -3, -8, 0, -1, -6, -7, 3, -7, -7, -7, -3, 1, -5, 4, 2, -5, -6, 0, 0, -8, 2, -8, 0, -5, 3, 1, -3, 4, -6, 2, -3, -2, 2, -1, 1, -6, 4, -3, -5, -3, -2, 2, -2, 3, 3, 3, -2, 1, 2, -7, -7, -5, -5, 0, -7, 3, 3, 3, 1, 4, 2, 1, -3, 1, -8, -7, 0, 0, -7, -7, -2, -5, 3, 0, -3, 2, -3, 3, -6]
 
1.24824155336: [-5, -2, -7, -3, -6, 1, -7, -8, -2, 3, 0, -3, 2, -7, 1, -7, -1, 1, -7, 4, -1, -3, -3, 2, -8, -1, -1, -2, -7, -3, 4, -5, -7, -2, 2, 1, 1, -5, -4, -8, 3, -4, -4, -5, 0, 1, 4, 1, -4, -2, -5, -3, -2, -8, -8, 3, -1, 3, 3, 1, 1, 4, -8, -3, -7, -2, -6, -4, -6, -5, -5, -7, 2, -3, 2, -6, 2, -7, 2, -6, -7, 3, -1, -4, 2, 2, -7, 3, 1, -2, -2, 2, -1, 2, -4, -7, 3, 0, -7, -8, 2, -1, -7, 1, 0, -5, -4, -5, -4, -7, -7, 0, -7, 1, 4, -4, -3, -6, -3, -7, -3, -3, 2, -1, 2, 1, 1, -7]
 
1.74067056465: [-8, -6, -8, -7, 2, 0, 2, -1, 4, -1, -3, 3, -3, -6, 4, 1, -5, -8, 2, -3, -4, -4, -5, 4, -7, 0, -3, -2, -5, 3, -6, -2, -2, 1, -5, -7, 4, -4, -7, 2, -3, -5, 4, -3, -2, -3, 1, -5, -1, -8, -1, 0, -2, 4, -7, 3, 0, -6, 3, 4, -7, 0, -3, 3, -6, -6, -7, 0, -8, -5, -5, -7, 2, -1, 0, -6, -3, -7, -5, -6, -5, -2, -8, -4, -8, 2, -7, 0, -6, 0, 2, 4, 2, -5, -6, -3, 3, 0, 1, -2, 4, 0, -8, -7, 3, -2, 4, 0, 4, -4, 4, 4, 1, -5, -6, -7, -8, 2, -4, -5, 3, -6, -6, -3, -5, 0, 2, -7]
 
0.847408460222: [-1, -7, -4, -3, -8, 1, -4, -5, -8, 3, 0, -3, -5, 4, -5, -7, 3, 2, -3, -1, -1, -2, 4, 3, -8, -7, -3, 0, -8, -7, -3, -2, -3, -1, -3, -3, 1, -4, -5, 2, 1, 2, -3, -6, -3, 1, -8, -5, 0, 4, -1, -3, 3, 0, -5, -8, -2, -6, 3, 4, 1, -8, -6, -2, 1, -5, -8, -2, 3, -3, 4, 4, -2, -2, 0, -5, -4, -4, -3, 2, -7, -6, 2, -3, -8, -1, -4, -5, 1, -2, 2, 2, 3, 3, -5, 2, -6, 0, -4, -7, 2, -2, 0, -6, 1, 0, -5, 1, -1, -6, -4, 0, -2, -3, -2, 4, -1, -6, -4, -1, -5, 2, 3, 0, -1, -7, -5, 0]
 
0.859098578288: [0, -4, -7, -3, -3, 3, 2, 0, -1, 3, 0, -3, 2, -2, -3, -7, -1, 0, 1, -1, -1, -2, -2, 4, -6, -2, -2, -6, -4, -7, 2, -5, -4, -3, -7, 0, -5, -8, -6, 2, -4, 1, -7, 0, 2, -3, -2, -3, 1, 3, -1, 0, -6, 0, -7, 3, -2, -6, -7, -2, 4, 0, -3, 3, 3, -6, 1, -6, -2, -3, -4, -6, 2, 3, -5, -5, -3, -2, -8, -1, -7, -5, -6, 2, -6, -6, 0, -6, -3, -4, 4, 2, -6, -8, -8, 0, 4, -6, 4, -8, 4, 0, -5, -2, -5, 4, 1, -7, -8, -5, 3, 0, -7, 3, 1, 3, 1, -3, -6, -3, 1, 0, -8, 3, -6, 1, 3, -3]
 
2.09060469711: [-2, 3, -6, 1, -1, 2, -8, -4, -3, 2, -8, 4, 2, 2, -7, -1, 0, 3, -5, 3, -8, -8, -1, -4, -4, 1, 1, -6, -5, 1, -1, -8, 0, -3, -5, -3, 3, -8, -4, 2, 2, -8, 2, -3, -2, -3, 1, 1, 1, 3, -1, 0, -1, -5, -5, 3, 0, -5, -7, -5, -5, -2, 2, -1, 2, -2, 4, 4, -6, 0, 1, 1, 2, -1, -5, -5, -2, -1, -5, 3, 4, -8, -4, -1, -8, 2, 4, -4, 3, -2, 2, -8, 2, -3, -1, -4, -2, -8, -5, -6, 1, -5, 4, -8, 3, 0, 4, -8, 4, 2, 1, -3, 1, -8, -7, -8, 0, -7, -3, -2, -5, 3, -6, -3, 2, -3, -5, -8]
 
1.52079661145: [-1, -3, 4, 1, -4, -8, 1, 0, -5, -8, -6, -2, 1, -7, -4, 0, -2, 4, 0, 2, -2, -6, 2, 1, 3, -7, 2, 4, -3, 3, 4, 0, 1, -3, -3, -7, 4, -3, -7, -7, -6, -5, -5, -7, -2, -6, 0, 4, -5, -7, -1, 0, 2, -6, -7, -5, 3, 3, -6, 1, 4, -6, 1, -1, -5, -2, -6, 4, 0, -8, -6, 1, 2, -1, -6, -6, -2, -5, -2, 2, 0, 2, 1, 1, -3, -5, -8, -5, -1, -3, 2, 1, 3, 3, -5, -2, 1, 2, 1, -7, -5, -5, -7, -5, 1, -3, -6, -2, -7, -2, -3, -4, 2, -1, 3, -6, 4, -5, -1, 2, -4, -5, -6, -2, -3, -7, 4, 0]
 
0.780425710294: [-2, -6, -8, 4, 2, 0, -3, -1, -3, -1, -8, 3, -3, -6, -2, -3, -5, -8, -2, -3, -4, -5, -7, 0, -5, -8, -4, -2, 0, -3, 4, -5, -7, -8, 4, -5, 1, 2, -8, 4, -6, 2, -2, -2, 0, -7, 4, 4, -7, -8, 3, -8, 1, -5, -8, 0, 0, 3, 3, 1, 4, 0, -5, -1, 1, -1, -3, 4, -6, -2, -6, 4, 2, -8, -2, -2, -3, 2, 2, 2, -7, 2, -5, -5, 3, -4, -4, 3, -4, 2, -8, -1, -4, -5, -8, 0, 3, -8, 3, 0, -6, -7, -2, 1, -8, 1, -5, -2, 2, 4, -6, -4, -5, 4, -7, -5, -2, -3, -1, -2, 3, 1, -3, -3, -2, -3, -3, 1]
 
0.528433676264: [2, -8, 2, -3, -3, 1, 2, 0, 3, 3, 0, -5, 2, -2, -6, -7, -3, 0, -7, -1, -1, -4, -5, -8, -8, 2, -2, -6, -7, -7, -8, 2, -6, -3, -1, 3, 4, -8, -6, 2, -4, 1, -1, -3, -1, -3, -2, -8, 1, 0, -1, -5, -2, -1, -3, -7, 4, -6, -5, 0, 4, 4, -3, 3, 3, -1, -5, -5, 3, -3, -4, -6, 0, -3, -5, -5, -8, -6, 2, 3, -8, 2, -6, -7, 2, -5, 3, 0, -1, 2, -5, -1, 1, 3, -8, 1, 4, -2, 0, -4, -6, -5, -1, -4, 0, -8, -5, -4, -8, -1, -6, -3, -7, -2, -4, -3, -1, 4, 0, -8, -2, 1, 1, -7, -7, -4, 3, 0]
 
1.48332954504: [-2, 3, -6, 1, -3, 2, -8, -2, -3, 2, -8, 4, 2, 2, -7, -1, 0, 3, -5, -2, 2, -8, -5, -3, 0, -6, -3, -7, 3, -6, 1, -2, -5, 2, -4, 1, -4, -3, 2, 0, 4, 1, 4, -7, -2, 3, -8, -8, -3, -5, -1, 0, -1, -5, -1, 3, 0, -5, -7, -8, 3, -1, -6, -8, -8, 0, 4, 0, -6, -3, 0, 4, -5, -2, -6, -6, -3, -7, -3, -6, -5, 2, -1, -1, 4, 2, -7, 3, -6, 0, 2, 2, 2, -8, -3, -7, 1, 0, -5, -7, 2, -6, 4, 1, -3, -4, -2, -5, -1, 0, -1, -2, 1, -6, 2, 1, -3, -6, -3, 3, -3, -4, -3, 2, 2, 1, 0, -3]
 
1.99261275981: [-8, -1, 1, -7, 2, -4, 2, 4, 4, -1, -3, -8, -3, -6, 4, 1, 1, -8, 2, -6, 4, -4, -2, -1, -7, 4, -4, -2, 3, -3, -4, -5, -7, -8, -7, 4, 1, -5, -3, 1, 1, -7, -3, -5, 1, 1, 3, 1, -5, -2, -5, 2, -2, 4, -8, -1, 0, 3, 1, 1, -7, -1, -7, -3, -7, -4, -6, -4, -6, -3, -5, -7, 3, -1, -8, 0, 2, -8, -4, -1, -7, -7, -3, -7, -1, 0, 1, -6, 4, -8, 2, 0, -8, 1, 3, 0, 3, -2, 0, -2, -1, -1, 4, -2, -3, -4, -2, -5, -1, 0, -4, -2, -7, 1, 2, 1, -3, -6, -3, 3, -3, -3, -7, -1, 2, 1, 3, -3]
 
1.53412668995: [-3, -2, -7, 4, -8, 1, -2, -5, -4, -2, -1, -3, 3, -7, 0, -7, -1, 0, 1, 2, 2, -8, -3, 3, 0, -1, -3, -7, 3, -6, 1, -2, -5, -6, -4, 1, -4, 3, 2, 0, 4, 1, 4, -5, 1, 1, 0, 1, -3, -5, -1, 0, -1, -1, -1, 3, 0, -6, -7, -8, -1, -1, -6, -8, -8, 0, 0, 0, -6, -3, -4, 4, 2, -2, 0, -5, -5, -7, 1, -1, -3, -7, 4, -7, -1, 0, 1, 0, 1, -8, 2, 0, -8, 2, 0, -1, -8, -2, 0, -2, -1, -1, -6, -2, -3, -4, -8, -5, -1, 0, -7, -1, -7, 1, 2, 1, -3, -6, -3, -6, -3, 1, -7, -7, -3, 1, 3, -6]
 
2.67484214825: [0, -1, -4, 4, -4, -1, 3, -3, -2, -7, -8, 4, 2, 2, -7, -1, 0, 3, -5, -2, 2, -3, -4, 2, -8, 0, -3, -2, -5, 3, 4, 4, -7, -8, 4, 1, 1, -5, -4, -8, 1, -7, -4, -5, 0, 1, 3, 1, -4, -2, -5, 2, -2, 2, -8, -1, -1, 3, -7, 1, -7, 2, -7, -3, 4, -2, -6, -4, -6, -5, -5, -7, 2, -1, 0, -6, -3, -7, -3, -6, -5, 3, -1, -4, -8, 2, -7, 3, -6, -2, 2, 4, 2, 4, -3, -3, 3, 0, 1, -7, -5, -5, -8, -7, 3, -3, 4, -8, 4, -3, 4, 0, 1, -5, -7, -8, 0, -7, -3, -2, 3, 1, -6, -3, -5, 0, -5, -7]
 
