2.020498998681115: [-4, -4, -6, 2, 3, -4, 0, 4, 2, 0, 0, 4, -5, 3, 0, 2, -1, -6, 1, -4, -2, -4, 3, -5, 3, -4, -7, 3, -1, 1, 1, 2, -3, -3, -4, 1, 1, -5, -8, -2, -7, -5, 0, 1, 2, -2, 4, -4, -8, 4, -7, -1, 3, -1, -4, 4, 4, 1, -2, 3, -7, -1, -6, -3, 3, -2, -1, -2, -6, -2, -6, 4, -1, -3, -7, -5, 0, -8, -4, -3, 0, -6, -3, -1, -3, -5, -8, -2, -4, -8, -2, 0, 4, -2, -7, -5, -1, -3, 3, -1, -5, 3, -5, -6, -4, -5, 2, -4, 2, 3, 1, -2, -3, -6, -4, -8, -5, -5, 2, 2, -3, 0, -7, 3, -1, -5, 0, -6]
 
1.43715594847: [2, -8, 2, -7, -7, 0, -7, -3, -1, 4, -8, -2, 3, -3, 4, -6, 2, -2, -7, -2, 0, -4, -5, -2, 3, 1, 1, -7, -1, 1, 1, -7, -8, 4, 4, -6, -6, -5, -7, -6, -7, -5, -6, -5, 1, -1, -3, 4, -3, -1, 1, 4, -4, 2, -8, -5, 4, 2, -2, -6, -8, 2, -6, 0, -3, -8, -1, -3, -6, -2, -6, 4, 1, -3, 0, -6, 1, 2, -5, 1, -6, -1, -3, -1, -3, -5, -3, 2, 2, -8, -2, 1, 4, -4, -6, 1, 1, -3, 3, -1, 3, -7, 4, -1, 1, -5, 2, -6, 2, -7, 1, -3, -3, 0, 1, -8, -6, -5, 3, -7, -2, -6, -7, 3, 1, -6, 4, -2]
 
1.5391501079938266: [-2, 1, 2, -7, 2, 0, -2, -1, -1, -5, -7, -2, -1, -2, 0, -8, -4, 1, -6, -2, -2, 2, 0, -3, 4, 2, 1, -6, 4, -6, 4, 0, 3, 1, 3, 4, -2, -3, 4, 0, -4, -5, -1, -1, -6, -2, 2, -7, -7, 3, -7, 1, -5, 1, -5, -8, -4, 1, -2, -5, 0, -1, -1, -4, 3, -6, 4, -7, -3, -6, -5, 2, -6, -5, 1, 0, 4, -3, -8, 3, -8, -4, -2, 3, -4, 2, 2, -3, -4, 3, -8, 1, 2, 1, 4, 4, -7, -5, -4, 3, 2, -8, -7, 4, -7, 1, -8, 0, -5, -7, -7, -7, -6, 3, 3, 2, -4, -8, 4, -3, -5, -1, -1, -5, -7, 1, 1, -6]
 
1.5694932169699025: [-3, 3, 3, -4, -2, 1, 2, -2, -1, 2, -3, 2, -6, -5, 4, 0, 4, -1, 3, -6, -4, -5, 0, 2, 4, 2, 3, 1, 4, 1, -6, 0, -3, 1, 3, -7, -8, 1, 2, -2, 2, -6, -1, -1, -7, -2, 2, -7, -8, 3, -7, 1, -5, 1, -8, 4, -4, 0, -2, 1, 0, -1, 2, -4, -4, -6, 4, -7, -3, -1, -2, -7, 2, -5, 1, 0, -3, 2, -8, 3, -5, -4, -3, 3, -2, -5, -8, -6, -4, 2, -2, 3, 4, 1, 4, 1, 2, 4, -2, 1, -4, -8, -1, 1, -8, -6, -4, -6, -8, 2, -7, 0, -6, -8, -8, -7, -2, 4, 3, -6, 4, 0, -5, -1, -1, -4, 0, -6]
 
1.4273341001874276: [-7, 3, 2, -7, -3, 4, 1, -5, -1, -8, -3, -2, 2, 1, -8, 4, -6, -2, 0, -2, -1, -1, -5, -2, -5, 2, -4, -5, -4, -5, -7, -3, -3, -3, -4, 1, 1, -5, -8, -2, -7, -5, 0, 1, 2, -2, 4, -4, -8, 4, -7, -1, 3, -1, -4, 4, 4, 1, -2, 3, -7, -1, -6, -3, 3, -2, -1, -2, -6, -2, -6, 4, -1, -3, -7, -5, 0, -8, -4, -3, 0, 2, -3, 3, -3, 3, -2, -3, 4, 0, -3, -8, 0, 4, -7, -2, -1, 3, -2, 3, -7, 3, 1, -1, 3, 2, 2, -6, 2, -4, -4, 3, -1, -4, -7, -5, 3, 2, -4, 3, -3, -6, 3, -1, -7, -7, 2, 2]
 
0.555289469031: [-3, -8, -4, 0, -6, 0, -5, 1, -1, -8, -6, 4, 4, 1, -1, -1, -8, -2, 1, 4, 4, -8, -4, -4, 3, -4, 0, -1, -1, 1, 1, -4, 0, -7, -4, -3, -7, -5, -7, -1, 0, -2, 4, -8, -7, -1, -8, 0, -3, 4, -7, 4, -8, -2, -4, -4, -3, 1, 3, 3, 1, -1, 4, 2, 4, -7, -7, 3, 0, -5, -8, 4, -3, -8, 1, -6, 4, -5, 1, 2, -1, 0, -6, -4, -2, -8, 1, -4, -4, -2, 1, -2, 2, 4, 3, -4, 1, -4, 0, -1, 2, 0, -7, -3, -7, -1, -1, 0, -8, -7, -7, 0, -6, 3, -7, -6, 1, 2, 1, -3, -5, -1, 2, -4, -1, -3, -4, -7]
 
1.8965611195081138: [-4, -4, -1, 2, 3, 0, -6, -2, -1, 4, -1, -7, 3, 1, -8, 0, -6, -2, 0, -2, 0, 1, -5, -2, 3, -4, 2, 3, -1, 1, 1, 2, -3, -3, -4, 1, 1, -5, -8, -2, 0, -5, -1, 1, 2, -2, 4, -4, -8, 4, -7, -1, 3, -1, -4, 4, 0, -6, -5, -4, -2, -5, 4, -7, 3, -4, -1, -3, 0, -4, -8, -1, -1, -3, -5, 1, 0, -3, -4, -3, 0, -8, -3, 3, -3, 3, -2, -3, 4, -3, -3, -8, 0, 4, 4, -8, -1, 0, -2, 3, -6, 3, -2, -1, 3, 0, 2, 2, -2, -2, -4, 4, -1, 4, -4, -5, 0, 0, -8, 3, -3, -6, -2, 1, -7, -7, -5, 2]
 
0.403594285913: [-2, 1, 3, 4, -8, 4, -2, 2, 3, 2, -4, -1, 0, -2, 0, 3, -1, -6, 1, -4, -5, -4, 3, -5, -6, -3, -6, 3, -1, -8, -4, 2, 2, -3, -4, 1, 2, -5, -4, -3, 4, -7, -1, 1, -4, -7, -1, -5, -2, -3, -1, -7, 4, 4, -8, -7, 3, 2, -2, -6, -1, 3, -3, -7, 3, -4, 1, -2, 3, -1, 1, 4, 4, -3, -4, -5, 0, -8, -7, -3, -4, -3, -3, -7, -2, -5, -7, -4, -3, -5, 1, 1, 4, -2, 1, -4, 1, 2, -5, 3, 2, 3, 2, -3, 1, -1, -1, 0, -6, 2, -7, 0, -6, 3, 3, 2, 4, -8, 1, -3, 4, -4, -6, -7, -1, -3, -6, -2]
 
2.19987501544257: [-1, 3, 3, -4, -2, -7, -7, -2, -1, 3, -1, -7, 1, 1, 3, -3, -5, -1, -5, -4, -2, -1, 3, -7, -2, -4, -5, 3, -1, 1, 2, 2, 2, 3, -4, -7, 1, -6, -8, 2, -8, -5, -1, 3, 3, 2, -1, -5, 0, -3, -8, -3, -7, 2, -6, 1, 3, -7, -5, -4, -2, -5, -6, -1, 2, 3, -7, -5, 3, -4, -5, 4, -3, -2, 2, -6, -6, 4, 4, -7, -5, -6, -3, 3, -3, -5, 3, -7, -4, -8, -2, 0, 2, -4, 4, -8, -1, -6, 0, 4, -1, 3, -2, 1, -8, 3, 1, -8, -8, -6, -4, 0, -2, 4, -2, -2, -5, -1, -4, -7, 4, -4, 1, -5, -1, -3, -6, -2]
 
1.76315410846: [-7, 0, 2, 2, -3, 3, 0, -2, 4, -7, -8, -7, -6, 2, -2, -8, -2, -4, -5, -4, -1, -8, -5, 3, -1, -3, -1, 3, 1, 0, -6, -3, 1, -7, -2, -2, -1, 2, 4, -4, -1, -5, 0, 1, 4, -8, -5, -3, -3, 3, -2, 4, -1, -6, 4, 2, 1, 3, -4, -6, -1, 4, -6, -4, -1, -4, -6, 2, -3, 4, -3, -7, -6, -8, -1, -5, 4, 0, -6, -6, 0, 2, -2, -5, -8, -8, -8, 3, -1, 3, -4, 1, -2, 3, -1, -6, -1, -5, -6, -3, -1, 3, -1, 1, -6, 0, -5, -2, 3, -6, -3, 3, -3, -1, -7, 0, 2, -5, -4, -6, 1, -2, 0, -3, -4, -3, 4, 3]
 
2.7174931090647023: [-2, 1, 2, -7, -4, 0, -2, 2, -1, 2, -4, -2, -1, -2, 0, -8, -1, -6, 1, -4, -2, -4, 3, -5, 3, -4, -7, 3, -1, 1, 1, 2, -3, -3, -4, 1, 1, -5, -8, -2, -3, -7, 4, 1, -4, -7, -8, -5, -2, -5, -1, -6, -5, 4, -8, 0, 3, 2, -2, -6, -1, -2, -6, -7, 3, -4, -1, -2, 4, -1, 1, 4, -1, -3, -5, -6, 0, -8, -4, -3, 0, -3, -3, 4, -6, -5, -7, -6, -4, -5, 1, 0, 4, -2, 3, -4, 1, -4, -4, 3, 2, -8, 2, -3, -7, -1, -5, 0, -8, -7, -7, 0, -6, 3, 3, 2, 1, -8, 1, -3, -5, -1, -1, -4, 0, 1, 1, -6]
 
0.9408525614935668: [-6, -1, -4, -5, 0, -7, 2, -8, -4, -4, 2, 2, 3, -2, -2, -4, -5, -1, -1, -6, -2, 1, -7, -3, 4, 2, -6, 1, -6, -5, -6, -3, -7, 1, 3, -7, -2, -2, 4, 0, -5, 2, -1, -5, -7, -2, -6, -7, 0, 3, -7, 1, -4, -7, 2, -4, 3, -1, -6, -6, -1, -2, -6, -1, -3, -2, -1, -2, -6, -2, -6, 4, -1, -3, -7, -5, 0, -8, -4, -3, 0, -6, -3, -1, -3, -5, -8, -2, -4, -8, -2, 0, 4, -2, -7, -5, -1, -3, 3, -1, -5, 3, -5, -6, -4, -5, 2, -4, 2, 3, 1, -2, -3, -6, -4, -8, -5, -5, 2, 2, -3, 0, -7, 3, -1, -5, 0, -6]
 
2.578172935179134: [-4, -4, -6, 2, 3, -4, 0, 4, 2, 0, 0, -4, -7, -1, 0, -6, -1, 3, -4, -8, -2, -5, 3, -1, -6, 0, 3, 3, -1, -8, 1, 4, -2, -5, -2, 4, 4, -5, -8, -2, 3, -1, -1, -6, -3, 0, -5, -8, 0, -8, -8, -3, -5, 2, 1, 1, 0, -6, -5, -4, -2, -5, -6, -1, 2, 3, -7, -5, 3, -4, -5, 4, -3, -2, 2, -6, -6, 4, 4, -7, -5, -6, -3, 3, -3, -5, 3, -7, -4, -8, -2, 0, 2, -4, 4, -8, -1, -6, 0, 4, -1, 3, -2, 1, -8, 3, 1, -8, -8, -6, -4, 0, -2, 4, -2, -2, -5, -1, -4, -7, 4, -4, 1, -5, -1, -3, -6, -2]
 
1.22839362676: [4, 0, 3, 2, 4, -8, 2, -7, -7, -4, 0, 1, -8, -3, -7, -8, 2, 1, -7, -2, -2, 1, -8, -2, 3, -6, -6, -8, -1, -1, -3, 2, -2, -2, 3, -4, 4, 2, -7, 1, -2, -1, 0, -4, 1, -4, -4, 4, -3, -1, 4, -3, -1, 2, -4, -1, 1, -6, 1, -2, -2, -3, 2, 1, 3, -8, -5, -5, -4, 3, 2, -5, -5, -7, -4, -4, -3, 4, 4, 2, -6, 2, -3, -4, -1, 3, 3, -4, -2, -2, -2, 1, -1, -2, 1, -2, -2, 0, 2, -1, -6, -8, 1, 1, 2, -3, 1, -6, 1, -4, -7, 3, -8, -8, -2, 3, -1, 2, 4, -1, 0, -4, -8, 3, 2, -1, -2, -2]
 
1.747506952068242: [-2, 1, 2, -7, -4, 0, -2, 2, -1, 2, -4, -2, -1, -2, 0, -8, -1, -6, 1, -4, -2, -4, 3, -5, 3, -4, -7, 3, -1, 1, 1, 2, -3, -3, -4, 1, 1, -5, -8, -2, -3, -7, 4, 1, -4, -7, -8, -5, -2, -5, -1, -6, -5, 4, -8, 0, 3, 2, -2, -6, -1, -2, -6, -7, 3, -4, -1, -2, 4, -1, 1, 4, -1, -3, -5, -6, 0, -8, -4, -3, 0, -3, -3, 4, -6, -5, -7, -6, -4, -5, 1, 0, 4, -2, 4, -8, -1, 0, -2, 3, -6, 3, -2, -1, 3, 0, 2, 2, -2, -2, -4, 4, -1, 4, -4, -5, 0, 0, -8, 3, -3, -6, -2, 1, -7, -7, -5, 2]
 
2.0340898223640544: [4, -5, -2, 3, -6, -8, 4, -2, 3, -7, 1, 4, 3, 1, -5, 2, -6, -5, 2, -3, -1, -2, -5, -2, -5, -2, -4, -6, 2, -7, -8, 4, -2, -7, -4, 3, -8, -1, -8, -8, -2, -1, -6, 1, 2, 1, 4, -4, -8, 2, -7, -5, -8, -1, -5, -1, 3, 1, -5, -8, -7, -1, 4, -8, -2, -1, -7, 3, 0, -5, -4, 4, -3, -8, 0, -2, 4, -1, 2, 0, 4, 2, 4, 0, -7, -2, -4, -2, -2, -7, -2, -8, 0, 2, 0, -4, 1, -4, -4, 3, 2, 0, -2, 1, -8, 3, 1, -8, -8, -6, -4, -6, -2, -7, -2, -2, -5, -1, 3, -7, 4, -2, 1, -5, 3, -5, 2, -2]
 
3.031165256072798: [-2, 1, 2, -7, -5, 0, -6, -2, -1, 4, -1, -2, -1, -2, 0, -8, -1, -6, 1, -4, -2, -4, 3, -5, 3, -4, -7, 3, -1, 1, 1, 2, -3, -3, -4, 1, 1, -5, -8, -2, -3, -7, 4, 1, -4, -7, -8, -5, -2, -5, -1, -6, -5, 4, -8, 0, 3, 2, -2, -6, -1, -2, -6, -7, 3, -4, -1, -2, 4, -1, 1, 4, -1, -3, -5, -6, 0, -8, -4, -3, 0, -3, -3, 4, -6, -5, -7, -6, -4, -5, 1, 0, 4, -2, 3, -4, 1, -4, -4, 3, 2, -8, 2, -3, -7, -1, -5, 0, -8, -7, -7, 0, -6, 3, 3, 2, 1, -8, 1, -3, -5, -1, -1, -4, 0, 1, 1, -6]
 
0.456541611874: [4, 4, -5, -4, 4, -4, -5, 0, 3, 0, 3, 4, -1, 2, 0, 0, 0, 3, -5, 2, -8, -8, 3, -7, -4, -3, -5, -7, -1, -4, 2, -2, 4, 2, 3, -7, -4, 3, -5, 2, -8, -1, 4, -5, -4, 3, -2, -5, -2, -3, 0, 2, -7, 4, -6, 0, 0, 2, -2, -6, 3, -1, -2, -1, -7, 4, -3, -5, -5, -6, 4, -8, -7, -2, 2, -1, -6, 1, -1, -2, -1, -6, 0, 3, 4, -2, 3, 3, -3, -8, 1, -4, 2, 2, 3, -6, 0, 2, 0, -1, 3, 3, 1, 0, -8, 3, -7, -4, 1, -6, -4, -7, -7, 3, 3, -2, -1, -1, -4, 0, -8, -4, 3, 0, 2, -3, -2, -5]
 
2.059867928115118: [-3, -8, -2, 3, -4, -6, -1, -2, 3, -1, -6, 4, -5, 3, 0, 2, -1, -6, 1, -4, -2, -4, 3, -5, 3, -4, -7, 3, -1, 1, 1, 2, -8, -5, 0, 2, 4, -5, -8, -5, 3, -1, -1, -2, 4, 3, -5, 3, -6, -4, -3, -3, -7, -2, 4, 0, -3, 2, -5, -5, -1, -2, -3, -7, 3, -4, -1, -3, 0, -4, -8, -1, -1, -3, -5, 1, 0, -3, -4, -3, 0, -8, -3, 3, -3, 3, -2, -3, 4, -3, -3, -8, 0, 4, 3, -4, 1, -4, -4, 3, 2, -8, 2, -3, -7, -1, -5, 0, -8, -7, -7, 0, -6, 3, 3, 2, 1, -8, 1, -3, -5, -1, -1, -4, 0, 1, 1, -6]
 
1.3043104381340016: [-5, -4, -7, -2, -8, -4, 0, -4, 2, 4, 0, 1, 4, 1, 0, -6, -3, 3, 2, -6, -6, -2, 0, 2, -8, -8, 3, 4, 2, -6, 4, -6, -6, -5, -2, -4, 4, 3, -8, -8, -5, -1, 1, -7, 0, 2, -6, -8, 4, -3, -1, -3, 3, -4, 3, -7, -5, -6, -8, -5, -5, -5, -2, -1, -8, 3, -7, 0, 3, 4, -5, 4, 2, -1, 2, 1, -5, -1, 4, -7, -3, -6, -3, -1, -3, -5, 3, -5, -5, 4, -2, 0, -7, -1, 4, -5, 4, -8, 3, 3, -5, -1, -4, -6, 3, 4, -2, -1, 2, 3, 0, -2, 4, -6, -4, 2, -6, 3, -6, -4, -3, -3, -1, -1, 3, -8, -6, -6]
 
1.3816233416547576: [-1, 3, 3, -4, -2, -7, -7, -2, -1, 3, -1, -7, 1, 1, 3, -3, -6, -2, 2, -2, 2, -4, -5, -2, -5, -4, -4, -6, 2, 2, 4, -3, -6, -5, -2, -4, 4, 0, -8, -8, -5, -1, 1, -6, -3, 0, 2, -8, 0, -3, -8, -3, -5, -4, 1, 1, -5, -6, -5, -4, -1, -5, -8, -1, -8, 3, -7, 0, 3, -4, -5, 4, 3, -1, 2, 1, -5, -1, 4, -7, -5, -6, -3, -4, -3, -5, 3, -5, 4, -2, -2, 0, 0, -1, 4, -5, 4, -8, 3, -1, -5, 3, -4, -6, -4, -5, -2, -7, 2, 3, 0, -2, -3, -6, -4, -8, -6, 3, -6, -4, -3, 0, -7, -1, 0, -5, 0, -6]
 
1.9386225540904223: [-2, 1, 2, -7, -5, 0, -6, -2, -1, 4, -1, -7, 3, 1, -8, 0, -6, -2, 0, -2, 0, 1, -5, -2, 3, -4, -5, 3, -1, 1, 2, 2, 2, 3, -4, -7, 1, -6, -8, 2, -8, -5, -1, 3, 3, 2, -1, -5, 0, -3, -8, -3, -7, 2, -6, 1, 3, -7, -5, -4, -2, -5, -6, -1, 2, 3, -7, -5, 3, -4, -5, 4, -3, -2, 2, -6, -6, 4, 4, -7, -5, -6, -3, 3, -3, -5, 3, -7, -4, -8, -2, 0, 2, -4, 4, -8, -1, -6, 0, 4, -1, 3, -2, 1, -8, 3, 1, -8, -8, -6, -4, 0, -2, 4, -2, -2, -5, -1, -4, -7, 4, -4, 1, -5, -1, -3, -6, -2]
 
1.7053955638596956: [4, -2, 2, 4, -8, -4, 3, -2, -5, -4, -6, 0, -7, 1, 4, 0, -8, -6, 1, -4, -8, -4, 0, -4, -8, -4, -6, 3, -1, 1, 1, -6, -3, -1, -8, 1, 1, -5, 3, 3, 3, -5, -4, 3, 4, -6, 4, 2, -7, 3, -7, -1, -4, -7, 2, -4, 0, 0, 2, 0, 0, -1, -7, -4, 1, 0, 1, 1, 4, -1, -2, 1, 0, 4, 1, 0, 1, -3, -3, 1, -5, -1, 2, 3, 1, 4, -6, -6, -4, -1, 0, -2, 4, 1, 3, -5, 1, -4, -4, -1, 2, 4, 2, -3, -7, -1, -5, -4, 1, -3, -7, 4, -1, -4, -3, 3, -3, -4, -3, -3, -5, 3, -1, -3, 0, 1, -8, 3]
 
4.483137874806337: [-3, -8, -2, 3, -4, -6, -1, -2, 3, -1, -6, 4, -5, 3, 0, 2, -5, -6, 1, -4, -2, -2, 3, -4, -5, -4, -4, 0, -4, -5, -7, -3, -6, -5, -2, 4, 4, -5, -8, -2, 3, -1, -1, -6, -3, 0, -5, -8, 0, -8, -8, -3, -5, 2, 1, 1, 4, 1, -2, 3, -7, -1, 4, 2, 3, -7, -7, 3, 0, -5, -4, 4, -3, -8, 0, -6, 4, -6, 2, 0, -1, 2, -2, 0, -7, -2, -4, 0, -4, -2, -2, -8, 2, 4, 3, -4, 1, -4, -4, 3, 2, -8, 2, -3, -7, -1, -5, 0, -8, -7, -7, 0, -6, 3, 3, 2, 1, -8, 1, -3, -5, -1, -1, -4, 0, 1, 1, -6]
 
1.54028801131: [-8, -1, -2, 3, -4, -6, -1, -2, 3, -4, 4, -7, -5, 3, 1, -3, -8, -6, -2, 4, -2, -8, -2, -4, -5, -6, -4, 0, -4, 3, -7, -6, -5, 0, -3, 4, 4, -5, -8, -2, 3, 3, 1, 4, -3, 0, -1, -8, -2, -1, -2, -5, -5, -1, -8, 1, 0, 3, -2, -4, -2, -5, 4, 2, -3, -3, -8, 1, -8, 2, -5, -2, -2, -4, -8, 0, 3, -3, -4, -5, -1, -5, -2, 2, 1, -3, 4, 0, -1, -5, 1, -6, -3, -2, -2, -5, -8, -3, 3, -8, 4, 3, 2, -1, -4, -8, 2, 4, 4, -4, 0, -2, -3, -6, -2, 0, -8, -4, -1, -5, 2, 1, 3, 0, 4, -3, 0, 2]
 
1.6481077799530355: [-4, -4, -1, 2, 3, -4, 0, 3, 2, 0, 0, 1, -7, -1, 0, -6, -1, 3, 2, -6, -2, -2, -4, 2, 3, -8, 3, 3, -1, 1, -2, 4, -2, -4, 1, 3, 2, -1, -8, -7, -2, -1, -6, 1, 2, -2, 4, -4, -8, 4, -7, -1, 3, -1, -4, 4, 4, 1, -2, 3, -7, -1, 4, 2, 3, -7, -7, 3, 0, -5, -4, 4, -1, -3, -7, -5, 0, -8, -4, -3, 0, -6, -3, -1, -3, -5, -8, -2, -4, -8, -2, 0, 2, -4, 4, 4, -3, -6, 0, 4, -1, 0, -2, -4, -5, 3, -5, -8, -8, -6, -4, 4, -2, 4, -2, -2, 1, -5, -4, -7, 4, -7, 1, -4, -2, -3, 3, -2]
 
1.3767803688539089: [-3, -8, -2, 3, -4, -6, 0, -2, 3, -1, -6, 4, -5, -7, -8, 2, 4, -6, 1, -1, -2, -2, 3, 1, 3, -4, 3, 3, 2, 1, -5, -4, 3, -3, -7, 1, 1, -5, 3, -2, 0, -5, -5, -7, 2, -2, 4, -4, -8, 4, -6, -6, 3, -1, -4, -7, 4, -4, -1, -8, -7, -4, -3, 2, 3, -7, -7, 3, 0, -5, -2, 3, -5, -8, 4, -6, 4, -6, 4, -1, -1, 2, -2, 0, 2, -5, -4, 0, -4, -2, -5, -8, 2, 4, -4, 0, -2, -4, 2, 3, 2, 1, 4, 1, -7, -1, -5, 0, -1, 2, -7, -4, -2, -3, -6, 4, -5, -2, -5, 3, 4, -4, -7, -6, -1, -3, -6, -2]
 
2.0793734592045956: [-3, -7, -4, 3, 3, 0, -5, -3, -4, -8, 1, 4, 2, 1, -1, -1, -5, -6, -1, -6, -2, 1, 0, -3, 4, 2, 1, 1, 4, -5, -6, 0, -3, 1, 3, -7, -2, -3, 4, 0, -5, -5, -1, -1, -7, -2, -2, -7, -8, 3, -7, 1, -5, 1, -8, 1, 0, -6, -5, -4, -2, -5, -6, -1, 2, 3, -7, -5, 3, -4, -5, 4, -3, -2, 2, -6, -6, 4, 4, -7, -5, -6, -3, 3, -3, -5, 3, -7, -4, -8, -2, 0, 2, -4, 4, -8, -1, -6, 0, 4, -1, 3, -2, 1, -8, 3, 1, -8, -8, -6, -4, 0, -2, 4, -2, -2, -5, -1, -4, -7, 4, -4, 1, -5, -1, -3, -6, -2]
 
1.9458511474537312: [-1, -3, 3, -4, -2, -2, -7, -2, -1, -3, 2, -7, 1, -8, -6, -2, -4, -1, -5, -4, -2, -1, 3, -7, 3, -4, 2, 3, -3, 1, 4, 2, -3, -3, -4, 4, -4, -5, -8, -1, 0, -6, -1, 1, 1, -8, 0, -3, 0, -1, -2, -3, -7, 2, -8, -7, 3, -1, -1, -6, -7, -2, 3, -6, -3, -2, -3, -2, -6, -2, -6, 4, -1, -4, -7, -7, 0, 3, -4, -3, 0, -6, -3, -1, 0, -5, -8, -2, 0, -2, 2, -8, -1, 3, -6, 0, 2, -8, 2, -4, -1, -1, -2, -3, 4, -1, -5, 4, -4, -5, -7, 0, -6, -6, -3, 2, -8, -7, 2, -5, -2, -4, 2, 1, 0, 1, 4, -5]
 
-1000: [-3, 1, 2, -8, -8, 3, -5, -2, -1, 4, -6, -2, -1, -1, 0, 4, 2, -6, 1, -4, -2, -8, 3, -5, 3, -4, -5, -8, -1, 1, 1, 2, -3, -3, -5, 3, 1, -5, -7, 4, -3, -4, 4, 1, -4, -7, -2, 4, -2, -5, -4, -6, -5, -1, -8, 0, -8, -5, -2, -6, -1, 4, -7, -3, -8, -4, -1, -2, -3, -4, -8, -6, 1, -2, 2, -6, -3, 4, 4, 3, -5, -6, -1, -6, -3, -5, 2, -7, -4, 0, -2, 0, 2, -2, 4, 3, 2, -3, 0, 4, -5, 3, -3, 1, 3, 3, 1, 3, -8, -6, -4, 0, -6, -1, -2, -2, -7, -1, -7, -7, 4, 2, -4, -6, -1, -3, -6, -2]
 
1.202793955576194: [-5, 1, 2, -7, -4, -6, -6, -2, -1, 4, -1, -7, 1, -6, -8, 0, -6, -2, -2, -2, 0, -4, -6, -2, -5, 3, 2, 0, 3, -5, -7, -6, 4, -3, -7, 1, 3, -8, -5, -5, 3, -5, -5, -7, -6, 0, -3, -6, -8, 4, -6, -6, -1, -1, -4, -7, 4, -7, -1, -8, -7, -4, -3, 2, 3, -4, -7, 3, 0, -5, -2, 3, -8, -5, -3, -6, 4, -6, -5, 4, -7, 2, -2, 0, -8, -5, -4, 0, -4, -2, 2, -8, 2, 4, -3, -1, -3, -1, 2, 3, 2, 1, 4, 1, -7, -1, -4, -6, -7, -6, -4, 0, -1, 4, -2, 0, 3, -5, -2, -7, -3, -4, 1, -5, -1, -2, -3, -3]
 
0.817746985209: [-3, -3, -5, 3, -4, -6, -1, -2, -6, -4, 2, 2, -8, -7, -2, -4, 4, -1, 1, 4, -8, -8, -4, 0, 1, -4, 3, 2, -1, 1, 0, -4, 0, 4, -5, -5, 2, -1, -7, -6, 0, -5, -5, -8, -2, -2, 4, -6, -8, 4, 1, 4, 3, -1, -4, 4, -3, 3, 3, 3, -2, -1, 3, -3, 3, -7, 1, -7, 1, -1, -2, -1, -3, -8, 0, 4, -3, -6, 1, 0, 0, 2, 4, 0, -5, 3, -3, -7, 0, -4, -2, -8, 3, 3, 2, -6, -6, 0, -1, -6, -6, 3, 2, -3, -8, 1, -4, 0, -8, -3, -7, 0, -6, 0, -4, -4, -8, -7, -5, 1, -5, -1, -7, -4, 2, 1, 1, -6]
 
0.771128080034: [-3, -8, -2, 3, -4, -6, -1, -2, -4, -4, 2, 2, 2, -2, -2, -4, 4, -1, 1, 4, -2, -8, -4, -4, 3, -4, 0, 3, -1, 1, 0, -4, 0, -7, -4, -5, 2, -5, -7, -8, 0, -5, -4, -8, -2, -2, -8, 0, -8, 4, -7, -5, 3, -1, -4, -2, -3, 3, 3, 3, -8, -1, -6, -3, 3, -7, -2, -7, 3, -3, -2, -1, -3, -8, 0, 4, -6, -6, 2, 0, -1, 2, 4, 0, -5, 3, -3, -7, -4, -2, -2, -8, -6, 3, 2, -4, -6, 0, 3, -1, -5, 3, -5, -6, -4, -5, 2, -4, 2, 3, 1, -2, -3, -6, -4, -8, -5, -5, 2, 2, -3, 0, -7, 3, -1, -5, 0, -6]
 
1.05981981395: [-6, -1, -4, -5, 0, -7, 2, -8, -4, -4, 2, 2, 3, -2, -2, -4, -5, -1, -1, -6, -2, 1, -7, -3, 4, 2, -6, 1, -6, -5, -6, -3, -7, 1, 3, -7, -2, -2, 4, 0, -5, 2, -1, -5, -7, -2, -6, -7, 0, 3, -7, 1, -4, -7, 2, -4, 3, -1, -6, -6, -1, -2, -6, -1, -3, -2, -1, -2, -6, -2, -6, 4, -1, -3, -7, -5, 0, -8, -4, -3, 0, -6, -3, -1, -3, -5, -8, -2, -4, -8, -2, 0, 4, -2, -7, -5, -1, -3, 4, 4, -1, 3, -2, -3, -8, 1, -5, 0, -4, -5, -7, 0, -6, -6, 3, 2, -8, -7, -5, 1, -5, -1, 2, 1, 0, 1, 1, -6]
 
1.23942557317: [-2, 1, 2, -7, -5, 0, -6, -2, -1, 4, -1, -2, -1, -2, 0, -8, -1, -6, 1, -4, -2, -4, 3, -5, 3, -4, -7, 3, -1, 1, 1, 2, -3, -3, -4, 1, 1, -5, -8, -2, -3, -7, 4, 1, -4, -7, -8, -5, -2, -5, -1, -6, -5, 4, -8, 0, 3, 2, -2, -6, -1, -2, -6, -7, 3, -4, -1, -2, 3, -4, -5, 4, -3, -2, 2, -6, -6, 4, 4, -7, -5, -6, -3, 3, -3, -5, 3, -7, -4, -8, -2, 0, 2, 1, 4, 4, -7, -5, -4, 3, 2, -8, -7, 4, -7, 1, -8, 0, -5, -7, -7, -7, -6, 3, 3, 2, -4, -8, 4, -3, -5, -1, -1, -5, -7, 1, 1, -6]
 
0.962981674252: [-2, 1, 2, -7, 2, 0, -2, -1, -1, -5, -7, -2, -1, -2, 0, -8, -4, 1, -6, -2, -2, 2, 0, -3, 4, 2, 1, -6, 4, -6, 4, 0, 3, 1, 3, 4, -2, -3, 4, 0, -4, -5, -1, -1, -6, -2, 2, -7, -7, 3, -7, 1, -5, 1, -5, -8, -4, 1, -2, -5, 0, -1, -1, -4, 3, -6, 4, -7, -3, -6, -5, 2, -6, -5, 1, 0, 4, -3, -8, 3, -8, -4, -2, 3, -4, 2, 2, -3, -4, 3, -8, 1, 2, -4, 4, -8, -1, -6, 0, 4, -1, 3, -2, 1, -8, 3, 1, -8, -8, -6, -4, 0, -2, 4, -2, -2, -5, -1, -4, -7, 4, -4, 1, -5, -1, -3, -6, -2]
 
2.00376945516: [-3, -8, -2, 3, -4, -6, 0, -2, 3, -1, -6, 4, -5, -7, -8, 2, 4, -6, 1, -1, -2, -2, 3, 1, 3, -4, 3, 3, 2, 1, -5, -4, 3, -3, -7, 1, 1, -5, 3, -2, 0, -5, -5, -7, 2, -2, 4, -4, -8, 4, -6, -6, 3, -1, -4, -7, 4, -4, -1, -8, -7, -4, -3, 2, 3, -7, -7, 3, 0, -5, -2, 3, -5, -8, 4, -6, 4, -6, 4, -1, -1, 2, -2, 0, 2, -5, -4, 0, -4, -2, -5, -8, 2, 4, -4, 0, -2, -4, 2, 3, 2, 1, 4, 1, -7, -1, -5, 0, -1, 2, -7, -4, -2, -3, -6, 4, -5, -5, 2, 2, -3, 0, -7, 3, -1, -5, 0, -6]
 
0.736647988836: [-6, -1, -4, -5, 0, -7, 2, -8, -4, -4, 2, 2, 3, -2, -2, -4, -5, -1, -1, -6, -2, 1, -7, -3, 4, 2, -6, 1, -6, -5, -6, -3, -7, 1, 3, -7, -2, -2, 4, 0, -5, 2, -1, -5, -7, -2, -6, -7, 0, 3, -7, 1, -4, -7, 2, -4, 3, -1, -6, -6, -1, -2, -6, -1, -3, -2, -1, -2, -6, -2, -6, 4, -1, -3, -7, -5, 0, -8, -4, -3, 0, -6, -3, -1, -3, -5, -8, -2, -4, -8, -2, 0, 4, -2, -7, -5, -1, -3, 3, -1, -5, 3, -5, -6, -4, -5, 2, -4, 2, 3, 1, -2, -3, -6, -4, -8, -5, -2, -5, 3, 4, -4, -7, -6, -1, -3, -6, -2]
 
0.626221592955: [-2, 1, 2, -7, 2, 0, -2, -1, -1, -5, -7, -2, -1, -2, 0, -8, -4, 1, -6, -2, -2, 2, 0, -3, 4, 2, 1, -6, 4, -6, 4, 0, 3, 1, 3, 4, -2, -3, 4, 0, -4, -5, -1, -1, -6, -2, 2, -5, -2, -5, -1, -6, -5, 4, -8, 0, 3, 2, -2, -6, -1, -2, -6, -7, 3, -4, -1, -2, 4, -1, 1, 4, -1, -3, -5, -6, 0, -8, -4, -3, 0, -3, -3, 4, -6, -5, -7, -6, -4, -5, 1, 0, 4, -2, 4, -8, -1, 0, -2, 3, -6, 3, -2, -1, 3, 0, 2, 2, -2, -2, -4, 4, -1, 4, -4, -5, 0, 0, -8, 3, -3, -6, -2, 1, -7, -7, -5, 2]
 
1.88560008777: [-2, 1, 2, -7, -4, 0, -2, 2, -1, 2, -4, -2, -1, -2, 0, -8, -1, -6, 1, -4, -2, -4, 3, -5, 3, -4, -7, 3, -1, 1, 1, 2, -3, -3, -4, 1, 1, -5, -8, -2, -3, -7, 4, 1, -4, -7, -8, -7, -7, 3, -7, 1, -5, 1, -5, -8, -4, 1, -2, -5, 0, -1, -1, -4, 3, -6, 4, -7, -3, -6, -5, 2, -6, -5, 1, 0, 4, -3, -8, 3, -8, -4, -2, 3, -4, 2, 2, -3, -4, 3, -8, 1, 2, -4, 4, -8, -1, -6, 0, 4, -1, 3, -2, 1, -8, 3, 1, -8, -8, -6, -4, 0, -2, 4, -2, -2, -5, -1, -4, -7, 4, -4, 1, -5, -1, -3, -6, -2]
 
4.74709847678: [-7, 0, -6, 0, -5, 0, -6, -2, -1, 4, -1, -7, 3, 1, 0, -8, 2, -4, -5, -2, -4, 1, 1, -7, 0, -1, -8, 3, -3, -7, 3, -2, -5, -7, -8, -2, -1, 4, 1, 0, -7, -5, 0, 1, 1, -8, -5, -3, -3, -1, -2, -3, 2, 2, -8, -7, 3, -1, -6, -6, -1, -2, -6, -1, -3, -2, -1, -2, -6, -2, -6, 4, -3, -8, 0, -6, 4, -6, 2, 0, -1, 2, -2, 0, -7, -2, -4, 0, -4, -2, -2, -8, 2, 4, 3, -4, 1, -4, -4, 3, 2, -8, 2, -3, -7, -1, -5, 0, -8, -7, -7, 0, -6, 3, 3, 2, 1, -8, 1, -3, -5, -1, -1, -4, 0, 1, 1, -6]
 
2.59886463502: [-2, 1, 2, -7, -5, 0, -6, -2, -1, 4, -1, -2, -1, -2, 0, -8, -1, -6, 1, -4, -2, -4, 3, -5, 3, -4, -7, 3, -1, 1, 1, 2, -3, -3, -4, 1, 1, -5, -8, -2, -3, -7, 4, 1, -4, -7, -8, -5, -2, -5, -1, -6, -5, 4, -8, 0, 3, 2, -2, -6, -1, -2, -6, -7, 3, -4, -1, -2, 4, -1, 1, 4, -1, -3, -5, -6, 0, -8, -4, -3, 0, -3, -3, 4, -6, -5, -7, -6, -4, -5, 1, 0, 4, -2, 3, -8, -1, -6, 0, 4, -1, 3, -2, 1, -8, 0, -5, -8, -1, -6, -4, 4, -2, 0, 0, -1, -5, -1, -4, -5, 4, -2, -5, 3, -2, -3, -6, 1]
 
1.76914559256: [-3, -8, -2, 3, -4, -6, -1, -2, 3, -1, -6, 4, -5, 3, 0, 2, -1, -6, 1, -4, -2, -4, 3, -5, 3, -4, -7, 3, -1, 1, 1, 2, -8, -5, 0, 2, 4, -5, -8, -2, -7, -5, 0, 1, 2, -2, 4, -4, -8, 4, -7, -1, 3, -1, -4, 4, 4, 1, -2, 3, -7, -1, -6, -3, 3, -2, -1, -2, -6, -2, -6, 4, -1, -3, -7, -5, 0, -8, -4, -3, 0, -6, -3, -1, -3, -5, -8, -2, -4, -8, -2, 0, 4, -2, -7, -5, -1, -3, 3, -1, -5, 3, -5, -6, -4, -5, 2, -4, 2, 3, 1, -2, -3, -6, -4, -8, -5, -5, 2, 2, -3, 0, -7, 3, -1, -5, 0, -6]
 
1.8403787505: [-4, -4, -6, 2, 3, -4, 0, 4, 2, 0, 0, 4, -5, 3, 0, 2, -1, -6, 1, -4, -2, -4, 3, -5, 3, -4, -7, 3, -1, 1, 1, 2, -3, -3, -4, 1, 1, -5, -8, -5, 3, -1, -1, -2, 4, 3, -5, 3, -6, -4, -3, -3, -7, -2, 4, 0, -3, 2, -5, -5, -1, -2, -3, -7, 3, -4, -1, -3, 0, -4, -8, -1, -1, -3, -5, 1, 0, -3, -4, -3, 0, -8, -3, 3, -3, 3, -2, -3, 4, -3, -3, -8, 0, 4, 3, -4, 1, -4, -4, 3, 2, -8, 2, -3, -7, -1, -5, 0, -8, -7, -7, 0, -6, 3, 3, 2, 1, -8, 1, -3, -5, -1, -1, -4, 0, 1, 1, -6]
 
3.7761339112: [2, -8, 2, -7, -5, 0, -7, -2, -1, 4, -2, -7, 3, 1, -8, 0, -6, -2, -7, -2, 0, 1, -5, -2, 3, -4, 2, -7, -1, 1, 1, 2, -8, -3, -2, -6, -6, -5, -8, -2, 0, 3, -6, -5, 1, -1, -5, 4, -3, -1, -2, 4, -4, 2, -8, 2, 3, 2, -2, -6, 3, -2, -6, -1, -3, -8, -1, -3, -6, -2, -6, 4, 1, -3, -4, -5, 1, -5, -5, -3, 0, -6, -3, -1, -3, -5, -3, -7, 2, -8, -2, 0, 4, 0, -6, 1, 1, -3, 3, -1, -5, 3, 4, -6, 1, -5, 2, -4, 2, 3, 1, -5, -3, -6, -5, -8, -8, -5, 2, -7, -2, -6, -7, 3, -1, -6, 4, -6]
 
1.54552256823: [2, -8, -1, -7, -5, -4, -7, -2, 0, 0, -1, -7, -3, -3, 0, 2, -6, -4, -2, -2, 0, 3, 2, -2, -3, -7, 1, -7, -1, 1, 1, 3, -7, -3, 4, 0, 0, -2, -2, -2, 0, 2, -8, -5, 1, -1, -5, 3, -3, -5, -2, 4, -4, 1, -6, 2, -8, 2, -2, -6, 3, -4, -2, -7, 1, 2, -1, -3, -6, -2, -5, 4, -2, -3, 2, 1, -2, 3, 2, -3, 3, -6, 4, -1, -3, -4, -2, -6, 1, -8, -4, -4, 4, 0, -6, 1, -4, 0, 3, 4, 1, 2, -3, -5, 1, -2, 1, 0, -5, -7, -8, -5, -3, -6, 4, -8, -2, -7, -4, -7, -2, 4, -7, -5, 1, -8, 3, -8]
 
0.707460836521: [-7, 0, -6, 0, -5, 0, -6, -2, -1, 4, -1, -7, 3, 1, 0, -8, 2, -4, -5, -2, -4, 1, 1, -7, 0, -1, -8, 3, -3, -7, -6, -3, -7, 1, 3, -7, -2, -2, 4, 0, -5, 2, -1, -5, -7, -2, -6, -7, 0, 3, -7, 1, -4, -7, 2, -4, 3, -1, -6, -6, -1, -2, -6, -1, -3, -2, -1, -2, -6, -2, -6, 4, -1, -3, -7, -5, 0, -8, -4, -3, 0, -6, -3, -1, -3, -5, -8, -2, -4, -8, -2, 0, 4, -2, -7, -5, -1, -3, 4, 4, -1, 3, -2, -3, -8, 1, -5, 0, -4, -5, -7, 0, -6, -6, 3, 2, -8, -7, -5, 1, -5, -1, 2, 1, 0, 1, 1, -6]
 
4.07915650296: [-6, -1, -4, -5, 0, -7, 2, -8, -4, -4, 2, 2, 3, -2, -2, -4, -5, -1, -1, -6, -2, 1, -7, -3, 4, 2, -6, 1, -6, -5, 3, -2, -5, -7, -8, -2, -1, 4, 1, 0, -7, -5, 0, 1, 1, -8, -5, -3, -3, -1, -2, -3, 2, 2, -8, -7, 3, -1, -6, -6, -1, -2, -6, -1, -3, -2, -1, -2, -6, -2, -6, 4, -3, -8, 0, -6, 4, -6, 2, 0, -1, 2, -2, 0, -7, -2, -4, 0, -4, -2, -2, -8, 2, 4, 3, -4, 1, -4, -4, 3, 2, -8, 2, -3, -7, -1, -5, 0, -8, -7, -7, 0, -6, 3, 3, 2, 1, -8, 1, -3, -5, -1, -1, -4, 0, 1, 1, -6]
 
4.69021764809: [-7, 0, -6, 0, -5, 0, -6, -2, -1, 4, -1, -7, 3, 1, 0, -8, 2, -4, -5, -2, -4, 1, 1, -7, 0, -1, -8, 3, -3, -7, 3, -2, -5, -7, -8, -2, -1, 4, 1, 0, -7, -5, 0, 1, 1, -8, -5, -3, -3, -1, -2, -3, 2, 2, -8, -7, 3, -1, -6, -6, -1, -2, -6, -1, -3, -2, -1, -2, -6, -2, -6, 4, -3, -8, 0, -6, 4, -6, 2, 0, -1, 2, -2, 0, -7, -2, -4, 0, -4, -2, -2, -8, 2, 4, 3, -4, 1, -4, -4, 3, 2, -8, 2, -3, -7, -1, -5, 0, -8, -7, -7, 0, -6, 3, 3, 2, 1, -8, 1, -3, -5, -1, -1, -4, 0, 1, 1, -6]
 
0.474604409153: [-3, -8, -2, 3, -4, -6, -1, -2, 3, -1, -6, 4, -5, 3, 0, 2, -1, -6, 1, -4, -2, -4, 3, -5, 3, -4, -7, 3, -1, 1, 1, 2, -8, -5, 0, 2, 4, -5, -8, -5, 3, -1, -1, -2, 4, 3, -5, 3, -6, -4, -3, -3, -7, -2, 4, 0, -3, 2, -5, -5, -1, -2, -3, -7, 3, -4, -1, -3, 0, -4, -8, -1, -1, -3, -5, 1, 0, -3, -4, -3, 0, -8, -3, 3, -3, 3, -2, -3, 4, -3, -3, -8, 0, 4, 3, -8, -1, -6, 0, 4, -1, 3, -2, 1, -8, 0, -5, -8, -1, -6, -4, 4, -2, 0, 0, -1, -5, -1, -4, -5, 4, -2, -5, 3, -2, -3, -6, 1]
 
1.96847289121: [-2, 1, 2, -7, -4, 0, -2, 2, -1, 2, -4, -2, -1, -2, 0, -8, -1, -6, 1, -4, -2, -4, 3, -5, 3, -4, -7, 3, -1, 1, 1, 2, -3, -3, -4, 1, 1, -5, -8, -2, -3, -7, 4, 1, -4, -7, -8, -7, -7, 3, -7, 1, -5, 2, -8, 2, 3, 2, -2, -6, 3, -2, -6, -1, -3, -8, -1, -3, -6, -2, -6, 4, 1, -3, -4, -5, 1, -5, -5, -3, 0, -6, -3, -1, -3, -5, -3, -7, 2, -8, -2, 0, 4, 0, -6, 1, 1, -3, 3, -1, -5, 3, 4, -6, 1, -5, 2, -4, 2, 3, 1, -5, -3, -6, -5, -8, -8, -5, 2, -7, -2, -6, -7, 3, -1, -6, 4, -6]
 
0.816469301414: [2, -1, 2, -7, -3, 0, -1, 2, 4, -4, -3, -8, -8, 1, -8, 0, -6, -4, -5, -2, 1, 1, -7, -3, -3, -4, -5, 4, -1, 0, -4, 2, 3, -4, -3, 0, -5, -7, -1, 3, -3, -7, -3, -5, 1, -3, 2, -6, -3, -1, -6, 4, 4, 0, -7, -8, -8, 1, -2, -2, 0, -2, -1, 0, -1, -3, 4, -2, -5, -2, -3, 1, 0, -2, -1, -1, 4, 0, -8, 3, -7, -3, -3, 2, -1, 2, -7, -8, 2, 3, -5, 1, -5, -4, 4, -8, -4, 4, 4, 0, -2, -2, -4, 1, 0, 0, 0, 4, 0, -6, -4, -5, -2, -8, -1, 3, -1, -1, -4, -2, 1, 4, -5, -5, 2, -3, 2, -2]
 
0.609306379345: [-5, 1, 2, -7, -4, -6, -6, -2, -1, 4, -1, -7, 1, 1, 3, -3, -6, -2, 2, -2, 2, -4, -5, -2, -5, -4, -4, -6, 2, 2, 4, -3, -6, -5, -2, -4, 4, 0, -8, -8, -5, -1, 1, -6, -3, 0, 2, -8, 0, -3, -8, -3, -5, -4, 1, 1, -5, -6, -5, -4, -1, -5, -8, -1, -8, 3, -7, 0, 3, -4, -5, 4, 3, -1, 2, 1, -5, -1, 4, -7, -5, -6, -3, -4, -3, -5, 3, -5, 4, -2, -2, 0, 0, -1, 4, -5, 4, -8, 3, -1, -5, 3, -4, -6, -4, -5, -2, -7, 2, 3, 0, -2, -3, -6, -4, -8, -6, 3, -6, -4, -3, 0, -7, -1, 0, -5, 0, -6]
 
1.03936012274: [-1, 3, 3, -4, -2, -7, -7, -2, -1, 3, -1, -7, 1, -6, -8, 0, -6, -2, -2, -2, 0, -4, -6, -2, -5, 3, 2, 0, 3, -5, -7, -6, 4, -3, -7, 1, 3, -8, -5, -5, 3, -5, -5, -7, -6, 0, -3, -6, -8, 4, -6, -6, -1, -1, -4, -7, 4, -7, -1, -8, -7, -4, -3, 2, 3, -4, -7, 3, 0, -5, -2, 3, -8, -5, -3, -6, 4, -6, -5, 4, -7, 2, -2, 0, -8, -5, -4, 0, -4, -2, 2, -8, 2, 4, -3, -1, -3, -1, 2, 3, 2, 1, 4, 1, -7, -1, -4, -6, -7, -6, -4, 0, -1, 4, -2, 0, 3, -5, -2, -7, -3, -4, 1, -5, -1, -2, -3, -3]
 
0.901775066598: [-2, 1, 2, -7, 2, 0, -2, -1, -1, -5, -7, -2, -1, -2, 0, -8, -4, 1, -6, -2, -2, 2, 0, -3, 4, 2, 1, -6, 4, -6, 4, 0, 3, 1, 3, 4, -2, -3, 4, 0, -4, -5, -1, -1, -6, -2, 2, -5, -2, -5, -1, -6, -5, 4, -8, 0, 3, 2, -2, -6, -1, -2, -6, -7, 3, -4, -1, -2, 4, -1, 1, 4, -1, -3, -5, -6, 0, -8, -4, -3, 0, -3, -3, 4, -6, -5, -7, -6, -4, -5, 1, 0, 4, -2, 4, -8, -1, 0, -2, 3, 2, 0, -2, 1, -8, 3, 1, -8, -8, -6, -4, -6, -2, -7, -2, -2, -5, -1, 3, -7, 4, -2, 1, -5, 3, -5, 2, -2]
 
1.41058980149: [4, -5, -2, -4, -6, 0, -8, -1, 3, -5, 1, -6, -3, 1, -5, 1, -6, -8, 2, -3, -4, -2, -5, -2, -6, -2, 4, -6, 1, -7, -8, 4, -1, -7, -2, 3, -5, -1, -6, -8, -2, 4, -6, 1, -1, 0, 4, -4, -8, 2, -7, -5, -8, -2, -5, -4, 3, 1, -5, -8, 2, 2, 4, -8, -8, 0, 1, 3, 0, -5, -4, 4, -3, 4, -2, -2, 2, -1, -1, 0, 4, 2, 4, 0, -7, -2, -4, -2, -2, -7, -2, -4, 1, 2, 0, -4, 1, -2, -4, 2, -6, 0, -8, 4, 3, 0, 2, -5, -2, -6, -4, 2, -1, 4, -4, -5, 3, 0, -8, 3, 4, -6, -5, -5, 1, 3, -5, 2]
 
1.03000436111: [-6, -1, -4, -5, 0, -7, 2, -8, -4, -4, 2, 2, 3, -2, -2, -4, -5, -1, -1, -6, -2, 1, -7, -3, 4, 2, -6, 1, -6, -5, -6, -3, -7, 1, 3, -7, -2, -2, 4, 0, -5, 2, -1, -5, -7, -2, -6, -7, 0, 3, -7, 1, -4, -7, 2, -4, 3, -1, -6, -6, -1, -2, -6, -1, -3, -2, -1, -2, -6, -2, -6, 4, -1, -3, -7, -5, 0, -8, -4, -3, 0, -6, -3, -1, -3, -5, -8, -2, -4, -8, -2, 0, 4, -2, -7, -5, -1, -3, 3, -1, -5, 3, -5, -6, -4, -5, 2, -4, 2, 3, 1, -2, -3, -6, -4, -8, -5, -5, 2, 2, -3, 0, -7, 3, -1, -5, 0, -6]
 
4.16472402636: [-6, -1, -4, -5, 0, -7, 2, -8, -4, -4, 2, 2, 3, -2, -2, -4, -5, -1, -1, -6, -2, 1, -7, -3, 4, 2, -6, 1, -6, -5, 3, -2, -5, -7, -8, -2, -1, 4, 1, 0, -7, -5, 0, 1, 1, -8, -5, -3, -3, -1, -2, -3, 2, 2, -8, -7, 3, -1, -6, -6, -1, -2, -6, -1, -3, -2, -1, -2, -6, -2, -6, 4, -3, -8, 0, -6, 4, -6, 2, 0, -1, 2, -2, 0, -7, -2, -4, 0, -4, -2, -2, -8, 2, 4, 3, -4, 1, -4, -4, 3, 2, -8, 2, -3, -7, -1, -5, 0, -8, -7, -7, 0, -6, 3, 3, 2, 1, -8, 1, -3, -5, -1, -1, -4, 0, 1, 1, -6]
 
0.881926049203: [-1, 3, 3, -7, 2, 0, -2, -1, -1, -5, -7, -2, -1, -2, 0, -8, -4, 1, -6, -2, -2, 2, 0, -3, 4, 2, 1, -6, 4, -6, 4, 0, 3, 1, 3, 4, -2, -3, 4, 0, -4, -5, -1, -1, -6, -2, 2, -5, -2, -5, -1, -6, -5, 4, -8, 0, 3, 2, -2, -6, -1, -2, -6, -7, 3, -4, -1, -2, 4, -1, 1, 4, -1, -3, -5, -6, 0, -8, -4, -3, 0, -3, -3, 4, -6, -5, -7, -6, -4, -5, 1, 0, 4, -2, 4, -8, -1, 0, -2, 3, 2, 0, -2, 1, -8, 3, 1, -8, -8, -6, -4, -6, -2, -7, -2, -2, -5, -1, 3, -7, 4, -2, 1, -5, 3, -5, 2, -2]
 
0.739215169202: [-2, 1, 2, -4, -2, -7, -7, -2, -1, 3, -1, -7, 1, 1, 3, -3, -6, -2, 2, -2, 2, -4, -5, -2, -5, -4, -4, -6, 2, 2, 4, -3, -6, -5, -2, -4, 4, 0, -8, -8, -5, -1, 1, -6, -3, 0, 2, -8, 0, -3, -8, -3, -5, -4, 1, 1, -5, -6, -5, -4, -1, -5, -8, -1, -8, 3, -7, 0, 3, -4, -5, 4, 3, -1, 2, 1, -5, -1, 4, -7, -5, -6, -3, -4, -3, -5, 3, -5, 4, -2, -2, 0, 0, -1, 4, -5, 4, -8, 3, -1, -5, 3, -4, -6, -4, -5, -2, -7, 2, 3, 0, -2, -3, -6, -4, -8, -6, 3, -6, -4, -3, 0, -7, -1, 0, -5, 0, -6]
 
1.31797811499: [-4, -4, -6, 2, 3, -4, 0, 4, 2, 0, 0, -2, -1, -2, 0, -8, -4, 1, -6, -2, -2, 2, 0, -3, 4, 2, 1, -6, 4, -6, 4, 0, 3, 1, 3, 4, -2, -3, 4, 0, -4, -5, -1, -1, -6, -2, 2, -5, -2, -5, -1, -6, -5, 4, -8, 0, 3, 2, -2, -6, -1, -2, -6, -7, 3, -4, -1, -2, 4, -1, 1, 4, -1, -3, -5, -6, 0, -8, -4, -3, 0, -3, -3, 4, -6, -5, -7, -6, -4, -5, 1, 0, 4, -2, 4, -8, -1, 0, -2, 3, 2, 0, -2, 1, -8, 3, 1, -8, -8, -6, -4, -6, -2, -7, -2, -2, -5, -1, 3, -7, 4, -2, 1, -5, 3, -5, 2, -2]
 
0.524605504271: [-4, 1, 4, 1, 2, 0, -2, 2, -1, -5, 4, -6, -8, -1, 3, -1, 2, -6, 3, -4, -2, -1, -8, -2, -6, 3, -1, 3, -1, -3, -2, -4, -5, 1, -4, -1, 1, -1, 3, -2, -1, -3, -5, 3, 2, -6, 4, -4, 3, 4, 3, 3, -2, 3, 3, -3, 2, -1, -4, 3, 1, -1, 0, -8, -8, 4, -1, -4, -6, -2, -6, -7, 3, 0, 1, -5, 0, -8, -4, -6, -4, -2, -5, -1, -1, -3, -2, -2, -4, 3, -2, -2, -8, -8, -7, -4, -1, -3, 3, -1, 0, -8, -1, -6, -5, -6, 2, -4, -2, -2, 1, 1, -1, 0, -4, -2, -6, -5, -5, 2, -4, 0, -1, 2, -7, -8, 0, -3]
 
2.78136063492: [-6, -1, -4, -5, 0, -7, 2, -8, -4, -4, 2, 2, 3, -2, -2, -4, -5, -1, -1, -6, -2, 1, -7, -3, 4, 2, -6, 1, -6, -5, -6, -3, -7, 1, 3, -7, -2, -2, 4, 0, -5, 2, -1, 1, -4, -7, -8, -5, -2, -5, -1, -6, -5, 4, -8, 0, 3, 2, -2, -6, -1, -2, -6, -7, 3, -4, -1, -2, 4, -1, 1, 4, -1, -3, -5, -6, 0, -8, -4, -3, 0, -3, -3, 4, -6, -5, -7, -6, -4, -5, 1, 0, 4, -2, 3, -4, 1, -4, -4, 3, 2, -8, 2, -3, -7, -1, -5, 0, -8, -7, -7, 0, -6, 3, 3, 2, 1, -8, 1, -3, -5, -1, -1, -4, 0, 1, 1, -6]
 
2.19973317206: [-2, 1, 2, -7, -4, 0, -2, 2, -1, 2, -4, -2, -1, -2, 0, -8, -1, -6, 1, -4, -2, -4, 3, -5, 3, -4, -7, 3, -1, 1, 1, 2, -3, -3, -4, 1, 1, -5, -8, -2, -3, -7, 4, -5, -7, -2, -6, -7, 0, 3, -7, 1, -4, -7, 2, -4, 3, -1, -6, -6, -1, -2, -6, -1, -3, -2, -1, -2, -6, -2, -6, 4, -1, -3, -7, -5, 0, -8, -4, -3, 0, -6, -3, -1, -3, -5, -8, -2, -4, -8, -2, 0, 4, -2, -7, -5, -1, -3, 3, -1, -5, 3, -5, -6, -4, -5, 2, -4, 2, 3, 1, -2, -3, -6, -4, -8, -5, -5, 2, 2, -3, 0, -7, 3, -1, -5, 0, -6]
 
