1.3030947643027018: [-8, -4, -6, 2, -6, -2, 3, 1, -5, -1, -6, -7, -8, -3, -5, -3, -5, 3, 3, 0, -7, 2, -5, -8, -8, -3, 4, -4, 2, -1, -6, 4, -3, -7, -4, 4, 4, -2, 2, -6, -3, 0, 1, -8, 1, -6, 1, 2, -3, -5, -3, -1, -2, -7, -1, -7, 4, 1, -7, -6, 3, 1, -6, 0, -2, 1, -1, -4, 4, -6, -1, -3, 3, -7, 1, 2, -2, -3, 4, -1, -7, -7, -4, -1, -3, -3, -3, 3, -8, -6, -4, -6, 4, -1, -7, 0, -3, -6, -3, -8, 4, -5, -4, 3, -4, 2, -5, -3, -7, -6, 0, -4, 1, 2, 2, -1, 3, 3, -1, -6, 3, 3, -3, 1, 1, 4, 0, -6]
 
1.489567340331646: [1, -2, -6, 2, -5, 2, 4, -4, -5, 4, -1, -4, -2, -3, 2, 0, -8, -7, -3, -4, -7, 0, -4, -8, -8, 3, -2, 1, 2, -7, 4, -3, -3, 4, -8, -7, -3, -3, 0, 0, -8, 4, -6, -8, -8, -6, 2, 2, 4, 3, 0, -5, 2, -3, -4, 2, -3, 2, -5, 2, -2, -6, -4, -4, 4, 0, 4, -2, -6, 2, -7, 4, -5, -4, -6, 0, -5, 1, 2, -1, 3, -7, -4, -1, 3, 3, -3, 3, -3, -1, -4, -6, 4, -1, -7, 0, -3, -6, -3, -7, 4, -5, -4, 3, -4, 2, -5, -3, -7, -6, 0, -4, 1, 2, 2, -1, -1, -2, -1, -6, 2, 3, -3, 1, 3, -2, -4, -1]
 
0.9180508550667332: [-4, -2, -4, 2, 2, -4, 4, -2, 4, 4, 1, 2, -8, -7, -2, 3, -8, -7, -7, 3, 4, 1, -4, -1, -8, 2, -2, 1, 2, -7, 4, -3, -3, 4, -8, -7, -3, -3, 0, 0, -8, 4, -6, -8, -8, -6, 2, -4, 2, -5, 0, -3, -5, -8, -6, -2, -2, 1, -7, -6, 3, 1, -6, 0, -2, 1, -1, -4, 4, -6, -1, -3, 3, -7, 1, 2, -2, -3, 4, -1, -7, -7, -4, -1, -3, -3, -3, 3, -8, -6, -4, -6, 4, -1, -7, 0, -3, -6, -3, -8, 4, -5, -4, 3, -4, 2, -5, -3, -7, -6, 0, -4, 1, 2, 2, -1, 3, 3, -1, -6, 3, 3, -3, 1, 1, 4, -4, -7]
 
1.6029472677894048: [1, -2, -6, 2, -5, 2, 4, 1, 4, 4, -2, 2, -3, -7, -8, 0, -8, 0, -7, 0, -5, 1, -4, -8, -8, 2, -8, 4, -3, -1, -1, 0, -1, -3, -5, -7, -7, 0, -1, 1, -5, 3, 3, -8, 2, 1, 1, 1, 4, 0, -5, -4, -2, -7, 2, -3, 4, -5, -7, -6, 3, 1, -6, 0, -2, 1, 0, -4, 3, -6, -1, 2, 3, -7, 4, -6, -4, 4, 4, 3, 1, -7, -7, 3, 2, -5, -6, -5, -7, -8, -8, -3, -6, -4, 3, -5, 4, -3, -4, -8, -2, -5, -4, 3, 0, -7, -2, -6, -7, -7, 4, 2, -1, -2, -1, 0, -8, 2, -6, 1, -5, -2, -7, -3, 0, 2, 0, -6]
 
1.0629021916728643: [1, -2, -6, 2, -5, 2, 4, -4, -5, 4, -1, -4, -2, -3, 2, 0, -8, -7, -3, -4, -7, 0, -4, -8, -8, 3, -5, -4, 2, 0, 3, 1, -3, 2, -3, 3, -6, 0, -5, -2, -6, -4, -2, 1, -7, -2, -2, -4, 2, -5, 0, -3, -5, -8, -6, -2, -2, -2, -3, 3, 0, 1, -6, -4, -2, 4, -1, -2, 3, 3, -8, -7, 4, -4, 0, -2, -7, -6, 4, -7, -5, -8, 4, -1, -3, -2, 4, -8, -2, -8, -4, -2, 3, -2, -8, -8, -4, 1, -2, -2, -7, -4, -6, -5, -2, -2, -6, 3, -1, 1, 3, -7, -5, -2, 2, 4, -4, -5, -8, 4, 3, -7, 0, 1, -6, 4, 2, 1]
 
1.2970882690500734: [-5, -2, -8, -6, -4, -5, 4, 1, -3, 3, 2, 4, 1, 1, 1, -1, 0, -7, 1, 0, 4, 1, 3, -8, -8, -7, 4, -4, 2, -1, -4, -6, -3, -4, -5, -7, 0, -3, -5, -1, -3, -3, 0, -7, 1, -6, -7, -4, 2, 4, -2, -3, 2, -8, -1, -5, 2, -2, -7, -6, -2, 1, 4, -7, -7, -3, -1, -2, 4, 3, -1, 2, -1, 0, 0, 2, -8, 0, -2, -1, -3, -4, -1, -6, 4, -2, 4, -8, -2, -8, -4, -2, 3, -2, -8, -8, -4, 1, -2, -2, -7, -4, -6, -5, -2, -2, -6, 3, -1, 1, 3, -7, -5, -2, 2, 4, -4, -5, -8, 4, 3, -7, 0, 1, -6, 4, 2, 1]
 
1.6749602694441674: [1, 0, -7, 1, 3, -7, 0, 2, -1, 3, 3, -1, -6, -5, 0, -2, -8, -6, 0, 2, -5, -8, 1, -6, -3, 1, 4, -1, -8, 3, 0, 1, 1, -4, 4, -2, -4, 4, -6, -7, 3, -4, -5, -5, 3, -2, 0, 0, 1, 0, -2, -2, -3, -2, -1, 0, -7, -2, -3, -5, 2, -2, 1, -6, -8, 1, -1, 3, -8, -2, -5, 4, 1, 1, 0, 3, -7, -8, -7, 4, -2, 0, -6, 3, 1, -1, -4, 4, -8, -4, 4, 4, -8, -8, 1, -3, 3, -2, -4, -6, -7, 1, 2, 3, -2, -8, -5, 1, 3, -2, -1, 0, -7, -6, -3, 4, -8, -7, 3, -4, 1, 0, -1, 3, -3, -6, -7, 0]
 
2.0390251274335407: [-1, -3, -5, -6, -5, 1, -4, 1, 0, 3, 1, 2, -6, -3, -7, -7, 3, -2, -2, 4, 0, -8, 3, -1, 0, -7, -6, -4, -8, 1, 1, -6, -4, 1, 2, 3, -7, -3, -8, 0, -8, 4, 4, -8, -8, -6, 2, -4, 2, -5, 1, -3, -5, -8, 4, 0, -6, -2, -3, -7, -7, 1, 1, -4, 3, -8, -1, -2, 3, 3, 3, -4, 4, 3, 0, -7, -7, -1, 4, -7, -5, -3, 4, -1, -7, -2, 4, -5, -2, -8, -4, -2, 1, -2, -8, 4, -6, 2, 0, -2, -7, 0, -2, -1, 0, -7, -3, 3, -7, -7, 4, 2, 1, -2, -3, 0, -1, 2, -6, 1, -7, -2, -7, -2, -3, 0, -2, -6]
 
2.183884441561578: [1, -2, -6, 2, -5, 2, 4, -4, -5, -1, 1, -7, -6, -3, 3, -3, -1, 3, 3, 0, 2, 1, -8, -5, 1, -8, -6, -8, -8, 4, 1, -6, -4, 1, -3, -5, 4, -5, 1, -7, -6, 0, 1, -3, -7, -8, -5, -7, -3, -7, -3, 2, -6, 3, -8, -5, -4, 0, 0, -8, -4, -1, -4, -4, -4, -3, 4, 3, -7, -1, -6, 2, -7, -7, -6, -5, -5, -7, 2, 4, 1, -7, 3, 4, 0, -5, 1, -5, -8, 3, 1, -2, -7, -1, -1, 4, 3, 1, 3, 0, 4, -7, 0, 3, -4, 2, 0, 1, -7, -5, 2, 2, 0, -7, -8, 1, -3, 2, -8, 0, -8, 3, -7, -3, 3, -7, -7, -4]
 
0.786808928788167: [-6, -7, -6, 1, 3, 2, -2, 1, -4, -8, -6, 1, 2, -6, -1, 4, -8, -6, -5, -1, -7, -2, -3, 1, -6, -5, -6, 2, 2, -6, -7, 4, 1, 0, -3, -6, -6, -4, 4, -2, -6, -4, -2, -5, -7, 4, -2, -4, 2, 3, 0, -1, -5, -8, -5, -2, 2, -2, 4, 3, 0, 1, -6, -2, -8, 4, -3, -2, 3, 2, -7, 4, -5, -7, -7, -3, -2, 4, 2, -1, -7, 4, -4, -6, 2, 4, -7, 3, -6, 2, -2, 3, 4, -4, 3, -2, -3, 0, -4, -8, 0, -8, -4, 3, -4, 2, -6, -5, -7, -3, 0, 1, -3, -7, -1, 1, -6, -1, 1, 0, 2, -8, -1, -1, -5, 3, 4, -8]
 
1.282200646775034: [-4, -2, 0, -3, -5, 2, 4, -4, -5, 4, -1, -4, -2, -3, 2, 0, -8, -7, -3, -4, -7, 0, -4, -8, -8, 3, -2, 1, 2, -7, 4, -3, -3, 4, -8, -7, -3, -3, 0, 0, -8, 4, -6, -8, -8, -6, 2, 2, 4, 3, -5, -4, -2, -7, 2, -3, 4, -5, -7, -6, 3, 1, -6, 0, -2, 1, 0, -4, 3, -6, -1, 2, 3, -7, 4, -6, -4, 4, 4, 3, 1, -7, -7, 3, 2, -5, -6, -5, -7, -8, -8, -3, -6, -4, 3, -5, 4, -3, -4, -8, -2, -5, -4, 3, 0, -7, -2, -6, -7, -7, 4, 2, -1, -2, -1, 0, -8, 2, -6, 1, -5, -2, -7, -3, 0, 2, 0, -6]
 
1.3691996920288916: [2, -2, -8, -6, 1, -5, 4, 1, -3, -6, -7, 4, 1, 1, -5, -1, -6, -5, 1, 0, 4, 1, 3, 4, -8, 2, -2, 1, 2, -7, 4, -3, 0, 4, -8, -7, 4, -3, -2, -7, 4, -2, -3, -3, -7, -8, -2, -7, 4, -7, -3, 2, -6, 3, 0, -6, -8, -3, 0, 1, 2, -4, 3, -7, -4, 0, 4, -2, -6, 2, -7, 4, -5, -4, -6, 0, -5, 1, 2, -1, 3, -7, -4, -1, 3, 3, -3, 3, -3, -1, -4, -6, 4, -1, -7, 0, -3, -6, -3, -7, 4, -5, -4, 3, -4, 2, -5, -3, -7, -6, 0, -4, 1, 2, 2, -1, -1, -2, -1, -6, 2, 3, -3, 1, 3, -2, -4, -1]
 
0.5671436087729946: [-3, -2, -4, -5, -2, -4, 4, 1, 4, 0, 2, -3, -8, -5, 1, 1, 3, 0, -7, 4, 4, 0, -7, -8, -8, 4, -5, -4, 2, -1, -4, -6, -3, 0, -5, -7, 2, -3, -2, -1, -3, -4, 1, 4, 2, -6, 1, 2, -8, 0, 1, -3, -5, -8, -1, -5, 4, -1, -2, -6, 3, 1, -6, 2, -3, -4, -2, 3, -4, -7, 2, 1, -2, -6, 0, 2, -3, -5, 4, -7, -3, -2, 2, -1, 4, 0, 2, 2, -8, 1, -2, -8, -7, -4, 4, -2, -6, 0, 2, 2, 3, -2, -2, 4, -7, -5, -7, 0, -6, -4, -4, -7, 1, -3, -4, -6, -6, -6, -1, -1, 0, -1, 1, -1, -2, 0, 4, -4]
 
0.308314130617: [1, -2, 1, 2, -6, -3, -1, -5, -1, 2, -4, -7, -5, -3, 1, -3, -1, 3, 3, 3, 4, 0, -4, -6, -1, -3, -5, 1, -1, 1, -4, 3, -2, -4, 4, -8, -7, -2, 2, 1, 1, 3, 1, -6, -2, 0, -3, 1, -6, -7, -2, -5, 3, 3, -2, -1, 1, -6, 3, -1, -2, -5, -3, -4, 4, -5, 4, -2, 0, 2, -3, -3, -6, -4, 2, 0, -6, -6, 1, 3, -4, -3, -1, -1, -2, -2, 2, 1, 1, -7, 2, -6, -1, -8, 1, 2, -5, -5, 3, 3, 3, -4, -6, 4, -4, 3, 1, -4, -7, 0, -1, 1, 2, 4, -4, 0, -6, 4, -7, -5, -1, -2, -1, 2, -2, 1, -5, 3]
 
0.746125913171: [0, -2, -6, -7, -4, -1, 1, -7, -3, -6, 0, -7, 3, -7, -1, 4, -1, 0, -8, -1, 4, -2, 4, 1, -5, -4, 4, -4, 2, -5, 2, -1, 2, 4, -5, -7, -7, 0, 2, -5, 2, 2, -6, -8, 1, 2, 4, -6, 1, 4, 2, -5, -5, 3, 3, 0, 2, -6, 0, 2, 3, -1, -8, -4, -3, -4, -2, -1, -5, -8, -1, 0, -5, 4, -4, -5, 1, 4, 2, -5, 3, -1, -1, 1, 0, 3, -3, 4, -3, 3, -4, -2, -8, -2, 4, -7, -1, 2, -8, -4, -4, 0, -1, -5, 2, -3, -6, -1, -4, 2, -1, 4, -7, 3, -8, 4, -7, 1, -1, 1, 4, 3, -8, -5, -6, 2, 4, -3]
 
0.8557803442882004: [1, 3, -6, 1, -1, 2, 1, -3, -3, -1, 0, -8, -4, -1, -6, -2, -1, -7, -6, -2, 2, 1, -4, -8, 3, -4, -5, -6, -2, -5, 2, 0, -7, -6, -5, -7, -7, 2, -4, -5, -6, 3, -6, -8, 1, 2, 4, -6, -6, 4, -6, -3, -6, 3, -1, -7, -3, 2, -5, 2, 1, 3, -4, -4, 4, 0, 4, -8, -8, 1, -8, -2, -2, -4, 2, 0, -5, 1, -1, 3, -2, -7, -1, -1, 3, 3, -6, -1, -1, -1, -4, -6, 3, -1, -7, -5, -3, -2, -3, 0, -8, 3, -4, 3, -4, 2, -1, -3, -7, -8, 0, -4, 1, 2, 2, -1, -1, -2, -1, -6, -6, 3, -3, 1, 4, -2, 0, -1]
 
1.510785850734939: [1, -2, -6, 2, -5, 2, 4, -4, -5, -1, 0, -7, -4, -1, -1, -3, -1, 2, 3, 0, 2, 1, -4, -8, 3, -4, -5, -6, 2, -5, 2, 0, 3, -1, -5, -7, -7, 2, 2, -5, -4, 3, -6, -8, 1, 2, 4, -6, -6, 4, -5, 2, -6, 3, 3, -5, -3, 2, -5, 2, -2, -6, -4, -4, 4, 0, 4, -2, -6, 2, -7, 4, -5, -4, -6, 0, -5, 1, 2, -1, 3, -7, -4, -1, 3, 3, -3, 3, -3, -1, -4, -6, 4, -1, -7, 0, -3, -6, -3, -7, 4, -5, -4, 3, -4, 2, -5, -3, -7, -6, 0, -4, 1, 2, 2, -1, -1, -2, -1, -6, 2, 3, -3, 1, 3, -2, -4, -1]
 
2.484452401303132: [-6, -7, 2, -1, -6, -4, 0, -4, 3, 1, -3, -4, -3, 2, -8, 4, 3, -3, -7, 3, -8, -1, -8, -5, 1, -8, -6, -8, -8, 4, 1, -6, -4, 1, -3, -5, 4, -5, 1, -7, -6, 0, 1, -3, -7, -8, -5, -7, -3, -7, -3, 2, -6, 3, -8, -5, -4, 0, 0, -8, -4, -1, -4, -4, -4, -3, 4, 3, -7, -1, -6, 2, -7, -7, -6, -5, -5, -7, 2, 4, 1, -7, 3, 4, 0, -5, 1, -5, -8, 3, 1, -2, -7, -1, -1, 4, 3, 1, 3, 0, 4, -7, 0, 3, -4, 2, 0, 1, -7, -5, 2, 2, 0, -7, -8, 1, -3, 2, -8, 0, -8, 3, -7, -3, 3, -7, -7, -4]
 
1.206493982559827: [-4, -4, -4, 2, -7, -4, 0, -3, 3, -4, 4, 0, -3, -5, 3, 0, -4, -6, -2, -1, -8, 3, 2, 4, -3, -2, 2, -4, -6, -5, -3, -1, -4, 1, -8, 1, -2, 3, -1, -7, 4, 4, 1, -8, -7, 1, 0, 0, 0, 3, 1, 0, 4, -1, -8, 3, -4, 0, 0, -4, -4, -4, -4, -4, -3, 0, 3, -3, -3, -7, -7, -6, -3, 3, -6, -7, -5, -5, 4, -3, -8, -4, -3, 1, -6, -1, -2, -8, 4, 3, 3, 2, -8, 1, 0, 1, -5, -8, 3, -2, 1, -7, 1, -2, -2, 3, 1, -4, -8, -1, 3, -4, 4, 0, -8, 2, -8, -5, -1, -7, -4, -1, -7, 0, -5, -5, -5, -3]
 
1.8203087970310357: [-2, -2, -1, 1, 0, 2, 4, 1, 4, 4, -2, 2, -3, -7, -8, -1, -6, -5, 1, 0, 4, 1, 3, 4, -8, -7, 4, -4, 2, -1, -4, -6, -3, -4, -3, -1, 0, -5, -5, -1, -4, 0, 0, -7, -2, 1, -7, -4, -5, -5, -2, -1, -2, -6, -3, 3, -5, -2, -7, -6, -8, 1, 4, -8, 4, -3, -1, 3, 4, 3, -2, 2, -6, 1, 0, 2, 0, -7, -2, -1, -3, -7, 4, -1, -3, -2, 4, -8, -2, -8, -4, -2, 3, -2, -8, -8, -4, 1, -2, -2, -7, -4, -6, -5, -2, -2, -6, 3, -1, 1, 3, -7, -5, -2, 2, 4, -4, -5, -8, 4, 3, -7, 0, 1, -6, 4, 2, 1]
 
1.2344923224711057: [4, -5, -5, 2, 1, -2, -1, 2, 0, 0, 4, -7, 4, -2, 1, 3, -5, -1, -5, -8, -7, -6, 3, -8, -8, -1, 1, 2, -3, -6, -1, 4, 1, -8, 1, -7, -3, -1, -1, 3, -5, 0, -2, -8, 2, -7, 1, 1, -1, -4, -5, 2, -2, -7, -4, -3, -7, -5, -7, -8, 3, 1, -4, 1, -2, -7, 0, -8, 3, -2, -1, 2, -6, 0, -3, -7, 0, 4, -4, 3, 4, 1, 4, -8, 2, -5, -6, -5, 3, -8, -6, -3, -6, 3, 1, -4, 3, -8, -4, -8, -5, -8, 3, 3, 3, -7, 4, -6, -2, -7, -5, 2, 0, -2, 3, 0, 0, 3, 3, -5, -7, -2, 1, -3, 0, 2, 0, 4]
 
1.7067418151579772: [2, -2, -8, -6, 1, -5, 4, 1, -3, -6, -7, 4, 1, 1, -5, -1, -6, -5, 1, 0, 4, 1, 3, 4, -8, -7, 4, -4, 2, -1, -4, -6, -3, -4, -3, -1, 0, -5, -5, -3, 0, -5, 4, -1, 2, 2, -6, -5, -5, -1, -5, 3, -7, -5, 3, -1, 3, -2, 3, 1, 1, 1, -6, 0, -2, 1, -7, -3, -6, 3, -6, 2, -7, -7, -6, -5, -5, -7, 2, 4, 1, -7, 3, 4, 0, -5, 1, -5, -8, 3, 1, -2, -7, -1, -1, 4, 3, 1, 3, 0, 4, -7, 0, 3, -4, 2, 0, 1, -7, -5, 2, 2, 0, -7, -8, 1, -3, 2, -8, 0, -8, 3, -7, -3, 3, -7, -7, -4]
 
-1000: [-2, -2, 4, 1, -6, 2, -3, -5, -8, -4, 0, 4, -8, -7, 2, 0, -4, 0, -7, 4, -5, 1, -4, -8, -8, -8, -8, 4, -3, 1, -1, 2, -8, -3, -5, -7, -7, 0, -1, 1, -1, 3, 3, -8, 2, 1, 1, 1, 4, -1, -5, 0, -2, -7, -1, -3, 3, -5, -4, 0, 3, 1, -6, -8, -4, 1, 0, -7, 3, -6, -1, 1, 3, -8, -7, 2, -4, -1, 4, 3, 1, 2, -7, -6, -6, -5, -6, -5, -7, -8, 0, -4, -6, -4, 3, -5, 4, 1, 1, -8, -2, -5, 0, 2, 0, -7, -2, -6, -4, -7, 4, -2, -2, -2, -1, 0, -8, 2, 0, -8, 3, -2, 1, 0, -7, -5, -5, -6]
 
1.6789558970145375: [-1, -3, 4, -6, -4, 1, -4, 1, -4, 3, 1, -5, -3, -3, -7, -2, 3, -1, -2, 4, 0, -8, 3, -4, 0, -7, -6, -4, -8, 1, 1, -6, -4, 1, 2, -5, -3, -3, 0, 0, -8, 4, -6, -8, -8, -6, 2, -4, 2, -5, 0, -3, -5, -8, -6, -2, -2, -2, -3, 3, 0, 1, -6, -4, -2, 4, -1, -2, 3, 3, -8, -7, 4, -4, 0, -2, -7, -6, 4, -7, -5, -8, 3, 4, -3, -5, -6, 4, -8, -6, 1, -5, 4, 3, -5, 4, -7, -1, 3, -8, 0, 2, -5, -7, 2, 2, 2, 1, -7, -7, -1, -6, -6, -1, 3, 4, 1, -3, -6, 0, -5, -3, -5, -3, -2, -7, -4, -4]
 
1.20321952037: [-8, -3, -1, -1, 0, -1, 4, -8, 4, 4, 0, 2, 2, -7, 1, 0, -8, 3, -7, -6, -7, 1, -8, -8, 1, -5, -7, -6, 2, -1, -7, 4, 3, -3, -5, -4, -8, 0, -4, 4, 4, -4, -2, -3, -7, 0, -2, -2, 2, -5, 4, -3, 3, -3, -3, 2, -2, -2, -6, -8, -4, -7, -6, 1, 2, 1, 4, -2, 3, 3, -2, 4, -5, -5, -1, 2, -3, 0, 4, -1, -7, 4, -8, -6, 0, 4, 3, -3, 2, -4, -5, -6, 0, 4, -4, 4, 1, -6, -8, -2, 0, -8, -4, 3, -4, 4, 3, 0, -3, -1, -4, -2, -3, -6, -1, 1, 0, -1, -5, 4, 2, -3, 1, -3, -5, -4, -4, -8]
 
1.03719123518: [-5, -1, -7, -6, -2, 4, -4, 1, -1, -8, 2, 4, 1, 1, -4, -1, -2, -7, 1, 0, 4, -3, 3, -8, -8, -3, -4, -2, 2, -1, -4, 0, -7, 0, -1, -7, -8, -1, 2, 1, -3, 3, -5, 0, 1, 3, 4, 2, 0, -4, -5, 3, -6, 2, 0, -7, -3, 4, -2, -1, -4, -4, -4, -4, 4, 0, -5, 2, -7, 2, 2, -5, -4, -4, -4, -6, -5, -6, -6, -3, -7, -2, 4, 4, 0, -8, 2, 0, -1, -3, 2, -1, 0, 0, 3, 2, 0, -3, 3, -8, 1, -8, -8, -2, 2, 3, -6, -4, -4, -8, -7, -4, 4, -7, -8, -5, -6, -1, -8, 1, -7, 2, -3, 1, -2, -5, 1, 3]
 
1.4071581642063504: [-2, -2, -1, 1, 0, 2, 4, 1, 4, 4, -2, 2, -3, -7, -8, 0, -8, 0, -7, 0, -5, 1, -4, -8, -8, 2, -8, 4, -3, -1, -1, 0, -1, -3, -5, -7, -7, 0, -1, 1, -5, 3, 3, -8, 2, 1, 1, 1, 4, 0, -5, -4, -2, -7, 2, -3, 4, -5, -7, -6, 3, 1, -6, 0, -2, 1, 0, -4, 3, -6, -1, 2, 3, -7, 4, -6, -4, 4, 4, 3, 1, -7, -7, 3, 2, -5, -6, -5, -7, -8, -8, -3, -6, -4, 3, -5, 4, -3, -4, -8, -2, -5, -4, 3, 0, -7, -2, -6, -7, -7, 4, 2, -1, -2, -1, 0, -8, 2, -6, 1, -5, -2, -7, -3, 0, 2, 0, -6]
 
2.1281943612506193: [2, -2, -8, -6, 1, -5, 4, 1, -3, -6, -7, 4, 1, 1, -5, -1, -6, -5, 1, 0, 4, 1, 3, 4, -8, -7, 4, -4, 2, -1, -4, -6, -3, -4, -3, -1, 0, -5, -5, -1, -4, 0, 0, -7, -2, 1, -7, -4, -5, -5, -2, -1, -2, -6, -3, 3, -5, -2, -7, -6, -8, 1, 4, -8, 4, -3, -1, 3, 4, 3, -2, 2, -6, 1, 0, 2, 0, -7, -2, -1, -3, -7, 4, -1, -3, -2, 4, -8, -2, -8, -4, -2, 3, -2, -8, -8, -4, 1, -2, -2, -7, -4, -6, -5, -2, -2, -6, 3, -1, 1, 3, -7, -5, -2, 2, 4, -4, -5, -8, 4, 3, -7, 0, 1, -6, 4, 2, 1]
 
1.09389234769: [-6, -2, -8, -6, 1, 0, 1, 1, -3, -7, 3, 4, 1, 1, -5, 0, 2, 0, -7, -3, -5, 1, -4, 1, -2, 2, -8, 4, -3, -1, -1, 0, -1, 4, -5, 4, -7, 0, -7, 1, -5, 3, 3, 3, 2, 1, 4, 1, 4, -8, -5, -4, -2, 2, 2, -3, -4, -5, -7, -6, 1, 1, -6, 0, -2, -7, 0, -4, 3, -6, -1, -4, 3, -7, 0, 4, -4, 0, 4, 3, 1, -7, -7, 3, 2, -5, -6, -5, -7, -8, -8, -2, -6, -6, 3, -3, 3, -3, -7, -8, -2, -5, 0, -6, 1, -7, -2, -6, -7, -7, 4, 2, -1, -2, -4, -5, -5, 3, 4, 1, -6, 3, 0, -3, 0, 2, 0, -6]
 
2.68289475059: [1, -2, -2, -4, -1, -3, 4, -1, -5, 4, 2, -4, -2, -3, -7, 0, 4, -7, -7, -4, -2, 1, -4, -5, -8, -1, 1, 1, 2, -3, 4, -3, -3, 4, -8, -7, -3, -4, 0, 0, -8, -3, 2, -8, -8, 4, 0, -2, 4, 3, -5, -4, -7, -7, 2, 4, 4, 0, -7, -1, 3, 1, -6, 0, 0, 1, 0, -1, 3, -6, -1, 2, 3, -7, -6, 1, -4, 4, 4, 3, -8, -7, -7, 3, 2, -5, -6, 1, -7, -8, -8, 1, -6, 3, 3, -2, 4, -3, -4, -8, 3, -5, -4, 3, 0, 2, -3, -5, 4, -7, 4, 2, -1, -2, -2, 0, -8, 2, -6, -6, -5, 4, -7, -3, -6, 2, 0, 2]
 
0.400318647509: [-4, -7, -6, 0, -3, 1, 3, 1, -5, -8, -6, 1, 1, -6, -8, 4, -8, -4, 2, -5, 3, -2, 2, 3, -6, -5, 2, 2, 2, -6, -7, 2, 3, 0, 4, 3, -6, -5, -5, -2, -6, -2, 0, 1, -7, -8, -2, -4, 1, -5, 0, -3, -5, -8, 4, 1, -2, -8, -3, 3, -5, 1, -6, -8, -5, 4, 1, -2, -4, -5, -7, -6, -5, -4, -7, -3, -3, -5, 4, -8, -7, 4, -4, -4, 0, -5, -6, 4, 3, -4, 1, -8, -8, -4, 3, -3, 0, -3, -4, -8, 0, -8, -4, 3, 4, 2, -2, 4, 0, -3, -4, -3, -5, -7, -1, -3, 3, -1, 1, 4, 1, -4, -1, 3, -5, 3, 1, -8]
 
1.7253127354822464: [-1, 4, -6, 2, -5, 2, -4, -3, -2, 4, -5, -4, -4, 4, 2, 0, -8, -7, -3, -3, -7, -6, -4, -8, -8, 3, -2, 1, 2, -7, -5, -3, -3, 1, -8, -7, -3, 2, 0, 0, -8, 4, -6, -8, -8, 1, -8, -1, 4, 3, -2, -5, -3, 0, -4, -2, -1, 2, -5, 2, -5, -6, -2, -4, 1, 0, 4, 0, -3, 2, -7, 1, -4, -4, -4, 0, -8, 1, 2, 0, 2, -7, -1, 3, -1, -5, -6, -5, -7, -8, -8, -3, -6, -1, 3, -4, 4, -3, -4, -8, -4, -5, 3, 3, 0, -7, -2, -6, 4, 2, 4, -3, 1, -8, -1, 0, -8, 3, 0, 1, -3, -2, 1, 0, 3, -4, 2, 3]
 
0.713466377084: [-5, -3, -1, 1, 0, 2, -3, -8, 4, 4, -2, 2, -3, -7, 1, 3, -8, -8, -7, -6, -7, 1, -4, -8, 0, -5, 2, 2, 2, -6, -7, 4, 3, 0, 3, 0, -8, 0, -4, 4, 4, -4, -2, 1, -7, 0, -2, -4, 2, -5, -6, -3, -5, -3, 0, 2, -2, -2, -6, -8, -2, 1, -6, 1, 2, 1, 4, -2, 3, 3, 2, 4, -5, -5, -7, -3, -8, 0, 4, -1, -7, 4, -6, -6, 0, 4, 3, 3, 2, -4, 1, -6, 0, -1, -8, 2, -3, -8, -3, -7, 3, -5, -1, -8, -4, -3, 1, -7, 4, 2, 1, 4, -7, 2, -4, -1, -7, 0, -1, 2, -1, 3, -5, -5, -8, -3, 4, -7]
 
0.894058215858: [1, -7, -6, 2, -1, 2, -1, -7, -5, -1, 0, -7, -4, -1, -5, 1, -5, 2, 3, 3, -8, 1, -4, -8, 3, -4, -1, -4, 2, -5, 2, 0, 3, -1, -5, -7, 1, 2, 2, -5, -4, -1, -6, -8, 1, 2, 4, -6, -6, 1, -3, -7, -6, -5, 3, -5, -6, -6, 2, -8, -5, -1, 1, -4, -1, -3, -2, -4, -5, 2, -8, 0, -1, 1, -2, -8, 0, -3, 3, -4, 3, 4, -5, -8, -5, 3, -3, 3, -5, -8, -4, -6, -8, -2, -8, 3, 0, -3, -5, -7, 0, 3, -4, 3, 2, 0, -3, 3, -7, -3, -5, -2, -3, 1, -1, -5, -6, -1, 1, 4, 0, -3, -5, -3, -5, 3, -4, -8]
 
2.47920145861: [-6, -7, 2, -1, -6, -4, 0, -4, 3, 1, -3, -4, -3, 2, -8, 4, 3, -3, -7, 3, -8, -1, -8, -5, 1, -8, -6, -8, -8, 4, 1, -6, -4, 1, -3, -5, 4, -5, 1, -7, -6, 0, 1, -3, -7, -8, -5, -7, -3, -7, -3, 2, -6, 3, -8, -5, -4, 0, 0, -8, -4, -1, -4, -4, -4, -3, 4, 3, -7, -1, -6, 2, -7, -7, -6, -5, -5, -7, 2, 4, 1, -7, 3, 4, 0, -5, 1, -5, -8, 3, 1, -2, -7, -1, -1, 4, 3, 1, 3, 0, 4, -7, 0, 3, -4, 2, 0, 1, -7, -5, 2, 2, 0, -7, -8, 1, -3, 2, -1, 2, -1, 3, -5, -5, -8, -3, 4, -7]
 
0.954768683363: [-5, -3, -1, 1, 0, 2, -3, -8, 4, 4, -2, 2, -3, -7, 1, 3, -8, -8, -7, -6, -7, 1, -4, -8, 0, -5, 2, 2, 2, -6, -7, 4, 3, 0, 3, 0, -8, 0, -4, 4, 4, -4, -2, 1, -7, 0, -2, -4, 2, -5, -6, -3, -5, -3, 0, 2, -2, -2, -6, -8, -2, 1, -6, 1, 2, 1, 4, -2, 3, 3, 2, 4, -5, -5, -7, -3, -8, 0, 4, -1, -7, 4, -6, -6, 0, 4, 3, 3, 2, -4, 1, -6, 0, -1, -8, 2, -3, -8, -3, -7, 3, -5, -1, -8, -4, -3, 1, -7, 4, 2, 1, 4, -7, 2, -4, -1, -7, 0, -8, 0, -8, 3, -7, -3, 3, -7, -7, -4]
 
0.713075991844: [1, -2, -6, 2, -5, 2, 4, -4, -5, 4, -1, -4, -2, -3, 2, 0, -8, -7, -3, -4, -7, 0, -4, -8, -8, 3, -2, 1, 2, -7, 4, -3, -3, 4, -8, -7, -3, -3, 0, 0, -8, 4, -6, -8, -8, -6, 2, 2, 4, 3, 0, -5, 2, -3, -4, 2, -3, 2, -5, 2, -2, -6, -4, -4, 4, 0, 4, -2, -6, 2, -7, 4, -5, -4, -6, 0, -5, -5, 4, -3, -8, -4, -3, 1, -6, -1, -2, -8, 4, 3, 3, 2, -8, 1, 0, 1, -5, -8, 3, -2, 1, -7, 1, -2, -2, 3, 1, -4, -8, -1, 3, -4, 4, 0, -8, 2, -8, -5, -1, -7, -4, -1, -7, 0, -5, -5, -5, -3]
 
1.35295000731: [-4, -4, -4, -2, -7, 3, 0, -3, -8, -4, 4, 0, -7, -5, 0, 0, -4, -6, -1, -1, -8, 3, -6, 4, -3, -2, 2, 2, -1, -1, -8, -2, 3, -7, -8, 2, -2, 3, -1, -7, 4, 4, 1, -8, -6, 1, 0, 0, 0, 1, -6, 0, 2, -4, -1, -7, -2, 0, 0, -4, -4, -4, -4, -4, -3, 0, 3, -8, -3, -8, 2, -2, -3, -1, -6, -7, -8, 1, 2, 3, -4, -7, -4, 0, 3, 3, -1, 3, -3, -6, -4, -8, 4, -1, -7, 0, -6, -6, -3, -7, 4, -3, -4, 3, -3, -2, -5, -3, -5, -4, 4, -4, 4, -7, 2, -1, -4, -2, -1, -1, -1, 3, -3, 1, -4, -6, -4, -1]
 
0.816808070153: [2, -2, -8, -6, 1, -5, 4, 1, -3, -6, -7, 4, 1, 1, -5, -1, -6, -7, -3, -4, -7, 0, -4, -8, -8, 3, -5, -4, 2, 0, 3, 1, -3, 2, -3, 3, -6, 0, -5, -2, -6, -4, -2, 1, -7, -2, -2, -4, 2, -5, 0, -3, -5, -8, -6, -2, -2, -2, -3, 3, 0, 1, -6, -4, -2, 4, -1, -2, 3, 3, -8, -7, 4, -4, 0, -2, -7, -6, 4, -7, -5, -8, 4, -1, -3, -2, 4, -8, -2, -8, -4, -2, 3, -2, -8, -8, -4, 1, -2, -2, -7, -4, -6, -5, -2, -2, -6, 3, -1, 1, 3, -7, -5, -2, 2, 4, -4, -5, -8, 4, 3, -7, 0, 1, -6, 4, 2, 1]
 
1.82797588572: [1, -2, -6, 2, -5, 2, 4, -4, -5, 4, -1, -4, -2, -3, 2, 0, -8, -5, 1, 0, 4, 1, 3, 4, -8, -7, 4, -4, 2, -1, -4, -6, -3, -4, -3, -1, 0, -5, -5, -1, -4, 0, 0, -7, -2, 1, -7, -4, -5, -5, -2, -1, -2, -6, -3, 3, -5, -2, -7, -6, -8, 1, 4, -8, 4, -3, -1, 3, 4, 3, -2, 2, -6, 1, 0, 2, 0, -7, -2, -1, -3, -7, 4, -1, -3, -2, 4, -8, -2, -8, -4, -2, 3, -2, -8, -8, -4, 1, -2, -2, -7, -4, -6, -5, -2, -2, -6, 3, -1, 1, 3, -7, -5, -2, 2, 4, -4, -5, -8, 4, 3, -7, 0, 1, -6, 4, 2, 1]
 
1.35107369856: [-3, -2, -4, -5, -2, -4, 4, 1, 4, 0, 2, -3, -8, -5, 1, 1, 3, 0, -7, 4, 4, 0, -7, -8, -8, 4, -5, -4, 2, -1, -4, -6, -3, 0, -5, -7, 2, -3, -2, -1, -3, -4, 1, 4, 2, -6, 1, 2, -8, 0, 1, -3, -5, -8, -1, -5, 4, -1, -2, -6, 3, 1, -6, 2, -3, -4, -2, 3, -4, -7, 2, 1, -2, -6, 0, 2, -3, -5, 4, -7, -3, -2, 2, -1, 4, 0, 2, 2, -8, 1, -2, -8, -7, -4, 4, -2, -6, 0, 2, 2, 3, -2, -2, 4, -7, -5, -7, 0, -6, -4, -4, -7, 1, -3, -4, -6, -6, -7, -8, 1, -7, 2, -3, 1, -2, 3, 1, 3]
 
0.387534587785: [-5, -2, -6, -6, -4, -8, -5, 1, 3, 3, 1, -8, 1, -7, -3, 4, 0, -7, 1, 4, 4, -1, -6, -8, 3, -7, 4, -4, 2, -1, -4, 0, -7, -1, -5, 4, -7, -3, 4, 1, -7, 3, 3, -8, 1, -6, 2, 1, -6, 0, -1, 2, -6, 2, 2, 2, 1, 4, -8, -1, -4, -6, -4, 4, 4, 0, -1, -2, -4, 2, 2, -1, -6, -4, -5, 0, -1, -6, -6, -3, -7, -2, 3, -1, -8, -8, 1, 0, -1, 3, 4, -1, 2, -5, -8, 0, -5, -5, 4, -8, 3, -8, -8, -3, 1, 3, -2, -4, -4, 3, -1, -2, 0, -8, -8, -1, -6, -3, -1, -1, 0, 4, 1, -1, -2, 0, -2, 4]
 
1.29320227886: [1, -2, -6, 2, -5, 2, 4, -4, -5, -1, 0, -7, -4, -1, -1, -3, -1, 2, 3, 0, 2, 1, -4, -8, 3, -4, -5, -6, 2, -5, 2, 0, 3, -1, -5, -7, -7, 2, 2, -5, -4, 3, -6, -8, 1, 2, 4, -6, -6, 4, -5, 2, -6, 3, 3, -5, -3, 2, -5, 2, -2, -6, -4, -4, 4, 0, 4, -2, -6, 2, -7, 4, -5, -4, -6, 0, -5, 1, 2, -1, 3, -7, -4, -1, 3, 3, -3, 3, -3, -1, -4, -6, 4, -1, -7, 0, -3, -6, -3, -7, 4, -5, -4, 3, -4, 2, -5, -3, -7, -6, 0, -4, 1, 2, 2, -1, -1, -2, -1, -6, 2, 3, -3, 0, 3, -5, 0, -6]
 
0.926729355069: [-2, -2, -1, 1, 0, 2, 4, 1, 4, 4, -2, 2, -3, -7, -8, 0, -8, 0, -7, 0, -5, 1, -4, -8, -8, 2, -8, 4, -3, -1, -1, 0, -1, -3, -5, -7, -7, 0, -1, 1, -5, 3, 3, -8, 2, 1, 1, 1, 4, 0, -5, -4, -2, -7, 2, -3, 4, -5, -7, -6, 3, 1, -6, 0, -2, 1, 0, -4, 3, -6, -1, 2, 3, -7, 4, -6, -4, 4, 4, 3, 1, -7, -7, 3, 2, -5, -6, -5, -7, -8, -8, -3, -6, -4, 3, -5, 4, -3, -4, -8, -2, -5, -4, 3, 0, -7, -2, -6, -7, -7, 4, 2, -1, -2, -1, 0, -8, 2, -6, 1, -1, -2, 1, 1, 3, -2, -4, -1]
 
1.00521999004: [1, -2, -6, 2, -5, 2, 1, -7, -5, -1, 0, -7, -4, -1, -1, -3, -1, 2, 3, 0, 2, 1, -4, -8, -8, 3, -2, 1, 2, -7, 4, -3, -3, 4, -8, -7, -3, -3, 0, 0, -8, 4, -6, -8, -8, -6, 2, 2, 4, 3, 0, -5, 2, -3, -4, 2, -3, 2, -5, 2, -2, -6, -4, -4, 4, 0, 4, -2, -6, 2, -7, 4, -5, -4, -6, 0, -5, 1, 2, -1, 3, -7, -4, -1, 3, 3, -3, 3, -3, -1, -4, -6, 4, -1, -7, 0, -3, -6, -3, -7, 4, -5, -4, 3, -4, 2, -5, -3, -7, -6, 0, -4, 1, 2, 2, -1, -1, -2, -1, -6, 2, 3, -3, 1, 3, -2, -4, -1]
 
-1000: [-8, 4, 0, 2, 4, -6, 4, -4, -8, 4, -1, 3, -7, -5, 3, 3, -7, -7, -3, -4, -7, -6, -4, -4, -6, -5, -8, -5, 2, -5, 2, 0, -3, -1, -6, 1, 2, 3, -1, -5, -4, 3, -6, -8, 2, 2, -2, -6, 2, -5, -5, 2, -7, 3, 3, 2, -7, 4, 0, -8, -1, -3, 4, 1, -7, -4, -5, -7, -5, -8, 1, 4, -1, 1, 2, -2, -6, -5, 3, -1, -4, -8, -5, 2, -2, 3, -3, 1, 3, -1, -1, -3, 3, -2, 2, -5, -7, 4, -8, 2, 1, -8, -5, 3, -6, 0, -2, -8, -3, -3, -1, -5, -3, -6, -1, 4, -6, -7, 1, 4, -1, -3, -6, -3, 4, 3, -6, -6]
 
1.75565798319: [-5, -3, -1, 1, 0, 2, -3, -8, 4, 4, 3, -1, -6, -5, 0, -2, -8, -6, 0, 2, -5, -8, 1, -6, -3, 1, 4, -1, -8, 3, 0, 1, 1, -4, 4, -2, -4, 4, -6, -7, 3, -4, -5, -5, 3, -2, 0, 0, 1, 0, -2, -2, -3, -2, -1, 0, -7, -2, -3, -5, 2, -2, 1, -6, -8, 1, -1, 3, -8, -2, -5, 4, 1, 1, 0, 3, -7, -8, -7, 4, -2, 0, -6, 3, 1, -1, -4, 4, -8, -4, 4, 4, -8, -8, 1, -3, 3, -2, -4, -6, -7, 1, 2, 3, -2, -8, -5, 1, 3, -2, -1, 0, -7, -6, -3, 4, -8, -7, 3, -4, 1, 0, -1, 3, -3, -6, -7, 0]
 
2.37799024674: [4, -5, -7, -5, -5, -7, 4, 2, -1, 3, 1, 2, -3, -7, 1, 3, 4, -3, -7, -6, -7, 0, -8, -8, 0, -5, 2, 0, 2, -6, 4, 4, 3, -7, 3, -2, 3, 4, 4, -3, 4, -4, -2, 3, -7, 0, 2, -6, 3, -5, 0, -3, -5, -3, -4, 2, -2, -2, -6, -3, -2, 1, -6, 1, 2, 1, -6, -2, 3, -3, -2, 4, -5, -5, -7, -8, -8, 0, 4, -1, -7, 4, -6, -6, 0, -5, -6, 3, 3, -4, 1, 3, 0, -1, -8, -8, -7, -8, -7, -7, 0, 0, -1, -8, -4, -3, -1, -7, 4, 2, 1, 4, -7, 2, 0, -4, -4, 3, -8, 0, -5, 3, 0, -3, -2, -2, -7, -4]
 
0.860801386012: [-5, -2, -8, -6, -4, -5, 4, 1, -3, 3, 2, 4, 1, 1, 1, -1, 0, -7, 1, -1, -7, -2, -3, 1, -6, -5, -6, 2, 2, -6, -7, 4, 1, 0, -3, -6, -6, -4, 4, -2, -6, -4, -2, -5, -7, 4, -2, -4, 2, 3, 0, -1, -5, -8, -5, -2, 2, -2, 4, 3, 0, 1, -6, -2, -8, 4, -3, -2, 3, 2, -7, 4, -5, -7, -7, -3, -2, 4, 2, -1, -7, 4, -4, -6, 2, 4, -7, 3, -6, 2, -2, 3, 4, -4, 3, -2, -3, 0, -4, -8, 0, -8, -4, 3, -4, 2, -6, -5, -7, -3, 0, 1, -3, -7, -1, 1, -6, -1, 1, 0, 2, -8, -1, -1, -5, 3, 4, -8]
 
0.47853324015: [-6, -7, -6, 1, 3, 2, -2, 1, -4, -8, -6, 1, 2, -6, -1, 4, -8, -6, -5, 0, 4, 1, 3, -8, -8, -7, 4, -4, 2, -1, -4, 0, -7, -1, -5, -7, -7, -1, 2, 1, -3, 3, 3, -8, 1, -6, 1, 1, -6, 0, -5, 2, -6, 2, 2, 2, 1, 4, -8, -1, -4, -6, -4, -4, 4, 0, 4, -2, -7, 2, 2, 2, -6, -4, 2, 0, -2, -6, -6, -3, -7, -2, 4, -1, -3, -8, 2, 0, -1, 3, 2, -1, -4, -4, 3, 1, -5, -3, 3, -8, 3, -8, -8, -3, 2, 3, -5, -4, -4, -7, 2, -7, 0, -7, -8, -1, -6, -7, -8, 1, -7, 2, -3, 1, -2, 3, 1, 3]
 
1.11552213826: [-1, -3, 4, -6, -4, 1, -4, 1, -4, 3, 1, -5, -3, -3, -7, -2, 3, -1, -2, 4, 0, -8, 3, -4, 0, -7, -6, -4, -8, 1, 1, -6, -4, 1, 2, -5, -3, -3, 0, 0, -8, 4, -6, -8, -8, -6, 2, -4, 2, -5, 0, -3, -5, -8, -6, -2, -2, -2, -3, 3, 0, 1, -6, -4, -2, 4, -1, -2, 3, 3, -8, -7, 4, -4, 0, -2, -7, -6, 4, -7, -5, -8, 3, 4, -3, -5, -6, 4, -8, -6, 1, -5, 4, 3, -5, 4, -7, -1, 3, -8, 0, 2, -5, -7, 2, 2, 2, 1, -7, -7, -1, -6, -6, -1, 3, 4, 1, -3, -6, 0, -5, -3, -5, 0, -5, -5, -5, -3]
 
1.35880826638: [-4, -4, -4, 2, -7, -4, 0, -3, -5, 0, -6, 0, -3, -2, -7, -2, -4, -6, -5, 0, -8, 3, 2, 4, -3, -2, 2, -4, -5, -5, -2, -2, -4, 1, -8, -4, -4, 3, -1, -7, 0, -6, 1, -8, -8, -4, 0, 0, 0, -4, -3, 1, 0, -1, -3, 1, -4, 0, -4, -4, -4, -4, -7, -4, -3, 0, 3, -3, -5, 4, -7, -6, -3, 3, -1, -7, 0, -5, 4, -7, -8, -5, -3, 2, -6, -1, 4, 2, 4, -5, 3, 2, 2, 1, 0, 1, -7, 1, 3, -2, 1, -7, 1, -7, -2, 3, -3, -4, -8, -1, 0, 1, -2, 0, -8, 2, -8, -5, -7, -7, -4, -1, -7, 3, -2, -7, -4, -4]
 
0.603849266445: [-1, -3, 4, -6, -4, 1, -4, 1, -4, 3, 1, -5, -3, -3, -7, -2, 3, -1, -2, 4, 0, -8, 3, -4, 0, -7, -6, -4, -8, 1, 1, -6, -4, 1, 2, -5, -3, -3, 0, 0, -8, 4, -6, -8, -8, -6, 2, -4, 2, -5, 0, -3, -5, -8, -6, -2, -2, -2, -3, 3, 0, 1, -6, -4, -2, 4, -1, -2, 3, 3, -8, -7, 4, -4, 0, -2, -7, -6, 4, -7, -5, -8, 3, 4, -3, -5, -6, 4, -8, -6, 1, -5, 4, 3, -5, 4, -7, -1, 3, -8, 0, 2, -5, -7, -4, 2, 0, 1, -7, -5, 2, 2, 0, -7, -8, 1, -3, 2, -8, 0, -8, 3, -7, -3, 3, -7, -7, -4]
 
2.69123326473: [2, -2, -8, -6, 1, -5, 4, 1, -3, -6, -7, 4, 1, 1, -5, -1, -6, -5, 1, 0, 4, 1, 3, 4, -8, -7, 4, -4, 2, -1, -4, -6, -3, -4, -3, -1, 0, -5, -5, -3, 0, -5, 4, -1, 2, 2, -6, -5, -5, -1, -5, 3, -7, -5, 3, -1, 3, -2, 3, 1, 1, 1, -6, 0, -2, 1, -7, -3, -6, 3, -6, 2, -7, -7, -6, -5, -5, -7, 2, 4, 1, -7, 3, 4, 0, -5, 1, -5, -8, 3, 1, -2, -7, -1, -1, 4, 3, 1, 3, 0, 4, -7, 0, 3, 2, 2, 2, 1, -7, -7, -1, -6, -6, -1, 3, 4, 1, -3, -6, 0, -5, -3, -5, 0, -5, -5, -5, -3]
 
2.45045976342: [-2, -2, -1, 1, 0, 2, 4, 1, 4, 4, -2, 2, -3, -7, -8, 0, -8, 0, -7, 0, -5, 1, -4, -8, -8, 2, -8, 4, -3, -1, -1, 0, -1, -3, -5, -7, -7, 0, -1, 1, -5, 3, 3, -8, 2, 1, 1, 1, 4, 0, -5, -4, -2, -7, 2, -3, 4, -5, -7, -6, 3, 1, -6, 0, -2, 1, 0, -4, 3, -6, -1, 2, 3, -7, 4, -6, -4, 4, 4, 3, 1, -7, -7, 3, 2, -5, -6, -5, -7, -8, -8, -3, -6, -4, 3, -5, 4, -3, -4, -8, -2, -5, -4, -7, 2, 2, 2, 1, -7, -7, -1, -6, -6, -1, 3, 4, 1, -3, -6, 0, -5, -3, -5, -3, -2, -7, -4, -4]
 
0.681253659682: [-1, -3, 4, -6, -4, 1, -4, 1, -4, 3, 1, -5, -3, -3, -7, -2, 3, -1, -2, 4, 0, -8, 3, -4, 0, -7, -6, -4, -8, 1, 1, -6, -4, 1, 2, -5, -3, -3, 0, 0, -8, 4, -6, -8, -8, -6, 2, -4, 2, -5, 0, -3, -5, -8, -6, -2, -2, -2, -3, 3, 0, 1, -6, -4, -2, 4, -1, -2, 3, 3, -8, -7, 4, -4, 0, -2, -7, -6, 4, -7, -5, -8, 3, 4, -3, -5, -6, 4, -8, -6, 1, -5, 4, 3, -5, 4, -7, -1, 3, -8, 0, 2, -5, 3, 0, -7, -2, -6, -7, -7, 4, 2, -1, -2, -1, 0, -8, 2, -6, 1, -1, -2, 1, 0, 3, -5, 0, -6]
 
1.85820898061: [1, -2, 2, 4, 2, 2, 4, 2, -5, 2, -7, -7, -6, -3, 1, -3, -1, 3, 3, -7, -3, 0, -4, -8, -8, -3, 1, -4, -7, -1, -6, -1, 1, -4, 4, -6, -4, -7, 0, -7, 3, -4, -5, -5, 1, -7, -5, 0, -1, 0, -2, -3, -3, 4, 3, 0, -7, -2, -3, -2, 2, -2, -7, -6, -5, 1, -1, 3, -8, -2, -5, -2, 1, 1, 0, 3, -7, 3, -1, 4, -2, 0, -6, 3, 1, -3, -4, 4, -8, -4, 4, -4, -4, -8, 1, -3, 3, -2, -4, -6, -7, 1, -3, 3, -2, -8, -5, 1, 3, -2, 0, 0, -7, -3, -7, 4, -4, -7, -1, -4, 1, 0, -1, -2, -3, -3, -6, -5]
 
2.15529887564: [-5, -3, -1, 1, 0, 2, -3, -8, 4, 4, 3, -1, -6, -5, 0, -2, -8, -6, 0, 2, -5, -8, 1, -6, -3, 1, 4, -1, -8, 3, 0, 1, -7, -4, -5, -8, -5, -2, 2, 1, -3, 3, 1, -6, -2, -7, -3, 1, -6, -7, -2, 2, 3, 3, 2, -5, 1, -6, -1, -1, -4, 3, -3, -4, 4, 0, 4, -2, -7, 2, 2, 2, -6, -4, 2, 0, -6, -6, 1, -1, -7, -2, -1, -1, -2, -2, -1, 1, 4, -7, 0, -6, -1, 2, 1, -7, -5, -4, 3, 3, 2, -4, -6, -4, 3, 3, 1, -4, -6, -7, -1, -3, -3, -7, -4, 0, -6, 4, -7, 0, -1, 0, -1, 0, -2, -4, -5, 3]
 
1.69713637342: [2, -2, -8, -6, 1, -5, 4, 1, -3, -6, -7, 4, 1, 1, -5, 0, -8, 0, -7, 0, -5, 1, -4, -8, -8, 2, -8, 4, -3, -1, -1, 0, -1, -3, -5, -7, -7, 0, -1, 1, -5, 3, 3, -8, 2, 1, 1, 1, 4, 0, -5, -4, -2, -7, 2, -3, 4, -5, -7, -6, 3, 1, -6, 0, -2, 1, 0, -4, 3, 3, 2, 4, -5, -5, -7, -3, -8, 0, 4, -1, -7, 4, -6, -6, 0, 4, 3, 3, 2, -4, 1, -6, 0, -1, -8, 2, -3, -8, -3, -7, 3, -5, -1, -8, -4, -3, 1, -7, 4, 2, 1, 4, -7, 2, -4, -1, -7, 0, -8, 0, -8, 3, -7, -3, 3, -7, -7, -4]
 
1.23655085889: [-5, -3, -1, -6, 0, -7, -3, -5, 4, 4, -2, -1, -4, -7, 1, 3, -1, -8, -8, -6, -7, 1, -4, -6, 0, -5, 2, -5, 2, -6, -7, -7, 3, -7, -4, -6, -8, 4, -4, 4, 4, 4, -6, -7, 1, 0, 1, -4, 2, -2, -2, -4, -5, 1, 0, -4, -2, 0, -6, -4, 3, 1, -6, 1, 2, 1, 4, -2, 3, -7, 1, -4, 3, -7, 4, -6, -8, 4, 4, 3, 1, -7, -7, 3, 2, -5, -6, -4, -3, -2, -8, -3, -6, -5, 3, 3, 4, -3, -4, -8, -2, -5, -8, 3, 0, -5, -2, -6, 2, -7, 4, 2, -1, -2, -1, 0, -8, -6, -6, 1, -4, -2, -5, -2, -4, 2, 0, -6]
 
0.318797579012: [1, -2, -8, 1, 0, 3, 1, -7, -1, -1, -1, -7, -4, -1, 1, -3, 2, 2, -1, 0, -8, 1, -4, -7, 3, -4, -5, -6, 2, 1, 1, 2, 3, -1, -8, -7, -7, 2, 2, -5, -8, 3, -6, -8, 1, 2, 4, -6, -6, 4, -3, 2, -2, 3, 3, -5, 2, -5, 0, -4, -5, -1, 4, 2, -1, -8, -2, -5, -5, -8, -1, -1, 3, 2, -6, -3, 3, -3, 3, -1, 3, 0, 4, 4, 4, 3, -2, 3, -3, -1, 0, -6, -8, 1, 3, -6, -6, 1, -8, -8, 0, -8, -4, 3, -4, 2, -3, -5, -7, -3, 0, -4, -4, -5, -1, 1, 4, -8, 1, 0, -7, -8, 3, -1, -5, -1, -6, 3]
 
0.674424005574: [-6, -7, -6, 1, 3, 2, -2, 1, -4, -8, -6, 1, 2, -6, -1, 4, -8, -6, -5, -1, -7, -2, -3, 1, -6, -5, -6, 2, 2, -6, -7, 4, 1, 0, -3, -6, -6, -4, 4, -2, -6, -4, -2, -5, -7, 4, -2, -4, 2, 3, 0, -1, -5, -8, -5, -2, 2, -2, 4, 3, 0, 1, -6, -2, -8, 4, -3, -2, 3, 2, -7, 4, -5, -7, -7, -3, -2, 4, 2, -1, -7, 4, -4, -6, 2, 4, -7, 3, -6, 2, -2, 3, 4, -4, 3, -2, 1, -3, -8, -2, 0, -8, -4, 3, -4, 2, -2, 3, -7, -3, -4, -2, -3, -6, -1, 1, -6, -7, 1, 4, 2, -3, -5, -3, -5, 3, -4, -8]
 
1.11783077588: [-1, 4, -6, 2, -5, 2, -4, -3, -2, 4, -5, -4, -4, 4, 2, 0, -8, -7, -3, -3, -7, -6, -4, -8, -8, 2, -8, 4, -3, -1, -1, 0, -1, -3, -5, -7, -7, 0, -1, 1, -5, 3, 3, -8, 2, 1, 1, 1, 4, 0, -5, -4, -2, -7, 2, -3, 4, -5, -7, -6, 3, 1, -6, 0, -2, 1, 0, -4, 3, 3, 2, 4, -5, -5, -7, -3, -8, 0, 4, -1, -7, 4, -6, -6, 0, 4, 3, 3, 2, -4, 1, -6, 0, -1, -8, 2, -3, -8, -3, -7, 3, -5, -1, -8, -4, -3, 1, -7, 4, 2, 1, 4, -7, 2, -4, -1, -7, 0, -8, 0, -8, 3, -7, -3, 3, -7, -7, -4]
 
1.29700126952: [2, -2, -8, -6, 1, -5, 4, 1, -3, -6, -7, 4, 1, 1, -5, 0, -8, 0, -7, 0, -5, 1, -4, -8, -8, 3, -2, 1, 2, -7, -5, -3, -3, 1, -8, -7, -3, 2, 0, 0, -8, 4, -6, -8, -8, 1, -8, -1, 4, 3, -2, -5, -3, 0, -4, -2, -1, 2, -5, 2, -5, -6, -2, -4, 1, 0, 4, 0, -3, 2, -7, 1, -4, -4, -4, 0, -8, 1, 2, 0, 2, -7, -1, 3, -1, -5, -6, -5, -7, -8, -8, -3, -6, -1, 3, -4, 4, -3, -4, -8, -4, -5, 3, 3, 0, -7, -2, -6, 4, 2, 4, -3, 1, -8, -1, 0, -8, 3, 0, 1, -3, -2, 1, 0, 3, -4, 2, 3]
 
