3.2196234950912186: [-3, -2, -1, 2, 2, 2, 4, -2, 4, 4, 1, 2, -8, -7, -8, 0, -8, -7, -7, 0, 4, 1, -4, -8, -8, 2, -5, -4, 2, -1, 1, 1, -3, 0, -5, -7, -2, -3, 2, -1, -3, -4, 1, -8, 1, -6, 1, -4, 2, -5, 0, -3, -5, -8, -1, -5, 4, 0, -7, -5, -1, 1, -6, -4, -2, 4, -1, -3, 4, 3, 2, -7, -5, -4, 0, 0, -7, -6, 4, -1, -7, -2, 4, -1, -3, 0, 2, 0, -1, -7, 2, -6, -7, -4, 3, 1, -5, -3, 3, -8, 3, -2, -6, -4, 2, 3, -5, -4, -4, -7, 2, -3, -3, -7, -1, 1, -6, 4, -8, 0, -5, -7, -3, 1, -2, -4, -5, 3]
 
1.02447125138: [-8, -6, 2, -5, -6, -4, -7, -1, 3, 1, 1, 3, -8, -7, -5, 3, -2, 1, -2, 3, -5, -5, -2, 2, 1, -7, -6, -1, -7, 4, -3, 0, -8, -8, -7, 2, -8, 1, 1, -3, -5, -5, -5, -2, 0, 2, -2, -5, -5, -4, -8, -1, -7, -5, 0, -1, -6, 0, -7, 2, -8, 1, -6, -6, 2, -1, 0, -1, -8, -7, -1, -2, 3, 0, 4, 3, -1, -3, -6, -7, 3, -2, 1, 3, -3, 1, -5, -4, -2, -6, -7, 2, -5, -2, -4, -4, -7, 3, -6, 1, -3, -8, 1, -7, -4, 3, 3, -4, 0, 2, -6, -7, 2, 0, -5, -5, 3, 0, -1, -2, -3, -2, 1, 3, -4, 1, 0, -6]
 
1.17891395862: [1, -3, -1, -4, -6, 2, 4, 1, 4, 3, 4, -7, -3, 0, -8, -4, -8, -1, -7, 2, -4, 1, -4, -8, -8, 2, 3, -6, -3, -1, 1, 0, -3, 0, 0, -7, -2, -5, 2, -5, -2, -1, -1, -8, 2, 3, 2, 2, -3, -8, -3, 4, -6, -4, 2, 4, -3, 4, -8, -1, -4, -4, -2, -4, -7, 0, -3, -2, -7, 3, -7, -2, -2, -8, -4, -1, -2, -2, -3, -1, -3, -6, -5, -5, -3, -1, -7, -6, 0, -6, 1, -6, -1, 0, 4, -7, -2, 2, 1, 3, 2, -2, -6, -2, 2, -8, 4, -4, -1, -7, -3, -4, -3, -7, -2, 1, -7, 4, 1, 0, -3, -7, -4, 1, -2, -4, 0, -2]
 
2.0223379768096037: [-3, -2, -8, -6, -6, -5, 4, 1, -4, 3, 2, -2, -8, -5, 4, 3, -2, -7, -7, 1, 2, 1, -4, -8, -8, -3, -5, -4, 2, -1, -4, 0, -7, -1, -5, -7, -7, -1, 2, 1, -3, 3, 3, -8, 1, -6, 1, 1, -6, 0, -5, -1, -2, -7, -1, -7, 4, 1, -7, -6, 3, 1, -6, 0, -2, 1, -1, -4, 4, -6, -1, -3, 3, -7, 1, 2, -2, -3, 4, -1, -7, -7, -4, -1, -3, -3, -3, 3, -8, -6, -4, -6, 4, -1, -7, 0, -3, -6, -3, -8, 4, -5, -4, 3, -4, 2, -5, -3, -7, -6, 0, -4, 1, 2, 2, -1, 3, 3, -1, -6, 3, 3, -3, 1, 1, 4, -4, -7]
 
0.778969728642: [-6, -3, 2, 4, 3, 1, 0, -8, -4, 2, -8, -5, -4, 4, 4, -8, -2, -5, -7, 0, -8, -4, 3, -2, 4, -5, 3, -5, -5, -5, -3, -6, 2, -3, -6, -2, 0, -1, 4, -1, -8, -2, 3, -6, -8, 2, -6, 1, 4, -5, -5, -5, 0, -8, 0, 0, 4, -4, -7, 4, -1, -8, 2, -4, -2, 4, 1, -3, 4, 3, 2, -8, -8, 1, 0, 0, -7, 2, 4, -3, -5, 4, -8, -1, 3, 0, -8, 0, -1, -7, -1, -1, -1, -2, 3, 1, -1, 3, -4, -2, -4, -4, -6, -5, -4, -5, -4, 3, -1, 1, -2, -7, 3, 1, -1, -2, 4, -8, -2, 2, 3, -6, -3, -8, 3, -8, 0, -7]
 
0.786368165799: [-6, -2, -1, 1, -4, -8, 4, 1, -5, 1, 0, 2, -8, -6, -8, 0, -6, -5, -7, 0, -2, 1, -4, -8, -8, 3, 4, 2, 4, -2, -6, 0, -6, -6, -7, 4, -1, 3, 2, -7, -3, -5, 4, -8, 0, -1, 0, -6, -3, -5, 0, 3, -5, -5, -1, -5, -3, -7, -7, -7, -1, 2, -6, 0, -3, 0, 4, -4, 4, 0, 1, 1, -8, -4, 2, 0, -7, 4, 4, 3, -2, -1, -6, -7, -3, 0, 2, -7, -6, -5, 0, -2, -5, 0, -1, -4, -2, 3, -5, -8, -4, 4, -6, -4, 2, 3, 1, 0, -5, -7, 2, 2, -6, 1, -1, 1, 0, 4, -8, -4, -5, -1, -3, 1, -5, -4, -7, 3]
 
0.951897997358: [-2, -8, 2, 1, -6, 2, 0, 1, -5, -4, 1, -8, -6, -3, -4, 4, -1, -4, 3, 0, -4, 2, -4, -5, -3, -2, 3, 3, 2, 0, -3, 3, -8, 0, -3, -1, -5, 2, 3, -5, -6, -4, -2, -6, -7, -2, 2, -4, 2, 1, -6, -3, -2, -8, -2, 4, 2, -7, -1, -5, -1, 1, 4, 0, -2, 4, -1, -2, 3, 2, -7, 4, -5, -4, -6, -3, 2, 1, 4, -1, -2, 4, -4, -7, -6, -3, -6, -3, -7, 3, 1, -6, 2, -4, 3, 0, -6, -6, -1, -8, 1, -4, -3, -6, -4, 2, -2, -6, -4, -8, 0, -2, -8, -2, -4, -8, -7, 4, 0, -4, 3, -1, -6, 0, 3, -8, -3, -7]
 
2.011643326466917: [-3, -2, -1, 2, 2, 2, 4, -2, 4, 4, 1, 2, -8, -7, -8, 0, -8, -7, -7, 0, 4, 1, -4, -8, -8, 2, -5, -4, 2, -1, 1, 1, -3, 0, -5, -7, -2, -3, 2, -1, -3, -4, 1, -8, 1, -6, 1, -4, 2, -5, 0, -3, -5, -8, -1, -5, 4, 0, -7, -5, -1, 1, -6, -4, -2, 4, -1, -3, 4, 3, 2, -7, -5, -4, 0, 0, -7, -6, 4, -1, -7, -2, 4, -1, -3, 0, 2, 0, -1, -7, 2, -6, -7, -4, 3, 1, -5, -3, 3, -8, 3, -2, -6, -4, 2, 3, -5, -4, -4, -7, 2, -3, -3, -7, -1, 1, -6, 4, -8, 0, -5, -7, -3, 1, -2, -4, -5, 3]
 
0.8294894240346612: [-5, -2, 1, 1, -3, 0, 4, 1, -4, 4, -2, 2, -3, -7, -2, 0, -8, -8, -7, -6, 4, 1, -3, -8, -6, -7, -5, -4, -6, 0, -1, -8, -3, -4, -6, 3, -6, -8, -8, 3, -6, -3, -1, 1, 0, -2, -2, -4, 2, -5, 0, -3, -4, -8, -1, -5, 4, 0, -4, -6, -1, 1, -6, -8, -7, -1, 0, -3, -6, 3, -2, 1, -7, -7, -6, -5, -8, -7, 2, 4, -4, -7, 3, 4, 3, -7, 1, -5, 0, 3, 1, -2, -3, -5, 3, 4, -5, 1, 3, -6, -5, -7, 0, 3, 3, 2, 3, 1, -7, -5, 0, 2, 0, -7, 3, 4, -3, -7, -8, 0, -4, -3, 0, -3, 3, -8, -4, -4]
 
1.3368515730778827: [-3, -2, -8, -6, 4, -5, 4, 1, -3, 3, 2, 2, -8, -5, -8, 1, -8, -7, -7, 0, 4, 1, -4, -8, -8, -3, -5, -4, 2, -1, -4, -6, -3, 0, -5, -7, 0, -3, 2, -1, -3, -4, 1, -8, 1, -6, 1, -4, 2, 0, 0, -3, -5, -8, -1, -5, 4, -1, -7, -6, 3, 1, -6, -2, -2, -3, -1, -4, 4, 3, -1, 2, -7, -7, 1, 2, -8, 0, 4, -1, -7, -7, -4, 4, -3, -7, -6, 3, -8, -6, 1, -6, 4, -1, -1, 0, -3, 2, 3, -8, 4, -5, -4, 3, -4, 2, -1, 1, -7, -7, 2, -1, -3, -5, -8, 1, -6, 4, -8, 0, -8, -7, 2, -3, 3, -3, -7, -4]
 
0.8888952543813549: [-3, -6, -3, 2, -3, 2, 4, -4, -5, 4, -1, -4, -2, -3, 2, 0, -8, -7, -3, -4, -7, 0, -4, -8, -8, 3, -2, 1, 2, -7, 4, -3, -3, 4, -8, -7, -3, -3, 0, 0, -8, 4, -6, -8, -8, -6, 2, 2, 4, 3, 0, -5, 2, -3, -4, 2, -3, 2, -5, 2, -1, -3, -7, -4, -3, 4, -5, -3, 1, 0, 2, 1, 0, -4, -3, 1, 4, -3, -1, -7, 4, -2, -7, 1, -3, 0, 2, -3, -1, -4, 2, -4, -7, -4, -6, -7, -5, -3, -5, -8, 3, -1, 1, -4, -5, -2, -5, -4, 4, -7, 2, -3, -3, -1, -5, 1, -6, 4, 0, 0, -7, -2, -5, 1, -5, -4, 2, -8]
 
2.187261088233498: [1, -5, -7, -2, 2, -5, 2, -3, 0, -1, -7, -2, -7, 0, -8, -6, -1, 2, -7, 0, 1, 4, 2, -2, -3, 2, 0, -3, 1, -1, 1, -8, -4, 0, -1, 4, -6, 0, -6, -5, 2, -7, -3, 2, 4, -5, 4, -8, 3, -3, 4, -7, -4, 0, 0, -8, -4, -4, -2, 0, -1, -7, -6, 0, -3, -3, 3, -5, -8, 2, -7, 4, 0, -4, -6, -2, -8, 0, -6, -1, 1, 1, -4, -5, -5, 4, 4, 1, -8, 1, -4, 4, -8, -4, 3, 1, -6, -5, -4, -1, -4, 2, -4, -5, -4, -3, -6, 3, -7, 1, -2, 2, -1, -5, 4, -3, -6, -7, -1, 2, -8, -3, 0, 1, 0, 3, 4, -6]
 
0.8986833344340637: [-4, -4, -8, -6, 1, -6, 0, -1, -1, -2, 2, -2, -4, -8, -2, 1, -3, -5, 4, 3, 0, 0, 2, 3, -3, 0, -8, 2, 3, -1, -7, -2, 0, -6, -3, -5, -7, -8, 1, 1, -7, -3, 4, 3, 3, -1, -6, 0, -6, -6, 4, 3, 3, -1, 3, -1, 1, -6, -1, -3, -8, 1, 2, -2, -5, -6, -1, -2, -4, 2, 1, -6, 4, -5, 4, 2, 2, -3, -6, -3, -5, 1, -3, 3, -6, -5, -3, -2, -5, 4, 1, -4, 1, -2, -3, -1, 2, 1, -5, 1, -8, -8, -6, 0, -6, -5, -8, -7, -8, 3, -5, -1, 1, -5, -2, -7, 4, -3, 2, -8, -4, 4, -8, 2, -4, 2, -5, -4]
 
3.4840627095201904: [1, -5, -7, -2, 2, -5, 2, -3, 0, -1, -7, -2, -7, 0, -8, -6, -1, 2, -7, 0, 1, 4, 2, -2, -3, 2, 0, -3, 1, -1, 1, -8, -4, 0, -1, 4, -6, 0, -6, -5, 2, -7, -3, 2, 4, -5, 4, -8, 3, -3, 4, -7, -4, 0, 0, -8, -4, -4, -2, 0, -1, -7, -6, 0, -3, -3, 3, -5, -8, 2, -7, 4, 0, -4, -6, -2, -8, 0, -6, -1, 1, 1, -4, -5, -5, 4, 4, 1, -8, 1, -4, 4, -8, -4, 3, 1, -6, -5, -4, -8, 3, -6, -4, 3, 4, 2, 2, 3, -7, -7, 2, -1, -3, -5, -8, 3, -3, 2, 4, -1, 2, -3, -1, -3, -8, -2, 4, 2]
 
1.835237191195385: [-4, -3, 1, 4, -2, -2, -6, 1, -1, 0, -4, -5, -5, -3, -7, 0, -5, -3, -6, 0, 4, 1, 0, -2, -3, -2, -5, 3, 2, 1, 1, 0, -4, 0, -1, 4, -6, 0, -6, -5, 2, -7, -3, 2, 4, -5, 4, -8, 3, -3, 4, -7, -4, 0, 0, -8, -4, -4, -2, 0, -1, -7, -6, 0, -3, -3, 3, -5, -8, 2, -7, 4, 0, -4, -6, -2, -8, 0, -6, -1, 1, 1, -4, -5, -5, 4, 4, 1, -8, 1, -4, 4, -8, -4, 3, 1, -6, -5, -4, -1, -4, 2, -4, -5, -4, -3, -6, 3, -7, 1, -2, 2, -1, -5, 4, -3, -6, -7, -1, 2, -8, -3, 0, 1, 0, 3, 4, -6]
 
0.597326097477: [-3, 4, 2, -7, 3, 2, 3, 0, 2, -5, -8, -5, -6, 4, -6, -8, -2, -5, -7, -4, 4, -4, 2, -2, -3, 0, -7, 4, 2, -4, -3, -5, -2, -3, -6, 1, 2, 0, 4, -1, 3, -5, 3, 4, 0, 0, 1, -5, 4, -5, 0, -6, -1, 0, -1, 0, 4, 0, -8, 2, -6, -6, 1, -3, -2, 4, -3, 3, 4, 3, 2, -3, -6, -5, 1, 0, 3, 0, -8, 0, -3, 0, 3, 4, -6, 0, -6, -3, -7, -6, 3, 4, -7, 3, -7, 2, 1, 4, 3, -4, -1, -1, 3, -7, -1, 4, 4, 3, -7, -6, -8, 1, 4, -8, 2, -6, 2, -5, -7, -2, 3, -6, 2, -7, -2, -7, -1, 4]
 
0.8109864337107111: [-4, -3, 1, 4, -2, -2, -6, 1, -1, 0, -4, -5, -5, -3, -7, 0, -5, -3, -6, 0, 4, 1, 0, -2, -3, -2, -5, 3, 2, 1, 1, 0, -4, 1, -6, -8, 0, -5, -5, -3, -3, -4, 1, -5, 4, -8, 2, -4, 2, -3, -2, -3, -6, -3, 2, -5, -8, -2, -7, 2, 1, -1, -2, -5, -4, 3, -1, 3, 2, 2, -4, -7, 2, -4, 2, -1, -4, 0, -7, -3, -7, -1, -4, -6, 2, 3, 2, -2, 0, -2, -6, 3, 3, -1, -1, 1, -4, -8, 1, -8, -2, 0, -3, -2, -4, -2, 0, -8, -7, 3, 2, -4, -6, 0, -8, 1, 0, 0, -8, -2, 3, -4, 2, -7, -5, -1, -4, -8]
 
2.1990309971733963: [-3, 2, -6, 1, 3, 2, 3, 1, -5, -8, -6, 1, 1, -6, -1, 4, -8, -6, 4, -1, -4, -2, -3, 1, -6, -5, 2, 2, 2, -6, -7, 4, 3, 0, -3, 3, -6, 0, -5, -2, -6, -4, -2, 1, -7, -2, -2, -4, 2, -5, 0, -3, -5, -8, -6, -2, -2, -2, -3, 3, 0, 1, -6, -4, -2, 4, -3, -2, 3, 2, -7, 4, -5, -4, -7, -3, -8, 0, 4, -1, -7, 4, -4, -6, 0, 4, -6, 3, -8, -4, 1, -6, 4, -4, 3, -6, -6, -3, -4, -8, 0, -8, -4, 3, -4, 2, -2, 3, -7, -3, -4, -3, -3, -7, -1, 1, -6, -1, 1, 4, 2, -4, -1, -3, -5, 3, 4, -8]
 
0.78563523345: [-5, -8, 0, -3, 2, -5, -8, -3, -3, -4, -8, 0, -2, -3, -6, -2, -5, -6, 0, -1, -5, -8, -3, 1, 4, -4, 3, 2, 2, -6, -7, 1, -4, 1, -2, 3, -1, 3, 4, 0, 2, -8, -3, -5, -1, -6, 0, -4, 4, -6, 2, -3, -5, -8, -1, -5, -5, 0, -7, -5, -1, 1, -6, -4, -2, 4, -1, -7, 4, -6, 2, -5, 1, -4, 0, -5, -7, -6, -6, -1, -5, 1, -5, -1, -3, 3, 2, 0, 1, -7, 2, -3, -7, 4, 3, 1, -5, -6, 3, -2, 3, -2, -6, -6, 2, 3, -5, -8, -4, -5, -4, -3, 4, 4, -1, 1, -6, 4, 4, -4, -7, -7, -3, 1, 0, -4, -4, 0]
 
1.0468596553364802: [-3, -2, -1, 2, 2, 2, 4, -2, 4, 4, 1, 2, -8, -7, -8, 0, -8, -7, -7, 0, 4, 1, -4, -8, -8, 2, -5, -4, 2, -1, 1, -6, -3, 0, -5, -7, 0, -3, 2, -1, -3, -4, 1, -8, 1, -6, 1, -4, 2, 0, 0, -3, -5, -8, -1, -5, 4, -1, -7, -6, 3, 1, -6, -2, -2, -3, -1, -4, 4, 3, -1, 2, -7, -7, 1, 2, -8, 0, 4, -1, -7, -7, -4, 4, -3, -7, -6, 3, -8, -6, 1, -6, 4, -1, -1, 0, -3, 2, 3, -8, 4, -5, -4, 3, -4, 2, -1, 1, -7, -7, 2, -1, -3, -5, -8, 1, -6, 4, -8, 0, -8, -7, 2, -3, 3, -3, -7, -4]
 
2.282799419501268: [1, -2, -6, 2, -5, -2, 3, 1, -5, -1, 1, -7, -6, -3, 3, -3, -1, 3, 3, 0, -1, 1, 0, -2, -3, -1, -5, 3, -3, -5, 2, -8, -5, -4, -3, 3, -6, 0, -5, -2, -6, -3, -2, 1, 0, -2, -2, -4, 2, -5, 0, -3, -4, -8, -1, -5, 4, 0, -7, -6, -1, 1, -6, -8, -7, 4, -7, -3, -6, 3, -6, 2, -7, -7, -6, -5, -5, -7, 2, 4, 1, -7, 3, 4, 0, -5, 1, -5, -8, 3, 1, -2, -7, -1, -1, 4, 3, 1, 3, 0, 4, -7, 0, 3, -4, 2, 0, 1, -7, -5, 2, 2, 0, -7, -8, 1, -3, 2, -8, 0, -8, 3, -7, -3, 3, -7, -7, -4]
 
2.6288591701743638: [-3, 3, -1, 2, 2, 2, -2, 4, 4, 4, 1, 2, -8, -7, -5, 0, 1, -7, -1, 0, 4, 1, -4, -8, -8, -6, -3, -4, 2, 0, 1, 1, -5, -1, 1, -7, -2, -3, 2, -1, 1, -4, 1, -8, 0, -6, 3, -1, -3, -2, -3, 2, -6, -3, -4, 2, -3, 0, -1, -8, -4, -6, -4, -4, 4, 0, 1, 4, -7, -1, -7, -7, -6, -4, -6, -1, -7, 1, 2, 1, -7, -4, -1, 3, 4, 4, 4, 0, -1, -7, -6, -1, 2, -2, -8, 1, -2, 3, -2, -2, -7, -6, -4, -5, -2, -5, -4, 3, 0, -5, -5, -7, 3, -4, 2, -4, -4, -8, -4, 4, 3, 3, -1, 1, -6, 2, 4, 2]
 
1.125083526741441: [1, -5, -7, -2, 2, -5, 2, -3, 0, -1, -7, -2, -7, 0, -8, -6, -1, 2, -7, 0, 1, 4, 2, -2, -3, 2, 0, -3, 1, -1, 1, -8, -4, 1, -6, -8, 0, -5, -5, -3, -3, -4, 1, -5, 4, -8, 2, -4, 2, -3, -2, -3, -6, -3, 2, -5, -8, -2, -7, 2, 1, -1, -2, -5, -4, 3, -1, 3, 2, 2, -4, -7, 2, -4, 2, -1, -4, 0, -7, -3, -7, -1, -4, -6, 2, 3, 2, -2, 0, -2, -6, 3, 3, -1, -1, 1, -4, -8, 1, -8, -2, 0, -3, -2, -4, -2, 0, -8, -7, 3, 2, -4, -6, 0, -8, 1, 0, 0, -8, -2, 3, -4, 2, -7, -5, -1, -4, -8]
 
2.166611848098384: [4, -6, 0, -3, 2, -5, -8, -3, 4, -4, -8, 0, -2, -3, -6, -2, -5, -6, 4, -1, -4, -2, -3, 1, -6, -5, 2, 2, 2, -6, -7, 4, -4, 1, -6, -4, -2, -8, -8, -4, 2, -8, -3, -5, -1, -6, 0, -3, 3, -3, 4, -6, -4, -3, -1, -5, 4, 0, -7, -5, -1, -1, -2, 0, 2, -3, -1, -3, 4, 3, -6, 2, -7, -7, -6, 0, -5, 1, 2, 4, 1, -7, -7, 3, 2, 4, -6, -5, -5, 3, -6, 2, -6, -4, 3, -4, 4, 3, -3, 3, -1, -2, -4, 2, -4, 3, -5, 4, -4, -7, 2, -1, -3, -5, -8, 1, -6, -1, 0, -7, 2, -4, -1, -3, -5, 3, 4, -8]
 
1.35846886514: [-1, -2, -1, 1, 0, 2, -7, 1, 1, -8, -2, -3, 0, -6, -8, 0, -6, 0, -7, -7, 4, 4, -4, -8, -2, 2, 4, -8, 2, 2, -6, 4, -1, -7, -5, 4, 4, -2, 2, -6, -3, 0, 1, -7, -2, 4, 1, 2, -3, -5, 3, -3, -6, 2, 2, -3, 1, 4, -5, -1, -2, -6, -4, -4, 4, 0, 4, -2, -6, 2, -7, 4, -5, -4, -6, 0, -5, 1, 2, 3, 1, -7, -7, 3, 2, -5, -6, -5, -7, -8, -8, -3, -6, -4, 3, -5, 4, -3, -4, -8, -2, -5, -4, 3, 0, -7, -2, -6, -7, -7, 4, 2, -1, -2, -1, 0, -8, 2, -6, 1, -5, -2, -7, -3, 0, 2, 0, -6]
 
0.7066429959921702: [-2, -2, -1, -5, -5, 2, -4, -1, 2, -7, -8, 2, 1, -6, 2, -5, -8, -3, 2, 0, 1, -8, -7, -4, -2, 4, 0, -4, 0, -7, 1, -6, -3, 3, 1, -7, -5, -3, 3, -4, -3, -3, 1, -8, 2, -7, -8, 2, -6, 3, -7, 2, -6, -2, -4, -8, 4, 0, 3, -2, -5, -1, -6, -8, -3, 4, -2, -2, -4, -7, 2, 1, -2, -4, 0, 0, -7, -5, 4, -7, -2, -2, 2, -1, 4, 0, 2, 2, -5, -3, -2, -6, -7, -4, 4, -2, -6, -3, 2, -8, 3, -2, -6, -4, 2, 3, -5, 0, -2, -7, 2, -3, 1, -3, -4, -6, -6, -5, -8, 4, -5, -1, 1, -1, -2, -4, -3, -4]
 
1.3550266902986392: [-2, -2, -1, 1, 0, 2, 4, 1, 4, 4, -2, 2, -3, -7, -8, 0, -8, 0, -7, 0, -5, 1, -4, -8, -8, 2, 4, -4, 2, -1, -6, 4, -3, -7, -4, 4, 4, -2, 2, -6, -3, 0, 1, -8, 1, -6, 1, 2, -3, -5, -3, 2, -6, 2, 2, 2, 1, 4, -8, -1, -4, -6, -4, -4, 4, 0, 4, -2, -7, 2, 2, 2, -6, -4, 2, 0, -2, -6, -8, -1, -7, -2, -5, -1, -3, -7, -1, 0, 4, -7, 2, -6, -7, 2, 4, -7, -5, -4, 3, 3, 2, -2, -6, 1, 2, 3, 1, -4, -6, -7, 2, -3, -3, -7, -4, 1, -6, 4, -8, 0, -2, -7, -3, 1, -2, -4, 2, -2]
 
2.877772433326933: [4, -6, 0, -3, 2, -5, -8, -3, 4, -4, -8, 0, -2, -3, -6, -2, -5, -6, 4, -1, -4, -2, -3, 1, -6, -5, 2, 2, 2, -6, -7, 4, -4, 1, -6, -4, -2, -8, -8, -4, 2, -8, -3, -5, -1, -6, 1, -4, 2, -5, 0, -3, -5, -8, -1, -5, 4, 0, -7, -5, -1, 1, -6, -4, -2, 4, -1, -3, 4, 3, 2, -7, -5, -4, 0, 0, -7, -6, 4, -1, -7, -2, 4, -1, -3, 0, 2, 0, -1, -7, 2, -6, -7, -4, 3, 1, -5, -3, 3, -8, 3, -2, -6, -4, 2, 3, -5, -4, -4, -7, 2, -3, -3, -7, -1, 1, -6, 4, -8, 0, -5, -7, -3, 1, -2, -4, -5, 3]
 
3.1551147346450836: [-2, -2, -1, 1, 0, 2, 4, 1, 4, 4, -2, 2, -3, -7, -8, 0, -8, 0, -7, 0, -5, 1, -4, -8, -8, 2, 4, -4, 2, -1, -6, 4, -3, -7, -4, 4, 4, -2, 2, -1, -3, -4, 1, -8, 1, -6, 1, -4, 2, -5, 0, -3, -5, -8, -1, -5, 4, 0, -7, -5, -1, 1, -6, -4, -2, 4, -1, -3, 4, 3, 2, -7, -5, -4, 0, 0, -7, -6, 4, -1, -7, -2, 4, -1, -3, 0, 2, 0, -1, -7, 2, -6, -7, -4, 3, 1, -5, -3, 3, -8, 3, -2, -6, -4, 2, 3, -5, -4, -4, -7, 2, -3, -3, -7, -1, 1, -6, 4, -8, 0, -5, -7, -3, 1, -2, -4, -5, 3]
 
3.1015714627671676: [-3, 2, -6, 1, 3, 2, 3, 1, -5, -8, -6, 1, 1, -6, -1, 4, -8, -6, 4, -1, -4, -2, -3, 1, -6, -5, 2, 2, 2, -6, -7, 4, 3, 0, -3, 3, -6, 0, -5, -2, -6, -4, -2, 1, -7, -2, -2, -4, 2, -5, 0, -3, -5, -8, -6, -2, -2, -2, -3, 3, 0, 1, -6, -4, -2, 4, -3, -2, 3, 2, -7, 4, -5, -4, -7, -3, -8, 0, 4, -1, -7, 4, -4, -6, 0, 4, -6, 3, -8, -4, 1, -6, 4, -4, 3, -6, -6, -3, -4, -8, 0, -8, -4, 3, -4, 2, -2, 3, -7, -3, -4, -3, -3, -7, -1, 1, -6, 4, -8, 0, -8, -7, 2, -3, 3, -3, -7, -4]
 
1.8580162814689005: [-2, -2, -1, 1, 0, 2, 4, 1, 4, 4, -2, 2, -3, -7, -8, 0, -8, 0, -7, 0, -5, 1, -4, -8, -8, 2, 4, -4, 2, -1, -6, 4, -3, -7, -4, 4, 4, -2, 2, -6, -3, 0, 1, -8, 1, -6, 1, 2, -3, -5, -3, 2, -6, 2, 2, 2, 1, 0, -7, -1, -5, -6, -7, -4, -3, 4, 4, -2, -7, 0, 2, -7, -5, -4, 0, 0, -7, -6, 4, -1, -7, -2, 4, -1, -3, 0, 2, 0, -1, -7, 2, -6, -7, -4, 3, 1, -5, -3, 3, -8, 3, -2, -6, -4, 2, 3, -5, -4, -4, -7, 2, -3, -3, -7, -1, 1, -6, 4, -8, 0, -5, -7, -3, 1, -2, -4, -5, 3]
 
1.688283687324739: [1, -2, -6, 2, -5, -2, 3, 1, -5, -1, 1, -7, -6, -3, 3, -3, -1, 3, 3, 0, -1, 1, 0, -2, -3, -1, -5, 3, -3, -5, 2, -8, -5, -4, -3, -7, -2, -3, 2, -6, -3, 0, 1, -8, 1, -6, 1, 2, -3, -5, -3, 2, -6, 2, 2, 2, 1, 4, -8, -1, -4, -6, -4, -4, 4, 0, 4, -2, -7, 2, 2, 2, -6, -4, 2, 0, -2, -6, -8, -1, -7, -2, -5, -1, -3, -7, -1, 0, 4, -7, 2, -6, -7, 2, 4, -7, -5, -4, 3, 3, 2, -2, -6, 1, 2, 3, 1, -4, -6, -7, 2, -3, -3, -7, -4, 1, -6, 4, -8, 0, -2, -7, -3, 1, -2, -4, 2, -2]
 
1.76936370964: [-8, -4, 2, -1, -6, -4, 0, -1, 3, 1, -3, 4, -3, 2, -7, 3, -2, -3, -2, 3, 1, -5, -2, -5, 1, -4, -6, -1, -7, 4, -3, -2, -8, -4, -7, -6, 1, 1, 4, -3, 0, -5, 4, 3, 2, 2, -2, -5, -5, -4, -1, -6, -7, -5, 0, -1, 3, 0, -7, 1, 1, 1, -6, -6, 2, 2, 3, -1, -7, -7, 4, -2, 0, 0, 4, -8, 1, -3, -6, -7, 3, -2, 1, -4, -3, 1, -3, -4, -2, -6, 4, 2, -5, -2, -7, -4, -7, -8, -6, 1, -3, -8, 1, -7, -4, 3, 3, -4, 0, 2, -6, -7, 2, 0, -8, -5, -3, 0, -1, -6, -1, -2, 1, -5, -3, 1, 0, -6]
 
1.06765969395: [-8, -7, 2, -1, -6, -5, 0, -6, 3, 1, -3, 4, -3, 2, -7, 3, -2, -3, 4, 3, 1, -1, 3, -5, 1, -8, -6, -1, -8, 4, -3, -2, -8, -4, -7, 1, 1, 1, 3, -3, 0, -5, 4, -1, 2, 2, -6, -5, -5, -1, -5, 3, -7, -5, 3, -1, 3, -2, 3, 1, 1, 1, -5, -2, -7, 0, 3, -1, -7, -7, -7, -3, 0, 0, 4, -8, -2, -3, -6, 4, 1, -2, 1, -4, 1, 1, 4, 2, -5, -6, 4, 1, -5, -2, -3, -4, -2, -8, -6, 1, -3, -8, 0, 2, -4, -1, 3, -4, 0, 2, -1, -7, 2, 0, -3, -3, -3, 0, -5, -3, -1, -2, -7, 0, 4, -5, 0, -6]
 
1.17843671488: [-8, -4, 2, -1, -6, -4, 0, -1, 3, 1, -3, 4, -3, 2, -7, 3, -2, -8, -7, -6, 4, 1, -3, -8, -6, -7, -5, -4, -6, 0, -1, -8, -3, -4, -6, 3, -6, -8, -8, 3, -6, -3, -1, 1, 0, -2, -2, -4, 2, -5, 0, -3, -4, -8, -1, -5, 4, 0, -4, -6, -1, 1, -6, -8, -7, -1, 0, -3, -6, 3, -2, 1, -7, -7, -6, -5, -8, -7, 2, 4, -4, -7, 3, 4, 3, -7, 1, -5, 0, 3, 1, -2, -3, -5, 3, 4, -5, 1, 3, -6, -5, -7, 0, 3, 3, 2, 3, 1, -7, -5, 0, 2, 0, -7, 3, 4, -3, -7, -8, 0, -4, -3, 0, -3, 3, -8, -4, -4]
 
0.963844831638: [-5, -2, 1, 1, -3, 0, 4, 1, -4, 4, -2, 2, -3, -7, -2, 0, -8, -3, -2, 3, 1, -5, -2, -5, 1, -4, -6, -1, -7, 4, -3, -2, -8, -4, -7, -6, 1, 1, 4, -3, 0, -5, 4, 3, 2, 2, -2, -5, -5, -4, -1, -6, -7, -5, 0, -1, 3, 0, -7, 1, 1, 1, -6, -6, 2, 2, 3, -1, -7, -7, 4, -2, 0, 0, 4, -8, 1, -3, -6, -7, 3, -2, 1, -4, -3, 1, -3, -4, -2, -6, 4, 2, -5, -2, -7, -4, -7, -8, -6, 1, -3, -8, 1, -7, -4, 3, 3, -4, 0, 2, -6, -7, 2, 0, -8, -5, -3, 0, -1, -6, -1, -2, 1, -5, -3, 1, 0, -6]
 
0.499727111779: [-5, -2, 2, 4, 3, 2, 3, 1, 3, -5, -8, -5, -6, 4, -6, 0, -2, -5, -7, 0, -5, -4, 3, -2, -3, -5, 3, -5, 2, -7, -3, -4, 3, -3, -6, 1, 0, 0, 4, -1, -8, -2, 3, -5, -5, 0, -6, -4, 4, -5, 0, -5, -5, 0, -1, -5, 4, 0, -7, 0, -1, -6, 2, -4, -2, 4, 1, -3, 4, 3, 2, -7, -5, -4, 0, 0, -7, 2, 4, -3, 4, 4, -1, -1, 3, 0, -8, 0, -1, -7, -1, -1, -7, -2, 3, 1, -1, 3, -4, -2, 1, -3, -4, -5, -4, -5, -4, 3, -1, 1, 4, -7, 3, -4, 2, -2, -4, -8, 4, 2, 3, 3, -1, 1, 3, 2, -4, 0]
 
1.57013550929: [-3, 2, 1, 1, -3, 0, 4, 1, -4, 4, -2, 2, -3, -7, -2, 0, -8, -3, -2, 3, 1, -5, -2, -5, 1, -4, -6, -1, -7, 4, -3, -2, -8, -4, -7, -6, 1, 1, 4, -3, 0, -5, 4, 3, 2, 2, -2, -5, -5, -4, -1, -6, -7, -5, 0, -1, 3, 0, -7, 1, 1, 1, -6, -6, 2, 2, 3, -1, -7, -7, 4, -2, 0, 0, 4, -8, 1, -3, -6, -7, 3, -2, 1, -4, -3, 1, -3, -4, -2, -6, 4, 2, -5, -2, -7, -4, -7, -8, -6, 1, -3, -8, 1, -7, -4, 3, 3, -4, 0, 2, -6, -7, 2, 0, -8, -5, -3, 0, -1, -6, -1, -2, 1, -5, -3, 1, 0, -6]
 
1.39254033793: [-8, -4, 2, -1, -6, -4, 0, -1, 3, 1, -3, 4, -3, 2, -7, 3, -2, -3, -2, 3, 1, -5, -2, -5, 1, -4, -6, -1, -7, 4, -3, -2, -8, -4, -7, -6, 1, 1, 4, -3, 0, -5, 4, 3, 2, 2, -2, -5, -5, -4, -1, -6, -7, -5, 0, -1, 3, 0, -7, 1, 1, 1, -6, -6, 2, 2, 3, -1, -7, -7, 4, -2, 0, 0, 4, -8, 1, -3, -6, -7, 3, -2, 1, -4, -3, 1, -3, -4, -2, -6, 4, 2, -5, -2, -7, -4, -7, -8, -6, 1, -3, -8, 1, -7, -4, 3, 3, -4, 0, 2, -6, -7, 2, 0, -8, -5, -3, 0, -1, -6, -1, -2, 1, -5, -3, 1, 0, -6]
 
2.64958581345: [-3, 3, -1, 2, 2, 2, -2, 4, 4, 4, 1, 2, -8, -7, -5, 0, 1, -7, -1, 0, 4, 1, -4, -8, -8, -6, -3, -4, 2, 0, 1, 1, -5, -1, 1, -7, -2, -3, 2, -1, 1, -4, 1, -8, 0, -6, 3, -1, -3, -2, -3, 2, -6, -3, -4, 2, -3, 0, -1, -8, -4, -6, -4, -4, 4, 0, 1, 4, -7, -1, -7, -7, -6, -4, -6, -1, -7, 1, 2, 1, -7, -4, -1, 3, 4, 4, 4, 0, -1, -7, -6, -1, 2, -2, -8, 1, -2, 3, -2, -2, -7, -6, -4, -5, -2, -5, -4, 3, 0, -5, -5, -7, 3, -4, 2, -4, -4, -8, -4, 4, 3, 3, -1, 1, -6, 2, 4, 2]
 
0.775092321367: [-3, 3, -1, 2, 2, 2, -2, 4, 4, 4, 1, 2, -8, -7, -5, 0, 1, -7, -1, 0, 4, 1, -4, -8, -8, -6, -3, -4, 2, 0, 1, 1, -5, -1, 1, -7, -2, -3, 2, -1, 1, -4, 1, -8, 0, -6, 3, -4, 2, -3, -2, -3, -6, -3, 2, -5, -8, -2, -7, 2, 1, -1, -2, -5, -4, 3, -1, 3, 2, 2, -4, -7, 2, -4, 2, -1, -4, 0, -7, -3, -7, -1, -4, -6, 2, 3, 2, -2, 0, -2, -6, 3, 3, -1, -1, 1, -4, -8, 1, -8, -2, 0, -3, -2, -4, -2, 0, -8, -7, 3, 2, -4, -6, 0, -8, 1, 0, 0, -8, -2, 3, -4, 2, -7, -5, -1, -4, -8]
 
1.58099869602: [-4, -1, 1, -8, -1, 1, -6, 1, -1, 3, -4, -5, -5, -3, -7, 0, -6, -3, -6, 4, 4, 1, -3, -4, -3, -7, -6, 0, 0, 1, 1, 3, -4, 1, -6, -5, 4, -5, -8, -7, -3, -4, 1, -3, -7, -8, -5, -7, -3, -2, -3, 2, -6, 3, -2, 2, -3, 0, -1, -8, -4, -6, -4, -4, 4, -3, -2, 4, -7, -1, -7, -6, -4, -4, -7, -1, -7, 1, 2, 1, -7, -4, -1, 3, 4, -2, 4, 0, -2, -8, -4, 3, 3, -2, -8, -8, -2, -6, -2, -2, -7, -4, -4, -5, -2, 0, 2, 3, -1, -5, -7, -7, 3, -2, 2, -3, -4, -5, -8, -8, 3, 3, 3, 1, -6, 2, 2, -7]
 
1.49499002672: [0, -4, 1, 0, -1, 3, -8, -1, -4, 0, -3, -5, -5, 4, 2, -2, -8, -6, -8, -8, -6, -8, 3, -2, -4, 4, 2, -4, 2, 0, -7, 1, -5, 0, -5, 2, -1, 4, -3, -7, -7, -6, -3, 1, -1, -8, 0, -3, -1, -3, 3, 0, 0, 3, -8, 3, -6, 0, 0, -3, -7, -5, -5, -1, -6, -7, -4, -3, -2, 1, 1, -8, -8, 4, -4, 3, -7, 3, -5, 3, 2, -1, 3, -7, 2, -4, -4, -5, -5, -4, -7, -6, -3, -6, 3, -7, -3, 2, -4, -5, -4, -4, -6, -3, -6, 1, 3, 1, -5, -8, -4, -7, 0, 4, -8, -3, -2, -7, 2, -8, -7, -3, -1, 0, -1, -4, -1, -5]
 
0.688457264815: [-4, -3, 1, 4, -2, -2, -6, 1, -1, 0, -4, -5, -5, -3, -7, 0, -5, -3, -6, 0, 4, 1, 0, -2, -3, -2, -5, 3, 2, 1, 1, 0, -4, 1, -6, -8, 0, -5, -5, -3, -3, -4, 1, -5, 4, -8, 2, -4, 2, -3, -2, -3, -6, -3, 2, -5, -8, -2, -7, 2, 1, -1, -2, -5, -4, 3, -1, 3, 2, 2, -4, -7, 2, -4, 2, -1, -4, 0, -7, -3, -7, -1, -4, -6, 2, 3, 2, -2, 0, -2, -6, 3, 3, -1, -1, 1, -4, -8, 1, -8, -2, 0, -3, -2, -4, -2, 0, -8, -7, 3, 2, -4, -6, 0, -8, 3, -3, 2, 4, -1, 2, -3, -1, -3, -8, -2, 4, 2]
 
0.634562166501: [-3, -2, -7, -6, -6, -5, -4, -7, 4, 3, 2, -2, -5, 1, 4, 2, -2, 1, -7, 4, -1, 1, 0, -6, -3, -1, -5, -4, -3, -4, 0, -8, 4, -4, -3, -7, -2, -3, 2, -7, -5, -5, 0, -8, 1, -5, 1, 2, -8, -5, -8, 2, 3, 2, 2, 0, 1, 4, 2, -1, -4, 4, -4, -7, 4, -6, 4, 0, -7, 2, 2, -8, -6, -4, -4, 0, -5, -6, -8, -1, -6, 3, -7, -1, -3, -7, -1, 0, 4, -5, 2, -6, -7, -1, -6, -7, -5, -4, 2, 3, 2, -2, -6, 1, 2, -8, -5, -4, -2, -8, 2, -3, -4, 0, 3, 1, -6, 4, -8, 0, -2, -7, -3, 1, -2, -4, 2, -2]
 
2.39159344444: [1, -2, -6, 2, -5, -2, 3, 1, -5, -1, 1, -7, -6, -3, 3, -3, -1, 3, 3, 0, 2, 1, -4, -8, -8, -3, -5, -4, 2, -1, -4, 0, -7, -1, -5, -7, -7, -1, 2, 1, -3, 3, 3, -8, 1, -6, 1, 1, -6, 0, -5, -1, -2, -7, -1, -7, 4, 1, -7, -6, 3, 1, -6, 0, -2, 1, -1, -4, 4, -6, -1, -3, 3, -7, 1, 2, -2, -3, 4, -1, -7, -7, -4, -1, -3, -3, -3, 3, -8, -6, -4, -6, 4, -1, -7, 0, -3, -6, -3, -8, 4, -5, -4, 3, -4, 2, -5, -3, -7, -6, 0, -4, 1, 2, 2, -1, 3, 3, -1, -6, 3, 3, -3, 1, 1, 4, -4, -7]
 
1.24193638582: [-3, -2, -8, -6, 4, -5, 4, 1, -3, 3, 2, 2, -8, -5, -8, 1, -8, -7, -7, 0, 4, 1, -4, -8, -8, -3, -5, -4, 2, -1, -4, -6, -3, 0, -5, -7, 0, -3, 2, -1, -3, -4, 1, -8, 1, -6, 1, -4, 2, 0, 0, -3, -5, -8, -1, -5, 4, -1, -7, -6, 3, 1, -6, -2, -3, 4, -2, -2, -4, -7, 2, 1, -2, -4, 0, 0, -7, -5, 4, -7, -2, -2, 2, -1, 4, 0, 2, 2, -5, -3, -2, -6, -7, -4, 4, -2, -6, -3, 2, -8, 3, -2, -6, -4, 2, 3, -5, 0, -2, -7, 2, -3, 1, -3, -4, -6, -6, -5, -8, 4, -5, -1, 1, -1, -2, -4, -3, -4]
 
0.400784166682: [-2, -2, -1, -5, 4, 2, -5, -1, 2, -7, -8, 2, -5, -5, 2, -1, -8, -1, 2, 0, 1, -8, 4, -4, -2, 4, 0, -4, 0, 3, 1, -6, -3, 3, 1, -1, -8, -3, -7, 4, -3, -3, 1, 4, 2, -7, -8, -6, -6, 3, -7, -4, -6, 1, -4, -8, -1, -3, 0, 4, 3, -1, -6, -8, -2, -3, 3, -4, 4, 3, 0, -2, -7, -1, 1, 2, -8, 0, 4, -1, -6, -3, -4, 4, -3, -8, -6, 3, -8, -6, 2, 4, 4, -8, -7, -4, -3, 0, 3, -8, 2, -5, -4, 3, -4, 2, -1, 2, -7, -8, -4, -5, -3, -4, -8, 1, -6, 4, -2, -6, -8, -7, 2, -3, 3, 0, -6, -4]
 
1.64102417218: [-2, -2, -1, 1, 0, 2, 4, 1, 4, 4, -2, 2, -3, -7, -8, 0, -8, 0, -7, 0, -5, 1, -4, -8, -8, 2, 4, -4, 2, -1, -6, 4, -3, -7, -4, 4, 4, -2, 2, -6, -3, 0, 1, -8, 1, -6, 1, 2, -3, -5, -3, -1, -2, -7, -1, -7, 4, 1, -7, -6, 3, 1, -6, 0, -2, 1, -1, -4, 4, -6, -1, -3, 3, -7, 1, 2, -2, -3, 4, -1, -7, -7, -4, -1, -3, -3, -3, 3, -8, -6, -4, -6, 4, -1, -7, 0, -3, -6, -3, -8, 4, -5, -4, 3, -4, 2, -5, -3, -7, -6, 0, -4, 1, 2, 2, -1, 3, 3, -1, -6, 3, 3, -3, 1, 1, 4, -4, -7]
 
0.69297448018: [1, -2, -6, 2, -5, -2, 3, 1, -5, -1, 1, -7, -6, -3, 3, -3, -1, 3, 3, 0, 2, 1, -4, -8, -8, -3, -5, -4, 2, -1, -4, 0, -7, -1, -5, -7, -7, -1, 2, 1, -3, 3, 3, -8, 1, -6, 1, 1, -6, 0, -5, 2, -6, 2, 2, 2, 1, 4, -8, -1, -4, -6, -4, -4, 4, 0, 4, -2, -7, 2, 2, 2, -6, -4, 2, 0, -2, -6, -8, -1, -7, -2, -5, -1, -3, -7, -1, 0, 4, -7, 2, -6, -7, 2, 4, -7, -5, -4, 3, 3, 2, -2, -6, 1, 2, 3, 1, -4, -6, -7, 2, -3, -3, -7, -4, 1, -6, 4, -8, 0, -2, -7, -3, 1, -2, -4, 2, -2]
 
2.34760394011: [4, -6, 0, -3, 2, -5, -8, -3, 4, -4, -8, 0, -2, -3, -6, -2, -5, -6, 4, -1, -4, -2, -3, 1, -6, -5, 2, 2, 2, -6, -7, 4, -4, 1, -6, -4, -2, -8, -8, -4, 2, -8, -3, -5, 1, -6, 1, -4, 2, 0, 0, -3, -5, -8, -1, -5, 4, -1, -7, -6, 3, 1, -6, -2, -2, -3, -1, -4, 4, 3, -1, 2, -7, -7, 1, 2, -8, 0, 4, -1, -7, -7, -4, 4, -3, -7, -6, 3, -8, -6, 1, -6, 4, -1, -1, 0, -3, 2, 3, -8, 4, -5, -4, 3, -4, 2, -1, 1, -7, -7, 2, -1, -3, -5, -8, 1, -6, 4, -8, 0, -8, -7, 2, -3, 3, -3, -7, -4]
 
2.95408580774: [-3, -2, -1, 2, 2, 2, 4, -2, 4, 4, 1, 2, -8, -7, -8, 0, -8, -7, -7, 0, 4, 1, -4, -8, -8, 2, -5, -4, 2, -1, 1, -6, -3, 0, -5, -7, 0, -3, 2, -1, -3, -4, 1, -8, -1, -6, 1, -4, 2, -5, 0, -3, -5, -8, -1, -5, 4, 0, -7, -5, -1, 1, -6, -4, -2, 4, -1, -3, 4, 3, 2, -7, -5, -4, 0, 0, -7, -6, 4, -1, -7, -2, 4, -1, -3, 0, 2, 0, -1, -7, 2, -6, -7, -4, 3, 1, -5, -3, 3, -8, 3, -2, -6, -4, 2, 3, -5, -4, -4, -7, 2, -3, -3, -7, -1, 1, -6, 4, -8, 0, -5, -7, -3, 1, -2, -4, -5, 3]
 
1.95754889811: [4, -6, 0, -5, 2, -6, -1, -3, 4, -4, 3, 0, 2, 3, -6, -2, 0, -6, 4, -1, -2, -3, -3, -7, -7, -5, 2, 3, 2, -6, -3, 4, -4, 1, -6, 4, -8, -8, -2, -4, 2, -8, -3, -5, -1, -6, -4, -4, 2, 3, 0, -3, -5, -8, -2, -6, 4, 0, 2, 0, -1, 1, 3, -4, -2, 4, -1, -2, 3, 3, -8, -7, 4, -4, 0, -2, -7, -6, 4, -7, -5, -8, 4, -1, -3, 0, -2, 0, -1, -7, 2, -6, -7, -4, 0, 1, -5, -2, 3, 1, -2, -2, -6, -5, 1, 3, -5, -4, -4, -7, 3, -3, 4, -7, -1, 3, -1, -3, -1, -7, -1, -2, 1, 0, 3, -5, 0, -6]
 
0.73705842732: [-8, -7, 2, -1, -6, -4, 0, -4, 0, 4, -3, 4, 4, 2, -7, -6, -2, -3, -2, 3, -7, 3, -5, -5, -8, 2, 4, -4, -7, -8, -3, -8, -8, -4, -7, -6, 0, 2, 0, -3, -7, -7, -4, 3, 2, 2, -2, -5, -5, -8, -1, -6, -4, 1, 0, -1, 3, 0, -5, 1, -1, 1, 3, 2, -2, 4, 1, 3, -2, -7, 4, -2, 0, 0, 4, 0, 1, 3, -6, -7, 3, -2, 1, -4, -8, 1, 1, -4, -1, 4, 4, 2, -2, -2, -7, -4, -8, -2, -7, 1, -3, -8, 1, 2, -4, 3, -1, -4, 2, 2, -6, -5, 2, 0, -8, 2, -3, 0, 4, 0, 3, -7, -3, 1, -2, -4, 1, 3]
 
3.08880523332: [-2, -2, -1, 1, 0, 2, 4, 1, 4, 4, -2, 2, -3, -7, -8, 0, -8, 0, -7, 0, -5, 1, -4, -8, -8, 2, 4, -4, 2, -1, -6, 4, -3, -7, -4, 4, 4, -2, 2, -1, -3, -4, 1, -8, 1, -6, 1, -4, 2, -5, 0, -3, -5, -8, -1, -5, 4, 0, -7, -5, -1, 1, -6, -4, -2, 4, -1, -3, 4, 3, 2, -7, -5, -4, 0, 0, -7, -6, 4, -1, -7, -2, 4, -1, -3, 0, 2, 0, -1, -7, 2, -6, -7, -4, 3, 1, -5, -3, 3, -8, 3, -2, -6, -4, 2, 3, -5, -4, -4, -7, 2, -3, -3, -7, -1, 1, -6, 4, -8, 0, -5, -7, -3, 1, -2, 2, -8, -5]
 
1.18831246603: [-2, -2, 4, -5, 3, 4, 4, -2, 4, 4, -2, 4, -5, 2, -8, 0, -4, 0, -7, 0, -5, 1, -4, -1, 4, -4, 3, -4, 0, -1, 0, 4, -2, -8, -3, 4, 4, -6, -5, -8, -5, 0, 0, -8, 1, 0, 1, -3, 0, -5, 0, 2, 1, -7, 1, -3, -3, 4, -8, -1, -4, -6, -4, 0, 4, -2, -5, -3, -2, 2, -7, -7, 0, -4, -6, 4, -5, 1, 2, 3, 1, -7, -6, 3, -5, -5, 2, 3, -5, -7, -2, -6, -6, -4, 2, 3, -6, -3, -2, 3, -3, -1, -4, -4, 1, 2, -2, -3, -7, 2, -4, 2, -1, 4, 3, 0, -8, -1, -6, -8, 2, -6, -1, -3, 0, -5, 1, -1]
 
0.593378562138: [-5, -2, 1, 1, -3, 0, 4, 1, -4, 4, -2, 2, -3, -7, -2, 0, -8, -3, -2, 3, 1, -5, -2, -5, 1, -4, -6, -1, -7, 4, -3, -2, -8, -4, -7, -6, 1, 1, 4, -3, 0, -5, 4, 3, 2, 2, -2, -5, -5, -5, 0, -3, -4, -8, -1, -5, 4, 0, -4, -6, -1, 1, -6, -8, -7, -1, 0, -3, -6, 3, -2, 1, -7, -7, -6, -5, -8, -7, 2, 4, -4, -7, 3, 4, 3, -7, 1, -5, 0, 3, 1, -2, -3, -5, 3, 4, -5, 1, 3, -6, -5, -7, 0, 3, 3, 2, 3, 1, -7, -5, 0, 2, 0, -7, 3, 4, -3, -7, -8, 0, -4, -3, 0, -3, 3, -8, -4, -4]
 
1.55307711643: [-8, -4, 2, -1, -6, -4, 0, -1, 3, 1, -3, 4, -3, 2, -7, 3, -2, -8, -7, -6, 4, 1, -3, -8, -6, -7, -5, -4, -6, 0, -1, -8, -3, -4, -6, 3, -6, -8, -8, 3, -6, -3, -1, 1, 0, -2, -2, -4, 2, -4, -1, -6, -7, -5, 0, -1, 3, 0, -7, 1, 1, 1, -6, -6, 2, 2, 3, -1, -7, -7, 4, -2, 0, 0, 4, -8, 1, -3, -6, -7, 3, -2, 1, -4, -3, 1, -3, -4, -2, -6, 4, 2, -5, -2, -7, -4, -7, -8, -6, 1, -3, -8, 1, -7, -4, 3, 3, -4, 0, 2, -6, -7, 2, 0, -8, -5, -3, 0, -1, -6, -1, -2, 1, -5, -3, 1, 0, -6]
 
0.904145356878: [-2, 4, -1, -1, 4, -8, 4, 1, 4, 4, -6, 2, -2, -5, 3, 0, -8, 0, 1, 0, -5, -3, -4, -8, -8, 1, 2, -4, 2, -1, -6, 3, -3, -7, -4, 4, 4, -6, 2, -8, -3, -1, 0, -8, 1, -6, 1, 2, -3, -5, -3, 2, -6, 2, -4, -5, 1, 4, -2, -5, -5, -5, -4, -4, 4, 0, -4, -2, -7, 2, -1, -7, -5, -4, -6, 0, -2, 1, 2, 4, 1, -7, -2, 3, 2, -4, -6, -5, -5, -6, -6, 2, -7, -4, 4, -4, -2, -3, -4, -8, -6, -8, -8, 3, -4, -4, -1, 3, -7, 2, 4, 2, -1, -2, 3, 0, -6, 4, -8, 0, -5, -7, -6, 1, 4, 4, -5, 4]
 
2.39594960223: [-3, -2, -1, 2, 2, 2, 4, -2, 4, 4, 1, 2, -8, -7, -8, 0, -8, -7, -7, 0, 4, 1, -4, -8, -8, 2, -5, -4, 2, -1, 1, 1, -3, 0, -5, -7, -2, -3, 2, -1, -3, -4, 1, -8, 1, -6, 1, -4, 2, -5, 0, -3, -5, -8, -1, -5, 4, 0, -7, -5, -1, 1, -6, -4, -2, 4, -1, -3, 4, 3, 2, -7, -5, -4, 0, 0, -7, -6, 4, -1, -7, -2, 4, -1, -3, 0, 2, 0, -1, -7, 2, -6, -7, -4, 3, 1, -5, -3, 3, -8, 3, -2, -6, -4, 2, 3, -5, -4, -4, -7, 2, -3, -3, -7, -1, 1, -8, 2, -6, -8, -5, -2, -7, -3, 0, 2, -8, -5]
 
0.560386541923: [1, -2, -6, 2, -5, -2, 3, 1, -5, -1, 1, -7, -6, -3, 3, -3, -1, 3, 3, 0, 2, 1, -4, -8, -8, -3, -5, -4, 2, -1, -4, 0, -7, -1, -5, -7, -7, -1, 2, 1, -3, 3, 3, -8, 1, -6, 1, 1, -6, 0, -5, 2, -6, 2, 2, 2, 1, 4, -8, -1, -4, -6, -4, -4, 4, 0, 4, -2, -7, 2, 2, 2, -6, -4, 2, 0, -2, -6, -8, -1, -7, -2, -5, -1, -3, -7, -1, 0, 4, -7, 2, -6, -5, -2, -7, -4, -7, -8, -6, 1, -3, -8, 1, -7, -4, 3, 3, -4, 0, 2, -6, -7, 2, 0, -8, -5, -3, 0, -1, -6, -1, -2, 1, -5, -3, 1, 0, -6]
 
0.897308278647: [-8, -4, 2, -1, -6, -4, 0, -1, 3, 1, -3, 4, -3, 2, -7, 3, -2, -3, -2, 3, 1, -5, -2, -5, 1, -4, -6, -1, -7, 4, -3, -2, -8, -4, -7, -6, 1, 1, 4, -3, 0, -5, 4, 3, 2, 2, -2, -5, -5, -4, -1, -6, -7, -5, 0, -1, 3, 0, -7, 1, 1, 1, -6, -6, 2, 2, 3, -1, -7, -7, 4, -2, 0, 0, 4, -8, 1, -3, -6, -7, 3, -2, 1, -4, -3, 1, -3, -4, -2, -6, 4, 2, -7, 2, 4, -7, -5, -4, 3, 3, 2, -2, -6, 1, 2, 3, 1, -4, -6, -7, 2, -3, -3, -7, -4, 1, -6, 4, -8, 0, -2, -7, -3, 1, -2, -4, 2, -2]
 
0.690261079056: [-2, -2, -1, 1, 0, 2, 4, 1, 4, 4, -2, 2, -3, -7, -8, 0, -8, 0, -7, 0, -5, 1, -4, -8, -8, 2, 4, -4, 2, -1, -6, 4, -3, -7, -4, 4, 4, -2, 2, -6, -3, 0, 1, -8, 1, -6, 1, 2, -3, -5, -3, -1, -2, -7, -1, -7, 4, 1, -8, -1, -4, -6, -4, -4, 4, 0, 4, -2, -7, 2, -7, 4, -5, -4, -6, 0, -5, 1, 2, 4, 1, -7, -7, 3, 2, 4, -6, -5, -5, 3, -6, 2, -6, -4, 3, -4, -6, -3, -4, -8, 1, -5, -4, 3, -4, 2, -2, 3, -7, -7, 4, 2, -1, -2, 3, 0, -6, 4, -8, 0, -5, -7, -3, 1, -2, -4, -5, 3]
 
1.65187364152: [-6, -2, -7, 0, 0, -3, -5, -4, 3, 2, 2, 2, -3, 1, 2, -7, -3, -5, 4, 2, 3, -4, -3, -3, -3, -4, -4, -4, 2, -1, -6, 4, -3, -5, 2, -6, 4, 2, -5, -6, -7, 0, 1, -7, 1, -5, 1, -5, -3, 1, -2, -4, -6, 2, 2, 3, -8, 4, -7, 4, 3, 3, 4, -6, 0, 1, -1, 3, 4, -7, -6, -3, -8, -1, -6, 2, -3, 3, 4, -1, -7, -2, -4, -1, -2, -6, -1, 3, -8, -6, -4, -3, 3, -1, 0, -6, -3, -4, -3, 2, -8, -5, 3, 4, -4, 2, 0, 2, -7, -6, -7, 0, -1, -2, 2, -3, -4, 3, 0, -6, -5, 3, -1, -4, -6, -2, -1, -7]
 
