2.1990309971733963: [-3, 2, -6, 1, 3, 2, 3, 1, -5, -8, -6, 1, 1, -6, -1, 4, -8, -6, 4, -1, -4, -2, -3, 1, -6, -5, 2, 2, 2, -6, -7, 4, 3, 0, -3, 3, -6, 0, -5, -2, -6, -4, -2, 1, -7, -2, -2, -4, 2, -5, 0, -3, -5, -8, -6, -2, -2, -2, -3, 3, 0, 1, -6, -4, -2, 4, -3, -2, 3, 2, -7, 4, -5, -4, -7, -3, -8, 0, 4, -1, -7, 4, -4, -6, 0, 4, -6, 3, -8, -4, 1, -6, 4, -4, 3, -6, -6, -3, -4, -8, 0, -8, -4, 3, -4, 2, -2, 3, -7, -3, -4, -3, -3, -7, -1, 1, -6, -1, 1, 4, 2, -4, -1, -3, -5, 3, 4, -8]
 
0.565661219852: [-5, -2, -4, -6, 2, -2, 2, 4, -5, -8, -2, -7, -4, 2, -1, 1, -8, -5, -2, 0, 3, 4, -1, -2, 3, 2, -8, -4, 0, -1, -6, 4, -3, -7, 4, -7, 4, -2, 2, 0, 1, 1, 0, 0, 4, -4, -1, -4, 2, -5, 0, -3, 3, -8, -1, 2, 4, -3, -4, -5, -5, -8, 0, 3, -2, 4, -4, -3, 4, 3, -5, 3, 4, -4, -5, 0, -1, 4, -5, 3, -7, -3, 4, -1, 3, -2, 2, -5, -5, 0, 2, -6, -5, -7, -2, 1, -5, -3, 3, -8, 3, -2, -6, -7, 2, 3, 4, -7, -4, -5, -2, 4, -3, -4, 0, 4, -8, -2, -8, 0, -7, -6, -6, 3, -2, 2, -8, -8]
 
1.2419363858226549: [-3, -2, -8, -6, 4, -5, 4, 1, -3, 3, 2, 2, -8, -5, -8, 1, -8, -7, -7, 0, 4, 1, -4, -8, -8, -3, -5, -4, 2, -1, -4, -6, -3, 0, -5, -7, 0, -3, 2, -1, -3, -4, 1, -8, 1, -6, 1, -4, 2, 0, 0, -3, -5, -8, -1, -5, 4, -1, -7, -6, 3, 1, -6, -2, -3, 4, -2, -2, -4, -7, 2, 1, -2, -4, 0, 0, -7, -5, 4, -7, -2, -2, 2, -1, 4, 0, 2, 2, -5, -3, -2, -6, -7, -4, 4, -2, -6, -3, 2, -8, 3, -2, -6, -4, 2, 3, -5, 0, -2, -7, 2, -3, 1, -3, -4, -6, -6, -5, -8, 4, -5, -1, 1, -1, -2, -4, -3, -4]
 
1.084273587334967: [2, -4, 2, 2, -5, 2, 4, -4, -5, 4, -1, -4, -2, -3, 2, 0, -8, -7, -3, -4, -7, 0, -4, -8, -8, 3, -2, 1, 2, -7, 4, -3, -3, 4, -8, -7, -3, -3, 0, 0, -8, 4, -6, -8, -8, -6, 2, 2, 4, 3, 0, -5, 2, -3, -4, 2, -3, 2, -5, 2, -2, -6, -4, -4, 4, 0, 4, -2, -6, 2, -7, 4, -5, -4, -6, 0, -5, 1, 2, 3, 1, -7, -7, 3, 2, -5, -6, -5, -7, -8, -8, -3, -6, -4, 3, -5, 4, -3, -4, -8, -2, -5, -4, 3, 0, -7, -2, -6, -7, -7, 4, 2, -1, -2, -1, 0, -8, 2, -6, 1, -5, -2, -7, -3, 0, 2, 0, -6]
 
1.224647486848027: [2, -2, -8, -6, 1, -5, 4, 1, -3, -6, -7, 4, 1, 1, -5, -1, -6, -5, 1, 0, 4, 1, 3, 4, -8, -7, 4, -4, 2, -1, -4, -6, -3, -4, -3, -1, 0, -5, -5, -1, -4, 0, 0, -7, -2, 1, -7, -4, -5, -5, -2, -1, -2, -6, -3, 3, -5, -2, -7, -6, -8, 1, 4, -8, 4, -3, -1, 3, 4, 3, -2, 2, -6, 1, 0, 2, 0, -7, -2, -1, -3, -7, 3, 4, -3, -5, -6, 4, -8, -6, 1, -5, 4, 3, -5, 4, -7, -1, 3, -8, 0, 2, -5, -7, 2, 2, 2, 1, -7, -7, -1, -6, -6, -1, 3, 4, 1, -3, -6, 0, -5, -3, -5, -3, -2, -7, -4, -4]
 
0.9098436338447602: [-3, -2, -1, -1, -5, 2, -4, -2, 4, 4, 1, 1, -3, -7, -8, 0, -1, -7, -1, 0, 4, 1, -4, -6, -8, 2, -5, 4, 4, -1, 3, 1, -3, 0, -3, 1, -2, 2, 2, -1, -3, 3, -4, -8, 1, -6, 1, -4, -8, -5, 1, -3, -2, -1, 3, 4, 4, 0, -7, 3, 0, 1, -6, -6, -2, -8, -1, -1, -7, -4, 4, -7, -5, -4, 0, 0, -7, -8, 4, -1, 1, 1, 3, -1, -3, 0, 2, 0, -1, -7, 3, 2, -7, -1, -2, 1, -5, -5, 3, -8, -4, -2, -8, 4, 2, -7, -5, -3, -4, 2, -5, -3, -3, -7, -1, 1, -6, 4, -8, 0, -5, -5, -3, 1, -2, 4, -5, 3]
 
0.5157959004072941: [4, -2, -7, 1, 0, -3, -7, -8, 4, 4, -2, 2, -3, -8, -1, 0, -8, 0, 0, 0, -8, 1, -4, -5, -8, 2, 4, -4, -2, -5, -2, 4, 0, -3, -4, 4, 4, -3, 2, -1, -3, -3, 1, -8, 1, -7, 1, -4, 2, 4, 0, -3, -1, -8, -6, -5, -1, 0, -7, -7, -1, 1, 3, -4, -4, 4, -1, -3, 2, -6, -2, -7, -5, -4, 1, 0, -7, -6, -6, -3, -7, -2, 4, -1, -3, -8, 2, 0, -1, 3, 2, -1, -4, -4, 3, 1, -5, -3, 3, -8, 3, -8, -8, -3, 2, 3, -5, -4, -4, -7, 2, -7, 0, -7, -8, -1, -6, -7, -8, 1, -7, 2, -3, 1, -2, 3, 1, 3]
 
1.26826807552: [3, -3, 2, -1, -2, -3, 0, 0, 3, 2, -3, -1, -3, 3, -3, 4, -2, 3, -8, -5, -8, -3, -8, -5, 1, -8, 0, -1, 3, -7, -3, 2, -8, 0, -7, 1, 1, 0, -7, 3, -7, 4, -4, 1, 0, -4, -7, 0, -5, -5, 4, 3, -4, -8, -1, 0, 4, 0, -6, -5, -1, -3, -6, -6, -7, 0, -2, -3, -4, 2, -7, -5, 0, -1, 1, 4, -1, 1, 1, -1, -6, -7, -4, -1, -3, -5, -3, 3, -8, -2, -4, 4, 0, 4, -8, 0, -8, -6, -3, -8, 4, -5, -8, -7, -1, -6, -5, -4, 2, -6, 0, -7, -7, 2, -8, -5, 3, 2, -1, -4, -7, 1, 1, 1, -3, -3, -4, -4]
 
0.9518824797884744: [-6, -6, 0, -5, -6, -6, -1, -4, 4, -4, 3, 0, 2, 3, -6, -2, 0, -3, 4, -6, 1, -3, -3, 3, -8, -3, 0, -7, 2, -2, -3, -6, 0, -7, -2, 4, 0, 3, 1, -1, -3, -4, -4, -8, 1, -6, 1, 3, 2, 0, 0, -3, -5, -8, -1, -7, 4, 3, -7, -6, 4, 1, -4, -4, -1, -3, -1, -4, -2, 0, -3, -8, -7, -7, 1, 2, -8, 0, -8, -8, -7, -1, 4, -3, -8, -7, 3, 3, -8, -6, 1, -6, 4, -1, -1, -3, -3, 2, 3, -1, -4, 1, -6, 1, 2, -8, -7, -4, -2, -8, 2, -3, -4, 0, -3, 0, -6, 4, 3, 0, -1, 4, -6, -5, -2, -4, 2, -2]
 
0.438332258128: [-1, -2, -1, -1, -5, 3, 1, -2, 4, 4, 1, 1, -6, -7, -8, 0, -1, -7, -1, -3, 4, 1, -4, -6, -8, 2, -6, 4, 4, -1, 3, 1, -3, 0, -3, 1, -2, 2, 2, -1, -3, 3, -4, 0, 1, -6, -5, -8, -8, -7, -6, -3, -8, -8, 0, 3, 4, 3, -7, 0, 0, 1, -6, -6, -2, -8, 3, -2, -5, -4, 3, 0, -5, 4, 0, 0, -8, 4, 4, -1, 1, 1, -1, -1, -8, 0, 2, 0, -7, 0, -7, -3, -6, -1, -2, 1, -5, -5, 4, -5, -4, -2, 2, 4, -1, 4, 3, -3, -8, 2, -5, 4, -3, -7, -3, -5, -6, 0, -8, 0, -5, -4, -3, 4, -2, -2, -1, -1]
 
1.6269863242875746: [1, -2, -6, 2, -5, 2, 4, -4, -5, -1, 1, -7, -6, -3, 3, -3, -1, 3, 3, 0, 2, 1, -4, -8, -8, -3, -5, -4, 2, -1, -4, 0, -7, -1, -5, -7, -7, -1, 2, 1, -3, 3, 3, -8, 1, -6, 1, 1, -6, 0, -5, 2, -6, 2, 2, 2, 1, 4, -8, -1, -4, -6, -4, -4, 4, 0, 4, -2, -7, 2, 2, 2, -6, -4, 2, 0, -2, -6, -8, -1, -7, -2, -5, -1, -3, -7, -1, 0, 4, -7, 2, -6, -7, 2, 4, -7, -5, -4, 3, 3, 2, -2, -6, 1, 2, 3, 1, -4, -6, -7, 2, -3, -3, -7, -4, 1, -6, 4, -8, 0, -1, -2, 1, 0, 3, -5, 0, -6]
 
0.6166873162845488: [-8, -4, -6, 2, -6, -2, 3, 1, -5, -1, -6, -7, -8, -3, -5, -3, -5, 3, 3, 0, -7, 2, -5, -8, -8, -3, -8, 4, -3, -1, -1, 0, -1, -3, -5, -7, -7, 0, -1, 1, -5, 3, 3, -8, 2, 1, 1, 1, 4, 0, -5, -4, -2, -7, 2, -3, 4, -5, -7, -6, 3, 1, -6, 0, -2, 1, 0, -4, 3, -6, -1, 2, 3, -7, 4, -6, -4, 4, 4, -1, 3, -7, -4, -1, 3, 3, -3, 3, -3, -1, -4, -6, 4, -1, -7, 0, -3, -6, -3, -7, 4, -5, -4, 3, -4, 2, -5, -3, -7, -6, 0, -4, 1, 2, 2, -1, -1, -2, -1, -6, 2, 3, -3, 1, 3, -2, -4, -1]
 
0.6905690649691341: [1, -2, -6, 2, -5, 2, 4, -4, -5, -1, 1, -7, -6, -3, 3, -3, -1, 3, 3, 0, 2, 1, -8, -5, 1, -8, -6, -8, -8, 4, 1, -6, -4, 1, -3, -5, 4, -5, 1, -7, -6, 0, 1, -3, -7, -8, -5, -7, -3, -7, -3, -1, -2, -7, -1, -7, 4, 1, -7, -6, 3, 1, -6, 0, -2, 1, -1, -4, 4, -6, -1, -3, 3, -7, 1, 2, -2, -3, 4, -1, -7, -7, -4, -1, -3, -3, -3, 3, -8, -6, -4, -6, 4, -1, -7, 0, -3, -6, -3, -8, 4, -5, -4, 3, -4, 2, -5, -3, -7, -6, 0, -4, 1, 2, 2, -1, 3, 3, -1, -6, 3, 3, -3, 1, 1, 4, -4, -7]
 
1.7597415723806868: [-2, -2, -1, 1, 0, 2, 4, 1, 4, 4, -2, 2, -3, -7, -8, 0, -8, 0, -7, 0, -5, 1, -4, -8, -8, 2, 4, -4, 2, -1, -6, 4, -3, -7, -4, 4, 4, -2, 2, -6, -3, 0, 1, -8, 1, -6, 1, 2, -3, -5, -3, -1, -2, -7, -1, -7, 4, 1, -7, -6, 3, 1, -6, 0, -2, 1, -1, -4, 4, -6, -1, -3, 3, -7, 1, 2, -2, -3, 4, -1, -7, -7, -4, -1, -3, -3, -3, 3, -8, -6, -4, -6, 4, -1, -7, 0, -3, -6, -3, -8, 4, -5, -4, 3, -4, 2, -5, -3, -7, -6, 0, -4, 1, 2, 2, -1, 3, 3, -1, -6, 3, 3, -3, 1, 1, 4, -4, -7]
 
1.9881189196493771: [-8, -4, -6, 2, -6, -2, 3, 1, -5, -1, -6, -7, -8, -3, -5, -3, -5, 3, 3, 0, -7, 2, -5, -8, -8, -3, -8, 4, -3, -1, -1, 0, -1, -3, -5, -7, -7, 0, -1, 1, -5, 3, 3, -8, 2, 1, 1, 1, 4, 0, -5, -4, -2, -7, 2, -3, 4, -5, -7, -6, 3, 1, -6, 0, -2, 1, 0, -4, 3, -6, -1, 2, 3, -7, 4, -6, -4, 4, 4, 3, 1, -7, -7, 3, 2, -5, -6, -5, -7, -8, -8, -3, -6, -4, 3, -5, 4, -3, -4, -8, -2, -5, -4, 3, 0, -7, -2, -6, -7, -7, 4, 2, -1, -2, -1, 0, -8, 2, -6, 1, -5, -2, -7, -3, 0, 2, 0, -6]
 
1.2970882690500734: [-5, -2, -8, -6, -4, -5, 4, 1, -3, 3, 2, 4, 1, 1, 1, -1, 0, -7, 1, 0, 4, 1, 3, -8, -8, -7, 4, -4, 2, -1, -4, -6, -3, -4, -5, -7, 0, -3, -5, -1, -3, -3, 0, -7, 1, -6, -7, -4, 2, 4, -2, -3, 2, -8, -1, -5, 2, -2, -7, -6, -2, 1, 4, -7, -7, -3, -1, -2, 4, 3, -1, 2, -1, 0, 0, 2, -8, 0, -2, -1, -3, -4, -1, -6, 4, -2, 4, -8, -2, -8, -4, -2, 3, -2, -8, -8, -4, 1, -2, -2, -7, -4, -6, -5, -2, -2, -6, 3, -1, 1, 3, -7, -5, -2, 2, 4, -4, -5, -8, 4, 3, -7, 0, 1, -6, 4, 2, 1]
 
0.7117219895532378: [-1, -3, -1, -6, -4, 1, -5, 1, -4, 3, 1, -5, -5, -4, -7, 0, 3, -1, -6, 4, -8, -2, -3, -4, -1, -7, -6, 0, -8, 1, -3, 2, -8, 0, -7, 1, 1, 0, -7, 3, -6, -3, -5, 1, 0, -6, -7, -4, -5, -5, 4, -3, -4, -8, -1, -5, 4, 0, -7, 2, -1, 1, -6, 0, -7, 0, -1, -5, -4, 2, -7, -3, 0, -1, 1, 4, -2, -6, -2, -1, -6, -7, -4, -1, -3, -5, -3, 3, -8, -2, -4, 4, 4, 4, -7, 0, -3, -6, -3, -8, 4, -5, -4, 3, 2, -6, -5, -3, 2, -6, 0, -1, 1, 2, 2, -5, 3, 3, -1, -6, -7, -7, -5, 1, 4, -3, -4, -4]
 
0.516681111808: [1, -2, -7, 2, -5, 2, 4, -4, -5, -8, -1, -4, -2, -6, 2, 0, 3, 4, -3, -4, -7, 3, 3, -5, -8, 3, -5, 1, 2, -3, 4, -3, -3, 4, -8, -7, -5, -3, 0, 0, -8, 4, 1, -8, -8, 2, 2, 2, -7, 3, 1, -5, 2, -7, -4, 3, 0, 2, -5, 2, -2, 0, -4, -4, 4, 3, 1, -5, -6, 2, -7, 4, -7, 1, -6, -1, -5, 1, 2, -5, 1, -8, -4, 3, 2, -5, -6, -5, 0, -2, -2, 1, -6, -3, 3, -5, 4, -3, -4, 4, 1, 1, -4, 3, 4, 3, -1, -6, 1, 1, 4, 4, -1, 4, -1, 0, -8, 2, -1, -8, -2, -2, -1, -3, -5, -7, 0, -6]
 
0.8464195478322964: [1, -2, -6, 2, -5, 2, 1, -7, -5, -1, 0, -7, -4, -1, -1, -3, -1, 2, 3, 0, 2, 1, -4, -8, 3, -4, -5, -6, 2, -5, 2, 0, 3, -1, -5, -7, -7, 2, 2, -5, -4, 3, -6, -8, 1, 2, 4, -6, -6, 4, -5, 2, -6, 3, 3, -5, 2, -1, 0, -8, -5, -1, 4, -4, -1, -4, -2, -5, -5, -8, -1, 0, -1, 1, 4, -3, 3, -3, 3, -1, 3, 0, -5, -1, -2, 3, -3, 3, -3, -1, -4, -6, -8, -2, -8, 2, -3, -8, -3, -7, 3, -5, -1, -8, -4, -3, 1, -7, 4, 2, 1, 4, -7, 2, -4, -1, -7, 0, -1, 2, -1, 3, -5, -5, -8, -3, 4, -7]
 
0.6538447422012619: [1, -2, -6, 2, -5, -2, 3, 1, -5, -1, 1, -7, -6, -3, 3, -3, -1, 3, 3, 0, -1, 1, 0, -2, -3, -1, -5, 3, -3, -5, 2, -8, -5, -4, -3, 3, -6, 1, 3, -3, 0, -5, 4, -1, 2, 2, -6, -5, -5, -1, -5, 3, -7, -5, 3, -1, 3, -2, 3, 1, 1, 1, -5, -2, -7, 0, 3, -1, -7, -7, -7, -3, 0, 0, 4, -8, -2, -3, -6, 4, 1, -2, 1, -4, 1, 1, 4, 2, -5, -6, 4, 1, -5, -2, -3, -4, -2, -8, -6, 1, -3, -8, 0, 2, -4, -1, 3, -4, 0, 2, -1, -7, 2, 0, -3, -3, -3, 0, -5, -3, -1, -2, -7, 0, 4, -5, 0, -6]
 
0.6399118646659665: [-8, -4, -6, 2, -6, -2, 3, 1, -5, -1, -6, -7, -8, -3, -5, -3, -5, 3, 3, 0, -7, 2, -5, -8, -8, -3, -8, 4, -3, -1, -1, 0, -1, -3, -5, -7, -7, 0, -1, 1, -5, 3, 3, -8, 2, 1, 1, 1, 4, 0, -5, -4, -2, -7, 2, -3, 4, -5, -7, -6, 3, 1, -6, 0, -2, 1, 0, -4, 3, -6, -1, 2, 3, -7, 4, -6, -4, 4, 4, -1, 3, -7, -4, -1, 3, 3, -3, 3, -3, -1, -4, -6, 4, -1, -7, 0, -3, -6, -3, -7, 4, -5, -4, 3, -4, 2, -5, -3, -7, -6, 0, -4, 1, 2, 2, -1, -1, -2, -1, -6, 2, 3, -3, 1, 3, -2, -4, -1]
 
1.489567340331646: [1, -2, -6, 2, -5, 2, 4, -4, -5, 4, -1, -4, -2, -3, 2, 0, -8, -7, -3, -4, -7, 0, -4, -8, -8, 3, -2, 1, 2, -7, 4, -3, -3, 4, -8, -7, -3, -3, 0, 0, -8, 4, -6, -8, -8, -6, 2, 2, 4, 3, 0, -5, 2, -3, -4, 2, -3, 2, -5, 2, -2, -6, -4, -4, 4, 0, 4, -2, -6, 2, -7, 4, -5, -4, -6, 0, -5, 1, 2, -1, 3, -7, -4, -1, 3, 3, -3, 3, -3, -1, -4, -6, 4, -1, -7, 0, -3, -6, -3, -7, 4, -5, -4, 3, -4, 2, -5, -3, -7, -6, 0, -4, 1, 2, 2, -1, -1, -2, -1, -6, 2, 3, -3, 1, 3, -2, -4, -1]
 
0.9669832011591171: [-6, -7, 2, -1, -6, -4, 0, -4, 3, 1, -3, -4, -3, 2, -8, 4, 3, -3, -7, 3, -8, -1, -8, -5, 1, -8, -6, -8, -8, 4, 1, -6, -4, 1, -3, -5, 4, -5, 1, -7, -6, 0, 1, -3, -7, -8, -5, -7, -3, -7, -3, 2, -6, 3, -8, -5, -4, 0, 0, -8, -4, -1, -4, -4, -4, -3, 4, 3, -7, -1, -7, -6, -1, -8, -6, -1, 2, -5, 4, 4, 3, -4, -1, -6, 4, -2, 4, -8, -2, -8, -4, -2, 3, -2, -8, -8, -4, 1, -2, -2, -7, -4, -6, -5, -2, -2, -6, 3, -1, 1, 3, -7, -5, -2, 2, 4, -4, -5, -8, 4, 3, -7, 0, 1, -6, 4, 2, 1]
 
1.0629021916728643: [1, -2, -6, 2, -5, 2, 4, -4, -5, 4, -1, -4, -2, -3, 2, 0, -8, -7, -3, -4, -7, 0, -4, -8, -8, 3, -5, -4, 2, 0, 3, 1, -3, 2, -3, 3, -6, 0, -5, -2, -6, -4, -2, 1, -7, -2, -2, -4, 2, -5, 0, -3, -5, -8, -6, -2, -2, -2, -3, 3, 0, 1, -6, -4, -2, 4, -1, -2, 3, 3, -8, -7, 4, -4, 0, -2, -7, -6, 4, -7, -5, -8, 4, -1, -3, -2, 4, -8, -2, -8, -4, -2, 3, -2, -8, -8, -4, 1, -2, -2, -7, -4, -6, -5, -2, -2, -6, 3, -1, 1, 3, -7, -5, -2, 2, 4, -4, -5, -8, 4, 3, -7, 0, 1, -6, 4, 2, 1]
 
0.45939129711520965: [-4, -2, -4, 2, 2, -4, 4, -2, 4, 4, 1, 2, -8, -7, -2, 3, -8, -7, -7, 3, 4, 1, -4, -1, -8, 2, -5, -4, 2, 0, 3, 1, -3, 2, -3, 3, -6, 0, -5, -2, -6, -4, -2, 1, -7, -2, -2, -4, 2, -5, 0, -3, -5, -8, -6, -2, -2, -2, -3, 3, 0, 1, -6, -4, -2, 4, -1, -2, 3, 3, -8, -7, 4, -4, 0, -2, -7, -6, 4, -7, -5, -8, 4, -1, -3, 0, -2, 0, -1, -7, 2, -6, -7, -4, 0, 1, -5, -2, 3, 1, -2, -2, -6, -5, 1, 3, -5, -4, -4, -7, 3, -3, 4, -7, -1, 3, -1, -3, -1, -7, -1, -2, 1, 0, 3, -5, 0, -6]
 
1.6432254821581844: [-6, 1, -4, -1, -6, -4, 0, -4, 3, -4, 4, -2, -3, -5, -8, 4, 3, -4, -7, 3, -8, -1, -7, -5, 1, -2, 2, -8, -8, 3, 1, -6, -4, -3, -8, -5, 4, -5, 1, -7, -7, -1, 1, -3, -7, -8, -5, -7, 0, 3, -2, 2, 2, 2, -8, 3, -4, 0, 0, -8, -4, -4, -4, -4, -4, 0, 3, 3, 3, -7, 1, -6, -1, -2, -6, -8, 3, -5, 4, 4, -2, -4, 3, 1, 4, 0, -2, 0, -1, -8, -7, 2, -7, 1, 0, 1, -5, -2, 3, -2, 3, -7, -6, -5, -2, 3, 1, -4, -8, -1, 3, -8, 4, -7, -1, 3, -1, 0, -1, -7, -1, 2, 1, 0, 3, -5, 0, -3]
 
0.59922371066: [-4, 2, 4, 2, 2, -4, -7, 4, 4, 4, -1, -3, 2, -7, -3, -5, -6, -7, -7, 3, -8, 1, -5, -6, -4, 1, -1, 3, 0, -3, -6, -3, 3, 4, -8, 1, 0, 3, -7, -7, -5, -7, 3, -3, -8, 3, -3, 0, 2, -5, 1, -2, -6, -8, 1, -2, -8, -2, -3, 0, -6, -1, -6, -7, -2, -4, 3, -3, 4, -5, -6, -7, 3, -7, -7, -6, 3, 4, 4, -7, 3, 4, -4, 2, 3, -7, -2, 0, -3, -1, 4, -5, 1, 3, -8, 4, -5, -3, -5, -7, 4, -2, -5, -5, 0, -5, -3, -3, -5, 4, 0, -1, 1, 2, 3, -1, 0, -2, -1, -6, 2, 3, 1, 1, 2, -5, -1, -6]
 
1.022022635132376: [-6, 4, -7, -4, 0, -5, -5, -4, 2, -8, -3, 2, 2, -3, 3, -3, -1, 3, 3, 0, -1, 1, 0, -2, -3, -1, -5, 3, -3, -5, 2, -8, -5, -4, -3, 3, -6, 1, 3, -3, 0, -5, 4, -1, 2, 2, -6, -5, -5, -1, -5, 3, -7, -5, 3, -1, 3, -2, 3, 1, 1, 1, -6, 0, -2, 1, -7, -3, -6, 3, -6, 2, -7, -7, -6, -5, -5, -7, 2, 4, 1, -7, 3, 4, 0, -5, 1, -5, -8, 3, 1, -2, -7, -1, -1, 4, 3, 1, 3, 0, 4, -7, 0, 3, -4, 2, 0, 1, -7, -5, 2, 2, 0, -7, -8, 1, -3, 2, -8, 0, -8, 3, -7, -3, 3, -7, -7, -4]
 
0.5186908194234219: [-4, -2, -4, 2, 2, -4, 4, -2, 4, 4, 1, 2, -8, -7, -2, 3, -8, -7, -7, 3, 4, 1, -4, -1, -8, 2, -2, 1, 2, -7, 4, -3, -3, 4, -8, -7, -3, -3, 0, 0, -8, 4, -6, -8, -8, -6, 2, -4, 2, -5, 0, -3, -5, -8, -6, -2, -2, -2, -3, 3, 0, 1, -6, -4, -2, 4, -1, -2, 3, 3, -8, -7, 4, -4, 0, -2, -7, -6, 4, -7, -5, -8, 4, -1, -3, 0, -2, 0, -1, -7, 2, -6, -7, -4, 0, 1, -5, -2, 3, 1, -2, -2, -6, -5, 1, 3, -5, -4, -4, -7, 3, -3, 4, -7, -1, 3, -1, -3, -1, -7, -1, -2, 1, 0, 3, -5, 0, -6]
 
0.943547795780431: [-1, -3, 4, -6, -4, 1, -4, 1, -4, 3, 1, -5, -3, -3, -7, -2, 3, -1, -2, 4, 0, -8, 3, -4, 0, -7, -6, -4, -8, 1, 1, -6, -4, 1, 2, -5, 4, 3, -1, -7, 4, -2, 1, -3, -7, -8, -5, -7, -3, -7, -3, 2, -6, 3, 0, -5, -4, 0, 0, -8, 2, -1, -4, -4, -4, -3, 4, -8, -7, -1, -7, -6, -1, -8, -3, -1, -8, 4, 4, 0, -8, -4, -1, -6, 1, -2, 1, -6, -2, -8, -5, -3, -8, -2, -7, -8, -4, -3, -2, -2, -4, -4, -4, -5, -7, -4, -3, -6, -1, 1, 3, -7, -5, -2, 2, 4, -4, -5, -8, 4, 4, -6, 0, 1, -6, 4, 2, -3]
 
1.161651251833697: [1, -2, -6, 2, -5, 2, 4, -4, -5, -1, 1, -7, -6, -3, 3, -3, -1, 3, 3, 0, 2, 1, -4, -8, -8, -3, -5, -4, 2, -1, -4, 0, -7, -1, -5, -7, -7, -1, 2, 1, -3, 3, 3, -8, 1, -6, 1, 1, -6, 0, -5, 2, -6, 3, -8, -5, -4, 0, 0, -8, -4, -1, -4, -4, -4, -3, 4, 3, -7, -1, -7, -6, -1, -8, -6, -1, 2, -5, 4, 4, 3, -4, -1, -6, 4, -2, 4, -8, -2, -8, -4, -2, 3, -2, -8, -8, -4, 1, -2, -2, -7, -4, -6, -5, -2, -2, -6, 3, -1, 1, 3, -7, -5, -2, 2, 4, -4, -5, -8, 4, 3, -7, 0, 1, -6, 4, 2, 1]
 
1.026756156563921: [1, -2, -6, 2, -5, 2, 4, -4, -5, -1, 1, -7, -6, -3, 3, -3, -1, 3, 3, 0, 2, 1, -8, -5, 1, -8, -6, -8, -8, 4, 1, -6, -4, 1, -3, -5, 4, -5, 1, -7, -6, 0, 1, -3, -7, -8, -5, -7, -3, -7, -3, 2, -6, 3, -8, -5, -4, 0, 0, -8, -4, -1, -4, -4, -4, -3, 4, 3, -7, -1, -7, -6, -1, -8, -6, -1, 2, -5, 4, 4, 3, -7, -1, 4, -3, -5, -6, 4, -8, -6, 1, -6, 4, 3, -5, 0, -3, 2, 3, -8, 4, -5, -4, 3, 2, 2, -1, 1, -7, -7, -1, 2, 0, -7, 3, 4, 1, -3, -6, 0, -5, -3, -5, -3, -2, -4, -4, -4]
 
1.04436231035: [-8, -4, -6, 2, -6, -2, 3, 1, -5, -1, -6, -7, -8, -3, -5, -3, -5, 3, 3, 0, -7, 2, -5, -8, -8, -3, 4, -4, 2, -1, -6, 4, -3, -7, -4, 4, 4, -2, 2, -6, -3, 0, 1, -8, 1, -6, 1, 2, -3, -5, -3, -1, -2, -7, -1, -7, 4, 1, -7, -6, 3, 1, -6, 0, -2, 1, -1, -4, 4, -6, -1, -3, 3, -7, 1, 2, -2, -3, 4, -1, -7, -7, -4, -1, -3, -3, -3, 3, -8, -6, -4, -6, 4, -1, -7, 0, -3, -6, -3, -8, 4, -5, -4, 3, -4, 2, -5, -3, -7, -6, 0, -4, 1, 2, 2, -1, 3, 3, -1, -6, 3, 3, -3, 1, 1, 4, -4, -7]
 
0.53049180304: [-2, -2, -1, 1, 0, 2, 4, 1, 4, 4, -2, 2, -3, -7, -8, 0, -8, 0, -7, 0, -5, 1, -4, -8, -8, 2, -8, 4, -3, -1, -1, 0, -1, -3, -5, -7, -7, 0, -1, 1, -5, 3, 3, -8, 2, 1, 1, 1, 4, 0, -5, -4, -2, -7, 2, -3, 4, -5, -7, -6, 3, 1, -6, 0, -2, 1, 0, -4, 3, -6, -1, 2, 3, -7, 4, -6, -4, 4, 4, 3, 1, -7, -7, 3, 2, -5, -6, -5, -7, -8, -8, -3, -6, -4, 3, -5, 4, -3, -4, -8, -2, -5, -4, 3, 0, -7, -2, -6, -7, -7, 4, 2, -1, -2, -1, 0, -8, 2, -6, 1, -5, -2, -7, -3, 0, 2, 0, -6]
 
0.93651822447: [-1, 4, 4, -6, 0, 1, -4, 2, -1, 3, 1, -5, 4, 3, -7, -2, -3, -1, -1, 4, 0, -4, -1, -2, -5, -7, -3, -5, -8, 1, 1, -7, -4, 1, 2, 1, 4, 3, -1, -7, 4, -2, 1, -6, -2, -8, -5, 0, -3, -7, -6, 2, -6, 4, 0, -5, -4, 0, 0, -4, 2, 4, -4, -4, -2, -3, 4, 3, -7, 3, -7, -6, -6, -8, -3, 0, 0, 4, 4, 0, -8, -4, -1, 4, 1, 3, 1, -6, -8, 1, -6, -1, -8, -2, -7, -8, 3, -2, -2, -2, -1, 3, -5, -3, 1, 3, -5, -4, -3, -7, 3, -5, 1, 2, -2, -8, -1, -8, 1, -7, -1, -2, 1, 0, -5, -5, 0, -6]
 
1.0037728093: [-4, -2, -4, 2, 2, -1, 4, -2, -4, -1, -6, 2, 1, 4, -2, 3, -8, -1, 0, 3, 4, 1, -2, -1, -8, -4, -8, -4, 4, 0, 3, 1, -3, 2, -3, 3, 4, -8, -7, -2, -1, -4, -2, 1, -7, -2, -5, -4, -3, -5, 0, -3, 2, -8, -2, -8, 4, -2, -1, 1, 0, 3, -7, -4, 3, 4, -1, 4, -7, 3, -8, -7, 4, -4, 0, -2, 3, -3, -2, -7, -4, -8, 4, -1, -3, 0, -2, -4, -1, -7, 2, 0, -7, -4, 0, -7, -4, -2, 0, 1, -2, -2, -4, -5, -2, -4, -3, -6, 1, 1, 3, -6, -5, -2, -5, 0, -4, -5, -8, 4, 4, -4, 4, 2, -6, 4, -4, -3]
 
1.20083508235: [1, -2, -6, 2, -5, 2, 4, -4, -5, -1, 1, -7, -6, -3, 3, -3, -1, 3, 3, 0, 2, 1, -8, -5, 1, -8, -6, -8, -8, 4, 1, -6, -4, 1, -3, -5, 4, -5, 1, -7, -6, 0, 1, -3, -7, -8, -5, -7, -3, -7, -3, -1, -2, -7, -1, -7, 4, -2, -3, 3, 0, 1, -6, -4, -2, 4, -1, -2, 3, 3, -8, -7, 4, -4, 0, -2, -7, -6, 4, -7, -5, -8, 4, -1, -3, 0, -2, 0, -1, -7, 2, -6, -7, -4, 0, 1, -5, -2, 3, 1, -2, -2, -6, -5, 1, 3, -5, -4, -4, -7, 3, -3, 4, -7, -1, 3, -1, -3, -1, -7, -1, -2, 1, 0, 3, -5, 0, -6]
 
0.918050855067: [-4, -2, -4, 2, 2, -4, 4, -2, 4, 4, 1, 2, -8, -7, -2, 3, -8, -7, -7, 3, 4, 1, -4, -1, -8, 2, -2, 1, 2, -7, 4, -3, -3, 4, -8, -7, -3, -3, 0, 0, -8, 4, -6, -8, -8, -6, 2, -4, 2, -5, 0, -3, -5, -8, -6, -2, -2, 1, -7, -6, 3, 1, -6, 0, -2, 1, -1, -4, 4, -6, -1, -3, 3, -7, 1, 2, -2, -3, 4, -1, -7, -7, -4, -1, -3, -3, -3, 3, -8, -6, -4, -6, 4, -1, -7, 0, -3, -6, -3, -8, 4, -5, -4, 3, -4, 2, -5, -3, -7, -6, 0, -4, 1, 2, 2, -1, 3, 3, -1, -6, 3, 3, -3, 1, 1, 4, -4, -7]
 
0.467966858093: [-5, -2, -8, -6, -4, -5, 4, 1, -3, 3, 2, 4, 1, 1, 1, -1, 0, -7, 1, 0, 4, 1, 3, -8, -8, -7, 4, -4, 2, -1, -4, 0, -7, -1, -5, -7, -7, -1, 2, 1, -3, 3, 3, -8, 1, -6, 1, 1, -6, 0, -5, 2, -6, 2, 2, 2, 1, 4, -8, -1, -4, -6, -4, -4, 4, 0, 4, -2, -7, 2, 2, 2, -6, -4, 2, 0, -2, -6, -8, -1, -7, -2, -5, -1, -3, -7, -1, 0, 4, -7, 2, -6, -7, 2, 4, -7, -5, -4, 3, 3, 2, -2, -6, 1, 2, 3, 1, -4, -6, -7, 2, -3, -3, -7, -4, 1, -6, 4, -8, 0, -1, -2, 1, 0, 3, -5, 0, -6]
 
0.692407087374: [1, -2, -3, -2, 4, -7, -6, -4, 3, -1, 2, -7, -6, -3, 3, 2, -1, 2, 3, -2, 2, -7, -4, -8, -3, 3, 2, -3, 4, -6, 1, -6, -4, 3, -5, 0, 0, -3, -1, -6, -3, -3, 4, 3, -8, -4, 2, -4, 2, 4, -3, -1, -4, -7, 0, -5, 0, -4, -6, 1, 3, 1, 2, 2, -1, -3, -5, -2, 4, 4, -2, -4, -5, 0, 1, -1, 4, -5, -8, -1, -1, -5, 1, -8, 3, -6, 4, -3, -8, -8, -4, -4, 0, -8, -8, -2, -4, 1, 4, 0, -3, -4, 1, -2, -7, -2, -6, 3, -2, 1, -1, 2, -6, -2, 2, -3, -4, -5, -2, -2, -5, -7, 0, 1, -2, -1, 2, 0]
 
1.02987854946: [-5, -2, -8, -6, -4, -5, 4, 1, -3, 3, 2, 4, 1, 1, 1, -1, 0, -7, 1, 0, 4, 1, 3, -8, -8, -7, 4, -4, 2, -1, -4, 0, -7, -1, -5, -7, -7, -1, 2, 1, -3, 3, 3, -8, 1, -6, 1, 1, -6, 0, -5, 2, -6, 2, 2, 2, 1, 4, -8, -1, -4, -6, -4, -4, 4, 0, 4, -2, -7, 2, 2, 2, -6, -4, 2, 0, -2, -6, -6, -3, -7, -2, 4, -1, -3, -8, 2, 0, -1, 3, 2, -1, -4, -4, 3, 1, -5, -3, 3, -8, 3, -8, -8, -3, 2, 3, -5, -4, -4, -7, 2, -7, 0, -7, -8, -1, -6, -7, -8, 1, -7, 2, -3, 1, -2, 3, 1, 3]
 
1.05671124387: [4, -2, -7, 1, 0, -3, -7, -8, 4, 4, -2, 2, -3, -8, -1, 0, -8, 0, 0, 0, -8, 1, -4, -5, -8, 2, 4, -4, -2, -5, -2, 4, 0, -3, -4, 4, 4, -3, 2, -1, -3, -3, 1, -8, 1, -7, 1, -4, 2, 4, 0, -3, -1, -8, -6, -5, -1, 0, -7, -7, -1, 1, 3, -4, -4, 4, -1, -3, 2, -6, -2, -7, -5, -4, 1, 0, -7, -6, -8, -1, -7, -2, -5, -1, -3, -7, -1, 0, 4, -7, 2, -6, -7, 2, 4, -7, -5, -4, 3, 3, 2, -2, -6, 1, 2, 3, 1, -4, -6, -7, 2, -3, -3, -7, -4, 1, -6, 4, -8, 0, -1, -2, 1, 0, 3, -5, 0, -6]
 
0.726064041301: [1, -3, -1, -7, 3, 2, 3, -4, 1, 4, -2, -1, -3, -8, -1, 0, -3, -7, -7, 1, -5, 0, -4, -8, 4, -4, -8, -3, -8, -1, -8, -6, 1, 2, -5, -7, 4, -5, -2, -2, 2, -2, 3, -1, -6, 1, 1, 1, -4, -3, 0, -7, -6, -3, -4, 2, -7, 2, -5, -6, -2, -6, -7, -3, 4, 3, 4, 3, -3, -3, -7, 4, 3, -8, 4, 0, -5, 1, -2, 3, 1, -4, -5, -3, 2, -5, -6, -1, -5, 2, 2, -3, -6, -7, -1, -5, -8, -2, -7, 2, 0, -7, 3, 3, -7, 2, 1, 4, -3, -7, -5, 2, 3, 1, -2, 2, 3, 2, -6, 1, -5, 3, 1, -3, 2, -4, 1, 0]
 
1.20220179915: [1, -2, -6, 2, -5, 2, 4, -4, -5, 4, -1, -4, -2, -3, 2, 0, -8, -7, -3, -4, -7, 0, -4, -8, -8, 3, -2, 1, 2, -7, 4, -3, -3, 4, -8, -7, -3, -3, 0, 0, -8, 4, -6, -8, -8, -6, 2, 2, 4, 3, -5, -4, -2, -7, 2, -3, 4, -5, -7, -6, 3, 1, -6, 0, -2, 1, 0, -4, 3, -6, -1, 2, 3, -7, 4, -6, -4, 4, 4, 3, 1, -7, -7, 3, 2, -5, -6, -5, -7, -8, -8, -3, -6, -4, 3, -5, 4, -3, -4, -8, -2, -5, -4, 3, 0, -7, -2, -6, -7, -7, 4, 2, -1, -2, -1, 0, -8, 2, -6, 1, -5, -2, -7, -3, 0, 2, 0, -6]
 
0.47270162721: [-8, -4, -6, 2, -6, -2, 3, 1, -5, -1, -6, -7, -8, -3, -5, -3, -5, 3, 3, 0, -7, 2, -5, -8, -8, -3, -8, 4, -3, -1, -1, 0, -1, -3, -5, -7, -7, 0, -1, 1, -5, 3, 3, -8, 2, 1, 1, 1, 4, 0, -5, -4, -2, -7, 2, -3, 4, -5, -7, -6, 3, 1, -6, 0, -2, 1, 0, -4, 3, -6, -1, 2, 3, -7, 4, -6, -4, 4, 4, -1, 3, -7, -4, -1, 3, 3, -3, 3, -3, -1, -4, -6, 4, -1, -7, 0, -3, -6, -3, -7, 4, -5, -4, 3, -4, 2, -5, -3, -7, -6, 0, -4, 1, 2, 2, -1, -1, -2, -1, -6, 2, -2, -7, 0, 4, -5, 0, -6]
 
1.00094420186: [1, -2, -6, 2, -5, -2, 3, 1, -5, -1, 1, -7, -6, -3, 3, -3, -1, 3, 3, 0, -1, 1, 0, -2, -3, -1, -5, 3, -3, -5, 2, -8, -5, -4, -3, 3, -6, 1, 3, -3, 0, -5, 4, -1, 2, 2, -6, -5, -5, -1, -5, 3, -7, -5, 3, -1, 3, -2, 3, 1, 1, 1, -5, -2, -7, 0, 3, -1, -7, -7, -7, -3, 0, 0, 4, -8, -2, -3, -6, 4, 1, -2, 1, -4, 1, 1, 4, 2, -5, -6, 4, 1, -5, -2, -3, -4, -2, -8, -6, 1, -3, -8, 0, 2, -4, -1, 3, -4, 0, 2, -1, -7, 2, 0, -3, -3, -3, 0, -5, -3, -1, 3, -3, 1, 3, -2, -4, -1]
 
2.37317131192: [-2, -2, -1, 1, 0, 2, 4, 1, 4, 4, -2, 2, -3, -7, -8, 0, -8, 0, -7, 0, -5, 1, -4, -8, -6, -5, 2, 2, 2, -6, -7, 4, 3, 0, -3, 3, -6, 0, -5, -2, -6, -4, -2, 1, -7, -2, -2, -4, 2, -5, 0, -3, -5, -8, -6, -2, -2, -2, -3, 3, 0, 1, -6, -4, -2, 4, -3, -2, 3, 2, -7, 4, -5, -4, -7, -3, -8, 0, 4, -1, -7, 4, -4, -6, 0, 4, -6, 3, -8, -4, 1, -6, 4, -4, 3, -6, -6, -3, -4, -8, 0, -8, -4, 3, -4, 2, -2, 3, -7, -3, -4, -3, -3, -7, -1, 1, -6, -1, 1, 4, 2, -4, -1, -3, -5, 3, 4, -8]
 
0.989236140554: [-5, 1, -6, -3, -6, 2, 3, 1, 4, -8, 2, 1, 1, -6, -1, 4, -8, -1, -8, 2, -5, -2, -3, 1, -8, -2, 4, -4, 2, -1, -6, -1, -3, -7, -4, 4, 4, 1, 2, -7, -3, -4, 1, -2, 1, 1, 1, -8, 2, -5, 0, -3, -7, -2, -7, -5, -8, -8, -7, -5, 0, 1, -1, -4, -2, 4, -1, 3, 4, 1, -4, -7, -5, -8, 0, 0, -7, -8, 0, -1, -7, -2, 4, -7, -3, 0, 1, -8, -1, -7, 2, -6, -6, -7, 0, 1, -5, -3, 3, -8, 3, -8, -6, -4, -6, 3, -5, -8, -5, -2, 2, -3, -3, -7, -3, 1, -6, 4, -8, 4, -8, -7, 3, 1, -2, -6, -8, 1]
 
1.3030947643: [-8, -4, -6, 2, -6, -2, 3, 1, -5, -1, -6, -7, -8, -3, -5, -3, -5, 3, 3, 0, -7, 2, -5, -8, -8, -3, 4, -4, 2, -1, -6, 4, -3, -7, -4, 4, 4, -2, 2, -6, -3, 0, 1, -8, 1, -6, 1, 2, -3, -5, -3, -1, -2, -7, -1, -7, 4, 1, -7, -6, 3, 1, -6, 0, -2, 1, -1, -4, 4, -6, -1, -3, 3, -7, 1, 2, -2, -3, 4, -1, -7, -7, -4, -1, -3, -3, -3, 3, -8, -6, -4, -6, 4, -1, -7, 0, -3, -6, -3, -8, 4, -5, -4, 3, -4, 2, -5, -3, -7, -6, 0, -4, 1, 2, 2, -1, 3, 3, -1, -6, 3, 3, -3, 1, 1, 4, 0, -6]
 
0.78782555212: [-1, -4, 4, -6, -4, 1, -4, 0, -4, -1, 4, 1, -6, -4, -1, -2, 3, -1, -6, 4, -2, 0, 1, -4, 0, -6, -6, -4, -8, 2, 3, -3, -6, -2, 2, -5, 4, 3, 0, -4, 1, -2, 1, -6, 3, -8, -1, -8, -3, -7, -3, 0, -6, -4, 0, -5, -4, 0, 0, -8, -3, -1, -4, 3, -4, -3, -3, -8, -7, 3, -7, -6, -1, -8, -3, -1, -8, 4, -7, 4, 3, -1, -4, -6, 1, 1, 1, -6, 3, -8, 2, -3, -8, -2, -7, -8, -4, -3, -2, -2, -7, -4, -6, -5, 1, 3, -5, -4, -4, -7, -6, -3, -5, -4, 2, -5, -1, -3, -1, -7, -1, 0, -2, 0, 3, -5, 4, -7]
 
1.36076804986: [4, -4, -7, -7, 0, -4, -7, -1, 4, -5, -5, 2, -3, -8, 0, 0, -8, 0, 0, 0, -8, 1, -4, -5, -8, 2, -6, 2, 4, 2, 3, 4, 0, 1, -7, -3, -8, -4, -7, -1, -2, -3, 1, -2, 1, 2, 1, -4, 3, 4, -2, 3, 4, -3, -6, -5, 4, 0, -2, -6, -1, 1, 3, 2, -4, 4, 0, 0, 2, -6, -2, 1, -7, -5, 1, 0, 3, -6, 1, -3, -7, -6, -8, -1, -3, -7, -3, 0, -1, -4, 2, -1, -4, -4, 3, 1, -5, -3, 3, -8, -3, -8, -8, -3, -8, 3, -5, -4, -4, -7, 2, -1, 0, -7, -5, -1, 3, -7, 3, 1, 4, 2, -3, -1, -8, -5, 0, -6]
 
1.53040038936: [1, -2, 1, 2, -5, 2, 4, -5, -1, 2, -7, -7, -6, -3, 1, -3, -1, 3, 3, -2, 2, 0, -4, -8, -8, -3, -5, -4, -7, -1, -4, 3, -7, -4, -5, -8, -5, -2, 2, 1, -3, 3, 1, -6, -2, -7, -3, 1, -6, -7, -2, 2, 3, 3, 2, -5, 1, -6, -1, -1, -4, 3, -3, -4, 4, 0, 4, -2, -7, 2, 2, 2, -6, -4, 2, 0, -6, -6, 1, -1, -7, -2, -1, -1, -2, -2, -1, 1, 4, -7, 0, -6, -1, 2, 1, -7, -5, -4, 3, 3, 2, -4, -6, -4, 3, 3, 1, -4, -6, -7, -1, -3, -3, -7, -4, 0, -6, 4, -7, 0, -1, 0, -1, 0, -2, -4, -5, 3]
 
1.44342991634: [-2, -2, -1, 1, 0, 2, 4, -4, -5, -1, 1, -7, -6, -3, 3, -3, -1, 3, 3, 0, 2, 1, -8, -5, 1, -8, -6, -8, -8, 4, 1, -6, -4, 1, -3, -5, 4, -5, 1, -7, -6, 0, 1, -3, -7, -8, -5, -7, -3, -7, -3, -1, -2, -7, -1, -7, 4, 1, -7, -6, 3, 1, -6, 0, -2, 1, -1, -4, 4, -6, -1, -3, 3, -7, 1, 2, -2, -3, 4, -1, -7, -7, -4, -1, -3, -3, -3, 3, -8, -6, -4, -6, 4, -1, -7, 0, -3, -6, -3, -8, 4, -5, -4, 3, -4, 2, -5, -3, -7, -6, 0, -4, 1, 2, 2, -1, 3, 3, -1, -6, 3, 3, -3, 1, 1, 4, -4, -7]
 
1.60294726779: [1, -2, -6, 2, -5, 2, 4, 1, 4, 4, -2, 2, -3, -7, -8, 0, -8, 0, -7, 0, -5, 1, -4, -8, -8, 2, -8, 4, -3, -1, -1, 0, -1, -3, -5, -7, -7, 0, -1, 1, -5, 3, 3, -8, 2, 1, 1, 1, 4, 0, -5, -4, -2, -7, 2, -3, 4, -5, -7, -6, 3, 1, -6, 0, -2, 1, 0, -4, 3, -6, -1, 2, 3, -7, 4, -6, -4, 4, 4, 3, 1, -7, -7, 3, 2, -5, -6, -5, -7, -8, -8, -3, -6, -4, 3, -5, 4, -3, -4, -8, -2, -5, -4, 3, 0, -7, -2, -6, -7, -7, 4, 2, -1, -2, -1, 0, -8, 2, -6, 1, -5, -2, -7, -3, 0, 2, 0, -6]
 
1.46449827129: [-2, -2, -1, 1, 0, 2, 4, 1, 4, 4, -2, 2, -3, -7, -8, 0, -8, 0, -7, 0, -5, 1, -4, -8, -8, 2, -8, 4, -3, -1, -1, 0, -1, -3, -5, -7, -7, 0, -1, 1, -5, 3, 3, -8, 2, 1, 1, 1, 4, 0, -5, -4, -2, -7, 2, -3, 4, -5, -7, -6, 3, 1, -6, 0, -2, 1, 0, -4, 3, -6, -1, 2, 3, -7, 4, -6, -4, 4, 4, 3, 1, -7, -7, 3, 2, -5, -6, -5, -7, -8, -8, -3, -6, -4, 3, -5, 4, -3, -4, -8, -2, -5, -4, 3, 0, -7, -2, -6, -7, -7, 4, 2, -1, -2, -1, 0, -8, 2, -6, 1, -1, -2, 1, 0, 3, -5, 0, -6]
 
1.18950881996: [-1, -3, 4, -6, -4, 1, -4, 1, -4, 3, 1, -5, -3, -3, -7, -2, 3, -1, -2, 4, 0, -8, 3, -4, 0, -7, -6, -4, -8, 1, 1, -6, -4, 1, 2, -5, 4, 3, -1, -7, 4, -2, 1, -3, -7, -8, -5, -7, -3, -7, -3, 2, -6, 3, 0, -5, -4, 0, 0, -8, 2, -1, -4, -4, -4, -3, 4, -8, -7, -1, -7, -6, -1, -8, -3, -1, -8, 4, 4, 0, -8, -4, -1, -6, 1, -2, 1, -6, -2, -8, -5, -3, -8, -2, -7, -8, -4, -3, -2, -2, -4, -4, -6, -5, 1, 3, -5, -4, -4, -7, 3, -3, 4, -7, -1, 3, -1, -3, -1, -7, -5, -2, -7, -3, 0, 2, 0, -6]
 
0.884812139469: [-4, -2, 0, -3, -8, -2, 4, -2, 4, 2, -8, 2, -8, -7, -3, 3, 1, 2, -7, 3, 4, 2, -4, -4, -8, 2, -2, 1, 2, -7, 4, -3, 0, 4, -8, -7, 4, -3, -2, -7, 4, -2, -3, -3, -7, -8, -2, -7, 4, -7, -3, 2, -6, 3, 0, -6, -8, -3, 0, 1, 2, -4, 3, -7, -4, -3, 4, -8, 0, 3, -6, -6, -1, -1, -3, 1, -8, 4, 4, 2, -8, -4, -1, -6, 1, 2, -3, -6, 0, 4, -5, -3, -8, -8, 4, -4, 0, -3, -2, -8, -4, 1, -6, -5, 2, 3, -5, -4, -4, -7, 3, -3, 4, -2, -1, 3, -1, -3, 1, -7, -1, -3, 2, 0, 3, -5, -5, -6]
 
1.29452591686: [-1, -3, 4, -6, -4, 1, -4, 1, -4, 3, 1, -5, -3, -3, -7, -2, 3, -1, -2, 4, 0, -8, 3, -4, 0, -7, -6, -4, -8, 1, 1, -6, -4, 1, 2, -5, -3, -3, 0, 0, -8, 4, -6, -8, -8, -6, 2, -4, 2, -5, 0, -3, -5, -8, -6, -2, -2, -2, -3, 3, 0, 1, -6, -4, -2, 4, -1, -2, 3, 3, -8, -7, 4, -4, 0, -2, -7, -6, 4, -7, -5, -8, 4, -1, -3, 0, -2, 0, -1, -7, 2, -6, -7, -4, 0, 1, -5, -2, 3, 1, -2, -2, -6, -5, 1, 3, -5, -4, -4, -7, 3, -3, 4, -7, -1, 3, -1, -3, -1, -7, -1, -2, 1, 0, 3, -5, 0, -6]
 
0.575939292024: [1, -2, -6, 2, -5, 2, 4, -4, -5, 4, -1, -4, -2, -3, 2, 0, -8, -7, -3, -4, -7, 0, -4, -8, -8, 3, -5, -4, 2, 0, 3, 1, -3, 2, -3, 3, -6, 0, -5, -2, -6, -4, -2, 1, -7, -2, -2, -4, 2, -5, 0, -3, -5, -8, -6, -2, -2, -2, -3, 3, 0, 1, -6, -4, -2, 4, -1, -2, 3, 3, -8, -7, 4, -4, 0, -2, -7, -6, 4, -7, -5, -8, 4, -1, -3, 0, -2, 0, -1, -7, 2, -6, -7, -4, 0, 1, -5, -2, 3, 1, -2, -2, -6, -5, 1, 3, -5, -4, -4, -7, 3, -3, 4, -7, -1, 3, -1, -3, -1, -7, -1, -2, 1, 0, 3, -5, 0, -6]
 
1.71283369584: [-1, -3, 4, -6, -4, 1, -4, 1, -4, 3, 1, -5, -3, -3, -7, -2, 3, -1, -2, 4, 0, -8, 3, -4, 0, -7, -6, -4, -8, 1, 1, -6, -4, 1, 2, -5, -3, -3, 0, 0, -8, 4, -6, -8, -8, -6, 2, -4, 2, -5, 0, -3, -5, -8, -6, -2, -2, -2, -3, 3, 0, 1, -6, -4, -2, 4, -1, -2, 3, 3, -8, -7, 4, -4, 0, -2, -7, -6, 4, -7, -5, -8, 4, -1, -3, -2, 4, -8, -2, -8, -4, -2, 3, -2, -8, -8, -4, 1, -2, -2, -7, -4, -6, -5, -2, -2, -6, 3, -1, 1, 3, -7, -5, -2, 2, 4, -4, -5, -8, 4, 3, -7, 0, 1, -6, 4, 2, 1]
 
1.19515860054: [-2, -2, -2, -1, 0, 2, 4, -4, 4, 4, -2, -6, -3, -1, -7, -6, -4, -7, -7, 0, 4, -3, -4, -1, -8, -3, 0, -7, 2, -2, -3, -3, 0, -7, -2, 4, 0, 3, 3, -6, 4, -4, 2, 4, 1, -6, 2, -1, 2, 0, 0, -7, -4, 0, -1, -7, -3, 3, -7, -6, 4, 1, -5, -4, -1, -3, -1, -4, -2, 3, -3, -8, -7, -6, 1, 2, -8, 0, -8, -8, 4, -1, -3, -8, -6, 2, 3, 3, -8, 2, 1, -6, 4, -1, -1, -3, 0, 2, -2, -1, -4, 1, 1, 1, 2, -8, -7, -4, -2, -5, 4, 4, -4, 0, -5, 2, 2, -1, 3, 0, -1, -1, -6, 3, -2, -4, 2, -2]
 
1.78671488449: [-6, -6, 0, -5, -6, -6, -1, -4, 4, -4, 3, 0, 2, 3, -6, -2, 0, -3, 4, -6, 1, -3, -4, -8, -8, 2, -8, 4, -3, -1, -1, 0, -1, -3, -5, -7, -7, 0, -1, 1, -5, 3, 3, -8, 2, 1, 1, 1, 4, 0, -5, -4, -2, -7, 2, -3, 4, -5, -7, -6, 3, 1, -6, 0, -2, 1, 0, -4, 3, -6, -1, 2, 3, -7, 4, -6, -4, 4, 4, 3, 1, -7, -7, 3, 2, -5, -6, -5, -7, -8, -8, -3, -6, -4, 3, -5, 4, -3, -4, -8, -2, -5, -4, 3, 0, -7, -2, -6, -7, -7, 4, 2, -1, -2, -1, 0, -8, 2, -6, 1, -1, -2, 1, 0, 3, -5, 0, -6]
 
1.72531273548: [-1, 4, -6, 2, -5, 2, -4, -3, -2, 4, -5, -4, -4, 4, 2, 0, -8, -7, -3, -3, -7, -6, -4, -8, -8, 3, -2, 1, 2, -7, -5, -3, -3, 1, -8, -7, -3, 2, 0, 0, -8, 4, -6, -8, -8, 1, -8, -1, 4, 3, -2, -5, -3, 0, -4, -2, -1, 2, -5, 2, -5, -6, -2, -4, 1, 0, 4, 0, -3, 2, -7, 1, -4, -4, -4, 0, -8, 1, 2, 0, 2, -7, -1, 3, -1, -5, -6, -5, -7, -8, -8, -3, -6, -1, 3, -4, 4, -3, -4, -8, -4, -5, 3, 3, 0, -7, -2, -6, 4, 2, 4, -3, 1, -8, -1, 0, -8, 3, 0, 1, -3, -2, 1, 0, 3, -4, 2, 3]
 
1.40715816421: [-2, -2, -1, 1, 0, 2, 4, 1, 4, 4, -2, 2, -3, -7, -8, 0, -8, 0, -7, 0, -5, 1, -4, -8, -8, 2, -8, 4, -3, -1, -1, 0, -1, -3, -5, -7, -7, 0, -1, 1, -5, 3, 3, -8, 2, 1, 1, 1, 4, 0, -5, -4, -2, -7, 2, -3, 4, -5, -7, -6, 3, 1, -6, 0, -2, 1, 0, -4, 3, -6, -1, 2, 3, -7, 4, -6, -4, 4, 4, 3, 1, -7, -7, 3, 2, -5, -6, -5, -7, -8, -8, -3, -6, -4, 3, -5, 4, -3, -4, -8, -2, -5, -4, 3, 0, -7, -2, -6, -7, -7, 4, 2, -1, -2, -1, 0, -8, 2, -6, 1, -5, -2, -7, -3, 0, 2, 0, -6]
 
