1.80452518399: [-7, -4, 3, -4, 1, -1, 2, -3, 3, -8, 0, -6, 2, -8, 0, 4, -4, -8, -3, -8, -1, -1, -4, 2, -7, -1, -7, 3, -2, -6, 1, -1, 4, 1, -2, -4, -7, 1, -6, 0, 4, 2, -6, -3, -5, -8, 0, -8, -8, 1, -1, -3, 1, 1, -8, -1, 3, -8, 0, 2, -8, -6, -4, -2, -5, 3, -4, -6, -7, 1, -4, -5, -1, -8, 4, -3, 1, -4, 3, 4, -1, 1, 3, 2, 3, -1, -1, 1, -2, -7, -5, -5, -1, -5, 3, 4, -4, -3, -2, -7, 1, -6, -7, -3, -5, -6, 0, -7, 4, -7, -2, -5, -1, 3, -7, -2, -8, 4, 0, -4, -5, -8, -5, -3, -1, -4, -3, 1]
 
3.912823676892229: [-7, -7, 3, -4, 1, -1, 2, -8, 3, 2, 0, -6, 2, 1, 0, 2, 4, -8, 0, 2, -3, -1, -4, 1, -8, -8, -3, 1, 1, 1, -6, -1, -3, -3, 1, -7, -4, -5, 1, -3, -6, -7, -6, 1, -1, 2, -2, -5, -3, 1, -1, -5, -1, -1, -1, 0, -3, -4, -7, 3, -4, -4, -7, -4, -7, -7, 2, 0, -3, -2, -1, -5, -7, 4, -6, -2, -2, -1, 3, 4, -1, -2, 4, -8, 3, 1, -5, -1, -5, 2, 0, -5, -1, 1, 2, 0, 1, -8, 1, 2, 2, -6, -1, 1, -5, -3, 0, -8, -4, -7, 2, 3, 0, 3, -7, -2, -8, -7, 0, -5, -1, -6, -6, -6, 4, 1, -4, -5]
 
2.894017698756169: [-7, -7, 3, -4, 1, -1, 2, -8, 3, 2, 0, -6, 2, 1, 0, 2, 4, -8, 0, 2, -3, -1, -4, 1, -8, -8, -3, 1, 1, 1, -6, -1, -3, -3, 1, -7, -4, -5, 1, -3, -6, -7, -6, 1, -1, 2, -2, -5, -3, 1, -1, -5, -1, -1, -1, 0, -3, -4, -7, 3, -4, -4, -7, -4, -7, -7, 2, 0, -3, -2, -1, -5, -7, 4, -6, -2, -2, -1, 3, 4, -1, -2, 4, -8, 3, 1, -5, -1, -5, 2, 0, -5, -1, 1, 2, 0, 1, -8, 1, -7, 1, -6, -7, 4, -5, -6, 0, -8, 1, -7, 2, 3, -6, 3, -2, -2, -8, -7, 0, -5, -1, -2, -6, -6, 4, 1, -4, -5]
 
3.117572375940074: [1, -4, 3, -4, 1, -1, -2, -6, 3, -7, -4, -6, -3, -1, 4, -7, -4, 3, -5, -8, -1, -1, -4, -4, -7, -3, -7, 3, -2, -6, 1, -1, 4, 1, -2, -4, -7, 1, -6, 0, 4, 2, 4, -3, -5, -8, 0, -7, -3, 1, -1, -3, 1, 1, -1, -5, 3, -6, 0, 2, -8, -6, -4, -2, -5, 3, -4, -6, 2, 1, -4, -5, -1, -8, 4, -3, -8, -4, 3, 4, -1, 2, 3, -8, 3, 1, -1, 1, 1, -7, 2, -5, -1, -7, 3, 4, -4, -3, 1, -7, 1, -6, -7, -3, -5, -6, 0, -8, 1, -7, 2, 3, -2, 3, -7, -2, -8, 4, 0, 0, -5, -8, -7, -3, -8, -4, -3, 1]
 
1.20628874581: [4, -7, -1, -2, -2, 1, -5, 4, 3, -7, 4, -1, 4, 1, -7, -5, -3, -3, -6, -7, 0, -8, -4, -1, 4, -3, -4, 3, -2, -6, 1, -1, 3, 1, -2, -4, -7, 0, 0, -4, -7, -7, -3, -6, -1, 2, -1, -5, -1, 4, -3, -5, -8, 1, -8, 4, -3, -3, -3, -3, -2, -5, 2, -8, 4, 4, -5, -3, -8, -2, 1, -5, -2, 4, -6, -2, -1, -4, 3, -4, -1, 1, 4, -8, -3, 4, -1, 1, 0, 0, 2, -5, -1, -7, -3, 4, -4, -8, 0, -7, 3, -4, -7, -3, 3, 4, -7, -8, 1, -6, 2, -6, -2, 3, -7, -7, 4, 1, 0, 0, -1, 0, -4, -3, -8, -4, -3, -5]
 
3.0251885998286507: [4, -7, 3, -4, 1, -1, -2, -6, 3, -7, -4, -6, -3, -1, 4, -7, -4, 3, -5, -8, -1, -1, -4, -4, -7, -3, -7, 3, -2, -6, 1, -1, 4, 1, -2, -4, -7, 1, -6, 0, 4, 2, 4, -3, -5, -8, 0, -7, -3, 1, -1, -3, 1, 1, -1, -5, 3, -6, 0, 2, -8, -6, -4, -2, -5, 3, -4, -6, 2, 1, -4, -5, -1, -8, 4, -3, -8, -4, 3, 4, -1, 2, 3, -8, 3, 1, -1, 1, 1, -7, 2, -5, -1, -7, 3, 4, -4, -3, 1, -7, 1, -6, -7, -3, -5, -6, 0, -8, 1, -7, 2, 3, -2, 3, -7, -2, -8, 4, 0, 0, -5, -8, -7, -3, -8, -4, -3, 1]
 
3.218878788310162: [-7, -8, 3, 2, 3, -5, -2, -6, -2, -7, -2, -6, -3, -2, 4, -7, -4, 3, 1, -7, -1, -1, -4, 4, -8, -5, 1, 3, 1, -2, -5, 2, 4, -7, 1, -8, -7, 1, -6, 0, 4, 2, 4, -3, -5, -8, -6, -8, -1, 4, -2, -5, -8, 1, -8, 4, 3, -3, 3, 2, -7, -5, 4, -2, 0, -7, -4, -3, -8, -2, 1, -5, -7, 4, -6, -2, -2, -1, 3, 4, -1, -2, 4, -8, 3, 1, -5, -1, -5, 2, 0, -5, -1, 1, 2, 0, 4, -3, 1, 2, -5, -6, -2, 3, -5, -6, 4, -8, 1, -8, 4, -2, -4, 3, -6, -4, -8, -5, -5, -5, 2, -7, -7, -3, -5, -4, -3, 1]
 
1.3150723676933254: [-6, -3, 3, -2, 3, -5, 2, -8, 3, 2, 0, 1, 2, 4, 0, 2, 4, -2, 0, 2, -6, -4, -4, 1, -8, -8, -3, -2, 1, 1, -7, -1, -3, -3, 1, -7, -4, -4, 1, -1, -6, 2, -1, 1, -1, 1, -2, -5, -1, 4, -2, -5, -8, 1, -8, -7, 3, -3, -1, 2, -7, -5, 4, -2, 0, -7, -4, -3, -8, -5, 1, -5, -7, 4, -6, -2, 4, -4, 3, -3, -1, 2, 3, -8, 3, -7, -1, 1, -5, -7, 2, -5, -1, -7, 3, 4, 3, -5, -7, -2, 1, -6, -7, -3, -5, -6, 0, -8, 2, -7, 2, -1, -6, -3, -4, -2, 2, -6, 0, -3, -1, -2, 1, -1, 4, 1, -4, -5]
 
3.0058255023199667: [-7, -7, 3, -4, 1, -1, 2, -8, 3, 2, 0, -6, 2, 1, 0, 2, 4, -8, 0, 2, -3, -1, -4, 1, -8, -8, -3, 1, 1, 1, -6, -1, -3, -3, 1, -7, -4, -5, 1, -3, -6, -7, -6, 1, -1, 2, -2, -5, -3, 1, -1, -5, -1, -1, -1, 0, -3, -4, -7, 3, -4, -4, -7, -4, -7, -7, 2, 0, -3, -2, -1, -5, -7, 4, -6, -2, -2, -1, 3, 4, -1, -2, 4, -8, 3, 1, -5, -1, -5, 2, 0, -5, -1, 1, 2, 0, 1, -8, 1, 2, 2, -6, -1, 1, -5, -6, 4, -8, -2, -8, -1, 3, -4, 2, -8, -2, -8, 4, 3, 0, 2, -2, -6, -6, 4, 1, -4, -5]
 
3.103769477944545: [-2, -6, -6, -7, -6, 0, -2, -2, -4, -8, -6, 3, 1, -4, -4, -1, -2, -2, -5, -6, 3, -5, -4, 0, -3, -2, -6, -1, 3, -6, -2, -5, 4, 3, 2, -6, -5, -5, 3, 0, -6, -7, -6, 1, -5, -8, -2, -5, -3, 1, -1, -3, -1, -5, -1, -2, 0, -4, -7, -2, -8, -1, -4, -2, -5, 3, -4, -6, 2, 1, -4, -5, -1, -8, 4, -3, -8, -4, 3, 4, -1, 2, 3, -8, 3, 1, -1, 1, 1, -7, 2, -5, -1, -7, 3, 4, -4, -3, 1, -7, 1, -6, -7, -3, -5, -6, 0, -8, 1, -7, 2, 3, -2, 3, -7, -2, -8, 4, 0, 0, -5, -8, -7, -3, -8, -4, -3, 1]
 
2.46312447422: [4, -7, -7, -7, -2, 3, -5, -6, 3, -7, 4, -7, 4, 1, 4, 0, -4, 3, 4, -8, 3, -1, -4, -4, -7, -3, -7, 3, -2, -6, 1, -1, -1, -4, -2, -4, -6, 4, -1, 4, -1, -8, 0, 1, -1, 3, -4, 1, 3, 1, -1, -3, 3, -3, -1, -6, -6, 0, 3, -6, -8, -4, -1, -4, -7, 0, 2, -4, -3, -3, -1, -4, -3, 2, -6, -5, -6, -1, 0, -5, -3, -5, 1, -7, -5, -4, -8, -6, -6, 3, 2, 3, -2, 3, -3, 4, -4, 2, 0, -8, -8, 2, -4, -5, 1, 0, -1, -8, -7, -2, -4, -7, -2, -4, 1, -4, 1, -7, -8, -1, -8, -7, -2, 0, -6, 1, 4, -3]
 
1.0436945263329787: [4, -7, 3, 1, 1, -7, -7, -8, 3, -7, -3, -6, 2, -6, -5, 2, 4, -8, -4, 2, -3, -1, -3, 1, -6, -8, -7, 1, 1, 1, -6, -1, -3, -3, 1, -7, 1, -5, 2, -3, -6, -7, -6, 1, -1, -5, -2, -4, -3, -4, -1, 1, -1, -1, -1, 0, -3, -4, -3, 3, -4, -4, -7, -4, -7, -7, 2, -8, -3, -2, -1, -5, -7, 4, -6, 2, 3, -1, 3, -5, 0, 3, 4, -8, 3, -7, -5, 4, -5, 3, 0, 4, -1, 2, -2, 0, 1, 4, 1, 2, -3, -6, 2, 1, -5, -3, 0, -8, -4, -7, 2, -2, 2, 3, -7, -2, 3, -7, 0, -5, -1, -6, -6, -7, -6, 1, -4, -5]
 
1.5232753865964903: [4, -3, 2, -5, 1, -2, -1, -2, 3, -7, 0, -1, -3, 1, -8, 1, 4, -1, 0, 3, -5, -1, 3, 3, 1, -4, -5, 1, 3, -6, -2, -5, -1, 1, -6, -6, -5, -5, 3, 0, -6, 3, -6, 1, -7, -8, 0, -5, -3, 1, -1, -3, -1, -5, -1, -2, 0, -4, -4, -2, -8, -1, 4, -2, -5, -5, -7, -6, 1, -2, -4, -5, -1, 2, -5, -3, -4, -4, 0, 4, -8, 2, 3, -8, 3, 1, -1, 1, 1, -7, 2, 0, -1, -7, 3, 2, -7, -3, 1, -6, 1, -6, -7, -3, -5, -6, 0, -8, -4, -7, 0, 3, -6, 3, -6, -4, 4, -5, -3, -5, -2, -7, -7, -3, -1, -8, -2, 1]
 
2.5726214676600785: [-7, -7, 3, -4, 1, 4, 4, -8, 3, -2, 0, -6, -6, 1, 0, 2, 4, -2, 0, 2, -3, -3, -4, 1, -3, -8, -2, 1, 1, 1, -6, 2, -3, -3, 1, -7, -3, -5, 1, -3, -6, -7, -6, 1, -1, -1, -2, -5, -3, 2, -4, -5, -1, -1, -1, 0, -3, -4, -1, -3, -4, -4, -7, -4, -7, -7, 2, 0, -3, -2, -1, 0, -8, 4, -6, -8, -2, -1, 3, -8, -1, -2, 4, -8, 3, -6, -5, -1, -5, 2, -2, -7, -1, -8, 2, 0, 1, -8, 1, 2, 2, -6, -1, 0, -1, -6, 0, 3, -2, -8, 4, 3, -4, 2, -3, -2, -8, 4, -7, 0, 2, -8, 2, -3, 2, -2, 4, -2]
 
1.9425345345022615: [-7, -7, 3, -4, 1, 4, 4, -8, 3, -2, 0, -6, -6, 1, 0, 2, 4, -2, 0, 2, -3, -3, -4, 1, -3, -8, -2, 1, 1, 1, -6, 2, 4, 1, -2, -4, 1, 4, 0, 4, 3, -8, -8, 1, -1, -2, -4, 1, 3, 1, -1, -3, 1, 1, -1, -5, 3, -6, 0, 2, -8, -6, -4, -2, -5, 3, -4, -6, 2, 1, -4, -5, -1, -8, 4, -3, -8, -4, 3, 4, -1, 2, 3, -8, 3, 1, -1, 1, 1, -7, 2, -5, -1, -7, 3, 4, -4, -3, 1, -7, 1, -6, -7, -3, -5, -6, 0, -8, 1, -7, 2, 3, -2, 3, -7, -2, -8, 4, 0, 0, -5, -8, -7, -3, -8, -4, -3, 1]
 
2.1688601190696333: [-7, 0, -4, -7, 1, -1, -6, -8, -8, -4, 0, 1, 2, -5, -3, 2, 4, -6, 0, 2, -3, -1, -4, 1, -8, -8, -7, 3, -2, -6, 1, -1, 4, 1, -2, -4, -7, 1, -6, 0, 4, 2, 4, -3, -5, -8, 0, -7, -3, 1, -1, -3, 3, -3, -1, -5, 3, -6, 0, 2, -8, -6, -4, -2, -5, 3, -4, -6, 2, 1, -4, -5, -1, -8, 4, -3, -8, -4, 3, 4, -1, 2, 3, -8, 3, 1, -5, -1, -5, 2, 0, -5, -1, 1, 2, 0, 1, -8, 1, -7, 1, -6, -7, 4, -5, -6, 0, -8, 1, -7, 2, 3, -6, 3, -7, -2, -8, 4, 0, 0, -5, -8, -7, -3, -8, -4, -3, 1]
 
2.597276518792701: [4, -7, 3, -4, 1, -1, 2, -8, 3, 2, 0, -6, 2, 1, 0, 2, 4, -8, -1, 2, -3, -1, -4, 1, -8, -8, -3, 1, 1, 1, -6, -1, -3, -3, 1, -7, -4, -5, 1, -3, -6, -7, -6, 1, -1, 2, -2, -5, -3, 1, -1, -5, -1, -1, -1, 0, -3, -4, -7, 3, -4, -4, -7, -4, -7, -7, 2, 0, -3, -2, -1, -5, -7, 4, -6, -2, -2, -1, 3, 4, -1, -2, 4, -8, 3, 1, -5, -1, -5, 2, 0, -5, -1, 1, 2, 0, 1, -8, 1, 2, 2, -6, -1, 1, -5, -6, 4, -8, -2, -8, -1, 3, -4, 2, -8, -2, -8, 4, 3, 0, 2, -2, -6, -6, 4, 1, -4, -5]
 
1.214808396199781: [4, -1, -5, -4, 0, -4, -6, -6, 3, 2, -8, -6, 2, 1, -7, 2, -8, 3, 0, 2, -3, -1, -4, 1, -8, -8, -3, 1, 1, 1, -6, -1, -3, -7, 1, -8, -7, 1, -6, 0, 4, 2, 4, -3, -5, -8, 0, -7, -3, 1, -1, -3, 1, 1, -1, -6, -6, 0, 1, -6, -4, -4, -7, -4, -7, 0, 2, -4, -3, -2, -1, -4, -3, 2, -6, -5, 4, -2, 3, 4, -1, 3, 3, -8, 3, 1, 2, -5, -2, 2, -6, -5, -1, 1, 3, 0, 3, -8, 1, -7, 1, -6, -7, 4, -5, -6, 0, -8, 1, -7, 2, 3, -6, 3, -2, -2, -8, -7, 0, -5, -1, -2, -6, -6, 4, 1, -4, -5]
 
1.4675689506211747: [-2, -6, -6, -7, -6, 0, -2, -2, -4, -8, -6, 3, 1, -4, -4, -1, -2, -2, -5, -6, 3, -5, -4, 0, -3, -2, -6, -1, 3, -6, -2, -5, 4, 3, 2, -6, -5, -5, 3, 0, -6, -7, -6, 1, -5, -8, -2, -5, -3, 1, -1, -3, -1, -5, -1, -2, 0, -4, -7, -2, -8, -1, -4, -2, -5, 3, -4, -6, 2, 1, -4, -5, -1, -8, 4, -3, -8, -4, 3, 4, -1, 2, 3, -8, 3, 1, -1, 1, 1, -7, 2, -5, -1, -7, 3, 4, -4, -3, 1, -7, 1, -6, -7, -3, -5, -6, 0, -8, 1, -7, 2, 3, -2, 3, -2, -2, -8, -7, 0, -5, -1, -2, -6, -6, 4, 1, -4, -5]
 
2.7210302741402295: [4, -7, 3, -5, 1, -7, -7, -8, 3, -7, -3, -6, 2, -6, -5, 2, 4, -8, 0, -6, -3, -1, -4, -1, -8, -8, -3, -3, -5, 1, -6, -7, -5, -1, 0, -7, -4, -5, 1, -6, -6, -1, -1, -8, -1, 0, 4, -8, -3, 1, 3, -4, -1, -5, -1, 0, 1, 2, -7, 3, -4, -2, -7, -2, -8, -7, -7, 0, -3, -2, -1, -7, 3, 2, 2, -5, 0, -2, 3, 4, -1, 2, 3, -8, 3, 1, -1, 1, 1, -7, 2, -5, -1, -7, 3, 4, -4, -3, 1, -7, 1, -6, -7, -3, -5, -6, 0, -8, 1, -7, 2, 3, -2, 3, -7, -2, -8, 4, 0, 0, -5, -8, -7, -3, -8, -4, -3, 1]
 
1.6071478085870972: [-7, -8, 3, 2, 3, -5, -2, -6, -2, -7, -2, -6, -3, -2, 4, -7, -4, 3, 1, -7, -1, -1, -4, 4, -8, -5, -7, 3, -2, -6, 1, -1, -3, -3, 1, -7, -3, -5, 1, -3, -6, -7, -6, 1, -1, -1, -2, -5, -3, 2, -4, -5, -1, -1, -1, 0, -3, -4, -1, -3, -4, -4, -7, -4, -7, -7, 2, 0, -3, -2, -1, 0, -8, 4, -6, -8, -2, -1, 3, -8, -1, -2, 4, -8, 3, -6, -5, -1, -5, 2, -2, -7, -1, -8, 2, 0, 1, -8, 1, 2, 2, -6, -1, 0, -1, -6, 0, 3, -2, -8, 4, 3, -4, 2, -3, -2, -8, 4, -7, 0, 2, -8, 2, -3, 2, -2, 4, -2]
 
1.4146419414515727: [-7, -7, 3, -4, 1, -1, 2, -8, 3, -7, -4, -6, -3, -1, 4, -7, -4, 3, -5, -8, -1, -1, -4, -4, -7, -3, -7, 3, -2, -6, 1, -1, 4, 1, -2, -4, 1, 4, 0, 4, 3, -8, -8, 1, -1, -2, -4, 1, 3, 1, -1, -3, 3, -3, -1, -6, -6, 0, 1, -2, -8, -1, -8, -2, -5, -7, -7, -6, 2, -2, -4, -5, -1, 2, 4, -3, -8, -4, 3, 4, -1, 2, 3, -8, 3, 1, -1, 1, 1, -7, 2, -5, -1, -7, 3, 4, -4, -3, 1, -7, 1, -6, -7, -3, -5, -6, 0, -8, -4, -7, 2, 3, -6, 3, -2, -2, -8, -7, 0, -5, -1, -8, 2, -3, 2, -4, -3, 1]
 
2.551698757797463: [4, -7, 3, -5, 1, -7, -7, -8, 3, -7, 0, -1, -3, 1, 3, 1, 4, -1, 0, 3, -5, -1, 3, 3, -3, -4, -5, -1, 3, -6, -2, -5, 4, 3, 2, -6, -5, -5, 3, 0, -6, -7, -6, 1, -5, -8, -2, -5, -3, 1, -1, -3, -1, -5, -1, -2, 0, -4, -7, -2, -8, -1, -4, -2, -5, 3, -4, -6, 2, 1, -4, -5, -1, -8, 4, -3, -8, -4, 3, 4, -1, 2, 3, -8, 3, 1, -1, 1, 1, -7, 2, -5, -1, -7, 3, 4, -4, -3, 1, -7, 1, -6, -7, -3, -5, -6, 0, -8, 1, -7, 2, 3, -2, 3, -7, -2, -8, 4, 0, 0, -5, -8, -7, -3, -8, -4, -3, 1]
 
0.9755572863865327: [4, 4, 3, -4, -8, -3, 2, -8, 3, -3, 0, -6, 2, 4, 0, 2, 4, -2, -2, 2, -6, -4, -4, 1, -8, -8, 0, -2, -7, 1, -7, -1, -3, -3, 1, -7, 0, -2, 1, -1, -6, 2, -1, 1, -1, 1, -3, -5, -8, 1, -7, -5, -8, 1, -8, -7, 3, -5, -1, 2, -7, -5, 4, -2, 0, -7, -3, -3, -8, -5, 1, -5, 1, 4, -6, -2, 4, -3, 3, -7, -7, 2, 3, -8, 3, -7, -1, 1, 4, -2, 0, -4, -2, -7, 3, 2, 3, 0, -7, -2, 1, -6, -4, -3, -5, -6, 0, -1, 1, -7, 2, 3, -6, -3, -4, -2, 2, -6, 0, -7, -1, -2, 1, -8, 4, 1, -6, -5]
 
3.733492046351821: [1, -4, 3, -4, 1, -1, -2, -6, 3, -7, -4, -6, -3, -1, 4, 2, 4, -8, 0, 2, -3, -1, -4, 1, -8, -8, -3, 1, 1, 1, -6, -1, -3, -3, 1, -7, -4, -5, 1, -3, -6, -7, -6, 1, -1, 2, -2, -5, -1, 4, -2, -5, -8, 1, -8, 4, 3, -3, 3, 2, -7, -5, 4, -2, 0, -7, -4, -3, -8, -2, 1, -5, -7, 4, -6, -2, -8, -4, 3, 4, -1, 2, 3, -8, 3, 1, -1, 1, 1, -7, 2, -5, -1, -7, 3, 4, -4, -3, 1, -7, 1, -6, -7, -3, -5, -6, 0, -8, 1, -7, 2, 3, -2, 3, -7, -2, -8, 4, 0, 0, -5, -8, -7, -3, -8, -4, -3, 1]
 
2.3552576519585267: [4, -7, 3, -5, 1, -7, -7, -8, 3, -7, 0, -1, -3, 1, 3, 1, 4, -1, 0, 3, -5, -1, 3, 3, -3, -4, -5, -4, -3, 2, 4, 3, 2, -8, -1, -2, 4, -8, 4, 1, -4, 2, 4, 0, -4, 2, 2, 1, -2, -6, 1, 1, -1, -5, -1, -2, 0, -4, -7, -2, -8, -1, -4, -2, -5, 3, -4, -6, 2, 1, -4, -5, -1, -8, 4, -3, -8, -4, 3, 4, -1, 2, 3, -8, 3, 1, -1, 1, 1, -7, 2, -5, -1, -7, 3, 4, -4, -3, 1, -7, 1, -6, -7, -3, -5, -6, 0, -8, 1, -7, 2, 3, -2, 3, -7, -2, -8, 4, 0, 0, -5, -8, -7, -3, -8, -4, -3, 1]
 
0.655002789087: [3, -7, 3, -5, -2, -7, -7, -8, -4, -7, 0, -1, -3, 1, 3, 1, 4, -1, 1, 0, -5, -1, -4, -1, 3, -4, -5, -1, 3, -6, -2, -5, 4, -1, 2, -6, -5, -5, 3, -7, -6, -7, -6, 1, -5, -8, -2, -5, -3, -7, -1, -3, -1, -5, -1, -2, 0, -4, -7, -4, -8, -1, -4, -4, 2, 3, -5, -1, -2, 1, -4, -5, -1, -8, 4, -3, -8, -4, 0, 4, -1, 2, 3, -8, 3, 1, -1, 1, 1, -7, 2, -5, -1, -1, 3, 4, -4, -3, 1, -7, 1, -6, -7, -3, -1, -7, 0, -8, 1, -7, 3, -6, -3, 3, -7, -2, -8, -8, 0, 0, -5, -8, -4, -3, -8, 0, -8, 1]
 
1.310345939281385: [4, -7, -7, -5, -2, 2, -5, -6, 3, -7, 4, -1, 4, 1, 4, 0, -4, 3, -5, -8, 3, -1, -4, -4, -7, -3, -7, 3, -2, -6, 1, -1, 4, 1, -2, -4, 1, 4, 0, -3, -7, -7, -6, 1, -1, 2, -2, -5, -1, 4, -2, -5, -8, 1, -8, 4, 3, -3, 3, 2, -7, -5, 4, -2, 0, -7, -5, -3, -8, -2, 1, -5, -7, 4, -6, -2, -8, -4, 3, -4, -1, 2, -7, 2, 3, 0, -1, -1, -8, 2, -4, -5, -1, 1, 3, 0, -6, -1, 1, -8, 1, 2, -7, 0, -3, -6, 0, -8, 0, -7, 2, -4, 0, 0, -2, -4, -8, -7, 0, -5, 2, -8, 2, -3, 2, -7, -3, 1]
 
2.29419366165: [4, -7, 3, -4, 1, -1, 2, -8, 3, -3, 0, -6, 2, 1, 0, 2, 4, -8, 0, 2, -3, -7, 2, 1, -8, -8, -8, 1, 1, 1, -4, -1, 0, -7, 1, -8, 4, 1, -6, 0, 4, 3, 4, -8, 0, -8, 0, -7, -3, 1, -4, -3, 1, -6, -1, -5, 3, -6, 0, 2, -8, -6, 2, -4, -5, -7, -5, -6, 2, -2, -4, -5, -1, -7, 4, -3, -8, -4, 1, 4, 4, 2, 3, -8, -5, 3, -1, 3, 0, -7, 2, -5, -2, -1, -4, -1, -1, 4, -4, -7, 1, -6, -7, -3, -5, -6, 0, -8, -4, -7, 2, 3, 2, 3, -6, -4, 4, -5, -5, -2, -2, -7, -7, 2, -1, -4, -3, 1]
 
3.752257747799378: [-7, -7, 3, -4, 1, -1, 2, -8, 3, 2, 0, -6, 2, 1, 0, 2, 4, -8, 0, 2, -3, -1, -4, 1, -8, -8, -3, 1, 1, 1, -6, -1, -3, -3, 1, -7, -4, -5, 1, -3, -6, -7, -6, 1, -1, 2, -2, -5, -1, 4, -2, -5, -8, 1, -8, 4, 3, -3, 3, 2, -7, -5, 4, -2, 0, -7, -4, -3, -8, -2, 1, -5, -7, 4, -6, -2, -8, -4, 3, 4, -1, 2, 3, -8, 3, 1, -1, 1, 1, -7, 2, -5, -1, -7, 3, 4, -4, -3, 1, -7, 1, -6, -7, -3, -5, -6, 0, -8, 1, -7, 2, 3, -2, 3, -7, -2, -8, 4, 0, 0, -5, -8, -7, -3, -8, -4, -3, 1]
 
3.903302503797499: [4, -7, 3, -4, 1, -1, 2, -8, 3, 2, 0, -6, 2, 1, 0, 2, 4, -8, 0, 2, -3, -1, -4, 1, -8, -8, -3, 1, 1, 1, -6, -1, -3, -3, 1, -7, -4, -5, 1, -3, -6, -7, -6, 1, -1, 2, -2, -5, -3, 1, -1, -5, -1, -1, -1, 0, -3, -4, -7, 3, -4, -4, -7, -4, -7, -7, 2, 0, -3, -2, -1, -5, -7, 4, -6, -2, -2, -1, 3, 4, -1, -2, 4, -8, 3, 1, -5, -1, -5, 2, 0, -5, -1, 1, 2, 0, 1, -8, 1, 2, 2, -6, -1, 1, -5, -3, 0, -8, -4, -7, 2, 3, 0, 3, -7, -2, -8, -7, 0, -5, -1, -6, -6, -6, 4, 1, -4, -5]
 
3.0139837790222126: [-7, -7, 3, -4, 1, -1, 2, -8, 3, 2, 0, -6, 2, 1, 0, 2, 4, -8, 0, 2, -3, -1, -4, 1, -8, -8, -3, 1, 1, 1, -6, -1, -3, -3, 1, -7, -4, -5, 1, -3, -6, -7, -6, 1, -1, 2, -2, -5, -3, 1, -1, -5, -1, -1, -1, 0, -3, -4, -7, 3, -4, -4, -7, -4, -7, -7, 2, 0, -3, -2, -1, -5, -7, 4, -6, -2, -2, -1, 3, 4, -1, -2, 4, -8, 3, 1, -5, -1, -5, 2, 0, -5, -1, 1, 2, 0, 1, -8, 1, 2, 2, -6, -1, 1, -5, -6, 4, -8, -2, -7, 2, 3, -6, 3, -2, -2, -8, -7, 0, -5, -1, -2, -6, -6, 4, 1, -4, -5]
 
1.29544836776: [4, -7, 3, -5, 1, -7, -7, -8, 3, -7, -3, -6, 2, -6, -5, 2, 4, -8, 0, -6, -3, -1, -4, -1, -8, -8, -3, -3, -5, 1, -6, -7, -5, -1, 0, -7, -4, -5, 1, -6, -6, -1, -1, -8, -1, 0, 4, -8, -3, 1, 3, -4, -1, -5, -1, 0, 1, 2, -7, 3, -4, -2, -7, -2, -8, -7, -7, 0, -3, -2, -1, -7, 3, 2, 2, -5, 0, -2, 3, 4, -1, 2, 3, -8, 3, 1, -1, 1, 1, -7, 2, -5, -1, -7, 3, 4, -4, -3, 1, -7, 1, -6, -7, -3, -5, -6, 0, -8, -4, -7, 2, 3, -6, 3, -2, -2, -8, -7, 0, -5, -1, -8, 2, -3, 2, -4, -3, 1]
 
0.563229751633: [0, 3, -7, -4, -1, 0, 3, 4, -1, 4, 0, -2, -5, 0, -8, -2, 4, -5, -7, -7, -5, 4, -4, -6, 3, -1, -1, -8, -3, -8, 2, -8, -4, -5, -6, -7, -3, 3, 1, 2, -5, -5, -8, -4, -6, -1, -8, -1, -2, 3, -8, 4, -2, -5, 4, 3, -6, -1, -5, -7, -7, -4, 0, -3, -8, -4, -1, -1, 2, -1, 2, -4, 4, 4, 4, 0, -8, 3, 2, 1, -6, -7, -4, -3, 0, -7, -1, -6, 1, -8, 1, -1, 3, -8, 3, -3, -3, 4, -8, 3, -2, -8, 4, -5, -7, -8, -6, 2, -2, -2, -1, 4, 1, -7, 4, -4, 1, -3, -7, -1, -2, -2, 1, -5, -1, -6, 2, 2]
 
2.40979832018: [0, 3, -7, -4, 1, -1, -6, -8, -8, -4, 0, 1, 2, -5, -3, 2, 4, -6, 0, 2, -3, -1, -4, 1, -8, -8, -7, 3, -2, -6, 1, -1, 4, 1, -2, -4, -7, 1, -6, 0, 4, 2, 4, -3, -5, -8, 0, -7, -3, 1, -1, -3, 3, -3, -1, -5, 3, -6, 0, 2, -8, -6, -4, -2, -5, 3, -4, -6, 2, 1, -4, -5, -1, -8, 4, -3, -8, -4, 3, 4, -1, 2, 3, -8, 3, 1, -5, -1, -5, 2, 0, -5, -1, 1, 2, 0, 1, -8, 1, -7, 1, -6, -7, 4, -5, -6, 0, -8, 1, -7, 2, 3, -6, 3, -7, -2, -8, 4, 0, 0, -5, -8, -7, -3, -8, -4, -3, 1]
 
1.53601082478: [-7, -4, -4, 0, -1, -8, 3, 4, -1, 4, 0, -2, 1, 0, -8, -1, 4, -8, 2, -4, -5, 4, -3, -6, 3, 4, 3, -8, 4, -5, 2, 4, -4, -3, -5, 4, -1, -6, 1, 2, -5, -1, -8, -4, -5, -1, -8, -8, 2, -2, -6, 4, -2, 4, -8, -5, -6, -1, -8, -2, -7, -4, 0, -3, -8, -6, -1, -1, 2, -1, 0, 0, 1, 4, -6, 3, 1, 3, 2, 1, -6, -4, -4, 0, 0, -7, -1, -6, 3, -3, 1, -1, 3, -7, 3, -3, -3, 4, 1, 4, 3, -8, 4, -5, -7, -8, -7, 4, -1, -1, -1, 1, -5, -7, 2, -4, -7, 2, -7, -1, -2, -2, 1, -5, -1, -6, -7, -5]
 
3.00098097626: [4, -7, 3, 1, 1, -7, -7, -8, 3, -7, -3, -6, 2, -6, -5, 2, 4, -8, -4, 2, -3, -1, -3, 1, -6, -8, -3, 1, 1, 1, -6, -1, -3, -3, 1, -7, -4, -5, 1, -3, -6, -7, -6, 1, -1, 2, -2, -5, -3, 1, -1, -5, -1, -1, -1, 0, -3, -4, -7, 3, -4, -4, -7, -4, -7, -7, 2, 0, -3, -2, -1, -5, -7, 4, -6, -2, -2, -1, 3, 4, -1, -2, 4, -8, 3, 1, -5, -1, -5, 2, 0, -5, -1, 1, 2, 0, 1, -8, 1, 2, 2, -6, -1, 1, -5, -6, 4, -8, -2, -7, 2, 3, -6, 3, -2, -2, -8, -7, 0, -5, -1, -2, -6, -6, 4, 1, -4, -5]
 
1.2374100257: [-7, -7, 3, -4, 1, -1, 2, -8, 3, 2, 0, -6, 2, 1, 0, 2, 4, -8, 0, 2, -3, -1, -4, 1, -8, -8, -7, 1, 1, 1, -6, -1, -3, -3, 1, -7, 1, -5, 2, -3, -6, -7, -6, 1, -1, -5, -2, -4, -3, -4, -1, 1, -1, -1, -1, 0, -3, -4, -3, 3, -4, -4, -7, -4, -7, -7, 2, -8, -3, -2, -1, -5, -7, 4, -6, 2, 3, -1, 3, -5, 0, 3, 4, -8, 3, -7, -5, 4, -5, 3, 0, 4, -1, 2, -2, 0, 1, 4, 1, 2, -3, -6, 2, 1, -5, -3, 0, -8, -4, -7, 2, -2, 2, 3, -7, -2, 3, -7, 0, -5, -1, -6, -6, -7, -6, 1, -4, -5]
 
0.950288027661: [-2, -6, -6, -7, -6, 0, -2, -2, -4, -8, -6, 3, 1, -4, -4, -1, -2, -2, -5, -6, 3, -5, -4, 0, -3, -2, -6, -1, 3, -6, -2, -5, 4, 3, 2, -6, -5, -5, 3, 0, -6, -7, -6, 1, -5, -8, -2, -5, -3, 1, -1, -3, -1, -5, -1, -2, 0, -4, -7, -7, -7, -4, 0, -3, -8, -4, -1, -1, 2, -1, 2, -4, 4, 4, 4, 0, -8, 3, 2, 1, -6, -7, -4, -3, 0, -7, -1, -6, 1, -8, 1, -1, 3, -8, 3, -3, -3, 4, -8, 3, -2, -8, 4, -5, -7, -8, -6, 2, -2, -2, -1, 4, 1, -7, 4, -4, 1, -3, -7, -1, -2, -2, 1, -5, -1, -6, 2, 2]
 
0.758629169404: [-7, 0, -4, 3, -1, 0, 3, -5, -8, -6, -1, -5, -5, 0, -8, -2, 4, -5, -7, -7, -5, -2, -4, -6, 3, -1, -1, 2, -3, -6, -8, -8, -4, 0, -6, -7, -3, 3, 1, 2, -2, -5, -8, -4, -6, -1, -8, 0, -2, 3, -8, 4, -1, -5, 4, 3, -6, -1, -5, 2, -8, -1, -4, -2, -5, -7, -4, -6, -5, 1, -4, -5, -1, 4, 4, -6, -8, -4, 3, 4, -1, 2, -6, -8, 3, 1, -1, 3, -1, -7, 2, -5, -1, -7, 3, -7, -4, -6, 1, -7, -4, -3, -7, -3, -5, 4, 0, -8, 1, -7, -5, 3, -2, 3, -2, -2, 4, -7, 0, -5, -3, -2, -6, -6, -4, 1, -4, -5]
 
1.30376940785: [-2, -6, -6, 0, -6, 0, -2, -1, -4, -8, -1, 3, 1, -4, -6, -1, -2, -7, -5, -6, 3, -5, -4, 4, -3, -2, -6, -1, -2, -6, 3, -5, 1, 3, 2, -6, -5, -3, 3, 0, -6, -7, -6, 1, 3, -1, -2, -5, -3, -2, -1, -3, 1, -5, -1, -8, 0, -4, -7, -8, 2, -4, -7, -3, -8, -7, -1, -1, 2, -2, 2, -4, 4, 4, 4, 2, -3, 3, 2, 1, -3, -7, -4, -3, 0, -6, -1, -6, 1, -8, 3, -1, 3, 1, 3, -3, 4, 4, -8, 3, -2, -8, 4, -7, -7, -8, -6, 2, -2, -4, -2, 4, 1, 0, 4, -4, 1, -3, -7, -1, -2, -2, 1, -5, -1, -6, -3, -5]
 
2.63433669508: [-7, -7, 3, -4, 1, -1, 2, -8, 3, 2, 0, -6, 2, 1, 0, 2, 4, -8, 0, 2, -3, -1, -4, 1, -8, -8, -3, 1, 1, 1, -6, -1, -3, -3, 1, -7, -4, -5, 1, -3, -6, -7, -6, 1, -1, 2, -2, -5, -3, 1, -1, -5, -1, -1, -1, 0, -3, -4, -7, 3, -4, -4, -7, -4, -7, -7, 2, 0, -3, -2, -1, -5, -7, 4, -6, -2, -2, -1, 3, 4, -1, -2, 4, -8, 3, 1, -5, -1, -5, 2, 0, -5, -1, 1, 2, 0, 1, -8, 1, 2, 2, -6, -1, 1, -5, -6, 4, -8, -2, -7, 2, 3, -6, 3, -2, -2, -8, -7, 0, -5, -1, -2, -6, -6, 4, 1, -4, 2]
 
1.09157301957: [-7, -8, 3, 2, 3, -5, -2, -6, -2, -7, -2, -6, -3, -2, 4, -7, -4, 3, 1, -7, -1, -1, -4, 4, -8, -5, -7, 3, -2, -6, 1, -1, -3, -3, 1, -7, -3, -5, 1, -3, -6, -7, -6, 1, -1, -1, -2, -5, -3, 2, -4, -5, -1, -1, -1, 0, -3, -4, -1, -3, -4, -4, -7, -4, -7, -7, 2, 0, -3, -2, -1, 0, -8, 4, -6, -8, -2, -1, 3, -8, -1, -2, 4, -8, 3, -6, -5, -1, -5, 2, -2, -7, -1, -8, 2, 0, 1, -8, 1, 2, -3, -6, 2, 1, -5, -3, 0, -8, -4, -7, 2, -2, 2, 3, -7, -2, 3, -7, 0, -5, -1, -6, -6, -7, -6, 1, -4, -5]
 
1.76054223001: [4, -7, 3, 1, 1, -7, -7, -8, 3, -7, -3, -6, 2, -6, -5, 2, 4, -8, -4, 2, -3, -1, -3, 1, -6, -8, -7, 1, 1, 1, -6, -1, -3, -3, 1, -7, 1, -5, 2, -3, -6, -7, -6, 1, -1, -5, -2, -4, -3, -4, -1, 1, -1, -1, -1, 0, -3, -4, -3, 3, -4, -4, -7, -4, -7, -7, 2, -8, -3, -2, -1, -5, -7, 4, -6, 2, 3, -1, 3, -5, 0, 3, 4, -8, 3, -7, -5, 4, -5, 3, 0, 4, -1, 2, -2, 0, 1, 4, 1, 2, 2, -6, -1, 0, -1, -6, 0, 3, -2, -8, 4, 3, -4, 2, -3, -2, -8, 4, -7, 0, 2, -8, 2, -3, 2, -2, 4, -2]
 
0.413803875337: [4, -5, 3, 3, -1, -7, -7, 4, -3, -7, 0, 4, -3, 1, 3, -4, -4, 3, -5, -8, 4, -1, -4, -4, -7, -3, -7, 3, -2, -6, -2, -1, 4, 1, -2, -4, 1, 4, 0, -4, -7, -7, 2, 1, -1, 2, -2, -5, -1, -8, 0, -5, -8, 1, -8, 4, 3, -5, 2, 2, -7, 3, 4, -2, 0, -7, -5, -3, -4, -2, 1, -5, -7, 4, -6, -2, -7, -3, 3, 2, -1, 2, -7, 2, 3, 0, -3, -1, -8, 2, -7, -1, -1, 1, 3, -2, -6, -1, 1, -8, -2, -4, -7, 0, -3, -6, 0, -8, 0, 3, 2, -4, -4, 0, -1, -4, -8, -7, 0, -5, 2, -8, 2, -3, 2, -7, -3, -7]
 
1.88558777705: [4, -7, -7, -5, -2, 2, -5, -6, 3, -7, 4, -1, 4, 1, 4, 1, 4, -1, 0, 3, -5, -1, 3, 3, -3, -4, -5, -4, -3, 2, 4, 3, 2, -8, -1, -2, 4, -8, 4, 1, -4, 2, 4, 0, -4, 2, 2, 1, -2, -6, 1, 1, -1, -5, -1, -2, 0, -4, -7, -2, -8, -1, -4, -2, -5, 3, -4, -6, 2, 1, -4, -5, -1, -8, 4, -3, -8, -4, 3, 4, -1, 2, 3, -8, 3, 1, -1, 1, 1, -7, 2, -5, -1, -7, 3, 4, -4, -3, 1, -7, 1, -6, -7, -3, -5, -6, 0, -8, 1, -7, 2, 3, -2, 3, -7, -2, -8, 4, 0, 0, -5, -8, -7, -3, -8, -4, -3, 1]
 
2.53643850623: [-7, -8, 3, 2, 3, -5, -2, -6, -2, -7, -2, -6, -3, -2, 4, -7, -4, 3, 1, -7, -1, -1, -4, 4, -8, -5, -7, 3, -2, -6, 1, -1, -3, -3, 0, -7, -4, -5, 1, -6, -6, -1, -1, -8, -1, 0, 4, -8, -3, 1, 3, -4, -1, -5, -1, 0, 1, 2, -7, 3, -4, -2, -7, -2, -8, -7, -7, 0, -3, -2, -1, -7, 3, 2, 2, -5, 0, -2, 3, 4, -1, 2, 3, -8, 3, 1, -1, 1, 1, -7, 2, -5, -1, -7, 3, 4, -4, -3, 1, -7, 1, -6, -7, -3, -5, -6, 0, -8, -4, -7, 2, 3, -6, 3, -2, -2, -8, -7, 0, -5, -1, -8, 2, -3, 2, -4, -3, 1]
 
0.918570707616: [-7, -7, 3, -5, 1, -7, -7, -8, 3, -2, -3, -6, 2, -8, -3, 2, 4, -8, 0, -3, -3, -5, -4, -1, -8, -8, -3, -3, -5, 1, -2, 2, -1, -1, 1, -7, -3, -5, 1, 0, -6, -7, -6, 1, -1, -1, -2, -5, -8, 2, -4, -5, -1, -1, -1, -5, -3, -4, -1, 2, -4, -4, -7, -4, -6, -7, -8, 0, -3, -2, -1, 0, -8, 4, -8, -8, -2, -1, 3, -8, -1, -2, 4, 0, -1, -6, -5, -1, -5, 2, 3, -7, -1, -8, 2, 0, -3, -8, 1, 2, -7, 1, 2, 1, -5, -5, -4, -8, -4, -7, 2, -7, 2, 3, -7, -2, 3, -8, 0, -2, -1, -6, -1, -7, -7, 1, -4, 0]
 
2.75114725428: [-7, -7, 3, -4, 1, -1, 2, -8, 3, 2, 0, -6, 2, 1, 0, 2, 4, -8, 0, 2, -3, -1, -4, 1, -8, -8, -3, 1, 1, 1, -6, -1, -3, -3, 1, -7, -4, -5, 1, -3, 3, -8, -8, 1, -1, -2, -4, 1, 3, 1, -1, -3, 1, 1, -1, -5, 3, -6, 0, 2, -8, -6, -4, -2, -5, 3, -4, -6, 2, 1, -4, -5, -1, -8, 4, -3, -8, -4, 3, 4, -1, 2, 3, -8, 3, 1, -1, 1, 1, -7, 2, -5, -1, -7, 3, 4, -4, -3, 1, -7, 1, -6, -7, -3, -5, -6, 0, -8, 1, -7, 2, 3, -2, 3, -7, -2, -8, 4, 0, 0, -5, -8, -7, -3, -8, -4, -3, 1]
 
2.75568014223: [-7, -7, 3, -4, 1, 4, 4, -8, 3, -2, 0, -6, -6, 1, 0, 2, 4, -2, 0, 2, -3, -3, -4, 1, -3, -8, -2, 1, 1, 1, -6, 2, 4, 1, -2, -4, 1, 4, 0, 4, -6, -7, -6, 1, -1, 2, -2, -5, -1, 4, -2, -5, -8, 1, -8, 4, 3, -3, 3, 2, -7, -5, 4, -2, 0, -7, -4, -3, -8, -2, 1, -5, -7, 4, -6, -2, -8, -4, 3, 4, -1, 2, 3, -8, 3, 1, -1, 1, 1, -7, 2, -5, -1, -7, 3, 4, -4, -3, 1, -7, 1, -6, -7, -3, -5, -6, 0, -8, 1, -7, 2, 3, -2, 3, -7, -2, -8, 4, 0, 0, -5, -8, -7, -3, -8, -4, -3, 1]
 
2.38395010854: [-7, -7, 3, -4, 1, -1, 2, -8, 3, 2, 0, -6, 2, 1, 0, 2, 4, -8, 0, 2, -3, -1, -4, 1, -8, -8, -3, 1, 1, 1, -6, -1, -3, -3, 1, -7, -4, -5, 1, -3, -6, -7, -6, 1, -1, 2, -2, -5, -3, 1, -1, -5, -1, -1, -1, 0, -3, -4, -7, -2, -8, -1, -4, -2, -5, 3, -4, -6, 2, 1, -4, -5, -1, -8, 4, -3, -8, -4, 3, 4, -1, 2, 3, -8, 3, 1, -1, 1, 1, -7, 2, -5, -1, -7, 3, 4, -4, -3, 1, -7, 1, -6, -7, -3, -5, -6, 0, -8, 1, -7, 2, 3, -2, 3, -2, -2, -8, -7, 0, -5, -1, -2, -6, -6, 4, 1, -4, -5]
 
3.08531725951: [-2, -6, -6, -7, -6, 0, -2, -2, -4, -8, -6, 3, 1, -4, -4, -1, -2, -2, -5, -6, 3, -5, -4, 0, -3, -2, -6, -1, 3, -6, -2, -5, 4, 3, 2, -6, -5, -5, 3, 0, -6, -7, -6, 1, -5, -8, -2, -5, -3, 1, -1, -3, -1, -5, -1, -2, 0, -4, -7, 3, -4, -4, -7, -4, -7, -7, 2, 0, -3, -2, -1, -5, -7, 4, -6, -2, -2, -1, 3, 4, -1, -2, 4, -8, 3, 1, -5, -1, -5, 2, 0, -5, -1, 1, 2, 0, 1, -8, 1, 2, 2, -6, -1, 1, -5, -3, 0, -8, -4, -7, 2, 3, 0, 3, -7, -2, -8, -7, 0, -5, -1, -6, -6, -6, 4, 1, -4, -5]
 
0.624221325493: [-7, -7, 3, -4, 1, -1, 2, -8, 3, -7, -4, -6, -3, -1, 4, -7, -4, 3, -5, -8, 3, -1, -4, -4, -7, -3, -7, 3, -2, -6, 1, -1, 4, 1, -2, -4, 1, 4, 0, -3, -7, -7, -6, 1, -1, 2, -2, -5, -1, 4, -2, -5, -8, 1, -8, 4, 3, -3, 3, 2, -7, -5, 4, -2, 0, -7, -5, -3, -8, -2, 1, -5, -7, 4, -6, -2, -8, -4, 3, -4, -1, 2, -7, 2, 3, 0, -1, -1, -8, 2, -4, -5, -1, 1, 3, 0, -6, -1, 1, -8, 1, 2, -7, 0, -3, -6, 0, -8, 0, -7, 2, -4, 0, 0, -2, -4, -8, -7, 0, -5, 2, -8, 2, -3, 2, -7, -3, 1]
 
1.23642663496: [4, -7, 3, -5, 1, -7, -7, -8, 3, -7, 0, -1, -3, 1, 3, 0, -4, 3, -5, -8, -1, -1, -4, -4, -7, -3, -7, 3, -2, -6, 1, -1, 4, 1, -2, -4, 1, 4, 0, 4, 3, -8, -8, 1, -1, -2, -4, 1, 3, 1, -1, -3, 3, -3, -1, -6, -6, 0, 1, -2, -8, -1, -8, -2, -5, -7, -7, -6, 2, -2, -4, -5, -1, 2, 4, -3, -8, -4, 3, 4, -1, 2, 3, -8, 3, 1, -1, 1, 1, -7, 2, -5, -1, -7, 3, 4, -4, -3, 1, -7, 1, -6, -7, -3, -5, -6, 0, -8, -4, -7, 2, 3, -6, 3, -2, -2, -8, -7, 0, -5, -1, -8, 2, -3, 2, -4, -3, 1]
 
0.807927635099: [4, -1, -5, -4, 0, -4, -6, -6, 3, 2, -8, -6, 2, 1, -7, 2, -8, 3, 0, 2, -3, -1, -4, 1, -8, -8, -3, 1, 1, 1, -6, -1, -3, -7, 1, -8, -7, 1, -6, 0, 4, 2, 4, -3, -5, -8, 0, -7, -3, 1, -1, -3, 1, 1, -1, -6, -6, 0, 1, -6, -4, -4, -7, -4, -7, 0, 2, -4, -3, -2, -1, -4, -3, 2, -6, -5, 4, -1, 3, -5, 0, 3, 4, -8, 3, -7, -5, 4, -5, 3, 0, 4, -1, 2, -2, 0, 1, 4, 1, 2, -3, -6, 2, 1, -5, -3, 0, -8, -4, -7, 2, -2, 2, 3, -7, -2, 3, -7, 0, -5, -1, -6, -6, -7, -6, 1, -4, -5]
 
0.740699396849: [-7, -7, 3, -4, 1, -1, 2, -8, 3, 2, 0, -6, 2, 1, 0, 2, 4, -8, 0, 2, -3, -1, -4, 1, -8, -8, -7, 1, 1, 1, -6, -1, -3, -3, 1, -7, 1, -5, 2, -3, -6, -7, -6, 1, -1, -5, -2, -4, -3, -4, -1, 1, -1, -1, -1, 0, -3, -4, -3, 3, -4, -4, -7, -4, -7, -7, 2, -8, -3, -2, -1, -5, -7, 4, -6, 2, 3, -2, 3, 4, -1, 3, 3, -8, 3, 1, 2, -5, -2, 2, -6, -5, -1, 1, 3, 0, 3, -8, 1, -7, 1, -6, -7, 4, -5, -6, 0, -8, 1, -7, 2, 3, -6, 3, -2, -2, -8, -7, 0, -5, -1, -2, -6, -6, 4, 1, -4, -5]
 
2.82957955207: [-7, -7, 3, -4, 1, -1, 2, -8, 3, 2, 0, -6, 2, 1, 0, 2, 4, -8, 0, 2, -3, -1, -4, 1, -8, -8, -3, 1, 1, 1, -6, -1, -3, -3, 1, -7, -4, -5, 1, -3, -6, -7, -6, 1, -1, 2, -2, -5, -3, 1, -1, -5, -1, -1, -1, 0, -6, 0, 1, -2, -8, -1, -8, -2, -5, -7, -7, -6, 2, -2, -4, -5, -1, 2, 4, -3, -8, -4, 3, 4, -1, 2, 3, -8, 3, 1, -1, 1, 1, -7, 2, -5, -1, -7, 3, 4, -4, -3, 1, -7, 1, -6, -7, -3, -5, -6, 0, -8, -4, -7, 2, 3, -6, 3, -2, -2, -8, -7, 0, -5, -1, -8, 2, -3, 2, -4, -3, 1]
 
1.46220787054: [-7, -7, 3, 1, 4, -5, 2, -8, 3, -7, -4, -6, -3, -7, 4, 3, -4, 3, -5, -8, 3, -1, -4, -4, -7, -3, -5, 3, -1, 2, 1, -1, -2, 1, -2, -4, 1, 4, 0, 4, 3, -8, -8, 1, -1, -2, -4, 1, 3, 1, -1, -3, 3, -3, -1, -6, -3, -4, -7, 3, -4, 2, 3, -4, 0, -6, 2, 0, -3, -2, 3, -5, -7, 4, -6, -2, -2, 2, -1, 4, -1, -2, 3, -8, 3, 1, -5, -8, -5, 2, 0, -5, -5, 1, 2, 0, 1, -8, -3, 2, 2, -6, -6, 1, -5, -3, 0, -8, -4, 2, -6, -3, 0, -8, -7, -2, -8, -7, 0, -5, -1, -6, -6, 3, 4, 1, -4, -5]
 
2.12159681508: [4, -3, 2, -5, 1, -2, -1, -2, 3, -7, 0, -1, -3, 1, -8, 1, 4, -1, 0, 3, -5, -1, 3, 3, 1, -4, -5, 1, 3, -6, -2, -5, -1, 1, -6, -6, -5, -5, 3, 0, -6, 3, -6, 1, -7, -8, 0, -5, -3, 1, -1, -3, -1, -5, -1, -2, 0, -4, -4, -2, -8, -1, 4, -2, -5, -5, -7, -6, 1, -2, -4, -5, -1, 2, -5, -3, -4, -4, 0, 4, -8, 2, 3, -8, 3, 1, -1, 1, 1, -7, 2, 0, -1, -7, 3, 2, -7, -3, 1, -6, 1, -6, -1, 0, -1, -6, 0, 3, -2, -8, 4, 3, -4, 2, -3, -2, -8, 4, -7, 0, 2, -8, 2, -3, 2, -2, 4, -2]
 
1.21640343987: [-7, -8, 3, 2, 3, -5, -2, -6, -2, -7, -2, -6, -3, -2, 4, -7, -4, 3, 1, -7, -1, -1, -4, 4, -8, -5, -7, 3, -2, -6, 1, -1, -3, -3, 1, -7, -3, -5, 1, -3, -6, -7, -6, 1, -1, -1, -2, -5, -3, 2, -4, -5, -1, -1, -1, 0, -3, -4, -1, -3, -4, -4, -7, -4, -7, -7, 2, 0, -3, -2, -1, 0, -8, 4, -6, -8, -2, -1, 3, -8, -1, -2, 4, -8, 3, -6, -5, -1, -5, 2, -2, -7, -1, -8, 2, 0, 1, -8, 1, 2, 2, -6, -7, -3, -5, -6, 0, -8, -4, -7, 0, 3, -6, 3, -6, -4, 4, -5, -3, -5, -2, -7, -7, -3, -1, -8, -2, 1]
 
1.29833319154: [-7, -7, 3, -4, 1, -1, 2, -8, 3, 2, 0, -6, 2, 1, 0, 2, 4, -8, 0, 2, -3, -1, -4, 1, -8, -8, -3, 1, 1, 1, -6, -1, -3, -3, 1, -7, -4, -5, 1, -3, -6, -7, -6, 1, -1, 2, -2, -5, -3, 1, -1, -5, -1, -1, -1, 0, -3, -4, -7, 3, -4, -4, -7, -4, -7, -7, 2, 0, -3, -2, -1, -7, 3, 2, 2, -5, 0, -2, 3, 4, -1, 2, 3, -8, 3, 1, -1, 1, 1, -7, 2, -5, -1, -7, 3, 4, -4, -3, 1, -7, 1, -6, -7, -3, -5, -6, 0, -8, -4, -7, 2, 3, -6, 3, -2, -2, -8, -7, 0, -5, -1, -8, 2, -3, 2, -4, -3, 1]
 
1.54633382511: [4, -7, 3, -5, 1, -7, -7, -8, 3, -7, -3, -6, 2, -6, -5, 2, 4, -8, 0, -6, -3, -1, -4, -1, -8, -8, -3, -3, -5, 1, -6, -7, -5, -1, 0, -7, -4, -5, 1, -6, -6, -1, -1, -8, -1, 0, 4, -8, -3, 1, 3, -4, -1, -5, -1, 0, 1, 2, -7, 3, -4, -2, -7, -2, -8, -7, -7, 0, -3, -2, -1, -5, -7, 4, -6, -2, -2, -1, 3, 4, -1, -2, 4, -8, 3, 1, -5, -1, -5, 2, 0, -5, -1, 1, 2, 0, 1, -8, 1, 2, 2, -6, -1, 1, -5, -6, 4, -8, -2, -7, 2, 3, -6, 3, -2, -2, -8, -7, 0, -5, -1, -2, -6, -6, 4, 1, -4, 2]
 
2.04729000993: [-2, -6, -6, -7, -6, 0, -2, -2, -4, -8, -6, 3, 1, -4, -4, -1, -2, -2, -5, -6, 3, -5, -4, 0, -3, -2, -6, -1, 3, -6, -2, -5, 4, 3, 2, -6, -5, -5, 3, 0, -6, -7, -6, 1, -5, -8, -2, -5, -3, 1, -1, -3, -1, -5, -1, -2, 0, -4, -7, -2, -8, -1, -4, -2, -5, 3, -4, -6, 2, 1, -4, -5, -1, -8, 4, -3, -8, -4, 3, 4, -1, 2, 3, -8, 3, 1, -1, 1, 1, -7, 2, -5, -1, -7, 3, 4, -4, -3, 1, -7, 1, -6, -7, -3, -5, -6, 0, -8, 1, -7, 2, 3, -6, 3, -6, -4, 4, -5, -3, -5, -2, -7, -7, -3, -1, -8, -2, 1]
 
1.05941816783: [4, 3, -6, 2, -4, -1, -3, -3, -4, 4, -6, 3, 3, 2, -3, 4, -8, 0, -4, 4, 0, 0, 4, -6, 3, -2, 3, -1, -4, -7, -7, -7, 4, -5, -6, 3, -2, -4, -1, -7, -5, -2, -5, -1, 1, -1, 1, 1, 0, 0, -5, 1, 1, -1, 2, -5, 4, -8, 3, -2, -6, 4, 1, -6, 1, 4, 1, -8, 2, 4, -7, 3, -6, -2, 0, -2, -1, -7, 0, -6, -8, 4, -6, 1, -5, -7, -5, 2, -1, -2, -6, 1, 2, -6, -6, 3, -1, -5, -3, -3, -6, -3, -5, -8, -2, -2, -4, -4, -5, 3, -1, 2, 2, -5, 2, -5, -5, -6, -4, -2, -8, -4, -6, -2, 1, 1, -5, -8]
 
