2.388801870188762: [-2, -7, -1, 1, 3, 2, -8, -4, 1, 2, -2, 0, 4, -8, -5, -5, -3, -3, -7, 0, 4, -5, 1, -2, -3, -2, -3, 3, 2, -4, 1, -5, 4, 0, -5, 3, -6, 0, -6, -3, -6, -6, -7, 1, -8, -2, -2, -4, -7, -8, -6, 3, 1, -8, 3, -3, -2, -4, -3, -6, -8, -2, 0, -4, 4, -3, -3, -3, 0, 4, -8, 2, 0, -8, -6, 0, -3, 0, 2, 3, 1, 3, -7, -4, -6, 1, 3, 0, -6, -4, -6, -1, -3, 0, -2, 1, -6, -2, -4, -8, 0, -5, -4, -8, 3, 2, -2, 4, -5, -7, -5, -1, -3, -1, -8, 1, -6, -1, 0, -7, 2, -6, -1, -3, -5, 3, 4, -8]
 
1.33886819628: [-3, 2, -6, -7, -2, 2, 0, -4, -4, -5, 1, 3, -6, -7, -5, 4, 3, -5, 4, -1, -4, -2, -3, 1, -2, 3, 2, 1, 4, -6, -7, -6, -4, 1, -2, -7, 2, -8, -8, -4, 2, -5, -7, -5, -1, -6, -5, 0, 3, -3, 4, -6, 0, -3, 3, -5, -5, 0, -7, -5, -7, 1, -8, -4, -2, 3, -3, -2, 3, 2, -7, 3, -2, 2, -7, -3, -4, 0, -4, -1, -7, 4, -8, -6, -3, 4, -6, 3, -5, 1, 1, 0, 4, -7, 1, 2, -1, -6, -4, -1, -1, -5, -4, -5, -4, 2, 2, 3, -7, -8, -4, -1, -3, -5, -8, 1, -6, -1, 0, -7, 2, -4, -1, -3, -8, -1, 3, -6]
 
2.2957755451373787: [-3, 2, -6, 1, 3, 2, 3, 1, -5, -5, 1, -7, -6, -3, 3, 0, -1, 3, -7, 0, -1, 1, 0, -2, -3, -2, -5, 3, 2, -4, 1, 3, 3, 0, -3, 3, -6, 0, -5, -2, -6, -4, -2, 1, -7, -2, -2, -4, 2, -5, 0, -3, -5, 4, 3, -4, -6, -3, 2, 0, 3, 2, 0, -8, -7, 1, -2, -4, 4, -2, -6, 2, -7, 0, 2, -1, 3, -4, 2, 4, -8, -2, 0, -7, -8, 4, -8, 1, -3, -5, 2, 2, -6, 4, -8, 2, -6, -4, -7, -3, 1, 3, -5, 0, -8, -8, -1, 3, -7, -7, 2, -1, -3, 2, -3, -3, -6, -1, 0, 4, 0, -4, -6, 1, -8, -1, -1, 4]
 
3.5031398717844855: [-3, 2, -6, 1, 3, 2, 3, 1, -5, -5, 1, -7, -6, -3, 3, 0, -1, 3, -7, 0, -1, 1, 0, -2, -3, -2, -5, 3, 2, -4, 1, 3, 3, 0, -3, 3, -6, 0, -5, -2, -6, -4, -2, 1, -7, -2, -2, -4, 2, -5, 0, -3, -5, -8, -6, -2, -2, -2, -3, 3, 0, 1, -6, -4, -2, 4, -3, -2, 3, 2, -7, 4, -5, -4, -7, -3, -8, 0, 4, -1, -7, 4, -4, -6, 0, 4, -6, 3, -8, -4, 1, -6, 4, -4, 3, -6, -6, -3, -4, -8, 0, -8, -4, 3, -4, 2, -2, 3, -7, -3, -4, -3, -3, -5, -8, 3, -3, 2, 4, -1, 2, -3, -1, -3, -8, -2, 4, 2]
 
2.3834997239496474: [0, 2, 1, 0, -4, -7, 3, -2, 3, -8, -6, 1, 1, -6, -1, 4, -8, -6, 4, -1, -4, -2, -3, 1, -6, -5, 2, 2, 2, -6, -7, 4, -4, 1, -6, -4, -2, -8, -8, -4, 2, -8, -3, -5, -1, -6, 0, -3, 3, -3, 4, -6, -4, -3, -1, -5, 4, 0, -7, -5, -1, 1, -6, -4, -2, 4, -1, -3, 4, 3, -6, 2, -7, -7, -6, 0, -5, 1, 2, 4, 1, -7, -7, 3, 2, 4, -6, 3, -8, 1, 1, -6, 4, -4, 3, 1, -6, -3, -4, -8, 1, -5, -4, 3, -4, 2, -2, 3, -7, -7, 2, -1, -3, -5, -8, 1, -6, -1, 0, -7, 2, -4, -1, -3, -5, 3, 4, -8]
 
1.26418913146: [-8, 4, -6, -3, 2, 2, -8, -3, -1, 0, -5, -7, 2, -2, -8, 3, -5, -3, -7, 0, 4, -8, -4, -4, -8, -6, -1, -8, 2, -1, 1, 3, -4, 1, 1, -4, -2, -3, -7, -1, 2, -8, -3, -8, 3, -6, 3, -7, 4, -3, 4, 3, -6, -3, -1, 0, 4, 0, 0, -5, -4, 1, -7, -4, 2, 0, -1, -8, -4, 3, -6, -8, -7, -6, -5, -3, 3, 3, -1, -1, -4, -3, -5, 0, -7, 4, 2, -7, -8, -4, 1, 1, 4, -4, 3, -3, -6, -7, 2, -8, 0, -8, -4, 3, -4, 4, -2, 3, -2, -3, -4, -3, -8, -1, -8, 3, -1, 2, 4, -1, 0, -3, -1, -3, -8, -2, -1, 2]
 
4.3744442756846045: [-8, -6, 0, 2, 2, 2, -8, -3, 4, 0, 1, -7, 4, -8, -1, -5, -5, -3, -7, 0, 4, -2, -8, 1, -8, -2, -5, 4, 2, 2, 0, -7, -1, 4, -6, -4, -2, -8, -8, -4, 2, -8, -3, -5, -1, -6, 0, -3, 3, -3, 4, -6, -4, -3, -1, -5, 4, 0, -7, -5, -1, 1, -6, -4, -2, 4, -3, -2, 3, 2, -7, 4, -5, -4, -7, -3, -8, 0, 4, -1, -7, 4, -4, -6, -3, 4, -6, 3, -8, 1, 1, -6, 4, -4, 3, 1, -6, -3, -4, -8, 1, -5, -4, 3, -4, 2, -2, 3, -7, -7, 2, -1, -3, -5, -8, 1, -6, -1, 0, -7, 2, -4, -1, -3, -5, 3, 4, -8]
 
1.72180675458: [-8, -5, -7, 3, 2, 2, -5, -3, -4, 0, -4, -2, 4, -8, -1, -5, -5, 2, -7, 0, 4, 4, 2, -2, -3, -2, -4, 3, 2, -6, 1, -8, 3, 0, -3, 3, -6, 0, -5, -5, 2, -4, -2, 1, 4, -2, 4, -4, 2, -5, -4, -3, -8, -8, -1, -5, 4, 0, -7, -5, -1, 1, -5, -4, -2, 4, 1, -3, 4, 1, -6, 3, -7, -7, -6, 0, 0, -5, 2, 4, -1, -7, -7, 3, 2, 1, -2, -2, -4, 1, 4, -6, -6, -4, -2, 1, -6, -3, -4, -8, 1, -6, -1, -1, 1, 2, -2, 3, -7, 3, 2, -1, -3, -5, -8, -8, -6, -1, 0, -7, -4, -2, 2, -3, -7, 3, 4, 4]
 
2.554915460628061: [0, 2, 1, 0, -4, -7, 3, -2, 3, -8, -6, 1, 1, -6, -1, 4, -8, -6, 4, -1, -4, -2, -3, 1, -6, -5, 2, 2, 2, -6, -7, 4, -4, 1, -6, -4, -2, -8, -8, -4, 2, -8, -3, -5, -1, -6, 0, -3, 3, -3, 4, -6, -4, -3, -1, -5, 4, 0, -7, -5, -1, -1, -2, 0, 2, -3, -3, -2, 3, 2, -7, 4, -5, -4, -7, -3, -8, 0, 4, -1, -7, 4, -4, -6, -3, 4, -6, 3, -8, 1, 1, -6, 4, -4, 3, 1, -6, -3, -4, -8, 1, -5, -4, 3, -4, 2, -2, 3, -7, -7, 2, -1, -3, -5, -8, 1, -6, -1, 0, -7, 2, -4, -1, -3, -5, 3, 4, -8]
 
1.138786772534957: [-3, 2, -6, 1, 3, 2, 3, -6, -5, -5, 1, -7, 4, 4, -1, 4, -8, 0, 1, -1, -4, -7, -3, 1, -6, -3, 2, 0, 0, -5, 0, 4, -4, 3, -4, -3, 0, -4, -6, -7, -7, 1, 4, -4, -3, -5, -4, -1, 2, -7, 0, -5, -4, 0, -6, 3, 3, 2, 1, -3, 0, -3, -2, -1, 0, -6, -3, 1, -3, -2, 1, 1, -6, -3, -3, 1, -8, 3, -1, 0, -7, 2, 0, 3, -6, 1, -3, -5, -5, 3, -6, 2, -6, 1, 4, -4, -6, 3, -3, -1, -1, -2, 0, 2, -4, -6, -1, 4, -4, -7, 2, -1, -3, -5, -8, 1, -6, -2, 0, -7, 2, -2, 3, -3, -3, -6, 4, -8]
 
2.439006952853945: [0, 2, 1, 0, -4, -7, 3, -2, 3, -8, -6, 1, 1, -6, -1, 4, -8, -6, 4, -1, -4, -2, -3, 1, -6, -5, 2, 2, 2, -6, -7, 4, -4, 1, -6, -4, -2, -8, -8, -4, 2, -8, -3, -5, -1, -6, 0, -3, 3, -3, 4, -6, -4, -3, -1, -5, 4, 0, -7, -5, -1, -1, -2, 0, 2, -3, -1, -3, 4, 3, -6, 2, -7, -7, -6, 0, -5, 1, 2, 4, 1, -7, -7, 3, 2, 4, -6, -5, -5, 3, -6, 2, -6, -4, 3, -4, 4, 3, -3, 3, -1, -2, -4, 2, -4, 3, -5, 4, -4, -7, 2, -1, -3, -5, -8, 1, -6, -1, 0, -7, 2, -4, -1, -3, -5, 3, 4, -8]
 
3.525424748985433: [-8, -6, 0, 2, 2, 2, -8, -3, 4, 0, 1, -7, 4, -8, -1, -5, -5, -3, -7, 0, 4, -2, -8, 1, -8, -2, -5, 4, 2, 2, 0, -7, -1, 4, -6, -4, -2, -8, -8, -4, 2, -8, -3, -5, -1, -6, 0, -3, 3, -3, 4, -6, -4, -3, -1, -5, 4, 0, -7, -5, -1, 1, -6, -4, -2, 4, -3, -2, 4, 3, -6, 2, -7, -7, -6, 0, -5, 1, 2, 4, 1, -7, -7, 3, 2, 4, -6, 3, -8, 1, 1, -6, 4, -4, 3, 1, -6, -3, -4, -8, 1, -5, -4, 3, -4, 2, -2, 3, -7, -7, 2, -1, -3, -5, -8, 1, -6, -1, 0, -7, 2, -4, -1, -3, -5, 3, 4, -8]
 
3.236100764299923: [2, -7, 4, 1, 3, 2, 3, 1, -5, -5, 1, -7, -6, -3, 3, 0, -1, 3, -7, 0, -1, 1, 0, -3, -1, -1, -7, 0, -7, 4, 0, -2, -7, -7, -5, -8, -2, -8, -8, -4, 2, -8, -3, -5, -5, 1, 2, -6, 0, -3, 0, -3, -5, -8, -6, -2, -2, -2, -3, 3, 0, 1, -6, -4, -2, 4, -3, -2, 3, 2, -7, 4, -5, -4, -7, -3, 3, -4, 2, 4, -8, -2, 0, -7, -8, 4, -8, 1, -3, -5, 2, 2, -6, 4, -8, 2, -6, -4, -7, -3, 1, 3, -5, 0, -8, -8, -1, 3, -7, -7, 2, -1, -3, 2, -3, -3, -6, -1, 0, 4, 0, -4, -6, 1, -8, -1, -1, 4]
 
1.534795540081531: [-4, 2, -6, 3, 3, -3, -3, 1, -5, -7, 1, -7, 1, -6, -1, 4, -8, -6, -5, 0, -4, 1, 0, -5, -1, -1, 1, 0, -7, 0, 0, -7, -7, -3, -5, 3, -5, -8, 1, -7, 2, -8, 2, -5, -3, -2, -3, -6, -3, -3, -1, -8, -5, -2, -6, -8, 2, 4, 0, 3, 3, 4, -7, -1, -6, 4, 3, 4, 3, 2, 1, -5, -6, 1, -7, -7, -8, -2, 2, -7, -8, -8, 1, 3, -6, -8, 3, 3, 4, 0, 1, 4, -6, 1, 3, 1, -6, 2, -7, 1, -6, 3, -4, -5, -4, -7, -2, -8, -4, -6, -6, -1, -6, 1, -2, 0, 0, -8, 0, -5, -7, 3, -3, -6, -5, -5, -4, -7]
 
0.595812730216: [-8, 0, 0, -5, 2, 2, -3, -3, 3, -7, 1, -7, 4, 3, -1, 2, 0, -3, -7, 0, 4, -2, -5, -2, -3, -2, -5, 1, 2, -3, 1, 3, 3, 3, -3, 3, -5, 1, -5, -1, -6, 1, -2, 1, 0, 3, -2, -4, 2, 1, 0, -1, -1, 4, -7, -2, 1, -2, -8, -7, -6, 1, -6, -4, 1, 4, -3, -4, 4, 4, -7, 4, -5, -3, -8, -4, -8, 0, 4, -1, 1, 4, -5, -6, 3, -1, -4, 0, -6, -3, -6, -6, 4, -4, -6, 1, -5, -3, -1, -2, 1, -5, -4, 3, -4, 4, -5, -3, -6, -8, -3, -4, 3, 0, 2, -4, 1, 3, -8, 4, 3, 3, -4, 1, 3, -1, -4, -7]
 
2.7544238426501777: [-8, -6, 0, 2, 2, 2, -8, -3, 4, 0, 1, -7, 4, -8, -1, -5, -5, -3, -7, 0, 4, -2, 1, -2, -3, -2, -5, 3, 2, -4, 1, 3, 3, 0, -3, 3, -6, 0, -5, -2, -6, -4, -2, 1, -7, -2, -2, -4, 2, -5, 0, -3, -5, -8, -6, -2, -2, -2, -3, 3, 0, 1, -6, -4, -2, 4, -3, -2, 3, 2, -7, 4, -5, -4, -7, -3, -8, 0, 4, -1, -7, 4, -4, -6, 0, 4, -6, 3, -8, -4, 1, -6, 4, -4, 3, -6, -6, -3, -4, -8, 0, -8, -4, 3, -4, 2, -2, 3, -7, -3, -4, -3, -3, -5, -8, 3, -3, 2, 4, -1, 2, -3, -1, -3, -8, -2, 4, 2]
 
1.14549443087: [-5, 4, 1, 0, -5, -5, -2, -5, -3, -6, -5, 1, 1, -6, 4, -4, -5, -6, -7, 2, -5, -2, -3, -4, 2, -6, -7, -7, -8, -5, -4, -4, -2, -2, -6, 3, -1, -4, -7, 0, 2, 3, -7, -7, -4, 0, -2, -7, 4, 1, -2, 2, -3, 0, -2, -4, 4, 2, -2, 1, 3, -8, -2, 0, 2, 0, -7, 4, 4, 3, 3, 2, -8, 2, 2, -7, -6, -5, -6, -6, 0, -1, -2, 2, 2, 0, -8, 0, 2, -2, 0, -1, -5, -8, -6, 0, -8, -4, 4, -7, -5, -3, -8, 4, -2, -1, 2, -3, -1, -1, -8, -1, -3, -5, -4, -6, 4, -7, -8, 0, 0, 3, -3, 1, -7, -4, -2, 0]
 
3.006944417503248: [-3, 2, -6, 1, 3, 2, 3, 1, -5, -5, 1, -7, -6, -3, 3, 0, -1, 3, -7, 0, -1, 1, 0, -2, -3, -2, -5, 3, 2, -4, 1, 3, 3, 0, -3, 3, -6, 0, -5, -2, -6, -4, -2, 1, -7, -2, -2, -4, 2, -5, 0, -3, -5, -8, -6, -2, -2, -2, -3, 3, 0, 1, -6, -4, -2, 4, -3, -2, 3, 2, -7, 4, -5, -4, -7, -3, -8, 0, 4, -1, -7, 4, -4, -6, -3, 4, -6, 3, -8, 1, 1, -1, -5, 0, 2, 0, -4, -8, -1, -6, 0, -8, 0, -7, -2, -6, -1, -3, 1, -3, 0, 1, -3, -1, -3, -1, 1, -1, -8, -2, 3, 3, -4, 1, 3, -1, -4, 2]
 
2.822272159599683: [-8, -6, 0, 2, 2, 2, -8, -3, 4, 0, 1, -7, 4, -8, -1, -5, -5, -3, -7, 0, 4, -2, 1, -2, -3, -2, -5, 3, 2, -4, 1, 3, 3, 0, -3, 3, -6, 0, -5, -2, -6, -4, -2, 1, -7, -2, -2, -4, 2, -5, 0, -3, -5, -8, -6, -2, -2, -2, -3, 3, 0, -1, -2, 0, 2, -3, -1, -3, 4, 3, -6, 2, -7, -7, -6, 0, -5, 1, 2, 4, 1, -7, -7, 3, 2, 0, 3, 0, -6, -3, -6, -1, -5, 0, 3, 1, -6, -3, -4, -8, 1, -5, -4, 3, -4, 2, -2, 3, -7, -7, 2, -1, -3, -5, -8, 1, -6, -1, 0, -7, 2, -4, -1, -3, -5, 3, 4, -8]
 
1.1912458875725775: [-3, 1, -6, 1, 2, -1, 1, -1, -5, -4, 1, -7, -1, 1, 3, 0, -1, 3, 1, 0, -1, -2, 0, -1, 4, -2, -5, 3, -8, -8, 1, 3, 3, -6, -3, 3, -6, 0, -1, -3, -3, 4, -2, 1, -7, -6, 2, -4, -1, -5, -1, -3, -5, 4, 0, -5, -6, -3, -3, 0, -6, 2, 0, -8, -2, -3, -2, -3, -5, -8, -6, 2, -7, -7, 2, 4, 3, -4, -2, -8, -8, -2, 0, -7, -8, -6, -5, 1, -3, 2, 2, 2, -6, 4, -8, -1, -6, -1, -7, -3, 1, 3, -7, 0, -7, -5, -1, 3, -7, 3, 2, -1, -3, -4, -3, -3, -2, -1, 0, 4, -6, -6, -6, 1, -2, -8, -1, 4]
 
1.04907703264: [-2, 2, -1, 1, 3, 2, 3, -1, -5, -5, 1, -7, -6, -3, -4, 0, -1, 3, -7, 0, -1, 1, 0, -3, -3, -2, -5, 3, -3, -8, 1, 4, 3, 0, -3, -3, -5, -5, -5, -2, -6, 4, -2, -8, 0, 3, -2, -4, 2, -5, 0, -3, -4, -8, -6, 4, -4, -2, -3, -2, 0, -1, 1, 0, 2, -3, -1, -8, -4, -5, -6, 2, -5, -6, 2, 4, 3, 0, 1, -1, 0, -8, -4, -6, -1, 4, -6, 3, -8, -3, 1, -2, 4, -4, -5, 0, -3, 2, -4, -2, 1, -5, -6, 3, -4, 4, -2, 3, -7, -7, -6, -1, 0, -5, -8, 1, -6, -2, 0, -7, 2, -4, -1, -3, 4, 3, 4, -8]
 
3.0750581361296425: [-8, 1, -3, 4, 0, -4, 0, 4, 1, -2, 2, -2, -1, 4, -1, -5, 0, -5, -8, -4, -7, -2, -4, 0, -2, -8, -6, 2, -5, 2, 0, -7, -1, 4, -6, -4, -2, -8, -8, -4, 2, -8, -3, -5, -1, -6, 0, -3, 3, -3, 4, -6, -4, -3, -1, -5, 4, 0, -7, -5, -1, 1, -6, -4, -2, 4, -3, -2, 3, 2, -7, 4, -5, -4, -7, -3, -8, 0, 4, -1, -7, 4, -4, -6, -3, 4, -6, 3, -8, 1, 1, -6, 4, -4, 3, 1, -6, -3, -4, -8, 1, -5, -4, 3, -4, 2, -2, 3, -7, -7, 2, -1, -3, -5, -8, 1, -6, -1, 0, -7, 2, -4, -1, -3, -5, 3, 4, -8]
 
2.6786066134428044: [-2, -7, -1, 1, 3, 2, -8, -4, -1, 2, -6, -7, 4, -8, -1, -5, -3, -3, -7, 0, 4, -2, 1, -2, -3, -2, -2, 3, 2, -4, 1, -5, -2, 0, -5, 3, -6, 0, -5, -2, -6, -4, -7, 1, -7, -2, -2, -4, 2, -8, 0, -3, -5, -8, -6, -2, -2, -2, -3, 3, 0, -1, -2, 0, 2, -3, -1, -3, 4, 3, -6, 2, -7, -5, -5, -1, 3, 4, 2, 4, 1, -8, -8, 3, -6, -8, 1, -5, -5, 3, -6, 2, -6, -4, 3, -4, 4, 3, -3, 3, -1, -2, -4, 2, -4, 3, -5, 4, -4, -7, 2, -1, -3, -5, -8, 1, -6, -1, 0, -7, 2, -4, -1, -3, -5, 3, 4, -8]
 
1.7960769464966764: [-3, 2, -6, 1, 3, 2, 3, 1, -5, -5, 1, -7, -6, -3, 3, 0, -1, 3, -7, 0, -1, 1, 0, -2, -3, -2, -5, 3, 2, -4, 1, 3, 3, 0, -3, 3, -6, 0, -5, -2, -6, -4, -2, 1, -7, -2, -2, -4, 2, -5, 0, -3, -5, -8, -6, -2, -2, -2, -3, 3, 0, -1, -2, 0, 2, -3, -1, -8, -4, 3, -6, 2, 2, -6, -5, -3, 3, 3, -1, -1, -4, -3, -5, -6, -3, 4, -6, 3, -8, 1, 1, -6, 4, -4, 3, 1, -6, -3, -4, -8, 1, -5, -4, 3, -4, 4, -5, -3, -7, -8, 0, -4, 3, -1, 2, -1, 1, 3, 4, -4, 3, 3, -4, 1, 3, -8, -4, -7]
 
3.800045542389241: [-3, 2, -6, 1, 3, 2, 3, 1, -5, -5, 1, -7, -6, -3, 3, 0, -1, 3, -7, 0, -1, 1, 0, -2, -3, -2, -5, 3, 2, -4, 1, 3, 3, 0, -3, 3, -6, 0, -5, -2, -6, -4, -2, 1, -7, -2, -2, -4, 2, -5, 0, -3, -5, -8, -6, -2, -2, -2, -3, 3, 0, 1, -6, -4, -2, 4, -3, -2, 3, 2, -7, 4, -5, -4, -7, -3, -8, 0, 4, -1, -7, 4, -4, -6, -3, 4, -6, 3, -8, 1, 1, -6, 4, -4, 3, 1, -6, -3, -4, -8, 1, -5, -4, 3, -4, 4, -5, -3, -7, -8, 0, -4, 3, -1, 2, -1, 1, 3, 4, -4, 3, 3, -4, 1, 3, -8, -4, -7]
 
2.917892653717474: [-3, 2, -6, 1, 3, 2, 3, 1, -5, -5, 1, -7, -6, -3, 3, 0, -1, 3, -7, 0, -1, 1, 0, -2, -3, -2, -5, 3, 2, -4, 1, 3, 3, 0, -3, 3, -6, 0, -5, -2, -6, -4, -2, 1, -7, -2, -2, -4, 2, -5, 0, -3, -5, -8, -1, -5, 4, 0, -7, -5, -1, 1, -6, -4, -2, 4, -1, -3, 4, 3, -6, 2, -7, -7, -6, 0, -5, 1, 2, 4, 1, -7, -7, 3, 2, 4, -6, 3, -8, 1, 1, -6, 4, -4, 3, 1, -6, -3, -4, -8, 1, -5, -4, 3, -4, 2, -2, 3, -7, -7, 2, -1, -3, -5, -8, 1, -6, -1, 0, -7, 2, -4, -1, -3, -5, 3, 4, -8]
 
1.769775422498113: [-3, 2, -6, 1, 3, 2, 3, 2, -5, -5, 3, -7, -7, 1, 3, 0, -1, -5, -7, 3, -7, 1, 0, -3, 0, -2, -5, 3, 2, -8, 2, 2, 3, 0, -3, 3, -6, -4, -5, -2, -8, 0, -2, 1, -7, -3, -2, -4, 2, -4, 0, -3, -8, -8, -6, -5, -2, 1, -3, -7, -5, -1, -2, -5, 0, -3, 2, -2, 4, 3, -6, 2, -7, 0, -6, -1, 3, -4, -5, -7, -6, -2, 0, -1, -8, -5, -8, 1, -3, -5, 2, -6, -6, 4, -8, 2, -6, -4, -7, -3, -7, 3, -6, 2, -8, -8, -7, 3, -6, -7, 2, 3, -3, 2, -3, 3, 0, 0, 0, -2, -7, -8, 4, -1, -4, 3, 3, -2]
 
2.1003684332571004: [-8, -6, 0, 2, 2, 2, -8, -3, 4, 0, 1, -7, 4, -8, -1, -5, -5, -3, -7, 0, 4, -2, 1, -2, -3, -2, -5, 3, 2, -4, 1, 3, 3, 0, -3, 3, -6, 0, -5, -2, -6, -4, -2, -7, -5, 1, 2, -6, 0, 0, -1, -8, -5, -8, -6, -2, -8, 4, 0, 3, 0, -3, -7, -1, -1, 4, -3, 4, 3, 2, 1, -8, -6, 1, -7, -7, -8, 2, 2, -7, -7, -8, -4, -6, -3, 4, -6, 3, -8, 1, 1, -6, 4, -4, 3, 1, -6, -3, -4, -8, 1, -5, -4, 3, -4, 2, -2, 3, -7, -7, 2, -1, -3, -5, -8, 1, -6, -1, 0, -7, 2, -4, -1, -3, -5, 3, 4, -8]
 
4.026892801506728: [2, -7, 4, 1, 3, 2, 3, 1, -5, -5, 1, -7, -6, -3, 3, 0, -1, 3, -7, 0, -1, 1, 0, -3, -1, -1, -7, 0, -7, 4, 0, -2, -7, -7, -5, -8, -2, -8, -8, -4, 2, -8, -3, -5, -5, 1, 2, -6, 0, -3, 0, -3, -5, -8, -6, -2, -2, -2, -3, 3, 0, 1, -6, -4, -2, 4, -3, -2, 3, 2, -7, 4, -5, -4, -7, -3, -8, 0, 4, -1, -7, 4, -4, -6, -3, 0, 3, 0, -6, -3, -6, -6, 4, -4, 3, 1, -6, -3, -4, -8, 1, -5, -4, 3, -4, 4, -5, -3, -7, -8, 0, -4, 3, -1, 2, -1, 1, 3, 4, -4, 3, 3, -4, 1, 3, -8, -4, -7]
 
1.4993438930859546: [-8, 1, -3, 4, 0, -4, 0, 4, 1, -2, 2, -2, -1, 4, -1, -5, 0, -5, -8, -4, -7, -2, -4, 0, -2, -8, -6, 2, -5, -1, 1, 3, 3, 1, 0, -7, -2, -3, -8, -1, 2, -8, -3, -8, 3, -6, 0, -3, 4, -3, 4, -6, -4, -3, -1, 0, 4, 0, -7, -5, -4, -1, -2, 0, 2, 0, -1, -8, -4, 3, -6, 2, 2, -6, -5, -3, 3, 3, -1, -1, -4, -3, -5, -6, 0, 4, -6, 3, -8, -4, 1, -6, 4, -4, 3, -6, -6, -3, -4, -8, 0, -8, -4, 3, -4, 2, -2, 3, -7, -3, -4, -3, -3, -5, -8, 3, -3, 2, 4, -1, 2, -3, -1, -3, -8, -1, -4, 2]
 
1.44011338442: [-8, -4, 0, 2, 2, 2, -1, 2, 0, 0, 1, -3, 4, -8, -6, -5, -5, -3, 2, 0, -2, 3, 1, -2, -3, -5, -5, 3, 2, 3, -2, -6, 1, -4, -3, 3, -5, -4, -5, -2, 3, 0, -2, 1, -2, -2, -2, -3, 2, 0, 0, -3, -6, -8, -6, -8, -2, 4, -8, -7, 0, -1, -2, 0, 2, -3, -3, -3, -1, 3, -4, -4, 3, -7, -6, 2, -5, 1, 2, 4, 2, -2, -7, 3, 2, 0, 3, 0, -5, -6, -6, -1, -5, 0, -1, 1, 1, -3, -4, -8, 1, -5, -8, -1, -7, 2, -2, 3, -7, -7, 2, -1, -3, -5, -8, -2, -6, -1, 1, -7, -3, -4, -1, -3, -8, -7, -3, -8]
 
0.902181553281: [-1, -7, -3, 1, 3, 4, 3, -3, 2, 0, 1, -7, -6, -2, 3, 0, 0, 3, 0, 0, -1, 1, 0, -3, -5, -7, -7, 0, 0, 4, -3, 1, -7, -7, -5, -8, -3, -1, -8, -4, 2, -4, -3, -5, -1, -6, -4, -3, -7, -3, 4, -1, -4, -5, 2, -5, 4, 0, -7, -4, -6, -1, -7, 0, 2, -3, -7, -3, 4, -8, -5, 2, -7, -7, -6, 0, -5, 1, -6, -1, -8, -2, 0, -7, -8, 4, -8, 4, -3, -1, 4, 2, 3, -1, -8, 2, -6, -3, -7, -3, 1, 3, -5, 0, -8, -8, -1, 3, -7, 1, -3, -1, -3, 2, -3, -6, -3, -1, -3, 4, 0, -5, -6, -7, -4, -8, -7, 4]
 
0.957779965431: [-5, -1, 1, 0, -5, -5, -2, 3, 3, 3, -6, 1, 1, -6, -8, -4, -7, -6, -7, 2, -5, -2, -3, 4, -6, 4, 2, 2, -8, -5, 0, -4, -6, -2, -6, 1, -1, -4, 0, -4, 2, 4, -3, -7, -4, -6, -2, -7, 3, 1, -2, 2, -2, -3, -2, -4, 4, 2, -2, 1, 3, 4, -2, 0, 2, 0, -1, 4, 4, -3, -5, 2, -7, 2, 2, -3, 3, 3, -1, -1, -4, -3, -5, -6, 0, 4, -6, 3, -8, -4, 1, -6, 4, -4, 3, -6, -6, -3, -4, -8, 0, -8, -4, 3, -4, 2, -2, 3, -7, -3, -4, -3, -3, -5, -8, 3, -3, 2, 4, -1, 2, -3, -1, -3, -8, -2, 4, 2]
 
1.06888710335: [1, 2, -1, -4, 2, 2, -8, -2, 4, 2, 1, -6, 4, -7, -5, -5, -5, -3, -5, 0, 4, 0, -7, -4, -2, -2, 0, 4, 2, -1, 1, -1, -8, 1, 0, -7, -2, -3, -8, -1, 4, -8, 1, 3, 3, -8, 0, -3, 4, -3, -5, -6, -4, -3, -1, -7, 4, 0, 2, -5, -6, -1, -5, -3, 4, -7, -2, -8, -1, 3, -6, 2, 1, -6, -5, -4, -6, 2, -5, 2, -5, -2, -2, 2, 2, 0, -8, 0, 2, -5, 0, -1, -5, -8, 2, 0, -8, -8, 4, -3, -5, -3, -4, -1, 4, -1, 2, -3, -5, -1, -8, -1, -3, -2, -3, 1, 1, 4, -8, 0, -5, -7, -3, 1, -2, -4, -5, 3]
 
1.51797605677: [-3, 2, -6, 1, 3, 2, 3, 2, -5, -5, 3, -7, -7, 1, 3, 0, -1, -5, -7, 3, -7, 1, 0, -3, 0, -2, -5, 3, 2, -8, 2, 2, 3, 0, -3, 3, -6, -4, -5, -2, -8, 0, -2, 1, -7, -3, -2, -4, 2, -4, 0, -3, -8, -8, -6, -5, -2, 1, -3, -7, -5, -1, -2, -5, 0, -3, 2, -2, 4, 3, -6, 2, -7, 0, -6, -1, 3, -4, -5, -7, -6, -2, 0, -1, -8, -5, -8, 1, -3, -5, 2, -6, -6, 4, -8, 2, -6, -4, -7, -3, -7, 3, -6, 2, -8, -8, -7, 3, -6, -7, 2, 3, -3, 2, -3, 3, 0, 0, 0, -2, -7, -8, 4, -1, -4, 3, 3, -2]
 
1.87409139533: [-3, 2, -6, 2, 3, -4, 4, 2, -5, 0, 1, -7, 2, 1, 2, 0, 4, -3, -7, 3, -7, 0, -2, -3, -4, -1, 0, -3, 2, -8, 2, 2, 1, 0, -4, 3, -6, -1, -5, -2, -8, 0, -7, 1, -8, -3, 0, -7, 2, -4, 0, -8, -6, 4, -6, -5, -4, 1, -3, -7, -5, -1, -2, -5, -1, -3, -4, -4, -8, -1, -6, 2, -7, 0, -6, -1, -2, -3, 1, -7, -6, -2, 0, -3, -1, 1, 3, 1, -5, -1, 2, -6, -6, 4, -8, 2, -6, -4, -7, -3, 0, 3, -6, 2, 1, -8, -7, 0, -6, -6, 2, -8, -5, 2, -3, 3, 0, 0, 0, 3, -7, -8, -5, -1, 1, 3, -7, -3]
 
0.684608290041: [-3, 2, -6, 1, 3, 2, 3, -6, -5, -5, 1, -7, 4, 4, -1, 4, -8, 0, 1, -1, -4, -7, -3, 1, -6, -3, 2, 0, 0, -5, 0, 4, -4, 3, -4, -3, 0, -4, -6, -7, -7, 1, 4, -4, -3, -5, -4, -1, 2, -7, 0, -5, -4, 0, -6, 3, 3, 2, 1, -3, 0, -3, -2, -1, 0, -6, -3, 1, -3, -2, 1, 1, -6, -3, -3, 1, -8, 3, -1, 0, -7, 2, 0, 3, -6, 1, -3, -5, -5, 3, -6, -6, 4, -4, 3, 1, -6, -3, -4, -8, 1, -5, -4, 3, -4, 4, -5, -3, -7, -8, 0, -4, 3, -1, 2, -1, 1, 3, 4, -4, 3, 3, -4, 1, 3, -8, -4, -7]
 
1.5843970527: [-8, -6, 0, 3, 2, 2, 2, -3, -4, 0, -2, -2, 4, -8, -1, -7, -1, -3, -1, 0, -4, -2, 1, -2, -3, -2, -5, 3, 2, -4, 1, 3, -8, 0, -3, 3, -3, 0, -5, -2, -2, -4, -2, 1, 2, -2, -2, 3, 2, -5, 1, -3, 0, -8, 1, -4, -2, 0, -3, 3, -7, 1, -6, -4, -2, 4, -3, 3, 3, -8, -6, 4, -2, -4, 4, -3, -8, -3, 4, -4, -7, 4, -4, -6, -3, 0, 3, 0, -6, -3, 2, 2, -4, -3, 4, -4, -7, 3, -4, -1, -8, -2, -6, -1, 0, 2, 1, 3, -4, -7, 2, -1, -3, -5, 0, 2, -6, -3, 0, -7, -7, -2, 3, -3, -3, -6, -5, -8]
 
0.385433466753: [-8, -6, 0, 2, 2, 2, -8, -3, 4, 0, 1, -7, 4, -8, -1, -5, -5, -3, -7, 0, 4, -2, 1, -2, -3, -2, -5, 3, 2, -4, 1, 3, 3, 0, -3, 3, -6, 0, -5, -2, 2, 4, -3, -7, -4, -6, -2, -7, 3, 1, -2, 2, -2, -3, -2, -4, 4, 2, -2, 1, 3, 4, -2, 0, 2, 0, -1, 4, 4, -3, -5, 2, -7, 2, 2, -7, -6, 1, -6, -6, -1, -1, -2, 2, 2, 0, -8, 0, 2, -8, 0, -1, -5, -8, 2, 0, -8, -8, 4, -7, 0, -3, 0, -1, -2, -1, 2, -3, -5, -1, 0, -1, -3, -1, -3, 1, 1, -1, -8, 0, 3, -3, -3, 1, -7, -1, -5, 0]
 
3.30702207911: [-5, -1, 1, 0, -5, -5, -2, 3, 3, 3, -6, 1, 1, -6, -8, -4, -7, -6, -7, 2, -5, -2, -3, 4, -6, 4, 2, 2, -8, -5, 0, -4, -6, -2, -6, 1, -1, -4, 0, -4, -6, -4, -2, 1, -7, -2, -2, -4, 2, -5, 0, -3, -5, -8, -6, -2, -2, -2, -3, 3, 0, 1, -6, -4, -2, 4, -3, -2, 3, 2, -7, 4, -5, -4, -7, -3, -8, 0, 4, -1, -7, 4, -4, -6, -3, 0, 3, 0, -6, -3, -6, -6, 4, -4, 3, 1, -6, -3, -4, -8, 1, -5, -4, 3, -4, 4, -5, -3, -7, -8, 0, -4, 3, -1, 2, -1, 1, 3, 4, -4, 3, 3, -4, 1, 3, -8, -4, -7]
 
0.58494646952: [-8, -6, -8, 2, 2, 2, -8, -3, -8, 0, -4, -7, 4, -8, 0, -5, -5, -3, -7, -7, 4, -2, 1, -4, 3, -2, 4, 3, 2, -4, -1, 3, -7, 0, -5, -6, -6, -6, -5, 1, 3, -4, -8, 1, -7, -2, -2, -4, 4, -5, 0, -3, -5, -8, -3, 1, 1, -4, -3, -8, 0, 1, 1, 0, -2, 4, 4, -8, 3, 2, -1, 4, -5, -4, 3, -3, -2, 0, 4, -1, -7, 3, -4, -6, 0, -2, -6, -6, 4, -4, 1, -6, 4, -1, 3, 1, 0, 2, -3, -7, 1, -5, -2, 3, -4, 2, 2, 3, -7, -7, 2, -4, -7, -5, 3, -7, -6, -1, 0, -7, 2, -4, -3, 4, 2, 3, -6, -2]
 
1.9078894762: [-3, 2, -6, 1, 3, 2, 3, 1, -5, -5, 1, -7, -6, -3, 3, 0, -1, 3, -7, 0, -1, 1, 0, -2, -3, -2, -5, 3, 2, -4, 1, 3, 3, 0, -3, 3, -6, 0, -5, -2, -6, -4, -2, 1, -7, -2, -2, -4, 2, -5, 0, -3, -5, -8, -1, -5, 4, 0, -7, -5, -1, 1, -6, -4, -2, 4, -1, -3, 4, 3, -6, 2, -7, -7, -6, 0, -5, 1, 2, 4, 1, -7, -7, 3, 2, 4, -6, 3, -8, 1, 1, -6, 4, -4, 3, -6, -6, -3, -4, -8, 0, -8, -4, 3, -4, 2, -2, 3, -7, -3, -4, -3, -3, -5, -8, 3, -3, 2, 4, -1, 2, -3, -1, -3, -8, -2, 4, 2]
 
1.46253063186: [2, -1, -2, 0, -5, -5, -1, -3, -1, 3, 4, 1, -6, -6, -5, -4, -7, -6, -7, -7, -4, -2, -3, 4, -6, -5, 2, 2, -8, 2, 0, -8, -6, -2, -6, -8, -6, -4, 0, 1, -6, -4, 4, 1, -7, -2, -7, -4, -1, -5, -5, -3, 0, -8, -6, -2, 4, 0, -7, -5, -1, 1, -6, -3, -2, 4, -1, -3, 4, 3, -8, 3, -7, -7, 4, 0, 3, 1, 2, -3, 1, -7, -7, 3, 2, 4, -1, -1, -3, 1, 1, -6, 0, -4, 3, -4, -6, -3, -4, -8, -2, -5, -1, 3, -4, 2, -2, 3, 2, -7, -8, -1, -3, -5, -4, 1, -6, -5, 0, -3, 0, 0, -1, 3, -7, 3, 4, -8]
 
0.959743229359: [0, 2, 1, -4, -2, -6, 3, -4, 3, -8, -1, 1, 1, -6, -1, -7, -8, 1, -8, -1, 4, -2, -3, 1, -6, 0, 2, 2, 2, 4, -7, 4, -7, 1, -6, -4, -2, -8, -8, -4, 2, -8, -3, -5, -5, -6, 0, 1, 3, -3, 4, -6, -1, -3, -1, -5, -2, -8, 4, 3, 0, 1, -6, -4, -2, 0, -7, -2, -2, 2, -7, 4, 0, -4, -7, -3, -8, 2, 4, -7, -7, 4, -4, -6, -3, 0, 3, 0, -7, 2, -3, -7, 4, 4, 3, 1, -6, -3, 2, -8, 1, -5, -4, -2, -4, 4, -8, -3, 3, -5, 0, -8, -7, 0, 2, -1, 1, 3, 3, -4, 3, -7, -7, 1, 0, -8, -4, -7]
 
3.36313563984: [-3, 2, -6, 1, 3, 2, 3, 1, -5, -5, 1, -7, -6, -3, 3, 0, -1, 3, -7, 0, -1, 1, 0, -2, -3, -2, -5, 3, 2, -4, 1, 3, 3, 0, -3, 3, -6, 0, -5, -2, -6, -4, -2, 1, -7, -2, -2, -4, 2, -5, 0, -3, -5, -8, -6, -2, -2, -2, -3, 3, 0, -1, -2, 0, 2, -3, -1, -8, -4, 3, -6, 2, 2, -4, -7, -3, -8, 0, 4, -1, -7, 4, -4, -6, -3, 4, -6, 3, -8, 1, 1, -6, 4, -4, 3, 1, -6, -3, -4, -8, 1, -5, -4, 3, -4, 2, -2, 3, -7, -7, 2, -1, -3, -5, -8, 1, -6, -1, 0, -7, 2, -4, -1, -3, -5, 3, 4, -8]
 
1.63742140915: [-2, -7, -1, 1, 3, 2, -8, -4, -1, 2, -6, -7, 4, -8, -1, -5, -3, -3, -7, 0, 4, -2, 1, -2, -3, -2, -2, 3, 2, -4, 1, -5, -2, 0, -5, 3, -6, 0, -5, -2, -6, -4, -7, 1, -7, -2, -2, -4, 2, -8, 0, -3, -5, -8, -6, -2, -2, -2, -3, 3, 0, -1, -2, 0, 2, -3, -1, -3, 4, 3, -6, 2, -7, -5, -5, -1, 3, 4, 2, 4, 1, -8, -8, 3, -6, -8, 1, -5, -5, 3, -6, 2, -6, -4, 3, -4, 4, 3, -3, 3, -1, -2, -4, 2, -4, 3, -5, 4, -4, -7, 2, -1, -3, -5, -8, 1, -6, -1, 0, -7, 2, -4, -1, -3, -5, 3, 4, -8]
 
1.47789158738: [-1, 4, -6, -6, -1, -6, -6, -3, -2, -5, 3, -7, -6, -4, 0, 0, -1, -7, -7, 3, -7, 4, -3, -4, 1, 4, -5, 3, 3, -8, 2, -2, -7, -1, -3, -1, -6, -7, -7, -2, -8, 0, 0, -6, 1, -3, 1, -4, 2, -1, 0, -7, -8, -7, 0, -6, -4, -1, -2, -7, 1, -7, -2, -4, 0, 3, -4, -2, -2, 4, -6, 2, 2, -7, -6, 0, -5, 1, 2, 4, 4, -8, -4, 3, -5, 4, -6, -2, -5, -4, -7, 2, 4, -4, 1, -4, 3, 4, 2, 0, -8, 2, -4, -7, -4, -3, -5, -7, 1, -7, -3, -1, -3, 4, 1, 1, -6, 4, 0, 2, 3, -5, -7, 4, -5, -6, 4, -8]
 
2.10989082051: [0, 2, 1, 0, -4, -7, 3, -2, 3, -8, -6, 1, 1, -6, -1, 4, -8, -6, 4, -1, -4, -2, -3, 1, -6, -5, 2, 2, 2, -6, -7, 4, -4, 1, -6, -4, -2, -8, -8, -4, 2, -8, -3, -5, -1, -6, 0, -3, 3, -3, 4, -6, -4, -3, -1, -5, 4, 0, -7, -5, -1, -1, -2, 0, 2, -3, -1, -3, 4, 3, -6, 2, -7, 0, -6, -1, 3, -4, -5, -7, -6, -2, 0, -1, -8, -5, -8, 1, -3, -5, 2, -6, -6, 4, -8, 2, -6, -4, -7, -3, -7, 3, -6, 2, -8, -8, -7, 3, -6, -7, 2, 3, -3, 2, -3, 3, 0, 0, 0, -2, -7, -8, 4, -1, -4, 3, 3, -2]
 
2.1854115329: [-8, -6, 0, 2, 2, 2, -8, -3, 4, 0, 1, -7, 4, -8, -1, -5, -5, -3, -7, 0, 4, -2, 1, -2, -3, -2, -5, 3, 2, -6, -7, 4, -4, 1, -6, -4, -2, -8, -8, -4, 2, -8, -3, -5, -1, -6, 0, -3, 3, -3, 4, -6, -4, -3, -1, -5, 4, 0, -7, -5, -1, -1, -2, 0, 2, -3, -1, -3, 4, 3, -6, 2, -7, 0, -6, -1, 3, -4, -5, -7, -6, -2, 0, -1, -8, -5, -8, 1, -3, -5, 2, -6, -6, 4, -8, 2, -6, -4, -7, -3, -7, 3, -6, 2, -8, -8, -7, 3, -6, -7, 2, 3, -3, 2, -3, 3, 0, 0, 0, -2, -7, -8, 4, -1, -4, 3, 3, -2]
 
1.79870797089: [0, 2, 1, 0, -4, -7, 3, -2, 3, -8, -6, 1, 1, -6, -1, 4, -8, -6, 4, -1, -4, -2, -3, 1, -6, -5, 2, 2, 2, -4, 1, 3, 3, 0, -3, 3, -6, 0, -5, -2, -6, -4, -2, -7, -5, 1, 2, -6, 0, 0, -1, -8, -5, -8, -6, -2, -8, 4, 0, 3, 0, -3, -7, -1, -1, 4, -3, 4, 3, 2, 1, -8, -6, 1, -7, -7, -8, 2, 2, -7, -7, -8, -4, -6, -3, 4, -6, 3, -8, 1, 1, -6, 4, -4, 3, 1, -6, -3, -4, -8, 1, -5, -4, 3, -4, 2, -2, 3, -7, -7, 2, -1, -3, -5, -8, 1, -6, -1, 0, -7, 2, -4, -1, -3, -5, 3, 4, -8]
 
0.561145985003: [-3, 1, -6, 1, 2, -1, 1, -1, -5, -4, 1, -7, -1, 1, 3, 0, -1, 3, 1, 0, -1, -2, 0, -1, 4, -2, -5, 3, -8, -8, 1, 3, 3, -6, -3, 3, -6, -8, 1, -7, 2, -8, 2, -5, -3, -2, -3, -6, -3, -3, -1, -8, -5, -2, -6, -8, 2, 4, 0, 3, 3, 4, -7, -1, -6, 4, 3, 4, 3, 2, 1, -5, -6, 1, -7, -7, -8, -2, 2, -7, -8, -8, 1, 3, -6, -8, 3, 3, 4, 0, 1, 4, -6, 1, 3, 1, -6, 2, -7, 1, -6, 3, -4, -5, -4, -7, -2, -8, -4, -6, -6, -1, -6, 1, -2, 0, 0, -8, 0, -5, -7, 3, -3, -6, -5, -5, -4, -7]
 
1.39358806085: [-4, 2, -6, -6, -8, -3, -5, 1, 2, -7, 1, 1, 1, -6, -1, 4, -8, -6, -4, 4, -4, -8, -1, -5, 0, -1, 1, 0, -7, 0, 0, -7, -7, 3, -5, 3, -5, 0, -4, -3, -3, 1, -2, 1, -7, -6, 1, -4, 2, -5, -1, -1, -5, -5, 0, -5, -6, -4, -2, 0, -6, 2, 0, -6, -7, -3, -7, -3, 2, -8, -6, -1, -7, -7, 2, 4, 3, -4, -2, 4, -3, -2, 0, -7, -3, -1, -3, 1, 1, 0, 2, -4, -6, -5, 3, -1, -6, -1, -5, -8, -8, 3, 3, 2, -7, -5, -1, 3, -7, -3, 2, -5, -3, -4, -3, -3, -1, -1, 0, -4, -8, -6, -6, 1, -2, -8, -8, 4]
 
2.04388532994: [-8, -6, 0, 2, 2, 2, -8, -3, 4, 0, 1, -7, 4, -8, -1, -5, -5, -3, -7, 0, 4, -2, 1, -2, -3, -2, -5, 3, 2, -4, 1, 3, 3, 0, -3, 3, -6, 0, -5, -2, -6, -4, -2, -7, -5, 1, 2, -6, 0, 0, -1, -8, -5, -8, -6, -2, -8, 4, 0, 3, 0, -3, -7, -1, -1, 4, -3, 4, 3, 2, 1, -8, -6, 1, -7, -7, -8, 2, 2, -7, -7, -8, -4, -6, -3, 4, -6, 3, -8, 1, 1, -6, 4, -4, 3, 1, -6, -3, -4, -8, 1, -5, -4, 3, -4, 2, -2, 3, -7, -7, 2, -1, -3, -5, -8, 1, -6, -1, 0, -7, 2, -4, -1, -3, -5, 3, 4, -8]
 
3.99074478996: [-8, -6, 0, 2, 2, 2, -8, -3, 4, 0, 1, -7, 4, -8, -1, -5, -5, -3, -7, 0, 4, -2, 1, -2, -3, -2, -5, 3, 2, -4, 1, 3, 3, 0, -3, 3, -6, 0, -5, -2, -6, -4, -2, 1, -7, -2, -2, -4, 2, -5, 0, -3, -5, -8, -6, -2, -2, -2, -3, 3, 0, 1, -6, -4, -2, 4, -3, -2, 3, 2, -7, 4, -5, -4, -7, -3, -8, 0, 4, -1, -7, 4, -4, -6, 0, 4, -6, 3, -8, -4, 1, -6, 4, -4, 3, 1, -6, -3, -4, -8, 1, -5, -4, 3, -4, 2, -2, 3, -7, -7, 2, -1, -3, -5, -8, 1, -6, -1, 0, -7, 2, -4, -1, -3, -5, 3, 4, -8]
 
0.542395893476: [0, 2, 1, 0, -4, -7, 3, -2, 3, -8, -6, 1, 1, -6, -1, 4, -8, -6, 4, -1, -4, -2, -3, 1, -6, -5, 2, 2, 2, -6, -7, 4, -4, 1, -6, -4, -2, -8, -8, -4, 2, -8, -3, -5, -1, -6, 0, -3, 4, -3, 4, -6, -4, -3, -1, 0, 4, 0, -7, -5, -4, -1, -2, 0, 2, 0, -1, -8, -4, 3, -6, 2, 2, -6, -5, -7, -6, 1, -6, -6, -1, -1, -2, 2, 2, 0, -8, 0, 2, -8, 0, -1, -5, -8, 2, 0, -8, -8, 4, -7, 0, -3, 0, -1, -2, -1, 2, -3, -5, -1, 0, -1, -3, -1, -3, 1, 1, -1, -8, 0, 3, -3, -3, 1, -7, -1, -5, 0]
 
3.00706086308: [-8, -6, -1, -4, 2, 2, -8, -3, 4, 0, 1, -7, 4, -7, -8, -5, -5, -3, -7, 0, 4, -2, -8, 1, -8, -2, -5, 4, 2, -1, 1, 3, 3, 1, 0, -7, -2, -3, -8, -1, 2, -8, -3, -8, 3, -6, 0, -3, 3, -3, 4, -6, -4, -3, -1, -5, 4, 0, -7, -5, -1, -1, -2, 0, 2, -3, -1, -3, 4, 3, -6, 2, -7, 0, -6, -1, 3, -4, -5, -7, -6, -2, 0, -1, -8, -5, -8, 1, -3, -5, 2, -6, -6, 4, -8, 2, -6, -4, -7, -3, -7, 3, -6, 2, -8, -8, -7, 3, -6, -7, 2, 3, -3, 2, -3, 3, 0, 0, 0, -2, -7, -8, 4, -1, -4, 3, 3, -2]
 
2.73080435482: [-8, -6, 0, 2, 2, 2, -8, -3, 4, 0, 1, -7, 4, -8, -1, -5, -5, -3, -7, 0, 4, -2, -8, 1, -8, -2, -5, 4, 2, 2, 0, -7, -1, 4, -6, -4, -2, -8, -8, -4, 2, -8, -3, -5, -1, -6, 0, -3, 3, -3, 4, -6, -4, -3, -1, -5, 4, 0, -7, -5, -1, 1, -6, -4, -2, 4, -3, -2, 4, 3, -6, 2, -7, -7, -6, 0, -5, 1, 2, 4, 1, -7, -7, 3, 2, 4, -6, 3, -8, 1, 1, -6, 4, -4, 3, 1, -6, -3, -4, -8, 1, -5, -4, 3, -4, 2, -2, 3, -7, -7, 2, -1, -3, -5, -8, 1, -6, -1, 0, -7, 2, -4, -1, -3, -5, 3, 4, -8]
 
3.55022053465: [-8, -6, 0, 2, 2, 2, -8, -3, 4, 0, 1, -7, 4, -8, -1, -5, -5, -3, -7, 0, 4, -2, -8, 1, -8, -2, -5, 4, 2, 2, 0, -7, -1, 4, -6, -4, -2, -8, -8, -4, 2, -8, -3, -5, -1, -6, 0, -3, 3, -3, 4, -6, -4, -3, -1, -5, 4, 0, -7, -5, -1, 1, -6, -4, -2, 4, -3, -2, 3, 2, -7, 4, -5, -4, -7, -3, -8, 0, 4, -1, -7, 4, -4, -6, -3, 4, -6, 3, -8, 1, 1, -6, 4, -4, 3, 1, -6, -3, -4, -8, 1, -5, -4, 3, -4, 2, -2, 3, -7, -7, 2, -1, -3, -5, -8, 1, -6, -1, 0, -7, 2, -4, -1, -3, -5, 3, 4, -8]
 
2.44051322009: [0, 1, -8, 4, 0, -4, 0, 4, 1, -7, 0, -2, -1, -4, -2, -5, 0, -5, -7, -4, -4, -2, -5, 0, -6, -8, -6, 2, -5, -1, 1, -6, 3, 1, 0, -6, -7, -7, -8, -1, 2, -6, -3, -8, 3, -6, 2, -3, -3, -3, -3, 1, -4, -3, -5, 0, 4, -4, -7, -5, 4, -1, -3, 0, 2, 0, -1, -8, -4, -1, -3, 2, 2, -6, -5, -6, 3, 3, -1, -1, -4, -6, 4, -7, 0, 4, -6, -4, -8, -4, 3, -2, 4, 3, 3, -6, -6, -1, -4, 4, 4, -8, -4, 1, -4, -1, 2, -3, -8, -4, 0, -1, -3, -1, 3, 1, -2, -1, -8, 0, 3, -3, -3, 1, -7, -6, -1, 2]
 
1.27178975044: [-8, -6, 0, 2, 2, 2, -8, -3, 4, 0, 1, -7, 4, -8, -1, -5, -5, -3, -7, 0, 4, -2, 1, -2, -3, -2, -5, 3, 2, -4, 1, 3, 3, 0, -3, 3, -6, 0, -5, -2, 2, 4, -3, -7, -4, -6, -2, -7, 3, 1, -2, 2, -2, -3, -2, -4, 4, 2, -2, 1, 3, 4, -2, 0, 2, 0, -1, 4, 4, -3, -5, 2, -7, 2, 2, -7, -6, 1, -6, -6, -1, -1, -2, 2, 2, 0, -8, 0, 2, -8, 0, -1, -5, -8, 2, 0, -8, -8, 4, -7, 0, -3, 0, -1, -2, 2, -2, 3, -7, -3, -4, -3, -3, -5, -8, 3, -3, 2, 4, -1, 2, -3, -1, -3, -8, -1, -4, 2]
 
1.62183208443: [0, 2, 1, 0, -4, -7, 3, -2, 3, -8, -6, 1, 1, -6, -1, 4, -8, -6, 4, -1, -4, -2, -3, 1, -6, -5, 2, 2, 2, -6, -7, 4, -4, 1, -6, -4, -2, -8, -8, -4, 2, -8, -3, -5, -1, -6, 0, -3, 3, -3, 4, -6, -4, -3, -1, -5, 4, 0, -7, -5, -1, 1, -6, -4, -2, 4, -1, -3, 4, 3, -6, 2, -7, -7, -6, 0, -5, 1, 2, 4, 1, -7, -7, 3, 2, 4, -6, 3, -8, 1, 1, -6, 4, -4, 3, 1, -6, -3, -4, -8, 1, -5, -4, 3, -4, 2, -5, -3, -7, -8, 0, -4, 3, -1, 2, -1, 1, 3, 4, -4, 3, 3, -4, 1, 3, -8, -4, -7]
 
1.05695527041: [-7, 2, -6, 1, 3, 3, 3, 2, 3, -5, 1, 1, -6, 2, 3, 2, -1, 3, -7, 0, 1, -1, 0, -2, -3, -2, -5, -4, 2, -4, 1, -2, 3, 3, -3, 3, -6, 0, -5, 4, -1, -3, -2, -8, -7, -6, -2, -2, 2, -2, -3, -3, -5, 0, -6, -2, -2, -2, 1, 3, -3, 1, -6, 2, -2, 0, -7, -2, 3, 2, 4, 4, -5, -4, -7, -4, 0, 0, 4, -3, -8, -5, -4, -6, -3, -5, -6, 3, -8, 2, 1, -6, -7, -4, 3, -1, -4, -3, 2, -8, 1, 0, 3, -3, -4, 4, -1, 4, -7, -7, -2, -1, 2, -5, 4, 1, -6, -4, 0, -7, -4, -4, -1, 0, -5, 2, 4, -8]
 
1.47922825685: [0, 2, 1, 0, -4, -7, 3, -2, 3, -8, -6, 1, 1, -6, -1, 4, -8, -6, 4, -1, -4, -2, -3, 1, -6, -5, 2, 2, 2, -6, -7, 4, -4, 1, -6, -4, -2, -8, -8, -4, 2, -8, -3, -5, -1, -6, 0, -3, 3, -3, 4, -6, -4, -3, -1, -5, 4, 0, -7, -5, -1, 1, -6, -4, -2, 4, -1, -3, 4, 3, -6, 2, -7, -7, -6, 0, -5, 1, 2, 4, 1, -7, -7, 3, 2, 4, -6, 3, -8, 1, 1, -6, 4, -4, 3, 1, -6, -3, -4, -8, 1, -5, -4, 3, -4, 2, -5, -3, -7, -8, 0, -4, 3, -1, 2, -1, 1, 3, 4, -4, 3, 3, -4, 1, 3, -8, -4, -7]
 
2.88801918807: [0, 2, 1, 0, -4, -7, 3, -2, 3, -8, -6, 1, 1, -6, -1, 4, -8, -6, 4, -1, -4, -2, -3, 1, -6, -5, 2, 2, 2, -6, -7, 4, -4, 1, -6, -4, -2, -8, -8, -4, 2, -8, -3, -5, -1, -6, 0, -3, 3, -3, 4, -6, -4, -3, -1, -5, 4, 0, -7, -5, -1, -1, -2, 0, 2, -3, -3, -2, 3, 2, -7, 4, -5, -4, -7, -3, -8, 0, 4, -1, -7, 4, -4, -6, -3, 4, -6, 3, -8, 1, 1, -6, 4, -4, 3, 1, -6, -3, -4, -8, 1, -5, -4, 3, -4, 2, -2, 3, -7, -7, 2, -1, -3, -5, -8, 1, -6, -1, 0, -7, 2, -4, -1, -3, -5, 3, 4, -8]
 
