0.7149636657706577: [-8, -4, -4, 0, -1, 2, -5, -3, -7, -8, -7, -6, 2, 3, -7, -1, -2, 4, -1, -7, -2, 1, -3, -4, -3, -8, -5, -5, -5, 0, -7, 0, -3, -6, 3, -5, -2, -3, -8, 0, -1, -4, -3, 1, -3, -6, -8, 2, 2, -7, -1, -8, -7, -1, 4, -2, -5, -4, -4, 1, 4, -7, -3, 3, -3, -2, -5, -5, -2, -2, 3, -6, -5, 1, -3, -3, -7, -7, 4, -1, 2, -6, -2, 3, 2, 0, -5, 0, 0, -4, 4, -8, 4, -4, 1, -5, -3, -6, 1, 0, 2, -2, 3, -3, -3, 2, -3, -5, 1, -3, -6, 3, 2, -8, -1, 1, 4, -8, 4, 0, 3, 1, 3, -1, -5, -5, -6, -7]
 
2.8574412883437716: [-2, -6, -6, 1, 0, 0, 1, -8, 3, -1, -8, -7, -7, -1, 0, -8, -8, -4, -5, -6, 1, 1, -4, 4, -5, -4, 2, -6, 1, 1, -4, 2, -3, -1, -8, -5, -7, 1, 2, -5, -8, 3, 3, 1, -1, -2, -2, 2, 2, -6, 0, -3, -5, -8, -6, -7, -8, -2, -3, -8, 0, 1, -6, -4, -2, 4, -7, -4, -5, -1, -8, -7, 4, -4, -3, -7, -7, -6, 4, -7, -6, 4, -7, -1, -7, -3, 4, -2, -3, -7, -4, -8, 3, 4, -5, -8, -4, -7, -7, -4, 1, 2, -6, -5, -2, 1, 1, 0, -6, -6, -4, 4, 1, -3, -4, -6, -6, -6, -1, -1, 0, -1, 1, 4, 4, 0, 2, 1]
 
1.3750353118001275: [4, 3, -7, -5, -3, -7, 4, 2, -1, 3, 1, 2, 3, -7, -5, 3, 2, -3, -3, -6, -7, 0, -8, -8, 0, -6, 2, -5, 2, -2, 4, -4, 2, -6, 3, -2, 3, 4, 4, 3, -8, -8, -5, 2, 3, 0, 2, -6, -8, 0, 0, -3, -5, -3, -8, 2, -2, -2, -6, 3, -2, -6, -6, 1, -5, 4, -4, -2, 4, -3, -2, 4, -8, -5, 3, -8, 0, 0, -4, -3, -7, 4, -6, 1, -4, -5, -8, 3, 3, -4, 1, 0, 0, -1, -8, -8, -3, 2, -4, -7, 0, -5, -1, -4, -4, -3, -5, -7, 4, -5, 1, 4, -3, -2, 0, -2, -4, 3, -8, 0, -5, 3, 0, 0, -2, 1, -1, -4]
 
1.747127525462242: [-2, -2, -1, 1, 1, 2, 4, 1, 4, 1, -4, 1, -5, -7, -6, 0, 2, -8, -7, 4, -5, 1, -4, 3, 3, 1, -8, 4, -3, 0, -1, 0, -1, -3, -5, -5, -7, -3, -1, 1, -5, 3, -4, 2, 2, 1, 1, 4, 4, -5, 2, -3, -2, -7, 2, -3, 4, -5, -7, -6, 2, 1, -6, 0, -8, -8, 0, -4, 1, -5, -5, 2, 1, -7, 1, -1, -4, 4, 4, 3, 1, -7, -7, 2, 2, 4, -6, -5, -7, 4, -8, -3, -6, -4, 3, -7, 4, -3, -4, -3, -2, -5, -4, -1, 0, -7, 3, -1, 1, 4, 3, -2, -1, -2, -4, 0, -8, 2, -6, -8, 0, 0, 1, -3, 0, 2, 0, -6]
 
3.3017617052958: [-2, -6, -6, 1, 0, 0, 1, -8, 3, -1, -8, -7, -7, -1, 0, -8, -8, -4, -5, -6, 1, 1, -4, 4, -5, -4, 2, -6, 1, 1, -4, 2, -3, -1, -8, -5, -7, 1, 2, -5, -8, 3, 3, 1, -1, -2, -2, 2, 2, -6, 0, -3, -5, -8, -6, -7, -8, -2, -3, -8, 0, 1, -6, -4, -2, 4, -7, -4, -5, -1, -8, -7, 4, -4, -3, -7, -7, -6, 4, -7, -6, 4, -7, -1, -7, -3, 4, -2, -3, -7, -4, -8, 3, 4, -5, -8, -4, -7, -7, -4, 1, 2, -6, -5, -2, 1, 1, 0, -6, -6, -4, 4, 1, -3, -4, -6, -6, -6, -1, -1, 0, -1, 1, 4, 4, 0, 4, 4]
 
1.0155474581440216: [1, -2, -6, 2, -5, 2, 4, -4, -5, 4, -1, -4, -2, -3, 2, 0, -8, -7, -3, -4, -7, 0, -4, -8, -8, 3, -5, -4, 2, 0, 3, 1, -3, 2, -3, 3, -6, 0, -5, -2, -6, -4, -2, 1, -7, -2, -2, -4, 2, -5, 0, -3, -5, -8, -6, -2, -2, -2, -3, 3, 0, 1, -6, -4, -2, 4, -1, -2, 3, 3, -8, -7, 4, -4, 0, -2, -7, -6, 4, -7, -5, -8, 4, -1, -3, -2, 4, -8, -2, -8, -4, -2, 3, -2, -8, -8, -4, 1, -2, -2, -7, -8, -4, 3, -4, 4, 3, 0, -3, -1, -4, -2, -3, -6, -1, 1, 0, -1, -5, 4, 2, -3, 1, -3, -5, -4, -4, -8]
 
0.447339205017: [-2, -6, -1, 4, -4, -1, -3, -1, -3, -6, 2, -6, 2, 2, -1, 4, -1, -6, -8, 2, 4, -1, 4, -8, -5, 4, 4, -6, 2, -5, 2, 4, -3, -6, -5, 2, 4, 4, 2, 3, 2, 1, -5, -8, 1, 2, 4, 0, 1, 4, -4, -5, 2, 3, 0, -5, -7, -6, 0, 2, 1, -2, 1, -6, -8, -7, 4, 3, -8, -2, -5, -8, -4, 2, 0, 0, -7, -8, -3, 4, -5, 0, 1, -3, -3, -8, 2, -8, -3, -8, -4, 1, -5, -7, 1, -4, 2, 3, -1, 2, -5, -4, -3, 2, 4, -7, 3, -2, 2, 2, -1, 4, 2, -6, -7, 3, -4, -6, 0, -4, -4, 4, 3, -5, 3, -5, -6, 2]
 
1.46555057821: [-2, -2, -4, -6, 3, 4, 1, -6, 3, -3, -1, -4, -6, 0, 0, -5, 3, 0, 3, -6, 1, -5, -1, -7, 0, -7, -1, -6, 4, -8, 1, 2, -7, -2, -7, -5, -7, -5, 3, 4, -2, 4, -7, -2, 3, 4, -2, 1, 2, -7, -6, -3, 4, -3, -5, 3, 3, -4, -5, 3, -6, -1, 4, 1, -2, -2, -1, 4, 3, -5, -8, -6, -7, -5, -2, 3, -4, 0, 4, -7, -5, 0, 1, -1, 1, -2, -1, 3, -5, -8, -4, -1, -7, -3, -8, -6, 0, -4, -1, -5, -7, -7, 3, -5, -5, 1, -6, 3, 3, 0, -7, -7, -1, -2, 3, -8, -4, -6, -8, -4, -7, -7, -3, -6, -4, -5, 2, 0]
 
0.8196703527267093: [3, 2, 4, -1, -2, -7, 2, -7, -7, -3, 0, -8, 4, 1, 3, 1, 3, 0, 1, -5, -6, -2, -5, -2, -7, -4, -5, -4, -2, 1, 3, 4, 0, -8, -5, -7, -8, -3, -6, -8, 2, -4, 1, -8, 1, 2, -1, 2, -1, 0, 0, -3, -7, 3, 4, -5, -3, -5, 0, -7, 2, -6, 0, -7, -8, 4, 2, -4, -4, -2, -4, -1, -8, 4, 1, -5, -7, -4, 0, -4, -7, 2, -1, -5, -2, 1, -5, 4, -3, 0, -4, 1, -5, -2, 1, -4, 3, 3, -5, -2, -5, -4, -1, -5, -1, -7, 3, 1, 2, 4, -1, 4, 2, -6, -3, 3, -4, -6, 0, -4, -5, 4, 3, -2, -7, -5, 0, 2]
 
0.598293654334: [2, -2, -4, -2, -6, 2, -3, 1, -4, -6, -7, -8, -6, 2, -5, 0, -7, 0, -1, -2, -5, 1, -4, -6, -2, -5, -8, 1, -3, 3, 3, 1, 1, 4, 4, -2, -4, -8, -6, -4, -5, -4, -5, -3, -8, -6, -8, 3, -2, -5, -4, -1, -5, -3, -6, 3, -8, -5, 4, -2, 4, -5, -6, 0, -4, 2, -1, -4, -2, -3, 3, -2, 0, -5, 0, 1, 0, -7, -2, 0, -5, -7, 4, 4, -1, -5, -1, -5, -1, -5, 1, 0, 3, -3, -5, 4, -7, 1, 3, 0, -6, -8, -1, -1, 3, 2, 0, -3, 1, -4, 3, 3, -1, 2, -5, -4, -3, 2, -3, -6, -6, -2, -4, -3, 4, 0, -3, 1]
 
1.17062242979: [-3, -5, -7, -3, -4, -7, 4, -5, -1, 3, 1, -2, -3, -8, 1, 4, 4, -1, -5, -6, -7, 0, 4, -8, 0, -5, 2, 0, 2, -6, 4, 4, 3, -7, 3, 1, -4, -1, 4, -2, -1, 0, -2, -6, -2, -7, -3, -7, -6, -7, -2, 3, -6, 3, 3, -6, 2, -6, 0, -7, 2, -2, 3, -6, -8, -6, -8, -5, -8, -2, 2, -4, 1, 1, 0, 4, -7, -8, -5, -8, -2, -5, -6, 3, -3, -2, 4, -8, -2, -8, 4, -1, -1, -2, -8, -4, -4, 1, 0, -2, -7, 2, -8, -1, -2, -2, -6, 3, -7, 1, 3, -7, -5, -2, 2, 4, -4, -5, 4, 4, 3, -7, -8, 1, -6, 4, -4, -7]
 
2.1802945963: [3, -2, -1, -3, -3, 4, -1, 1, 1, -6, -7, -4, -3, 1, 2, -7, -6, -5, -2, 0, 4, -4, 4, 4, -8, -1, -3, -6, 0, -1, -6, -6, -8, 0, 1, -6, -2, -5, -2, 0, -5, 0, 0, -7, 3, -8, -7, -4, 2, -5, 0, -3, 3, -8, -3, -2, -2, -2, -1, 3, 0, 1, -6, -4, -4, 4, -1, -2, 3, 3, -1, -7, 2, 3, 0, 0, 4, -6, 4, -7, -5, -8, 4, -1, -2, -7, 4, -8, -6, -8, -8, -2, 3, -2, -8, -8, -4, -2, -2, -2, 1, -8, -4, 4, 4, 4, 3, 0, -3, -1, -2, -5, -3, -6, -1, 1, 0, -1, -5, 4, -2, 4, 1, -3, -6, -3, 1, -8]
 
2.61824228876: [-2, 3, -4, 0, -1, 2, -3, -4, -7, 0, -4, -6, 3, 3, -7, -1, -5, -6, -1, -7, -2, 4, -7, 4, 1, -8, -5, -5, -3, -1, 2, 0, -2, -7, 3, 2, -2, 1, 1, 1, 4, -4, -1, -1, 1, -6, -1, 4, -3, -3, -5, -8, -4, 2, 4, -2, -2, 1, -2, -5, -3, -1, -3, 3, 3, -6, -5, -8, -2, -2, 1, -6, 0, 1, -5, 2, 2, -5, 4, -7, 2, -4, -2, 3, -3, 0, -5, 0, -5, -8, 0, -8, 4, -2, 1, -5, -4, -7, 1, 3, 2, -2, -7, -3, 0, -2, 2, 1, 1, -7, 0, -2, 0, -6, -4, -8, -6, -5, -5, 2, -3, 3, -7, -1, -5, -5, 0, -5]
 
1.7042847980279054: [-4, -4, -4, 2, -7, -4, 0, -3, -5, 0, -6, 0, -3, -2, -7, -2, -4, -6, -5, 0, -8, 3, 2, 4, -3, -2, 2, -4, -5, -5, -2, -2, -4, 1, -8, -4, -4, 3, -1, -7, 0, -6, 1, -8, -8, -4, 0, 0, 0, -4, -3, 1, 0, -1, -3, 1, -4, 0, -4, -4, -4, -4, -7, -4, -3, 0, 3, -3, -5, 4, -7, -6, -3, 1, 0, 3, -7, -8, -7, 4, -2, 0, -6, 3, -3, -2, 4, -8, -2, -8, -4, -2, 3, -2, -8, -8, -4, 1, -2, -2, -7, -4, -6, -5, -2, -2, -6, 3, -1, 1, 3, -7, -5, -2, 2, 4, -4, -5, -8, 4, 3, -7, 0, 1, -6, 4, 2, 1]
 
2.271408353025659: [-1, 4, -6, 2, -8, 0, -5, -4, -2, 4, 2, -4, -4, -3, 2, 0, -8, -7, -3, 1, -7, -6, -7, -8, -8, 3, -2, 1, 4, -7, -5, -3, -3, 2, -8, -7, -3, 2, 0, 0, -8, -8, -6, -8, -8, -2, -3, -1, -2, -8, -6, -5, -3, -1, -8, -2, -1, 2, -5, -6, 3, 1, -5, 0, -4, 1, 0, -4, 0, -6, -1, -1, 3, -7, 4, -6, -4, 4, 4, 3, 1, -7, -7, -2, 3, -5, -8, -5, -5, 3, -4, -3, -3, -4, 3, 0, -6, -5, -4, -1, -2, 1, -6, -5, 0, -7, -2, -6, -7, -7, 4, 2, -1, -2, -1, 3, -6, 2, -8, -2, 2, 2, -7, -4, 0, 2, 0, -7]
 
1.9903616859481328: [2, 0, 2, -1, -2, -8, 4, -5, -3, 1, -7, 4, 1, -6, -5, -5, -6, -7, -3, -7, -3, 0, -4, -2, -8, -7, -5, -4, 2, 0, 3, 1, 1, 2, -3, -7, 1, 2, -8, -2, 3, -4, -1, 1, -7, -4, -2, -4, 2, 3, 0, -2, -5, -3, 4, -6, -2, -2, -6, -4, -2, 4, -6, 1, 2, 0, -6, 3, 2, -3, -2, 4, -5, -5, -7, -8, -8, 0, 4, -3, -3, 4, -6, -6, 0, -7, 3, 3, -4, -4, 1, 1, -3, -4, -8, 2, 4, 3, -7, 0, -5, -5, 1, -8, -4, -3, -4, -7, 4, 2, 1, 2, -7, 2, -4, -4, -2, -7, 0, 0, -5, 3, 0, -3, -2, -2, -7, -2]
 
1.33016983835: [4, -7, -2, 2, -1, 2, 1, 0, -5, -1, -4, -7, -4, 4, -1, -3, -1, 2, 3, 0, 2, 1, -4, 2, 3, -4, -5, -1, 0, -2, 2, 0, 3, -1, 3, 2, -7, 2, -1, -5, 2, 3, -6, -8, -3, 2, 4, -6, -6, 4, -5, 2, -6, -7, -1, -5, 4, 2, -6, 2, -4, -8, -6, 2, 4, 1, 4, -8, -7, 2, -7, 4, -5, -6, -6, 0, 3, -4, 2, -1, 3, -7, -4, -1, 3, 3, -3, 3, -3, -1, -6, -6, -1, -1, -7, 0, -2, -6, -3, 2, -5, -7, 1, -7, -2, 4, -3, -4, -8, -2, -7, 1, -2, 0, -8, 2, -8, -5, -7, -7, 1, -1, -6, 2, -5, -7, 4, -4]
 
1.14680129172: [2, 3, -4, -5, -5, -7, -4, 2, -1, 3, -5, 2, -3, 0, 1, 3, -2, -3, 1, -6, -7, -2, -8, -2, -2, -2, -4, 0, -7, -6, 4, 4, 3, -7, 3, -2, -5, 4, 3, -8, 4, -4, 3, 4, -7, -2, 2, 4, 3, -5, 0, -3, -5, -6, -6, -7, -4, -4, 4, -8, 0, 1, -6, -6, -2, 0, -7, -2, 3, 3, -3, -7, 4, 3, 3, -2, -7, -6, 4, -7, -5, 0, 4, 4, 4, 3, -2, 3, -3, -6, 1, -1, -8, 1, 3, -1, -4, -2, -8, -8, 3, -8, -8, 3, -8, -7, -3, -2, -2, -2, 2, -2, -4, -4, -2, 2, -1, -8, 3, -3, 2, -2, 0, -1, 4, -5, -4, 3]
 
1.6201260437717044: [-2, -2, -1, 1, 0, 2, 4, 1, 4, 4, -2, 2, -3, -7, -8, 0, -8, 0, -7, 0, -5, 1, -4, -8, -8, 2, -8, 4, -3, -1, -1, 0, -1, -3, -5, -7, -7, 0, -1, 1, -5, 3, 3, -8, 2, 1, 1, 1, 4, 0, -5, -4, -2, -7, 2, -3, 4, -5, -7, -6, 3, 1, -6, 0, -2, 1, 0, -4, 3, -6, -1, 2, 3, -7, 4, -6, -4, 4, 4, 3, 1, -7, -7, 3, 2, -5, -6, -5, -7, -1, 0, -6, -8, 1, 3, -6, -6, 1, -8, -8, 0, -8, -4, 3, -4, 2, -3, -5, -7, -3, 0, -4, -4, -5, -1, 1, 4, -8, 1, 0, -7, -8, 3, -1, -5, -1, -6, 3]
 
0.8168080701534882: [2, -2, -8, -6, 1, -5, 4, 1, -3, -6, -7, 4, 1, 1, -5, -1, -6, -7, -3, -4, -7, 0, -4, -8, -8, 3, -5, -4, 2, 0, 3, 1, -3, 2, -3, 3, -6, 0, -5, -2, -6, -4, -2, 1, -7, -2, -2, -4, 2, -5, 0, -3, -5, -8, -6, -2, -2, -2, -3, 3, 0, 1, -6, -4, -2, 4, -1, -2, 3, 3, -8, -7, 4, -4, 0, -2, -7, -6, 4, -7, -5, -8, 4, -1, -3, -2, 4, -8, -2, -8, -4, -2, 3, -2, -8, -8, -4, 1, -2, -2, -7, -4, -6, -5, -2, -2, -6, 3, -1, 1, 3, -7, -5, -2, 2, 4, -4, -5, -8, 4, 3, -7, 0, 1, -6, 4, 2, 1]
 
0.7032921944013566: [3, 2, 4, -1, -2, -7, 2, -7, -7, -3, 0, -8, 4, 1, 3, 1, 3, 0, 1, -5, -6, -2, -5, -2, -7, -4, -5, -4, -2, 1, 3, 4, 0, -8, -5, -7, -8, -3, -6, -8, 2, -4, 1, -8, 1, 2, -1, 2, -1, 0, 0, -3, -7, 3, 4, -5, -3, -5, 0, -7, 2, -6, 0, -7, -8, 4, 2, -4, -4, -2, -4, -1, -8, 4, 1, -5, -7, -4, 0, -4, -7, 2, -1, -5, -2, 1, -5, 4, -3, 0, 0, -2, -1, 4, -2, 1, -4, 1, -2, -2, -6, -3, 3, -5, -5, -2, -6, 3, -1, 1, 3, -7, 2, -2, 2, 4, -4, 4, -8, -1, 3, 3, -7, -3, -8, -7, -8, 1]
 
1.4501311815707258: [4, -5, -7, -5, -5, -7, 4, 2, -1, 3, 1, 2, -3, -7, 1, 3, 4, -3, -7, -6, -7, 0, -8, -8, -8, -5, -8, 1, -3, -4, -1, 2, 1, -2, -5, -7, -4, -4, -1, 1, -5, -7, 3, -2, 2, -5, 1, 1, -8, -2, 4, 1, -8, -7, 2, -8, 4, -7, -7, 3, -3, 4, -6, 0, -3, 1, 0, -8, 3, 3, 2, 1, 2, -5, -1, 4, -8, -8, 4, -4, -7, -8, 0, 4, 0, 2, 1, 3, 2, -4, -8, -2, 0, -1, -8, 2, -3, -8, -2, 2, -1, -5, -7, -8, -4, -3, 0, -7, -3, 2, 1, 4, 4, 2, -4, -7, -4, -4, -8, 0, -8, -1, -7, -3, -5, -7, -7, -4]
 
0.7130759918440555: [1, -2, -6, 2, -5, 2, 4, -4, -5, 4, -1, -4, -2, -3, 2, 0, -8, -7, -3, -4, -7, 0, -4, -8, -8, 3, -2, 1, 2, -7, 4, -3, -3, 4, -8, -7, -3, -3, 0, 0, -8, 4, -6, -8, -8, -6, 2, 2, 4, 3, 0, -5, 2, -3, -4, 2, -3, 2, -5, 2, -2, -6, -4, -4, 4, 0, 4, -2, -6, 2, -7, 4, -5, -4, -6, 0, -5, -5, 4, -3, -8, -4, -3, 1, -6, -1, -2, -8, 4, 3, 3, 2, -8, 1, 0, 1, -5, -8, 3, -2, 1, -7, 1, -2, -2, 3, 1, -4, -8, -1, 3, -4, 4, 0, -8, 2, -8, -5, -1, -7, -4, -1, -7, 0, -5, -5, -5, -3]
 
1.4388958316380118: [-2, -2, 2, -7, -4, -1, -3, -7, -3, -6, 0, -2, -1, -7, -1, 4, -1, -8, -8, -8, 4, -1, 4, -8, -5, 4, 4, -6, 2, -5, 2, -8, 2, 4, 2, -7, -7, 4, 2, -4, 2, 2, -3, -8, 1, -8, 4, 2, 1, 4, -2, -5, -6, 3, -4, -5, -6, -6, 0, 2, 2, -2, 1, -6, -8, -7, -4, 3, -8, -2, -5, 3, -4, -4, 0, 0, -7, -8, -3, 4, -5, 0, -6, 3, -3, -2, 4, -8, -3, -8, 0, -2, -1, 4, -2, 1, -4, 1, -2, -2, -6, -3, 3, -5, -5, -2, -6, 3, -1, 1, 3, -7, 2, -2, 2, 4, -4, 4, -8, -1, 3, -7, 0, 1, 3, 4, 2, 1]
 
1.3768916708660062: [-8, 2, -8, -3, 1, -5, -1, 1, -3, 4, 4, -4, -6, -4, -7, -7, -6, -2, -2, 0, 4, 1, 4, 4, 3, -7, 4, -6, 2, -6, -4, -6, -3, -3, 2, -6, 0, 0, -3, -6, -5, -8, -8, -7, -1, -1, -7, -4, -6, -1, -2, -6, 3, -6, -3, 3, -1, 2, -6, -8, -8, -4, 4, -8, 4, -7, -1, -6, 4, 3, -2, 2, 1, -6, 0, 2, 0, -7, 0, -5, 2, -3, -6, -1, -3, -3, 4, -8, -2, -3, -4, -8, -2, -5, -4, -5, -1, -8, -2, -2, -3, -4, -6, 1, 4, 2, 4, 3, -1, 1, 3, -7, -2, -2, -5, 4, 3, 4, -8, 4, -3, -7, 1, 3, -3, 4, 1, -2]
 
0.811031165663: [0, -5, -6, -5, -3, -7, -2, -5, -2, -2, -8, -1, -8, -5, -3, -8, 4, 0, -7, -7, -6, 0, -2, 2, -8, 2, -5, -6, 2, -7, 1, -1, -3, -8, 4, -5, 1, -7, -2, -1, -2, 1, -6, -2, -8, 3, 1, -4, 4, 3, -8, -2, -8, -8, -8, -5, 3, -1, -7, -7, 3, -5, -3, 4, -6, -4, -2, -3, -4, -4, -5, 3, -6, 1, 0, -3, 2, 0, -3, -4, -1, -2, -2, -5, 4, 0, 2, 2, -1, -5, -1, -6, 1, -5, -6, 2, 3, 1, -1, 3, 2, -8, -5, 0, -3, -6, -7, -2, -2, 0, -6, -8, 4, -1, -2, 4, 4, 3, -1, -2, -2, 4, -8, -2, -5, -3, -4, -3]
 
0.841986126724: [-7, 2, -6, -2, -1, -7, 0, 2, -3, -2, 3, -2, -6, -5, 0, 0, -1, -6, -5, 2, 3, 0, 1, -6, 0, 1, 0, 1, 1, -8, 1, -3, -3, 4, 2, -7, -3, -3, 2, -3, 0, 0, -5, -8, -3, -6, -8, 2, 3, 2, -2, -5, 2, 3, -4, 2, -3, -6, 0, 2, -2, -6, -4, -1, 4, -4, 4, 3, 4, -6, -5, -4, 1, -4, -6, -6, 2, -5, 4, 3, -3, -4, -3, -7, 3, -5, 2, -7, 4, -2, 3, -4, -8, 3, 0, -8, -8, -8, 3, -2, -5, 3, 1, -2, -6, -7, 1, -4, -8, -1, 4, -5, -4, 2, -1, 0, -8, -5, 3, -7, -8, -5, 3, 0, -5, -5, 4, -1]
 
0.8816767244029142: [4, -5, -7, -5, -5, -7, 4, 2, -1, 3, 1, 2, -3, -7, 1, 3, 4, -3, -7, 2, -5, -8, 1, -6, -3, 1, 4, -1, -8, 3, 0, 1, 1, -4, 4, -2, -4, 4, -6, -7, 3, -4, -5, -5, 3, -2, 0, 0, 1, 0, -2, -2, -3, -2, -1, 0, -7, -2, -3, -5, 2, -2, 1, -6, -8, 1, -1, 3, -8, -2, -5, 4, 1, 1, 0, 3, -7, -8, -7, 4, -2, 0, -6, 3, 1, -1, -4, 4, -8, -4, 4, 4, -8, -8, 1, -3, 3, -2, -4, -6, -7, 1, 2, 3, -2, -8, -5, 1, 3, 1, 3, -7, -5, -2, 2, 4, -4, -5, -8, 4, 3, -7, 0, 1, -6, 4, 2, 1]
 
1.52144367533039: [-2, -2, -8, 1, 0, 0, 1, -7, 3, -1, -1, -7, -6, -1, 0, -8, 2, -4, -1, -6, 1, 1, -4, -7, 3, -4, 2, -6, -1, 1, 1, 2, -3, -1, -8, -7, -7, 1, 2, -5, -8, 3, 2, 3, 4, 2, 4, -1, -6, 4, -7, 0, 3, -5, 3, -5, -5, -5, -1, -8, -5, -1, 4, -7, -1, 4, -1, -5, 3, 1, 3, -7, 4, 0, -6, -3, -8, -3, -3, -1, 3, 0, 4, 4, 4, 3, -2, 3, -3, -6, 1, -1, -8, 1, 3, -3, -4, 1, -8, -8, 3, -8, -4, 3, -8, -7, -3, -2, -2, -5, 2, -4, -4, -4, -2, 1, -4, -8, 1, 0, 2, -8, -3, -1, -5, 3, -4, 3]
 
1.7067418151579772: [2, -2, -8, -6, 1, -5, 4, 1, -3, -6, -7, 4, 1, 1, -5, -1, -6, -5, 1, 0, 4, 1, 3, 4, -8, -7, 4, -4, 2, -1, -4, -6, -3, -4, -3, -1, 0, -5, -5, -3, 0, -5, 4, -1, 2, 2, -6, -5, -5, -1, -5, 3, -7, -5, 3, -1, 3, -2, 3, 1, 1, 1, -6, 0, -2, 1, -7, -3, -6, 3, -6, 2, -7, -7, -6, -5, -5, -7, 2, 4, 1, -7, 3, 4, 0, -5, 1, -5, -8, 3, 1, -2, -7, -1, -1, 4, 3, 1, 3, 0, 4, -7, 0, 3, -4, 2, 0, 1, -7, -5, 2, 2, 0, -7, -8, 1, -3, 2, -8, 0, -8, 3, -7, -3, 3, -7, -7, -4]
 
1.6052621615520803: [-8, -3, 0, -6, 0, 4, -3, 4, 4, -3, -2, 2, -3, -7, 2, -6, -8, 3, -7, -8, -7, 1, -7, -8, -2, -8, -5, 2, 2, -7, -7, 4, 2, 0, 4, -2, -4, -4, -6, -7, 1, -4, -5, -3, -8, -6, -8, 2, -2, -5, -1, -3, -5, -8, -6, -2, -1, -2, -3, 3, 0, 1, -6, -4, -2, 4, -1, -2, 3, 3, -8, -7, 4, -4, 0, -2, -7, -6, 4, -7, -5, -8, 4, -1, -3, -2, 4, -8, -2, -8, -4, -2, 3, -2, -8, -8, -4, 1, -2, -2, -7, -8, -4, 3, -4, 4, 3, 0, -3, -1, -4, -2, -3, -6, -1, 1, 0, -1, -5, 4, 2, -3, 1, -3, -5, -4, -4, -8]
 
2.961028806527899: [2, -2, -8, -6, 1, -5, 4, 1, -3, -6, -7, 4, 1, 1, -5, -1, -6, -7, -3, -4, -7, 0, -4, -8, -8, 3, -5, -4, 2, 0, 2, -1, 2, 4, -5, -7, -7, 0, 2, -5, 2, 2, -6, -8, 1, 2, 4, -6, 1, 4, 2, -5, -5, 3, 3, 0, 2, -6, 0, 2, 2, -2, 1, -6, -8, 1, -1, 3, -8, -2, -5, 4, 1, 3, -1, -7, 0, -5, 4, -7, 1, -7, -7, 3, 2, -5, -6, -5, -7, -8, -8, -3, -6, -4, 3, -5, 4, -3, -4, -8, -2, -5, -4, 3, 0, -7, -2, -6, -7, -7, 4, 2, -1, -2, -1, 0, -8, 2, -6, 1, -5, -2, -7, -3, 0, 2, 0, -6]
 
1.11154113127: [-2, -2, 2, -7, -4, -1, -3, -7, -3, -6, 0, -2, -1, -7, -1, 4, -1, -8, -8, -8, 4, -1, 4, -8, -5, 4, 4, -6, 2, -5, 2, -8, 2, 4, 2, -7, -7, 4, 2, -4, 2, 2, -3, -8, 1, -8, 4, 2, 1, 4, -2, -5, -6, 3, -4, -5, -6, -6, 0, 2, 2, -2, 1, -6, -8, -7, -4, 3, -8, -2, -5, 3, -4, -4, 0, 0, -7, -8, -3, 4, -5, 0, -6, 3, -3, -2, 4, -8, -3, -8, -4, 1, -5, -2, 1, -4, 3, 3, -5, -2, -5, -4, -1, -5, -1, -7, 3, 1, 2, 4, -1, 4, 2, -6, -3, 3, -4, -6, 0, -4, -5, 4, 3, -2, -7, -5, 0, 2]
 
1.51997222314: [-2, -2, 2, -7, -4, -1, -3, -7, -3, -6, 0, -2, -1, -7, -1, 4, -1, -8, -8, -8, 4, -1, 4, -8, -5, 4, 4, -6, 2, -5, 2, -8, 2, 4, 2, -7, -7, 4, 2, -4, 2, 2, -3, -8, 1, -8, 4, 2, 1, 4, -2, -5, -6, 3, -4, -5, -6, -6, 0, 2, 2, -2, 1, -6, -8, -7, -4, 3, -8, -2, -5, 3, -4, -4, 0, 0, -7, -8, -3, 4, -5, 0, -6, 3, -3, -2, 4, -8, -3, -8, 0, -2, -1, 4, -2, 1, -4, 1, -2, -2, -6, -3, 3, -5, -5, -2, -6, 3, -1, 1, 3, -7, 2, -2, 2, 4, -4, 4, -8, -1, 3, -7, 0, 1, 3, 4, 2, 1]
 
2.00274528628: [-2, -2, 2, -7, -4, -1, -3, -7, -3, -6, 0, -2, -1, -7, -1, 4, -1, -8, -8, -8, 4, -1, 4, -8, -5, 4, 4, -6, 2, -5, -1, 2, 1, -2, -5, -7, -4, -4, -1, 1, -5, -7, 3, -2, 2, -5, 1, 1, -8, -2, 4, 1, -8, -7, 2, -8, 4, -7, -7, 3, -3, 4, -6, 0, -3, 1, 0, -8, 3, 3, 2, 1, 2, -5, -1, 4, -8, -8, 4, -4, -7, -8, 0, 4, 0, 2, 1, 3, 2, -4, -8, -2, 0, -1, -8, 2, -3, -8, -2, 2, -1, -5, -7, -8, -4, -3, 0, -7, -3, 2, 1, 4, 4, 2, -4, -7, -4, -4, -8, 0, -8, -1, -7, -3, -5, -7, -7, -4]
 
0.645778815199: [4, -5, -7, -5, -5, -7, 4, 2, -1, 3, 1, 2, -3, -7, 1, 3, 4, -3, -7, -6, -7, 0, -8, -8, -8, -5, -8, 1, -3, -4, 2, -8, 2, 4, 2, -7, -7, 4, 2, -4, 2, 2, -3, -8, 1, -8, 4, 2, 1, 4, -2, -5, -6, 3, -4, -5, -6, -6, 0, 2, 2, -2, 1, -6, -8, -7, -4, 3, -8, -2, -5, 3, -4, -4, 0, 0, -7, -8, -3, 4, -5, 0, -6, 3, -3, -2, 4, -8, -3, -8, 0, -2, -1, 4, -2, 1, -4, 1, -2, -2, -6, -3, 3, -5, -5, -2, -6, 3, -1, 1, 3, -7, 2, -2, 2, 4, -4, 4, -8, -1, 3, -7, 0, 1, 3, 4, 2, 1]
 
0.450105309913: [1, 0, -7, 1, 3, -7, 0, 2, -1, 3, 3, -1, -6, -5, 0, -2, -8, -6, 0, 2, -5, -8, 1, -6, -3, 1, 4, -1, -8, 3, 0, -3, -3, 4, -8, -7, -3, -3, 0, 0, -8, 4, -6, -8, -8, -6, 2, 2, 4, 3, 0, -5, 2, -3, -4, 2, -3, 2, -5, 2, -2, -6, -4, -4, 4, 0, 4, -2, -6, 2, -7, 4, -5, -4, -6, 0, -5, -8, -7, 4, -2, 0, -6, 3, -3, -2, 4, -8, -2, -8, -4, -2, 3, -2, -8, -8, -4, 1, -2, -2, -7, -4, -6, -5, -2, -2, -6, 3, -1, 1, 3, -7, -5, -2, 2, 4, -4, -5, -8, 4, 3, -7, 0, 1, -6, 4, 2, 1]
 
0.9381820692: [-4, -4, -4, 2, -7, -4, 0, -3, -5, 0, -6, 0, -3, -2, -7, -2, -4, -6, -5, 0, -8, 3, 2, 4, -3, -2, 2, -4, -5, -5, -2, -2, -4, 1, -8, -4, -4, 3, -1, -7, 0, -6, 1, -8, -8, -4, 0, 0, 0, -4, -3, 1, 0, -1, -3, 1, -4, 0, -4, -4, -4, -4, -7, -4, -3, 0, 3, -3, -5, 4, -7, -6, -3, 1, 0, 3, -7, -5, 4, -3, -8, -4, -3, 1, -6, -1, -2, -8, 4, 3, 3, 2, -8, 1, 0, 1, -5, -8, 3, -2, 1, -7, 1, -2, -2, 3, 1, -4, -8, -1, 3, -4, 4, 0, -8, 2, -8, -5, -1, -7, -4, -1, -7, 0, -5, -5, -5, -3]
 
1.80359674384: [4, 3, -7, -5, -3, -7, 4, 2, -1, 3, 1, 2, 3, -7, -5, 3, 2, -3, -3, -6, -7, 0, -8, -8, 0, -6, 2, -5, 2, -2, 4, -4, 2, -6, 3, -2, 3, 4, 4, 3, -8, -8, -5, 2, 3, 0, 2, -6, -8, 0, 0, -3, -5, -3, -8, 2, -2, -2, -6, 3, -2, -6, -6, 1, -5, 4, -4, -2, 4, -3, -2, 4, -8, -5, 3, -8, 0, 0, -4, -3, -7, 4, -6, 1, -4, -5, -8, 3, 3, -4, 1, 0, 0, -1, -8, -8, -3, 2, -4, -7, 0, -5, -1, -4, -4, -3, 1, -4, -8, -1, 3, -4, 4, 0, -8, 2, -8, -5, -1, -7, -4, -1, -7, 0, -5, -5, -5, -3]
 
0.998835708626: [-4, -4, -4, 2, -7, -4, 0, -3, -5, 0, -6, 0, -3, -2, -7, -2, -4, -6, -5, 0, -8, 3, 2, 4, -3, -2, 2, -4, -5, -5, -2, -2, -4, 1, -8, -4, -4, 3, -1, -7, 0, -6, 1, -8, -8, -4, 0, 0, 0, -4, -3, 1, 0, -1, -3, 1, -4, 0, -4, -4, -4, -4, -7, -4, -3, 0, 3, -3, -5, 4, -7, -6, -3, 1, 0, 3, -7, -5, 4, -3, -8, -4, -3, 1, -6, -1, -2, -8, 4, 3, 3, 2, -8, 1, 0, 1, -5, -8, 3, -2, 1, -7, 1, -2, -2, 3, -5, -7, 4, -5, 1, 4, -3, -2, 0, -2, -4, 3, -8, 0, -5, 3, 0, 0, -2, 1, -1, -4]
 
1.83525795434: [-8, -4, -5, 1, -1, 4, -5, -3, -7, -8, -6, -6, 2, 3, -7, -1, 0, 4, -1, -7, -2, -5, -6, -4, -6, -8, 3, -1, -5, 0, -7, 0, -2, 1, 3, -5, -2, -3, -8, 0, -1, -5, -6, 1, 2, -2, 2, -6, 4, 3, 0, -5, -1, -3, -4, 2, -1, -3, -5, 2, -2, -6, -4, -2, 4, 0, -2, -4, -2, -5, -7, 0, -5, -4, -3, 0, 2, -5, 4, -4, -8, -4, -3, -8, -6, 3, -2, 4, 4, -4, 3, 2, -8, -4, -8, -8, -4, 3, 3, -7, 1, -7, 1, -8, -2, 3, 1, 0, -8, -5, -8, -4, -8, 0, -8, -5, -8, -5, -1, -7, -4, -3, -7, -3, -5, 4, -5, -2]
 
1.34713029828: [1, -2, -6, 2, -5, 2, 4, -4, -5, 4, -1, -4, -2, -3, 2, 0, -8, -7, -3, -4, -7, 0, -4, -8, -8, 3, -2, 1, 2, -7, 4, -3, -3, 4, -8, -7, -3, -3, 0, 0, -8, 4, -6, -8, -8, -6, -8, 2, 2, -7, -1, -8, -7, -1, 4, -2, -5, -4, -4, 1, 4, -7, -3, 3, -3, -2, -5, -5, -2, -2, 3, -6, -5, 1, -3, -3, -7, -7, 4, -1, 2, -6, -2, 3, 2, 0, -5, 0, 0, -4, 4, -8, 4, -4, 1, -5, -3, -6, 1, 0, 2, -2, 3, -3, -3, 2, -3, -5, 1, -3, -6, 3, 2, -8, -1, 1, 4, -8, 4, 0, 3, 1, 3, -1, -5, -5, -6, -7]
 
1.51684696422: [4, 3, -7, -5, -3, -7, 4, 2, -1, 3, 1, 2, 3, -7, -5, 3, 2, -3, -3, -6, -7, 0, -8, -8, 0, -6, 2, -5, 2, -2, 4, -4, 2, -6, 3, -2, 3, 4, 4, 3, -8, -8, -5, 2, 3, 0, 2, -6, -8, 0, 0, -3, -5, -3, -8, 2, -2, -2, -6, 3, -2, -6, -6, 1, -5, 4, -4, -2, 4, -3, -2, 4, -8, -5, 3, -8, 0, 0, -4, -3, -7, 4, -6, 1, -4, -5, -8, 3, 3, -4, 1, 0, 0, -1, -8, -8, -5, -8, 3, -2, 1, -7, 1, -2, -2, 3, 1, -4, -8, -1, 3, -4, 4, 0, -8, 2, -8, -5, -1, -7, -4, -1, -7, 0, -5, -5, -5, -3]
 
0.476413037246: [1, 0, -7, 1, 3, -7, 0, 2, -1, 3, 3, -1, -6, -5, 0, -2, -8, -6, 0, 2, -5, -8, 1, -6, -3, 1, 4, -1, -8, 3, 0, -3, -3, 4, -8, -7, -3, -3, 0, 0, -8, 4, -6, -8, -8, -6, 2, 2, 4, 3, 0, -5, 2, -3, -4, 2, -3, 2, -5, 2, -2, -6, -4, -4, 4, 0, 4, -2, -6, 2, -7, 4, -5, -4, -6, 0, -5, -5, 4, -3, -8, -4, -3, 1, -6, -1, -2, -8, 4, 3, 3, 2, -8, 1, 0, 1, -3, 2, -4, -7, 0, -5, -1, -4, -4, -3, 1, -4, -8, -1, 3, -4, 4, 0, -8, 2, -8, -5, -1, -7, -4, -1, -7, 0, -5, -5, -5, -3]
 
3.37988656334: [4, 3, -7, -5, -3, -7, 4, 2, -1, 3, 1, 2, 3, -7, -5, 3, 2, -3, -3, -6, -7, 0, -8, -8, 0, -6, 2, -5, 2, -2, 4, -4, 2, -6, 3, -2, 3, 4, 4, 3, -8, -8, -5, 2, 3, 0, 2, -6, -8, 0, 0, -3, -5, -3, -8, 2, -2, -2, -6, 3, -2, -6, -6, 1, -5, 4, -4, -2, 4, -1, -8, -7, 4, -4, -3, -7, -7, -6, 4, -7, -6, 4, -7, -1, -7, -3, 4, -2, -3, -7, -4, -8, 3, 4, -5, -8, -4, -7, -7, -4, 1, 2, -6, -5, -2, 1, 1, 0, -6, -6, -4, 4, 1, -3, -4, -6, -6, -6, -1, -1, 0, -1, 1, 4, 4, 0, 4, 4]
 
0.59257546881: [-2, -6, 3, 1, 0, 0, 1, -8, 3, -1, -3, -7, -7, 0, 0, -3, -8, -7, -5, -5, -3, 1, -4, 2, 0, -4, 2, -8, 1, 3, -4, -3, -3, -8, -8, -3, 1, 1, 2, -2, -4, -4, 3, 0, -3, -2, -8, 3, 2, -6, 0, 0, -5, -8, -8, -7, -8, -2, -3, -8, 2, 1, -6, 4, -2, 4, -7, -4, -7, -3, -2, -2, -8, 3, 3, -8, -4, 0, -4, -3, -7, 4, -6, 4, -4, -5, -1, 0, 3, -8, 1, 0, 0, -1, -8, 0, -1, 4, 3, -2, 1, 3, 1, -3, -2, 3, 1, 4, -8, -1, 3, -2, 3, 0, -3, -3, -8, -5, -1, -7, -4, -1, 0, 0, -6, -5, -5, -5]
 
2.96301092775: [-2, -6, -6, 1, 0, 0, 1, -8, 3, -1, -8, -7, -7, -1, 0, -8, -8, -4, -5, -6, 1, 1, -4, 4, -5, -4, 2, -5, 2, -2, 4, -4, 2, -6, 3, -2, 3, 4, 4, 3, -8, -8, -5, 2, 3, 0, 2, -6, -8, 0, 0, -3, -5, -3, -8, 2, -2, -2, -6, 3, -2, -6, -6, 1, -5, 4, -4, -2, 4, -1, -8, -7, 4, -4, -3, -7, -7, -6, 4, -7, -6, 4, -7, -1, -7, -3, 4, -2, -3, -7, -4, -8, 3, 4, -5, -8, -4, -7, -7, -4, 1, 2, -6, -5, -2, 1, 1, 0, -6, -6, -4, 4, 1, -3, -4, -6, -6, -6, -1, -1, 0, -1, 1, 4, 4, 0, 4, 4]
 
2.27064671697: [4, 3, -7, -5, -3, -7, 4, 2, -1, 3, 1, 2, 3, -7, -5, 3, 2, -3, -3, -6, -7, 0, -8, -8, 0, -6, 2, -6, 1, 1, -4, 2, -3, -1, -8, -5, -7, 1, 2, -5, -8, 3, 3, 1, -1, -2, -2, 2, 2, -6, 0, -3, -5, -8, -6, -7, -8, -2, -3, -8, 0, 1, -6, -4, -2, 4, -7, -4, -5, -1, -8, -7, 4, -4, -3, -7, -7, -6, 4, -7, -6, 4, -7, -1, -7, -3, 4, -2, -3, -7, -4, -8, 3, 4, -5, -8, -4, -7, -7, -4, 1, 2, -6, -5, -2, 1, 1, 0, -6, -6, -4, 4, 1, -3, -4, -6, -6, -6, -1, -1, 0, -1, 1, 4, 4, 0, 4, 4]
 
1.01171191224: [1, -2, -6, 2, -5, 2, 4, -4, -5, -1, 0, -7, -4, -1, -1, -3, -1, 2, 3, 0, 2, 1, -4, -8, 3, -4, -5, -6, 2, -5, 2, 0, 3, -1, -5, -7, -7, 2, 2, -5, -4, 3, -6, -8, 1, 2, 4, -6, -6, 4, -5, 2, -6, 3, 3, -5, -3, 2, -5, 2, -2, -6, -4, -4, 4, 0, 4, -2, -6, 2, -7, 4, -5, -4, -6, 0, -5, 1, 2, -1, 3, -7, -4, -1, 3, 3, -3, 3, -3, -1, -4, -6, 4, -1, -7, 0, -3, -6, -3, -7, 1, -7, 1, -7, -2, 3, -3, -4, -8, -1, 0, 1, -2, 0, -8, 2, -8, -5, -7, -7, -4, -1, -7, 3, -2, -7, -4, -4]
 
0.509196178986: [1, 0, -7, 1, 3, -7, 0, 2, -1, 3, 3, -1, -6, -5, 0, -2, -8, -6, 0, 2, -5, -8, 1, -6, -3, 1, 4, -1, -8, 3, 0, -3, -3, 4, -8, -7, -3, -3, 0, 0, -8, 4, -6, -8, -8, -6, 2, 2, 4, 3, 0, -5, 2, -3, -4, 2, -3, 2, -5, 2, -2, -6, -4, -4, 4, 0, 4, -2, -6, 2, -7, 4, -5, -4, -6, 0, -5, -5, 4, -3, -8, -4, -3, 1, -6, -1, -2, -8, 4, 3, 3, 2, -8, 1, 0, 1, -3, 2, -4, -7, 0, -5, -1, -4, -4, -3, 1, -4, -8, -1, 3, -4, 4, 0, -8, 2, -8, -5, -1, -7, -4, -1, -7, 0, -5, -5, -5, -3]
 
0.816962337445: [0, -4, -8, 4, -7, -5, 4, -4, -1, 0, -7, -6, 1, 1, -5, -1, -6, -7, -7, -4, 2, 0, -4, 3, 1, 3, -5, -4, 2, 0, 2, -1, 0, 4, -7, -7, -5, 0, 2, -5, 2, 2, -6, -8, 0, -1, 4, 2, -8, 3, 3, -5, -2, -5, -4, -5, -6, -6, 0, -3, 2, -2, -2, -6, -8, -7, -4, 3, 4, -2, -5, 3, 0, -4, 0, 0, -7, -8, 3, 4, -7, 0, -6, 3, -3, -2, 4, -8, 3, 1, 0, -2, -1, 4, -3, 1, -3, 1, -2, -2, -6, 1, -3, -5, 3, 4, -6, 3, -1, 0, 3, -8, 2, -3, 2, 4, -4, 4, -8, 3, -5, -2, 0, -8, -2, 4, 3, 1]
 
1.06426645093: [4, -3, 4, -8, 3, -2, 2, 0, 3, 0, 1, 1, 1, -5, -7, 1, -2, -4, -3, -6, -7, -3, 4, -1, 4, 4, 2, -4, -2, 0, 3, 0, 2, -8, 0, 1, 0, -7, 1, 1, 2, -5, -1, -2, -1, -2, 2, 4, -3, -3, -4, 2, -2, -6, -5, -7, 1, -7, 3, 1, 0, 2, 0, 0, -2, 3, -6, -2, -6, 4, 1, 3, 1, -2, -1, -5, 1, 4, -5, 2, -6, 4, 1, -7, -7, -4, -5, 4, 1, -6, -6, -5, 4, 2, 0, 3, 4, -6, -4, -7, -1, 2, 4, -8, 1, -5, 1, 4, -5, -2, -7, 0, -3, -7, -2, 3, 2, -5, 4, -7, 1, 1, -8, -8, -7, -8, -6, 0]
 
1.59234894426: [2, -2, 2, 1, -4, -1, 3, -7, 4, -6, -1, -2, -8, -7, -1, -6, -6, -8, -8, 4, 4, -1, 1, -8, -6, 4, 4, -6, -8, -5, -2, -8, 2, 4, 2, -7, -7, 4, 2, -4, 2, 2, -3, -6, 1, -8, 4, 2, 1, 4, -2, -5, -3, 3, -1, 3, -4, -6, 0, -6, 3, -2, 1, -6, -8, -7, -2, 3, 1, 0, -5, 3, 4, 4, 1, 0, -5, -4, 0, -4, 0, 2, -7, -5, -2, 1, -7, 4, -3, 1, 1, -2, -1, 2, -6, -2, 1, 1, 1, -2, -1, 4, -2, 3, 0, 3, -6, 3, -5, 1, 4, -7, 2, -2, 1, 4, 2, 1, -8, -1, 3, -4, 3, -3, -5, -1, -8, 1]
 
0.793090309522: [3, 2, 4, -1, -2, -7, 2, -7, -7, -3, 0, -8, 4, 1, 3, 1, 3, 0, 1, -5, -6, -2, -5, -2, -7, -4, -5, -4, -2, 1, 3, 4, 0, -8, -5, -7, -8, -3, -6, -8, 2, -4, 1, -8, 1, 2, -1, 2, -1, 0, 0, -3, -7, 3, 4, -5, -3, -5, 0, -7, 2, -6, 0, -7, -8, 4, 2, -4, -4, -2, -4, -1, -8, -4, 0, 0, -7, -8, -3, 4, -5, 0, -6, 3, -3, -2, 4, -8, -3, -8, 0, -2, -1, 4, -2, 1, -4, 1, -2, -2, -6, -3, 3, -5, -5, -2, -6, 3, -1, 1, 3, -7, 2, -2, 2, 4, -4, 4, -8, -1, 3, -7, 0, 1, 3, 4, 2, 1]
 
0.609520900676: [-2, -2, 2, -7, -4, -1, -3, -7, -3, -6, 0, -2, -1, -7, -1, 4, -1, -8, -8, -8, 4, -1, 4, -8, -5, 4, 4, -6, 2, -5, -1, 2, 1, -2, -5, -7, -4, -4, -1, 1, -5, -7, 3, -2, 2, -5, 1, 1, -8, -2, 4, 1, -8, -7, 2, -8, 4, -5, -7, -6, 3, 1, -6, 0, -2, 1, 0, -4, 3, -6, -1, 2, 3, -7, 4, -6, -4, 4, 4, 3, 1, -7, -7, 3, 2, -5, -6, -5, -7, -1, 0, -6, -8, 1, 3, -6, -6, 1, -8, -8, 0, -8, -4, 3, -4, 2, -3, -5, -7, -3, 0, -4, -4, -5, -1, 1, 4, -8, 1, 0, -7, -8, 3, -1, -5, -1, -6, 3]
 
1.51643483787: [-2, -2, -1, 1, 0, 2, 4, 1, 4, 4, -2, 2, -3, -7, -8, 0, -8, 0, -7, 0, -5, 1, -4, -8, -8, 2, -8, 4, -3, -1, -1, 0, -1, -3, -5, -7, -7, 0, -1, 1, -5, 3, 3, -8, 2, 1, 1, 1, 4, 0, -5, -4, -2, -7, 2, -3, 4, -7, -7, 3, -3, 4, -6, 0, -3, 1, 0, -8, 3, 3, 2, 1, 2, -5, -1, 4, -8, -8, 4, -4, -7, -8, 0, 4, 0, 2, 1, 3, 2, -4, -8, -2, 0, -1, -8, 2, -3, -8, -2, 2, -1, -5, -7, -8, -4, -3, 0, -7, -3, 2, 1, 4, 4, 2, -4, -7, -4, -4, -8, 0, -8, -1, -7, -3, -5, -7, -7, -4]
 
1.4137313981: [-3, -2, -4, -5, -2, -4, 4, 1, 4, 0, 2, -3, -8, -5, 1, 1, 3, 0, -7, 4, 4, 0, -7, -8, -8, 4, -5, -4, 2, -1, -4, -6, -3, 0, -5, -7, 2, -3, -2, -1, -3, -4, 1, 4, 2, -6, 1, 2, -8, 0, 1, -3, -5, -8, -1, -5, 4, -1, -2, -6, 3, 1, -6, 2, -3, -4, -2, 3, -4, -7, 2, 1, -2, -6, 0, 2, -3, -5, 4, -7, -3, -2, 2, -1, 4, 0, 2, 2, -8, 1, -2, -8, -8, 1, 3, -3, -4, 1, -8, -8, 3, -8, -4, 3, -8, -7, -3, -2, -2, -5, 2, -4, -4, -4, -2, 1, -4, -8, 1, 0, 3, -7, -8, 0, -2, 4, 2, 4]
 
0.477758445686: [-2, -2, -8, 1, 3, 0, 1, -7, 3, -1, -1, -7, -6, -4, 0, -8, 3, 0, -1, -6, 1, 1, -2, -7, 3, 1, -1, -6, -1, 1, 1, 2, -3, -1, 1, -5, -7, -8, 2, 0, -2, 4, -2, 1, -7, -2, -2, -4, 2, -5, 0, -3, -5, -8, -5, 2, -2, -7, 3, 3, -6, 0, -6, 1, -2, 4, -1, -2, 3, -5, -8, -7, 4, -5, -2, 4, -5, -6, 4, -7, -2, 0, 4, -1, -8, -2, -1, -8, -2, -8, -4, -2, -1, 3, -5, -6, 3, 0, -2, -2, -7, -4, -6, -5, -2, -2, -6, 3, 0, -2, 2, -7, -1, -2, 2, -4, -4, -6, -8, -4, 2, -8, -3, -1, -5, 3, -4, 3]
 
0.952403621676: [1, 0, -7, 1, 3, -7, 0, 2, -1, 3, 3, -1, -6, -5, 0, -2, -8, -6, 0, 2, -5, -8, 1, -6, -3, 1, 4, -1, -8, 3, 0, -3, -3, 4, -8, -7, -3, -3, -6, -8, 2, -4, 1, -8, 1, 2, -1, 2, -1, 0, 0, -3, -7, 3, 4, -5, -3, -5, 0, -7, 2, -6, 0, -7, -8, 4, 2, -4, -4, -2, -4, -1, -8, -4, 0, 0, -7, -8, -3, 4, -5, 0, -6, 3, -3, -2, 4, -8, -3, -8, 0, -2, -1, 4, -2, 1, -4, 1, -2, -2, -6, -3, 3, -5, -5, -2, -6, 3, -1, 1, 3, -7, 2, -2, 2, 4, -4, 4, -8, -1, 3, -7, 0, 1, 3, 4, 2, 1]
 
1.45949077804: [3, 2, 4, -1, -2, -7, 2, -7, 3, -1, -6, -7, -3, 1, 3, 1, -1, -5, 1, -5, -6, -7, -5, -6, -2, -4, -5, 0, -3, 1, 3, 4, 2, -8, -6, -7, -1, -3, -8, 0, -2, 3, -6, 4, 1, -6, 2, -2, -3, 4, 0, -2, 2, -3, -4, 2, -3, -4, -5, -3, -2, 4, -4, -4, 4, 1, 4, -2, -6, 2, -7, 4, -3, -4, -6, 1, -5, -4, 4, 4, -8, -4, -3, 1, -6, -1, -2, -8, 3, -4, 0, 2, -8, 1, 0, 1, -6, 2, -4, -4, 0, 0, -1, -2, -4, -1, 1, -4, -8, -1, -6, -6, 4, 3, -6, -6, -2, -5, -1, -8, -4, -6, -7, 0, -5, -7, -5, -3]
 
2.1072536429: [-2, -6, -6, 1, 0, 0, 1, -8, 3, -1, -8, -7, -7, -1, 0, -8, -8, -4, -5, -6, 1, 1, -4, 4, -5, -4, 2, -6, 1, 1, -4, 2, -3, -1, -8, -5, -7, 1, 2, -5, -8, 3, 3, 1, -1, -2, -2, 2, 2, -6, 0, -3, -5, -8, -6, -7, -8, -2, -3, -8, 0, 1, -6, -4, -2, 4, -7, -4, -5, -1, -8, -7, 4, -4, -3, -7, -7, -6, 4, -7, -6, 4, -7, -1, -7, -3, 4, -2, -3, -7, -4, -8, 3, 4, -5, -8, -4, -7, -7, -4, 1, 2, -6, -5, -2, 1, 1, 0, -6, -6, -4, 4, 1, -3, -4, 2, -8, -5, -1, -7, -4, -1, -7, 0, -5, -5, -5, -3]
 
0.685461902958: [1, -2, -6, 2, -5, 2, 4, -4, -5, 4, -1, -4, -2, -3, 2, 0, -8, -7, -3, -4, -7, 0, -4, -8, -8, 3, -2, 1, 2, -7, 4, -3, -3, 4, -8, -7, -3, -3, 0, 0, -8, 4, -6, -8, -8, -6, 2, 2, 4, 3, 0, -5, 2, -3, -4, 2, -3, 2, -5, 2, -2, -6, -4, -4, 4, 0, 4, -2, -6, 2, -7, 4, -5, -4, -6, 0, -5, -5, 4, -3, -8, -4, -3, 1, -6, -1, -2, -8, 4, 3, 3, 2, -8, 1, 0, 1, -5, -8, 3, -2, 1, -7, 1, -2, -2, 3, 1, -4, -8, -1, 3, -4, 4, 0, -8, -6, -6, -6, -1, -1, 0, -1, 1, 4, 4, 0, 4, 4]
 
2.54074848219: [-8, -3, 0, -6, 0, 4, -3, 4, 4, -3, -2, 2, -3, -7, 2, -6, -8, 3, -7, -8, -7, 1, -7, -8, -2, -8, -5, 2, 2, -7, -7, 4, 2, 0, 4, -2, -4, -4, -6, -7, 1, -4, -5, -3, -8, -6, -8, 2, -2, -5, -1, -3, -5, -8, -6, -2, -1, -2, -3, 3, 0, 1, -6, -4, -2, 4, -1, -2, 3, -2, -5, 3, -4, -4, 0, 0, -7, -8, -3, 4, -5, 0, -6, 3, -3, -2, 4, -8, -3, -8, -4, 1, -5, -2, 1, -4, 3, 3, -5, -2, -5, -4, -1, -5, -1, -7, 3, 1, 2, 4, -1, 4, 2, -6, -3, 3, -4, -6, 0, -4, -5, 4, 3, -2, -7, -5, 0, 2]
 
1.37532220705: [-2, -2, 2, -7, -4, -1, -3, -7, -3, -6, 0, -2, -1, -7, -1, 4, -1, -8, -8, -8, 4, -1, 4, -8, -5, 4, 4, -6, 2, -5, 2, -8, 2, 4, 2, -7, -7, 4, 2, -4, 2, 2, -3, -8, 1, -8, 4, 2, 1, 4, -2, -5, -6, 3, -4, -5, -6, -6, 0, 2, 2, -2, 1, -6, -8, -7, -4, 3, -8, 3, -8, -7, 4, -4, 0, -2, -7, -6, 4, -7, -5, -8, 4, -1, -3, -2, 4, -8, -2, -8, -4, -2, 3, -2, -8, -8, -4, 1, -2, -2, -7, -8, -4, 3, -4, 4, 3, 0, -3, -1, -4, -2, -3, -6, -1, 1, 0, -1, -5, 4, 2, -3, 1, -3, -5, -4, -4, -8]
 
