2.63260808858: [-2, 3, -6, 1, -1, 2, -8, -4, -3, 2, -8, 4, 2, 2, -7, -1, 0, 3, -5, -2, 2, -8, -5, -3, 0, -6, -3, -7, 3, -6, 1, -2, -5, 2, -4, 1, -4, -3, 2, 0, 4, 1, 4, -7, -2, 3, -8, -8, -3, 2, -6, 0, 2, -8, -3, 4, -3, -6, -2, -5, -3, 1, -8, 0, -1, 3, -8, -6, -7, -2, 4, -6, -7, -6, -2, 4, 3, 1, 1, 2, -1, 2, 3, 1, -2, -5, -5, 2, -3, -6, 2, 1, 2, 3, -7, 0, 3, -2, -1, -7, -4, -3, 4, -8, -4, 1, -3, 0, -4, -7, -5, -3, -7, -4, -2, 3, 1, -3, -4, -3, -6, -5, 2, 4, -3, -2, 1, -4]
 
0.459624427617: [2, 1, -1, -7, -7, -6, 2, -1, -2, 2, -3, -5, -3, -6, 4, -7, 4, 0, -2, -6, -4, -3, -5, 4, -3, 2, -2, -2, -5, -3, 2, -1, -6, 0, 0, 0, 1, -6, -6, -5, 1, -1, -7, -8, -1, -3, -2, -1, -4, 1, -1, 1, -1, 4, -8, -1, 2, -5, -6, -5, 4, 3, -5, -1, 4, -2, 1, -8, -6, -6, -6, -1, 2, -8, 3, -3, 1, -4, -2, -4, 4, -7, 1, 0, -2, -6, 1, -7, -8, -8, 1, 4, -8, -6, -3, -2, 3, 3, 4, -2, -5, -8, -6, -7, -2, -1, -4, 3, 1, 3, -3, 4, -3, 0, -8, -7, 4, -5, -1, 2, -4, -4, -6, -3, -3, -7, 4, 0]
 
1.3563212591503095: [4, 2, 4, -7, -8, -6, 4, -2, -5, -8, 2, 3, 1, -8, -2, -6, 4, -1, 1, 4, 0, 3, -5, -5, 4, -5, -6, -1, -2, -7, 0, -7, 3, 1, -3, -3, -8, -4, 4, -3, -2, 1, 4, -1, -3, -4, -5, -4, -8, -5, -3, 0, -1, 0, 4, -4, -4, -5, -1, 4, 4, -3, 2, 3, 1, -3, 3, -5, -7, 0, -2, -5, 4, -4, 4, -3, -5, 3, -8, 1, -7, -4, 4, 4, 2, -2, 2, -5, 0, 1, 2, 1, -5, -1, 0, -6, -8, 0, -3, -8, -8, -2, 4, 0, -2, -2, -5, -6, -7, -3, -8, -3, 1, -8, -5, -6, -5, -1, 1, 0, -3, -5, -7, 0, -8, -3, -2, -7]
 
1.4816707114143093: [-5, -8, 1, -2, -8, -6, 2, -1, 4, 0, -3, -5, -3, -6, 4, 1, -8, -8, 0, 4, -8, 0, 0, 1, -1, -5, 0, 4, -5, -3, 0, 4, -6, 0, 0, 1, 1, -8, -6, -5, 1, -1, -7, -8, -1, -3, -2, -3, -4, 1, -1, 2, -1, 2, 4, -4, -2, 3, 1, -1, -6, -1, -6, -8, -7, 0, -8, 0, -6, 0, -7, -5, -2, 4, -8, 0, -1, 3, -8, -3, -7, 2, -2, 2, -6, -5, -7, 0, -4, -2, 4, 2, 2, 3, -8, 1, 4, 0, 0, -8, -1, 0, -2, 1, -5, 4, 1, -8, -8, -6, -6, 0, -2, -2, -2, -5, -5, -7, 2, -1, -5, -3, 4, -8, -5, 1, 3, -1]
 
0.7260471260916446: [2, 1, 1, -7, -7, -6, 2, -1, 4, 0, -3, -5, -3, -6, 4, 1, -8, -8, 2, -6, -4, -2, -5, 4, -6, 2, -2, -6, -7, -7, 2, 2, -6, -3, -7, 3, 4, -5, -6, -2, -8, -7, -4, -1, -1, 0, -8, 3, 1, -1, -5, -3, 2, 2, -8, 4, 2, 1, -2, -8, -6, -5, 2, -8, -4, -2, 3, -2, -3, 0, -6, -2, -6, 2, -5, 1, -2, -1, -5, -2, 4, -8, -3, -1, -8, 2, 4, 0, 3, -2, 2, -8, 2, 4, -4, -1, -2, -8, -5, -8, 1, -5, -7, -5, -2, -3, -6, -2, -8, -1, -3, -4, -3, 4, -2, -5, 1, 4, 2, -2, -2, 1, -1, -3, -3, -4, -5, -7]
 
0.7155154319537593: [-8, 2, 1, -5, -8, 2, 0, -2, 1, 0, -2, 4, 1, -2, -2, -8, 4, 4, -3, 4, -7, 2, -1, -5, -8, 2, 4, 3, 0, 4, 1, -5, -1, -7, -2, 1, 3, -3, -5, -7, 1, -5, -2, -1, -4, -7, 3, 4, -7, 1, 3, 3, -2, 3, -8, -8, 0, -6, -7, -7, 1, -2, 1, -8, -3, -4, -6, -5, -6, -6, 2, -1, -7, -4, -8, -3, -2, -8, -2, -7, 1, -7, 2, -3, -7, -6, 1, -7, 4, -3, 1, 0, -8, 4, -3, 1, 3, -1, 3, 4, -3, -8, -3, 4, -1, -3, 1, 3, 1, 3, -3, 0, -3, -2, 3, 2, 4, -5, -1, -6, -4, -5, -6, 1, -3, -7, 4, 4]
 
1.4693492961103143: [-7, -8, 1, -6, -8, 1, -7, 1, -2, 3, 0, -1, -8, 1, 3, -4, 0, 0, 1, 4, -8, 4, -7, 2, -8, 3, -3, -2, 3, 3, -6, 0, -2, 1, -5, 3, -4, -3, -1, 2, 2, -5, -4, -3, 2, -3, -4, -6, 3, -5, -1, 0, 3, -5, -1, 3, 0, -5, 0, 4, 4, 0, -8, 3, 4, -7, -7, -2, -8, -1, 2, -3, 1, -4, -4, -5, 4, -6, 2, 0, -6, 2, -7, -6, -3, -8, -1, -5, 1, -2, 4, -8, 2, 3, -8, 0, 4, -2, 3, 0, 1, -5, -7, -5, -2, -3, -6, -2, -1, -5, -7, -6, -8, -8, -2, -5, -3, 4, 2, -4, -2, 1, -5, -3, -3, -3, -4, -4]
 
0.914148689838: [2, -3, 1, -7, -7, -6, 2, -1, 4, -5, -3, -5, 3, -6, -8, 1, -8, -8, 2, -6, -4, 4, -5, 0, 4, -5, -2, -6, -2, -5, -5, 2, -6, -2, -3, 3, 4, -5, -6, -1, -4, 1, -4, 3, -1, 0, -8, -2, 3, -1, -5, -3, 2, 2, 4, -4, -2, 3, 1, -1, -6, -1, -1, -8, 3, 0, -8, 0, 1, 0, -7, -5, -2, 4, -1, 0, -3, 2, -8, 4, -7, 2, -3, 0, 3, -7, -2, -6, 4, -5, 3, 3, -2, -6, -4, -3, 3, -6, 3, 0, 1, -5, 0, -5, -2, -3, -6, 0, 0, -5, -3, -4, -3, 4, -2, -1, 1, 4, 2, -2, -7, -2, -8, -2, -3, -4, -5, -7]
 
2.2029024790932548: [-5, -8, 1, -5, -8, -2, -8, -2, 1, -5, -8, 4, 1, -8, -5, -8, 4, 4, -2, 4, -8, 0, -1, -5, -3, 2, 4, 3, 0, 1, 1, 4, -8, -7, -2, 1, 3, 2, -4, -7, -3, 2, 4, -1, -4, -7, -4, 4, -7, 1, -7, 3, -2, -5, -8, -8, -1, 1, -7, -8, -6, -2, -5, -8, -3, 0, -6, 4, -6, 0, -6, 1, 2, -1, -6, -6, -3, -5, -3, 2, 0, 2, -1, 1, -8, -5, -4, -5, -6, -2, 2, 1, 2, 3, -3, 0, 3, 0, 2, -7, 2, -3, 4, -6, -4, 1, -5, 0, -4, -7, -5, 0, -7, 3, 1, 3, 1, -3, -6, -3, -6, -3, 4, -8, -5, 1, 3, -1]
 
0.520238561413: [-6, -8, -3, -1, 3, -6, -7, -3, 3, -8, 2, -6, -7, -7, 1, -4, 4, -1, -8, 4, -8, 3, -3, 1, 1, -2, -6, -7, 2, 3, -6, -1, -5, -7, -8, -2, -4, 4, 1, 0, -7, -5, 0, 1, 1, -8, -5, -3, -5, -1, -2, 2, 2, 2, 4, 1, 3, -1, -6, -6, 0, -2, -6, 0, -3, -2, -1, -2, -6, 0, -5, -2, 1, -7, 4, -2, 1, -8, -5, 2, -3, 2, 4, -1, 2, -5, -5, -1, -4, -2, 2, -8, 2, 4, -7, -6, -4, 3, 2, 4, -5, -7, -2, 4, 1, -5, -6, 0, 0, -3, 4, -5, -3, -7, -6, 3, -2, -5, 1, -6, 2, 4, -7, -3, 0, 3, -2, -7]
 
0.6849894183531686: [-1, 1, 1, -7, -7, 1, -7, -3, 3, -5, -8, -5, 1, 2, -7, -4, 4, 4, 0, 4, -8, 0, 0, 1, -1, -5, 0, 4, -5, -3, 0, 4, -6, 0, 0, 1, 1, -8, -6, -5, 1, -1, -7, -8, -1, -3, -2, -3, -4, 1, -1, 2, -1, 2, -8, -1, 0, 3, -6, 1, 4, -2, -6, -1, 2, -2, -6, 4, -6, 0, -6, 1, 2, -1, -6, -6, -3, -5, -3, 2, 0, 2, -1, 1, -8, -5, -4, -5, -6, -2, 2, 1, 2, 3, -3, 0, 3, 0, 2, -7, 2, -3, 4, -6, -4, 1, -5, 0, -4, -7, -5, 0, -7, 3, 1, 3, 1, -3, -6, -3, -6, -3, -1, 4, -3, -2, 1, -4]
 
2.281567491117521: [-1, -3, -6, -3, 1, -1, 2, -1, -1, -8, 2, 1, -5, -6, -5, -5, 4, -1, 2, -8, -7, -8, -3, 0, -5, -5, -7, -3, -5, -3, 0, -7, 2, 2, -4, -8, -7, 0, 1, -2, -3, -7, 4, -3, 1, -2, 1, -7, 0, 3, -2, 3, 2, -4, 2, -2, -7, -1, 2, -6, 3, -5, 2, -8, -4, -2, -6, 4, -6, 0, -6, 1, 2, -1, -6, -6, -3, -5, -3, 2, 0, 2, -1, 1, -8, -5, -4, -5, -6, -2, 2, 1, 2, 3, -3, 0, 3, 0, 2, -7, 2, -3, 4, -6, -4, 1, -5, 0, -4, -7, -5, 0, -7, 3, 1, 3, 1, -3, -6, -1, -3, -3, 1, 3, -5, 1, 3, -3]
 
0.88833327868: [0, -2, 3, -2, -5, 1, -2, 3, 0, -7, -7, -6, 3, 1, 0, -7, -1, -2, 0, -8, -1, -1, 3, -2, -8, 0, -3, -2, -6, -5, 0, -6, -2, -4, -4, 3, 1, -4, -4, 1, -3, -4, 4, -4, -2, -3, -5, -5, 4, 1, -1, 0, -6, 4, -7, 3, 1, -6, 2, -5, -5, -2, -7, 3, -6, -6, 3, 0, -8, -5, -6, -5, 0, -2, -5, -5, 1, 3, 2, -4, -4, 3, -4, 2, -6, -5, -7, 3, 2, -3, 0, 1, 4, -4, -2, -6, -3, 4, 0, -8, -1, 0, 0, -3, -8, 4, -2, -8, -5, -6, -6, -3, -8, -6, -2, 3, -2, 2, -8, -7, 1, -4, -1, 4, -7, -5, 1, -4]
 
1.2540199074209204: [2, -8, -3, -7, 2, -6, -7, -2, -6, 2, 2, 2, -2, -7, -7, -4, 4, -1, 1, 4, -7, 3, -1, 0, -7, -2, -6, 1, 0, -7, 2, 2, -6, 3, -3, -3, -2, -5, 4, -4, -8, -7, 4, -3, -2, 0, -8, 3, 1, -1, -5, -3, 2, 2, 4, -4, -2, 3, 1, -1, -6, -1, -6, -8, -7, 0, -8, 0, -6, 0, -7, -5, -2, 4, -8, 0, -1, 3, -8, 4, -7, -4, -3, 0, 3, 0, 1, -7, 4, 2, -8, 3, 3, 3, -4, 1, 3, -6, 3, 0, 1, -5, -7, -5, -2, -3, -6, -2, -8, -1, -3, -4, -3, 4, -2, -5, 1, 4, 2, -2, -2, 1, -1, -3, -3, -4, -5, -7]
 
0.6282975079507285: [2, 1, 1, -7, -7, 1, -7, -3, 3, -5, -8, -5, 1, 2, -7, -4, 4, 4, 0, 4, -8, 0, 0, 1, -1, -5, 0, 4, -5, -3, 0, 4, -6, 0, 0, 1, 1, -8, -6, -5, 1, -1, -7, -8, -1, -3, -2, -3, -4, 1, -1, 2, -1, 2, -8, -1, 0, 3, -6, 1, 4, -2, -6, -1, 2, -2, -6, 4, -6, 0, -6, 1, 2, -1, -6, -6, -3, -5, -3, 2, 0, 2, -1, 1, -8, -5, -4, -5, -6, -2, 2, 1, 2, 3, -3, 0, 3, 0, 2, -7, 2, -3, 4, -6, -4, 1, -5, 0, -4, -7, -5, 0, -7, 3, 1, 3, 1, -3, -6, -3, -6, -3, -1, 4, -3, -2, 1, -4]
 
0.669753842967: [-5, -8, -8, -2, 1, 1, -3, -5, -2, -5, -6, -1, 1, -4, -7, -4, -3, 2, 0, 2, -4, 0, 0, 4, -1, -5, 0, 4, -5, -3, 0, -6, -6, 0, -8, 1, -8, -1, -5, -5, 1, 2, -1, -8, -8, -3, 3, 2, -4, -8, 3, 2, -1, 2, -8, -1, -1, -1, -5, 1, 4, -2, -5, -1, -6, -1, -6, -6, -6, 0, -6, -6, 2, -1, -6, -6, -3, 2, -3, 2, 0, 2, -1, 1, 3, -6, -4, -5, -6, -2, -5, 1, 1, 3, -3, -2, 3, 2, 2, -7, 2, -3, -7, -3, -4, -3, -8, 0, 4, 0, -5, 0, -7, 3, 1, 3, -4, -3, -6, -3, -1, -5, -1, 4, -4, 4, 1, -4]
 
1.727029052640419: [-5, -8, 1, -2, -8, 1, -7, -3, 3, -5, -8, -5, 1, 2, -7, -4, 4, 4, 0, 4, -8, 0, 0, 1, -1, -5, -2, -6, -7, -7, 2, 2, -6, -3, -7, 3, 4, -5, -6, -2, -8, -7, -4, -1, -1, 0, -8, 3, 1, -1, -5, -3, 2, 2, -8, 4, 2, 1, -2, -8, -6, -5, 2, -8, -4, -2, 3, -2, -3, 0, -6, -2, -6, 2, -5, 1, -2, -1, -5, -2, 4, -8, -3, -1, -8, 2, 4, 0, 3, -2, 2, -8, 2, 4, -4, -1, -2, -8, -5, -8, 1, -5, -7, -5, -2, -3, -6, -2, -8, -1, -3, -4, -3, 4, -2, -5, 1, 4, 2, -2, -2, 1, -1, -3, -3, -4, -5, -7]
 
1.09418365419: [-5, -8, 1, -7, -8, 1, -7, -3, 0, -2, 3, -5, 1, 2, -4, -4, 4, 4, 0, 4, -6, 0, 0, 1, -3, -5, -1, 4, -5, -6, 0, 4, -3, 0, 0, 3, 0, -8, -3, -5, 1, -1, 0, -8, -6, -3, -2, -3, -4, 1, -7, 2, -1, 3, -8, -1, 0, 3, 4, 2, -7, -2, -6, -3, 2, -1, -7, 4, 1, 0, 1, -5, 2, -1, -6, -6, 4, -8, -3, 2, 0, 2, -1, -1, -8, -5, -4, -5, -6, 4, -1, 1, 2, -8, -7, -8, 1, 3, 2, -7, 2, -5, 4, -6, -4, 1, -1, 0, -7, -4, -5, 0, -7, 3, -5, -4, 0, -2, -6, 3, -6, -3, 2, -8, -2, 0, -1, -1]
 
0.9577952339607662: [2, 1, 1, -7, -7, -6, 2, -1, 4, 0, -3, -5, -3, -6, 4, 1, -8, -8, 2, -6, -4, -2, -5, 4, -6, 2, -2, -6, -7, -2, -6, -4, -5, -7, -8, -2, -1, 4, 1, 2, -4, -5, 2, -3, 4, -3, 1, -6, -8, -1, -5, -3, 2, 2, -8, -1, 0, 3, -6, 1, 4, -2, -6, -1, 2, -2, 3, -2, -3, 0, -6, -2, -6, 2, -5, 1, -2, -1, -5, -2, 4, -8, -3, -1, -8, 2, 4, 0, 3, -2, 2, -8, 2, 4, -4, -1, -2, -8, -5, -8, -1, -7, -2, -3, -8, 3, -6, -5, -7, 4, -2, -7, -1, 4, -2, -2, -1, -5, -6, -7, -1, 0, 1, -5, -1, -7, -5, -7]
 
0.5610284289360103: [-1, 1, 1, -7, -6, -6, 2, -1, 3, 0, -2, -4, -6, 2, 4, 1, -8, 0, 2, -6, -4, -2, 2, 4, -6, 2, 3, -6, -7, -7, 2, 2, -5, -3, -5, 3, 4, -5, -2, -2, -1, 2, -4, 0, -1, -8, -8, 3, 1, -1, -5, -3, 4, 2, -8, -1, 0, -7, -5, 3, 4, -2, -6, -1, -8, -2, -4, -2, -6, 0, -6, -2, -6, -7, -5, 1, 0, 1, -5, -2, 4, 2, -5, -4, -8, 2, 4, 0, -1, -2, 2, -3, -3, 4, -4, -1, -2, -8, -5, 4, 1, -5, -4, 3, -2, -3, 2, -2, 2, -1, -5, -4, -3, -7, -2, -5, 1, -7, 2, -2, -2, 1, -1, 1, -3, -5, -5, -3]
 
2.1558214226791663: [2, 1, 1, -7, -7, -6, 2, -1, 4, 0, -3, -5, -3, -6, 4, 1, -8, -8, 2, -6, -4, -2, -5, 4, -6, 2, -2, -6, -7, -7, 2, 2, -6, -3, -7, 3, 4, -5, -6, -2, -8, -7, -4, -1, -1, 0, -8, 3, 1, -1, -5, -3, 2, 2, -8, -1, 0, 3, -6, 1, 4, -2, -6, -1, 2, -2, -6, 4, -6, 0, -6, 1, 2, -1, -6, -6, -3, -5, -3, 2, 0, 2, -1, 1, -8, -5, -4, -1, -7, -2, 2, -8, 2, 4, 1, -1, -8, -8, 1, -8, -1, -7, -7, -3, -8, 3, -6, -5, -7, 4, -4, -5, -1, 4, -2, -2, -1, -5, 1, -7, -3, -4, 1, -5, -1, -2, -3, -3]
 
1.2276782027393391: [2, 1, 1, -7, -7, -6, 2, -1, 4, 0, -3, -5, -3, -6, 4, 1, -8, -8, 2, -6, -4, -2, -5, 4, -6, 2, -2, -6, -7, -7, 2, 2, -6, -3, -7, 3, 4, -5, -6, -2, -8, -7, -4, -1, -2, -3, 1, 1, 3, -5, 0, -8, -6, -5, 3, -8, 0, -5, -6, -6, 4, 0, 2, -2, 0, -2, -7, -6, -8, -7, -8, -5, -6, -3, 4, -6, -4, -5, -1, -2, 1, 2, -8, -2, -5, -4, 3, 4, -4, -5, -8, 1, -4, -3, 1, 4, -8, -5, 3, 0, 3, -8, 2, -3, -4, -7, -3, -6, -3, 0, -6, -8, 4, 4, 1, 0, -1, -3, -1, -6, -4, -7, -1, 4, -3, -7, 4, 4]
 
0.8082380779807921: [-5, -8, 1, -2, -8, 1, -7, -3, 3, -5, -8, -5, 1, 2, -7, -4, 4, 4, 0, 4, -8, 0, 0, 1, -1, -5, 0, 4, -5, -3, 0, 4, -6, 0, 0, 1, 1, -8, -6, -5, 1, -1, -7, -8, -1, -3, -2, -3, -4, 1, -1, 2, -1, 2, 4, -4, -2, 3, 1, -1, -6, -1, -6, -8, -7, 0, -8, 0, -6, 0, -7, -5, -2, 4, -8, 0, -1, 3, -8, 4, -7, -4, -3, 0, 3, 0, 1, -7, 4, 2, -8, 3, 3, 3, -4, 1, 3, -6, -1, 2, -1, 0, -2, 1, -5, 4, 1, -8, -8, -6, -6, -6, -2, -5, -2, -2, -5, 1, 2, -1, -3, -3, 1, 3, -5, 1, 3, -3]
 
1.1480531380209036: [-1, 0, 1, -6, -2, 3, -7, -7, 3, -5, 2, -1, 1, 2, -1, -4, 4, -5, 0, -6, -8, 1, 4, -5, -3, 1, 4, -7, -5, -2, 4, -6, 3, 4, -3, 4, -2, -5, 3, 3, 4, -1, -3, -3, -2, -3, 1, 1, 3, -5, 0, -8, -6, -5, 3, -8, 0, -5, -6, -6, 4, 0, 2, -2, 0, -2, -7, -6, -8, -7, -8, -5, -6, -3, 4, -6, -4, -5, -1, -2, 1, 2, -8, -2, -5, -4, 3, 4, -4, -5, -8, 1, -4, -3, 1, 4, -8, -5, 3, 0, 3, -8, 2, -3, -4, -7, -3, -6, -3, 0, -6, -8, 4, 4, 1, 0, -1, -3, -1, -6, -4, -7, -1, 4, -3, -7, 4, 4]
 
0.8827503488428616: [2, 1, -8, -1, 4, -6, -7, -2, -6, 1, 2, 4, -2, -7, -5, -4, 4, -4, 0, 0, -4, -8, 3, 0, -7, 4, 0, 1, -4, -2, -4, 4, -8, -7, -8, -7, -1, 4, 4, 3, -5, 4, 2, -7, -4, 1, -5, -2, -8, 3, 0, -2, 2, 4, 0, -1, -5, -4, -4, 1, 4, 3, -5, -3, 2, -2, 3, -6, -3, 0, -6, -2, 3, -4, -5, 1, -5, -1, -2, -3, 4, -1, -3, -1, -8, 4, -2, 0, -3, -2, -5, -8, 2, 2, -4, 4, -2, -8, -5, 4, 2, 0, -2, -3, -5, -1, -8, -5, -2, 4, 0, -7, -1, 2, -7, 2, -1, -7, -4, -3, 3, 0, -7, 4, -1, -2, -3, -7]
 
1.42739105452: [-1, 2, -5, -2, -8, 1, -7, -3, 0, -5, -8, -5, 1, 2, -1, -2, 4, -6, -3, -3, -8, 0, 0, 1, -1, -5, 0, 4, -5, -3, 4, 4, -4, -5, 0, 1, 1, -8, -7, -5, 1, -7, -5, 1, 2, -3, -2, -3, 4, 1, 0, 2, -1, -8, -8, -7, 0, -5, -4, 1, 4, -2, -6, -1, 2, -2, -6, -2, -6, 0, -6, 1, 2, -1, -6, -6, -3, -5, -5, 2, 0, 2, -1, 1, 2, -5, -4, 1, -5, -2, -6, 1, 2, 3, -3, 0, 3, -4, 2, -3, -8, -7, 4, -6, -4, 1, -8, -1, 1, -7, -4, 1, -7, -1, 1, 4, 1, -3, 0, -3, -6, -6, -1, 4, -8, -2, -3, -4]
 
1.3465217484896415: [-1, -2, -7, -3, -8, 1, -7, 4, -2, 3, 0, -3, 3, -7, 0, -7, -1, 0, 1, 4, -1, -3, -4, 2, -8, 0, -3, -2, -5, 3, -6, -2, -2, 1, -5, -7, 4, -4, -7, 2, -3, -5, 4, -3, -2, -3, 1, -5, -1, -8, -1, 0, -2, 4, -7, 3, 0, -6, 3, 4, -7, 0, -3, 3, -6, -6, -7, 0, -8, -3, -8, -5, 0, -2, -5, -5, 4, -6, 2, -3, -7, 2, -2, 2, -6, -5, -7, 0, -4, -2, 4, 2, 2, 3, -8, 1, 4, 0, 0, -8, -1, 0, -2, 1, -5, 4, 1, -8, -8, -6, -6, 0, -2, -2, -2, -5, -5, -7, 2, -1, -5, -3, 4, -8, -5, 1, 3, -1]
 
1.88553917901: [-5, -8, 1, 0, -8, 1, 2, -2, 3, -5, -8, 4, 1, 2, -5, -4, 4, 4, 0, 0, -8, 0, -1, -4, 3, 4, -4, 3, -5, 1, -2, 1, -8, -1, 2, 1, -6, -6, -1, -7, -3, -7, 4, -4, -4, 3, 2, -6, -7, 1, -4, -6, -5, -3, -8, -8, 2, 1, -2, -8, 3, -1, -6, -8, -8, 0, 4, 0, -6, -3, 0, 4, -5, -2, -8, 0, 2, -8, -4, -1, -7, -7, -3, -7, -1, 0, 1, -6, 4, -8, 2, 0, -8, 1, 3, 0, 3, -2, 0, -2, -1, -1, 4, -2, -3, -4, -2, -5, -1, 0, -4, -2, -7, 1, 2, 1, -3, -6, -3, 3, -3, -3, -7, -1, 2, 1, 3, -3]
 
1.2400408094077429: [2, 0, 1, 0, -8, 1, -7, 4, 3, -5, 2, -1, 1, 2, -5, -4, 4, 4, 0, 4, -8, 1, -1, -4, -1, 1, 1, 2, -5, 1, -1, -8, 0, -3, -5, -3, 3, 4, -1, 2, 2, -5, 2, -3, -2, -3, 1, -6, 3, -5, -1, 0, -1, -5, -1, 3, 0, -5, -7, 4, 4, 0, 2, 3, -7, -6, -7, -6, -8, -1, -8, -5, -1, -3, -7, 4, -2, -5, -5, 2, 1, 2, -5, -3, -5, -5, -4, -5, -6, 1, -8, 4, -4, -3, -3, 4, 1, 2, 3, 2, -8, -8, 2, -1, 2, -7, 2, -8, -8, -6, -6, -6, -2, -5, -2, -2, -5, 1, 2, -1, -3, -3, 1, 3, -5, 1, 3, -3]
 
0.46032064647090143: [-7, -7, 2, 1, 4, 2, 2, -4, 3, 3, 3, 0, -5, -6, -1, 3, 0, 3, -3, -5, -8, 0, 0, 1, 4, -5, -1, -2, -5, -3, -4, 4, -6, 0, 4, 1, 1, -8, -6, 2, -4, 1, -7, -8, -1, -3, -2, -3, 1, 1, -1, 2, -1, -1, -8, 0, 0, 3, -6, 1, 4, 0, 3, -1, 2, -2, -3, 4, -6, 0, -6, 1, 2, 0, -2, -6, -3, -7, 2, 2, -7, -4, -5, 0, 3, -6, 1, 3, 4, 2, -8, 3, 0, -5, -8, 0, 3, 2, 3, 0, 3, -7, -2, 1, -8, 3, -6, -6, -3, 4, -2, -7, -1, -6, -3, -2, -5, -5, -6, -2, -6, 0, -7, -6, 4, -8, -3, -7]
 
0.8860981449125369: [2, -8, 0, -8, -6, 4, -7, -6, -6, -4, 2, 3, -1, -8, -7, 1, 4, -1, 0, 4, -7, 3, -1, 2, -7, -2, -6, -8, 0, -7, -7, 2, -1, 3, -3, -3, -2, -5, -1, -4, -8, -7, 4, 1, -6, -4, 1, -5, -1, -3, -5, -6, -3, 4, -7, -8, 3, 1, 3, -3, -7, 0, -3, 3, -6, -6, -8, -2, 1, -2, -8, -5, 0, -2, -5, -5, 4, -6, 2, -3, 0, 2, -2, 2, -6, -3, 2, 4, 2, -2, 4, 2, -2, 1, -8, 1, 4, 0, 0, -8, -1, 1, 2, 1, -5, -7, -6, -8, -7, -6, 2, 0, -4, -2, -2, -5, -7, -7, -8, -1, -7, -3, 4, -1, 4, -3, 3, -1]
 
1.1371340817390458: [-6, -8, 1, -3, 1, -2, -8, -2, 1, 3, -2, -4, 1, -8, -5, -8, 4, -8, -2, 4, -8, 2, -1, -5, -3, 2, 4, 3, 1, 0, 1, 4, -2, -1, -2, -3, 3, 1, 1, -7, -3, -6, 4, -1, 2, -7, -4, 1, -7, -7, -2, -5, 1, -5, -6, -2, -7, 2, -1, 3, -8, 4, -5, -7, -1, -1, -4, -6, 0, 1, 3, -1, 1, -4, -2, -4, -6, -6, -7, 0, -6, -1, -3, -1, -1, -6, 0, 0, -2, -1, 2, -1, 0, 3, 3, 0, 3, 2, 2, -7, 2, -3, 4, -6, -3, 1, -7, -4, -8, -7, -7, -5, -1, 4, 4, 3, 1, -3, -2, -3, -3, -6, -5, 4, -3, -8, 4, 4]
 
1.95602391481: [-7, -7, 2, 1, 4, 2, 2, -4, 3, 3, 3, 0, -5, -6, -1, 3, 0, 3, -3, -5, -8, 0, 0, 1, 4, -5, -1, -2, -5, -3, -4, 4, -6, 0, 4, 1, 1, -5, -6, -2, -8, -7, -4, -1, -1, 0, -8, 3, 1, -1, -5, -3, 2, 2, -8, -1, 0, 3, -6, 1, 4, -2, -6, -1, 2, -2, -6, 4, -6, 0, -6, 1, 2, -1, -6, -6, -3, -5, -3, 2, 0, 2, -1, 1, -8, -5, -4, -1, -7, -2, 2, -8, 2, 4, 1, -1, -8, -8, 1, -8, -1, -7, -7, -3, -8, 3, -6, -5, -7, 4, -4, -5, -1, 4, -2, -2, -1, -5, 1, -7, -3, -4, 1, -5, -1, -2, -3, -3]
 
1.5337193265: [2, 1, 1, -7, -7, -6, 2, -1, 4, 0, -3, -5, -3, -6, 4, 1, -8, -8, 2, -6, -4, -2, -5, 4, -6, 2, -2, -6, -7, -7, 2, 2, -6, -3, -7, 3, 4, -8, -6, 2, -4, 1, -7, -8, -1, -3, -2, -3, 1, 1, -1, 2, -1, -1, -8, 0, 0, 3, -6, 1, 4, 0, 3, -1, 2, -2, -3, 4, -6, 0, -6, 1, 2, 0, -2, -6, -3, -7, 2, 2, -7, -4, -5, 0, 3, -6, 1, 3, 4, 2, -8, 3, 0, -5, -8, 0, 3, 2, 3, 0, 3, -7, -2, 1, -8, 3, -6, -6, -3, 4, -2, -7, -1, -6, -3, -2, -5, -5, -6, -2, -6, 0, -7, -6, 4, -8, -3, -7]
 
1.80741438995: [2, -8, -3, -7, 3, -6, -7, -2, -6, 4, 2, 2, 2, 2, -3, -3, 4, -8, -5, 4, -7, 3, -1, 0, 0, -2, -6, 1, 0, 3, 4, 1, -6, 3, -3, -3, -2, -5, 2, -4, -8, -3, 4, 0, -5, 0, -8, -3, 1, -1, -5, -4, 2, 2, 4, -4, -2, 3, -7, -1, -6, -1, -6, -8, -6, 4, -3, 4, -6, 0, -2, -5, 3, 4, -3, 2, -1, 3, -8, -4, -7, -4, 1, 0, 3, 0, 1, -7, -3, -1, -8, -3, 3, 3, -4, 2, 2, -5, 4, 0, 1, 1, -7, -5, -2, -3, -4, 2, -8, -1, -3, 0, 3, -7, -4, -5, 1, 4, -1, -3, -3, 3, -1, 4, -3, -2, 4, -4]
 
1.42907664904: [-5, 2, 1, -2, -2, 1, -8, 1, 4, -5, -6, -5, 1, 2, -4, -4, 4, 4, 0, -1, -8, 0, 0, 1, -5, -7, -4, 4, -2, 3, 4, 4, -6, 0, 0, 1, -1, -8, -6, -5, 1, -1, -7, -6, -1, -3, 3, -3, -4, -1, -1, 2, -3, 2, -8, -1, -1, 3, -7, 1, -7, -2, -6, 1, 4, -2, -6, 4, -6, 0, -5, 1, 2, -1, -6, -6, -3, -5, -3, 2, 0, 2, -1, 1, -8, -5, -4, -5, -6, -2, 2, 4, -1, 2, -3, -7, 3, 0, -7, -7, 2, 2, 4, 1, 2, -3, -5, -5, -4, -2, -7, 0, -7, 3, 1, 3, -7, 0, -7, 0, 3, 1, -1, -3, -5, -4, -5, -7]
 
0.875426755715: [-1, -3, -6, -3, 2, 3, -1, 4, -1, 1, 2, 1, -5, 3, -5, -5, 2, -2, 2, -8, -7, 0, -8, 0, -5, 4, 4, 2, -5, -3, 0, -2, 2, -2, -4, -8, -7, 2, 1, -2, -3, 3, 4, -6, 1, -2, 1, -3, -3, -3, -4, 3, 2, 4, 2, -2, -6, -1, 2, -6, 3, -5, 0, -8, -3, -4, -6, 4, 4, -4, -6, 1, -6, 2, -5, 1, -2, -2, -5, -2, 4, -4, 3, -1, 2, 2, 4, 0, 3, -2, 3, -4, 2, 4, -1, -1, -4, -2, -6, -4, -1, -2, -2, 1, 4, 3, 3, -5, -7, 4, -2, -7, -4, 4, -2, 3, -2, -3, -3, -7, -1, 0, 2, -5, -1, -7, -5, -2]
 
0.765607839824: [2, 1, 1, -7, -7, -6, 2, -1, 4, 0, -3, -5, -3, -6, 4, 1, -8, -8, 2, -6, -4, -2, -5, 4, -6, 2, -2, -6, -7, -2, -6, -4, -5, -7, -8, -2, -1, 4, 1, 2, -4, -5, 2, -3, 4, -3, 1, -6, -8, -1, -5, -3, 2, 2, -8, -1, 0, 3, -6, 1, 4, -2, -6, -1, 2, -2, 3, -2, -3, 0, -6, -2, 2, -1, -6, -6, -3, -5, -3, 2, 0, 2, -1, 1, -8, -5, -4, -5, -6, -2, 2, 1, 2, 3, -3, 0, 3, 0, 2, -7, 2, -3, 4, -6, -4, 1, -5, 0, -4, -7, -5, 0, -7, 3, 1, 3, 1, -3, -6, -1, -3, -3, 1, 3, -5, 1, 3, -3]
 
1.15501113895: [2, 1, 1, -7, -7, -6, 2, -1, 4, 0, -3, -5, -3, -6, 4, 1, -8, -8, 2, 4, -8, 0, 0, 1, -1, -5, 0, 4, -5, -3, 0, 4, -6, 0, 0, 1, 1, -8, -6, -5, 1, -1, -7, -8, -1, -3, -2, -3, -4, 1, -1, 2, -1, 2, -8, -1, 0, 3, -6, 1, 4, -2, -6, -1, 2, -2, -6, 4, -6, 0, -6, 1, 2, -1, -6, -6, -3, -5, -3, 2, 0, 2, -1, 1, -8, -5, -4, -5, -6, -2, 2, 1, 2, 3, -3, 0, 3, 0, 2, -7, 2, -3, 4, -6, -4, 1, -5, 0, -4, -7, -5, 0, -7, 3, 1, 3, 1, -3, -6, -2, -2, 1, -1, -3, -3, -4, -5, -7]
 
1.35599182223: [-5, -8, 1, -2, -8, 1, -7, -3, 3, -5, -8, -5, 1, 2, -7, -4, 4, 4, 0, -6, -4, -2, -5, 4, -6, 2, -2, -6, -7, -7, 2, 2, -6, -3, -7, 3, 4, -5, -6, -2, -8, -7, -4, -1, -1, 0, -8, 3, 1, -1, -5, -3, 2, 2, -8, 4, 2, 1, -2, -8, -6, -5, 2, -8, -4, -2, 3, -2, -3, 0, -6, -2, -6, 2, -5, 1, -2, -1, -5, -2, 4, -8, -3, -1, -8, 2, 4, 0, 3, -2, 2, -8, 2, 4, -4, -1, -2, -8, -5, -8, 1, -5, -7, -5, -2, -3, -6, -2, -8, -1, -3, -4, -3, 4, -2, -5, 1, 4, 2, -2, -2, 1, -1, -3, -3, -4, -5, -7]
 
0.952679296346: [-2, -3, 3, 1, -5, 2, 0, -4, -3, 2, -5, 3, 2, -6, -7, 0, -7, 3, -6, 1, 0, -8, -8, -2, 0, 4, -6, -7, -1, -6, 1, 2, -4, -3, -4, -6, -4, -3, 2, 4, 4, 1, 4, -1, -5, 1, -8, -8, -2, -1, -6, 1, 2, 4, -8, -7, -3, -2, -5, -5, -8, 1, 2, -1, -4, -2, -6, 4, -6, 2, 2, 1, 2, -1, -6, 0, -3, -5, -3, 2, -6, -6, -1, -2, -8, 2, -4, -5, -6, -2, 0, -2, 2, -7, 3, 0, 3, 0, 2, -7, 2, -3, 4, -5, -4, 1, -5, 0, -4, -7, -5, 0, -7, 3, -5, 3, 1, -3, 0, -2, 0, 1, -3, -3, -3, 1, -5, -3]
 
0.346517062452: [2, 1, 1, -5, -7, -8, -6, -1, -5, -8, -3, 0, -3, -6, -5, 1, -8, -8, 2, 4, 3, 0, 0, 1, 3, -4, 1, 4, -5, 2, -3, 4, 0, -3, 0, 3, 1, 1, -6, -5, 1, -1, -7, -8, -1, -3, -2, -3, -4, 3, -6, 0, 1, 2, -8, -5, 4, 3, -6, 1, -4, -5, 2, -1, -7, -4, -8, 0, -7, 2, 4, 4, 1, 3, -2, 4, 4, -2, -6, 2, -1, -3, -5, 4, -8, -5, -4, 2, -3, -6, 2, 1, -8, -2, -7, -1, 3, 0, 2, -6, 4, -1, 2, -6, -4, -1, 4, 0, -4, -7, -5, -4, 1, 3, -3, 3, 1, -5, -6, -2, -6, -3, -3, -1, -3, 4, 4, -4]
 
2.22885644485: [2, 1, 1, -7, -7, -6, 2, -1, 4, 0, -3, -5, -3, -6, 4, 1, -8, -8, 2, -6, -4, -2, -5, 4, -6, 2, -1, -2, -5, -3, -4, 4, -6, 0, 4, 1, 1, -5, -6, -2, -8, -7, -4, -1, -1, 0, -8, 3, 1, -1, -5, -3, 2, 2, -8, -1, 0, 3, -6, 1, 4, -2, -6, -1, 2, -2, -6, 4, -6, 0, -6, 1, 2, -1, -6, -6, -3, -5, -3, 2, 0, 2, -1, 1, -8, -5, -4, -1, -7, -2, 2, -8, 2, 4, 1, -1, -8, -8, 1, -8, -1, -7, -7, -3, -8, 3, -6, -5, -7, 4, -4, -5, -1, 4, -2, -2, -1, -5, 1, -7, -3, -4, 1, -5, -1, -2, -3, -3]
 
1.50323700601: [-7, -7, 2, 1, 4, 2, 2, -4, 3, 3, 3, 0, -5, -6, -1, 3, 0, 3, -3, -5, -8, 0, 0, 1, 4, -5, -2, -6, -7, -7, 2, 2, -6, -3, -7, 3, 4, -5, -6, -2, -8, -7, -4, -1, -2, -3, 1, 1, 3, -5, 0, -8, -6, -5, 3, -8, 0, -5, -6, -6, 4, 0, 2, -2, 0, -2, -7, -6, -8, -7, -8, -5, -6, -3, 4, -6, -4, -5, -1, -2, 1, 2, -8, -2, -5, -4, 3, 4, -4, -5, -8, 1, -4, -3, 1, 4, -8, -5, 3, 0, 3, -8, 2, -3, -4, -7, -3, -6, -3, 0, -6, -8, 4, 4, 1, 0, -1, -3, -1, -6, -4, -7, -1, 4, -3, -7, 4, 4]
 
0.853526990743: [2, 0, 1, 0, -8, 1, -7, 4, 3, -5, 2, -1, 1, 2, -5, -4, 4, 4, 0, 4, -8, 1, -1, -4, -1, 1, 1, 2, -5, 1, -1, -8, 0, -3, -5, -3, 3, 4, -1, 2, 2, -5, 2, -3, -2, -3, 1, -6, 3, -5, -1, 0, -1, -5, -1, 3, 0, -5, -7, 4, 4, 0, 2, 3, -7, -6, -7, -6, -8, -1, -8, -5, -1, -3, -7, 4, -2, -5, -5, 2, 1, 2, -5, -3, -5, -5, -4, -5, -6, 1, -8, 4, -4, -3, -3, 4, 1, 2, 3, -7, 2, -3, 4, -6, -4, 1, -5, 0, -4, -7, -5, 0, -7, 3, 1, 3, 1, -3, -6, -3, -6, -3, -1, 4, -3, -2, 1, -4]
 
0.721361062793: [-1, 1, 1, -7, -7, 1, -7, -3, 3, -5, -8, -5, 1, 2, -7, -4, 4, 4, 0, 4, -8, 0, 0, 1, -1, -5, 0, 4, -5, -3, 0, 4, -6, 0, 0, 1, 1, -8, -6, -5, 1, -1, -7, -8, -1, -3, -2, -3, -4, 1, -1, 2, -1, 2, -8, -1, 0, 3, -6, 1, 4, -2, -6, -1, 2, -2, -6, 4, -6, 0, -6, 1, 2, -1, -6, -6, -3, -5, -3, 2, 0, 2, -1, 1, -8, -5, -4, -5, -6, -2, 2, 1, 2, 3, -3, 0, 3, 0, 2, 2, -8, -8, 2, -1, 2, -7, 2, -8, -8, -6, -6, -6, -2, -5, -2, -2, -5, 1, 2, -1, -3, -3, 1, 3, -5, 1, 3, -3]
 
1.16118542097: [-5, -8, 1, -2, -8, 1, -7, -3, 3, -5, -8, -5, 1, 2, -7, -4, 4, 4, 0, 4, -8, 0, 0, 1, -1, -5, 0, 4, -5, -3, 0, 4, -6, 0, 0, 1, 1, -8, -6, -5, 1, -1, -7, -8, -1, -3, -2, -3, -4, 1, -1, 2, -1, 2, -8, -1, 0, 3, -6, 1, 4, -2, -6, -1, 2, -2, -6, 4, -6, 0, -6, 1, 2, -1, -5, 1, -2, -1, -5, -2, 4, -8, -3, -1, -8, 2, 4, 0, 3, -2, 2, -8, 2, 4, -4, -1, -2, -8, -5, -8, 1, -5, -7, -5, -2, -3, -6, -2, -8, -1, -3, -4, -3, 4, -2, -5, 1, 4, 2, -2, -2, 1, -1, -3, -3, -4, -5, -7]
 
0.610354616671: [-5, -8, 1, -2, -8, 1, -7, -3, 3, -5, -8, -5, 1, 2, -7, -4, 4, 4, 0, -6, -4, -2, -5, 4, -6, 2, -2, -6, -7, -7, 2, 2, -6, -3, -7, 3, 4, -5, -6, -2, -8, -7, -4, -1, -1, 0, -8, 3, 1, -1, -5, -3, 2, 2, -8, 4, 2, 1, -2, -8, -6, -5, 2, -8, -4, -2, 3, -2, -3, 0, -6, -2, -6, 2, -6, -6, -3, -5, -3, 2, 0, 2, -1, 1, -8, -5, -4, -5, -6, -2, 2, 1, 2, 3, -3, 0, 3, 0, 2, -7, 2, -3, 4, -6, -4, 1, -5, 0, -4, -7, -5, 0, -7, 3, 1, 3, 1, -3, -6, -3, -6, -3, -1, 4, -3, -2, 1, -4]
 
0.747749133461: [-5, -8, 1, -2, -8, 1, -7, -3, 3, -5, -8, -5, 1, 2, -7, -4, 4, 4, 0, 4, -8, 0, 0, 1, -1, -5, 0, 4, -5, -3, 0, 4, -6, 0, 0, 1, 1, -8, -6, -5, 1, -1, -7, -8, -1, -3, -2, -3, -4, 1, -1, 2, -1, 2, -8, -1, 0, 3, -6, 1, 4, -2, -6, -1, 2, -2, -6, 4, -6, 0, -6, 1, 2, -1, -5, 1, -2, -1, -5, -2, 4, -8, -3, -1, -8, 2, 4, 0, 3, -2, 2, -8, 2, 4, -4, -1, -2, -8, -5, -8, 1, -5, -7, -5, -2, -3, -6, -2, -8, -1, -3, -4, -3, -2, 3, 2, 4, -5, -1, -6, -4, -5, -6, 1, -3, -7, 4, 4]
 
0.842479520595: [-8, 2, 1, -5, -8, 2, 0, -2, 1, 0, -2, 4, 1, -2, -2, -8, 4, 4, -3, 4, -7, 2, -1, -5, -8, 2, 4, 3, 0, 4, 1, -5, -1, -7, -2, 1, 3, -3, -5, -7, 1, -5, -2, -1, -4, -7, 3, 4, -7, 1, 3, 3, -2, 3, -8, -8, 0, -6, -7, -7, 1, -2, 1, -8, -3, -4, -6, -5, -6, -6, 2, -1, -7, -4, -8, -3, -2, -8, -2, -7, 1, -7, 2, -3, -7, -6, 1, -7, 4, -3, 1, 0, -8, 4, -3, 1, 3, -1, 3, 4, -3, -8, -3, 4, -1, -3, 1, 3, 1, 3, -3, 0, -3, 4, -2, -5, 1, 4, 2, -2, -2, 1, -1, -3, -3, -4, -5, -7]
 
1.32793828491: [-7, -7, 2, 1, 4, 2, 2, -4, 3, 3, 3, 0, -5, -6, -1, 3, 0, 3, -3, -5, -8, 0, 0, 1, 4, -5, -2, -6, -7, -7, 2, 2, -6, -3, -7, 3, 4, -5, -6, -2, -8, -7, -4, -1, -2, -3, 1, 1, 3, -5, 0, -8, -6, -5, 3, -8, 0, -5, -6, -6, 4, 0, 2, -2, 0, -2, -7, -6, -8, -7, -8, -5, -6, -3, 4, -6, -4, -5, -1, -2, 1, 2, -8, -2, -5, -4, 3, 4, -4, -5, -8, 1, -4, -3, 1, 4, -8, -5, 3, 0, 3, -8, 2, -3, -4, 1, -5, 0, -4, -7, -5, 0, -7, 3, 1, 3, 1, -3, -6, -2, -2, 1, -1, -3, -3, -4, -5, -7]
 
1.02904017377: [2, 1, 1, -7, -7, -6, 2, -1, 4, 0, -3, -5, -3, -6, 4, 1, -8, -8, 2, 4, -8, 0, 0, 1, -1, -5, 0, 4, -5, -3, 0, 4, -6, 0, 0, 1, 1, -8, -6, -5, 1, -1, -7, -8, -1, -3, -2, -3, -4, 1, -1, 2, -1, 2, -8, -1, 0, 3, -6, 1, 4, -2, -6, -1, 2, -2, -6, 4, -6, 0, -6, 1, 2, -1, -6, -6, -3, -5, -3, 2, 0, 2, -1, 1, -8, -5, -4, -5, -6, -2, 2, 1, 2, 3, -3, 0, 3, 0, 2, -7, 2, -3, 4, -6, -4, -7, -3, -6, -3, 0, -6, -8, 4, 4, 1, 0, -1, -3, -1, -6, -4, -7, -1, 4, -3, -7, 4, 4]
 
0.331867512561: [3, -4, -6, -5, -5, 3, 0, -7, 1, -1, -2, -4, -7, 4, -2, -8, 4, 4, -3, -6, -7, -3, -6, -8, -8, 2, -5, 3, 0, 4, -5, -5, -1, -7, -2, 1, 3, 4, -5, 0, 1, 1, 2, -1, -3, -7, -7, 4, 2, -1, 3, 3, -2, -3, -6, -8, 0, -6, -7, -7, 1, -2, 1, -8, -3, -4, -6, -5, -6, -6, 2, 4, -7, 1, 1, -3, -1, -8, -2, 2, 1, -7, 2, -3, -3, -6, 2, 4, 4, -3, 1, 0, -8, -2, -3, -7, 3, -1, 3, 4, -3, -8, 4, 4, 4, -3, 1, 3, 1, 3, 3, 0, -3, -2, 3, 2, 3, 3, -3, 1, -1, 4, -6, 1, -4, -5, 0, 4]
 
0.871387764088: [-8, 2, 1, -5, -8, 2, 0, -2, 1, 0, -2, 4, 1, -2, -2, -8, 4, 4, -3, 4, -7, 2, -1, -5, -8, 2, 4, 3, 0, 4, 1, -5, -1, -7, -2, 1, 3, -3, -5, -7, 1, -5, -2, -1, -4, -7, 3, 4, -7, 1, 3, 3, -2, 3, -8, -8, 0, -6, -7, -7, 1, -2, 1, -8, -3, -4, -6, -5, -6, -6, 2, -1, -7, -4, -8, -3, -2, -8, -2, -7, 1, -7, 2, -3, -7, -6, 1, -7, 4, -3, 1, 0, -8, 4, -3, 1, 3, -1, 3, 4, -3, -8, -3, 4, -1, -3, 1, 3, 1, 3, -3, 0, -3, -2, 3, 2, 4, -5, -1, -6, -4, -5, -6, 1, -3, -7, 4, 4]
 
0.762388813668: [-8, 2, 1, -5, -8, 2, 0, -2, 1, 0, -2, 4, 1, -2, -2, -8, 4, 4, -3, 4, -7, 2, -1, -5, -8, 2, 4, 3, 0, 4, 1, -5, -1, -7, -2, 1, 3, -3, -5, -7, 1, -5, -2, -1, -4, -7, 3, 4, -7, 1, 3, 3, -2, 3, -8, -8, 0, -6, -7, -7, 1, -2, 1, -8, -3, -4, -6, -5, -6, -6, 2, -1, -7, -4, -7, 4, -2, -5, -5, 2, 1, 2, -5, -3, -5, -5, -4, -5, -6, 1, -8, 4, -4, -3, -3, 4, 1, 2, 3, -7, 2, -3, 4, -6, -4, 1, -5, 0, -4, -7, -5, 0, -7, 3, 1, 3, 1, -3, -6, -3, -6, -3, -1, 4, -3, -2, 1, -4]
 
0.636883837252: [2, 0, 1, 0, -8, 1, -7, 4, 3, -5, 2, -1, 1, 2, -5, -4, 4, 4, 0, 4, -8, 1, -1, -4, -1, 1, 1, 2, -5, 1, -1, -8, 0, -3, -5, -3, 3, 4, -1, 2, 2, -5, 2, -3, -2, -3, 1, -6, 3, -5, -1, 0, -1, -5, -1, 3, 0, -5, -7, 4, 4, 0, 2, 3, -7, -6, -7, -6, -8, -1, -8, -5, -1, -3, -8, -3, -2, -8, -2, -7, 1, -7, 2, -3, -7, -6, 1, -7, 4, -3, 1, 0, -8, 4, -3, 1, 3, -1, 3, 4, -3, -8, -3, 4, -1, -3, 1, 3, 1, 3, -3, 0, -3, 4, -2, -5, 1, 4, 2, -2, -2, 1, -1, -3, -3, -4, -5, -7]
 
0.895552172276: [-3, 1, 1, 1, -7, 1, -3, -1, -8, 1, -3, -5, -3, -6, 4, 1, -8, -8, 2, 4, -8, 0, -5, 1, -3, -2, 0, 4, -6, -3, -4, 2, -7, 0, -1, 1, 1, -3, -6, -2, 1, -1, -4, -8, -1, -3, -2, -3, 0, 0, -8, 2, -1, -2, -8, -2, 0, 3, -6, 1, -2, -2, -6, -4, 2, -2, 1, -3, -4, 0, -6, -1, 2, -1, -6, 4, 2, -5, -3, 3, 0, 2, -1, 1, -8, -5, -3, -5, -6, -2, 2, 1, 2, 0, -3, -7, -3, -7, 2, -7, 2, 2, 4, 2, -4, 1, -5, -4, -4, -6, -2, 0, -2, -2, -2, -6, -5, -7, 2, -1, -5, -3, -1, -8, -7, -2, 3, -4]
 
0.750793454335: [-6, -2, -7, -3, -8, 1, 2, 4, -2, -5, 0, 1, 3, -7, 0, -7, -5, 3, -4, 4, -1, -3, -7, 2, -8, 0, 3, -2, 4, -7, -6, -2, -2, 1, -5, -7, 1, -8, -7, 2, -3, -5, -3, -4, -2, 4, 1, -5, 0, -2, -1, 0, -3, -6, 0, 3, 0, 4, -4, 4, -7, 0, -3, -2, 0, -6, -7, -5, -8, -3, -3, -5, 0, 4, -5, 3, -2, -6, 2, -8, -7, -1, -2, 2, -6, -5, -7, 0, -4, -2, 4, -4, 2, 3, -2, 1, -8, 0, -1, -8, -1, 1, -2, 1, -5, -6, 1, 4, 4, -1, 3, 0, -7, 3, -6, 3, 2, 3, -6, -2, -2, 1, -1, -3, -2, -7, -8, -7]
 
0.86351080389: [2, -2, -7, -3, -8, 1, -7, 4, -2, 3, 0, -3, 3, -7, 0, -7, -1, 0, 1, 4, -1, -3, -4, 2, -8, 0, -3, -2, -5, 3, -6, -2, -2, 1, -5, -7, 4, -4, -7, 2, -3, -5, 4, -3, -2, -3, 1, -5, -1, -8, -1, 0, -2, 4, -7, 3, 0, -6, 3, 4, -7, 0, -3, 3, -6, -6, -7, 0, -8, -3, -8, -5, 0, -2, -5, -5, 4, -6, 2, -3, -7, 2, -2, 2, -6, -5, -7, 0, -4, -2, 4, 2, 2, 3, -8, 1, 4, 0, 0, -8, -1, 0, -2, 1, -5, 4, 1, -8, -4, -7, -5, 0, -7, 3, 1, 3, 1, -3, -6, -2, -2, 1, 1, 3, -5, 1, 3, -3]
 
1.08635198822: [2, 0, 1, 0, -4, -7, -7, 4, -1, -4, -1, -1, 4, 2, -4, -4, 4, 4, 2, 4, -8, 1, 4, -4, -1, -5, 1, 2, -1, -5, -1, -8, -8, -3, -5, 0, 3, 4, 4, -3, -3, -5, 2, -6, -2, -3, 1, 4, 3, -5, -1, 0, -8, -5, -8, -4, 0, 3, -7, 0, 0, 3, 3, 3, -4, -6, -2, 1, -8, -1, -8, 2, -4, -3, -7, 4, -2, -5, -5, 1, 1, 2, -5, -3, -5, 3, 1, -5, 2, 1, 2, 4, -4, -2, -3, 2, 1, 2, 3, -8, -8, -3, 2, -2, -2, -7, 2, 1, -2, -6, 4, -8, -2, -5, -2, -2, -5, 1, 2, -1, -5, -3, -1, -3, -3, -4, -5, -7]
 
1.54902571573: [2, -8, 0, -8, -6, 4, -7, -6, -6, -4, 2, 3, -1, -8, -7, 1, 4, -1, 0, 4, -7, 3, -1, 2, -7, -2, -6, -8, 0, -7, -7, 2, -1, 3, -3, -3, -2, -5, -1, -4, -8, -7, 4, 1, -6, -4, 1, -5, -1, -3, -5, -6, -3, 4, -7, -8, 3, 1, 3, -3, -7, 0, -3, 3, -6, -6, -8, -2, 1, -2, -8, -5, 0, -2, -5, -5, 4, -6, 2, -3, 0, 2, -2, 2, -6, -3, 2, 4, 2, -2, 4, 2, -2, 1, -8, 1, 4, 0, 0, -8, -1, -5, -7, -5, -2, -3, -6, -2, -8, -1, -3, -4, -3, 4, -2, -5, 1, 4, 2, -2, -2, 1, -1, -3, -3, -4, -5, -7]
 
2.12853800304: [-5, -8, 1, -2, -8, 1, -7, -3, 3, -5, -8, -5, 1, 2, -7, -4, 4, 4, 0, -6, -4, -2, -5, 4, -6, 2, -2, -6, -7, -7, 2, 2, -6, -3, -7, 3, 4, -5, -6, -2, -8, -7, -4, -1, -1, 0, -8, 3, 1, -1, -5, -3, 2, 2, -8, 4, 2, 1, -2, -8, -6, -5, 2, -8, -4, -2, 3, -2, -3, 0, -6, -2, -6, 2, -5, 1, -2, -1, -5, -2, 4, -8, -3, -1, -8, 2, 4, 0, 3, -2, 2, -8, 2, 4, -4, -1, -2, -8, -5, -8, 1, 1, 2, 1, -5, -7, -6, -8, -7, -6, 2, 0, -4, -2, -2, -5, -7, -7, -8, -1, -7, -3, 4, -1, 4, -3, 3, -1]
 
1.36915463893: [-5, -8, 1, -2, -8, 1, -7, -3, 3, -5, -8, -5, 1, 2, -7, -4, 4, 4, 0, 4, -8, 0, 0, 1, -1, -5, 0, 4, -5, -3, 0, 4, -6, 0, 0, 1, 1, -8, -6, -5, 1, -1, -7, -8, -1, -3, -2, -3, -4, 1, -1, 2, -1, 2, -8, -1, 0, 3, -6, 1, 4, -2, -6, 3, -7, -6, -7, -6, -8, -1, -8, -5, -1, -3, -7, 4, -2, -5, -5, 2, 1, 2, -5, -3, -5, -5, -4, -5, -6, 1, -8, 4, -4, -3, -3, 4, 1, 2, 3, 2, -8, -8, 2, -1, 2, -7, 2, -8, -8, -6, -6, -6, -2, -5, -2, -2, -5, 1, 2, -1, -3, -3, -1, -3, -3, -4, -5, -7]
 
0.876926100096: [2, 0, 1, 0, -8, 1, -7, 4, 3, -5, 2, -1, 1, 2, -5, -4, 4, 4, 0, 4, -8, 1, -1, -4, -1, 1, 1, 2, -5, 1, -1, -8, 0, -3, -5, -3, 3, 4, -1, 2, 2, -5, 2, -3, -2, -3, 1, -6, 3, -5, -1, 0, -1, -5, -1, 3, 0, -5, -7, 4, 4, 0, 2, -1, 2, -2, -6, 4, -6, 0, -6, 1, 2, -1, -5, 1, -2, -1, -5, -2, 4, -8, -3, -1, -8, 2, 4, 0, 3, -2, 2, -8, 2, 4, -4, -1, -2, -8, -5, -8, 1, -5, -7, -5, -2, -3, -6, -2, -8, -1, -3, -4, -3, -2, 3, 2, 4, -5, -1, -6, -4, -5, -6, 1, -3, -7, 4, 4]
 
