3.912823676892229: [-7, -7, 3, -4, 1, -1, 2, -8, 3, 2, 0, -6, 2, 1, 0, 2, 4, -8, 0, 2, -3, -1, -4, 1, -8, -8, -3, 1, 1, 1, -6, -1, -3, -3, 1, -7, -4, -5, 1, -3, -6, -7, -6, 1, -1, 2, -2, -5, -3, 1, -1, -5, -1, -1, -1, 0, -3, -4, -7, 3, -4, -4, -7, -4, -7, -7, 2, 0, -3, -2, -1, -5, -7, 4, -6, -2, -2, -1, 3, 4, -1, -2, 4, -8, 3, 1, -5, -1, -5, 2, 0, -5, -1, 1, 2, 0, 1, -8, 1, 2, 2, -6, -1, 1, -5, -3, 0, -8, -4, -7, 2, 3, 0, 3, -7, -2, -8, -7, 0, -5, -1, -6, -6, -6, 4, 1, -4, -5]
 
1.55807119932: [1, 1, 2, 2, -6, -8, -7, -6, 3, 0, -4, -6, -3, -1, -4, -5, 4, -7, 0, -6, 4, -3, 1, 1, -6, 1, -7, -5, -6, 3, -2, -1, -5, -8, -2, -4, -2, -4, -6, 0, 4, 4, -3, -8, 1, -4, 3, -7, -3, -5, 1, -3, -2, 1, -5, -8, 4, -6, 0, 4, -6, -6, -7, -2, -7, 4, 1, -6, 2, -3, -4, -5, -6, -3, 4, -4, -8, -1, -3, 4, -1, 1, 4, -8, 1, -3, -3, 3, 1, 3, -5, 1, 1, -8, 3, -1, -4, -3, 1, -8, -6, -3, -2, -8, -5, -6, 2, -2, 1, -6, 4, 2, 3, -6, -7, -2, -8, -4, 0, -6, -6, -8, 2, -3, 4, 1, -3, -5]
 
3.218878788310162: [-7, -8, 3, 2, 3, -5, -2, -6, -2, -7, -2, -6, -3, -2, 4, -7, -4, 3, 1, -7, -1, -1, -4, 4, -8, -5, 1, 3, 1, -2, -5, 2, 4, -7, 1, -8, -7, 1, -6, 0, 4, 2, 4, -3, -5, -8, -6, -8, -1, 4, -2, -5, -8, 1, -8, 4, 3, -3, 3, 2, -7, -5, 4, -2, 0, -7, -4, -3, -8, -2, 1, -5, -7, 4, -6, -2, -2, -1, 3, 4, -1, -2, 4, -8, 3, 1, -5, -1, -5, 2, 0, -5, -1, 1, 2, 0, 4, -3, 1, 2, -5, -6, -2, 3, -5, -6, 4, -8, 1, -8, 4, -2, -4, 3, -6, -4, -8, -5, -5, -5, 2, -7, -7, -3, -5, -4, -3, 1]
 
2.7210302741402295: [4, -7, 3, -5, 1, -7, -7, -8, 3, -7, -3, -6, 2, -6, -5, 2, 4, -8, 0, -6, -3, -1, -4, -1, -8, -8, -3, -3, -5, 1, -6, -7, -5, -1, 0, -7, -4, -5, 1, -6, -6, -1, -1, -8, -1, 0, 4, -8, -3, 1, 3, -4, -1, -5, -1, 0, 1, 2, -7, 3, -4, -2, -7, -2, -8, -7, -7, 0, -3, -2, -1, -7, 3, 2, 2, -5, 0, -2, 3, 4, -1, 2, 3, -8, 3, 1, -1, 1, 1, -7, 2, -5, -1, -7, 3, 4, -4, -3, 1, -7, 1, -6, -7, -3, -5, -6, 0, -8, 1, -7, 2, 3, -2, 3, -7, -2, -8, 4, 0, 0, -5, -8, -7, -3, -8, -4, -3, 1]
 
1.31507236769: [-6, -3, 3, -2, 3, -5, 2, -8, 3, 2, 0, 1, 2, 4, 0, 2, 4, -2, 0, 2, -6, -4, -4, 1, -8, -8, -3, -2, 1, 1, -7, -1, -3, -3, 1, -7, -4, -4, 1, -1, -6, 2, -1, 1, -1, 1, -2, -5, -1, 4, -2, -5, -8, 1, -8, -7, 3, -3, -1, 2, -7, -5, 4, -2, 0, -7, -4, -3, -8, -5, 1, -5, -7, 4, -6, -2, 4, -4, 3, -3, -1, 2, 3, -8, 3, -7, -1, 1, -5, -7, 2, -5, -1, -7, 3, 4, 3, -5, -7, -2, 1, -6, -7, -3, -5, -6, 0, -8, 2, -7, 2, -1, -6, -3, -4, -2, 2, -6, 0, -3, -1, -2, 1, -1, 4, 1, -4, -5]
 
2.5726214676600785: [-7, -7, 3, -4, 1, 4, 4, -8, 3, -2, 0, -6, -6, 1, 0, 2, 4, -2, 0, 2, -3, -3, -4, 1, -3, -8, -2, 1, 1, 1, -6, 2, -3, -3, 1, -7, -3, -5, 1, -3, -6, -7, -6, 1, -1, -1, -2, -5, -3, 2, -4, -5, -1, -1, -1, 0, -3, -4, -1, -3, -4, -4, -7, -4, -7, -7, 2, 0, -3, -2, -1, 0, -8, 4, -6, -8, -2, -1, 3, -8, -1, -2, 4, -8, 3, -6, -5, -1, -5, 2, -2, -7, -1, -8, 2, 0, 1, -8, 1, 2, 2, -6, -1, 0, -1, -6, 0, 3, -2, -8, 4, 3, -4, 2, -3, -2, -8, 4, -7, 0, 2, -8, 2, -3, 2, -2, 4, -2]
 
1.464248388174882: [-7, -7, 3, -4, 1, -1, 2, -8, 3, -7, -4, -6, -3, -1, 4, -7, -4, 3, -5, -8, -1, -1, -4, -4, -7, -3, -7, 3, -2, -6, 1, -1, 4, 1, -2, -4, 1, 4, 0, 4, 3, -8, -8, 1, -1, -2, -4, 1, 3, 1, -1, -3, 3, -3, -1, -6, -6, 0, 1, -2, -8, -1, -8, -2, -5, -7, -7, -6, 2, -2, -4, -5, -1, 2, 4, -3, -8, -4, 3, 4, -1, 2, 3, -8, 3, 1, -1, 1, 1, -7, 2, -5, -1, -7, 3, 4, -4, -3, 1, -7, 1, -6, -7, -3, -5, -6, 0, -8, -4, -7, 2, 3, -6, 3, -2, -2, -8, -7, 0, -5, -1, -2, -6, -6, 4, 1, -4, -5]
 
2.5748441741913237: [4, -7, -7, -5, -2, 2, -5, -6, 3, -7, 4, -1, 4, 1, 4, 0, -4, 3, -5, -8, 3, -1, -4, -4, -7, -3, -7, 3, -2, -6, 1, -1, 4, 1, -2, -4, 1, 4, 0, 4, 3, -8, -8, 1, -1, -2, -4, 1, 3, 1, -1, -3, 3, -3, -1, -6, -6, 0, 1, -6, -4, -4, -7, -4, -7, 0, 2, -4, -3, -2, -1, -4, -3, 2, -6, -5, -6, -5, 0, -5, -3, -5, 1, -7, -2, -4, -8, -6, -6, 3, 2, 3, 4, -8, -3, 4, -4, 0, 0, 4, -2, 2, 0, -5, 1, 0, -1, -6, -7, -2, -6, -7, -5, -4, 1, -2, 1, 3, -8, -1, -8, -7, -4, 0, 3, 1, 4, -3]
 
0.8837879023000961: [4, -7, 3, -4, -2, -1, 2, -8, 3, 2, 0, -6, 2, -6, 0, 2, 4, -8, 0, -4, 2, -1, -4, -1, -2, -7, -3, 1, -2, 1, -6, -5, 0, -3, 1, -7, 1, 4, 0, 4, 3, -8, -8, 1, -1, -2, -4, 1, 3, 1, -1, -3, 3, -3, -1, -6, -6, 0, 1, -2, -8, -1, -8, -2, -5, -7, -7, -6, 2, -2, -4, -5, -1, 2, 4, -3, -8, -4, 3, 4, -1, 2, 3, -8, 3, 1, -1, 1, 1, -7, 2, -5, -1, -7, 3, 4, -4, -3, 1, -7, 1, -6, -7, -3, -5, -6, 0, -8, -4, -7, 2, 3, -6, 3, -2, -2, -8, -7, 0, -5, -1, -2, -6, -6, 4, 1, -4, -5]
 
0.608780258561: [1, 2, 4, 3, -7, -7, -6, -8, -4, -6, -8, 0, 2, 1, 0, 2, -4, 0, 0, 2, -3, -4, 3, -2, 2, 3, -3, 1, 1, 1, -6, -1, -3, -7, 1, -7, -7, 1, -8, 0, 4, 2, -4, -3, -5, -4, 0, -3, -5, -1, -1, -3, -2, 1, -1, -6, -6, 0, 1, -4, -4, -4, -7, -4, -7, 0, -7, -4, -6, -2, 2, -4, -3, 2, -6, -4, 4, -2, 3, 4, -1, 3, 3, -8, 3, 1, 2, -5, -4, 2, -6, -5, -1, 1, 4, 0, 3, -8, 1, 4, 1, -6, -7, 4, -5, -6, 0, -8, -4, 2, 2, 3, -3, 3, -2, -2, -8, -7, 0, -5, -1, -4, -6, -6, 4, 1, -4, 2]
 
2.2651188939774376: [4, -7, -3, 3, -7, -7, -6, -8, -4, -6, -8, -5, 2, 1, 0, 2, 4, -8, 0, 2, -3, -1, -4, 1, -8, -8, -3, 1, 1, 1, -6, -1, -3, -3, 1, -7, -4, -5, 1, -3, -6, -7, -6, 1, -1, 2, -2, -5, -1, 4, -2, -5, -8, 1, -8, 4, 3, -3, 3, 2, -7, -5, 4, -2, 0, -7, -4, -3, -8, -2, 1, -5, -7, 4, -6, -2, -8, -4, 3, 4, -1, 2, 3, -8, 3, 1, -1, 1, 1, -7, 2, -5, -1, -7, 3, 4, -4, -3, 1, -7, 1, -6, -7, -3, -5, -6, 0, -8, -4, -7, 2, 3, -6, 3, -2, -2, -8, -7, 0, 4, 2, 2, -7, 2, -6, -3, 2, -5]
 
2.318443316648658: [4, -7, -7, -5, -2, 2, -5, -6, 3, -7, 4, -1, 4, 1, 4, 0, -4, 3, -5, -8, 3, -1, -4, -4, -7, -3, -7, 3, -2, -6, 1, -1, 4, 1, -2, -4, 1, 4, 0, 4, 3, -8, -8, 1, -1, -2, -4, 1, 3, 1, -1, -3, 3, -3, -1, -6, -6, 0, 1, -6, -4, -4, -7, -4, -7, 0, 2, -4, -3, -2, -1, -4, -3, 2, -6, -5, 4, -2, 3, 4, -1, 3, 3, -8, 3, 1, 2, -5, -2, 2, -6, -5, -1, 1, 3, 0, 3, -8, 1, -7, 1, -6, -7, 4, -5, -6, 0, -8, 1, -7, 2, 3, -6, 3, -2, -2, -8, -7, 0, -5, -1, -2, -6, -6, 4, 1, -4, -5]
 
1.554887328056973: [4, -7, 3, -5, 1, -7, -7, -8, 3, -7, 0, -1, -3, 1, 3, 1, 4, -1, 0, 3, -5, -1, 3, 3, -3, -4, -5, -1, 3, -6, -2, -5, 4, 3, 2, -6, -5, -5, 3, 0, -6, -7, -6, 1, -5, -8, -2, -5, -3, 1, -1, -3, -1, -5, -1, -2, 0, -4, -7, -2, -8, -1, -8, -2, -5, -7, -7, -6, 2, -2, -4, -5, -1, 2, 4, -3, -8, -4, 3, 4, -1, 2, 3, -8, 3, 1, -1, 1, 1, -7, 2, -5, -1, -7, 3, 4, -4, -3, 1, -7, 1, -6, -7, -3, -5, -6, 0, -8, -4, -7, 2, 3, -6, 3, -2, -2, -8, -7, 0, 4, 2, 2, -7, 2, -6, -3, 2, -5]
 
3.117572375940074: [1, -4, 3, -4, 1, -1, -2, -6, 3, -7, -4, -6, -3, -1, 4, -7, -4, 3, -5, -8, -1, -1, -4, -4, -7, -3, -7, 3, -2, -6, 1, -1, 4, 1, -2, -4, -7, 1, -6, 0, 4, 2, 4, -3, -5, -8, 0, -7, -3, 1, -1, -3, 1, 1, -1, -5, 3, -6, 0, 2, -8, -6, -4, -2, -5, 3, -4, -6, 2, 1, -4, -5, -1, -8, 4, -3, -8, -4, 3, 4, -1, 2, 3, -8, 3, 1, -1, 1, 1, -7, 2, -5, -1, -7, 3, 4, -4, -3, 1, -7, 1, -6, -7, -3, -5, -6, 0, -8, 1, -7, 2, 3, -2, 3, -7, -2, -8, 4, 0, 0, -5, -8, -7, -3, -8, -4, -3, 1]
 
3.0251885998286507: [4, -7, 3, -4, 1, -1, -2, -6, 3, -7, -4, -6, -3, -1, 4, -7, -4, 3, -5, -8, -1, -1, -4, -4, -7, -3, -7, 3, -2, -6, 1, -1, 4, 1, -2, -4, -7, 1, -6, 0, 4, 2, 4, -3, -5, -8, 0, -7, -3, 1, -1, -3, 1, 1, -1, -5, 3, -6, 0, 2, -8, -6, -4, -2, -5, 3, -4, -6, 2, 1, -4, -5, -1, -8, 4, -3, -8, -4, 3, 4, -1, 2, 3, -8, 3, 1, -1, 1, 1, -7, 2, -5, -1, -7, 3, 4, -4, -3, 1, -7, 1, -6, -7, -3, -5, -6, 0, -8, 1, -7, 2, 3, -2, 3, -7, -2, -8, 4, 0, 0, -5, -8, -7, -3, -8, -4, -3, 1]
 
2.038040493850977: [-2, -6, -6, -7, -6, 0, -2, -2, -4, -8, -6, 3, 1, -4, -4, -1, -2, -2, -5, -6, 3, -5, -4, 0, -3, -2, -6, -4, -3, 2, 4, 3, 2, -8, -1, -2, 4, -8, 4, 1, -4, 2, 4, 0, -4, 2, 2, 1, -2, -6, 1, 1, -8, 0, -1, -7, -7, -3, 1, 3, -3, 4, 3, -3, 3, -1, -8, -7, 4, -4, -3, -8, -7, -3, -2, -3, -6, -5, 0, -5, -3, -5, 1, -7, -2, -4, -8, -6, -6, 3, 2, 3, 4, -8, -3, 4, -4, 0, 0, 4, -2, 2, 0, -5, 1, 0, -1, -6, -7, -2, -6, -7, -5, -4, 1, -2, 1, 3, -8, -1, -8, -7, -4, 0, 3, 1, 4, -3]
 
3.752257747799378: [-7, -7, 3, -4, 1, -1, 2, -8, 3, 2, 0, -6, 2, 1, 0, 2, 4, -8, 0, 2, -3, -1, -4, 1, -8, -8, -3, 1, 1, 1, -6, -1, -3, -3, 1, -7, -4, -5, 1, -3, -6, -7, -6, 1, -1, 2, -2, -5, -1, 4, -2, -5, -8, 1, -8, 4, 3, -3, 3, 2, -7, -5, 4, -2, 0, -7, -4, -3, -8, -2, 1, -5, -7, 4, -6, -2, -8, -4, 3, 4, -1, 2, 3, -8, 3, 1, -1, 1, 1, -7, 2, -5, -1, -7, 3, 4, -4, -3, 1, -7, 1, -6, -7, -3, -5, -6, 0, -8, 1, -7, 2, 3, -2, 3, -7, -2, -8, 4, 0, 0, -5, -8, -7, -3, -8, -4, -3, 1]
 
1.4146419414515727: [-7, -7, 3, -4, 1, -1, 2, -8, 3, -7, -4, -6, -3, -1, 4, -7, -4, 3, -5, -8, -1, -1, -4, -4, -7, -3, -7, 3, -2, -6, 1, -1, 4, 1, -2, -4, 1, 4, 0, 4, 3, -8, -8, 1, -1, -2, -4, 1, 3, 1, -1, -3, 3, -3, -1, -6, -6, 0, 1, -2, -8, -1, -8, -2, -5, -7, -7, -6, 2, -2, -4, -5, -1, 2, 4, -3, -8, -4, 3, 4, -1, 2, 3, -8, 3, 1, -1, 1, 1, -7, 2, -5, -1, -7, 3, 4, -4, -3, 1, -7, 1, -6, -7, -3, -5, -6, 0, -8, -4, -7, 2, 3, -6, 3, -2, -2, -8, -7, 0, -5, -1, -8, 2, -3, 2, -4, -3, 1]
 
3.0058255023199667: [-7, -7, 3, -4, 1, -1, 2, -8, 3, 2, 0, -6, 2, 1, 0, 2, 4, -8, 0, 2, -3, -1, -4, 1, -8, -8, -3, 1, 1, 1, -6, -1, -3, -3, 1, -7, -4, -5, 1, -3, -6, -7, -6, 1, -1, 2, -2, -5, -3, 1, -1, -5, -1, -1, -1, 0, -3, -4, -7, 3, -4, -4, -7, -4, -7, -7, 2, 0, -3, -2, -1, -5, -7, 4, -6, -2, -2, -1, 3, 4, -1, -2, 4, -8, 3, 1, -5, -1, -5, 2, 0, -5, -1, 1, 2, 0, 1, -8, 1, 2, 2, -6, -1, 1, -5, -6, 4, -8, -2, -8, -1, 3, -4, 2, -8, -2, -8, 4, 3, 0, 2, -2, -6, -6, 4, 1, -4, -5]
 
1.7451980868550758: [4, -7, 3, -5, 1, -7, -7, -8, 3, -7, 0, -1, -3, 1, 3, 1, 4, -1, 0, 3, -5, -1, 3, 3, -3, -4, -5, -1, 3, -6, -2, -5, 4, 3, 2, -6, -5, -5, 3, 0, -6, -7, -6, 1, -5, -8, -2, -5, -3, 1, -1, -3, -1, -5, -1, -2, 0, -4, -7, -2, -8, -1, -8, -2, -5, -7, -7, -6, 2, -2, -4, -5, -1, 2, 4, -3, -8, -4, 3, 4, -1, 2, 3, -8, 3, 1, -1, 1, 1, -7, 2, -5, -1, -7, 3, 4, -4, -3, 1, -7, 1, -6, -7, -3, -5, -6, 0, -8, -4, -7, 2, 3, -6, 3, -6, -4, 4, -5, -5, -5, -2, -7, -7, -3, -1, -4, -3, 1]
 
0.874141507266: [-7, 0, -4, -7, 1, -1, -6, -8, -8, -4, 0, 1, 2, -5, -3, 2, -4, -6, -8, 2, -1, -1, -4, 1, 1, -2, -3, 1, 1, 1, -8, -1, 1, -3, 1, -7, -4, 3, 4, -7, -2, -7, -6, 1, -1, 2, -2, -5, -3, 1, -1, -5, -1, -1, -1, 0, -3, -4, 0, 3, -4, -4, -7, -4, 1, -7, 2, 0, -6, -4, -1, -5, -7, 4, -8, 3, -2, -1, -6, 4, -1, 4, -1, -8, 3, 1, -5, -1, -1, -6, 0, 3, -1, 1, 2, 0, 0, -8, -5, 2, -2, -6, -1, 1, -5, -6, -7, -8, -2, -8, -1, 3, -4, 2, -8, -2, -8, 4, 3, 0, 2, -7, 2, 1, 2, -4, -3, 1]
 
1.157675046189579: [4, -7, 3, -4, 1, -1, 2, -8, 3, 2, 0, -6, 2, 1, 0, 2, 4, -8, 0, 2, -3, -1, -4, 1, -8, -8, -3, 1, 1, 1, -6, -1, -3, -7, 1, -8, -7, 1, -6, 0, 4, 2, 4, -3, -5, -8, 0, -7, -3, 1, -1, -3, 1, 1, -1, -6, -6, 0, 1, -6, -4, -4, -7, -4, -7, 0, 2, -4, -3, -2, -1, -4, -3, 2, -6, -5, 4, -2, 3, 4, -1, 3, 3, -8, 3, 1, 2, -5, -2, 2, -6, -5, -1, 1, 3, 0, 3, -8, 1, -7, 1, -6, -7, 4, -5, -6, 0, -8, 1, -7, 2, 3, -6, 3, -2, -2, -8, -7, 0, -5, -1, -2, -6, -6, 4, 1, -4, -5]
 
2.3174103948168394: [4, -7, 3, -5, 1, -7, -7, -8, 3, -7, -3, -6, 2, -6, -5, 2, 4, -8, 0, -6, -3, -1, -4, -1, -8, -8, -3, -3, -5, 1, -6, -7, -5, -3, 1, -7, -4, -5, 1, -3, -6, -7, -6, 1, -1, 2, -2, -5, -3, 1, -1, -5, -1, -1, -1, 0, -3, -4, -7, 3, -4, -4, -7, -4, -7, -7, 2, 0, -3, -2, -1, -5, -7, 4, -6, -2, -2, -1, 3, 4, -1, -2, 4, -8, 3, 1, -5, -1, -5, 2, 0, -5, -1, 1, 2, 0, 1, -8, 1, -7, 1, -6, -7, 4, -5, -6, 0, -8, 1, -7, 2, 3, -6, 3, -2, -2, -8, -7, 0, -5, -1, -2, -6, -6, 4, 1, -4, -5]
 
1.5976277445346865: [-6, -2, 3, -2, 3, -5, 2, -8, 3, 2, 0, -6, 2, 1, 0, 2, 4, -8, 0, 2, -3, -1, -4, 1, -8, -8, -3, 1, 1, 1, -6, -1, -3, -3, 1, -7, -4, -5, 1, -3, -6, -7, -6, 1, -1, 2, -2, -5, -1, 4, -2, -5, -8, 1, -8, 4, 3, -3, 3, 2, -7, -5, 4, -2, -2, 0, -2, -2, -6, -3, 0, -5, 3, -6, -4, 0, 0, -1, -8, 2, 1, 3, 3, -8, -5, 1, 2, -5, -2, 4, -6, -4, -1, 1, 3, -5, 3, -8, -6, -7, 1, -6, -7, -5, -5, -6, -4, -8, 1, -7, -7, 3, 0, 3, 0, -2, -4, -4, -8, -5, 2, -8, -7, -3, -8, -7, -7, -5]
 
1.984326603267869: [-7, -7, 3, -4, 1, -1, 2, -8, 3, 2, 0, -6, 2, 1, 0, 2, 4, -8, 0, 2, -3, -1, -4, 1, -8, -8, -3, 1, 1, 1, -6, -1, -3, -3, 1, -7, -4, -5, 1, -3, -6, -7, -6, 1, -1, 2, -2, -5, -1, 4, -2, -5, -8, 1, -8, 4, 3, -3, 3, 2, -7, -5, 4, -2, 0, -7, -4, -3, -8, -2, 1, -5, -7, 4, -6, -2, -8, -4, 3, 4, -4, 3, -1, -2, 1, 1, -6, 3, -7, 1, 1, -8, -8, -2, -4, -8, -5, 2, -2, 3, -3, -3, 4, -4, -8, -5, 3, 1, -5, 4, 1, -7, -5, 1, 3, -7, -3, -8, -2, 4, 2, -2, 3, -2, -1, -3, -8, -5]
 
0.9904552672706606: [-7, -8, 3, 2, 3, -5, -2, -6, -2, -7, -2, -6, -3, -2, 4, -7, -4, 3, 1, -7, -1, -1, -4, 4, -8, -5, -7, 3, -2, -6, 1, -1, 4, 1, -2, -4, 1, 4, 0, 4, 3, -8, -8, 1, -1, -2, -4, 1, 3, 1, -1, -3, 3, -3, -1, -5, 3, -6, 0, 2, -8, -6, -4, -2, -5, 3, -4, -6, 2, 1, -4, -5, -1, -8, 4, -3, -8, -4, 3, 4, -1, 2, 3, -8, 3, 1, -5, -1, -5, 2, 0, -5, -1, 1, 2, 0, 1, -8, 1, -7, 1, -6, -7, 4, -5, -6, 0, -8, 1, -7, 2, 3, -6, 3, -2, -2, -8, -7, 0, -5, -1, -2, -6, -6, 4, 1, -4, -5]
 
1.690523208139127: [-7, 1, 3, 2, 3, -5, -2, -6, -4, -7, -2, -6, 0, -2, 4, -7, -4, 3, -3, -7, -1, 3, -4, 4, -6, -5, -1, 3, -7, -2, -5, 2, 4, -7, 1, -3, -7, 1, -6, 0, 4, 2, 4, -3, -5, -8, 0, -7, -3, -4, -1, -3, 1, 1, -1, -5, 3, -6, 0, 3, -8, -6, -2, -8, -5, 0, -4, 2, -6, 1, -4, -5, 0, -8, 4, -8, -8, -4, 3, 4, -1, 2, 3, -2, 3, 1, 4, -1, 1, -8, 0, -5, -1, -7, 3, 4, -3, -3, 1, 4, 3, -6, -1, -3, -5, -4, 0, -8, 1, -7, -2, 3, -2, -5, -7, -2, -8, 3, -6, 0, -5, -8, 4, 2, -4, -4, -3, 1]
 
2.894017698756169: [-7, -7, 3, -4, 1, -1, 2, -8, 3, 2, 0, -6, 2, 1, 0, 2, 4, -8, 0, 2, -3, -1, -4, 1, -8, -8, -3, 1, 1, 1, -6, -1, -3, -3, 1, -7, -4, -5, 1, -3, -6, -7, -6, 1, -1, 2, -2, -5, -3, 1, -1, -5, -1, -1, -1, 0, -3, -4, -7, 3, -4, -4, -7, -4, -7, -7, 2, 0, -3, -2, -1, -5, -7, 4, -6, -2, -2, -1, 3, 4, -1, -2, 4, -8, 3, 1, -5, -1, -5, 2, 0, -5, -1, 1, 2, 0, 1, -8, 1, -7, 1, -6, -7, 4, -5, -6, 0, -8, 1, -7, 2, 3, -6, 3, -2, -2, -8, -7, 0, -5, -1, -2, -6, -6, 4, 1, -4, -5]
 
1.1484488922766531: [4, -7, 3, -4, 1, -1, 2, -8, 3, 2, 0, -6, 2, 1, 0, 2, 4, -8, 0, 2, -3, -1, -4, 1, -8, -8, -3, 1, 1, 1, -6, -1, -3, -3, 1, -7, -4, -5, 1, -3, -6, -7, -6, 1, -1, 2, -2, -5, -3, 1, -1, -5, -1, -1, -1, 0, -3, -4, -7, 3, 2, 0, 2, 1, -2, 0, -2, -2, -6, -3, 0, -5, 3, -6, -4, 0, 0, -1, -8, 2, 1, 3, 3, -8, -5, 1, 2, -5, -2, 4, -6, -4, -1, 1, 3, -5, 3, -8, -6, -7, 1, -6, -7, -5, -5, -6, -4, -8, 1, -7, -7, 3, 0, 3, 0, -2, -4, -4, -8, -5, 2, -8, -7, -3, -8, -7, -7, -5]
 
0.58611288475: [4, -1, -5, -4, 0, -4, -6, -6, 3, 2, -8, -6, 2, 1, -7, 2, -8, 3, -1, -7, -3, -7, -4, 1, -2, -8, -3, -4, -1, -3, -1, -5, -5, -3, 1, -7, -4, -8, 1, -6, -5, -7, -6, 1, -2, 2, -2, -5, -1, 4, -2, -5, -8, 1, 1, 4, 3, -3, 3, 2, -1, -5, 4, -2, 0, -7, -5, -3, -8, -1, 1, -5, -7, 4, -2, -2, -6, -4, 3, -4, 4, 2, -7, 2, 3, -8, -1, -3, -8, 2, -4, -5, -1, 1, 3, -8, -6, -1, 1, 3, -3, -3, -7, 0, -8, -6, 0, 1, 0, -7, -6, 3, 0, 0, -2, -4, -8, -7, -2, -5, 2, -8, 2, -3, -4, -7, -3, 1]
 
0.7958366043236349: [-7, -8, 3, 2, 3, -5, -2, -6, -2, -7, -2, -6, -3, -2, 4, -7, -4, 3, 1, -7, -1, -1, -4, 4, -8, -5, 1, 3, 1, -2, -5, 2, 4, -7, 1, -8, -7, 1, -6, 0, 4, 2, 4, -3, -5, -8, 0, -7, -3, 1, -1, -3, 1, 1, -1, -5, 3, -6, 0, 2, -8, -6, -4, -2, -5, 3, -4, -6, 2, 1, -4, -5, -1, -8, 4, -3, -2, -1, 3, 4, -1, -2, 4, -8, 0, 1, 2, -5, -2, -2, -6, -5, -1, 0, 3, 0, -5, -8, -2, -7, -1, -6, -7, -1, -5, -6, 4, -8, -2, -8, -1, 3, -4, 2, -8, -2, -8, 4, 3, 0, 2, -8, 2, -3, 2, -4, -3, 1]
 
1.33901429166: [4, -7, 3, -4, 1, -6, 0, -8, -5, 0, 0, -6, 2, 1, 0, 3, 4, -8, 0, 2, -8, -1, -4, -4, -8, 2, -3, -5, 1, 1, 4, -1, -3, -7, -7, 1, 3, 1, -6, 0, 4, 2, 4, -3, -5, -8, 0, 1, 4, 1, -1, -3, 1, -2, -1, -5, 3, -6, 0, 2, -8, -6, -4, -2, -5, 3, -4, 3, 0, -5, -4, -5, -1, -8, -5, -3, -8, -4, 3, 4, -1, -5, 3, -8, -4, 1, -1, 1, 1, -7, 2, -3, -8, -7, 3, -2, -7, -3, -8, -7, 1, -6, -7, -3, -5, -6, 0, -8, 1, -7, -2, 3, 0, 3, -7, -7, -8, 3, 0, 0, -5, -8, -7, -5, -8, 4, -3, 1]
 
0.947193378619: [-7, -7, 3, -5, 1, -7, -7, -8, 1, -7, -5, -1, -3, 1, 3, -3, 1, -1, 0, 3, -5, -5, 3, 3, -3, -5, -5, -5, 3, -6, -2, -5, -4, 3, 2, -6, -5, -5, 3, 0, -6, -3, -6, 1, -5, -8, -2, -5, -3, 1, -5, -3, -7, -5, -1, 3, 0, -4, -8, -2, 2, -1, -8, -2, -5, -7, -8, -6, 2, -2, -4, -4, -1, 2, 1, -3, 0, -4, 1, 4, 0, 2, 3, -8, 3, 1, 4, 1, 1, -7, 2, -5, -1, -7, 3, 2, -4, -3, 1, -7, 1, -6, -7, -3, -5, -4, -4, -8, -4, -8, -8, 1, -6, 3, -7, -2, 1, -6, 0, 4, 3, 2, -7, 3, -6, 2, 2, -5]
 
3.9033025038: [4, -7, 3, -4, 1, -1, 2, -8, 3, 2, 0, -6, 2, 1, 0, 2, 4, -8, 0, 2, -3, -1, -4, 1, -8, -8, -3, 1, 1, 1, -6, -1, -3, -3, 1, -7, -4, -5, 1, -3, -6, -7, -6, 1, -1, 2, -2, -5, -3, 1, -1, -5, -1, -1, -1, 0, -3, -4, -7, 3, -4, -4, -7, -4, -7, -7, 2, 0, -3, -2, -1, -5, -7, 4, -6, -2, -2, -1, 3, 4, -1, -2, 4, -8, 3, 1, -5, -1, -5, 2, 0, -5, -1, 1, 2, 0, 1, -8, 1, 2, 2, -6, -1, 1, -5, -3, 0, -8, -4, -7, 2, 3, 0, 3, -7, -2, -8, -7, 0, -5, -1, -6, -6, -6, 4, 1, -4, -5]
 
1.60714780859: [-7, -8, 3, 2, 3, -5, -2, -6, -2, -7, -2, -6, -3, -2, 4, -7, -4, 3, 1, -7, -1, -1, -4, 4, -8, -5, -7, 3, -2, -6, 1, -1, -3, -3, 1, -7, -3, -5, 1, -3, -6, -7, -6, 1, -1, -1, -2, -5, -3, 2, -4, -5, -1, -1, -1, 0, -3, -4, -1, -3, -4, -4, -7, -4, -7, -7, 2, 0, -3, -2, -1, 0, -8, 4, -6, -8, -2, -1, 3, -8, -1, -2, 4, -8, 3, -6, -5, -1, -5, 2, -2, -7, -1, -8, 2, 0, 1, -8, 1, 2, 2, -6, -1, 0, -1, -6, 0, 3, -2, -8, 4, 3, -4, 2, -3, -2, -8, 4, -7, 0, 2, -8, 2, -3, 2, -2, 4, -2]
 
0.852778920953: [-7, -7, 3, -4, 1, 4, 4, -8, 3, -2, 0, -6, -6, 1, 0, 2, 4, -2, 0, 2, -3, -3, -4, 1, -3, -8, -2, 1, 1, 1, -6, 2, 4, 1, -2, -4, 1, 4, 0, 4, 3, -8, -8, 1, -1, -2, -4, 1, 3, 1, -1, -3, 3, -3, -1, -5, 3, -6, 0, 2, -8, -6, -4, -2, -5, 3, -4, -6, 2, 1, -4, -5, -1, -8, 4, -3, -8, -4, 3, 4, -1, 2, 3, -8, 3, 1, -5, -1, -5, 2, 0, -5, -1, 1, 2, 0, 1, -8, 1, -7, 1, -6, -7, 4, -5, -6, 0, -8, 1, -7, 2, 3, -6, 3, -2, -2, -8, -7, 0, -5, -1, -2, -6, -6, 4, 1, -4, -5]
 
2.27483437913: [-7, 0, -4, -7, 1, -1, -6, -8, -8, -4, 0, 1, 2, -5, -3, 2, 4, -6, 0, 2, -3, -1, -4, 1, -8, -8, -3, 1, 1, 1, -6, -1, -3, -3, 1, -7, -4, -5, 1, -3, -6, -7, -6, 1, -1, 2, -2, -5, -3, 1, -1, -5, -1, -1, -1, 0, -3, -4, -7, 3, -4, -4, -7, -4, -7, -7, 2, 0, -3, -2, -1, -5, -7, 4, -6, -2, -2, -1, 3, 4, -1, -2, 4, -8, 3, 1, -5, -1, -5, 2, 0, -5, -1, 1, 2, 0, 1, -8, 1, 2, 2, -6, -1, 1, -5, -6, 4, -8, 1, -6, 4, -3, 3, 3, -7, -2, -8, 4, 0, -6, 0, -8, -7, -3, 4, 1, -4, -5]
 
0.943871398697: [-5, 1, 2, -4, -7, -8, -6, -6, 0, -5, -4, -6, -2, -1, -5, -7, 4, 3, 0, 1, 1, -1, 1, 1, -7, -3, -1, -7, -2, -2, -2, -5, -5, -6, -2, -4, -7, 1, -6, 4, 4, 4, 4, -8, -5, -2, 4, -7, -3, 3, -6, -3, -2, -1, -5, -8, -3, -6, 0, 1, -1, -5, 2, -2, -8, 4, 1, -6, 0, 1, 1, -5, -2, -3, 4, -5, -8, -1, -5, 4, -1, 2, 2, -8, -8, 1, -1, 1, 1, -7, -5, -6, -6, -7, 3, -1, -4, -3, 1, -8, 1, -7, -7, -3, -5, -6, -2, 4, -2, -8, -1, -4, -4, -1, -8, -7, -8, 4, 3, -6, -8, -8, 2, -3, 3, -4, -3, 1]
 
1.35600976474: [4, -7, 3, -4, 1, -1, 2, -8, 3, 2, 0, -6, 2, 1, 0, 2, 4, -8, 0, -6, -3, -1, -4, -1, -8, -8, -3, -3, -5, 1, -6, -7, -5, -1, 0, -7, -4, -5, 1, -6, -6, -1, -1, -8, -1, 0, 4, -8, -3, 1, 3, -4, -1, -5, -1, 0, 1, 2, -7, 3, -4, -2, -7, -2, -8, -7, -7, 0, -3, -2, -1, -7, 3, 2, 2, -5, 0, -2, 3, 4, -1, 2, 3, -8, 3, 1, -1, 1, 1, -7, 2, -5, -1, -7, 3, 4, -4, -3, 1, -7, 1, -6, -7, -3, -5, -6, 0, -8, 1, -7, 2, 3, -2, 3, -7, -2, -8, 4, 0, 0, -5, -8, -7, -3, -8, -4, -3, 1]
 
1.04369452633: [4, -7, 3, 1, 1, -7, -7, -8, 3, -7, -3, -6, 2, -6, -5, 2, 4, -8, -4, 2, -3, -1, -3, 1, -6, -8, -7, 1, 1, 1, -6, -1, -3, -3, 1, -7, 1, -5, 2, -3, -6, -7, -6, 1, -1, -5, -2, -4, -3, -4, -1, 1, -1, -1, -1, 0, -3, -4, -3, 3, -4, -4, -7, -4, -7, -7, 2, -8, -3, -2, -1, -5, -7, 4, -6, 2, 3, -1, 3, -5, 0, 3, 4, -8, 3, -7, -5, 4, -5, 3, 0, 4, -1, 2, -2, 0, 1, 4, 1, 2, -3, -6, 2, 1, -5, -3, 0, -8, -4, -7, 2, -2, 2, 3, -7, -2, 3, -7, 0, -5, -1, -6, -6, -7, -6, 1, -4, -5]
 
1.69604597942: [4, -1, -5, -4, 1, -4, 2, -4, 3, 2, -8, -6, 2, 1, 0, 2, -8, 3, 0, -7, -3, -7, -4, 1, -2, -8, -3, 1, -1, -3, -6, -1, -5, -3, 1, -7, -4, -5, 1, 4, 3, -8, -8, 1, -1, -2, -4, 1, 3, 1, -1, -3, 3, -3, -1, -6, -6, 0, 1, -6, -4, -4, -7, -4, -7, 0, 2, -4, -3, -2, -1, -4, -3, 2, -6, -5, -6, -5, 0, -5, -3, -5, 1, -7, -2, -4, -8, -6, -6, 3, 2, 3, 4, -8, -3, 4, -4, 0, 0, 4, -2, 2, 0, -5, 1, 0, -1, -6, -7, -2, -6, -7, -5, -4, 1, -2, 1, 3, -8, -1, -8, -7, -4, 0, 3, 1, 4, -3]
 
1.31034593928: [4, -7, -7, -5, -2, 2, -5, -6, 3, -7, 4, -1, 4, 1, 4, 0, -4, 3, -5, -8, 3, -1, -4, -4, -7, -3, -7, 3, -2, -6, 1, -1, 4, 1, -2, -4, 1, 4, 0, -3, -7, -7, -6, 1, -1, 2, -2, -5, -1, 4, -2, -5, -8, 1, -8, 4, 3, -3, 3, 2, -7, -5, 4, -2, 0, -7, -5, -3, -8, -2, 1, -5, -7, 4, -6, -2, -8, -4, 3, -4, -1, 2, -7, 2, 3, 0, -1, -1, -8, 2, -4, -5, -1, 1, 3, 0, -6, -1, 1, -8, 1, 2, -7, 0, -3, -6, 0, -8, 0, -7, 2, -4, 0, 0, -2, -4, -8, -7, 0, -5, 2, -8, 2, -3, 2, -7, -3, 1]
 
0.598120976063: [4, -7, 3, -4, 1, -1, 2, -8, 3, 2, 0, -6, 2, 1, 0, 2, 4, -8, 0, -6, -3, -1, -4, -1, -8, -8, -3, -3, -5, 1, -6, -7, -5, -1, 0, -7, -4, -5, 1, -6, -6, -1, -1, -8, -1, 0, 4, -8, -3, 1, 3, -4, -1, -5, -1, 0, 1, 2, -7, 3, -4, -2, -7, -2, -8, -7, -7, 0, -3, -2, -1, -7, 3, 2, 2, -5, 0, -2, 3, 4, -1, 2, 3, -8, 3, 1, -1, 1, 1, -7, 2, -5, -1, -7, 3, 4, -4, -3, 1, -7, 1, -6, -7, -3, -5, -6, 0, -8, 1, -7, 2, 3, -2, 3, -6, -4, 4, -5, -5, -5, -2, -7, -7, -3, -1, -4, -3, 1]
 
0.817356993347: [4, -7, 3, -5, 1, -7, -7, -8, 3, -7, 0, -1, -3, 1, 3, 1, 4, -1, 0, 3, -5, -1, 3, 3, -3, -4, -5, -1, 3, -6, -2, -5, 4, 3, 2, -6, -5, -5, 3, 0, -6, -7, -6, 1, -5, -8, -2, -5, -3, 1, -1, -3, -1, -5, -1, -2, 0, -4, -7, -2, -8, -1, -8, -2, -5, -7, -7, -6, 2, -2, -4, -5, -1, 2, 4, -3, -8, -4, 3, 4, -1, 2, 3, -8, 3, 1, -1, 1, 1, -7, 2, -5, -1, -7, 3, 4, -4, -3, 1, -7, 1, -6, -7, -3, -5, -6, 0, -8, -4, -7, 2, 3, -6, 3, -7, -2, -8, 4, 0, 0, -5, -8, -7, -3, -8, -4, -3, 1]
 
1.43098167166: [-7, -3, 3, -5, 2, -8, -7, -5, 3, -7, -1, -1, -3, 1, 3, 1, 3, -1, 0, 3, -5, -1, 3, 3, -3, -4, -6, -1, 3, -6, -2, -5, 4, 4, 2, -8, -5, 0, 3, 0, -2, -7, -6, 1, -3, -5, 0, -5, 2, 1, -1, -3, -1, -5, -1, 1, 0, -4, -7, 1, -8, -8, -8, -2, -5, -7, -7, -6, 2, -2, -4, -5, -4, 2, 4, -3, -8, -4, 3, 4, -1, 2, 3, -8, 3, -5, -1, 1, 1, -7, 2, -5, -4, -7, 3, 1, -4, -3, -2, -7, 1, -5, -7, -5, -5, -6, -4, 4, 1, -7, -3, 3, -3, 3, 0, -2, -4, -4, -8, -5, 2, -8, -7, 3, 3, 2, -7, -5]
 
0.447811151298: [-6, -2, 3, -2, 3, -5, 2, -8, 3, 2, 0, -6, 2, 1, 0, 2, 4, -8, 0, 2, -3, -1, -4, 1, -8, -8, -3, 1, 1, 1, -6, -1, -3, -3, 1, -7, -4, -5, 1, -3, -6, -7, -6, 1, -1, 2, -2, -5, -1, 4, -2, -5, -8, 1, -8, 4, 3, -3, 3, 2, -7, -5, 4, -2, -2, 0, -2, -2, -6, -3, 0, -5, 3, -6, -4, 0, 0, -1, -8, 2, 1, 3, 3, -8, -5, 1, 2, -5, -2, 4, -6, -4, -1, 1, 3, -5, 3, -8, 1, -7, 1, -6, -7, -3, -5, -6, 0, -8, -4, -7, 2, 3, -6, 3, -7, -2, -8, 4, 0, 0, -5, -8, -7, -3, -8, -4, -3, 1]
 
2.32890603653: [-7, 0, -4, -7, 1, -1, -6, -8, -8, -4, 0, 1, 2, -5, -3, 2, 4, -6, 0, 2, -3, -1, -4, 1, -8, -8, -3, 1, 1, 1, -6, -1, -3, -3, 1, -7, -4, -5, 1, -3, -6, -7, -6, 1, -1, -8, 0, -7, -3, 1, -1, -3, 1, 1, -1, -5, 3, -6, 0, 2, -8, -6, -4, -2, -5, 3, -4, -6, 2, 1, -4, -5, -1, -8, 4, -3, -8, -4, 3, 4, -1, 2, 3, -8, 3, 1, -1, 1, 1, -7, 2, -5, -1, -7, 3, 4, -4, -3, 1, -7, 1, -6, -7, -3, -5, -6, 0, -8, 1, -7, 2, 3, -2, 3, -7, -2, -8, 4, 0, 0, -5, -8, -7, -3, -8, -4, -3, 1]
 
1.1104639103: [1, -4, 3, -4, 1, -1, -2, -6, 3, -7, -4, -6, -3, -1, 4, -7, -4, 3, -5, -8, -1, -1, -4, -4, -7, -3, -7, 3, -2, -6, 1, -1, 4, 1, -2, -4, -7, 1, -6, 0, 4, 2, 4, -3, -5, 2, -2, -5, -3, 1, -1, -5, -1, -1, -1, 0, -3, -4, -7, 3, -4, -4, -7, -4, -7, -7, 2, 0, -3, -2, -1, -5, -7, 4, -6, -2, -2, -1, 3, 4, -1, -2, 4, -8, 3, 1, -5, -1, -5, 2, 0, -5, -1, 1, 2, 0, 1, -8, 1, 2, 2, -6, -1, 1, -5, -6, 4, -8, -2, -8, -1, 3, -4, 2, -8, -2, -8, 4, 3, 0, 2, -8, 2, -3, 2, -4, -3, 1]
 
1.30877995916: [4, -7, 3, -4, 1, -1, -2, -6, 3, -7, -4, -6, -3, -1, 4, -7, -4, 3, -5, -8, -1, -1, -4, -4, -7, -3, -7, 3, -2, -6, 1, -1, 4, 1, -2, -4, -7, 1, -6, 0, 4, 2, 4, -3, -5, -8, 0, -7, -3, 1, -1, -3, 3, -3, -1, -5, 3, -6, 0, 2, -8, -6, -4, -2, -5, 3, -4, -6, 2, 1, -4, -5, -1, -8, 4, -3, -8, -4, 3, 4, -1, 2, 3, -8, 3, 1, -5, -1, -5, 2, 0, -5, -1, 1, 2, 0, 1, -8, 1, -7, 1, -6, -7, 4, -5, -6, 0, -8, 1, -7, 2, 3, -6, 3, -2, -2, -8, -7, 0, -5, -1, -2, -6, -6, 4, 1, -4, -5]
 
1.9425345345: [-7, -7, 3, -4, 1, 4, 4, -8, 3, -2, 0, -6, -6, 1, 0, 2, 4, -2, 0, 2, -3, -3, -4, 1, -3, -8, -2, 1, 1, 1, -6, 2, 4, 1, -2, -4, 1, 4, 0, 4, 3, -8, -8, 1, -1, -2, -4, 1, 3, 1, -1, -3, 1, 1, -1, -5, 3, -6, 0, 2, -8, -6, -4, -2, -5, 3, -4, -6, 2, 1, -4, -5, -1, -8, 4, -3, -8, -4, 3, 4, -1, 2, 3, -8, 3, 1, -1, 1, 1, -7, 2, -5, -1, -7, 3, 4, -4, -3, 1, -7, 1, -6, -7, -3, -5, -6, 0, -8, 1, -7, 2, 3, -2, 3, -7, -2, -8, 4, 0, 0, -5, -8, -7, -3, -8, -4, -3, 1]
 
1.02612998076: [1, -4, 3, -4, 1, -1, -2, -6, 3, -7, -4, -6, -3, -1, 4, -7, -4, 3, -5, -8, -1, -1, -4, -4, -7, -3, -7, 3, -2, -6, 1, -1, 4, 1, -2, -4, -7, 1, -6, 0, 4, 2, 4, -3, -5, -8, 0, -7, -3, 1, -1, -3, 1, 1, -1, -5, 3, -6, 0, 2, -8, -6, -4, -2, -5, 3, -4, -6, 2, 1, -4, -5, -1, -8, 4, -3, -8, -4, 3, 4, -1, 2, 2, -8, 3, 1, -3, 1, 1, -7, -5, -6, -6, -7, 3, -1, -4, -3, 1, -8, 1, -3, -7, -3, -5, -6, -2, -8, -2, -8, -1, 3, -4, 2, -8, -2, -8, 4, 3, 0, 2, -8, 2, -3, 2, -4, -3, 1]
 
2.24563199687: [1, 1, 2, -4, 1, -8, -2, -6, 3, 0, -4, -6, -3, -1, -5, -7, 4, 3, 0, 1, -1, -1, 1, 1, -7, -3, -1, -7, -2, 3, 4, -1, -5, 1, -2, -4, -7, 1, -6, -8, 4, 4, 4, -8, -5, -4, 4, -7, -3, 3, -6, -3, -2, 1, -5, -8, -3, -6, 0, 4, -1, -6, 2, -2, -8, 4, 1, -6, 2, 1, -4, -5, -1, -3, 4, -3, -8, -1, -4, 4, -1, 2, 3, -8, 3, 1, -1, 1, 1, -7, 2, -5, -1, -7, 3, 4, -4, -3, 1, -7, 1, -6, -7, -3, -5, -6, 0, -8, 1, -7, 2, 3, -2, 3, -7, -2, -8, 4, 0, 0, -5, -8, -7, -3, -8, -4, -3, 1]
 
1.24263587663: [-7, 0, -4, -7, 1, -1, -6, -8, -8, -4, 0, 1, 2, -5, -3, 2, 4, -6, 0, 2, -3, -1, -4, 1, -8, -8, -7, 3, -2, -6, 1, -1, 4, 1, -2, -4, -7, 1, -6, 0, 4, 2, 4, -3, -5, -8, 0, -7, -3, 1, -1, -3, 3, -3, -1, -5, 3, -6, 0, 2, -8, -6, -4, -2, -5, 3, -4, -6, 2, 1, -4, -5, -1, -8, 4, -3, -8, -4, 3, 4, -1, 2, 3, -8, 3, 1, -5, -1, -5, 2, 0, -5, -1, 1, 2, 0, 1, -8, 1, -7, 1, -6, -7, 4, -5, -6, 0, -8, 1, -7, 2, 3, -6, 3, -2, -2, -8, -7, 0, -5, -1, -2, -6, -6, 4, 1, -4, -5]
 
1.39050259673: [4, -7, 3, -4, 1, -1, -2, -6, 3, -7, -4, -6, -3, -1, 4, -7, -4, 3, -5, -8, -1, -1, -4, -4, -7, -3, -3, 1, 1, 1, -6, -1, -3, -3, 1, -7, -4, -5, 1, -3, -6, -7, -6, 1, -1, 2, -2, -5, -3, 1, -1, -5, -1, -1, -1, 0, -3, -4, -7, 3, -4, -4, -7, -4, -7, -7, 2, 0, -3, -2, -1, -5, -7, 4, -6, -2, -2, -1, 3, 4, -1, -2, 4, -8, 3, 1, -5, -1, -5, 2, 0, -5, -1, 1, 2, 0, 1, -8, 1, 2, 2, -6, -1, 1, -5, -6, 4, -8, -2, -8, -1, 3, -4, 2, -8, -2, -8, 4, 3, 0, 2, -8, 2, -3, 2, -4, -3, 1]
 
1.59551514126: [4, -7, 3, -4, 1, -1, 2, -8, 3, 2, 0, -6, 2, 1, 0, 2, 4, -8, 0, 2, -3, -1, -4, 1, -8, -8, -3, 1, 1, 1, -6, -1, -3, -7, 1, -8, -7, 1, -6, 0, 4, 2, 4, -3, -5, -8, 0, -7, -3, 1, -1, -3, 1, 1, -1, -5, 3, -6, 0, 2, -8, -6, -8, -2, -5, -7, -7, -6, 2, -2, -4, -5, -1, 2, 4, -3, -8, -4, 3, 4, -1, 2, 3, -8, 3, 1, -1, 1, 1, -7, 2, -5, -1, -7, 3, 4, -4, -3, 1, -7, 1, -6, -7, -3, -5, -6, 0, -8, -4, -7, 2, 3, -6, 3, -6, -4, 4, -5, -5, -5, -2, -7, -7, -3, -1, -4, -3, 1]
 
2.5516987578: [4, -7, 3, -5, 1, -7, -7, -8, 3, -7, 0, -1, -3, 1, 3, 1, 4, -1, 0, 3, -5, -1, 3, 3, -3, -4, -5, -1, 3, -6, -2, -5, 4, 3, 2, -6, -5, -5, 3, 0, -6, -7, -6, 1, -5, -8, -2, -5, -3, 1, -1, -3, -1, -5, -1, -2, 0, -4, -7, -2, -8, -1, -4, -2, -5, 3, -4, -6, 2, 1, -4, -5, -1, -8, 4, -3, -8, -4, 3, 4, -1, 2, 3, -8, 3, 1, -1, 1, 1, -7, 2, -5, -1, -7, 3, 4, -4, -3, 1, -7, 1, -6, -7, -3, -5, -6, 0, -8, 1, -7, 2, 3, -2, 3, -7, -2, -8, 4, 0, 0, -5, -8, -7, -3, -8, -4, -3, 1]
 
2.09672911948: [4, -7, 3, -5, 1, -7, -7, -8, 3, -7, 0, -1, -3, 1, 3, 1, 4, -1, 0, 3, -5, -1, 3, 3, -3, -4, -5, -1, 3, -6, -2, -5, 4, 3, 2, -6, -5, -5, 3, 0, -6, -7, -6, 1, -5, -8, -2, -5, -3, 1, -1, -3, -1, -5, -1, -2, 0, -4, -7, -2, -8, -1, -8, -2, -5, -7, -7, -6, 2, -2, -4, -5, -1, 2, 4, -3, -8, -4, 3, 4, -1, 2, 3, -8, 3, 1, -1, 1, 1, -7, 2, -5, -1, -7, 3, 4, -4, -3, -6, -7, 1, -6, -7, -5, -5, -6, -4, -8, 1, -7, -7, 3, 0, 3, 0, -2, -4, -4, -8, -5, 2, -8, -7, -3, -8, -7, -7, -5]
 
3.1644584549: [4, -7, 3, -5, 1, -7, -7, -8, 3, -7, 0, -1, -3, 1, 3, 1, 4, -1, 0, 3, -5, -1, 3, 3, -3, -4, -5, -1, 3, -6, -2, -5, 4, 3, 2, -6, -5, -5, 3, 0, -6, -7, -6, 1, -5, -8, -2, -5, -3, 1, -1, -3, -1, -5, -1, -2, 0, -4, -7, -2, -8, -1, -4, -2, -5, 3, -4, -6, 2, 1, -4, -5, -1, -8, 4, -3, -8, -4, 3, 4, -1, 2, 3, -8, 3, 1, -1, 1, 1, -7, 2, -5, -1, -7, 3, 4, -4, -3, 1, -7, 1, -6, -7, -3, -5, -6, 0, -8, 1, -7, 2, 3, -2, 3, -7, -2, -8, 4, 0, 0, -5, -8, -7, -3, -8, -4, -3, 1]
 
1.50564790407: [4, -1, -5, -4, 1, -4, 2, -4, 3, 2, -8, -6, 2, 1, 0, 2, -8, 3, 0, -7, -3, -7, -4, 1, -2, -8, -3, 1, -1, -3, -6, -1, -5, -3, 1, -7, -4, -5, 1, 4, 3, -8, -8, 1, -1, -2, -4, 1, 3, 1, -1, -3, 3, -3, -1, -6, -6, 0, 1, -6, -4, -4, -7, -4, -7, 0, -7, 0, -3, -2, -1, -7, 3, 2, 2, -5, 0, -2, 3, 4, -1, 2, 3, -8, 3, 1, -1, 1, 1, -7, 2, -5, -1, -7, 3, 4, -4, -3, 1, -7, 1, -6, -7, -3, -5, -6, 0, -8, 1, -7, 2, 3, -2, 3, -7, -2, -8, 4, 0, 0, -5, -8, -7, -3, -8, -4, -3, 1]
 
1.88934658281: [4, -7, 3, -4, 1, -1, 2, -8, 3, 2, 0, -6, 2, 1, 0, 2, 4, -8, 0, -6, -3, -1, -4, -1, -8, -8, -3, -3, -5, 1, -6, -7, -5, -1, 0, -7, -4, -5, 1, -6, -6, -1, -1, -8, -1, 0, 4, -8, -3, 1, 3, -4, -1, -5, -1, 0, 1, 2, -7, 3, -4, -2, -7, -2, -8, -7, 2, -4, -3, -2, -1, -4, -3, 2, -6, -5, -6, -5, 0, -5, -3, -5, 1, -7, -2, -4, -8, -6, -6, 3, 2, 3, 4, -8, -3, 4, -4, 0, 0, 4, -2, 2, 0, -5, 1, 0, -1, -6, -7, -2, -6, -7, -5, -4, 1, -2, 1, 3, -8, -1, -8, -7, -4, 0, 3, 1, 4, -3]
 
0.698395779412: [-7, -7, 3, -5, 1, -7, -7, -8, 3, -7, 0, -1, -3, 1, 3, 1, -2, -5, -2, 3, -5, -1, 3, 3, -3, -2, -5, -1, -7, -6, -2, -5, 2, 3, 2, 3, -5, -5, 3, 0, -6, -7, -6, -8, -5, -8, 2, -7, -3, 1, -1, 1, -1, -6, 3, -2, 0, -4, -7, -6, -8, -1, -8, -2, -6, -7, -7, -6, 2, 3, -3, -5, -1, -2, 4, -3, -5, -4, 3, 4, -1, 2, 3, -8, 3, 4, -5, -1, -5, -5, 0, -5, 0, 4, 2, 0, 1, -4, 3, -7, 1, -8, -7, 4, -5, -6, 0, -8, 1, -7, 2, 3, -6, 3, -2, -2, -8, -7, 0, -5, -1, -2, -6, -6, -8, 1, -4, -5]
 
1.5026684573: [-7, -8, 3, 2, 3, -5, -2, -6, -2, -7, -2, -6, -3, -2, 4, -7, -4, 3, 1, -7, -1, -1, -4, 4, -8, -5, -7, 3, -2, -6, 1, -1, 4, 1, -2, -4, 1, 4, 0, 4, 3, -8, -8, 1, -1, -2, -4, 1, 3, 1, -1, -3, 3, -3, -1, -5, 3, -6, 0, 2, -8, -6, -4, -2, -5, 3, -4, -6, 2, 1, -4, -5, -1, -8, 4, -3, -8, -4, 3, 4, -1, 2, 3, -8, 3, 1, -1, 1, 1, -7, 2, -5, -1, -7, 3, 4, -4, -3, 1, -7, 1, -6, -7, -3, -5, -6, 0, -8, -4, -7, 2, 3, -6, 3, -6, -4, 4, -5, -5, -5, -2, -7, -7, -3, -1, -4, -3, 1]
 
1.88552556161: [4, -7, 3, -5, 1, -7, -7, -8, 3, -7, 0, -1, -3, 1, 3, 1, 4, -1, 0, 3, -5, -1, 3, 3, -3, -4, -5, -1, 3, -6, -2, -5, 4, 3, 2, -6, -5, -5, 3, 0, -6, -7, -6, 1, -5, -8, -2, -5, -3, 1, -1, -3, -1, -5, -1, -2, 0, -4, -7, -2, -8, -1, -8, -2, -5, -7, -7, -6, 2, -2, -4, -5, -1, 2, 4, -3, -8, -4, 3, 4, -1, 2, 3, -8, 3, 1, -1, 1, 1, -7, 2, -5, -1, -7, 3, 4, -4, -3, 1, -7, 1, -6, -7, -3, -5, -6, 0, -8, -4, -7, 2, 3, -6, 3, -6, -4, 4, -5, -5, -5, -2, -7, -7, -3, 4, 1, -4, -5]
 
0.917842953855: [-7, -7, 3, -4, 1, 4, 4, -8, 3, -2, 0, -6, -6, 1, 0, 2, 4, -2, 0, 2, -3, -3, -4, 1, -3, -8, -2, 1, 1, 1, -6, 2, 4, 1, -2, -4, 1, 4, 0, 4, 3, -8, -8, 1, -1, -2, -4, 1, 3, 1, -1, -3, 3, -3, -1, -5, 3, -6, 0, 2, -8, -6, -4, -2, -5, 3, -4, -6, 2, 1, -4, -5, -1, -8, 4, -3, -8, -4, 3, 4, -1, 2, 3, -8, 3, 1, -5, -1, -5, 2, 0, -5, -1, 1, 2, 0, 1, -8, 1, -7, 1, -6, -7, 4, -5, -6, 0, -8, 1, -7, 2, 3, -6, 3, -2, -2, -8, -7, 0, -5, -1, -2, -6, -6, -1, -4, -3, 1]
 
