2.540748482186652: [-8, -3, 0, -6, 0, 4, -3, 4, 4, -3, -2, 2, -3, -7, 2, -6, -8, 3, -7, -8, -7, 1, -7, -8, -2, -8, -5, 2, 2, -7, -7, 4, 2, 0, 4, -2, -4, -4, -6, -7, 1, -4, -5, -3, -8, -6, -8, 2, -2, -5, -1, -3, -5, -8, -6, -2, -1, -2, -3, 3, 0, 1, -6, -4, -2, 4, -1, -2, 3, -2, -5, 3, -4, -4, 0, 0, -7, -8, -3, 4, -5, 0, -6, 3, -3, -2, 4, -8, -3, -8, -4, 1, -5, -2, 1, -4, 3, 3, -5, -2, -5, -4, -1, -5, -1, -7, 3, 1, 2, 4, -1, 4, 2, -6, -3, 3, -4, -6, 0, -4, -5, 4, 3, -2, -7, -5, 0, 2]
 
0.946959301329: [4, 0, -5, 2, 0, 0, 4, -6, -3, 1, 1, 2, -5, 3, 1, 2, 4, -3, -7, -1, -5, -8, 1, -6, 0, -5, 4, -1, -5, 3, 0, 1, 1, -4, -1, -2, -4, 3, -8, 0, 3, -7, -5, 0, 3, -2, 0, 0, 1, 0, -2, -2, -3, 0, -1, -2, -7, -2, -3, -5, 2, -2, -3, 1, -6, 1, -1, 3, -8, -2, -5, 4, 1, 1, 0, -1, -7, -7, -7, 4, -2, 0, -5, 3, -1, -4, -5, -6, -8, -4, 4, 4, -3, 4, 1, -7, -8, 0, 0, -6, -6, -1, -7, 3, 1, -8, -5, 0, 3, -6, 3, -7, 0, -2, 2, 4, -6, -5, -8, 4, 1, -7, -6, 1, -1, 4, 2, 1]
 
1.13482177385: [-7, 2, 2, 0, -1, 2, 0, -5, -3, -2, -5, 2, 3, -5, 0, 0, -1, -6, -8, 2, 0, 4, 1, 4, 0, 1, 2, 0, 1, -8, 3, -3, -3, 4, 2, 0, -3, -3, 2, -3, -4, 1, -5, -8, -3, 2, -8, 2, 3, 2, -2, -2, 2, 3, -4, 2, -4, -3, -8, 2, -2, -6, 2, -1, -4, -4, 4, 3, 4, -6, -5, -4, 4, -1, -6, -3, 2, -5, 4, -3, -8, 2, -3, 4, 3, -5, -4, 0, 1, -2, -6, -4, -8, -8, -5, -8, 1, -8, 3, 3, -5, 3, 1, -2, -6, -7, -8, -3, -8, 2, 4, -5, -4, 2, -8, 3, 2, -5, 3, -8, -8, -5, 1, 4, -7, -5, 4, -1]
 
1.3753222070479245: [-2, -2, 2, -7, -4, -1, -3, -7, -3, -6, 0, -2, -1, -7, -1, 4, -1, -8, -8, -8, 4, -1, 4, -8, -5, 4, 4, -6, 2, -5, 2, -8, 2, 4, 2, -7, -7, 4, 2, -4, 2, 2, -3, -8, 1, -8, 4, 2, 1, 4, -2, -5, -6, 3, -4, -5, -6, -6, 0, 2, 2, -2, 1, -6, -8, -7, -4, 3, -8, 3, -8, -7, 4, -4, 0, -2, -7, -6, 4, -7, -5, -8, 4, -1, -3, -2, 4, -8, -2, -8, -4, -2, 3, -2, -8, -8, -4, 1, -2, -2, -7, -8, -4, 3, -4, 4, 3, 0, -3, -1, -4, -2, -3, -6, -1, 1, 0, -1, -5, 4, 2, -3, 1, -3, -5, -4, -4, -8]
 
1.09712233533: [-2, -6, -6, -7, -2, 0, 1, -8, -3, -5, -8, 4, -7, -1, 0, -8, -8, 1, -4, -1, 1, 1, -8, -4, -2, -4, 2, -8, -7, 1, -8, -5, -2, -2, -8, -1, 1, -2, -3, -6, -7, 0, 3, 1, -1, -6, -5, -4, 0, -4, 0, -1, -5, -7, 2, 1, 1, -2, -3, -2, -1, -1, -1, -5, -2, 4, -5, -4, -5, -4, -8, -7, 4, -4, 0, -7, -7, -1, 4, -6, -3, -3, 2, -8, -2, 2, 4, 3, 2, 3, -5, -2, 2, -5, -6, 3, -6, 3, 2, -7, 1, -4, -6, -5, -5, -8, 0, -5, 2, 3, -8, 4, 1, 4, 4, 2, -8, -7, -2, 4, -4, -1, -7, -4, -5, -7, -5, -3]
 
0.7930903095215547: [3, 2, 4, -1, -2, -7, 2, -7, -7, -3, 0, -8, 4, 1, 3, 1, 3, 0, 1, -5, -6, -2, -5, -2, -7, -4, -5, -4, -2, 1, 3, 4, 0, -8, -5, -7, -8, -3, -6, -8, 2, -4, 1, -8, 1, 2, -1, 2, -1, 0, 0, -3, -7, 3, 4, -5, -3, -5, 0, -7, 2, -6, 0, -7, -8, 4, 2, -4, -4, -2, -4, -1, -8, -4, 0, 0, -7, -8, -3, 4, -5, 0, -6, 3, -3, -2, 4, -8, -3, -8, 0, -2, -1, 4, -2, 1, -4, 1, -2, -2, -6, -3, 3, -5, -5, -2, -6, 3, -1, 1, 3, -7, 2, -2, 2, 4, -4, 4, -8, -1, 3, -7, 0, 1, 3, 4, 2, 1]
 
1.5168469642162843: [4, 3, -7, -5, -3, -7, 4, 2, -1, 3, 1, 2, 3, -7, -5, 3, 2, -3, -3, -6, -7, 0, -8, -8, 0, -6, 2, -5, 2, -2, 4, -4, 2, -6, 3, -2, 3, 4, 4, 3, -8, -8, -5, 2, 3, 0, 2, -6, -8, 0, 0, -3, -5, -3, -8, 2, -2, -2, -6, 3, -2, -6, -6, 1, -5, 4, -4, -2, 4, -3, -2, 4, -8, -5, 3, -8, 0, 0, -4, -3, -7, 4, -6, 1, -4, -5, -8, 3, 3, -4, 1, 0, 0, -1, -8, -8, -5, -8, 3, -2, 1, -7, 1, -2, -2, 3, 1, -4, -8, -1, 3, -4, 4, 0, -8, 2, -8, -5, -1, -7, -4, -1, -7, 0, -5, -5, -5, -3]
 
1.5164348378721135: [-2, -2, -1, 1, 0, 2, 4, 1, 4, 4, -2, 2, -3, -7, -8, 0, -8, 0, -7, 0, -5, 1, -4, -8, -8, 2, -8, 4, -3, -1, -1, 0, -1, -3, -5, -7, -7, 0, -1, 1, -5, 3, 3, -8, 2, 1, 1, 1, 4, 0, -5, -4, -2, -7, 2, -3, 4, -7, -7, 3, -3, 4, -6, 0, -3, 1, 0, -8, 3, 3, 2, 1, 2, -5, -1, 4, -8, -8, 4, -4, -7, -8, 0, 4, 0, 2, 1, 3, 2, -4, -8, -2, 0, -1, -8, 2, -3, -8, -2, 2, -1, -5, -7, -8, -4, -3, 0, -7, -3, 2, 1, 4, 4, 2, -4, -7, -4, -4, -8, 0, -8, -1, -7, -3, -5, -7, -7, -4]
 
3.3017617052958: [-2, -6, -6, 1, 0, 0, 1, -8, 3, -1, -8, -7, -7, -1, 0, -8, -8, -4, -5, -6, 1, 1, -4, 4, -5, -4, 2, -6, 1, 1, -4, 2, -3, -1, -8, -5, -7, 1, 2, -5, -8, 3, 3, 1, -1, -2, -2, 2, 2, -6, 0, -3, -5, -8, -6, -7, -8, -2, -3, -8, 0, 1, -6, -4, -2, 4, -7, -4, -5, -1, -8, -7, 4, -4, -3, -7, -7, -6, 4, -7, -6, 4, -7, -1, -7, -3, 4, -2, -3, -7, -4, -8, 3, 4, -5, -8, -4, -7, -7, -4, 1, 2, -6, -5, -2, 1, 1, 0, -6, -6, -4, 4, 1, -3, -4, -6, -6, -6, -1, -1, 0, -1, 1, 4, 4, 0, 4, 4]
 
1.6052621615520803: [-8, -3, 0, -6, 0, 4, -3, 4, 4, -3, -2, 2, -3, -7, 2, -6, -8, 3, -7, -8, -7, 1, -7, -8, -2, -8, -5, 2, 2, -7, -7, 4, 2, 0, 4, -2, -4, -4, -6, -7, 1, -4, -5, -3, -8, -6, -8, 2, -2, -5, -1, -3, -5, -8, -6, -2, -1, -2, -3, 3, 0, 1, -6, -4, -2, 4, -1, -2, 3, 3, -8, -7, 4, -4, 0, -2, -7, -6, 4, -7, -5, -8, 4, -1, -3, -2, 4, -8, -2, -8, -4, -2, 3, -2, -8, -8, -4, 1, -2, -2, -7, -8, -4, 3, -4, 4, 3, 0, -3, -1, -4, -2, -3, -6, -1, 1, 0, -1, -5, 4, 2, -3, 1, -3, -5, -4, -4, -8]
 
0.419971859177: [-2, 1, 2, -7, -4, 0, 0, 4, -1, -6, -4, -2, -1, -2, 0, 4, -1, -8, -8, -8, 4, -1, 0, -8, -5, 4, 0, -6, 2, -5, -1, 2, 1, 0, -5, -7, -3, -6, -1, 1, -5, 2, 3, -2, 2, -5, 0, 1, -7, -2, 4, 1, -8, -7, -7, 0, 4, -2, -7, 3, -3, -3, -6, 0, -1, 1, 0, 3, 3, 3, -2, -7, -8, -2, -1, -2, 2, -8, 4, -4, -7, 3, -2, 4, 0, 2, -3, -4, -8, -4, -8, -2, 0, -4, -8, 2, 4, -8, -2, 3, -1, -5, -7, -8, 4, -3, 0, -7, -3, 4, -2, 4, 4, 2, -3, -7, 0, -4, 1, 0, 2, -8, 2, -3, -4, -7, -1, -4]
 
1.1706224297853656: [-3, -5, -7, -3, -4, -7, 4, -5, -1, 3, 1, -2, -3, -8, 1, 4, 4, -1, -5, -6, -7, 0, 4, -8, 0, -5, 2, 0, 2, -6, 4, 4, 3, -7, 3, 1, -4, -1, 4, -2, -1, 0, -2, -6, -2, -7, -3, -7, -6, -7, -2, 3, -6, 3, 3, -6, 2, -6, 0, -7, 2, -2, 3, -6, -8, -6, -8, -5, -8, -2, 2, -4, 1, 1, 0, 4, -7, -8, -5, -8, -2, -5, -6, 3, -3, -2, 4, -8, -2, -8, 4, -1, -1, -2, -8, -4, -4, 1, 0, -2, -7, 2, -8, -1, -2, -2, -6, 3, -7, 1, 3, -7, -5, -2, 2, 4, -4, -5, 4, 4, 3, -7, -8, 1, -6, 4, -4, -7]
 
2.8574412883437716: [-2, -6, -6, 1, 0, 0, 1, -8, 3, -1, -8, -7, -7, -1, 0, -8, -8, -4, -5, -6, 1, 1, -4, 4, -5, -4, 2, -6, 1, 1, -4, 2, -3, -1, -8, -5, -7, 1, 2, -5, -8, 3, 3, 1, -1, -2, -2, 2, 2, -6, 0, -3, -5, -8, -6, -7, -8, -2, -3, -8, 0, 1, -6, -4, -2, 4, -7, -4, -5, -1, -8, -7, 4, -4, -3, -7, -7, -6, 4, -7, -6, 4, -7, -1, -7, -3, 4, -2, -3, -7, -4, -8, 3, 4, -5, -8, -4, -7, -7, -4, 1, 2, -6, -5, -2, 1, 1, 0, -6, -6, -4, 4, 1, -3, -4, -6, -6, -6, -1, -1, 0, -1, 1, 4, 4, 0, 2, 1]
 
1.52144367533039: [-2, -2, -8, 1, 0, 0, 1, -7, 3, -1, -1, -7, -6, -1, 0, -8, 2, -4, -1, -6, 1, 1, -4, -7, 3, -4, 2, -6, -1, 1, 1, 2, -3, -1, -8, -7, -7, 1, 2, -5, -8, 3, 2, 3, 4, 2, 4, -1, -6, 4, -7, 0, 3, -5, 3, -5, -5, -5, -1, -8, -5, -1, 4, -7, -1, 4, -1, -5, 3, 1, 3, -7, 4, 0, -6, -3, -8, -3, -3, -1, 3, 0, 4, 4, 4, 3, -2, 3, -3, -6, 1, -1, -8, 1, 3, -3, -4, 1, -8, -8, 3, -8, -4, 3, -8, -7, -3, -2, -2, -5, 2, -4, -4, -4, -2, 1, -4, -8, 1, 0, 2, -8, -3, -1, -5, 3, -4, 3]
 
2.9630109277515357: [-2, -6, -6, 1, 0, 0, 1, -8, 3, -1, -8, -7, -7, -1, 0, -8, -8, -4, -5, -6, 1, 1, -4, 4, -5, -4, 2, -5, 2, -2, 4, -4, 2, -6, 3, -2, 3, 4, 4, 3, -8, -8, -5, 2, 3, 0, 2, -6, -8, 0, 0, -3, -5, -3, -8, 2, -2, -2, -6, 3, -2, -6, -6, 1, -5, 4, -4, -2, 4, -1, -8, -7, 4, -4, -3, -7, -7, -6, 4, -7, -6, 4, -7, -1, -7, -3, 4, -2, -3, -7, -4, -8, 3, 4, -5, -8, -4, -7, -7, -4, 1, 2, -6, -5, -2, 1, 1, 0, -6, -6, -4, 4, 1, -3, -4, -6, -6, -6, -1, -1, 0, -1, 1, 4, 4, 0, 4, 4]
 
1.3768916708660062: [-8, 2, -8, -3, 1, -5, -1, 1, -3, 4, 4, -4, -6, -4, -7, -7, -6, -2, -2, 0, 4, 1, 4, 4, 3, -7, 4, -6, 2, -6, -4, -6, -3, -3, 2, -6, 0, 0, -3, -6, -5, -8, -8, -7, -1, -1, -7, -4, -6, -1, -2, -6, 3, -6, -3, 3, -1, 2, -6, -8, -8, -4, 4, -8, 4, -7, -1, -6, 4, 3, -2, 2, 1, -6, 0, 2, 0, -7, 0, -5, 2, -3, -6, -1, -3, -3, 4, -8, -2, -3, -4, -8, -2, -5, -4, -5, -1, -8, -2, -2, -3, -4, -6, 1, 4, 2, 4, 3, -1, 1, 3, -7, -2, -2, -5, 4, 3, 4, -8, 4, -3, -7, 1, 3, -3, 4, 1, -2]
 
2.08192587661: [-6, 0, -3, 1, 3, -4, 0, 2, -5, -8, 3, -1, -7, -5, 0, -2, -8, -6, 4, -8, 2, -8, 1, -6, -3, 3, 1, -1, -2, 3, 0, -3, -3, 4, 3, 0, -3, 2, -6, -1, 2, -4, 1, -8, 1, 2, -1, 2, -3, -5, 0, -3, -7, 3, -7, -5, -3, -7, -6, -7, 2, -6, -7, 2, -8, 2, 2, -4, -5, -2, -4, -4, -8, -6, 0, 4, -7, -4, -3, 3, 3, 0, -6, 3, -1, -2, 4, -8, -3, -8, 0, -2, -1, 4, -2, 1, -4, 4, -2, -8, -6, -3, 3, -4, -6, -1, 1, 1, -2, 1, 3, -7, -6, -4, 2, -1, -4, 4, -8, -1, -8, -2, 0, -7, -7, -7, 2, 4]
 
2.2706467169666755: [4, 3, -7, -5, -3, -7, 4, 2, -1, 3, 1, 2, 3, -7, -5, 3, 2, -3, -3, -6, -7, 0, -8, -8, 0, -6, 2, -6, 1, 1, -4, 2, -3, -1, -8, -5, -7, 1, 2, -5, -8, 3, 3, 1, -1, -2, -2, 2, 2, -6, 0, -3, -5, -8, -6, -7, -8, -2, -3, -8, 0, 1, -6, -4, -2, 4, -7, -4, -5, -1, -8, -7, 4, -4, -3, -7, -7, -6, 4, -7, -6, 4, -7, -1, -7, -3, 4, -2, -3, -7, -4, -8, 3, 4, -5, -8, -4, -7, -7, -4, 1, 2, -6, -5, -2, 1, 1, 0, -6, -6, -4, 4, 1, -3, -4, -6, -6, -6, -1, -1, 0, -1, 1, 4, 4, 0, 4, 4]
 
1.3471302982802773: [1, -2, -6, 2, -5, 2, 4, -4, -5, 4, -1, -4, -2, -3, 2, 0, -8, -7, -3, -4, -7, 0, -4, -8, -8, 3, -2, 1, 2, -7, 4, -3, -3, 4, -8, -7, -3, -3, 0, 0, -8, 4, -6, -8, -8, -6, -8, 2, 2, -7, -1, -8, -7, -1, 4, -2, -5, -4, -4, 1, 4, -7, -3, 3, -3, -2, -5, -5, -2, -2, 3, -6, -5, 1, -3, -3, -7, -7, 4, -1, 2, -6, -2, 3, 2, 0, -5, 0, 0, -4, 4, -8, 4, -4, 1, -5, -3, -6, 1, 0, 2, -2, 3, -3, -3, 2, -3, -5, 1, -3, -6, 3, 2, -8, -1, 1, 4, -8, 4, 0, 3, 1, 3, -1, -5, -5, -6, -7]
 
1.1115411312652477: [-2, -2, 2, -7, -4, -1, -3, -7, -3, -6, 0, -2, -1, -7, -1, 4, -1, -8, -8, -8, 4, -1, 4, -8, -5, 4, 4, -6, 2, -5, 2, -8, 2, 4, 2, -7, -7, 4, 2, -4, 2, 2, -3, -8, 1, -8, 4, 2, 1, 4, -2, -5, -6, 3, -4, -5, -6, -6, 0, 2, 2, -2, 1, -6, -8, -7, -4, 3, -8, -2, -5, 3, -4, -4, 0, 0, -7, -8, -3, 4, -5, 0, -6, 3, -3, -2, 4, -8, -3, -8, -4, 1, -5, -2, 1, -4, 3, 3, -5, -2, -5, -4, -1, -5, -1, -7, 3, 1, 2, 4, -1, 4, 2, -6, -3, 3, -4, -6, 0, -4, -5, 4, 3, -2, -7, -5, 0, 2]
 
2.961028806527899: [2, -2, -8, -6, 1, -5, 4, 1, -3, -6, -7, 4, 1, 1, -5, -1, -6, -7, -3, -4, -7, 0, -4, -8, -8, 3, -5, -4, 2, 0, 2, -1, 2, 4, -5, -7, -7, 0, 2, -5, 2, 2, -6, -8, 1, 2, 4, -6, 1, 4, 2, -5, -5, 3, 3, 0, 2, -6, 0, 2, 2, -2, 1, -6, -8, 1, -1, 3, -8, -2, -5, 4, 1, 3, -1, -7, 0, -5, 4, -7, 1, -7, -7, 3, 2, -5, -6, -5, -7, -8, -8, -3, -6, -4, 3, -5, 4, -3, -4, -8, -2, -5, -4, 3, 0, -7, -2, -6, -7, -7, 4, 2, -1, -2, -1, 0, -8, 2, -6, 1, -5, -2, -7, -3, 0, 2, 0, -6]
 
1.4388958316380118: [-2, -2, 2, -7, -4, -1, -3, -7, -3, -6, 0, -2, -1, -7, -1, 4, -1, -8, -8, -8, 4, -1, 4, -8, -5, 4, 4, -6, 2, -5, 2, -8, 2, 4, 2, -7, -7, 4, 2, -4, 2, 2, -3, -8, 1, -8, 4, 2, 1, 4, -2, -5, -6, 3, -4, -5, -6, -6, 0, 2, 2, -2, 1, -6, -8, -7, -4, 3, -8, -2, -5, 3, -4, -4, 0, 0, -7, -8, -3, 4, -5, 0, -6, 3, -3, -2, 4, -8, -3, -8, 0, -2, -1, 4, -2, 1, -4, 1, -2, -2, -6, -3, 3, -5, -5, -2, -6, 3, -1, 1, 3, -7, 2, -2, 2, 4, -4, 4, -8, -1, 3, -7, 0, 1, 3, 4, 2, 1]
 
2.6182422887621146: [-2, 3, -4, 0, -1, 2, -3, -4, -7, 0, -4, -6, 3, 3, -7, -1, -5, -6, -1, -7, -2, 4, -7, 4, 1, -8, -5, -5, -3, -1, 2, 0, -2, -7, 3, 2, -2, 1, 1, 1, 4, -4, -1, -1, 1, -6, -1, 4, -3, -3, -5, -8, -4, 2, 4, -2, -2, 1, -2, -5, -3, -1, -3, 3, 3, -6, -5, -8, -2, -2, 1, -6, 0, 1, -5, 2, 2, -5, 4, -7, 2, -4, -2, 3, -3, 0, -5, 0, -5, -8, 0, -8, 4, -2, 1, -5, -4, -7, 1, 3, 2, -2, -7, -3, 0, -2, 2, 1, 1, -7, 0, -2, 0, -6, -4, -8, -6, -5, -5, 2, -3, 3, -7, -1, -5, -5, 0, -5]
 
1.4501311815707258: [4, -5, -7, -5, -5, -7, 4, 2, -1, 3, 1, 2, -3, -7, 1, 3, 4, -3, -7, -6, -7, 0, -8, -8, -8, -5, -8, 1, -3, -4, -1, 2, 1, -2, -5, -7, -4, -4, -1, 1, -5, -7, 3, -2, 2, -5, 1, 1, -8, -2, 4, 1, -8, -7, 2, -8, 4, -7, -7, 3, -3, 4, -6, 0, -3, 1, 0, -8, 3, 3, 2, 1, 2, -5, -1, 4, -8, -8, 4, -4, -7, -8, 0, 4, 0, 2, 1, 3, 2, -4, -8, -2, 0, -1, -8, 2, -3, -8, -2, 2, -1, -5, -7, -8, -4, -3, 0, -7, -3, 2, 1, 4, 4, 2, -4, -7, -4, -4, -8, 0, -8, -1, -7, -3, -5, -7, -7, -4]
 
1.9903616859481328: [2, 0, 2, -1, -2, -8, 4, -5, -3, 1, -7, 4, 1, -6, -5, -5, -6, -7, -3, -7, -3, 0, -4, -2, -8, -7, -5, -4, 2, 0, 3, 1, 1, 2, -3, -7, 1, 2, -8, -2, 3, -4, -1, 1, -7, -4, -2, -4, 2, 3, 0, -2, -5, -3, 4, -6, -2, -2, -6, -4, -2, 4, -6, 1, 2, 0, -6, 3, 2, -3, -2, 4, -5, -5, -7, -8, -8, 0, 4, -3, -3, 4, -6, -6, 0, -7, 3, 3, -4, -4, 1, 1, -3, -4, -8, 2, 4, 3, -7, 0, -5, -5, 1, -8, -4, -3, -4, -7, 4, 2, 1, 2, -7, 2, -4, -4, -2, -7, 0, 0, -5, 3, 0, -3, -2, -2, -7, -2]
 
1.7042847980279054: [-4, -4, -4, 2, -7, -4, 0, -3, -5, 0, -6, 0, -3, -2, -7, -2, -4, -6, -5, 0, -8, 3, 2, 4, -3, -2, 2, -4, -5, -5, -2, -2, -4, 1, -8, -4, -4, 3, -1, -7, 0, -6, 1, -8, -8, -4, 0, 0, 0, -4, -3, 1, 0, -1, -3, 1, -4, 0, -4, -4, -4, -4, -7, -4, -3, 0, 3, -3, -5, 4, -7, -6, -3, 1, 0, 3, -7, -8, -7, 4, -2, 0, -6, 3, -3, -2, 4, -8, -2, -8, -4, -2, 3, -2, -8, -8, -4, 1, -2, -2, -7, -4, -6, -5, -2, -2, -6, 3, -1, 1, 3, -7, -5, -2, 2, 4, -4, -5, -8, 4, 3, -7, 0, 1, -6, 4, 2, 1]
 
0.8169623374446394: [0, -4, -8, 4, -7, -5, 4, -4, -1, 0, -7, -6, 1, 1, -5, -1, -6, -7, -7, -4, 2, 0, -4, 3, 1, 3, -5, -4, 2, 0, 2, -1, 0, 4, -7, -7, -5, 0, 2, -5, 2, 2, -6, -8, 0, -1, 4, 2, -8, 3, 3, -5, -2, -5, -4, -5, -6, -6, 0, -3, 2, -2, -2, -6, -8, -7, -4, 3, 4, -2, -5, 3, 0, -4, 0, 0, -7, -8, 3, 4, -7, 0, -6, 3, -3, -2, 4, -8, 3, 1, 0, -2, -1, 4, -3, 1, -3, 1, -2, -2, -6, 1, -3, -5, 3, 4, -6, 3, -1, 0, 3, -8, 2, -3, 2, 4, -4, 4, -8, 3, -5, -2, 0, -8, -2, 4, 3, 1]
 
2.1802945963028684: [3, -2, -1, -3, -3, 4, -1, 1, 1, -6, -7, -4, -3, 1, 2, -7, -6, -5, -2, 0, 4, -4, 4, 4, -8, -1, -3, -6, 0, -1, -6, -6, -8, 0, 1, -6, -2, -5, -2, 0, -5, 0, 0, -7, 3, -8, -7, -4, 2, -5, 0, -3, 3, -8, -3, -2, -2, -2, -1, 3, 0, 1, -6, -4, -4, 4, -1, -2, 3, 3, -1, -7, 2, 3, 0, 0, 4, -6, 4, -7, -5, -8, 4, -1, -2, -7, 4, -8, -6, -8, -8, -2, 3, -2, -8, -8, -4, -2, -2, -2, 1, -8, -4, 4, 4, 4, 3, 0, -3, -1, -2, -5, -3, -6, -1, 1, 0, -1, -5, 4, -2, 4, 1, -3, -6, -3, 1, -8]
 
1.747127525462242: [-2, -2, -1, 1, 1, 2, 4, 1, 4, 1, -4, 1, -5, -7, -6, 0, 2, -8, -7, 4, -5, 1, -4, 3, 3, 1, -8, 4, -3, 0, -1, 0, -1, -3, -5, -5, -7, -3, -1, 1, -5, 3, -4, 2, 2, 1, 1, 4, 4, -5, 2, -3, -2, -7, 2, -3, 4, -5, -7, -6, 2, 1, -6, 0, -8, -8, 0, -4, 1, -5, -5, 2, 1, -7, 1, -1, -4, 4, 4, 3, 1, -7, -7, 2, 2, 4, -6, -5, -7, 4, -8, -3, -6, -4, 3, -7, 4, -3, -4, -3, -2, -5, -4, -1, 0, -7, 3, -1, 1, 4, 3, -2, -1, -2, -4, 0, -8, 2, -6, -8, 0, 0, 1, -3, 0, 2, 0, -6]
 
1.3301698383495077: [4, -7, -2, 2, -1, 2, 1, 0, -5, -1, -4, -7, -4, 4, -1, -3, -1, 2, 3, 0, 2, 1, -4, 2, 3, -4, -5, -1, 0, -2, 2, 0, 3, -1, 3, 2, -7, 2, -1, -5, 2, 3, -6, -8, -3, 2, 4, -6, -6, 4, -5, 2, -6, -7, -1, -5, 4, 2, -6, 2, -4, -8, -6, 2, 4, 1, 4, -8, -7, 2, -7, 4, -5, -6, -6, 0, 3, -4, 2, -1, 3, -7, -4, -1, 3, 3, -3, 3, -3, -1, -6, -6, -1, -1, -7, 0, -2, -6, -3, 2, -5, -7, 1, -7, -2, 4, -3, -4, -8, -2, -7, 1, -2, 0, -8, 2, -8, -5, -7, -7, 1, -1, -6, 2, -5, -7, 4, -4]
 
1.80359674383544: [4, 3, -7, -5, -3, -7, 4, 2, -1, 3, 1, 2, 3, -7, -5, 3, 2, -3, -3, -6, -7, 0, -8, -8, 0, -6, 2, -5, 2, -2, 4, -4, 2, -6, 3, -2, 3, 4, 4, 3, -8, -8, -5, 2, 3, 0, 2, -6, -8, 0, 0, -3, -5, -3, -8, 2, -2, -2, -6, 3, -2, -6, -6, 1, -5, 4, -4, -2, 4, -3, -2, 4, -8, -5, 3, -8, 0, 0, -4, -3, -7, 4, -6, 1, -4, -5, -8, 3, 3, -4, 1, 0, 0, -1, -8, -8, -3, 2, -4, -7, 0, -5, -1, -4, -4, -3, 1, -4, -8, -1, 3, -4, 4, 0, -8, 2, -8, -5, -1, -7, -4, -1, -7, 0, -5, -5, -5, -3]
 
0.45775946954: [4, 3, -7, -5, -3, -6, 4, 2, -1, 3, 1, 2, 3, -7, -5, 3, 2, -7, -3, -6, -7, 0, 2, -8, 0, 4, 2, -5, -8, -2, 4, -4, 2, -3, 3, -3, 3, -5, 4, -5, -8, -3, -5, 2, -7, -2, 2, 1, 3, 0, -7, -3, -5, -3, -8, -7, -2, -3, -6, 3, -2, -6, -6, 1, -5, 4, -4, 3, 4, -3, -2, 4, -8, -5, -2, -8, 0, -5, -4, -7, 2, 1, -6, -1, 0, -5, -8, 3, -6, -4, 1, 2, -2, -1, -8, -8, -3, 2, -4, -7, -1, 2, -1, -4, -4, 1, -5, -4, 4, -2, 1, -3, -4, 3, 0, -2, 4, 4, -6, -7, -5, 3, 3, 0, -2, 1, 2, -4]
 
0.553526369531: [-7, 2, -6, -2, -1, -7, 0, 2, -3, -2, 3, -2, -6, -5, 0, 0, -1, -6, -5, 2, 3, 0, 1, -6, 0, 1, 0, 1, 1, -8, 1, -3, -3, 4, 2, -7, -3, -3, 2, -3, 0, 0, -5, -8, -3, -6, -8, 2, 3, 2, -2, -5, 2, 3, -4, 2, -3, -6, 0, 2, -2, -6, -4, -1, 4, -4, 4, 3, 4, -6, -5, -4, 1, -4, -6, -6, 2, -5, 4, 3, -3, -4, -6, -6, 0, -7, 3, 3, -4, -4, 1, 1, -3, -4, -8, 2, 4, 3, -7, 0, -5, -5, 1, -8, -4, -3, -4, -7, 4, 2, 1, 2, -7, 2, -4, -4, -2, -7, 0, 0, -5, 3, 0, -3, -2, -2, -7, -2]
 
0.513262447772: [-5, -4, 2, 3, -2, -8, 4, -8, -3, -6, -7, -1, 1, 2, 3, -5, 3, -5, 4, -3, -3, -3, 0, 1, -2, -4, 3, -4, 2, 0, 3, 4, 2, -3, -8, -3, -8, -6, -8, -2, 0, -2, -1, 1, 2, -4, -5, -4, 2, -6, -5, -4, -7, 2, 4, -6, -2, -6, -5, -4, 0, -8, 4, 2, -5, 3, -2, -1, -5, -5, -8, 4, -3, -2, -8, -8, -8, 0, -8, 0, -1, 4, 0, -5, 0, 2, -7, 2, 4, -2, 3, -4, -8, 3, 1, 4, -2, -8, 4, -3, -5, -2, 2, 3, -6, -7, 4, 4, -8, -1, -5, -1, -4, 1, -1, -5, -7, -5, 3, 0, 1, -5, 3, 0, -5, -8, 2, -1]
 
0.618705480503: [-8, -3, 0, -6, 0, 4, -3, 4, 4, -3, -2, 2, 3, -7, -5, 3, 2, -3, -3, -6, -7, 0, -8, -8, 0, -6, 2, -6, 1, 1, -4, 2, -3, -1, -8, -5, -7, 1, 2, -5, -8, 3, 3, 1, -1, -2, -2, 2, 2, -6, 0, -3, -5, -8, -6, -7, -8, -2, -3, -8, 0, 1, -6, -4, -2, 4, -7, -4, -5, -1, -8, -7, 4, -4, -3, -7, -7, -6, 4, -7, -6, 4, -7, -1, -7, -3, 4, -2, -3, -7, -4, -8, 3, 4, -5, -8, -4, -7, -7, -4, 1, 2, -6, -5, -2, 1, 1, 0, -6, -6, -4, 4, 1, -3, -4, -6, -6, -6, -1, -1, 0, -1, 1, 4, 4, 0, 4, 4]
 
2.58011274352: [4, 3, -7, -5, -3, -7, 4, 2, -1, 3, 1, 2, -3, -7, 2, -6, -8, 3, -7, -8, -7, 1, -7, -8, -2, -8, -5, 2, 2, -7, -7, 4, 2, 0, 4, -2, -4, -4, -6, -7, 1, -4, -5, -3, -8, -6, -8, 2, -2, -5, -1, -3, -5, -8, -6, -2, -1, -2, -3, 3, 0, 1, -6, -4, -2, 4, -1, -2, 3, 3, -8, -7, 4, -4, 0, -2, -7, -6, 4, -7, -5, -8, 4, -1, -3, -2, 4, -8, -2, -8, -4, -2, 3, -2, -8, -8, -4, 1, -2, -2, -7, -8, -4, 3, -4, 4, 3, 0, -3, -1, -4, -2, -3, -6, -1, 1, 0, -1, -5, 4, 2, -3, 1, -3, -5, -4, -4, -8]
 
2.64405235883: [-8, -3, 0, -6, 0, 4, -3, 4, 4, -3, -2, 2, -3, -7, 2, -6, -8, 3, -7, -8, -7, 1, -7, -8, -2, -8, -5, 2, 2, -7, -7, 4, 2, 0, 4, -2, -4, -4, -6, -7, 1, -4, -5, -3, -8, -6, -8, 2, -2, -5, -1, -3, -5, -8, -6, -2, -1, -2, -3, 3, 0, 1, -6, -4, -2, 4, -1, -2, 3, 3, -8, -7, 4, -4, 0, -2, -7, -6, 4, -7, -5, -8, 4, -1, -3, -2, 4, -8, -2, -8, -4, -2, 3, -2, -8, -8, -4, 1, -2, -2, -7, -8, -4, -5, -2, 1, 1, 0, -6, -6, -4, 4, 1, -3, -4, 2, -8, -5, -1, -7, -4, -1, -7, 0, -5, -5, -5, -3]
 
-1000: [-2, -6, -6, 1, -6, 0, -3, -8, -6, -5, -8, -7, -7, -1, 0, -8, -8, -6, -2, -5, 1, 1, -4, 3, 3, -4, 2, -6, -1, 1, -4, -8, 4, -1, 2, -5, 0, -6, 2, -5, -6, 3, 3, -6, -1, 3, -2, 3, 2, -1, 0, -3, -5, -8, -2, 4, -3, 2, -3, -8, 0, 1, -6, -4, 1, 4, -7, -4, -5, -2, -8, -7, 4, -4, -3, -7, 1, -7, -2, -7, -6, -5, -5, 1, -7, 4, 4, 0, -3, -7, -4, -8, 1, 4, -5, -5, -4, -6, -7, 1, -3, 2, -6, 3, 4, -3, -8, -4, -4, -1, -3, -2, -3, -6, -6, 1, 0, -1, -5, 4, 2, -3, 1, -3, -5, -4, -4, -8]
 
0.571415162145: [-2, 1, 1, 3, 0, 0, 3, 1, 3, -1, -1, -7, -6, -1, 1, -7, 2, -3, -1, -7, 1, 1, -4, -7, 3, -4, 2, 3, -1, 1, 1, 2, -3, -1, 3, -7, -7, -3, 4, -5, -4, -1, 2, 3, 4, -4, 4, -1, -6, 4, -4, -8, -7, -1, 4, -2, -5, -4, -2, 1, 4, -2, -1, -2, 0, -2, 2, -5, -2, -2, -3, -3, -5, 1, -3, -3, -8, -7, 4, -1, 2, 0, -2, 3, -7, -8, -5, -4, 0, -4, 4, -8, 4, 0, 2, -3, -3, 1, 4, 0, 2, -2, 3, 0, -2, -7, -4, -5, 1, 4, -6, 3, 3, -8, -1, -8, 4, -8, 4, -3, 1, 1, 3, -1, -5, -5, -7, -7]
 
0.996732055486: [1, 1, -7, 2, -5, -1, 4, -4, 4, -3, -1, 4, -2, 0, 2, -2, -3, -7, -3, -4, 1, -7, -3, -8, -8, 3, -2, 1, -5, -7, 4, -5, -1, 4, -8, -7, -3, -8, 1, 4, -1, -1, 4, -8, -8, -6, 4, -5, 2, -7, -7, 1, 3, -5, 3, -6, -5, -5, -1, -8, -5, -1, -1, -1, -1, -8, -1, -5, 3, 1, -2, -6, -4, 2, -6, -1, -8, -3, -3, -1, 3, -7, 0, 4, 4, 3, -2, 3, -8, -6, 1, -1, 0, -7, 3, -4, -4, -3, -8, -8, 3, -8, -4, 3, -5, -7, -3, -2, -2, 1, 2, -4, 3, 1, -2, 1, 4, -8, 1, 0, 1, -8, -3, -1, -1, 3, -4, -7]
 
1.81354189523: [3, 2, 4, -1, -2, -7, 2, -7, -7, -3, 0, -8, 4, 1, 3, 1, 3, 0, 1, -5, -6, -2, -5, -2, -7, -4, -5, -4, -2, 1, 3, 4, 0, -8, -5, -7, -8, -3, -6, -8, 2, -4, 1, -8, 1, 2, -1, 2, -1, 0, 0, -3, 3, -8, -3, -2, -2, -2, -1, 3, 0, 1, -6, -4, -4, 4, -1, -2, 3, 3, -1, -7, 2, 3, 0, 0, 4, -6, 4, -7, -5, -8, 4, -1, -2, -7, 4, -8, -6, -8, -8, -2, 3, -2, -8, -8, -4, -2, -2, -2, 1, -8, -4, 4, 4, 4, 3, 0, -3, -1, -2, -5, -3, -6, -1, 1, 0, -1, -5, 4, -2, 4, 1, -3, -6, -3, 1, -8]
 
0.634892600984: [3, -2, -1, -3, -3, 4, -1, 1, 1, -6, -7, -4, -3, 1, 2, -7, -6, -5, -2, 0, 4, -4, 4, 4, -8, -1, -3, -6, 0, -1, -6, -6, -8, 0, 1, -6, -2, -5, -2, 0, -5, 0, 0, -7, 3, -8, -7, -4, 2, -5, 0, -3, -7, 3, 4, -5, -3, -5, 0, -7, 2, -6, 0, -7, -8, 4, 2, -4, -4, -2, -4, -1, -8, -4, 0, 0, -7, -8, -3, 4, -5, 0, -6, 3, -3, -2, 4, -8, -3, -8, 0, -2, -1, 4, -2, 1, -4, 1, -2, -2, -6, -3, 3, -5, -5, -2, -6, 3, -1, 1, 3, -7, 2, -2, 2, 4, -4, 4, -8, -1, 3, -7, 0, 1, 3, 4, 2, 1]
 
1.05659091477: [2, 0, 2, -1, -2, -8, 4, -5, -3, 1, -7, 4, 1, -6, -5, -5, -6, -7, -3, -7, -3, 0, -4, -2, -8, -7, -5, -4, 2, 0, 3, 1, 1, 2, -3, -7, 1, 2, -8, -2, 3, -4, -1, 1, -7, -4, -2, -4, 2, 3, 0, -2, -5, -3, 4, -6, -2, -2, -6, -4, -2, 4, -6, 1, 2, 0, -6, 3, 2, -3, -2, 4, -5, -5, -7, -8, -8, 0, 4, -3, -3, 4, -6, -6, 0, -7, 3, 3, -4, -4, 1, 1, -3, -4, -8, 2, 4, 3, -7, -4, 1, 2, -6, -5, -2, 1, 1, 0, -6, -6, -4, 4, 1, -3, -4, -6, -6, -6, -1, -1, 0, -1, 1, 4, 4, 0, 4, 4]
 
2.60745430527: [-8, -3, 0, -6, 0, 4, -3, 4, 4, -3, -2, 2, 3, -7, -5, 3, 2, -3, -3, -6, -7, 0, -8, -8, 0, -6, 2, -6, 1, 1, -4, 2, -3, -1, -8, -5, -7, 1, 2, -5, -8, 3, 3, 1, -1, -2, -2, 2, 2, -6, 0, -3, -5, -8, -6, -7, -8, -2, -3, -8, 0, 1, -6, -4, -2, 4, -7, -4, -5, -1, -8, -7, 4, -4, -3, -7, -7, -6, 4, -7, -6, 4, -7, -1, -7, -3, 4, -2, -3, -7, -4, -8, 3, 4, -5, -8, -4, -7, -7, 0, -5, -5, 1, -8, -4, -3, -4, -7, 4, 2, 1, 2, -7, 2, -4, -4, -2, -7, 0, 0, -5, 3, 0, -3, -2, -2, -7, -2]
 
0.838421377297: [-8, -3, 0, -6, 0, 4, -3, 4, 4, -1, -1, -7, -6, -1, 0, -8, 2, -4, -1, -6, 1, 1, -4, -7, 3, -4, 2, -6, -1, 1, 1, 2, -3, -1, -8, -7, -7, 1, 2, -5, -8, 3, 2, 3, 4, 2, 4, -1, -6, 4, -7, -8, -7, -1, 4, -2, -5, -4, -4, 1, 4, -7, -3, 3, -3, -2, -5, -5, -2, -2, 3, -6, -5, 1, -3, -3, -7, -7, 4, -1, 2, -6, -2, 3, 2, 0, -5, 0, 0, -4, 4, -8, 4, -4, 1, -5, -3, -6, 1, 0, 2, -2, 3, -3, -3, 2, -3, -5, 1, -3, -6, 3, 2, -8, -1, 1, 4, -8, 4, 0, 3, 1, 3, -1, -5, -5, -6, -7]
 
1.46976286058: [-2, -2, -8, 1, 0, 0, 1, -7, 3, -3, -2, 2, -3, -7, 2, -6, -8, 3, -7, -8, -7, 1, -7, -8, -2, -8, -5, 2, 2, -7, -7, 4, 2, 0, 4, -2, -4, -4, -6, -7, 1, -4, -5, -3, -8, -6, -8, 2, -2, -5, -1, -3, -5, -8, -6, -2, -1, -2, -3, 3, 0, 1, -6, -4, -2, 4, -1, -2, 3, -2, -5, 3, -4, -4, 0, 0, -7, -8, -3, 4, -5, 0, -6, 3, -3, -2, 4, -8, -3, -8, -4, 1, -5, -2, 1, -4, 3, 3, -5, -2, -5, -4, -1, -5, -1, -7, 3, 1, 2, 4, -1, 4, 2, -6, -3, 3, -4, -6, 0, -4, -5, 4, 3, -2, -7, -5, 0, 2]
 
0.907774537308: [1, -2, -6, 2, -5, 2, 4, -4, -5, 4, -1, -4, -2, -3, 2, 0, -8, -7, -3, -4, -7, 0, -4, -8, -8, 3, -2, 1, 2, -7, 4, -3, -3, 4, -8, -7, -3, -3, 0, 3, -8, -8, -5, 2, 3, 0, 2, -6, -8, 0, 0, -3, -5, -3, -8, 2, -2, -2, -6, 3, -2, -6, -6, 1, -5, 4, -4, -2, 4, -3, -2, 4, -8, -5, 3, -8, 0, 0, -4, -3, -7, 4, -6, 1, -4, -5, -8, 3, 3, -4, 1, 0, 0, -1, -8, -8, -3, 2, -4, -7, 0, -5, -1, -4, -4, -3, 1, -4, -8, -1, 3, -4, 4, 0, -8, 2, -8, -5, -1, -7, -4, -1, -7, 0, -5, -5, -5, -3]
 
1.08169670042: [4, 1, 1, 0, -3, -7, -5, 2, 4, 3, 1, 2, -2, -7, -5, 3, 2, -3, -3, -6, -7, 0, -8, 4, 0, -6, 3, 1, -2, -2, 4, -4, 3, -8, 3, -2, -6, 3, 4, 0, -2, 4, -6, -8, -8, -6, -8, 2, -1, -7, -1, 0, 0, -5, 3, -8, -5, 3, 0, -7, -5, -1, 4, -6, -1, 3, -1, -6, 3, 1, -4, -7, 4, 0, 2, -3, 2, 2, -3, -3, 3, 0, 4, 4, 4, 3, -2, 2, 2, -6, -4, -1, 0, 1, -3, -3, -4, 1, -8, 1, -7, -8, 0, 3, -8, -7, -3, 0, 1, -5, 2, 0, -4, -4, -2, 3, -3, -7, 1, 0, 2, -8, -2, 1, -5, 3, -4, 3]
 
-1000: [-7, 2, 2, 4, -3, -1, 0, -7, -3, -6, 0, -8, -1, -7, -1, 4, 0, -8, 3, -8, 3, -1, 2, -8, -2, 4, 4, -6, 2, -5, -5, -8, -3, 4, 1, -7, -3, 4, -6, -4, 2, 2, -3, -6, 3, -8, -2, 2, 4, 3, 0, -5, -6, -8, -4, -4, -4, -2, -3, -3, 2, -7, 1, -6, -1, -7, -4, 3, -8, -2, -5, 3, -4, -4, 0, 3, -7, -8, -7, 4, -5, 3, -6, 3, -3, 4, 4, -1, -5, -8, -4, 1, 0, -2, 1, -4, -6, 3, -5, -2, -5, 1, -1, -5, -6, -7, 4, 1, -8, 0, -1, 4, 2, -6, -3, 3, -4, -4, 0, -4, -5, 0, -2, -2, -7, -7, -8, 2]
 
0.807932794272: [-2, -2, -6, -2, -1, -7, 0, 2, -3, -2, 3, -2, -6, -5, 0, 0, -1, -6, -5, 2, 3, 0, 1, -6, 0, 1, 0, 1, 1, -8, 1, -3, -3, 4, 2, -7, -3, -3, 2, -3, 0, 0, -5, -8, -3, -6, -8, 2, 3, 2, -2, -5, 2, 3, -4, 2, -3, -6, 0, 2, -2, -6, -4, -1, 4, -4, 4, 3, 4, -6, -5, -4, 1, -4, -6, -6, 2, -5, 4, 3, -3, -4, -6, -6, 0, -7, 3, 3, -4, -4, 1, 1, -3, -4, -8, 2, 4, 3, -7, 0, -5, -5, 1, -8, -4, -3, -4, -7, 4, 2, 1, 2, -7, 2, -4, -4, -2, -7, 0, 0, -5, 3, 0, -3, -2, -2, -7, -2]
 
1.20162054857: [2, 0, 2, -1, -2, -8, 4, -5, -3, 1, -7, 4, 1, -6, -5, -5, -6, -7, -3, -7, -3, 0, -4, -2, -8, -7, -5, -4, 2, 0, 3, 1, 1, 2, -3, -7, 1, 2, -8, -2, 3, -4, -1, 1, -7, -4, -2, -4, 2, 3, 0, -2, -5, -3, 4, -6, -2, -2, -6, -4, -2, 4, -6, 1, 2, 0, -6, 3, 2, -3, -2, 4, -5, -5, -7, -8, -8, 0, 4, -3, -3, 4, -3, -7, 3, -5, 2, -7, 4, -2, 3, -4, -8, 3, 0, -8, -8, -8, 3, -2, -5, 3, 1, -2, -6, -7, 1, -4, -8, -1, 4, -5, -4, 2, -1, 0, -8, -5, 3, -7, -8, -5, 3, 0, -5, -5, 4, -1]
 
1.05617869669: [2, 0, 2, -1, -2, -8, 4, -5, -3, 1, -7, 4, 1, -6, -5, -5, -6, -7, -3, -7, -3, 0, -4, -2, -8, -7, -5, -4, 2, 0, 3, 1, 1, 2, -3, -7, 1, 2, -8, -2, 3, -4, -1, 1, -7, -4, -2, -4, 2, 3, 0, -2, -5, -3, 4, -6, -2, -2, -6, -4, -2, 4, -6, 1, 2, 0, -6, 3, 2, -3, -2, 4, -5, -5, -7, -8, -8, 0, 4, -3, -3, 4, -6, -6, 0, -7, 3, 3, -4, -4, 1, 1, -3, -4, -8, 2, 4, 3, -7, -4, 1, 2, -6, -5, -2, 1, 1, 0, -6, -6, -4, 4, 1, -3, -4, -6, -6, -6, -1, -1, 0, -1, 1, 4, 4, 0, 4, 4]
 
0.857790053169: [3, 2, 4, -1, -2, -7, 2, -7, -7, -3, 0, -8, 4, 1, 3, 1, 3, 0, 1, -5, -6, -2, -5, -2, -7, -4, -5, -4, -2, 1, 3, 4, 0, -8, -5, -7, -8, -3, -6, -8, 2, -4, 1, -8, 1, 2, -1, 2, -1, 0, 0, -3, -7, 3, 4, -5, -3, -5, 0, -7, 2, -6, 0, -7, -8, 4, 2, -4, -4, -2, -4, -1, -8, -4, 0, 0, -7, -8, -3, 4, -5, 0, -6, 3, -3, -2, 4, -8, -3, -8, 0, -2, -1, 4, -2, 1, -4, 1, -2, -2, -6, -3, 3, -5, -5, -2, -6, 3, -1, 1, 3, -7, 2, -2, 2, 4, -4, 4, -8, -1, 3, -7, 0, 1, 3, 4, 2, 1]
 
0.696456551719: [-3, 0, 3, -1, 3, -7, -6, 2, -1, 3, 2, -1, -6, 3, 0, -2, 4, -6, 0, -7, -5, -4, 1, -6, -3, -5, -8, -5, -8, 3, 0, -3, -3, -8, 4, -4, 2, -3, -6, 3, -1, -4, 1, -2, 1, 2, -8, -1, -4, 1, 0, -3, -7, -7, 2, -1, -3, -5, 0, -7, -1, -6, 0, -3, 1, 3, 2, -4, -7, -2, -4, 2, -8, -4, 0, 0, -7, -8, -3, 4, -5, 0, -6, 3, 3, -5, 4, -8, -3, -8, 0, -2, -1, -8, 0, 3, -4, -7, 0, -8, -8, -3, 3, -3, -4, -2, 3, 3, 3, 4, 3, -7, 2, -2, -4, 1, -3, 4, -8, -1, 3, -7, 0, 1, 3, 4, 2, -2]
 
2.52671286153: [2, 0, 2, -1, -2, -8, 4, -5, -3, 1, -7, 4, 1, -6, -5, -5, -6, -7, -3, -7, -3, 0, -4, -2, -8, -7, -5, -4, 2, 0, 3, 1, 1, 2, -3, -7, 1, 2, -8, -2, 3, -4, -1, 1, -7, -4, -2, -4, 2, 3, 0, -2, -5, -3, 4, -6, -8, -2, -3, -8, 0, 1, -6, -4, -2, 4, -7, -4, -5, -1, -8, -7, 4, -4, -3, -7, -7, -6, 4, -7, -6, 4, -7, -1, -7, -3, 4, -2, -3, -7, -4, -8, 3, 4, -5, -8, -4, -7, -7, -4, 1, 2, -6, 3, -4, 4, 3, 0, -3, -1, -4, -2, -3, -6, -1, 1, 0, -1, -5, 4, 2, -3, 1, -3, -5, -4, -4, -8]
 
1.47922957039: [-2, -6, -6, 1, 0, 0, 1, -8, 3, -1, -8, -7, -7, -1, 0, -8, -8, -4, -5, -6, 1, 1, -4, 4, -5, -4, 2, -6, 1, 1, -4, 2, -3, -1, -8, -5, -7, 1, 2, -5, -8, 3, 3, 1, -1, -2, -2, 2, 2, -6, 0, -3, -5, -8, -6, -7, -2, -2, -6, -4, -2, 4, -6, 1, 2, 0, -6, 3, 2, -3, -2, 4, -5, -5, -7, -8, -8, 0, 4, -3, -3, 4, -6, -6, 0, -7, 3, 3, -4, -4, 1, 1, -3, -4, -8, 2, 4, 3, -7, -4, 1, 2, -6, -5, -2, 1, 1, 0, -6, -6, -4, 4, 1, -3, -4, -6, -6, -6, -1, -1, 0, -1, 1, 4, 4, 0, 4, 4]
 
0.66389392749: [4, 3, -7, -5, -3, -7, 4, 2, -1, 3, 1, 2, 3, -7, -5, 3, 2, -3, -3, -6, -7, 0, -8, -8, 0, -6, 2, -5, 2, -2, 4, -4, 2, -6, 3, -2, 3, 4, 4, 3, -8, -8, -5, 2, 3, 0, 2, -6, -8, 0, 0, -3, -5, -3, -8, 2, -2, -2, -6, 3, -2, -6, -6, 1, -5, 4, -4, -2, 4, -3, -2, 4, -8, -5, 3, -8, 0, 0, -4, -3, -3, 4, -6, -6, 0, -7, 3, 3, -4, -4, 1, 1, -3, -4, -8, 2, 4, 3, -7, 0, -5, -5, 1, -8, -4, -3, -4, -7, 4, 2, 1, 2, -7, 2, -4, -4, -2, -7, 0, 0, -5, 3, 0, -3, -2, -2, -7, -2]
 
0.95768055029: [1, -5, -5, 3, -2, -7, 4, -5, -3, 1, -7, -7, 1, -7, -4, -5, 1, -7, -3, 3, -7, 0, -3, -2, -2, 1, -6, -4, 2, 0, -2, 1, 1, 2, -3, -2, -8, 2, -8, -3, 3, -4, -1, -3, -7, 4, -2, -4, 2, 3, 3, -1, 4, -3, 3, -6, 0, -2, -6, -4, -8, 3, -6, 2, 2, -5, -6, 3, -7, -2, 3, 4, -5, -7, -7, -8, -8, 1, 4, -3, -2, 4, -6, 1, -4, -5, -8, 3, 3, -4, 1, 0, 0, -1, -8, -8, -7, 2, -4, 0, 0, -8, 3, -3, -4, -3, 4, -7, 4, -7, 1, 4, 3, -2, 0, -2, -4, 3, -8, 0, -5, 3, 0, 0, -6, 1, 3, 0]
 
1.82520954655: [1, -2, -6, 2, -5, 2, 4, -3, -5, 0, -6, 0, -3, -2, -7, -2, -4, -6, -5, 0, -8, 3, 2, 4, -3, -2, 2, -4, -5, -5, -2, -2, -4, 1, -8, -4, -4, 3, -1, -7, 0, -6, 1, -8, -8, -4, 0, 0, 0, -4, -3, 1, 0, -1, -3, 1, -4, 0, -4, -4, -4, -4, -7, -4, -3, 0, 3, -3, -5, 4, -7, -6, -3, 1, 0, 3, -7, -8, -7, 4, -2, 0, -6, 3, -3, -2, 4, -8, -2, -8, -4, -2, 3, -2, -8, -8, -4, 1, -2, -2, -7, -4, -6, -5, -2, -2, -6, 3, -1, 1, 3, -7, -5, -2, 2, 4, -4, -5, -8, 4, 3, -7, 0, 1, -6, 4, 2, 1]
 
0.57978520623: [-4, -4, -4, 2, -7, -4, 0, -4, -5, 4, -1, -4, -2, -3, 2, 0, -8, -7, -3, -4, -7, 0, -4, -8, -8, 3, -2, 1, 2, -7, 4, -3, -3, 4, -8, -7, -3, -3, 0, 0, -8, 4, -6, -8, -8, -6, -8, 2, 2, -7, -1, 0, 3, -5, 3, -5, -5, -5, -1, -8, -5, -1, 4, -7, -1, 4, -1, -5, 3, 1, 3, -7, 4, 0, -6, -3, -8, -3, -3, -1, 3, 0, 4, 4, 4, 3, -2, 3, -3, -6, 1, -1, -8, 1, 3, -3, -4, 1, -8, -8, 3, -8, -4, 3, -8, -7, -3, -2, -2, -5, 2, -4, -4, -4, -2, 1, -4, -8, 1, 0, 2, -8, -3, -1, -5, 3, -4, 3]
 
3.18431721144: [-8, -8, -5, -7, 0, -2, -3, 4, 4, -3, 4, 2, 4, -7, 1, 3, -8, -8, 0, -8, -3, 1, -7, -8, 0, -8, -5, -3, 2, -7, -7, 4, -3, 0, 4, -2, -4, -4, -4, -7, 1, -8, -5, -3, -8, 0, -2, 2, 1, -5, -1, -5, 0, -8, -6, -2, -1, -2, -3, 3, 0, 1, -6, -8, -2, 3, -1, 2, 3, -2, 2, 3, -5, -4, -3, -7, -7, -6, 4, -7, 4, -2, -7, -6, -7, 0, 4, -6, -3, -7, -4, -8, 3, 4, -5, -6, -6, 4, -1, -4, -6, -4, -6, 3, -4, 4, 3, -7, -2, -1, -4, -2, -3, -6, -2, 2, -3, -1, -5, 4, 2, 2, 1, -3, -5, -2, -4, -4]
 
0.985038597746: [-2, -6, -8, 1, 0, 0, -1, 4, 3, -1, -8, -7, -7, -1, 0, -8, -1, -4, 2, -6, 1, 1, -4, 4, -5, -4, 2, -6, -5, 1, -4, 2, -3, -1, -8, -5, -7, 1, 2, -5, 2, 3, 3, 1, -5, -2, -2, 2, -4, -6, 3, -3, -5, -3, 3, -6, -8, 1, -3, 4, -2, 1, -4, 2, -2, 2, -4, -4, -5, -1, -8, -7, -4, -4, 0, 3, -7, -8, -4, -7, -5, -8, -6, 3, -2, -5, 4, -8, -5, -8, 2, -1, 0, -2, 1, 1, -4, 3, 4, -2, -5, -4, -1, -1, -1, -7, 3, 1, 2, 4, -1, 4, 2, 4, -3, 3, -4, -1, 0, -4, -7, 4, 3, -2, 2, 0, -3, 2]
 
2.01650470084: [2, 0, 2, -1, -2, -7, -6, 1, 1, 1, -7, 4, -4, -6, 3, -6, -6, -7, 3, -7, -3, -2, -4, -7, -8, -7, -5, 3, 2, 2, 3, 1, -2, 2, -3, 0, 2, 2, -2, -2, -2, 0, 4, -5, -4, -4, 3, -4, -6, 4, -8, 3, -5, -3, -8, -5, 1, -6, 0, 2, 3, 3, 1, -6, -8, -7, 0, 3, -8, -2, -6, -7, 4, -4, 0, 0, -7, -8, -3, 4, -5, 0, 1, 3, -4, 4, 4, 0, -3, -8, -4, 1, -7, -2, -6, -4, 3, 3, 1, -2, -5, -4, -1, -5, -1, -7, 3, 1, 2, -1, -1, -8, 2, -6, -6, 3, -2, -6, 1, -4, -5, 4, 3, -5, -7, -5, 0, 2]
 
2.83793018429: [-7, 2, 2, -7, -4, -1, -3, -7, -3, -6, 0, -2, -1, -7, -1, 4, -1, -8, -8, -8, 4, -1, 4, -8, -5, 4, 4, -6, 2, -5, 2, -8, 2, 4, 2, -7, -7, 4, 2, -4, 2, 2, -3, -8, 1, -8, 4, 2, 1, 4, -2, -5, -6, 3, -4, -5, -8, -2, -3, -8, 0, 1, -6, -4, -2, 4, -7, -4, -5, -1, -8, -7, 4, -4, -3, -7, -7, -6, 4, -7, -6, 4, -7, -1, -7, -3, 4, -2, -3, -7, -4, -8, 3, 4, -5, -8, -4, -7, -7, -4, 1, 2, -6, 3, -4, 4, 3, 0, -3, -1, -4, -2, -3, -6, -1, 1, 0, -1, -5, 4, 2, -3, 1, -3, -5, -4, -4, -8]
 
