1.32737730683: [-6, 1, -3, 4, -6, 1, 1, 4, -5, -5, 1, -7, -6, -3, 3, 0, -6, 3, 3, -4, -1, 1, 0, -3, -7, -5, -7, 0, -7, 4, 0, -4, -7, -7, -5, 4, 1, -1, -5, 3, 2, -1, -3, -5, -1, -6, 0, 0, 3, -3, 4, 1, -4, -3, 2, 2, -5, 0, -7, -5, -1, -1, -3, 0, 2, -6, -1, -3, 4, 1, -6, 2, -7, 3, -7, 1, 3, -4, 2, -8, -3, -2, 0, -7, 4, 4, -8, -3, -3, -5, 2, -6, -6, 4, -8, 2, -6, -7, -7, -3, -2, 1, 4, -3, -8, -1, 2, 1, -7, -7, 2, -1, -3, 2, -3, -3, -3, -1, -1, 4, 0, -4, 0, -6, -8, -1, -2, 2]
 
1.7919056369114783: [-3, 1, -4, 3, 0, -3, 3, 1, 4, -2, 2, -2, -1, 4, -1, -5, 0, -5, -8, -4, -7, -2, -4, -3, -3, 4, 2, 4, -8, -4, -7, 3, 2, 4, 4, -7, -6, 4, -8, -4, -7, -4, -2, -7, 1, 1, 2, -4, -4, 0, -5, -8, -5, -8, -6, -2, -2, 4, -3, 3, 0, -3, -8, -1, -2, 4, -3, 4, 3, 1, 1, -8, 0, 4, -7, -3, -8, 0, 2, 4, -7, -8, 0, 3, -3, 4, -1, 3, -7, 0, 1, -6, -6, -4, 3, 1, -6, -3, -4, -8, 1, -8, -4, 3, -4, -7, -2, -8, 4, -6, -6, -2, 4, 1, -7, 1, -8, -4, 0, -2, -2, 4, -3, -1, -4, 3, -3, 3]
 
1.2524939072971808: [-8, -6, 0, -4, 2, 2, -6, 2, 0, 0, -1, -8, -4, -5, 4, 4, -8, -7, -2, -4, 2, 3, 2, -4, 1, -5, 3, 1, -2, -6, -4, -1, 2, 4, 3, 4, -6, -4, -1, -3, 0, -1, -4, -8, 2, -1, 4, 3, -1, 3, 3, -8, 3, -1, 2, -7, 2, 3, -3, 3, -1, 3, -1, 1, 0, -4, 2, 0, -7, -8, 3, -3, -4, -1, -2, -4, -5, 0, -1, 0, -8, 2, 1, -5, 4, -1, -5, -3, 0, -6, -6, -6, 3, 4, -4, -4, -2, 4, -3, -8, -5, -1, 0, 2, -5, 0, -1, -7, -7, 2, -6, -6, 4, 1, -7, 2, -8, -4, 0, -2, 2, 4, -3, -1, -4, 1, 2, 3]
 
0.7730187059923113: [-8, 2, -8, 4, -7, 4, 3, 4, -7, -8, -6, 1, 1, 1, 2, 4, -4, 4, 4, -3, -8, 3, -3, -5, -2, -1, -7, -2, 2, 2, -4, -2, -1, 4, -7, -5, 0, -4, 1, 1, 0, 1, -7, -4, -8, -8, -4, -1, 4, -3, -3, -5, -1, -6, -1, -4, -6, 3, -5, 0, -6, 2, 0, -8, -7, 4, -2, 0, 4, -4, -3, -8, 3, -7, 1, 0, -8, 1, 2, -2, 3, -7, -4, -6, -3, 0, -4, 0, 1, 0, -6, -3, -8, -7, 4, 0, -4, 4, -1, -6, -2, -1, -4, -7, -4, -5, -5, -4, 0, -5, -5, -1, 4, -5, -8, 1, 2, 0, 0, -7, 2, -4, 2, -3, -7, -1, 3, 4]
 
1.19463512555: [-1, 2, -6, -1, 4, -4, 1, 4, -5, 2, -4, 2, 4, 2, -3, -2, -3, 1, -8, -1, -7, -2, -6, 2, 0, -7, 2, 4, -2, 2, -7, 3, 0, 3, 4, -7, -2, 0, 1, -4, -3, 1, -2, 3, -3, 1, -8, -4, -4, 1, -5, -8, -7, -1, -5, -3, -2, 4, 3, 3, -2, -3, -1, 2, -2, 1, 4, -8, -4, 0, 1, -8, -3, 3, -1, -3, -8, 0, 4, -1, -7, -4, -6, -6, -3, 1, -6, 3, -8, 0, 3, -6, 4, -4, -1, 1, -6, -3, 4, -8, 3, -3, 4, 3, -8, 2, -5, -8, -5, 4, -4, -6, 4, -3, 2, 4, -6, -6, -3, -7, -7, -3, 1, 3, -6, 2, 4, -8]
 
2.6620863932392034: [-3, 1, -4, 3, 0, -3, 3, 1, 4, -2, 2, -2, -1, 4, -1, -5, 0, -5, -8, -4, -7, -2, -3, -5, -2, -8, -6, 4, 2, 2, 0, -2, -1, 4, -7, -3, 0, -4, -6, -7, -7, 1, -7, -4, -3, -8, -4, -1, 4, -3, 0, -5, -1, 4, 3, -4, -6, -3, 2, 0, 3, 2, 0, -8, -7, 1, -2, -4, 4, -2, -3, -8, 3, -7, -6, 0, -8, -7, 2, -2, 3, -7, -4, -6, -4, -6, -4, 0, 1, -3, -6, 4, -2, 3, 2, 0, -4, -8, -1, -6, -5, -1, 0, -7, -4, -5, -5, -3, 0, -3, -5, -1, -3, -5, -8, 1, -6, -1, 0, -7, 2, -4, -1, -3, -8, -1, -1, 4]
 
1.6702106488426542: [-8, 0, -3, 4, 0, -4, -2, 4, 1, -8, -6, 1, 1, -5, 2, 4, -4, -5, 4, -3, -8, -8, -4, -3, -3, 4, 2, 4, -8, -4, -7, 3, 2, 4, 4, -7, -6, -5, -3, 3, 2, 1, -3, -7, 2, -2, 0, -3, 3, -3, 4, -6, -4, -3, -1, -5, 4, 0, -7, -5, 0, -2, 0, 0, -8, -3, -1, 0, 4, -3, -6, 4, -7, 0, 1, -1, 3, -4, 3, 4, 0, -2, 0, -7, -6, -5, -1, 0, 1, -5, 0, -2, 3, -2, 3, -8, 2, 4, 0, -6, -5, -1, 0, -7, -4, -5, -5, -3, 0, -3, -5, 2, 1, -3, 2, -2, -4, -3, -1, 4, 0, -4, -6, 1, -8, -1, -1, 4]
 
1.9673615936038251: [2, -7, 4, 1, 3, 2, 3, 1, 2, -1, 1, -7, 4, -8, -1, -5, -5, -3, -7, 0, 4, -2, 1, -2, -3, -2, -5, 3, 2, -4, 1, 3, 3, 0, -3, 3, -6, 0, -5, -2, -6, -4, -2, 1, -7, -2, -2, -4, 2, -5, 0, -3, -5, -8, -6, -2, -2, -2, -3, 3, 0, 1, -6, -4, -2, 4, -3, -2, 3, 2, -7, 4, 0, 0, 4, -2, 1, 0, -3, 4, -7, 0, -4, -2, -3, -6, 1, 3, -7, -8, -2, -3, -5, -5, -4, -4, -1, -1, 3, -8, -5, 1, 1, -4, -4, -7, -4, -3, 3, -1, -5, -8, -5, -3, -8, 4, -4, -3, -1, -4, -4, -7, -1, -3, -5, -1, 2, -8]
 
0.980521853755: [-8, 2, -6, -4, -8, 4, -3, 4, -1, 1, -6, 1, -2, -6, -4, 1, 2, 2, 2, -5, 2, -3, 2, 2, 0, -5, -8, -1, 1, 4, 0, -2, -7, -3, -5, -8, -1, -5, -3, -6, -6, 2, -3, -5, -1, -6, 0, -3, -8, -3, -6, -6, -4, 4, -1, -5, -4, 2, -5, -5, -6, -1, -2, -5, 2, -4, -8, -3, 4, 3, -6, 2, -5, -3, -4, -1, -1, -4, 2, 4, -2, 4, 3, -7, -8, 4, -2, 1, -7, -7, -5, 2, -6, 4, -8, 2, 0, -2, -7, -3, -1, 3, -5, 0, -8, -8, -1, 3, -7, -7, 2, 4, -3, -1, -3, -3, -6, -1, 0, 4, 0, -4, -6, -3, -8, -5, -1, 4]
 
1.5264504460446122: [-8, 1, -3, 4, 0, -4, 1, 4, -5, -5, 1, -7, -6, -3, -1, -5, 0, -5, -8, -4, -7, -2, -4, -3, -3, 4, 2, 4, -8, -4, -7, 3, 2, 4, 4, -7, -6, 4, -8, -4, -7, -4, -2, -7, 1, 1, 2, -4, -4, 0, -5, -8, -5, -8, -6, -2, -2, 4, -3, 3, 0, -3, -8, -1, -2, 4, -3, 4, 3, 1, 1, -8, 0, -7, -6, 0, -8, -7, 2, -2, 3, -7, -4, -6, -4, -6, -4, 0, 1, -3, -6, 4, -2, 3, 2, 0, -4, -8, -1, -6, -5, -1, 0, -7, -4, -5, -5, -3, 0, -3, -5, 2, 1, -3, 2, -2, 2, -5, -1, 1, 3, 0, -3, -2, -2, -5, -4, -1]
 
0.420960508529: [-3, 3, -4, -4, -5, -3, -1, 1, -8, 4, 2, -2, -3, 3, -1, 3, -1, -1, -2, -4, 2, -2, -1, -2, -8, -5, -3, -4, 0, -6, -6, 3, 2, 4, 0, 2, -6, -5, -3, -3, -1, -4, -3, -3, 1, 4, 2, 0, 0, -3, -7, -6, -4, 4, -1, 0, 4, 1, -3, -1, 0, -2, -3, 0, -2, -4, -6, 0, 2, 1, -7, 4, -7, 0, -7, -1, 3, -6, 3, 4, 0, -2, -6, 3, -6, -4, -2, 1, 0, -3, 3, 2, -1, 4, -2, 1, 3, -2, -4, 1, 1, 3, 1, -4, -6, 3, 0, -1, -8, -6, -1, -5, -4, -7, -2, -4, -6, 1, -6, -5, 3, -8, -3, 0, -1, 3, -7, -1]
 
1.42992430515: [-3, 2, 0, -5, 0, -2, -5, 4, -4, -1, 0, -1, 2, -6, -6, 4, 1, 1, 1, -8, -1, -8, 2, 1, 1, -2, -6, -7, -5, 0, -4, -6, 4, 2, -3, -2, -4, -3, 2, -3, -7, 4, -1, -8, -8, -4, 3, -8, -7, -4, -1, -4, 3, -5, -1, 3, -7, 3, 3, -3, -2, 2, 4, -1, 4, -8, -2, -4, -4, 2, -5, -2, -4, -8, -2, 2, -7, -3, -1, -4, -1, -7, 0, -4, -8, 2, 3, -7, 0, -3, -4, 4, -8, 3, 1, -2, -2, -8, -8, -8, -5, 1, -4, -7, 2, -5, 1, -7, 1, -6, 3, 3, -4, 0, 0, 2, -7, -1, -3, -3, 2, -4, 3, -3, -8, -6, -1, -7]
 
2.9490289940451304: [-8, 1, -3, 4, 2, -4, 1, 2, -4, -5, 1, -6, -2, -3, -1, -5, 0, -5, -4, -6, -1, -5, -4, -3, -3, 4, 2, -1, -8, -7, -2, 3, -8, 4, 4, -4, -6, -7, 3, -4, -7, -4, -7, -7, -5, 1, 2, -6, 0, 0, -1, -8, -5, -8, -6, -2, -8, 4, 0, 3, 0, -3, -7, -1, -1, 4, -3, 4, 3, 2, 1, -8, -6, 1, -7, -7, -8, 2, 2, -7, -7, -8, 1, 3, -6, -8, 1, 3, -5, 0, 1, 4, -6, -4, 3, 1, -6, 2, -1, 1, 2, 2, -4, 3, -4, -7, -2, -8, -4, -6, -6, -1, -6, 1, -2, 1, 0, -4, 0, -5, -7, 4, -3, -1, -4, -2, 3, 3]
 
2.217970852166788: [-8, 2, 1, 4, -4, 4, 3, 4, 3, -8, -6, 1, 1, 1, 2, 4, -4, 4, 4, -3, -8, -8, -3, -5, -2, -8, -6, 4, 2, 2, 0, -2, -1, 4, -7, -3, 0, -4, -6, -7, -7, 1, -7, -4, -3, -8, -4, -1, 4, -3, 0, -5, -1, 4, 3, -4, -6, -3, 2, 0, 3, 2, 0, -8, -7, 1, -2, -4, 4, -2, -3, -8, 3, -7, -6, 0, -8, -7, 2, -2, 3, -7, -4, -6, -4, -6, -4, 0, 1, -3, -6, 4, -2, 3, 2, 0, -4, -8, -1, -6, -5, -1, 0, -7, -4, -5, -5, -3, 0, -3, -5, -1, -3, -5, -8, 1, -6, -1, 0, -7, 2, -4, -1, -3, -8, -1, -1, 4]
 
1.56498244767: [2, -7, 4, 4, 3, -4, 3, -1, 3, -1, 1, -7, 4, 4, 3, 1, -1, 3, 1, -1, -7, 1, 0, 0, -1, -1, -7, 0, -7, -5, 1, 3, 3, 0, -3, 3, -6, 0, -5, 1, -6, -4, -1, -6, -2, 1, -2, -5, -1, 2, 0, -3, -1, -8, -2, -2, -2, -2, -3, 3, 0, 0, -6, -4, -2, 2, 3, -2, 3, 2, -2, -5, 0, 0, -4, 1, 1, -6, 4, -3, 2, -5, -4, -3, -3, 0, 1, -8, -7, -8, -2, -5, -5, -2, -4, -4, -1, 1, 3, -4, -5, -8, -2, 0, 2, 3, -1, 3, -1, -8, 2, -1, -3, -5, 0, 1, -6, -1, 0, -7, 2, -7, -1, -6, -5, 3, 4, -8]
 
0.8894458884136094: [2, -7, 4, 1, 4, 2, 2, 1, -5, -5, -2, -7, -6, -3, -4, -2, 4, 3, -7, -3, 1, -1, -1, -6, -1, -1, -6, -7, -7, 4, -8, 3, -5, 0, -3, -2, -6, 0, -5, 4, -6, -3, -2, 1, -5, 3, -2, 1, -6, -5, 0, -3, -5, 0, -3, -5, 4, 2, 2, -5, -5, -1, 0, -3, -8, -5, -1, -1, -4, -8, 4, -1, 0, -2, -8, -5, -2, -1, 2, 4, 0, -2, 0, -7, -8, 2, -2, -7, -5, -4, -5, 2, 1, -1, -2, 1, -1, -4, -4, -3, 1, 3, 1, 0, 2, 3, 3, 3, -7, -7, 2, -1, -3, -6, 0, -5, -6, -6, -5, -7, 2, -4, -1, -3, -5, 3, 4, -1]
 
2.261347451534485: [2, -7, 4, 1, 3, 2, 3, 1, -5, -5, 1, -7, -6, -3, 3, 0, -1, 3, -7, 0, -1, 1, 0, -3, -1, -1, -7, 0, -7, 4, 0, -2, -7, -7, -5, -8, -6, -1, -3, -6, 2, 4, -3, -5, -1, -6, 0, -3, 3, -3, 4, -6, -4, -3, -1, -5, 4, 0, -7, -5, -1, -1, -2, 0, 2, -3, -1, -3, 4, 3, -6, 2, -7, 0, 2, -1, 3, -4, 2, 4, -8, -2, 0, -7, -8, 4, -8, 1, -3, -6, 0, -2, 3, -3, 3, -8, 2, 4, 0, -1, -5, -1, 0, -8, -4, -1, -5, -3, 0, -8, -5, -4, -8, 2, 3, -1, -6, -1, -2, 4, -8, -3, -4, 1, -6, 3, -1, 0]
 
0.753353178445: [-6, 1, -3, 4, 4, -4, -6, -6, -2, -6, 3, -2, -2, -5, -1, -5, 0, 4, -3, 3, -7, -2, -4, 0, -2, 4, -6, -6, -5, 4, -5, -3, -3, -6, 0, -2, -7, -2, -6, 3, 3, 1, -1, -1, -1, -8, -6, -1, 1, -5, 1, -5, -7, -2, -3, -4, -2, -8, -5, 2, -4, 2, -2, -2, -7, 2, 3, -6, 1, -8, -3, -8, -3, -7, -6, 0, 3, 4, 2, -2, 3, -7, -7, -6, -1, 1, 1, -4, 1, -3, -6, -3, -1, 0, -5, 0, -4, -8, -8, -6, 1, -1, 0, 0, -2, -8, -5, -3, -2, -7, 1, -1, -3, -1, -4, -3, -6, -1, -8, -4, 0, 3, 0, 3, -8, -1, 2, -4]
 
1.6022423395951049: [-3, 1, -4, 3, 0, -3, -1, -3, -8, 1, 1, -2, -8, -3, -1, -5, -6, -5, -8, -4, -8, -2, -4, -3, -6, -2, 2, -2, 4, -4, -7, 3, 2, 4, 4, -7, -6, 4, -8, -4, -7, 2, -2, 2, 1, 1, 2, -8, -4, 0, -5, -8, 0, -1, -6, -6, -2, 4, -3, 3, 0, -3, -8, -5, -1, 4, -3, 4, -6, 1, 1, 4, 3, -4, 1, -6, 0, 0, -8, 4, -6, -8, -7, 3, 3, 4, 4, 3, -7, -8, -4, 4, -6, -4, 3, 1, -6, -3, -4, -8, 1, 2, -4, 2, -4, -7, -8, -8, 4, -6, -6, -2, 4, 1, 1, 1, 2, -4, 0, 1, -2, 4, 3, 3, -4, -3, -3, -2]
 
1.6410383034901448: [2, -7, 4, 1, 3, 2, 3, 1, -5, -5, 1, -7, -6, -3, 3, 0, -1, 3, -7, 0, -1, 1, 0, -3, -1, -1, -7, 0, -7, 4, 0, -2, -7, -7, -5, -8, -6, -1, -3, -6, 2, 4, -3, -5, -1, -6, 0, -3, 3, -3, 4, -6, -4, -3, -1, -5, 4, 0, -7, -5, -1, -1, -2, 0, 2, -3, -1, -3, 4, 3, -6, 2, -7, 0, 2, -1, 3, -4, 2, 4, -8, -2, 0, -7, -8, 4, -8, 1, -3, -5, 2, 2, -6, 4, -8, 2, -6, -4, -7, -3, 1, 3, -5, 0, -8, -8, -1, 3, -7, -7, 2, -1, -3, 2, -3, -3, -6, -1, 0, 4, 0, -4, -6, 1, -8, -1, -1, 4]
 
0.511801652761: [-8, 2, 1, 2, -4, 4, -6, 4, -2, -5, -6, 1, -3, 1, 3, -3, 1, 4, 2, -3, -8, -2, -3, -4, -7, -8, 3, 4, 2, 2, 0, -2, -1, 0, -7, -7, 0, -8, -8, -7, -7, 1, -5, -4, -3, -8, -4, -8, 4, -2, 0, -5, -1, -8, 3, -4, -6, -3, -4, -8, -8, -8, 0, 1, -7, 1, -2, -4, 4, -2, -4, -8, 3, 1, -6, 0, -8, -3, 2, 4, -2, -7, -4, -5, -4, -6, -4, 0, 1, -3, -6, 4, -5, 3, 2, 0, 2, -8, -1, -3, 1, 2, -2, 0, -8, -8, -1, 4, -7, -7, 2, -1, -3, 3, -3, -1, -6, 4, 0, 0, 0, -4, 0, 4, -8, -1, -1, -5]
 
0.906473400824: [-3, -2, -4, -4, 3, -5, 3, 1, -3, -2, 2, -3, -1, 4, -1, -5, 0, 3, -8, 4, -7, -7, -4, 3, 2, 4, 1, -1, 0, -5, -7, 3, -1, -3, 3, -7, -6, -2, -3, 3, 2, 0, -3, -1, 2, -7, 0, -1, 3, 0, 4, -3, -4, 4, -1, 3, 4, 0, -3, -5, -3, 0, 0, -5, -8, -3, -1, 0, 4, 1, -6, 4, -7, 0, -8, 0, 3, -4, 3, -6, 0, -2, -7, -7, -8, -1, 0, 1, -3, -3, -8, 2, -5, 4, 0, 1, -1, -4, -2, -3, 1, 3, -5, 0, 2, 3, -1, 3, -7, -7, 2, -8, -5, -3, -8, 4, -4, -3, -1, -2, -4, 3, -1, -3, -5, -1, 2, 1]
 
1.088686987355695: [2, -7, 4, 1, 1, 2, 3, 4, 3, -6, 1, -3, -3, -3, -5, 0, -1, 3, -6, 0, 1, -6, 0, -3, -1, -1, -5, 0, -7, 4, 0, -2, -7, -7, -7, -8, -7, -1, -6, -6, 0, -5, -6, -5, 1, -6, 0, -3, 3, -3, 4, -5, -4, 2, -1, -5, 4, -4, -7, -5, -2, -1, -2, 0, 2, -3, -8, -5, -1, 3, -6, -2, -6, 0, 2, -2, 3, -3, 2, -5, -7, -2, 0, -7, -8, 0, -3, 1, -1, -8, 2, 2, -4, 4, 0, 2, -6, -4, -1, -3, 0, 3, -5, 0, -7, -8, -1, 3, -7, 3, -5, 3, -2, -7, -3, -3, -5, -1, 0, 4, -1, -4, -6, -1, -7, -2, -1, 4]
 
1.7789198573666138: [-8, 1, -3, 4, 0, -4, 0, 4, 1, -2, 2, -2, -1, 4, -1, -5, 0, -5, -8, -4, -7, -2, -4, 0, -2, -8, -6, 2, -5, 2, 0, -7, -1, 4, -7, -3, 0, -4, -6, -7, -7, 1, -7, -4, -3, -8, -4, -1, 4, -3, 0, -5, -1, 4, 3, -4, -6, -3, 2, 0, 3, 2, 0, -8, -7, 1, -2, -4, 4, -2, -3, -8, 3, -7, -6, 0, -8, -7, 2, -2, 3, -7, -4, -6, -4, -6, -4, 0, 1, -3, -6, 4, -2, 3, 2, 0, -4, -8, -1, -6, -5, -1, 0, -7, -4, -5, -5, -3, 0, -3, -5, -1, -3, -5, -8, 1, -6, -1, 0, -7, 2, -4, -1, -3, -8, -1, -1, 4]
 
2.8194667973571876: [0, 1, -7, -6, 0, -3, -7, 1, 2, -1, 1, -7, 4, -8, -1, -5, -5, -3, -7, 0, 4, -2, 1, -2, -3, -2, -5, 3, 2, -4, 1, 3, 3, 0, -3, 3, -6, 0, -5, -2, -6, -4, -2, 1, -7, -2, -2, -4, 2, -5, 0, -3, -5, -8, -6, -2, -2, -2, -3, 3, 0, 1, -6, -4, -2, 4, -3, -2, 3, 2, -7, 4, 0, 0, 4, -2, 1, 0, -3, 4, -7, 0, -4, -2, -3, -6, 1, 3, -7, -8, -2, -3, -5, -5, -4, -4, -1, -1, 3, -8, -5, 1, 1, -4, -4, -7, -4, -3, 3, -1, -5, -1, -3, -5, -8, 1, -6, -1, 0, -7, 2, -4, -1, -3, -5, 3, 4, -8]
 
0.511358977356321: [-8, -6, 0, 2, 2, 2, -8, -3, 4, 0, -1, -8, -4, -5, 4, 4, -8, -6, -2, -4, 2, -5, -1, 4, 1, -4, 3, -1, -7, -6, -4, -1, 2, 4, 3, 4, -6, -4, -6, -1, 4, -5, -4, -8, 2, -1, 4, -3, -8, 3, 1, 3, 3, -1, 2, 0, 2, -7, -8, 3, -1, 3, -1, 1, 0, -4, 1, 0, -7, -1, -3, -3, -4, -1, -4, -4, 4, -2, -6, -3, -2, 2, 1, -5, 4, -1, -5, 0, 3, -6, -4, -6, 3, 4, 0, -4, -2, 4, -3, -8, -5, -1, 0, 2, 1, 0, -1, 4, 2, -3, -6, -6, 4, -7, 3, 4, -6, -1, -3, -6, -1, -3, -6, -1, -6, 4, 4, -8]
 
1.7629161972391514: [2, -7, 4, 1, 3, 2, 3, 1, -5, -5, 1, -7, -6, -3, 3, 0, -1, 3, -7, 0, -1, 1, 0, -3, -1, -1, -7, 0, -7, 4, 0, -2, -7, -7, -5, -8, -6, -1, -3, -6, 2, 4, -3, -5, -1, -6, 0, -3, 3, -3, 4, -6, -4, -3, -1, -5, 4, 0, -7, -5, -1, -1, -2, 0, 2, -3, -1, -3, 4, 3, -6, 2, -7, 0, 2, -1, 3, -4, 2, 4, -8, -2, 0, -7, -8, 4, -8, 1, -3, -5, 2, 2, -6, 4, -8, 2, -6, -4, -7, -3, 1, 3, -5, 0, -8, -8, -1, 3, -7, -7, 2, -1, -3, 2, -3, -3, -6, -1, 0, 4, 0, -4, -6, 1, -8, -1, -1, 4]
 
0.9756563301143488: [4, -2, -2, -3, 3, 1, 3, -2, -4, 4, -4, 4, -4, 2, -6, -7, -8, 1, -7, 3, -5, 2, -8, -6, -5, 2, 0, 4, -6, 1, -5, -1, 0, -1, -1, -4, -7, -4, 1, -3, -6, 0, 3, 3, -6, 1, -4, -1, 4, -3, 0, -5, -1, 4, 3, -4, -6, -3, 2, 0, 3, 2, 0, -8, -7, 1, -2, -4, 4, -2, -3, -8, 3, -7, -6, 0, -8, -7, 2, -2, 3, -7, -4, -6, -4, -6, -4, 0, 1, -3, -6, 4, -2, 3, 2, 0, -4, -8, -1, -6, -5, -1, 0, -7, -4, -5, -5, -3, 0, -3, -5, -1, -3, -5, -8, 1, -6, -1, 0, -7, 2, -4, -1, -3, -8, -1, -1, 4]
 
1.9349248930179863: [0, 2, 1, 0, -4, -7, 3, -2, 3, -8, -6, 1, 1, -6, -1, 4, -8, -6, 4, -1, -4, -2, -3, 1, -6, -5, 2, 2, 2, -6, -7, 4, -4, 1, -6, -4, -2, -8, -8, -4, 2, -8, -3, -5, -1, -6, 0, -3, 3, -3, 4, -6, -4, -3, -1, -5, 4, 0, -7, -5, -1, -1, -2, 0, 2, -3, -1, -3, 4, 3, -6, 2, -7, 0, 2, -1, 3, -4, 2, 4, -8, -2, 0, -7, -8, 4, -8, 1, -3, -5, 2, 2, -6, 4, -8, 2, -6, -4, -7, -3, 1, 3, -5, 0, -8, -8, -1, 3, -7, -7, 2, -1, -3, 2, -3, -3, -6, -1, 0, 4, 0, -4, -6, 1, -8, -1, -1, 4]
 
0.916209893169: [-2, 0, -1, -4, -4, 4, 4, 4, -1, 1, -6, 1, -2, 1, -5, 0, 2, 0, -4, -5, 1, -3, -1, 1, 0, 2, -8, 0, 1, 4, -3, -6, 2, 4, -8, -5, -2, 4, 3, 4, -6, 2, 4, -5, -8, 0, 3, 0, -7, 3, 4, 2, -4, -3, 4, -1, -1, 3, -2, -2, 0, -8, -4, -7, 4, 4, 3, 0, 2, -4, 4, -3, -2, -8, 2, -1, -7, -3, 0, -3, 1, 2, -3, 0, -6, 0, -2, 0, -6, -8, -5, 2, -3, -8, -2, -6, -5, 0, -8, 1, -5, -8, 3, -2, 2, -5, -8, -6, 0, -4, -3, 4, 2, 4, -3, -4, -4, 0, 2, -6, 4, -6, -6, -3, -5, -1, 4, -1]
 
1.2492192636525785: [-3, 1, -3, 2, 0, -1, 0, 4, 1, -2, 2, -5, 4, 4, 4, -5, 4, -5, 1, -4, -7, -2, -7, 0, -2, -1, -6, 2, -4, 2, 0, -3, -1, 4, -7, -3, 0, -5, -6, -7, -7, -1, -7, -4, -3, -8, -8, -1, 4, -6, 0, -5, -1, 4, 3, -4, -6, -8, 0, 1, 3, 2, -1, -8, 4, 1, -2, -4, -1, -1, -3, -8, -5, -7, -6, 0, -8, -7, -4, 3, 3, -7, -8, -6, 1, -6, -2, 0, -7, -3, -6, -8, -2, -6, 1, 0, -8, -8, -1, -6, -5, -1, 0, -7, -7, -5, -5, -3, 0, -5, -5, 4, -3, 1, 0, 1, -4, -1, -3, -7, 2, -4, -2, -3, 1, -1, 4, 4]
 
1.2767069778583564: [-8, 1, -3, 4, 0, -4, 0, 4, 1, -2, 2, -2, -8, -3, -1, -5, 1, -5, 1, -4, -1, -5, -4, -3, -3, -4, 2, 4, -8, -2, -7, -8, 2, 4, 3, -1, -6, 1, -3, -7, 2, -6, -3, -1, -7, -1, 0, -3, 3, -3, -7, -6, -4, -3, 1, -5, -3, -6, -7, -5, -4, -2, 0, 3, -8, -3, -1, 0, 4, 1, 2, 4, -7, 0, 4, -1, 4, -1, 3, 4, 0, -3, -7, -7, 4, -1, -6, 0, 1, -6, 0, -2, 3, -3, 3, -8, 2, 4, 0, -1, -5, -1, 0, -8, -4, -1, -5, -3, 0, -8, -5, -4, -8, 2, 3, -1, -6, -1, -2, 4, -8, -3, -4, 1, -6, 3, -1, 0]
 
1.22837509762: [-1, 2, -3, 4, 4, -4, 1, 4, -5, 2, 1, 2, 4, -3, -3, -3, -3, -5, -8, -6, -7, -2, -6, -8, 0, 4, 2, 4, -4, 2, -7, 3, 0, 4, 4, -7, -2, 0, 1, -4, -7, -4, -2, -6, -3, 1, 2, -4, -4, 1, -5, -8, -7, -1, -6, -3, -2, 4, 3, 3, 0, -3, -8, -6, -2, 1, -3, 1, -4, 1, 1, -8, 0, 0, 4, -2, 1, 0, -3, 4, -7, 0, -4, -2, -3, -6, 1, 3, -7, -8, -2, -3, -5, -5, -4, -4, -1, -1, 3, -8, -5, 1, 1, -4, -4, -7, -4, -3, 3, -1, -5, -8, -5, -3, -8, 4, -4, -3, -1, -4, -4, -7, -1, -3, -5, -1, 2, -8]
 
2.78037372422: [2, -7, 4, 1, 3, 2, 3, 1, 2, -1, 1, -7, 4, -8, -1, -5, -5, -3, -7, 0, 4, -2, 1, -2, -3, -2, -5, 3, 2, -4, 1, 3, 3, 0, -3, 3, -6, 0, -5, -2, -6, -4, -2, 1, -7, -2, -2, -4, 2, -5, 0, -3, -5, -8, -6, -2, -2, -2, -3, 3, 0, 1, -6, -4, -2, 4, -3, -2, 3, 2, -7, 4, -5, -4, -7, -3, -8, 0, 4, -1, -7, 4, -4, -6, -3, 4, -6, 3, -8, 1, 1, -6, 4, -4, 3, 1, -6, -3, -4, -8, 1, -5, -4, 3, -4, 2, -2, -8, -5, -6, -4, -6, 4, -7, 3, 4, -6, -1, -3, -6, -6, -3, 4, -6, -6, -2, 4, -8]
 
1.47151237484: [2, -7, 4, 1, 3, 2, 3, 1, -5, -5, 1, -7, -6, -3, 3, 0, -1, 3, -7, 0, -1, 1, 0, -3, -1, -1, -7, 0, -7, 4, 1, 3, 3, 0, -3, 3, -6, 0, -5, -2, -6, -4, -2, -4, -3, -8, -4, -1, 4, -3, 0, -5, -1, 4, 3, -4, -6, -3, 2, 0, 3, 2, 0, -8, -7, 1, -2, -4, 4, -2, -3, -8, 3, -7, -6, 0, -8, -7, 2, -2, 3, -7, -4, -6, -4, -6, -4, 0, 1, -3, -6, 4, -2, 3, 2, 0, -4, -8, -1, -6, -5, -1, 0, -7, -4, -5, -5, -3, 0, -3, -5, -1, -3, -5, -8, 1, -6, -1, 0, -7, 2, -4, -1, -3, -8, -1, -1, 4]
 
2.35597994647: [-3, 1, -4, 3, 0, -3, 3, 1, 4, -2, 2, -2, -1, 4, -1, -5, 0, -5, -8, -4, -7, -2, -3, -5, -2, -8, -6, 4, 2, 2, 0, -2, -1, 4, -7, -3, 0, -4, -6, -7, -7, 1, -7, 1, -7, -2, -2, -4, 2, -5, 0, -3, -5, -8, -6, -2, -2, -2, -3, 3, 0, 1, -6, -4, -2, 4, -3, -2, 3, 2, -7, 4, 0, 0, 4, -2, 1, 0, -3, 4, -7, 0, -4, -2, -3, -6, 1, 3, -7, -8, -2, -3, -5, -5, -4, -4, -1, -1, 3, -8, -5, 1, 1, 0, 2, 3, -1, 3, -7, -7, 2, -1, -3, -5, -8, 1, -6, -1, 0, -7, 2, -4, -1, -3, -5, 3, 4, -8]
 
1.12745020018: [-3, 2, -1, -4, -7, 4, 3, 4, -7, -8, -6, 1, 1, 1, 2, 4, -4, 4, 4, -3, -8, 3, -3, -5, -2, -1, -7, -2, 2, 2, -4, -2, -1, 4, -7, -5, 0, -4, 1, 1, 0, 1, -7, -4, -8, -8, -4, -1, 4, -3, -3, -5, -1, -6, -1, -4, -6, 3, -5, 0, -6, 2, 0, -8, -7, 4, -2, 0, 4, -4, -3, -8, 3, -7, 1, 0, -8, 1, 2, -2, 3, -7, -4, -6, -3, 0, -4, 0, 1, 0, -6, -3, -8, -7, 4, 0, -4, 4, -1, -6, -2, -1, -4, -7, -4, -5, -5, -4, 0, -5, -5, -1, 4, -5, -8, 1, 2, 0, 0, -7, 2, -4, 2, -3, -7, -1, 3, 4]
 
1.74575850005: [-8, 2, -8, 4, 0, -2, -5, 4, -4, -1, -6, -1, 2, -6, -6, 4, -4, 1, -5, -8, -1, 2, -8, 1, 1, -2, -6, -2, 1, 0, 0, -7, 4, 2, 3, -2, -4, 1, -8, -3, -7, 4, -3, -5, -8, -5, 3, -3, -7, -4, -1, -5, -6, -5, -1, 3, -7, 3, -6, -2, -4, 2, -4, -1, 4, -5, -2, -4, 3, -4, -3, -2, 3, -8, 0, 3, -2, -7, -1, -4, -1, -7, 0, -4, -6, 2, 3, -7, 1, -3, -4, 4, -8, 3, 1, 4, -2, -8, 4, -8, -5, -1, -4, -7, 2, -5, -5, -7, 0, -3, 3, -1, -3, -5, 0, -3, 1, -1, -3, -3, 2, -4, 3, -3, -8, -8, -1, -7]
 
1.480295001: [-8, -6, 0, 2, 2, 2, -8, -3, 4, 0, -1, -8, -4, -5, 4, 4, -8, -6, -2, -4, 2, -5, -1, 4, 1, -4, 3, -1, -7, -6, -4, -1, 2, 4, 3, 4, -6, -4, -6, -1, 4, -5, -4, -8, 2, -1, 4, -3, -8, 3, 1, 3, 3, -1, 2, 0, 2, -7, -8, 3, -1, 3, -1, 1, 0, -4, 1, 0, -7, -1, -3, -3, -4, -1, -4, -4, 4, -2, -6, -3, -2, 2, 1, -5, 4, -1, -5, 0, 3, -6, -4, -6, 3, 4, 0, -4, -2, 4, -3, -8, -5, -1, 0, 2, 1, -7, -2, -8, -4, -6, -6, -1, -6, 1, -2, 1, 0, -4, 0, -5, -7, 4, -3, -1, -4, -2, 3, 3]
 
0.836892450578: [-8, 1, -3, 4, 2, -4, 1, 2, -4, -5, -7, -6, -1, -4, -1, -3, -5, -6, -1, -7, -1, -1, -4, -3, 2, 4, -7, -1, 0, -7, -1, 3, -8, 0, -3, -4, -3, -7, -7, -2, -7, -4, -2, 3, -5, -1, 2, -6, 0, 0, -1, -8, 1, -8, -6, 4, 2, -6, 0, 3, -8, -1, -7, 2, -3, 4, -3, 4, 3, 2, 1, -8, -6, 1, -7, -7, -8, 2, 2, -6, -7, 2, 1, 3, -6, -2, 1, 3, -8, 0, -4, 4, -6, -4, 3, 1, 4, 2, -1, 1, 2, -2, -4, -2, -4, 0, -5, 4, 2, -7, -4, -6, 4, -7, 3, 4, -6, -1, -5, -3, -1, -3, -6, -1, -6, -6, 4, 0]
 
1.35114331092: [2, -7, 4, 1, 3, 2, 3, 1, -5, -5, 1, -7, -6, -3, 3, 0, -1, 3, -7, 0, -1, 1, 0, -3, -1, -1, -7, 0, -7, 4, 0, -2, -7, -7, -5, -8, -6, -1, -3, 3, 2, 1, -3, -7, 2, -2, 0, -3, 3, -3, 4, -6, -4, -3, -1, -5, 4, 0, -7, -5, 0, -2, 0, 0, -8, -3, -1, 0, 4, -3, -6, 4, -7, 0, 1, -1, 3, -4, 3, 4, 0, -2, 0, -7, -6, -5, -1, 0, 1, -5, 0, -2, 3, -2, 3, -8, 2, 4, 0, -6, -5, -1, 0, -7, -4, -5, -5, -3, 0, -3, -5, 2, 1, -3, 2, -2, -4, -3, -1, 4, 0, -4, -6, 1, -8, -1, -1, 4]
 
0.844719109406: [-8, 0, -3, 4, 0, -4, -2, 4, 1, -8, -6, 1, 1, -5, 2, 4, -4, -5, 4, -3, -8, -8, -4, -3, -3, 4, 2, 4, -8, -4, -7, 3, 2, 4, 4, -7, -6, -5, -3, -6, 2, 4, -3, -5, -1, -6, 0, -3, 3, -3, 4, -6, -4, -3, -1, -5, 4, 0, -7, -5, -1, -1, -2, 0, 2, -3, -1, -3, 4, 3, -6, 2, -7, 0, 2, -1, 3, -4, 2, 4, -8, -2, 0, -7, -8, 4, -8, 1, -3, -6, 0, -2, 3, -3, 3, -8, 2, 4, 0, -1, -5, -1, 0, -8, -4, -1, -5, -3, 0, -8, -5, -4, -8, 2, 3, -1, -6, -1, -2, 4, -8, -3, -4, 1, -6, 3, -1, 0]
 
0.909249539839: [-8, -6, 0, 2, 2, 2, -8, -3, 4, 0, -1, -8, -4, -5, 4, 4, -8, -6, -2, -4, 2, -5, -1, 4, 1, -4, 3, -1, -7, -6, -4, -1, 2, 4, 3, 4, -6, -4, -6, -1, 4, -5, -4, -8, 2, -1, 4, -3, -8, 3, 1, 3, 3, -1, 2, 0, 2, -7, -8, 3, -1, 3, -1, 1, 0, -4, 1, 0, -7, -1, -3, -3, -4, -1, -4, -4, 4, -2, -6, -3, -8, -2, 0, -7, -8, 4, -8, 1, -3, -5, 2, 2, -6, 4, -8, 2, -6, -4, -7, -3, 1, 3, -5, 0, -8, -8, -1, 3, -7, -7, 2, -1, -3, 2, -3, -3, -6, -1, 0, 4, 0, -4, -6, 1, -8, -1, -1, 4]
 
1.30352019601: [-8, 1, -3, 4, 0, -4, 1, 4, -5, -5, 1, -7, -6, -3, 3, 0, -1, 3, -7, 0, -1, 1, 0, -3, -1, -1, -7, 0, -7, 4, 0, -2, -7, -7, -5, -8, -6, -1, -3, -6, 2, 4, -3, -5, -1, -6, 0, -3, 3, -3, 4, -6, -4, -3, -1, -5, 4, 0, -7, -5, -1, -1, -2, 0, 2, -3, -1, -3, 4, 3, -6, 2, -7, 0, 2, -1, 3, -4, 2, 4, -2, 2, 1, -5, 4, -1, -5, 0, 3, -6, -4, -6, 3, 4, 0, -4, -2, 4, -3, -8, -5, -1, 0, 2, 1, -7, -2, -8, -4, -6, -6, -1, -6, 1, -2, 1, 0, -4, 0, -5, -7, 4, -3, -1, -4, -2, 3, 3]
 
0.955674502854: [-3, 2, -1, -4, -4, 4, 4, 4, -1, 1, -6, 1, -2, -6, -4, 0, 2, 0, 1, -5, 2, -3, -8, 1, 0, 0, -8, -2, 1, 4, 0, -6, -2, 2, -8, -6, -2, 4, 3, -3, -6, 1, -3, -5, -8, 0, 3, -3, -7, -7, 4, 2, -4, -3, 4, -1, -1, -3, -2, -2, 0, -8, -4, -1, 4, 4, 3, 0, 2, -2, -7, 1, -1, -8, 2, -8, -3, -3, 0, -3, 1, 2, 4, -3, -6, 0, -4, 0, -6, -3, -5, 2, -3, -8, -2, -6, -5, -6, -4, 1, -2, -8, 3, -2, 2, -4, -8, 2, 0, -4, -5, -8, -5, -3, -8, 4, -4, -3, -1, -4, -4, -7, -1, -3, -5, -1, 2, -8]
 
1.1277476082: [2, -7, 4, 1, 3, 2, 3, 1, 2, -1, 1, -7, 4, -8, -1, -5, -5, -3, -7, 0, 4, -2, 1, -2, -3, -2, -5, 3, 2, -4, 1, 3, 3, 0, -3, 3, -6, 0, -5, -2, -6, -4, -2, 1, -7, -2, -2, -4, 2, -5, 0, -3, -5, -8, -6, -2, -2, -2, -3, 3, 0, 1, -6, -4, -2, 4, -3, -2, 3, 2, -7, 4, 0, 0, 4, -2, 1, 0, -3, 4, -7, 0, -4, -2, -3, -6, 1, 3, -7, -8, -2, -3, -5, -5, -4, -4, -1, -1, 3, -8, -5, 1, 1, -4, -4, -7, -4, -3, 3, -1, -3, 4, 2, 4, -7, -4, -4, -8, 2, -2, 4, -3, -6, -3, 3, -1, 4, -2]
 
1.58744346527: [-8, 1, -3, 4, 2, -4, 1, 2, -4, -5, 1, -6, -2, -3, -1, 4, -4, 4, 4, -3, -8, 3, -3, -5, -2, -1, -7, -2, 2, 2, -4, -2, -1, 4, -7, -5, 0, -4, 1, 1, 0, 1, -7, -4, -8, -8, -4, -1, 4, -3, -3, -5, -1, -6, -1, -4, -6, 3, -5, 0, -6, 2, 0, -8, -7, 4, -2, 0, 4, -4, -3, -8, 3, -7, 1, 0, -8, 1, 2, -2, 3, -7, -4, -6, -3, 0, -4, 0, 1, 0, -6, -3, -8, -7, 4, 0, -4, 4, -1, -6, -2, -1, -4, -7, -4, -5, -5, -4, 0, -5, -5, -1, 4, -5, -8, 1, 2, 0, 0, -7, 2, -4, 2, -3, -7, -1, 3, 4]
 
1.32028138375: [-3, 2, -1, -4, -7, 4, 3, 4, -7, -8, -6, 1, 1, 1, 2, -5, 0, -5, -4, -6, -1, -5, -4, -3, -3, 4, 2, -1, -8, -7, -2, 3, -8, 4, 4, -4, -6, -7, 3, -4, -7, -4, -7, -7, -5, 1, 2, -6, 0, 0, -1, -8, -5, -8, -6, -2, -8, 4, 0, 3, 0, -3, -7, -1, -1, 4, -3, 4, 3, 2, 1, -8, -6, 1, -7, -7, -8, 2, 2, -7, -7, -8, 1, 3, -6, -8, 1, 3, -5, 0, 1, 4, -6, -4, 3, 1, -6, 2, -1, 1, 2, 2, -4, 3, -4, -7, -2, -8, -4, -6, -6, -1, -6, 1, -2, 1, 0, -4, 0, -5, -7, 4, -3, -1, -4, -2, 3, 3]
 
0.757170202014: [-3, 2, -1, -4, -4, 4, 4, 4, -1, 1, -6, 1, -2, -6, -4, 0, 2, 0, 1, -5, 2, -3, -8, 1, 0, 0, -8, -2, 1, 4, 0, -6, -2, 2, -8, -6, -2, 4, 3, -3, -6, 1, -3, -5, -8, 0, 3, -3, -7, -7, 4, 2, -4, -3, 4, -1, -1, -3, -2, -2, 0, -8, -4, -1, -8, -3, -1, 0, 4, -3, -6, 4, -7, 0, 1, -1, 3, -4, 3, 4, 0, -2, 0, -7, -8, 1, -8, 1, -3, -3, 3, 2, -5, 4, -2, 1, 2, -4, -4, -3, 1, 3, 1, 0, 2, 3, -1, 3, -7, -7, 2, -8, -5, -3, -8, 4, -4, -3, -1, -4, -4, -7, -1, -3, -5, -1, 2, -8]
 
0.368182322763: [-3, 1, -4, 3, 0, -3, 3, 1, 4, -2, 2, -2, -1, 4, -1, -5, 0, -5, -8, -4, -7, -2, -4, -3, -3, 4, 2, 4, -8, -4, -7, 3, 2, 4, 4, -7, -6, -5, -3, 3, 2, 1, -3, -7, 2, -2, 0, -3, 3, -3, 4, -6, -4, -3, -1, -5, 4, 0, -7, -5, 0, -2, 0, 0, 4, 4, 3, 0, 2, -2, -7, 1, -1, -8, 2, -8, -3, -3, 0, -3, 1, 2, 4, -3, -6, 0, -4, 0, -6, -3, -5, 2, -3, -8, -2, -6, -5, -6, -4, 1, -2, -8, 3, -2, 2, -4, -8, 2, 0, -4, -5, -8, -5, -3, -8, 4, -4, -3, -1, -4, -4, -7, -1, -3, -5, -1, 2, -8]
 
0.990000044479: [2, -7, 4, 1, 3, 2, 3, 1, -5, -5, 1, -7, -6, -3, 3, 0, -1, 3, -7, 0, -1, 1, 0, -3, -1, -1, -7, 0, -7, 4, 0, -2, -7, -7, -5, -8, -6, -1, -3, 3, 2, 1, -3, -7, 2, -2, 0, -3, 3, -3, 4, -6, -4, -3, -1, -5, 4, 0, -7, -5, 0, -2, 0, 0, -8, -3, -1, 0, 4, -3, -6, 4, -7, 0, 1, -1, 3, -4, 3, 4, 0, -2, 0, -7, -6, -5, -1, 0, 1, -5, 0, -2, 3, -2, 3, -8, 2, 4, -4, -8, 1, -8, -4, 3, -4, -7, -2, -8, 4, -6, -6, -2, 4, 1, -7, 1, -8, -4, 0, -2, -2, 4, -3, -1, -4, 3, -3, 3]
 
2.84936006703: [-4, 3, -6, 3, 0, -3, 2, -1, 4, -6, -5, -8, -1, 0, 1, -5, -2, -6, -8, -2, -7, 0, -4, 3, 1, -3, 4, -3, -8, 3, -2, -8, 2, -6, -8, 1, -6, -4, 4, 3, 0, -1, -2, 3, 0, 1, -3, -1, -4, -8, 3, -3, -5, -8, -5, 1, 1, -3, -3, 2, -5, -3, -4, 3, -7, 4, -4, -3, 3, 4, 1, -8, 3, -4, 2, 0, 4, 0, 0, 4, -7, -8, -3, 3, -3, -4, 3, 3, -7, -5, 1, -2, -7, 2, -8, 1, 1, -2, 1, 0, -5, -6, -1, -7, -4, -5, 3, -1, 0, -3, -8, -7, 0, -5, 2, 0, -7, -8, -1, -4, 3, -4, -6, -7, -4, -5, -2, -2]
 
1.09673965478: [-8, 0, -3, 4, -6, -4, -2, -3, 3, -8, -4, 1, 1, -5, 2, -2, 0, -5, -3, -4, -5, -8, -4, -3, -3, 4, 2, 4, -8, -4, -7, 3, 2, -1, 4, -1, -6, -5, -3, 3, 2, 1, -3, -7, 2, -2, 0, -3, 3, -6, 4, -3, -8, -3, -1, -5, -4, -6, -2, -5, 2, -2, 4, -1, -8, -8, 3, 1, 4, -3, 2, -2, -7, 0, 1, -3, 4, -4, 3, 4, 0, -1, 0, -7, -4, -5, 1, 0, -7, 3, -7, -2, -7, 2, 3, 2, 1, 4, 0, 0, -5, -1, 0, -7, 4, -5, -5, 4, -7, 2, 3, 2, 1, -3, 1, -2, 2, -3, -1, 1, 3, 0, -3, -2, 2, -5, -4, -1]
 
0.915001257398: [-8, -1, 2, 4, 0, -4, -5, -8, -5, -5, -5, 0, -3, 4, -1, -5, 3, 0, -8, -4, -7, -2, -4, -3, -3, 1, -7, -2, -8, -4, -7, -3, 2, 3, 4, 0, -6, 4, -8, -4, -7, -4, 3, 0, 1, 1, 2, 2, -4, -3, -5, 1, -5, -8, -6, -2, -2, 4, -3, 3, 0, -3, -8, -1, -2, 4, -3, 4, 3, 1, 1, -8, -2, -7, -6, -2, 0, -7, -5, -2, 0, -7, 4, -6, -4, -6, -4, 0, 3, -3, 4, 4, -2, 1, 2, 2, -4, -8, -1, -5, -6, -1, 1, -7, -8, -4, -3, -3, 0, -3, -5, 1, 1, -3, 2, 3, -4, -3, 0, 1, 0, -4, -2, 1, 3, -1, -1, -7]
 
1.63942155841: [-8, -6, -8, -6, 2, 0, -8, -3, -3, -1, -7, -8, -4, -5, -6, 4, -8, -6, -2, -4, -4, -5, -4, 0, -2, 4, -7, 2, -5, 2, -1, -3, -3, 2, -3, -3, -2, -4, -3, 3, -4, 1, -1, -1, -1, -8, -6, -1, 4, -3, 1, -5, -1, 0, 0, -6, -1, 0, -1, 0, -3, 2, -7, -3, -7, 1, -2, -4, 4, -5, 2, -4, 4, -7, -6, 0, -5, 1, 2, 4, 1, -7, -7, 3, 2, 0, 3, 0, -6, -3, -6, -1, -5, 0, 2, 0, -4, -8, -1, -6, 0, -8, 0, -7, -2, -6, -1, -3, 1, -3, 0, 1, -3, -1, -3, -1, 1, -1, -8, -2, 3, 3, -4, 1, 3, -1, -4, 2]
 
1.04317883732: [-8, 1, -3, 4, 0, -4, -6, 4, -2, -2, 3, -2, -2, 4, -1, -5, 0, 4, -8, -4, -7, -2, -1, 4, 1, -4, 3, -1, -7, -6, -4, -1, 2, 4, 3, 4, -6, -4, -6, -1, 4, -5, -4, -8, 2, -1, 4, -3, -8, 3, 1, 3, 3, -1, 2, 0, 2, -7, -8, 3, -1, 3, -1, 1, 0, -4, 1, 0, -7, -1, -3, -3, -4, -1, -4, -4, 4, -2, -6, -3, -8, -2, 0, -7, -8, 4, -8, 1, -3, -5, 2, 2, -6, 4, -8, 2, -6, -4, -7, -3, 1, 3, -5, 0, -8, -8, -1, 3, -7, -7, 2, -1, -3, 2, -3, -3, -6, -1, 0, 4, 0, -4, -6, 1, -8, -1, -1, 4]
 
0.527784857271: [4, 1, -3, 1, 0, -4, 1, 3, -5, -6, 1, -7, -6, -3, 3, 2, -1, 0, 4, 0, -6, -1, 0, -3, -1, -1, -5, 0, -7, 4, 0, -2, -7, -7, -5, -7, -7, -5, -4, -6, 2, 4, -3, -4, 3, -6, 0, -8, 2, -3, -1, -6, -4, 2, -1, -8, -3, -1, -7, -5, -1, 1, -2, 0, -3, -3, -1, 3, 4, -5, -6, 2, -7, -2, 2, -2, 3, -4, -4, 4, -8, -1, -5, -7, -8, 4, 4, -3, -3, -5, 2, -7, -6, -3, -8, 1, -6, -6, -7, -3, 1, 3, -5, 0, -4, 4, -1, 3, 3, -3, -4, -1, -1, -1, -3, 1, -6, -1, -8, 3, 2, 3, 0, 1, 0, -1, -6, 2]
 
1.45746171295: [-8, -6, 0, 2, 2, 2, -8, -3, 4, 0, -1, -8, -4, -5, 4, 4, -8, -6, -2, -4, 2, -5, -4, 0, -2, 4, -6, 2, -5, 2, -7, -3, -3, 2, -3, -3, 0, -4, -6, 3, -4, 1, -1, -1, -1, -8, -6, -1, 4, -3, 1, -5, -7, 4, 0, -4, 1, -8, -1, 0, -4, 2, 0, 1, -7, -3, -2, -4, 4, -5, -3, -8, 3, -7, -6, 0, -3, 4, 2, -2, 3, -7, -7, -6, 2, 1, 3, 0, 1, -3, -6, -1, -1, 0, 2, 0, -4, -8, -8, -6, 1, -1, 0, -7, -2, -6, -5, -3, -2, -7, 2, -1, -3, 2, -3, -3, -6, -1, 0, 4, 0, -4, -6, 1, -8, -1, -1, 4]
 
1.62332963515: [-8, 0, -3, 4, 0, -4, -2, 4, 1, -8, -6, 1, 1, -5, 2, 4, -4, -5, 4, -3, -8, -8, -4, -3, -3, 4, 2, 4, -8, -4, -7, 3, 2, 4, 4, -7, -6, -5, -3, 3, 2, 1, -3, -7, 2, -2, 0, -3, 3, -3, 4, -6, -4, -3, -1, -5, 4, 0, -7, -5, 0, -2, 0, 0, -8, -3, -1, 0, 4, -3, -6, 4, -7, 0, 1, -1, 3, -4, 3, 4, 0, -2, 0, -7, -6, -5, -1, 0, 1, -5, 0, -2, 3, -2, 3, -8, 2, 4, 0, -6, -5, -1, -4, 2, -4, -7, -8, -8, 4, -6, -6, -2, 4, 1, 1, 1, 2, -4, 0, 1, -2, 4, 3, 3, -4, -3, -3, -2]
 
1.44218409577: [-3, 1, -4, 3, 0, -3, -1, -3, -8, 1, 1, -2, -8, -3, -1, -5, -6, -5, -8, -4, -8, -2, -4, -3, -6, -2, 2, -2, 4, -4, -7, 3, 2, 4, 4, -7, -6, 4, -8, -4, -7, 2, -2, 2, 1, 1, 2, -8, -4, 0, -5, -8, 0, -1, -6, -6, -2, 4, -3, 3, 0, -3, -8, -5, -1, 4, -3, 4, -6, 1, 1, 4, 3, -4, 1, -6, 0, 0, -8, 4, -6, -8, -7, 3, 3, 4, 4, 3, -7, -8, -4, 4, -6, -4, 3, 1, -6, -3, -4, -8, 1, 2, 0, -7, -4, -5, -5, -3, 0, -3, -5, 2, 1, -3, 2, -2, 2, -5, -1, 1, 3, 0, -3, -2, -2, -5, -4, -1]
 
0.946571760228: [-8, 2, 1, 4, -4, 4, 3, 4, 3, -8, -6, 1, 1, 1, 2, 4, -4, 1, -5, -8, -1, 2, -8, 1, 1, -2, -6, -2, 1, 0, 0, -7, 4, 2, 3, -2, -4, 1, -8, -3, -7, 4, -3, -5, -8, -5, 3, -3, -7, -4, -1, -5, -6, -5, -1, 3, -7, 3, -6, -2, -4, 2, -4, -1, 4, -5, -2, -4, 3, -4, -3, -2, 3, -8, 0, 3, -2, -7, -1, -4, -1, -7, 0, -4, -6, 2, 3, -7, 1, -3, -4, 4, -8, 3, 1, 4, -2, -8, 4, -8, -5, -1, -4, -7, 2, -5, -5, -7, 0, -3, 3, -1, -3, -5, 0, -3, 1, -1, -3, -3, 2, -4, 3, -3, -8, -8, -1, -7]
 
0.816915552532: [-3, 2, -5, -4, 0, -6, -5, -5, -4, -1, -6, -1, -2, -6, -3, 4, -4, 4, -4, -4, -6, -8, -3, -5, -2, -8, -6, 4, 2, 2, 0, -2, -1, 0, -7, -3, 0, -5, -3, -7, -7, 1, -7, 2, -3, -8, -4, -1, 4, -3, 0, -2, -1, 0, -8, -4, -6, -3, -4, 0, 3, 2, 0, -8, 3, 1, 1, 3, 4, -2, 4, -8, 2, 1, -6, -1, -8, 0, -4, -2, -3, -7, -4, -6, -4, -6, 3, -6, 1, -3, 3, -5, -8, -3, -3, -3, -4, -8, -1, -1, -5, -1, 4, -7, -4, -5, -5, -3, 0, -3, -4, -1, -7, -6, -8, 1, -6, -8, -2, 1, -7, -1, -1, -7, -8, -1, -3, 4]
 
0.780838059877: [-3, 1, 2, 3, 0, -1, 3, 1, -6, -1, -8, 0, 0, 4, -1, 1, 0, -5, -7, -4, -2, -2, 2, -1, -6, 4, 2, 4, -8, 3, 0, 3, 2, 4, 4, -7, -6, 4, -8, -4, -7, -4, -2, -7, 1, -1, 2, -4, -4, 0, -5, 2, -5, -3, -6, -2, -3, 4, -7, 3, -1, -3, 2, -1, 0, 4, 1, -7, 3, 1, -2, -8, -7, 0, 1, -3, -8, 0, 2, 4, -7, -8, 0, 3, -8, 4, -4, 3, -1, 0, 3, 4, -8, 3, 1, 4, -2, 0, -4, -8, -5, 0, -4, -5, 2, -3, -5, 2, -5, -1, 3, 0, -2, -5, 0, -3, 1, -1, -3, -5, -8, 4, -2, -3, -8, -8, -1, -7]
 
0.932594908771: [-3, 2, -1, -4, 0, -2, -5, 4, -4, -1, -6, -1, 2, -6, -6, 4, -4, 1, -5, -8, -1, 2, -8, 1, 1, -2, -6, -2, 1, 0, 0, -7, 4, 2, 3, -2, -4, 1, -8, -3, -7, 4, -3, -5, -8, -5, 3, -3, -7, -4, -1, -5, -6, -5, -1, 3, -7, 3, -6, -2, -4, 2, -4, -1, 4, -5, -2, -4, 3, -4, -3, -2, 3, -8, 0, 3, -2, -7, -1, -4, -1, -7, 0, -4, -6, 2, 3, -7, 1, -3, 1, -6, -6, -4, 3, 1, -6, -3, -4, -8, 1, -8, -4, 3, -4, -7, -2, -8, 4, -6, -6, -2, 4, 1, -7, 1, -8, -4, 0, -2, -2, 4, -3, -1, -4, 3, -3, 3]
 
