0.97611604074691: [-2, -7, -7, 2, -2, 3, -5, -6, -5, -4, 4, -7, -4, 4, 4, -7, 2, 3, 4, 4, -5, 2, -4, 2, -7, -3, -5, 3, 4, -6, 1, -1, -1, -4, -3, -1, -6, -4, -1, 4, 1, -8, 0, 1, -1, 3, -4, 1, -4, -3, -1, -3, -5, -8, -1, -6, -6, 0, 1, -4, -1, -6, -1, 2, -1, 0, -4, 2, 2, 2, -5, -7, -8, 2, -6, -5, -6, 3, 0, -4, -3, -8, -8, -7, -5, -4, -3, 0, -6, 3, -1, 3, 4, 3, -8, 4, 2, -2, -4, -8, -8, 2, -2, -5, 1, 0, -6, -8, -6, -2, -4, -8, -2, -4, 0, -2, -8, 4, 0, 0, -1, 0, -3, -3, -8, -4, -3, -3]
 
2.6361938248545744: [4, -7, 3, -4, 1, -1, 2, -8, 3, 2, 0, -6, 2, 1, 0, 2, 4, -8, -1, 2, -3, -1, -4, 1, -8, -8, -3, 1, 1, 1, -6, -1, -3, -3, 1, -7, -4, -5, 1, -3, -6, -7, -6, 1, -1, 2, -2, -5, -3, 1, -1, -5, -1, -1, -1, 0, -3, -4, -7, 3, -4, -4, -7, -4, -7, -7, 2, 0, -3, -2, -1, -5, -7, 4, -6, -2, -2, -1, 3, 4, -1, -2, 4, -8, 3, 1, -5, -1, -5, 2, 0, -5, -1, 1, 2, 0, 1, -8, 1, 2, 2, -6, -1, 1, -5, -6, 4, -8, -2, -8, -1, 3, -4, 2, -8, -2, -8, 4, 3, 0, 2, -2, -6, -6, 4, 1, -4, -5]
 
2.7086971881315187: [1, -4, 3, -4, 1, -1, -2, -6, 3, -7, -4, -6, -3, -1, 4, 2, 4, -8, 0, 2, -3, -1, -4, 1, -8, -8, -3, 1, 1, 1, -6, -1, -3, -3, 1, -7, -4, -5, 1, -3, -6, -7, -6, 1, -1, 2, -2, -5, -1, 4, -2, -5, -8, 1, -8, 4, 3, -3, 3, 2, -7, -5, 4, -2, 0, -7, -4, -3, -8, -2, 1, -5, -7, 4, -6, -2, -8, -4, 3, 4, -1, 2, 3, -8, 3, 1, -1, 1, 1, -7, 2, -5, -1, -7, 3, 4, -4, -3, 1, -7, 1, -6, -7, -3, -5, -6, 0, -8, 1, -7, 2, 3, -2, 3, -6, -4, -8, -5, -5, -5, 2, -7, -7, -3, -5, -4, -3, 1]
 
0.866544457491: [-7, -7, 3, -4, -5, 4, 4, -8, -7, -2, 0, -6, -6, 1, 3, 2, 4, -2, 0, 2, -3, -3, -4, -8, -3, -7, -2, 1, -5, -1, -4, 2, -7, 1, -2, -4, -7, 4, 0, 4, -6, -7, -2, 1, -1, 2, -2, -5, -1, 4, -2, 1, -8, 1, -8, 4, 3, -3, -6, 2, -7, -5, 1, 0, 0, 3, -4, -3, -1, -2, 1, 1, -7, 4, -1, -2, 0, -4, 3, 4, -1, 2, 3, -8, 3, 1, -1, 1, 1, -7, 2, -5, -1, -7, 3, 4, 1, -3, -4, -1, 1, -6, -7, -3, -5, -6, -3, 2, 1, -7, 2, 3, -2, 3, -7, 4, -8, 4, 0, 0, -5, -8, 3, -3, -8, -4, -3, -3]
 
3.625520768297725: [-7, -7, 3, -4, 1, -1, 2, -8, 3, 2, 0, -6, 2, 1, 0, 2, 4, -8, 0, 2, -3, -1, -4, 1, -8, -8, -3, 1, 1, 1, -6, -1, -3, -3, 1, -7, -4, -5, 1, -3, -6, -7, -6, 1, -1, 2, -2, -5, -3, 1, -1, -5, -1, -1, -1, 0, -3, -4, -7, -2, -8, -1, -4, -2, -5, 3, -4, -6, 2, 1, -4, -5, -1, -8, 4, -3, -8, -4, 3, 4, -1, 2, 3, -8, 3, 1, -1, -1, -5, 2, 0, -5, -1, 1, 2, 0, 1, -8, 1, 2, -5, -6, -2, 3, -5, -6, 4, -8, 1, -8, 4, -2, -4, 3, -6, -4, -8, -5, -5, -5, 2, -7, -7, -3, -5, -4, -3, 1]
 
2.6833532468676196: [-2, -8, -3, -7, 3, 0, -2, -2, -4, -8, -6, 1, 1, -4, -4, -1, -2, 2, -5, -6, 3, -1, -4, -4, -8, -8, -3, 1, 1, 1, -6, -1, -3, -3, 1, -7, -4, -5, 1, -3, -6, -7, -6, 1, -1, 2, -2, -5, -3, 1, -1, -5, -1, -1, -1, 0, -3, -4, -7, -2, -8, -1, -4, -2, -5, 3, -4, -6, 2, 1, -4, -5, -1, -8, 4, -3, -8, -4, 3, 4, -1, 2, 3, -8, 3, 1, -1, -1, -5, 2, 0, -5, -1, 1, 2, 0, 1, -8, 1, 2, -5, -6, -2, 3, -5, -6, 4, -8, 1, -8, 4, -2, -4, 3, -7, -2, -8, 4, 0, 0, -5, -8, -7, -3, -8, -4, -3, 1]
 
2.9698254069838823: [-7, -7, 3, -4, 1, -1, 2, -8, 3, 2, 0, -6, 2, 1, 0, 2, 4, -8, 0, 2, -3, -1, -4, 1, -8, -8, -3, 1, 1, 1, -2, -5, 4, 3, 2, -6, -5, -5, 3, 0, -6, -7, -6, 1, -5, -8, -2, -5, -3, 1, -1, -3, -1, -5, -1, -2, 0, -4, -7, -2, -8, -1, -4, -2, -5, 3, -4, -6, 2, 1, -4, -5, -1, -8, 4, -3, -8, -4, 3, 4, -1, 2, 3, -8, 3, 1, -1, 1, 1, -7, 2, -5, -1, -7, 3, 4, -4, -3, 1, -7, 1, -6, -7, -3, -5, -6, 0, -8, 1, -7, 2, 3, -2, 3, -7, -2, -8, 4, 0, 0, -5, -8, -7, -3, -8, -4, -3, 1]
 
2.371526733449114: [-8, -7, -6, -4, -1, -7, -3, -3, 3, -7, -3, -6, 2, -6, 3, 2, 4, -8, -5, 0, -8, -5, -4, -5, -4, -8, -5, -3, -4, -6, -6, -7, -5, -1, -7, -7, -4, -5, -7, -6, -5, -1, -1, -8, -3, 2, 4, -8, -3, 1, 3, -3, 3, -3, -1, 1, -3, -4, -8, -4, -4, -4, 3, -4, 0, -7, 2, 0, -3, -2, -1, 0, -8, 4, -6, -8, -2, -1, 3, -8, -1, -2, 4, -8, 3, -6, -5, -1, -5, 2, -2, -7, -1, -8, 2, 0, 1, -8, 1, 2, 2, -6, -1, 0, -1, -6, 0, 3, -2, -8, 4, 3, -4, 2, -3, -2, -8, 4, -7, 0, 2, -8, 2, -3, 2, -2, 4, -2]
 
3.937988763642961: [4, -7, 3, -5, -2, 2, -5, -6, 3, -7, 4, -1, 4, 1, 4, 0, 4, -8, -1, 2, -3, -1, -4, 1, -8, -8, -3, 1, 1, 1, -6, -1, -3, -3, 1, -7, -4, -5, 1, -3, -6, -7, -6, 1, -1, 2, -2, 1, 3, 1, -1, -3, 3, -3, -1, -6, -6, 0, 3, -6, -8, -4, -1, -4, -7, 0, 2, -4, -3, -3, -1, -4, -3, 2, -6, -5, -6, -4, 3, 4, -1, 2, 3, -8, 3, 1, -1, 1, 1, -7, 2, -5, -1, -7, 3, 4, -4, -3, 1, -7, 1, -6, -7, -3, -5, -6, 0, -8, 1, -7, 2, 3, -2, 3, -7, -2, -8, 4, 0, 0, -5, -8, -7, -3, -8, -4, -3, 1]
 
0.393597729382: [4, -7, 3, -5, -2, 2, -5, 1, 3, -7, 4, -1, -8, 1, -7, 0, 0, -8, 3, 2, -3, -1, -4, 1, -8, -8, -3, 1, 1, 1, -6, -1, -3, -4, 1, -7, -4, -7, 1, -3, -7, -8, 0, 1, -1, 2, -2, -5, -7, 1, -1, -5, -8, -1, 1, 0, -8, -4, -7, 3, -4, -4, 2, -4, -7, -7, 2, 0, -3, -2, -1, -5, -7, 4, -6, -2, -2, 3, 3, 4, -4, -2, 4, 3, -6, 1, -5, -6, -5, 2, 0, -5, -1, 1, 2, 0, 1, -8, -1, 2, 2, -6, -1, 1, -5, -6, 4, -8, -8, -8, -1, 3, -4, 2, -8, -2, 3, 4, 3, 0, 2, -2, -4, -1, 4, -4, -4, -5]
 
1.934812290519151: [-7, -7, 3, -4, 1, 4, 4, -8, 3, -2, 0, -6, -6, 1, 0, 2, 4, -2, 0, 2, -3, -3, -4, 1, -3, -8, -2, 1, 1, 1, -6, 2, -3, -3, 1, -7, -3, -5, 1, -3, -6, -7, -6, 1, -1, -1, -2, -5, -3, 2, -4, -5, -1, -1, -1, 0, -3, -4, -1, -3, -4, -4, -7, -4, -7, -7, 2, 0, -3, -2, -1, 0, -8, 4, -6, -8, -2, -1, 3, -8, -1, -2, 4, -8, 3, -6, -5, -1, -5, 2, -2, -7, -1, -8, 2, 0, 1, -8, 1, 2, 2, -6, -1, 0, -1, -6, 0, 3, -2, -8, 4, 3, -4, 2, -3, -2, -8, 4, -7, 0, 2, -8, 2, -6, 4, 1, -4, -5]
 
0.574710596167: [-2, -1, -4, -2, -2, 4, -2, -2, -4, -8, 2, 1, -7, -4, -4, -3, -1, -3, -7, -3, -5, -1, -1, -7, -8, -8, -3, 1, 1, -2, -6, -3, -1, -3, 2, -7, -4, -7, 1, -3, -6, -7, 1, 1, -1, -7, -2, 2, -3, -5, -5, -3, -1, -8, -1, -5, 1, 1, -5, -2, -8, -1, -4, -5, -5, 3, -4, -6, -8, 1, -4, -5, -1, -8, 4, -3, -1, -5, -8, -5, -5, 1, 1, -8, 3, 1, -1, 4, -5, 4, -6, -5, 1, 1, 2, 0, 4, -8, 1, 2, -5, -6, -2, 3, -5, -5, 4, -8, 1, -2, -8, -2, -4, 2, -6, -4, 3, 0, -5, -4, 4, 3, -7, -3, -8, -4, 2, 1]
 
2.2864390258665828: [-7, -7, 3, -4, 1, -1, 2, -8, 3, 2, 0, -6, 2, 1, 0, 2, 4, -8, 0, 2, -3, -1, -4, 1, -8, -8, -3, 1, 1, 1, -2, -5, 4, 3, 2, -6, -5, -5, 3, 0, -6, -7, -6, 1, -5, -8, -2, -5, -3, 1, -1, -3, -1, -5, -1, -2, 0, -4, -7, -2, -8, -1, -4, -2, -5, 3, -4, -6, 2, 1, -4, -5, -1, -8, 4, -3, -2, -1, 3, 4, -1, -2, 4, -8, 3, 1, -5, -1, -5, 2, 0, -5, -1, 1, 2, 0, 1, -8, 1, 2, 2, -6, -1, 1, -5, -6, 4, -8, -2, -8, -1, 3, -4, 2, -8, -2, -8, 4, 3, 0, 2, -2, -6, -6, 4, 1, -4, -5]
 
2.1688601190696333: [-7, 0, -4, -7, 1, -1, -6, -8, -8, -4, 0, 1, 2, -5, -3, 2, 4, -6, 0, 2, -3, -1, -4, 1, -8, -8, -7, 3, -2, -6, 1, -1, 4, 1, -2, -4, -7, 1, -6, 0, 4, 2, 4, -3, -5, -8, 0, -7, -3, 1, -1, -3, 3, -3, -1, -5, 3, -6, 0, 2, -8, -6, -4, -2, -5, 3, -4, -6, 2, 1, -4, -5, -1, -8, 4, -3, -8, -4, 3, 4, -1, 2, 3, -8, 3, 1, -5, -1, -5, 2, 0, -5, -1, 1, 2, 0, 1, -8, 1, -7, 1, -6, -7, 4, -5, -6, 0, -8, 1, -7, 2, 3, -6, 3, -7, -2, -8, 4, 0, 0, -5, -8, -7, -3, -8, -4, -3, 1]
 
2.5364385062263275: [-7, -8, 3, 2, 3, -5, -2, -6, -2, -7, -2, -6, -3, -2, 4, -7, -4, 3, 1, -7, -1, -1, -4, 4, -8, -5, -7, 3, -2, -6, 1, -1, -3, -3, 0, -7, -4, -5, 1, -6, -6, -1, -1, -8, -1, 0, 4, -8, -3, 1, 3, -4, -1, -5, -1, 0, 1, 2, -7, 3, -4, -2, -7, -2, -8, -7, -7, 0, -3, -2, -1, -7, 3, 2, 2, -5, 0, -2, 3, 4, -1, 2, 3, -8, 3, 1, -1, 1, 1, -7, 2, -5, -1, -7, 3, 4, -4, -3, 1, -7, 1, -6, -7, -3, -5, -6, 0, -8, -4, -7, 2, 3, -6, 3, -2, -2, -8, -7, 0, -5, -1, -8, 2, -3, 2, -4, -3, 1]
 
1.9831955948639977: [4, -7, 3, -7, -8, -6, 2, -2, 3, 2, 0, -6, 2, 1, 0, 2, 0, -8, -1, 2, -3, -1, -4, 1, -8, -8, -3, 1, 1, 1, -6, -1, -3, -8, -4, -7, -2, -5, 1, -3, -6, -7, -6, 1, -1, -8, 1, -7, -1, -7, -8, 3, 1, -5, -1, -6, 3, 1, -5, -7, -7, 3, -4, -2, -5, 3, -4, -6, -1, 1, -2, -5, -1, 3, 4, -8, -5, -1, -3, 4, 4, 2, -8, -6, 3, -1, -1, 1, 1, -7, 2, -5, 3, 1, -3, 4, -5, -8, 1, -6, 2, -6, -2, 0, -4, 1, 0, 3, -2, -8, 4, 3, -4, 4, -3, -2, -8, 4, -7, 0, 2, -7, 2, -4, 2, -2, 4, -2]
 
3.379701344075248: [-7, -7, 3, -4, 1, -1, 2, -8, 3, 2, 0, -6, 2, 1, 0, 2, 4, -8, 0, 2, -3, -1, -4, 1, -8, -8, -3, 1, 1, 1, -6, -1, -3, -3, 1, -7, -4, -5, 1, -3, -6, -7, -6, 1, -1, 2, -2, -5, -3, 1, -1, -5, -1, -1, -1, 0, -3, -4, -7, 3, -4, -4, -7, -4, -7, -7, 2, 0, -3, -2, -1, -5, -7, 4, -6, -2, -2, -1, 3, 4, -1, -2, 4, -8, 3, 1, -5, -1, -5, 2, 0, -5, -1, 1, 2, 0, 1, -8, 1, -7, 1, -6, -7, 4, -5, -6, 0, -8, 1, -7, 2, 3, -6, 3, -8, -2, -8, 4, 3, 0, 2, -2, -6, -6, 4, 1, -4, -5]
 
3.894125508032448: [1, -4, 3, -4, 1, -1, -2, -6, 3, -7, -4, -6, -3, -1, 4, 2, 4, -8, 0, 2, -3, -1, -4, 1, -8, -8, -3, 1, 1, 1, -6, -1, -3, -3, 1, -7, -4, -5, 1, -3, -6, -7, -6, 1, -1, 2, -2, -5, -1, 4, -2, -5, -8, 1, -8, 4, 3, -3, 3, 2, -7, -5, 4, -2, 0, -7, -4, -3, -8, -2, 1, -5, -7, 4, -6, -2, -8, -4, 3, 4, -1, 2, 3, -8, 3, 1, -1, 1, 1, -7, 2, -5, -1, -7, 3, 4, -4, -3, 1, -7, 1, -6, -7, -3, -5, -6, 0, -8, 1, -7, 2, 3, -2, 3, -7, -2, -8, 4, 0, 0, -5, -8, -7, -3, -8, -4, -3, 1]
 
3.103769477944545: [-2, -6, -6, -7, -6, 0, -2, -2, -4, -8, -6, 3, 1, -4, -4, -1, -2, -2, -5, -6, 3, -5, -4, 0, -3, -2, -6, -1, 3, -6, -2, -5, 4, 3, 2, -6, -5, -5, 3, 0, -6, -7, -6, 1, -5, -8, -2, -5, -3, 1, -1, -3, -1, -5, -1, -2, 0, -4, -7, -2, -8, -1, -4, -2, -5, 3, -4, -6, 2, 1, -4, -5, -1, -8, 4, -3, -8, -4, 3, 4, -1, 2, 3, -8, 3, 1, -1, 1, 1, -7, 2, -5, -1, -7, 3, 4, -4, -3, 1, -7, 1, -6, -7, -3, -5, -6, 0, -8, 1, -7, 2, 3, -2, 3, -7, -2, -8, 4, 0, 0, -5, -8, -7, -3, -8, -4, -3, 1]
 
2.4233224397709376: [-8, -7, -6, -4, -1, -7, -3, -3, 3, -7, -3, -6, 2, -6, 3, 2, 4, -8, -5, 0, -8, -5, -4, -5, -4, -8, -5, -3, -4, -6, -6, -7, -5, -1, -7, -7, -4, -5, -7, -6, -5, -1, -1, -8, -3, 2, 4, -8, -3, 1, 3, -8, -1, -1, 0, -5, 0, -2, -7, 2, -4, -2, -7, 2, -8, -5, -7, 1, 0, 1, -6, -7, -7, 2, 3, -6, 0, -2, 4, 4, -1, 2, -8, -8, 3, 0, 0, 1, 2, -7, -5, -7, -1, -7, 3, 4, 1, -3, 1, -4, 3, -8, -7, -3, -5, 1, -8, 4, -4, -7, 2, 3, 2, 3, -8, 0, -8, -1, -5, 0, -1, -6, 0, -3, -5, -4, -3, 1]
 
2.717030844876054: [-7, -7, 3, -4, 1, 4, 4, -8, 3, -2, 0, -6, -6, 1, 0, 2, 4, -2, 0, 2, -3, -3, -4, 1, -3, -8, -2, 1, 1, 1, -6, 2, 4, 1, -2, -4, 1, 4, 0, 4, -6, -7, -6, 1, -1, 2, -2, -5, -1, 4, -2, -5, -8, 1, -8, 4, 3, -3, 3, 2, -7, -5, 4, -2, 0, -7, -4, -3, -8, -2, 1, -5, -7, 4, -6, -2, -8, -4, 3, 4, -1, 2, 3, -8, 3, 1, -1, 1, 1, -7, 2, -5, -1, -7, 3, 4, -4, -3, 1, -7, 1, -6, -7, -3, -5, -6, 0, -8, 1, -7, 2, 3, -2, 3, -7, -2, -8, 4, 0, 0, -5, -8, -7, -3, -8, -4, -3, 1]
 
1.2696609812309445: [4, -7, -7, -7, -2, 3, -5, -6, 3, -7, 4, -7, 4, 1, 3, 2, 4, -8, -5, 0, -8, -5, -4, -5, -4, -8, -5, -3, -4, -6, -6, -7, -5, -1, -7, -7, -4, -5, -7, -6, -5, -1, -1, -8, -3, 2, 4, -8, -3, 1, 3, -3, 3, -3, -1, 1, -3, -4, -8, -4, -4, -4, 3, -4, 0, -7, 2, 0, -3, -2, -1, 0, -8, 4, -6, -8, -2, -1, 3, -8, -1, -2, 4, -8, 3, -6, -5, -1, -5, 2, -2, -7, -1, -8, 2, 0, 1, -8, 1, 2, 2, -6, -1, 0, -1, -6, 0, 3, -2, -8, 4, 3, -4, 2, -3, -2, -8, 4, -7, 0, 2, -8, 2, -3, 2, -2, 4, -2]
 
2.746820425732502: [-8, -7, -6, -4, -1, -7, -3, -3, 3, -7, -3, -6, 2, -6, 4, 0, -4, 3, 4, -8, 3, -1, -4, -4, -7, -3, -7, 3, -2, -6, 1, -1, -1, -4, -2, -4, -6, 4, -1, 4, -1, -8, 0, 1, -1, 3, -4, 1, 3, 1, -1, -3, 3, -3, -1, -6, -6, 0, 3, -6, -8, -4, -1, -4, -7, 0, 2, -4, -3, -3, -1, -4, -3, 2, -6, -5, -6, -1, 0, -5, -3, -5, 1, -7, -5, -4, -8, -6, -6, 3, 2, 3, -2, 3, -3, 4, -4, 2, 0, -8, -8, 2, -4, -5, 1, 0, -1, -8, -7, -2, -4, -7, -2, -4, 1, -4, 1, -7, -8, -1, -8, -7, -2, 0, 2, -7, -3, 1]
 
2.597276518792701: [4, -7, 3, -4, 1, -1, 2, -8, 3, 2, 0, -6, 2, 1, 0, 2, 4, -8, -1, 2, -3, -1, -4, 1, -8, -8, -3, 1, 1, 1, -6, -1, -3, -3, 1, -7, -4, -5, 1, -3, -6, -7, -6, 1, -1, 2, -2, -5, -3, 1, -1, -5, -1, -1, -1, 0, -3, -4, -7, 3, -4, -4, -7, -4, -7, -7, 2, 0, -3, -2, -1, -5, -7, 4, -6, -2, -2, -1, 3, 4, -1, -2, 4, -8, 3, 1, -5, -1, -5, 2, 0, -5, -1, 1, 2, 0, 1, -8, 1, 2, 2, -6, -1, 1, -5, -6, 4, -8, -2, -8, -1, 3, -4, 2, -8, -2, -8, 4, 3, 0, 2, -2, -6, -6, 4, 1, -4, -5]
 
2.451116883123715: [4, -7, 3, -4, 1, -1, 2, -8, 3, 2, 0, -6, 2, 1, 0, 2, 4, -8, -1, 2, -3, -1, -4, 1, -8, -8, -3, 1, 1, 1, -6, -1, -3, -3, 1, -7, -4, -5, 1, -3, -6, -7, -6, 1, -1, 2, -2, -5, -3, 1, -1, -5, -1, -1, -1, 0, -3, -4, -7, 3, -4, -4, -7, -4, -7, -7, 2, 0, -3, -2, -1, -5, -7, 4, -6, -2, -2, -1, 3, 4, -1, -2, 4, -8, 3, 1, -5, -1, -5, 2, 0, -5, -1, 1, 2, 0, 1, -8, 1, 2, 2, -6, -1, 1, -5, -6, 4, -8, -2, -8, -1, 3, -4, 2, -8, -2, -8, 4, 3, 0, 2, -2, -6, -6, 4, 1, -4, -5]
 
2.5110494495332056: [2, 0, -6, -5, -6, 4, -2, -1, 3, -2, -3, -6, 2, -5, -5, 2, 4, -8, 0, -6, -8, -1, -4, -1, -8, -8, -3, -3, -5, -8, -6, -7, -5, -1, 0, -7, -4, -5, -1, -6, -6, -7, -1, 2, -1, -5, 4, 4, -3, 1, 3, -4, -1, -5, -1, 0, -4, 2, -7, 3, -4, 4, -4, -8, -8, -7, 0, 0, -4, -2, -8, -1, -2, 2, 2, -5, 0, -2, 3, 4, -1, 2, -6, -7, 3, 1, -1, 1, 1, -7, 2, -5, -1, -7, 3, -3, -4, -3, 1, -7, -3, -6, -7, -3, -5, -6, 0, 2, 1, -7, 2, -6, -2, 3, -7, -2, -8, 4, 0, 0, -5, -8, -7, -3, -8, -4, -3, 1]
 
2.5726214676600785: [-7, -7, 3, -4, 1, 4, 4, -8, 3, -2, 0, -6, -6, 1, 0, 2, 4, -2, 0, 2, -3, -3, -4, 1, -3, -8, -2, 1, 1, 1, -6, 2, -3, -3, 1, -7, -3, -5, 1, -3, -6, -7, -6, 1, -1, -1, -2, -5, -3, 2, -4, -5, -1, -1, -1, 0, -3, -4, -1, -3, -4, -4, -7, -4, -7, -7, 2, 0, -3, -2, -1, 0, -8, 4, -6, -8, -2, -1, 3, -8, -1, -2, 4, -8, 3, -6, -5, -1, -5, 2, -2, -7, -1, -8, 2, 0, 1, -8, 1, 2, 2, -6, -1, 0, -1, -6, 0, 3, -2, -8, 4, 3, -4, 2, -3, -2, -8, 4, -7, 0, 2, -8, 2, -3, 2, -2, 4, -2]
 
1.323115534328134: [4, -7, -1, -7, -2, -2, 2, -6, 3, -7, 4, -7, -5, 1, 4, 0, -4, 2, 4, 2, 3, -1, -4, -4, 1, -3, -7, 3, -2, -5, -4, -5, -1, -4, -2, -4, 2, 4, -1, 4, -1, -8, -8, 1, 1, 3, -4, -1, -3, 1, 2, -5, -1, -1, -1, 0, -3, -4, -7, 3, -4, -4, -7, -4, 0, -7, 2, 0, 1, -2, -1, -5, -7, 4, -6, -2, -8, -8, 3, -3, -1, -4, 3, 3, 3, 1, -1, -1, 1, -7, -8, -5, -1, -7, 3, 4, 0, -3, 1, -7, 1, 2, -7, -3, -5, -6, 0, -8, 1, -3, 2, 3, -2, 3, 1, -2, -8, 4, 0, 0, -5, -8, -4, -3, -8, -4, -3, -4]
 
3.096479906627333: [4, -7, 3, -4, 1, -1, -2, -6, 3, -7, -4, -6, -3, 1, 0, 2, 4, -8, -1, 2, -3, -1, -4, 1, -8, -8, -3, 1, 1, 1, -6, -1, -3, -3, 1, -7, -4, -5, 1, -3, -6, -7, -6, 1, -1, 2, -2, -5, -3, 1, -1, -5, -1, -1, -1, 0, -3, -4, -7, 3, -4, -4, -7, -4, -7, -7, 2, 0, -3, -2, -1, -5, -7, 4, -6, -2, -2, -1, 3, 4, -1, -2, 4, -8, 3, 1, -5, -1, -5, 2, 0, -5, -1, 1, 2, 0, 1, -8, 1, 2, 2, -6, -1, 1, -5, -6, 4, -8, -2, -8, -1, 3, -4, 2, -8, -2, -8, 4, 3, 0, 2, -2, -6, -6, 4, 1, -4, -5]
 
1.20997171241: [4, 1, -6, -4, -8, -1, -6, -8, 3, 2, -8, -6, -6, 1, -5, 3, 2, -8, 4, 2, -3, -1, -4, 1, -7, 3, -3, 0, 1, -3, 2, -1, -3, -8, -2, -7, -4, -8, 1, -3, 4, -5, 4, 3, -1, 3, -2, -5, -4, 1, -1, -5, -1, -1, -1, -2, -3, -4, -7, -7, -4, -4, -7, -4, -7, -2, 0, 0, -3, -2, -7, -5, -7, 4, 3, -2, -1, -1, -3, 4, -1, 1, -4, -8, 2, 1, -7, -1, -5, 2, -5, -5, -1, -4, 3, 0, 1, -6, 1, 2, -3, 1, -3, 1, 4, -6, 4, -6, -2, -8, -1, 3, -4, 2, -8, -2, -8, 1, 4, 0, 2, -2, 1, -6, -3, 1, -4, 4]
 
2.7843989885897846: [4, -7, -7, -7, -2, 3, -5, -6, 3, -7, 4, -7, 4, 1, 4, 0, -4, 3, 4, -8, 3, -1, -4, -4, -7, -3, -7, 3, -2, -6, 1, -1, -1, -4, -2, -4, -6, 4, -1, 4, -1, -8, 0, 1, -1, 3, -4, 1, 3, 1, -1, -3, 3, -3, -1, -6, -6, 0, 3, -6, -8, -4, -1, -4, -7, 0, 2, -4, -3, -3, -1, -4, -3, 2, -6, -5, -6, -1, 0, -5, -3, -5, 1, -7, -5, -4, -8, -6, -6, 3, 2, 3, -2, 3, -3, 4, -4, 2, 0, -8, -8, 2, -4, -5, 1, 0, -1, -8, 1, -7, 2, 3, -2, 3, -7, -2, -8, 4, 0, 0, -5, -8, -7, -3, -8, -4, -3, 1]
 
2.152671827773131: [-7, -8, 3, 2, 3, -5, -2, -6, -2, -7, -2, -6, -3, -2, 4, -7, -4, 3, 1, -7, -1, -1, -4, 4, -8, -5, -7, 3, -2, -6, 1, -1, -3, -3, 0, -7, -4, -5, 1, -6, -6, -1, -1, -8, -1, 0, 4, -8, -3, 1, 3, -4, -1, -5, -1, 0, 1, 2, -7, 3, -4, -2, -7, -2, -8, -7, -7, 0, -3, -2, -1, -7, 3, 2, 2, -5, 0, -2, 3, 4, -1, 2, 3, -8, 3, 1, -1, 1, 1, -7, 2, -5, -1, -7, 3, 4, -4, -3, 1, -7, 1, -6, -7, -3, -5, -6, 0, -8, -4, -7, 2, 3, -6, 3, -2, -2, -8, -7, 0, -5, -1, -6, -6, 3, 4, 1, -4, -5]
 
1.45306504437: [-8, -7, 3, -8, 1, -3, -2, 4, 2, -7, -4, -6, -3, 1, -7, 2, 4, -8, -1, 0, -3, -1, -4, 1, -8, -3, -3, 3, 1, 4, -6, -1, -3, -3, 1, -7, -4, -5, -4, -3, -6, -7, -6, 1, -1, 2, -8, -6, -3, 1, -1, -5, 3, -1, -1, 0, 3, -4, -7, 3, -4, -4, -7, 3, -1, -7, 2, 0, -3, -2, -1, -5, -3, 4, -1, 4, -2, -8, 3, 4, -1, -2, 4, -8, 0, 1, -5, -1, -5, 2, 0, 1, -2, 1, 2, 0, 1, -8, 1, 2, 2, 4, -1, 1, 1, -6, 4, 4, -2, 3, -1, 3, -4, 2, -2, -2, -8, 4, 3, 0, 2, -2, -6, -6, 4, 1, -4, -5]
 
3.12179390673: [4, -7, 3, -4, 1, -1, -2, -6, 3, -7, -4, -6, -3, 1, 0, 2, 4, -8, -1, 2, -3, -1, -4, 1, -8, -8, -3, 1, 1, 1, -6, -1, -3, -3, 1, -7, -4, -5, 1, -3, -6, -7, -6, 1, -1, 2, -2, -5, -3, 1, -1, -5, -1, -1, -1, 0, -3, -4, -7, 3, -4, -4, -7, -4, -7, -7, 2, 0, -3, -2, -1, -5, -7, 4, -6, -2, -2, -1, 3, 4, -1, -2, 4, -8, 3, 1, -5, -1, -5, 2, 0, -5, -1, 1, 2, 0, 1, -8, 1, 2, 2, -6, -1, 1, -5, -6, 4, -8, -2, -8, -1, 3, -4, 2, -8, -2, -8, 4, 3, 0, 2, -2, -6, -6, 4, 1, -4, -5]
 
2.33832263736: [4, -7, -7, -7, -2, 3, -6, -8, -8, -4, 0, 1, 2, -5, -3, 2, 4, -6, 0, 2, -3, -1, -4, 1, -8, -8, -7, 3, -2, -6, 1, -1, 4, 1, -2, -4, -7, 1, -6, 0, 4, 2, 4, -3, -5, -8, 0, -7, -3, 1, -1, -3, 3, -3, -1, -5, 3, -6, 0, 2, -8, -6, -4, -2, -5, 3, -4, -6, 2, 1, -4, -5, -1, -8, 4, -3, -8, -4, 3, 4, -1, 2, 3, -8, 3, 1, -5, -1, -5, 2, 0, -5, -1, 1, 2, 0, 1, -8, 1, -7, 1, -6, -7, 4, -5, -6, 0, -8, 1, -7, 2, 3, -6, 3, -7, -2, -8, 4, 0, 0, -5, -8, -7, -3, -8, -4, -3, 1]
 
1.7253529074: [-7, 0, -4, -7, 1, -1, -5, -6, 3, -7, 4, -7, 4, 1, 4, 0, -4, 3, 4, -8, 3, -1, -4, -4, -7, -3, -7, 3, -2, -6, 1, -1, -1, -4, -2, -4, -6, 4, -1, 4, -1, -8, 0, 1, -1, 3, -4, 1, 3, 1, -1, -3, 3, -3, -1, -6, -6, 0, 3, -6, -8, -4, -1, -4, -7, 0, 2, -4, -3, -3, -1, -4, -3, 2, -6, -5, -6, -1, 0, -5, -3, -5, 1, -7, -5, -4, -8, -6, -6, 3, 2, 3, -2, 3, -3, 4, -4, 2, 0, -8, -8, 2, -4, -5, 1, 0, -1, -8, 1, -7, 2, 3, -2, 3, -7, -2, -8, 4, 0, 0, -5, -8, -7, -3, -8, -4, -3, 1]
 
2.10999775042: [4, -7, 3, -4, 1, -1, 2, -8, 3, 2, 0, -6, 2, 1, 0, 2, 4, -8, -1, 2, -3, -1, -4, 1, -8, -8, -3, 1, 1, 1, -6, -1, -3, -3, 1, -7, -4, -5, 1, -3, -6, -7, -6, 1, -1, 2, -2, -5, -3, 1, -1, -5, -1, -1, -1, 0, -3, -4, -7, 3, -4, -4, -7, -4, -7, -7, 2, 0, -3, -2, -1, -5, -7, 4, -6, -2, -2, -1, 3, 4, -1, -2, 4, -8, 3, 1, -5, -1, -5, 2, 0, -5, -1, 1, 2, 0, 1, -8, 1, 2, 2, -6, -1, 1, -5, -6, 4, -8, -2, -8, -1, 3, -2, 3, -7, -2, -8, 4, 0, 0, -5, -8, -7, -3, -8, -4, -3, 1]
 
3.78401079675: [1, -4, 3, -4, 1, -1, -2, -6, 3, -7, -4, -6, -3, -1, 4, 2, 4, -8, 0, 2, -3, -1, -4, 1, -8, -8, -3, 1, 1, 1, -6, -1, -3, -3, 1, -7, -4, -5, 1, -3, -6, -7, -6, 1, -1, 2, -2, -5, -1, 4, -2, -5, -8, 1, -8, 4, 3, -3, 3, 2, -7, -5, 4, -2, 0, -7, -4, -3, -8, -2, 1, -5, -7, 4, -6, -2, -8, -4, 3, 4, -1, 2, 3, -8, 3, 1, -1, 1, 1, -7, 2, -5, -1, -7, 3, 4, -4, -3, 1, -7, 1, -6, -7, -3, -5, -6, 0, -8, 1, -7, 2, 3, -4, 2, -8, -2, -8, 4, 3, 0, 2, -2, -6, -6, 4, 1, -4, -5]
 
2.72639325871: [-7, 0, -4, -7, 1, -1, -5, -6, 3, -7, 4, -7, 4, 1, 4, 0, -4, 3, 4, -8, 3, -1, -4, -4, -7, -3, -7, 3, -2, -6, 1, -1, -1, -4, -2, -4, -6, 4, -1, 4, -1, -8, 0, 1, -1, 3, -4, 1, 3, 1, -1, -3, -1, -1, -1, 0, -3, -4, -7, 3, -4, -4, -7, -4, -7, -7, 2, 0, -3, -2, -1, -5, -7, 4, -6, -2, -2, -1, 3, 4, -1, -2, 4, -8, 3, 1, -5, -1, -5, 2, 0, -5, -1, 1, 2, 0, 1, -8, 1, 2, 2, -6, -1, 1, -5, -6, 4, -8, -2, -8, -1, 3, -4, 2, -8, -2, -8, 4, 3, 0, 2, -2, -6, -6, 4, 1, -4, -5]
 
2.31443353262: [4, -7, 3, -4, 1, -1, 2, -8, 3, 2, 0, -3, 2, 1, 0, 2, -1, -8, -1, 2, -3, -1, -4, 1, -8, -8, -3, 1, 1, 1, -6, -1, -3, -3, 2, -7, -4, -5, 1, -3, 1, -7, -6, -3, 0, 2, 0, -5, -1, 1, -1, -5, 3, 3, 2, -6, -6, 0, -4, -6, -6, -4, -1, -3, -7, -8, 3, -4, -3, -3, -1, 0, 4, 2, -6, -1, -6, -1, -2, -5, -3, -5, -2, 2, -5, -4, -8, -6, -6, 3, 2, 3, -2, 3, -3, 4, -4, -7, 0, -8, -5, 2, -4, 1, 2, 0, -1, -8, 0, -7, 2, 3, -2, 3, -7, -3, -8, 4, 0, 0, -7, 3, -7, -1, -8, -4, -3, 1]
 
1.57720467222: [4, -7, -7, -7, -2, 3, -6, -8, -8, -4, 0, 1, 2, -5, -3, 2, 4, -6, 0, 2, -3, -1, -4, 1, -8, -8, -7, 3, -2, -6, 1, -1, 4, 1, -2, -4, -7, 1, -6, 0, 4, 2, 4, -3, -5, -8, 0, -7, -3, 1, -1, -3, 3, -3, -1, -5, 3, -6, 0, 2, -8, -6, -4, -2, -5, 3, -4, -6, 2, 1, -4, -5, -1, -8, 4, -3, -8, -4, 3, 4, -1, 2, 3, -8, 3, 1, -5, -1, -5, 2, 0, -5, -1, 1, 2, 0, 1, -8, 1, -7, 1, -6, -7, -3, -5, -6, 0, 2, 1, -7, 2, -6, -2, 3, -7, -2, -8, 4, 0, 0, -5, -8, -7, -3, -8, -4, -3, 1]
 
1.4005353934: [2, -7, 0, -5, -6, -6, -2, -1, 3, -2, -3, -6, 2, -4, 4, 2, 4, -8, 0, -6, -8, -1, -4, -6, -8, -8, -7, -3, -5, -5, -6, -7, -5, -5, 0, -7, -4, -5, -1, -6, -2, -7, -3, 2, 4, -8, 4, 4, -3, 1, 3, -4, -1, -5, -1, 0, -4, -4, -7, 1, -4, 4, -4, -8, -8, -7, 0, 2, 1, -2, -8, -1, 0, 2, 2, -5, 0, -2, 3, 4, -1, 2, -6, -1, 3, 1, 3, 1, 1, -3, 2, -5, -1, -7, -8, -3, -4, -3, -6, -7, -4, -6, -4, 4, -5, -6, 0, -8, -4, -7, 2, 3, -6, 3, -7, -2, 3, 4, 0, 0, -5, 0, -7, -3, 1, -4, -3, 1]
 
2.61311917569: [-7, -8, 3, 2, 3, -5, -2, -6, -2, -7, -2, -6, -3, -2, 4, -7, -4, 3, 1, -7, -1, -1, -4, 4, -8, -5, -7, 3, -2, -6, 1, -1, -3, -3, 0, -7, -4, -5, 1, -6, -6, -1, -1, -8, -1, 0, 4, -8, -3, 1, 3, -5, 3, -3, -1, -6, -6, 0, 3, -6, -8, -4, -1, -4, -7, 0, 2, -4, -3, -3, -1, -4, -3, 2, -6, -5, -6, -1, 0, -5, -3, -5, 1, -7, -5, -4, -8, -6, -6, 3, 2, 3, -2, 3, -3, 4, -4, 2, 0, -8, -8, 2, -4, -5, 1, 0, -1, -8, 1, -7, 2, 3, -2, 3, -7, -2, -8, 4, 0, 0, -5, -8, -7, -3, -8, -4, -3, 1]
 
0.849254056383: [4, -7, 3, -4, 1, -1, 2, -8, 3, 2, 0, -6, 2, 1, 0, 2, 4, -8, -1, 2, -3, -1, -4, 1, -8, -8, -3, 1, 1, 1, -6, -1, -3, -3, 1, -7, -4, -5, 1, -3, -6, -7, -6, 1, -1, 2, -2, -5, -3, 1, -1, -4, -1, -5, -1, 0, 1, 2, -7, 3, -4, -2, -7, -2, -8, -7, -7, 0, -3, -2, -1, -7, 3, 2, 2, -5, 0, -2, 3, 4, -1, 2, 3, -8, 3, 1, -1, 1, 1, -7, 2, -5, -1, -7, 3, 4, -4, -3, 1, -7, 1, -6, -7, -3, -5, -6, 0, -8, -4, -7, 2, 3, -6, 3, -2, -2, -8, -7, 0, -5, -1, -6, -6, 3, 4, 1, -4, -5]
 
4.14333295977: [-2, -7, -7, 2, -2, 3, -5, -6, -5, -4, 4, -7, -4, 4, 4, -7, 2, 3, 4, 4, -5, 2, -4, 2, -7, -3, -5, 3, 4, -6, -6, -1, -3, -3, 1, -7, -4, -5, 1, -3, -6, -7, -6, 1, -1, 2, -2, -5, -3, 1, -1, -5, -1, -1, -1, 0, -3, -4, -7, -2, -8, -1, -4, -2, -5, 3, -4, -6, 2, 1, -4, -5, -1, -8, 4, -3, -8, -4, 3, 4, -1, 2, 3, -8, 3, 1, -1, -1, -5, 2, 0, -5, -1, 1, 2, 0, 1, -8, 1, 2, -5, -6, -2, 3, -5, -6, 4, -8, 1, -8, 4, -2, -4, 3, -6, -4, -8, -5, -5, -5, 2, -7, -7, -3, -5, -4, -3, 1]
 
0.660858756306: [-2, -8, -3, -7, 3, 0, -2, -2, -4, -8, -6, 1, 1, -4, -4, -1, -2, 2, -5, -6, 3, -1, -4, -4, -8, -8, -3, 1, 1, 1, 1, -1, -1, -4, -3, -1, -6, -4, -1, 4, 1, -8, 0, 1, -1, 3, -4, 1, -4, -3, -1, -3, -5, -8, -1, -6, -6, 0, 1, -4, -1, -6, -1, 2, -1, 0, -4, 2, 2, 2, -5, -7, -8, 2, -6, -5, -6, 3, 0, -4, -3, -8, -8, -7, -5, -4, -3, 0, -6, 3, -1, 3, 4, 3, -8, 4, 2, -2, -4, -8, -8, 2, -2, -5, 1, 0, -6, -8, -6, -2, -4, -8, -2, -4, 0, -2, -8, 4, 0, 0, -1, 0, -3, -3, -8, -4, -3, -3]
 
0.460757524286: [-8, -7, -6, -4, -1, -7, -3, -3, 3, -7, -3, -6, 2, -6, 3, 2, 4, -8, -5, 0, -8, -5, -4, -5, -4, -8, -5, -3, -4, -6, -6, -7, -5, -1, -7, -7, -4, -5, -7, -6, -5, -1, -1, -8, -3, 2, 4, -8, -3, 1, 3, -3, 3, -3, -1, 1, -3, -4, -8, -4, -4, -4, 3, -4, 0, -7, 2, 0, -3, -2, -1, 0, -8, 4, -6, -8, -2, -1, 3, -8, -1, -2, 4, -8, 3, -6, -5, -1, -5, 2, -2, -7, -1, -8, 2, 0, 1, -8, 1, 2, 2, -6, -1, 0, -1, -6, 0, 3, -2, -8, -1, 3, -4, 2, -8, -2, -8, 4, 3, 0, 2, -2, -6, -6, 4, 1, -4, -5]
 
4.44200137975: [4, -7, 3, -4, 1, -1, 2, -8, 3, 2, 0, -6, 2, 1, 0, 2, 4, -8, -1, 2, -3, -1, -4, 1, -8, -8, -3, 1, 1, 1, -6, -1, -3, -3, 1, -7, -4, -5, 1, -3, -6, -7, -6, 1, -1, 2, -2, -5, -3, 1, -1, -5, -1, -1, -1, 0, -3, -4, -7, 3, -4, -4, -7, -4, -7, -7, 2, 0, -3, -2, -1, -5, -7, 4, -6, -2, -2, -1, 3, 4, -1, -2, 4, -8, 3, 1, -5, -1, -5, 2, 0, -5, -1, 1, 2, 0, 1, -8, 1, 2, 2, -6, -1, 1, -5, -6, 4, -8, -2, -8, 4, 3, -4, 2, -3, -2, -8, 4, -7, 0, 2, -8, 2, -3, 2, -2, 4, -2]
 
5.0445087072: [-7, -8, 3, 2, 3, -5, -2, -6, -2, -7, -2, -6, -3, -1, 4, 2, 4, -8, 0, 2, -3, -1, -4, 1, -8, -8, -3, 1, 1, 1, -6, -1, -3, -3, 1, -7, -4, -5, 1, -3, -6, -7, -6, 1, -1, 2, -2, -5, -1, 4, -2, -5, -8, 1, -8, 4, 3, -3, 3, 2, -7, -5, 4, -2, 0, -7, -4, -3, -8, -2, 1, -5, -7, 4, -6, -2, -8, -4, 3, 4, -1, 2, 3, -8, 3, 1, -1, 1, 1, -7, 2, -5, -1, -7, 3, 4, -4, -3, 1, -7, 1, -6, -7, -3, -5, -6, 0, -8, 1, -7, 2, 3, -2, 3, -7, -2, -8, 4, 0, 0, -5, -8, -7, -3, -8, -4, -3, 1]
 
0.666749507086: [1, -4, 3, -4, 1, -1, -2, -6, 3, -7, -4, -6, -3, -2, 4, -7, -4, 3, 1, -7, -1, -1, -4, 4, -8, -5, -7, 3, -2, -6, 1, -1, -3, -3, 0, -7, -4, -5, 1, -6, -6, -1, -1, -8, -1, 0, 4, -8, -3, 1, 3, -4, -1, -5, -1, 0, 1, 2, -7, 3, -4, -2, -7, -2, -8, -7, -7, 0, -3, -2, -1, -7, 3, 2, 2, -5, 0, -2, 3, 4, -1, 2, 3, -8, 3, 1, -1, 1, 1, -7, 2, -5, -1, -7, 3, 4, -4, -3, 1, -7, 1, -6, -7, -3, -5, -6, 0, -8, -4, -7, 2, 3, -6, 3, -2, -2, -8, -7, 0, -5, -1, -6, -6, 3, 4, 1, -4, -5]
 
1.64577254664: [-6, -7, -2, -8, 1, -1, -4, 2, -7, 2, -6, 0, 2, 1, 0, 2, 4, -7, -1, 1, -3, -1, -4, 2, -8, -8, -3, 1, -8, 1, -6, -1, -3, -3, 1, -7, 3, -1, 1, -6, 4, -7, -3, 1, -1, 2, -2, -5, -4, 1, -1, -5, -1, -3, -1, 3, -3, -4, -7, 3, -4, -3, 1, -3, 0, -7, 2, 0, 1, -2, -1, -5, 3, -5, -1, -2, -8, -8, 3, -3, -1, -8, 3, 3, 4, 1, -1, -1, 1, -7, -8, -5, -1, -7, 3, 4, 0, -3, 1, -3, 1, 2, -7, 4, -5, -6, 0, -8, -3, -3, 2, -7, -7, 3, 2, -2, -8, 4, 0, 0, -5, -8, -4, -3, -8, -4, -3, -4]
 
0.973269351732: [4, -7, -1, -7, -2, -2, 2, -6, 3, -7, 4, -7, -5, 1, 4, 0, -4, 2, 4, 2, 3, -1, -4, -4, 1, -3, -7, 3, -2, -5, -4, -5, -1, -4, -2, -4, 2, 4, -1, 4, -1, -8, -8, 1, 1, 3, -4, -1, -3, 1, 2, -5, -1, -1, -1, 0, -3, -4, -7, 3, -4, -4, -7, -4, -7, -7, 2, 0, -3, -2, -1, -5, -7, 4, -6, -2, -2, -1, 3, 4, -1, -2, 4, -8, 3, 1, -5, -1, -5, 2, 0, -5, -1, 1, 2, 0, 1, -8, 1, 2, 2, -6, -1, 1, -5, -6, 4, -8, -2, -8, -1, 3, -2, 3, -7, -2, -8, 4, 0, 0, -5, -8, -7, -3, -8, -4, -3, 1]
 
1.66578920558: [4, -7, -1, -7, -2, -2, 2, -6, 3, -7, 4, -7, -5, 1, 4, 0, -4, 2, 4, 2, 3, -1, -4, -4, 1, -3, -7, 3, -2, -5, -4, -5, -1, -4, -2, -4, 2, 4, -1, 4, -1, -8, -8, 1, 1, 3, -4, -1, -3, 1, 2, -5, -1, -5, -1, 0, 1, 2, -7, 3, -4, -2, -7, -2, -8, -7, -7, 0, -3, -2, -1, -7, 3, 2, 2, -5, 0, -2, 3, 4, -1, 2, 3, -8, 3, 1, -1, 1, 1, -7, 2, -5, -1, -7, 3, 4, -4, -3, 1, -7, 1, -6, -7, -3, -5, -6, 0, -8, -4, -7, 2, 3, -6, 3, -2, -2, -8, -7, 0, -5, -1, -6, -6, 3, 4, 1, -4, -5]
 
0.897565573851: [4, -7, 3, 1, 1, -1, 2, -8, 3, 2, 0, -6, 2, -7, 1, 1, 4, 0, -1, 2, -3, -1, -4, 1, -8, -8, 2, 1, 4, 1, -6, -1, -3, 0, -4, -7, -4, -5, 1, -3, -6, -7, -6, -8, -1, 2, 2, -5, -3, 1, -1, -4, -1, -1, -2, 0, -3, 3, 0, 3, -4, -4, -7, -4, -7, 3, 2, 0, -3, -2, -7, -5, -7, 4, -2, -2, -2, -1, 3, 4, -4, -2, 4, -8, 3, 1, -5, -1, -8, 4, 3, -5, -6, 1, 2, -8, 2, -2, 1, 2, 2, -6, -1, 3, -5, -4, -6, -8, -2, -8, 0, 3, 2, -1, -7, -2, -8, 4, 0, 3, -5, -8, -7, -3, -8, -4, 1, 1]
 
1.55443771931: [4, -7, -7, -7, -2, 3, -6, -8, -8, -4, 0, 1, 2, -5, -3, 2, 4, 3, 4, -8, 3, -1, -4, -4, -7, -3, -7, 3, -2, -6, 1, -1, -1, -4, -2, -4, -6, 4, -1, 4, -1, -8, 0, 1, -1, 3, -4, 1, 3, 1, -1, -3, 3, -3, -1, -6, -6, 0, 3, -6, -8, -4, -1, -4, -7, 0, 2, -4, -3, -3, -1, -4, -3, 2, -6, -5, -6, -1, 0, -5, -3, -5, 1, -7, -5, -4, -8, -6, -6, 3, 2, 3, -2, 3, -3, 4, -4, 2, 0, -8, -8, 2, -4, -5, 1, 0, -1, -8, 1, -7, 2, 3, -2, 3, -7, -2, -8, 4, 0, 0, -5, -8, -7, -3, -8, -4, -3, 1]
 
2.89884055133: [4, -7, -7, -7, -2, 3, -5, -6, 3, -7, 4, -7, 4, 1, 4, 0, -4, -6, 0, 2, -3, -1, -4, 1, -8, -8, -7, 3, -2, -6, 1, -1, 4, 1, -2, -4, -7, 1, -6, 0, 4, 2, 4, -3, -5, -8, 0, -7, -3, 1, -1, -3, 3, -3, -1, -5, 3, -6, 0, 2, -8, -6, -4, -2, -5, 3, -4, -6, 2, 1, -4, -5, -1, -8, 4, -3, -8, -4, 3, 4, -1, 2, 3, -8, 3, 1, -5, -1, -5, 2, 0, -5, -1, 1, 2, 0, 1, -8, 1, -7, 1, -6, -7, 4, -5, -6, 0, -8, 1, -7, 2, 3, -6, 3, -7, -2, -8, 4, 0, 0, -5, -8, -7, -3, -8, -4, -3, 1]
 
0.493469596193: [1, -4, 3, -4, 1, -1, -2, -6, 3, -7, -4, -6, -3, -1, 4, 2, 4, -8, 0, 2, -3, -1, -4, 1, -8, -8, -3, 1, 1, 1, -6, -1, -3, -3, 1, -7, -4, -5, 1, -3, -6, -7, -6, 1, -1, 2, -2, -5, -1, 4, -2, -5, -8, 1, -8, 4, 3, -3, 3, 2, -7, -5, 4, -2, 0, -7, -4, -3, -8, -2, 1, -5, -7, 4, -6, -2, -8, -4, 3, 4, -1, 2, 3, -8, 3, 1, -5, -1, -5, 2, 0, -5, -1, 1, 2, 0, 1, -8, 1, -7, 1, -6, -7, -3, -5, -6, 0, 2, 1, -7, 2, -6, -2, 3, -7, -2, -8, 4, 0, 0, -5, -8, -7, -3, -8, -4, -3, 1]
 
1.99614168356: [4, -7, -7, -7, -2, 3, -6, -8, -8, -4, 0, 1, 2, -5, -3, 2, 4, -6, 0, 2, -3, -1, -4, 1, -8, -8, -7, 3, -2, -6, 1, -1, 4, 1, -2, -4, -7, 1, -6, 0, 4, 2, 4, -3, -5, -8, 0, -7, -3, 1, -1, -3, 3, -3, -1, -5, 3, -6, 0, 2, -8, -6, -4, -2, -5, 3, -4, -6, 2, 1, -4, -5, -1, -8, 4, -3, -8, -4, 3, 4, -1, 2, 3, -8, 3, 1, -1, 1, 1, -7, 2, -5, -1, -7, 3, 4, -4, -3, 1, -7, 1, -6, -7, -3, -5, -6, 0, -8, 1, -7, 2, 3, -2, 3, -6, -4, -8, -5, -5, -5, 2, -7, -7, -3, -5, -4, -3, 1]
 
1.46418596482: [1, -4, 3, -4, 1, -1, -2, -6, 3, -7, -4, -6, -3, -1, 4, 2, 4, -8, 0, 2, -3, -1, -4, 1, -8, -8, -3, 1, 1, 1, -6, -1, -3, -3, 1, -7, -4, -5, 1, -3, -6, -7, -6, 1, -1, 2, -2, -5, -1, 4, -2, -5, -8, 1, -8, 4, 3, -3, 3, 2, -7, -5, 4, -2, 0, -7, -4, -3, -8, -2, 1, -5, -7, 4, -6, -2, -8, -4, 3, 4, -1, 2, 3, -8, 3, 1, -5, -1, -6, 3, -1, 3, 4, 3, -8, 4, 2, -2, -4, -8, -8, 2, -2, -5, 1, 0, -6, -8, -6, -2, -4, -8, -2, -4, 0, -2, -8, 4, 0, 0, -1, 0, -3, -3, -8, -4, -3, -3]
 
1.27505547333: [-2, -8, -3, -7, 3, 0, -2, -2, -4, -8, -6, 1, 1, -4, -4, -1, -2, 2, -5, -6, 3, -1, -4, -4, -8, -8, -3, 1, 1, 1, 1, -1, -1, -4, -3, -1, -6, -4, -1, 4, 1, -8, 0, 1, -1, 3, -4, 1, -4, -3, -1, -3, -5, -8, -1, -6, -6, 0, 1, -4, -1, -6, -1, 2, -1, 0, -4, 2, 2, 2, -5, -7, -8, 2, -6, -5, -6, 3, 0, -4, -3, -8, -8, -7, -5, -4, -3, 0, -5, 2, 0, -5, -1, 1, 2, 0, 1, -8, 1, -7, 1, -6, -7, -3, -5, -6, 0, 2, 1, -7, 2, -6, -2, 3, -7, -2, -8, 4, 0, 0, -5, -8, -7, -3, -8, -4, -3, 1]
 
-1000: [4, 1, -7, -7, 1, 2, -5, -6, -6, -7, -4, -7, 3, -1, 4, 2, 4, 4, 0, 2, -3, -1, -4, 1, -8, -8, -3, -7, 1, -8, -6, -1, -3, -3, -1, -7, 4, -5, 1, -3, 0, -7, -6, 1, -1, 1, -2, -5, -1, 3, -2, -5, -8, 1, -7, 4, -1, -3, 3, 2, -7, -5, -6, -2, 3, -7, -4, 2, -8, -2, -8, -5, -7, 4, 4, -2, -8, -4, -4, -7, -1, 2, 3, -8, 3, 1, -1, 1, 1, -7, 2, -5, -1, -7, 3, 4, -4, -3, 1, -7, 1, -6, 1, -3, -5, -6, 0, -8, 1, -7, -6, 3, 4, 3, -6, -4, -8, -3, 2, 2, 2, -7, -3, -3, -5, -4, 4, 1]
 
-1000: [1, 3, 3, -4, 1, -1, 2, -8, 2, -7, -1, -6, 4, 1, 4, 0, -4, 3, -2, -1, 3, -1, -4, -4, -7, -3, -7, 3, -2, -6, 1, -1, -1, -4, -2, -8, -3, 4, -1, 4, -1, -8, 0, 1, -1, 3, -4, 3, 3, 1, -1, -3, 3, -3, -1, -6, -6, 0, 3, -6, -8, -4, -1, -4, -7, 0, -2, -4, -3, -3, -1, -4, -3, 2, -6, -4, -6, -8, -6, -2, -7, -5, 1, 1, -5, -4, -4, -6, 0, 3, 3, 3, -2, 3, -3, 4, -6, 2, 0, 0, -8, -5, -5, -5, 2, 0, -1, -8, 1, 0, -3, 3, 4, 3, 0, -2, -8, 4, -6, 3, -5, -8, -7, -3, 4, -4, -3, 1]
 
2.08694328432: [-7, -7, 3, -4, 1, -1, 2, -8, 3, 2, 0, -6, 2, 1, 0, 2, 4, -8, 0, 2, -3, -1, -4, 1, -8, -8, -3, 1, 1, 1, -6, -1, -3, -3, 1, -7, -4, -5, 1, -3, -6, -7, -6, 1, -1, 2, -2, -5, -3, 1, -1, -5, -1, -1, -1, 0, -3, -4, -7, -2, -8, -1, -4, -2, -5, 3, -4, 2, 2, 2, -5, -7, -8, 2, -6, -5, -6, 3, 0, -4, -3, -8, -8, -7, -5, -4, -3, 0, -6, 3, -1, 3, 4, 3, -8, 4, 2, -2, -4, -8, -8, 2, -2, -5, 1, 0, -6, -8, -6, -2, -4, -8, -2, -4, 0, -2, -8, 4, 0, 0, -1, 0, -3, -3, -8, -4, -3, -3]
 
1.92295985305: [-2, -7, -7, 2, -2, 3, -5, -6, -5, -4, 4, -7, -4, 4, 4, -7, 2, 3, 4, 4, -5, 2, -4, 2, -7, -3, -5, 3, 4, -6, 1, -1, -1, -4, -3, -1, -6, -4, -1, 4, 1, -8, 0, 1, -1, 3, -4, 1, -4, -3, -1, -3, -5, -8, -1, -6, -6, 0, 1, -4, -1, -6, -1, 2, -1, 0, -4, -6, 2, 1, -4, -5, -1, -8, 4, -3, -8, -4, 3, 4, -1, 2, 3, -8, 3, 1, -1, -1, -5, 2, 0, -5, -1, 1, 2, 0, 1, -8, 1, 2, -5, -6, -2, 3, -5, -6, 4, -8, 1, -8, 4, -2, -4, 3, -6, -4, -8, -5, -5, -5, 2, -7, -7, -3, -5, -4, -3, 1]
 
