1.4423320442: [4, -7, -8, -7, 3, 0, -3, 0, 3, 0, 3, 1, 4, 1, 4, 0, -7, 3, 4, -5, 3, -2, -4, -4, -7, -4, 3, -7, -2, 3, 1, -1, -1, 2, -2, -4, 1, 4, -1, -8, -1, -8, 0, -1, -1, 3, -4, -7, 3, 1, -1, -6, 3, -3, -1, -6, -1, 3, 2, -6, -8, -3, 0, -4, 1, 0, -7, -4, -3, -3, -1, 1, -3, -7, -6, -4, 2, -1, 3, -5, -6, -5, -3, -7, -5, 3, -8, -6, 3, 3, 1, 1, -2, 3, 3, 4, -4, -4, -5, -7, -8, 2, -4, -5, 1, 0, -8, 2, -4, -7, -7, -7, -2, -4, -6, -6, 4, -7, -2, -1, -8, -7, -2, -1, 2, -7, -3, 2]
 
2.717030844876054: [-7, -7, 3, -4, 1, 4, 4, -8, 3, -2, 0, -6, -6, 1, 0, 2, 4, -2, 0, 2, -3, -3, -4, 1, -3, -8, -2, 1, 1, 1, -6, 2, 4, 1, -2, -4, 1, 4, 0, 4, -6, -7, -6, 1, -1, 2, -2, -5, -1, 4, -2, -5, -8, 1, -8, 4, 3, -3, 3, 2, -7, -5, 4, -2, 0, -7, -4, -3, -8, -2, 1, -5, -7, 4, -6, -2, -8, -4, 3, 4, -1, 2, 3, -8, 3, 1, -1, 1, 1, -7, 2, -5, -1, -7, 3, 4, -4, -3, 1, -7, 1, -6, -7, -3, -5, -6, 0, -8, 1, -7, 2, 3, -2, 3, -7, -2, -8, 4, 0, 0, -5, -8, -7, -3, -8, -4, -3, 1]
 
3.894125508032448: [1, -4, 3, -4, 1, -1, -2, -6, 3, -7, -4, -6, -3, -1, 4, 2, 4, -8, 0, 2, -3, -1, -4, 1, -8, -8, -3, 1, 1, 1, -6, -1, -3, -3, 1, -7, -4, -5, 1, -3, -6, -7, -6, 1, -1, 2, -2, -5, -1, 4, -2, -5, -8, 1, -8, 4, 3, -3, 3, 2, -7, -5, 4, -2, 0, -7, -4, -3, -8, -2, 1, -5, -7, 4, -6, -2, -8, -4, 3, 4, -1, 2, 3, -8, 3, 1, -1, 1, 1, -7, 2, -5, -1, -7, 3, 4, -4, -3, 1, -7, 1, -6, -7, -3, -5, -6, 0, -8, 1, -7, 2, 3, -2, 3, -7, -2, -8, 4, 0, 0, -5, -8, -7, -3, -8, -4, -3, 1]
 
2.5726214676600785: [-7, -7, 3, -4, 1, 4, 4, -8, 3, -2, 0, -6, -6, 1, 0, 2, 4, -2, 0, 2, -3, -3, -4, 1, -3, -8, -2, 1, 1, 1, -6, 2, -3, -3, 1, -7, -3, -5, 1, -3, -6, -7, -6, 1, -1, -1, -2, -5, -3, 2, -4, -5, -1, -1, -1, 0, -3, -4, -1, -3, -4, -4, -7, -4, -7, -7, 2, 0, -3, -2, -1, 0, -8, 4, -6, -8, -2, -1, 3, -8, -1, -2, 4, -8, 3, -6, -5, -1, -5, 2, -2, -7, -1, -8, 2, 0, 1, -8, 1, 2, 2, -6, -1, 0, -1, -6, 0, 3, -2, -8, 4, 3, -4, 2, -3, -2, -8, 4, -7, 0, 2, -8, 2, -3, 2, -2, 4, -2]
 
1.8557928721654409: [-7, -7, 3, -4, 1, -1, 2, -8, 3, 2, 0, -6, 2, 1, 0, 2, 4, -8, 0, 2, -3, -1, -4, 1, -8, -8, -3, 1, 1, 1, -2, -5, 4, 3, 2, -6, -5, -5, 3, 0, -6, -7, -6, 1, -5, -8, -2, -5, -3, 1, -1, -3, -1, -5, -1, -2, 0, -4, -7, -2, -8, -1, -4, -2, -5, 3, -4, -6, 2, 1, -4, -5, -1, -8, 4, -3, -8, -4, 3, 4, -1, 2, 3, -8, 3, 1, -1, -1, -5, 2, 0, -5, -1, 1, 2, 0, 1, -8, 1, 2, 2, -6, -1, 1, -5, -6, 4, -8, -2, -8, -1, 3, -4, 2, -2, -2, -8, -7, 0, -5, -1, -2, -6, -6, 4, 1, -4, -5]
 
2.4233224397709376: [-8, -7, -6, -4, -1, -7, -3, -3, 3, -7, -3, -6, 2, -6, 3, 2, 4, -8, -5, 0, -8, -5, -4, -5, -4, -8, -5, -3, -4, -6, -6, -7, -5, -1, -7, -7, -4, -5, -7, -6, -5, -1, -1, -8, -3, 2, 4, -8, -3, 1, 3, -8, -1, -1, 0, -5, 0, -2, -7, 2, -4, -2, -7, 2, -8, -5, -7, 1, 0, 1, -6, -7, -7, 2, 3, -6, 0, -2, 4, 4, -1, 2, -8, -8, 3, 0, 0, 1, 2, -7, -5, -7, -1, -7, 3, 4, 1, -3, 1, -4, 3, -8, -7, -3, -5, 1, -8, 4, -4, -7, 2, 3, 2, 3, -8, 0, -8, -1, -5, 0, -1, -6, 0, -3, -5, -4, -3, 1]
 
0.9828112654728853: [-7, 4, 3, -7, 2, -1, 2, 1, 3, 2, -1, 3, 0, 1, 0, 2, 4, 0, 0, 2, -3, -1, -4, 4, 0, -4, -3, 1, 1, 1, -6, -1, -3, -3, 1, -7, -4, -5, 1, -3, 0, -7, -6, 1, -1, 2, -2, -5, -3, -3, -1, -5, -4, -1, -1, 0, -3, 1, -5, 3, -4, 2, -7, -4, -3, -7, 2, 0, -7, -2, -1, -5, -7, 4, -6, -8, -2, 4, 3, 4, -1, -2, -1, -8, -2, 1, -5, -1, -5, 2, -2, -5, -1, 1, 1, -5, -6, -8, 1, -7, -5, -6, -7, 4, -5, -1, 0, -8, 1, -7, 4, 3, 2, 3, -2, -2, -8, -7, 0, -5, -1, -4, -6, -6, 4, 1, -4, -5]
 
2.6361938248545744: [4, -7, 3, -4, 1, -1, 2, -8, 3, 2, 0, -6, 2, 1, 0, 2, 4, -8, -1, 2, -3, -1, -4, 1, -8, -8, -3, 1, 1, 1, -6, -1, -3, -3, 1, -7, -4, -5, 1, -3, -6, -7, -6, 1, -1, 2, -2, -5, -3, 1, -1, -5, -1, -1, -1, 0, -3, -4, -7, 3, -4, -4, -7, -4, -7, -7, 2, 0, -3, -2, -1, -5, -7, 4, -6, -2, -2, -1, 3, 4, -1, -2, 4, -8, 3, 1, -5, -1, -5, 2, 0, -5, -1, 1, 2, 0, 1, -8, 1, 2, 2, -6, -1, 1, -5, -6, 4, -8, -2, -8, -1, 3, -4, 2, -8, -2, -8, 4, 3, 0, 2, -2, -6, -6, 4, 1, -4, -5]
 
2.4631244742221092: [4, -7, -7, -7, -2, 3, -5, -6, 3, -7, 4, -7, 4, 1, 4, 0, -4, 3, 4, -8, 3, -1, -4, -4, -7, -3, -7, 3, -2, -6, 1, -1, -1, -4, -2, -4, -6, 4, -1, 4, -1, -8, 0, 1, -1, 3, -4, 1, 3, 1, -1, -3, 3, -3, -1, -6, -6, 0, 3, -6, -8, -4, -1, -4, -7, 0, 2, -4, -3, -3, -1, -4, -3, 2, -6, -5, -6, -1, 0, -5, -3, -5, 1, -7, -5, -4, -8, -6, -6, 3, 2, 3, -2, 3, -3, 4, -4, 2, 0, -8, -8, 2, -4, -5, 1, 0, -1, -8, -7, -2, -4, -7, -2, -4, 1, -4, 1, -7, -8, -1, -8, -7, -2, 0, -6, 1, 4, -3]
 
2.152671827773131: [-7, -8, 3, 2, 3, -5, -2, -6, -2, -7, -2, -6, -3, -2, 4, -7, -4, 3, 1, -7, -1, -1, -4, 4, -8, -5, -7, 3, -2, -6, 1, -1, -3, -3, 0, -7, -4, -5, 1, -6, -6, -1, -1, -8, -1, 0, 4, -8, -3, 1, 3, -4, -1, -5, -1, 0, 1, 2, -7, 3, -4, -2, -7, -2, -8, -7, -7, 0, -3, -2, -1, -7, 3, 2, 2, -5, 0, -2, 3, 4, -1, 2, 3, -8, 3, 1, -1, 1, 1, -7, 2, -5, -1, -7, 3, 4, -4, -3, 1, -7, 1, -6, -7, -3, -5, -6, 0, -8, -4, -7, 2, 3, -6, 3, -2, -2, -8, -7, 0, -5, -1, -6, -6, 3, 4, 1, -4, -5]
 
2.5364385062263275: [-7, -8, 3, 2, 3, -5, -2, -6, -2, -7, -2, -6, -3, -2, 4, -7, -4, 3, 1, -7, -1, -1, -4, 4, -8, -5, -7, 3, -2, -6, 1, -1, -3, -3, 0, -7, -4, -5, 1, -6, -6, -1, -1, -8, -1, 0, 4, -8, -3, 1, 3, -4, -1, -5, -1, 0, 1, 2, -7, 3, -4, -2, -7, -2, -8, -7, -7, 0, -3, -2, -1, -7, 3, 2, 2, -5, 0, -2, 3, 4, -1, 2, 3, -8, 3, 1, -1, 1, 1, -7, 2, -5, -1, -7, 3, 4, -4, -3, 1, -7, 1, -6, -7, -3, -5, -6, 0, -8, -4, -7, 2, 3, -6, 3, -2, -2, -8, -7, 0, -5, -1, -8, 2, -3, 2, -4, -3, 1]
 
2.7556801422322743: [-7, -7, 3, -4, 1, 4, 4, -8, 3, -2, 0, -6, -6, 1, 0, 2, 4, -2, 0, 2, -3, -3, -4, 1, -3, -8, -2, 1, 1, 1, -6, 2, 4, 1, -2, -4, 1, 4, 0, 4, -6, -7, -6, 1, -1, 2, -2, -5, -1, 4, -2, -5, -8, 1, -8, 4, 3, -3, 3, 2, -7, -5, 4, -2, 0, -7, -4, -3, -8, -2, 1, -5, -7, 4, -6, -2, -8, -4, 3, 4, -1, 2, 3, -8, 3, 1, -1, 1, 1, -7, 2, -5, -1, -7, 3, 4, -4, -3, 1, -7, 1, -6, -7, -3, -5, -6, 0, -8, 1, -7, 2, 3, -2, 3, -7, -2, -8, 4, 0, 0, -5, -8, -7, -3, -8, -4, -3, 1]
 
2.213115286276252: [4, -1, -5, -2, 1, -5, 2, -8, 3, 2, 0, -6, 2, 1, 0, 2, 4, -6, -1, 2, -3, -5, -4, 1, -8, -8, -3, 1, 1, 1, 3, 4, -3, -3, -8, -7, 1, -5, -4, 0, 4, 2, -8, -7, -5, -8, 0, -7, -3, 1, -1, 2, 3, 1, -1, -4, 3, -6, 0, 2, -8, -6, -4, -2, -5, 3, 3, -6, 2, 1, -4, -5, 1, -8, 4, -3, -8, -4, 3, 4, -1, 2, 3, -8, 3, 1, -1, 1, -5, -7, 2, -5, -5, -7, 3, 4, -4, -3, 1, 0, 1, -6, 1, 2, -5, -6, 0, -8, -1, -5, 2, 3, -2, 0, -7, -2, -8, 4, -4, 0, -5, -8, -3, -3, -4, -4, -3, 1]
 
2.5110494495332056: [2, 0, -6, -5, -6, 4, -2, -1, 3, -2, -3, -6, 2, -5, -5, 2, 4, -8, 0, -6, -8, -1, -4, -1, -8, -8, -3, -3, -5, -8, -6, -7, -5, -1, 0, -7, -4, -5, -1, -6, -6, -7, -1, 2, -1, -5, 4, 4, -3, 1, 3, -4, -1, -5, -1, 0, -4, 2, -7, 3, -4, 4, -4, -8, -8, -7, 0, 0, -4, -2, -8, -1, -2, 2, 2, -5, 0, -2, 3, 4, -1, 2, -6, -7, 3, 1, -1, 1, 1, -7, 2, -5, -1, -7, 3, -3, -4, -3, 1, -7, -3, -6, -7, -3, -5, -6, 0, 2, 1, -7, 2, -6, -2, 3, -7, -2, -8, 4, 0, 0, -5, -8, -7, -3, -8, -4, -3, 1]
 
1.59216879867: [4, 1, 1, -4, 1, -1, -6, -8, 3, 2, -8, -6, 2, 1, 0, 2, 4, -8, 4, 2, -3, -1, -4, 1, -8, -8, -3, 0, 1, -5, -6, -1, -3, -8, 4, -7, -4, -8, 1, -3, -6, -8, 4, -8, -1, 2, -2, -5, -3, 1, -1, -5, -1, -1, -1, -2, -3, -4, -7, -7, -4, -4, -7, -4, -7, -2, 0, 0, -3, -2, -7, -5, -7, 4, -5, -2, -1, -1, -7, 4, -1, -2, 4, -8, 3, 1, -7, -1, -5, 2, 0, -5, -1, -6, 2, 0, 1, -8, 1, 2, 2, 1, -3, 1, -5, -6, 4, -6, -2, -8, -1, 3, -1, 2, -8, -2, -8, 1, 3, 0, 2, -2, 0, -6, 4, 1, -4, -5]
 
3.096479906627333: [4, -7, 3, -4, 1, -1, -2, -6, 3, -7, -4, -6, -3, 1, 0, 2, 4, -8, -1, 2, -3, -1, -4, 1, -8, -8, -3, 1, 1, 1, -6, -1, -3, -3, 1, -7, -4, -5, 1, -3, -6, -7, -6, 1, -1, 2, -2, -5, -3, 1, -1, -5, -1, -1, -1, 0, -3, -4, -7, 3, -4, -4, -7, -4, -7, -7, 2, 0, -3, -2, -1, -5, -7, 4, -6, -2, -2, -1, 3, 4, -1, -2, 4, -8, 3, 1, -5, -1, -5, 2, 0, -5, -1, 1, 2, 0, 1, -8, 1, 2, 2, -6, -1, 1, -5, -6, 4, -8, -2, -8, -1, 3, -4, 2, -8, -2, -8, 4, 3, 0, 2, -2, -6, -6, 4, 1, -4, -5]
 
2.1688601190696333: [-7, 0, -4, -7, 1, -1, -6, -8, -8, -4, 0, 1, 2, -5, -3, 2, 4, -6, 0, 2, -3, -1, -4, 1, -8, -8, -7, 3, -2, -6, 1, -1, 4, 1, -2, -4, -7, 1, -6, 0, 4, 2, 4, -3, -5, -8, 0, -7, -3, 1, -1, -3, 3, -3, -1, -5, 3, -6, 0, 2, -8, -6, -4, -2, -5, 3, -4, -6, 2, 1, -4, -5, -1, -8, 4, -3, -8, -4, 3, 4, -1, 2, 3, -8, 3, 1, -5, -1, -5, 2, 0, -5, -1, 1, 2, 0, 1, -8, 1, -7, 1, -6, -7, 4, -5, -6, 0, -8, 1, -7, 2, 3, -6, 3, -7, -2, -8, 4, 0, 0, -5, -8, -7, -3, -8, -4, -3, 1]
 
3.379701344075248: [-7, -7, 3, -4, 1, -1, 2, -8, 3, 2, 0, -6, 2, 1, 0, 2, 4, -8, 0, 2, -3, -1, -4, 1, -8, -8, -3, 1, 1, 1, -6, -1, -3, -3, 1, -7, -4, -5, 1, -3, -6, -7, -6, 1, -1, 2, -2, -5, -3, 1, -1, -5, -1, -1, -1, 0, -3, -4, -7, 3, -4, -4, -7, -4, -7, -7, 2, 0, -3, -2, -1, -5, -7, 4, -6, -2, -2, -1, 3, 4, -1, -2, 4, -8, 3, 1, -5, -1, -5, 2, 0, -5, -1, 1, 2, 0, 1, -8, 1, -7, 1, -6, -7, 4, -5, -6, 0, -8, 1, -7, 2, 3, -6, 3, -8, -2, -8, 4, 3, 0, 2, -2, -6, -6, 4, 1, -4, -5]
 
2.5007259416649372: [4, -7, 3, -4, 1, -1, 2, -8, 3, 2, 0, -6, 2, 1, 0, 2, 4, -8, -1, 2, -3, -1, -4, 1, -8, -8, -3, 1, 1, 1, -6, -1, -3, -3, 1, -7, -4, -5, 1, -3, -6, -7, -6, 1, -1, 2, -2, -5, -3, 1, -1, -5, -1, -1, -1, 0, -3, -4, -7, 3, -4, -4, -7, -4, -7, -7, 2, 0, -3, -2, -1, -5, -7, 4, -6, -2, -2, -1, 3, 4, -1, -2, 4, -8, 3, 1, -5, -1, -5, 2, 0, -5, -1, 1, 2, 0, 1, -8, 1, 2, 2, -6, -1, 1, -5, -6, 0, -8, -4, -7, 2, 3, -6, 3, -2, -2, -8, -7, 0, -5, -1, -8, 2, -3, 2, -4, -3, 1]
 
3.25369896109: [-2, 2, 2, -7, 3, 0, -2, -2, -3, -8, -6, 1, -5, -4, -4, -1, -2, 2, -5, 0, 3, -5, -4, -4, -3, -2, -6, -1, -8, -6, -2, -5, 4, 3, -7, -6, -5, -5, -4, 0, 3, -7, -6, 4, -5, -2, 3, -8, -3, 1, 3, -4, 0, -5, -2, 0, 1, 2, -7, 3, -4, 1, -7, -2, -8, 0, -7, -4, 4, -2, 1, -7, 4, 2, 2, -5, -3, -8, 3, 1, -7, 2, -8, -8, 3, 1, -2, 4, -4, -7, 2, -6, -1, -7, 3, 4, -4, -3, 0, -3, -6, 0, -7, -3, -5, -6, 0, 3, -5, -7, 2, -5, -5, 1, -7, -4, -8, 4, 0, 0, -5, 3, -7, -7, -8, 2, -4, -8]
 
0.969764360836: [4, -3, -7, -5, -2, 2, -7, 3, 3, 2, 4, -1, -1, -5, 4, 0, -4, 3, -5, -8, -1, -1, -4, -4, -7, -3, -7, -4, -2, -6, 1, -1, 4, 1, -2, -4, 4, 4, 0, -3, -7, -7, -6, 1, -1, 4, -2, -5, -1, -4, -2, -5, -8, 1, -4, 4, 3, -3, 3, 2, -3, -5, 4, -2, 2, -7, -5, -3, -8, -2, 2, -5, -7, 4, -6, -1, -1, 4, -4, -4, -5, 2, -7, 2, -6, 0, -2, -1, -8, -5, -4, -5, -4, 1, 3, 0, 1, 3, -4, -4, 1, 2, -7, 0, -3, -8, 0, -8, 0, -7, 2, -4, 0, 0, -2, -4, -8, -7, 0, -5, 2, 2, 2, -3, 2, -7, -3, 3]
 
3.103769477944545: [-2, -6, -6, -7, -6, 0, -2, -2, -4, -8, -6, 3, 1, -4, -4, -1, -2, -2, -5, -6, 3, -5, -4, 0, -3, -2, -6, -1, 3, -6, -2, -5, 4, 3, 2, -6, -5, -5, 3, 0, -6, -7, -6, 1, -5, -8, -2, -5, -3, 1, -1, -3, -1, -5, -1, -2, 0, -4, -7, -2, -8, -1, -4, -2, -5, 3, -4, -6, 2, 1, -4, -5, -1, -8, 4, -3, -8, -4, 3, 4, -1, 2, 3, -8, 3, 1, -1, 1, 1, -7, 2, -5, -1, -7, 3, 4, -4, -3, 1, -7, 1, -6, -7, -3, -5, -6, 0, -8, 1, -7, 2, 3, -2, 3, -7, -2, -8, 4, 0, 0, -5, -8, -7, -3, -8, -4, -3, 1]
 
1.134948314936366: [4, -7, -7, -5, -2, 2, -5, -6, 3, -7, 4, -1, 4, 1, 4, 0, -4, 3, -5, -8, 3, -1, -4, -4, -7, -3, -7, 3, -2, -6, 1, -1, 4, 1, -2, -4, 1, 4, 0, -3, -7, -7, -6, 1, -1, 2, -2, -5, -1, 4, -2, -5, -8, 1, -8, 4, 3, -3, 3, 2, -7, -5, 4, -2, 0, -7, -4, -3, -8, -2, 1, -5, -7, 4, -6, -2, -2, -1, 3, 4, -1, -2, 4, -8, 3, 1, -5, -1, -5, 2, 0, -5, -1, 1, 2, 0, 4, -3, 1, 2, 2, -6, -1, 1, -5, -6, 4, -8, -2, -8, -1, 3, -4, 2, -2, -2, -8, -7, 0, -5, -1, -2, -6, -6, 4, 1, -4, -5]
 
0.709350905852: [-7, -7, -7, -5, 3, -1, 1, -8, 3, 2, 0, -6, 2, 1, 0, 2, 4, -8, 0, -4, -3, -1, -4, -6, -8, -8, -3, 1, 1, 1, -1, -5, 4, 4, 2, -6, 0, 0, 4, 0, -6, -7, -6, 1, -5, -8, -2, -5, -3, 1, -1, -3, 1, -5, -1, -2, 0, -4, -8, -2, -8, -1, 0, -2, -5, -1, -4, -6, 3, 1, -3, -5, -1, -8, 4, -7, -8, -4, 3, 2, -1, 2, -7, -8, -6, 1, -1, 1, 1, -7, 2, -5, -1, -4, -3, 2, -4, -3, 1, -3, 1, -6, -7, -4, -5, -1, 0, -8, 1, -6, 2, -5, -7, 3, -7, 1, 2, 4, 0, 0, -5, -8, -7, -3, -6, -4, -8, 1]
 
2.451116883123715: [4, -7, 3, -4, 1, -1, 2, -8, 3, 2, 0, -6, 2, 1, 0, 2, 4, -8, -1, 2, -3, -1, -4, 1, -8, -8, -3, 1, 1, 1, -6, -1, -3, -3, 1, -7, -4, -5, 1, -3, -6, -7, -6, 1, -1, 2, -2, -5, -3, 1, -1, -5, -1, -1, -1, 0, -3, -4, -7, 3, -4, -4, -7, -4, -7, -7, 2, 0, -3, -2, -1, -5, -7, 4, -6, -2, -2, -1, 3, 4, -1, -2, 4, -8, 3, 1, -5, -1, -5, 2, 0, -5, -1, 1, 2, 0, 1, -8, 1, 2, 2, -6, -1, 1, -5, -6, 4, -8, -2, -8, -1, 3, -4, 2, -8, -2, -8, 4, 3, 0, 2, -2, -6, -6, 4, 1, -4, -5]
 
0.9749078498811374: [4, -1, 3, -4, 1, 4, 3, -6, 3, -7, -4, -6, -6, -1, 4, 3, -4, 3, -8, -8, -1, 2, -1, -4, 0, -3, -7, 3, 1, -6, 1, -1, 4, 1, -2, -4, 3, 1, -6, 0, 4, 3, 4, -3, -5, -8, -2, -7, -3, 1, -8, 3, 1, -4, -1, -5, 3, 1, -5, -7, -8, -6, -4, -2, -5, 3, -4, -6, 2, 1, -4, -5, -1, 3, 4, -3, -5, -4, 3, 4, -1, 2, -8, -8, 3, 1, -1, 1, 1, -7, 2, -5, -1, 1, 3, 4, -5, -3, -1, -7, 1, -8, -7, -3, -5, -6, 0, -8, -4, -7, 4, 3, -2, -2, 0, -2, -8, 4, 0, 0, -5, -1, -7, -3, -8, -7, -3, 1]
 
2.597276518792701: [4, -7, 3, -4, 1, -1, 2, -8, 3, 2, 0, -6, 2, 1, 0, 2, 4, -8, -1, 2, -3, -1, -4, 1, -8, -8, -3, 1, 1, 1, -6, -1, -3, -3, 1, -7, -4, -5, 1, -3, -6, -7, -6, 1, -1, 2, -2, -5, -3, 1, -1, -5, -1, -1, -1, 0, -3, -4, -7, 3, -4, -4, -7, -4, -7, -7, 2, 0, -3, -2, -1, -5, -7, 4, -6, -2, -2, -1, 3, 4, -1, -2, 4, -8, 3, 1, -5, -1, -5, 2, 0, -5, -1, 1, 2, 0, 1, -8, 1, 2, 2, -6, -1, 1, -5, -6, 4, -8, -2, -8, -1, 3, -4, 2, -8, -2, -8, 4, 3, 0, 2, -2, -6, -6, 4, 1, -4, -5]
 
3.625520768297725: [-7, -7, 3, -4, 1, -1, 2, -8, 3, 2, 0, -6, 2, 1, 0, 2, 4, -8, 0, 2, -3, -1, -4, 1, -8, -8, -3, 1, 1, 1, -6, -1, -3, -3, 1, -7, -4, -5, 1, -3, -6, -7, -6, 1, -1, 2, -2, -5, -3, 1, -1, -5, -1, -1, -1, 0, -3, -4, -7, -2, -8, -1, -4, -2, -5, 3, -4, -6, 2, 1, -4, -5, -1, -8, 4, -3, -8, -4, 3, 4, -1, 2, 3, -8, 3, 1, -1, -1, -5, 2, 0, -5, -1, 1, 2, 0, 1, -8, 1, 2, -5, -6, -2, 3, -5, -6, 4, -8, 1, -8, 4, -2, -4, 3, -6, -4, -8, -5, -5, -5, 2, -7, -7, -3, -5, -4, -3, 1]
 
3.0305699193158993: [4, -7, 3, -5, -2, 2, -5, -6, 3, -7, 4, -1, 4, 1, 4, 0, 4, -8, -1, 2, -3, -1, -4, 1, -8, -8, -3, 1, 1, 1, -6, -1, -3, -3, 1, -7, -4, -5, 1, -3, -6, -7, -6, 1, -1, 2, -2, -5, -3, 1, -1, -5, -1, -1, -1, 0, -3, -4, -7, 3, -4, -4, -7, -4, -7, -7, 2, 0, -3, -2, -1, -5, -7, 4, -6, -2, -2, -1, 3, 4, -1, -2, 4, -8, 3, 1, -5, -1, -5, 2, 0, -5, -1, 1, 2, 0, 1, -8, 1, 2, 2, -6, -1, 1, -5, -6, 4, -8, -2, -8, -1, 3, -4, 2, -8, -2, -8, 4, 3, 0, 2, -2, -6, -6, 4, 1, -4, -5]
 
0.9425194795392837: [-4, -4, -7, -7, 4, 3, -5, -6, -3, -7, 4, 3, 4, -1, 4, 0, -4, 3, 2, -8, 3, -1, -4, -5, -7, -3, -7, 3, -2, -6, 1, -1, -1, -4, -2, -4, -8, -7, -1, 4, -1, -8, 0, 1, -1, 3, -4, 1, 3, 1, -1, 2, 4, -3, -7, -6, -6, 0, 3, 1, -3, -4, 0, -4, -7, 0, 2, -4, -3, -3, -1, -4, -3, -5, -6, 1, -6, 4, 0, -5, 4, -5, -5, -7, -5, -4, -8, -6, -1, 3, 2, 1, -2, 3, -3, 4, -4, 1, 0, -8, -8, 0, -4, -5, 1, 0, -1, -8, -7, -2, 2, -1, -5, -4, 1, -4, 1, 2, -7, -1, -1, -7, -1, 0, -6, 1, 3, 1]
 
1.15008834245: [4, -8, -7, 4, -2, 2, -2, -6, 3, -7, 3, -1, 4, 1, 0, 4, -4, 3, -3, -8, 3, -1, 0, -4, -2, -3, 0, -5, -1, -6, 4, -6, -1, 1, -2, 4, 4, 4, -5, 3, 3, 0, -2, -4, -6, -2, -5, 1, -4, 1, -1, -3, 3, -3, -1, 1, -3, -4, -8, 2, -4, -4, 3, 3, 0, -6, 2, 0, -3, -7, 3, -5, -7, 4, -6, 4, -2, -8, -8, 4, -7, 4, 3, -8, 3, 1, -5, -4, -5, 2, 0, -5, -5, 1, 2, 0, -5, -8, -6, -5, 2, -6, -6, 1, -4, -3, 0, 0, -4, 2, -4, -3, 0, 3, 4, -3, -8, 4, 0, -5, -5, -6, -1, 4, -2, 4, -2, -2]
 
2.1374298949356105: [-7, -7, 3, -4, 1, -1, 2, -8, 3, 2, 0, -6, 2, 1, 0, 2, 4, -8, 0, 2, -3, -1, -4, 1, -8, -8, -3, 1, 1, 1, -6, -1, -3, -3, 1, -7, -4, -5, 1, -3, -6, -7, -6, 1, -1, 2, -2, -5, -3, 1, -1, -5, -1, -1, -1, 0, -3, -4, -7, -2, -8, -1, -4, -2, -5, 3, -4, -6, 2, 1, -4, -5, -1, -8, 4, -3, -8, -4, 3, 4, -1, 2, 3, -8, 3, 1, -1, 1, 1, -7, 2, -5, -1, -7, 3, 4, -4, -3, 1, -7, 1, -6, -7, -3, -5, -6, 0, -8, 1, -7, 2, 3, -2, 3, -7, -2, -8, 4, 0, 0, -5, -8, -7, -3, -8, -4, -3, 1]
 
1.22567652791: [4, -1, 3, -4, 1, 4, 3, -6, 3, -7, -4, -6, -6, -1, 4, 3, -4, 3, -8, -8, -1, 2, -1, -4, 0, -3, -7, 3, 1, -6, 1, -1, 4, 1, -2, -4, 3, 1, -6, 0, 4, 3, 4, -3, -5, 2, -2, -5, -3, 1, -1, -5, -1, -1, -1, 0, -3, -4, -7, 3, -4, -4, -7, -4, -7, -7, 2, 0, -3, -2, -1, -5, -7, 4, -6, -2, -2, -1, 3, 4, -1, -2, 4, -8, 3, 1, -5, -1, -5, 2, 0, -5, -1, 1, 2, 0, 1, -8, 1, 2, 2, -6, -1, 1, -5, -6, 4, -8, -2, -8, -1, 3, -4, 2, -8, -2, -8, 4, 3, 0, 2, -2, -6, -6, 4, 1, -4, -5]
 
0.596645111944: [4, -7, 3, -4, 1, -1, 2, -8, 3, 2, 0, -6, 2, 1, 0, 2, 4, -8, -1, 2, -3, -1, -4, 1, -8, -8, -3, 1, 1, 1, -6, -1, -3, -3, 1, -7, -4, -5, 1, -3, -6, -7, -6, 1, -1, -8, -2, -7, -3, 1, -8, 3, 1, -4, -1, -5, 3, 1, -5, -7, -8, -6, -4, -2, -5, 3, -4, -6, 2, 1, -4, -5, -1, 3, 4, -3, -5, -4, 3, 4, -1, 2, -8, -8, 3, 1, -1, 1, 1, -7, 2, -5, -1, 1, 3, 4, -5, -3, -1, -7, 1, -8, -7, -3, -5, -6, 0, -8, -4, -7, 4, 3, -2, -2, 0, -2, -8, 4, 0, 0, -5, -1, -7, -3, -8, -7, -3, 1]
 
2.61356181048: [2, 0, -6, -5, -6, 4, -2, -1, 3, -2, -3, -6, 2, -5, -5, 2, 4, -8, 0, -6, -8, -1, -4, -1, -8, -8, -3, -3, -5, -8, -6, -7, -5, -1, 0, -7, -4, -5, -1, -6, -6, -7, -1, 2, -1, -5, 4, 4, -3, 1, 3, -4, -1, -5, -1, 0, -4, 2, -7, 3, -4, 4, -4, -8, -8, -7, 0, 0, -4, -2, -8, -1, -2, 2, 2, -5, 0, -2, 3, 4, -1, 2, -6, -7, 3, 1, -1, 1, 1, -7, 2, -5, -1, -7, 3, -3, -4, -3, 1, -7, -3, -6, -7, -3, -5, -6, 0, 2, 1, -7, 2, -6, -2, 3, -7, -2, -8, 4, 0, 0, -5, -1, -7, -3, -8, -7, -3, 1]
 
0.65794669903: [4, -7, 3, -4, 1, -1, 2, -8, 3, 2, 0, -6, 2, 1, 0, 2, 4, -8, -1, 2, -3, -1, -4, 1, -8, -8, -3, 1, 1, 1, -6, -1, -3, -3, 1, -7, -4, -5, 1, -3, -6, -7, -6, 1, -1, -8, -2, -7, -3, 1, -8, 3, 1, -4, -1, -5, 3, 1, -5, -7, -8, -6, -4, -2, -5, 3, -4, -6, 2, 1, -4, -5, -1, 3, 4, -3, -5, -4, 3, 4, -1, 2, -8, -8, 3, 1, -1, 1, 1, -7, 2, -5, -1, 1, 3, 4, -5, -3, -1, -7, 1, -8, -7, -3, -5, -6, 0, -8, -4, -7, 4, 3, -2, -2, 0, -2, -8, 4, 0, 0, -5, -8, -7, -3, -8, -4, -3, 1]
 
2.21802179505: [4, -7, -7, -5, -2, 2, -2, -6, 3, -7, 4, -1, 4, 1, 4, 4, -4, -1, -5, -8, 3, -1, 0, -4, 3, -3, 0, -5, -1, 2, 4, -6, -1, 1, -2, 4, -5, 4, 4, 3, 3, -3, -8, 1, 3, -2, -4, 1, 2, 1, -1, -3, 3, -3, -1, 1, -3, -4, -8, -4, -4, -4, 3, -4, 0, -6, 2, 0, -3, -7, 3, -5, -7, 4, -6, -2, -2, -8, -1, 4, -7, -4, 3, -8, 3, 1, -5, -3, -5, 2, 0, -5, -5, 1, 2, 0, 1, -8, -6, 2, 2, -6, -6, 1, -5, -3, 0, 0, -4, 2, -4, -3, 0, -3, 4, -2, -8, -7, 3, 0, 2, -2, -6, -6, 4, 1, -4, -5]
 
2.49883281153: [-7, -7, 3, -4, 1, -1, 2, -8, 3, 2, 0, -6, 2, 1, 0, 2, 4, -8, 0, 2, -3, -1, -4, 1, -8, -8, -3, 1, 1, 1, -6, -1, -3, -3, 1, -7, -4, -5, 1, -3, -6, -7, -6, 1, -1, 2, -2, -5, -3, 1, -1, -5, -1, -1, -1, 0, -3, -4, -7, 3, -4, -4, -7, -4, -7, -7, 2, 0, -3, -2, -1, -5, -7, 4, -6, -2, -2, -1, 3, 4, -1, -2, 4, -8, 3, 1, -5, -1, -5, 2, 0, -5, -1, 1, 2, 0, 1, -8, 1, -7, 1, -6, -7, 4, -5, -6, 0, -8, 1, -7, 2, 3, -6, 3, -8, -2, -8, 4, 0, -5, -5, -6, -6, -5, 4, 4, -2, -5]
 
2.46971796692: [-7, -7, 3, -4, 1, 4, 4, -8, 3, -2, 0, -6, -6, 1, 0, 2, 4, -2, 0, 2, -3, -3, -4, 1, -3, -8, -2, 1, 1, 1, -6, 2, -3, -3, 1, -7, -3, -5, 1, -3, -6, -7, -6, 1, -1, -1, -2, -5, -3, 2, -4, -5, -1, -1, -1, 0, -3, -4, -1, -3, -4, -4, -7, -4, -7, -6, 2, 0, -3, -7, 3, -5, -7, 4, -6, -2, -2, -8, -1, 4, -7, -4, 3, -8, 3, 1, -5, -3, -5, 2, 0, -5, -5, 1, 2, 0, 1, -8, -6, 2, 2, -6, -6, 1, -5, -3, 0, 0, -4, 2, -4, -3, 0, -3, 4, -2, -8, -7, 0, -5, -5, -6, -6, -5, 4, 4, -2, -5]
 
1.42516000316: [4, -7, -2, -5, -2, 2, -2, -6, 3, -7, 4, -1, 4, -5, 4, 4, 3, -1, -5, -8, -4, -1, 0, -4, -1, -3, -3, -5, -1, 2, -7, -6, -1, 1, -2, 4, -5, 4, 4, 3, 3, -3, -8, 1, -4, -2, -4, 1, 2, 1, 0, -3, 3, -2, -6, 1, -3, -4, -8, -2, 0, -4, 3, -4, 0, -7, 2, 0, -3, -2, -3, 0, 2, -5, -6, -8, 2, -1, 3, -8, 0, 1, 4, 0, 3, -6, -5, -1, -5, 2, -2, -4, 3, -8, 2, 0, 2, -8, 1, 2, 2, 3, -1, 0, -1, -8, 0, 3, -7, -8, 4, 0, -4, 4, -3, -2, -8, 4, -7, 0, 2, -8, 2, -3, 1, -8, 0, -7]
 
1.25745389891: [-7, -7, 3, -4, 1, -1, 2, -8, 3, 2, 0, -6, 2, 1, 0, 2, 4, -8, 0, 2, -3, -1, -4, 1, -3, -2, -6, -1, 3, -6, -2, -5, 4, 3, 2, -6, -5, -5, 3, 0, -6, -7, -6, -8, -5, 0, 3, -8, -3, 1, 3, -4, 0, -5, -2, 0, 1, 2, -7, 3, -4, 1, -7, -2, -8, 3, -7, -4, 4, -2, -1, -7, 3, 2, 2, -5, 0, -8, 3, 1, -1, 2, -8, -8, 3, 1, -1, 4, -4, -7, 2, -3, -1, -7, 3, 4, -4, -3, 1, -3, 1, 0, -7, -3, -5, -6, 0, -8, -2, -7, 2, -5, 0, 1, -7, -2, -8, 4, 0, 0, -5, -8, -7, -3, -8, -3, -4, 0]
 
3.23291477684: [-2, -8, -3, -7, 3, 0, -2, -2, -4, -8, -6, 1, 1, -4, -4, -1, -2, 2, -5, -6, 3, -1, -4, -4, -8, -8, -3, 1, 1, 1, -6, -1, -3, -3, 1, -7, -4, -5, 1, -3, -6, -7, -6, 1, -1, 2, -2, -5, -3, 1, -1, -5, -1, -1, -1, 0, -3, -4, -7, -2, -8, -1, -4, -2, -5, 3, -4, -6, 2, 1, -4, -5, -1, -8, 4, -3, -8, -4, 3, 4, -1, 2, 3, -8, 3, 1, -1, -1, -5, 2, 0, -5, -1, 1, 2, 0, 1, -8, 1, 2, -5, -6, -2, 3, -5, -6, 4, -8, 1, -8, 4, -2, -4, 3, -6, -4, -8, -5, -5, -5, 2, -7, -7, -3, -5, -4, -3, 1]
 
1.93481229052: [-7, -7, 3, -4, 1, 4, 4, -8, 3, -2, 0, -6, -6, 1, 0, 2, 4, -2, 0, 2, -3, -3, -4, 1, -3, -8, -2, 1, 1, 1, -6, 2, -3, -3, 1, -7, -3, -5, 1, -3, -6, -7, -6, 1, -1, -1, -2, -5, -3, 2, -4, -5, -1, -1, -1, 0, -3, -4, -1, -3, -4, -4, -7, -4, -7, -7, 2, 0, -3, -2, -1, 0, -8, 4, -6, -8, -2, -1, 3, -8, -1, -2, 4, -8, 3, -6, -5, -1, -5, 2, -2, -7, -1, -8, 2, 0, 1, -8, 1, 2, 2, -6, -1, 0, -1, -6, 0, 3, -2, -8, 4, 3, -4, 2, -3, -2, -8, 4, -7, 0, 2, -8, 2, -6, 4, 1, -4, -5]
 
0.57878529917: [4, -1, 3, -4, 1, 4, 3, -6, 3, -7, -4, -6, -6, -1, 4, 3, -4, 3, -8, -8, -1, 2, -1, -4, 0, -3, -7, 3, 1, -6, 1, -1, 4, 1, -2, -4, 3, 1, -6, 0, 4, 3, 4, -3, -5, 2, -2, -5, -3, 1, -1, -5, -1, -1, -1, 0, -3, -4, -7, 3, -4, -4, -7, -4, -7, -7, 2, 0, -3, -2, -1, -5, -7, 4, -6, -2, -2, -1, 3, 4, -1, -2, 4, -8, 3, 1, -5, -1, -5, 2, 0, -5, -1, 1, 2, 0, 1, -8, 1, 2, 2, -6, -1, 1, -5, -6, 4, -8, -2, -8, -1, 3, -4, 2, -8, -2, -8, 4, 3, 0, 2, -2, -6, -3, 2, -2, 4, -2]
 
1.98319559486: [4, -7, 3, -7, -8, -6, 2, -2, 3, 2, 0, -6, 2, 1, 0, 2, 0, -8, -1, 2, -3, -1, -4, 1, -8, -8, -3, 1, 1, 1, -6, -1, -3, -8, -4, -7, -2, -5, 1, -3, -6, -7, -6, 1, -1, -8, 1, -7, -1, -7, -8, 3, 1, -5, -1, -6, 3, 1, -5, -7, -7, 3, -4, -2, -5, 3, -4, -6, -1, 1, -2, -5, -1, 3, 4, -8, -5, -1, -3, 4, 4, 2, -8, -6, 3, -1, -1, 1, 1, -7, 2, -5, 3, 1, -3, 4, -5, -8, 1, -6, 2, -6, -2, 0, -4, 1, 0, 3, -2, -8, 4, 3, -4, 4, -3, -2, -8, 4, -7, 0, 2, -7, 2, -4, 2, -2, 4, -2]
 
2.24874008721: [4, -7, -7, -5, -2, 2, -2, -6, 3, -7, 4, -1, 4, 1, 4, 4, -4, -1, -5, -8, 3, -1, 0, -4, 3, -3, 0, -5, -1, 2, 4, -6, -1, 1, -2, 4, -5, 4, 4, 3, 3, -3, -8, 1, 3, -2, -4, 1, 2, 1, -1, -3, 3, -3, -1, 1, -3, -4, -8, -4, -4, -4, 3, -4, 0, -7, 2, 0, -3, -2, -1, 0, -8, 4, -6, -8, -2, -1, 3, -8, -1, -2, 4, -8, 3, -6, -5, -1, -5, 2, -2, -7, -1, -8, 2, 0, 1, -3, -1, -7, 1, -8, -7, -3, -5, -6, 0, -8, -4, -7, 4, 3, -2, -2, 0, -2, -8, 4, 0, 0, -5, -8, -7, -3, -8, -4, -3, 1]
 
0.976116040747: [-2, -7, -7, 2, -2, 3, -5, -6, -5, -4, 4, -7, -4, 4, 4, -7, 2, 3, 4, 4, -5, 2, -4, 2, -7, -3, -5, 3, 4, -6, 1, -1, -1, -4, -3, -1, -6, -4, -1, 4, 1, -8, 0, 1, -1, 3, -4, 1, -4, -3, -1, -3, -5, -8, -1, -6, -6, 0, 1, -4, -1, -6, -1, 2, -1, 0, -4, 2, 2, 2, -5, -7, -8, 2, -6, -5, -6, 3, 0, -4, -3, -8, -8, -7, -5, -4, -3, 0, -6, 3, -1, 3, 4, 3, -8, 4, 2, -2, -4, -8, -8, 2, -2, -5, 1, 0, -6, -8, -6, -2, -4, -8, -2, -4, 0, -2, -8, 4, 0, 0, -1, 0, -3, -3, -8, -4, -3, -3]
 
1.98074061437: [-7, -7, 3, -4, 1, -1, 2, -8, 3, 2, 0, -6, 2, 1, 0, 2, 4, -8, 0, 2, -3, -1, -4, 1, -8, -8, -3, 1, 1, 1, -6, -1, -3, -3, 1, -7, -4, -5, 1, -3, -6, -7, -6, 1, -1, 2, -2, -5, -3, 1, -1, -5, -1, -1, -1, 0, -3, -4, -7, -2, -8, -1, -4, -2, -5, 3, -4, -6, 2, 1, -4, -5, -1, -8, 4, -3, -8, -4, 3, 4, -1, 2, 3, -8, 3, 1, -1, 1, 1, -7, 2, -5, -1, -7, 3, 4, -4, -3, 1, -7, 1, -6, -7, -3, -5, -6, 0, -8, 1, -7, 2, 3, -2, 3, 1, -4, 1, -7, -8, -1, -8, -7, -2, 0, 2, -7, -3, 1]
 
1.41026411395: [4, -7, -7, -5, -2, 2, -2, -6, 3, -7, 4, -1, 4, 1, 4, 4, -4, -1, -5, -8, 3, -1, 0, -4, 3, -3, 0, -5, -1, 2, 4, -6, -1, 1, -2, 4, -5, 4, 4, 3, 3, -3, -8, 1, 3, -2, -4, 1, 2, 1, -1, -8, -1, -1, 0, -5, 0, -2, -7, 2, -4, -2, -7, 2, -8, -5, -7, 1, 0, 1, -6, -7, -7, 2, 3, -6, 0, -2, 4, 4, -1, 2, -8, -8, 3, 0, 0, 1, 2, -7, -5, -7, -1, -7, 3, 4, 1, -3, 1, -4, 3, -8, -7, -3, -5, 1, -8, 4, -4, -7, 2, 3, 2, 3, -8, 0, -8, -1, -5, 0, -1, -6, 0, -3, -5, -4, -3, 1]
 
2.37152673345: [-8, -7, -6, -4, -1, -7, -3, -3, 3, -7, -3, -6, 2, -6, 3, 2, 4, -8, -5, 0, -8, -5, -4, -5, -4, -8, -5, -3, -4, -6, -6, -7, -5, -1, -7, -7, -4, -5, -7, -6, -5, -1, -1, -8, -3, 2, 4, -8, -3, 1, 3, -3, 3, -3, -1, 1, -3, -4, -8, -4, -4, -4, 3, -4, 0, -7, 2, 0, -3, -2, -1, 0, -8, 4, -6, -8, -2, -1, 3, -8, -1, -2, 4, -8, 3, -6, -5, -1, -5, 2, -2, -7, -1, -8, 2, 0, 1, -8, 1, 2, 2, -6, -1, 0, -1, -6, 0, 3, -2, -8, 4, 3, -4, 2, -3, -2, -8, 4, -7, 0, 2, -8, 2, -3, 2, -2, 4, -2]
 
0.930998870085: [4, -7, -7, -7, -2, 3, -5, -6, 3, -7, 4, -7, 4, 1, 4, 0, -4, 3, 4, -8, 3, -1, -4, -4, -7, -3, -7, 3, -2, -6, 1, -1, -1, -4, -2, -4, -6, 4, -1, 4, -1, -8, 0, 1, -1, 3, -4, 1, 3, 1, -1, -3, 3, -3, -1, -6, -6, 0, 3, -6, -8, -4, -1, -4, -7, 0, 2, -4, -3, -3, -1, -4, -3, 2, -6, -5, -6, -4, 3, 4, -1, 2, 3, -8, 3, 1, -1, 1, 1, -7, 2, -5, -1, -7, 3, 4, -4, -3, 1, -7, 1, -6, -7, -3, -5, -6, 0, -8, 1, -7, 2, 3, -2, 3, -7, -2, -8, 4, 0, 0, -5, -8, -7, -3, -8, -4, -3, 1]
 
0.667284544436: [-7, -7, 3, -4, 1, -1, 2, -8, 3, 2, 0, -6, 2, 1, 0, 2, 4, -8, 0, 2, -3, -1, -4, 1, -8, -8, -3, 1, 1, 1, -6, -1, -3, -3, 1, -7, -4, -5, 1, -3, -6, -7, -6, 1, -1, 2, -2, -5, -3, 1, -1, -5, -1, -1, -1, 0, -3, -4, -7, -2, -8, -1, -4, -2, -5, 3, -4, -6, 2, 1, -4, -5, -1, -8, 4, -3, -8, -1, 0, -5, -3, -5, 1, -7, -5, -4, -8, -6, -6, 3, 2, 3, -2, 3, -3, 4, -4, 2, 0, -8, -8, 2, -4, -5, 1, 0, -1, -8, -7, -2, -4, -7, -2, -4, 1, -4, 1, -7, -8, -1, -8, -7, -2, 0, 2, -7, -3, 1]
 
1.26966098123: [4, -7, -7, -7, -2, 3, -5, -6, 3, -7, 4, -7, 4, 1, 3, 2, 4, -8, -5, 0, -8, -5, -4, -5, -4, -8, -5, -3, -4, -6, -6, -7, -5, -1, -7, -7, -4, -5, -7, -6, -5, -1, -1, -8, -3, 2, 4, -8, -3, 1, 3, -3, 3, -3, -1, 1, -3, -4, -8, -4, -4, -4, 3, -4, 0, -7, 2, 0, -3, -2, -1, 0, -8, 4, -6, -8, -2, -1, 3, -8, -1, -2, 4, -8, 3, -6, -5, -1, -5, 2, -2, -7, -1, -8, 2, 0, 1, -8, 1, 2, 2, -6, -1, 0, -1, -6, 0, 3, -2, -8, 4, 3, -4, 2, -3, -2, -8, 4, -7, 0, 2, -8, 2, -3, 2, -2, 4, -2]
 
2.74682042573: [-8, -7, -6, -4, -1, -7, -3, -3, 3, -7, -3, -6, 2, -6, 4, 0, -4, 3, 4, -8, 3, -1, -4, -4, -7, -3, -7, 3, -2, -6, 1, -1, -1, -4, -2, -4, -6, 4, -1, 4, -1, -8, 0, 1, -1, 3, -4, 1, 3, 1, -1, -3, 3, -3, -1, -6, -6, 0, 3, -6, -8, -4, -1, -4, -7, 0, 2, -4, -3, -3, -1, -4, -3, 2, -6, -5, -6, -1, 0, -5, -3, -5, 1, -7, -5, -4, -8, -6, -6, 3, 2, 3, -2, 3, -3, 4, -4, 2, 0, -8, -8, 2, -4, -5, 1, 0, -1, -8, -7, -2, -4, -7, -2, -4, 1, -4, 1, -7, -8, -1, -8, -7, -2, 0, 2, -7, -3, 1]
 
2.68335324687: [-2, -8, -3, -7, 3, 0, -2, -2, -4, -8, -6, 1, 1, -4, -4, -1, -2, 2, -5, -6, 3, -1, -4, -4, -8, -8, -3, 1, 1, 1, -6, -1, -3, -3, 1, -7, -4, -5, 1, -3, -6, -7, -6, 1, -1, 2, -2, -5, -3, 1, -1, -5, -1, -1, -1, 0, -3, -4, -7, -2, -8, -1, -4, -2, -5, 3, -4, -6, 2, 1, -4, -5, -1, -8, 4, -3, -8, -4, 3, 4, -1, 2, 3, -8, 3, 1, -1, -1, -5, 2, 0, -5, -1, 1, 2, 0, 1, -8, 1, 2, -5, -6, -2, 3, -5, -6, 4, -8, 1, -8, 4, -2, -4, 3, -7, -2, -8, 4, 0, 0, -5, -8, -7, -3, -8, -4, -3, 1]
 
2.70869718813: [1, -4, 3, -4, 1, -1, -2, -6, 3, -7, -4, -6, -3, -1, 4, 2, 4, -8, 0, 2, -3, -1, -4, 1, -8, -8, -3, 1, 1, 1, -6, -1, -3, -3, 1, -7, -4, -5, 1, -3, -6, -7, -6, 1, -1, 2, -2, -5, -1, 4, -2, -5, -8, 1, -8, 4, 3, -3, 3, 2, -7, -5, 4, -2, 0, -7, -4, -3, -8, -2, 1, -5, -7, 4, -6, -2, -8, -4, 3, 4, -1, 2, 3, -8, 3, 1, -1, 1, 1, -7, 2, -5, -1, -7, 3, 4, -4, -3, 1, -7, 1, -6, -7, -3, -5, -6, 0, -8, 1, -7, 2, 3, -2, 3, -6, -4, -8, -5, -5, -5, 2, -7, -7, -3, -5, -4, -3, 1]
 
2.96982540698: [-7, -7, 3, -4, 1, -1, 2, -8, 3, 2, 0, -6, 2, 1, 0, 2, 4, -8, 0, 2, -3, -1, -4, 1, -8, -8, -3, 1, 1, 1, -2, -5, 4, 3, 2, -6, -5, -5, 3, 0, -6, -7, -6, 1, -5, -8, -2, -5, -3, 1, -1, -3, -1, -5, -1, -2, 0, -4, -7, -2, -8, -1, -4, -2, -5, 3, -4, -6, 2, 1, -4, -5, -1, -8, 4, -3, -8, -4, 3, 4, -1, 2, 3, -8, 3, 1, -1, 1, 1, -7, 2, -5, -1, -7, 3, 4, -4, -3, 1, -7, 1, -6, -7, -3, -5, -6, 0, -8, 1, -7, 2, 3, -2, 3, -7, -2, -8, 4, 0, 0, -5, -8, -7, -3, -8, -4, -3, 1]
 
2.43894503166: [-2, -8, -3, -7, 3, 0, -2, -2, -4, -8, -6, 1, 1, -4, -4, -1, -2, 2, -5, -6, 3, -1, -4, -4, -8, -8, -3, 1, 1, 1, -6, -1, -3, -3, 1, -7, -4, -5, 1, -3, -6, -7, -6, 1, -1, 2, -2, -5, -3, 1, -1, -5, -1, -1, -1, 0, -3, -4, -7, -2, -8, -1, -4, -2, -5, 3, -4, -6, 2, 1, -4, -5, -1, -8, 4, -3, -8, -4, 3, 4, -1, 2, 3, -8, 3, 1, -1, -1, -5, 2, 0, -5, -1, 1, 2, 0, 1, -8, 1, 2, -5, -6, -2, 3, -5, -6, 4, -8, 1, -8, 4, -2, -4, 3, -6, -4, -8, -5, -5, -5, 2, -7, -7, -3, -5, -4, -3, 1]
 
2.28643902587: [-7, -7, 3, -4, 1, -1, 2, -8, 3, 2, 0, -6, 2, 1, 0, 2, 4, -8, 0, 2, -3, -1, -4, 1, -8, -8, -3, 1, 1, 1, -2, -5, 4, 3, 2, -6, -5, -5, 3, 0, -6, -7, -6, 1, -5, -8, -2, -5, -3, 1, -1, -3, -1, -5, -1, -2, 0, -4, -7, -2, -8, -1, -4, -2, -5, 3, -4, -6, 2, 1, -4, -5, -1, -8, 4, -3, -2, -1, 3, 4, -1, -2, 4, -8, 3, 1, -5, -1, -5, 2, 0, -5, -1, 1, 2, 0, 1, -8, 1, 2, 2, -6, -1, 1, -5, -6, 4, -8, -2, -8, -1, 3, -4, 2, -8, -2, -8, 4, 3, 0, 2, -2, -6, -6, 4, 1, -4, -5]
 
2.0910483068: [4, -7, 3, -5, -2, 2, -5, -6, 3, -7, 4, -1, 4, 1, 4, 0, 4, -8, -1, 2, -3, -1, -4, 1, -8, -8, -3, 1, 1, 1, -6, -1, -3, -3, 1, -7, -4, -5, 1, -3, -6, -7, -6, 1, -1, 2, -2, -5, -3, 1, -1, -5, -1, -1, -1, 0, -3, -4, -7, 3, -4, -4, -7, -4, -7, -7, 2, 0, -3, -2, -1, -5, -7, 4, -6, -2, -8, -4, 3, 4, -1, 2, 3, -8, 3, 1, -1, 1, 1, -7, 2, -5, -1, -7, 3, 4, -4, -3, 1, -7, 1, -6, -7, -3, -5, -6, 0, -8, 1, -7, 2, 3, -2, 3, -7, -2, -8, 4, 0, 0, -5, -8, -7, -3, -8, -4, -3, 1]
 
1.32311553433: [4, -7, -1, -7, -2, -2, 2, -6, 3, -7, 4, -7, -5, 1, 4, 0, -4, 2, 4, 2, 3, -1, -4, -4, 1, -3, -7, 3, -2, -5, -4, -5, -1, -4, -2, -4, 2, 4, -1, 4, -1, -8, -8, 1, 1, 3, -4, -1, -3, 1, 2, -5, -1, -1, -1, 0, -3, -4, -7, 3, -4, -4, -7, -4, 0, -7, 2, 0, 1, -2, -1, -5, -7, 4, -6, -2, -8, -8, 3, -3, -1, -4, 3, 3, 3, 1, -1, -1, 1, -7, -8, -5, -1, -7, 3, 4, 0, -3, 1, -7, 1, 2, -7, -3, -5, -6, 0, -8, 1, -3, 2, 3, -2, 3, 1, -2, -8, 4, 0, 0, -5, -8, -4, -3, -8, -4, -3, -4]
 
3.93798876364: [4, -7, 3, -5, -2, 2, -5, -6, 3, -7, 4, -1, 4, 1, 4, 0, 4, -8, -1, 2, -3, -1, -4, 1, -8, -8, -3, 1, 1, 1, -6, -1, -3, -3, 1, -7, -4, -5, 1, -3, -6, -7, -6, 1, -1, 2, -2, 1, 3, 1, -1, -3, 3, -3, -1, -6, -6, 0, 3, -6, -8, -4, -1, -4, -7, 0, 2, -4, -3, -3, -1, -4, -3, 2, -6, -5, -6, -4, 3, 4, -1, 2, 3, -8, 3, 1, -1, 1, 1, -7, 2, -5, -1, -7, 3, 4, -4, -3, 1, -7, 1, -6, -7, -3, -5, -6, 0, -8, 1, -7, 2, 3, -2, 3, -7, -2, -8, 4, 0, 0, -5, -8, -7, -3, -8, -4, -3, 1]
 
2.78439898859: [4, -7, -7, -7, -2, 3, -5, -6, 3, -7, 4, -7, 4, 1, 4, 0, -4, 3, 4, -8, 3, -1, -4, -4, -7, -3, -7, 3, -2, -6, 1, -1, -1, -4, -2, -4, -6, 4, -1, 4, -1, -8, 0, 1, -1, 3, -4, 1, 3, 1, -1, -3, 3, -3, -1, -6, -6, 0, 3, -6, -8, -4, -1, -4, -7, 0, 2, -4, -3, -3, -1, -4, -3, 2, -6, -5, -6, -1, 0, -5, -3, -5, 1, -7, -5, -4, -8, -6, -6, 3, 2, 3, -2, 3, -3, 4, -4, 2, 0, -8, -8, 2, -4, -5, 1, 0, -1, -8, 1, -7, 2, 3, -2, 3, -7, -2, -8, 4, 0, 0, -5, -8, -7, -3, -8, -4, -3, 1]
 
0.69467939107: [4, -7, -7, -7, -2, 3, -5, -6, 3, -7, 4, -7, 4, 1, 4, 0, -4, 3, 4, -8, 3, -1, -4, -4, -7, -3, -7, 3, -2, -6, 1, -1, -1, -4, -2, -4, -6, 4, -1, 4, -1, -8, 0, 1, -1, 3, -4, -5, -3, 1, -1, -5, -1, -1, -1, 0, -3, -4, -7, 3, -4, -4, -7, -4, -7, -7, 2, 0, -3, -2, -1, -5, -7, 4, -6, -2, -8, -4, 3, 4, -1, 2, 3, -8, 3, 1, -1, 1, 1, -7, 2, -5, -1, -7, 3, 4, -4, -3, 1, -7, 1, -6, -7, -3, -5, -6, 0, -8, -7, -2, -4, -7, -2, -4, 1, -4, 1, -7, -8, -1, -8, -7, -2, 0, -6, 1, 4, -3]
 
