1.7884825596661669: [1, -5, -2, -2, -7, 3, 4, -1, 4, 0, 1, -5, -3, 1, -3, 1, 3, 3, 2, 1, -4, -2, -5, 4, -8, -2, 0, -5, -3, -7, -7, -6, -8, -7, -3, 1, 1, -5, -1, -7, 4, -7, 4, 1, -4, -7, 1, -6, 0, 1, -7, 1, -5, 2, -2, 3, 2, -4, 4, -8, -6, -7, -6, 0, -3, -5, -3, 0, -6, -2, -6, -7, -3, -2, -5, 1, 1, 4, -2, -5, 4, -4, -3, -1, -1, -5, -7, 0, -4, -1, 2, 0, 0, -3, -3, 4, 1, 2, 3, -3, -8, -8, 2, -1, 2, -7, 0, -6, -4, -2, 1, 1, -6, 3, 1, 3, 1, -3, -3, -8, -5, -6, -2, 4, -5, -2, 1, 4]
 
1.4627579840922964: [-2, -3, -8, -4, 2, 0, -1, -2, -3, -4, -1, 2, -3, -7, 2, -7, 3, 2, -2, -4, -2, -2, 3, -5, 3, -6, 2, -5, -1, -2, 4, -6, 3, 0, 1, 4, -2, -5, 3, 2, 2, -1, -3, -3, -2, -3, 1, -6, 3, -5, 0, 4, -6, -5, 3, 3, 0, 1, -6, -6, 4, 0, 2, 3, -7, -2, -7, -6, -8, -7, -8, -5, -1, -3, -4, 4, -2, -5, -2, 2, 1, 2, -8, -8, -5, -5, -4, -5, -6, 1, -8, -2, -4, -3, 1, 4, -6, 2, 3, 2, -8, -8, 2, -3, -1, -7, -3, -6, -4, -7, -3, 0, -6, 4, 1, 3, 1, -3, -6, -1, -6, -7, -1, 4, -3, -7, 4, 4]
 
2.4726046801107233: [-1, -3, -6, 4, -4, -6, -7, -5, -6, -4, 2, 2, -2, 0, -5, -2, 4, -8, 2, -8, -4, -2, -5, 4, -7, 0, 4, -6, -5, -4, 2, -1, -8, -4, -2, -6, 1, -5, -1, -7, -3, -7, 4, 1, -4, -7, 2, -6, -7, 1, -7, 1, -5, 2, -8, 4, 2, 1, -2, -8, -6, -2, -6, 0, -3, -5, -4, -3, -6, -2, -6, -2, 1, -2, -4, -5, 4, -6, 2, 0, -1, 2, -2, -1, -7, -2, 2, 0, -4, -2, 4, -8, 2, 3, 3, 0, 4, 0, -1, 2, -1, 0, -2, 1, -5, 4, 1, -8, -8, -6, -6, -6, -2, -5, -2, -2, -5, 1, 2, -1, -3, -3, 1, 3, -5, 1, 3, -3]
 
3.989087733304939: [-6, -8, -8, -1, -1, -6, -8, -4, -3, 2, 0, -1, 1, 2, -5, -4, 4, 4, 0, 4, -8, 1, -1, -4, -1, 1, 1, 2, -5, 1, -1, -8, 0, -3, -5, -3, 3, 4, 1, -2, -3, -1, 0, -8, 1, -8, -7, -3, -4, -1, -6, -3, -5, -5, -5, -3, 3, -7, -1, -6, -3, -2, 1, -1, -7, -1, -1, -2, -4, -3, -4, -5, -3, 1, -7, -5, -1, 3, -5, 2, 0, -8, 0, -3, 1, -5, 3, -7, -8, -3, -6, -3, 2, 4, -4, 0, 2, -8, 1, -8, -1, 2, 2, -3, -8, -1, -7, 3, 4, -7, -7, -4, -8, -2, 3, -4, 2, 1, 1, -8, 3, -4, 2, -5, -1, -3, -3, -5]
 
0.950674896532: [-1, 0, 0, 4, 1, -6, -6, -1, -1, -4, 2, 2, 2, -1, -5, -2, 1, 3, 2, -3, 0, -8, -3, 0, -2, -5, -7, 4, 1, -2, 0, 2, -7, 2, -4, 4, -8, 0, 1, -1, 3, -7, -5, -3, -8, -1, 1, -7, -1, 0, 0, -3, 1, 2, -6, 2, -3, -4, -6, 0, 3, -2, -8, 0, 4, -6, 2, -7, -6, -8, -7, -4, -8, 3, -6, -5, 1, 3, 1, 3, 0, 3, -1, -8, 4, 0, -3, -4, -8, -8, -5, 0, -7, 0, 1, 0, -8, -8, -1, -1, -1, -8, -3, -3, -8, 3, -3, 4, 1, 4, -3, -4, -1, -3, -2, -8, -5, -5, -3, -5, -5, -5, 1, -5, -1, -2, -6, -3]
 
0.911425197727: [3, -7, 4, 0, -6, 0, 4, 1, -8, -5, 0, 0, -2, 1, -6, -8, -3, -8, 2, 4, -8, 0, -4, -8, -4, 0, -1, 4, -3, 3, 2, -4, -6, 2, 3, 1, 1, -8, -7, -5, 1, 4, -5, -7, -1, 3, -2, -3, 4, 1, -4, 3, -1, 2, -7, 2, -2, 1, -5, 3, 0, -1, -6, -8, -3, 0, 1, 0, -6, 1, 2, 3, -5, -2, -8, -3, 2, -8, 0, -7, -7, 2, -3, 0, -2, -8, 1, 3, 1, 1, -4, -3, 3, -6, 4, 3, 3, -6, -5, -2, 1, 1, -3, -7, 4, -3, 2, 3, -5, -1, -3, 0, 1, -2, -3, 3, -2, -2, -8, 1, 3, -6, -6, -8, -1, 1, -1, -3]
 
0.984696424891: [2, 0, -5, -3, -7, 0, 1, -1, -6, 0, 1, -5, -3, -6, 4, 1, 3, -4, 3, -8, -4, 2, -5, 4, -3, -2, -1, -8, -3, -7, 2, -7, 2, -7, -2, 1, -1, -5, -1, -7, -3, -7, 0, -5, -4, 3, -6, 1, 3, 1, 1, -2, -8, 2, -8, 4, 2, -5, -2, -1, 3, -2, -6, 0, -3, -4, -6, -4, -6, -5, -6, 3, 1, -2, -1, -5, 0, -2, 2, 0, -1, 2, -2, -1, -5, -2, 2, -6, 1, -2, 4, -8, 2, -3, 3, 0, 4, 0, -1, 2, -1, 0, -3, 1, -1, -1, 1, -7, -4, -7, -6, 1, 3, -2, 3, -8, 1, -7, -3, -3, -5, 0, 3, 4, -5, -6, 1, 4]
 
1.6560726334655986: [-6, -8, -3, -1, -4, -6, -7, -2, -6, -4, 2, 2, -2, -7, -5, -4, 4, -1, 1, 4, -8, -8, 1, 0, -7, -2, -6, 1, -6, -2, -6, -4, -5, -7, -8, -2, -1, 4, 1, 0, -7, -5, 0, 1, 1, -8, -5, -3, -3, -1, -2, -3, 2, 2, -8, -7, 3, -1, -6, -6, -1, -2, -6, -1, -3, -2, -1, -2, -6, -2, -6, -2, 1, -2, -4, -5, 1, -5, -5, 2, 0, 2, -3, -1, -8, -5, -4, -1, -4, -2, 2, -8, 2, 4, -3, -8, -4, -1, -2, -1, -5, -7, -2, 4, -2, -5, 0, 0, 2, -3, 4, -5, -3, -7, -6, 3, -2, 3, 2, -2, 2, 3, -7, -3, 0, -8, -2, -7]
 
1.5594979670623241: [-6, -8, -8, -8, -1, -6, -8, -4, -3, 2, 4, 1, -3, 2, 1, -2, 0, 3, -2, -2, -7, -8, -1, -3, 4, 0, -7, 3, 3, 1, 1, 2, 2, 4, -4, -4, -4, -3, -3, -2, -3, -2, 4, 1, -2, -8, -4, 0, 2, -2, -3, -5, 3, -4, -6, -8, -4, 1, -4, -8, -3, 0, -7, -2, 3, 0, 4, -6, -3, -2, -7, 2, -6, -1, -8, 0, 4, -6, -5, -5, -3, -4, 3, 3, 3, 2, 2, -3, -4, 2, -8, -5, -1, -5, 4, -8, -1, -7, 0, -3, -6, 2, -2, -7, -8, -8, 1, -3, 0, 2, -5, 1, -8, 2, -2, 0, -5, 3, 3, 0, -4, -2, -5, -5, -1, 0, -6, -2]
 
2.6300809632133673: [-1, -3, -6, 4, 1, -6, -7, -1, -1, -4, 2, 2, -8, -1, -5, -2, -8, -1, 2, -8, 0, -8, -3, 0, 3, -5, -7, 4, 1, -6, 0, 2, -3, 2, -4, -8, -8, 0, 1, -2, -3, -7, 4, -3, -5, -1, 1, -7, 0, 0, -7, -2, 1, 2, -6, 2, -3, 2, -6, -2, 3, -2, -8, 0, 2, -6, 2, -2, -6, 2, -7, 2, -5, -7, -6, -5, 1, 3, -3, -1, 0, 3, -1, -6, -3, 0, -3, -4, -8, -8, -5, 0, -7, 0, 1, -8, -4, -1, -2, -1, -5, -7, -2, 4, -2, -5, 0, 0, 2, -3, 4, -5, -3, -2, -8, 3, 4, -5, -8, 1, -8, -6, 0, -8, -1, 1, -1, -6]
 
1.2840193597703093: [-2, -3, -5, -7, 0, 1, -1, 2, 3, 3, -1, 2, -3, -4, -8, 0, 3, 3, -3, 3, -1, -8, -1, -5, -6, 0, 4, -4, -5, 1, 1, 0, -7, -3, -7, 2, 1, -5, -3, -2, 4, -7, -5, -1, -5, -7, -7, 0, -6, 0, -2, -2, 2, 2, -8, 3, 0, 4, -1, -5, 1, -2, -6, -1, 2, -4, -6, -5, -1, -6, -4, -8, -1, -5, -4, 2, -7, -2, 2, -3, -1, 1, -2, -6, 3, 0, -6, 0, -2, -4, 4, 3, -7, 3, 3, 4, -8, -3, -1, -1, -1, 2, -2, 1, -8, 3, 2, 0, -4, -2, -5, 1, -8, 3, -2, 1, -5, 2, -4, 0, 4, -4, -5, -7, -1, -3, 3, -2]
 
2.0367938464474102: [-7, 1, -7, -6, -8, 1, -7, 4, -2, 3, 0, -1, -8, -7, 0, -7, 0, 0, 3, 4, -8, 4, -4, 2, -8, 3, -3, -2, -5, 3, -6, 0, -2, 1, -5, -7, -7, -4, -1, 2, 2, -5, 2, -3, -2, -3, 1, -6, 3, -5, -1, 0, -1, -5, -1, 3, 0, -5, -7, 4, 4, 0, 2, 3, -7, -6, -7, -6, -8, -1, -8, -5, -1, -3, -7, 4, -2, -5, -5, 2, 1, 2, -5, -3, -5, -5, -4, -5, -6, 1, -8, 4, -4, -3, -3, 4, 1, 2, 3, 2, -8, -8, 2, -1, 2, -7, 2, -6, -4, -7, -6, 0, 3, 3, 3, -8, 1, -8, -3, -3, -4, 0, 3, 4, 1, -2, 1, 4]
 
2.449409719894125: [-1, -3, -6, 4, 1, -6, -7, -1, -1, -4, 2, 2, -8, -1, -5, -2, -8, -1, 2, -8, 0, -8, -3, 0, 3, -5, -7, 4, 1, -6, 0, 2, -3, 2, -4, -8, -8, 0, 1, -2, -3, -7, 4, -1, -1, -7, -8, 0, 1, -1, -2, -3, 2, 2, -8, -7, 0, -5, -6, -5, 4, -2, -6, -1, 2, -4, -6, 4, -6, 0, -6, -2, 1, -4, -4, -5, -3, -5, -6, 2, 0, 2, -3, 1, -8, -5, -4, -1, -6, -2, 2, -8, 2, 4, -3, 0, 3, 0, 2, -7, 2, 1, 4, -6, -4, -3, -5, 0, 0, 3, -6, -5, -2, -3, -6, 2, -3, 2, 1, -7, -3, 3, -6, -5, 1, 1, 1, -8]
 
2.3604287693943307: [2, 1, 1, -7, -7, -6, 2, -1, 4, 0, -3, -5, -3, -6, 4, 1, -8, -8, 2, -6, -4, -2, -5, 4, -6, 2, -2, -6, -7, -7, 2, 2, -6, -3, -7, 3, 4, -5, -6, -2, -8, -7, -4, -1, -1, 0, -8, 3, 1, -1, -5, -3, 2, 2, -8, -1, 0, 3, -6, 1, 4, -2, -6, -1, 2, -2, -6, 4, -6, 0, -6, 1, 2, -1, -6, -6, -3, -5, -3, 2, 0, 2, -1, 1, -8, -5, -4, -5, -6, -2, 2, 1, 2, 3, -3, 0, 3, 0, 2, -7, 2, -3, 4, -6, -4, 1, -5, 0, -4, -7, -5, 0, -7, 3, 1, 3, 1, -3, -6, -3, -6, -3, -1, 4, -3, -2, 1, -4]
 
2.1302598494041707: [1, -5, -2, -4, -1, 0, -6, -1, 4, 0, 1, -5, -3, 1, 4, 1, 3, -8, 2, -8, -4, -2, -5, 4, -7, -2, 0, -6, 3, -7, 2, 4, -8, -7, -2, 1, 1, -5, -1, -7, -3, -7, 4, 1, -4, -7, 2, -6, -7, 1, -7, 1, -5, 2, -8, 4, 2, 1, -2, -8, -6, -2, -6, 0, -3, -5, -4, -3, -6, -2, -6, -2, 1, -2, -4, -5, 4, -6, 2, 0, -1, 2, -2, -1, -7, -2, 2, 0, -4, -2, 4, -8, -4, -3, -3, 4, 1, 2, 3, 2, -8, -8, 2, -1, 2, -7, 2, -8, -8, -6, -6, -6, -2, -5, -2, -2, -5, 1, 2, -1, -3, -3, 1, 3, -5, 1, 3, -3]
 
1.9335870912: [0, -6, 0, 3, -3, -6, -1, 2, 4, 2, 3, -3, -7, -7, 0, -7, 0, 0, 3, 4, -8, -4, -4, 2, -5, 1, -7, 3, -5, 3, -6, 0, -2, 1, 4, 2, -4, -1, -1, 2, 2, -5, 2, -3, -2, -3, -1, -3, 3, -5, -1, -1, -2, -5, 4, 2, 0, -5, -3, 4, 4, -3, -4, -1, -7, -6, 4, -6, 0, -1, -8, -5, -4, 4, -7, 4, 1, -5, 1, 2, -2, 2, 1, -2, -5, -7, -4, -5, -6, 0, -8, 4, -4, -3, -6, -7, 1, 2, 3, 2, -8, 3, -8, -1, 2, -7, 2, 4, 4, -7, -2, 0, -8, 3, 1, 3, 1, -2, 3, -1, -6, 4, -1, -3, -8, -2, 1, 4]
 
0.463100273869: [-5, -3, -5, 3, 3, -6, -8, 2, 3, -4, -3, 3, 0, -4, -1, -3, 3, -4, 1, 3, -3, -4, -3, -5, -1, -5, 4, -8, -5, 1, 1, 4, -5, 4, -2, 1, 1, -5, -1, -7, -4, -7, 4, 1, -4, -5, -7, 1, -8, 1, -7, 1, -5, 2, 1, 4, 0, 1, -2, -8, -1, -2, -5, -4, -5, -5, 2, -3, -6, -2, -6, -5, 1, -7, -4, -5, 4, 3, 2, 0, -1, 0, -2, -1, -7, -5, 2, 0, -4, -2, 4, -7, 0, -6, 3, 4, 4, 0, -1, 2, 4, 0, -7, 1, -5, 2, 1, -3, 2, 2, -6, -6, -2, -5, -2, 4, -5, -6, 2, -1, -3, -3, 1, 3, -5, -1, 2, -3]
 
3.7429902954231276: [-2, -3, -5, 3, -4, -6, -1, 2, -3, -4, -3, 2, -3, -4, -1, 0, 3, -7, 1, 3, -2, -4, -1, -5, 0, -5, 4, 3, -5, 1, 1, -3, -3, -3, -7, 1, 1, -5, -6, -2, 4, -7, 4, -1, -1, -7, -8, 0, 1, -1, -2, -3, 2, 2, -8, -7, 0, -5, -6, -5, 4, -2, 1, -1, -7, -1, -1, -2, -4, -3, -4, -5, -3, 1, -7, -5, -1, 3, -5, 2, 0, -8, 0, -3, 1, -5, 3, -7, -8, -3, -6, -3, 2, 4, -4, 0, 2, -8, 1, -8, -1, 2, 2, -3, -8, -1, -7, 3, 4, -7, -7, -4, -8, -2, 3, -4, 2, 1, 1, -8, 3, -4, 2, -5, -1, -3, -3, -5]
 
2.863056285370647: [-2, -3, -8, -4, 2, 0, -1, -2, -3, -4, -1, 2, -3, -7, 2, -7, 3, 2, -2, -4, -2, -2, 3, -5, 3, -6, 2, -5, -1, 1, -1, -8, 0, -3, -5, -3, 3, 4, 1, -2, -3, -1, 0, -8, 1, -8, -7, -3, -4, -1, -6, -3, -5, -5, -5, -3, 3, -7, -1, -6, -3, -2, 1, -1, -7, -1, -1, -2, -4, -3, -4, -5, -3, 1, -7, -5, -1, 3, -5, 2, 0, -8, 0, -3, 1, -5, 3, -7, -8, -3, -6, -3, 2, 4, 4, -8, -1, -7, 0, -3, -6, 2, -2, -7, -8, -8, 1, -3, 0, 2, -5, 1, -8, 1, 2, -8, -4, -6, 2, 3, -2, 1, 0, -2, 3, 2, -1, -1]
 
1.5098614067096006: [-7, 1, -7, -6, -8, 1, -7, 4, -2, 3, 0, -1, -8, -7, 0, -7, 0, 0, 3, 4, -8, 4, -4, 2, -8, 3, -3, -2, -5, 3, -6, 0, -2, 1, -5, -7, -7, -4, -1, 2, 2, -5, 2, -3, -2, -3, 1, -6, 3, -5, -1, 0, -1, -5, -1, 3, 0, -5, -7, 4, 4, 0, 2, 3, -7, -6, -7, -6, -8, -1, -8, -5, -1, -3, -7, 4, -2, -5, -5, 3, -3, -4, -3, 3, -4, 2, 2, -3, -4, 3, -8, -5, 2, -4, 4, -8, -1, -6, 0, -3, -1, 2, -2, 1, -8, 3, 1, -3, 0, -6, -5, 1, -8, 4, -2, 1, -5, -1, -4, -8, 4, -4, -5, -5, -1, -3, -6, -2]
 
0.8021274068539613: [-6, -8, -8, -1, -1, -6, -8, -4, -3, 2, 0, -1, 1, 2, -5, -4, 4, 4, 0, 4, -8, 1, -1, -4, -1, 1, 1, 2, -5, 1, -1, -8, 0, -3, -5, -3, 3, 4, -8, -7, 1, 3, -5, -7, 1, -8, -2, 0, -7, -6, -4, 2, 3, -4, 4, -8, -4, -5, 4, -8, -3, 0, -1, -4, 3, -7, -4, -1, 4, -1, -5, 2, -8, -1, -7, 0, 4, -6, 0, -7, 1, -2, -5, -8, 1, -5, -3, -2, 2, 0, -2, -1, 4, -2, -5, -4, -1, -1, 1, 1, -7, -5, 0, -3, 2, 3, -7, -8, 0, 4, -8, -6, -1, 4, -2, -3, -2, -3, -7, -1, 1, -1, -5, -7, -2, -7, 1, -6]
 
2.9394324778885146: [-6, -8, -3, -1, -4, -6, -7, -2, -6, -4, 2, 2, -2, -7, -5, -4, 4, -1, 1, 4, -8, -8, 1, 0, -7, -2, -6, 1, -6, -2, -6, -4, -5, -7, -8, -2, -1, 4, 1, 0, -7, -5, 0, 1, 1, -8, -5, -3, -3, -1, -2, -3, 2, 2, -8, -7, 3, -1, -6, -6, -1, -2, -6, -1, -3, -2, -1, -2, -6, -2, -6, -2, 1, -2, -4, -5, 1, -5, -5, 2, 0, 2, -3, -1, -8, -5, -4, -1, -4, -2, 2, -8, 2, 4, -3, 0, -8, -8, 1, -8, -1, -7, -7, -3, -8, 3, -4, 3, -7, 4, -4, -4, -1, 4, -2, -8, -3, -5, 1, -7, 2, -4, -4, 3, -1, -1, 4, -6]
 
3.9534165568045134: [2, 0, 1, 0, -8, 1, -7, 4, 3, -5, 2, -1, 1, 2, -5, -4, 4, 4, 0, 4, -8, 1, -1, -4, -1, 1, 1, 2, -5, 1, -1, -8, 0, -3, -5, -3, 3, 4, 1, -2, -3, -1, 0, -8, 1, -8, -7, -3, -4, -1, -6, -3, -5, -5, -5, -3, 3, -7, -1, -6, -3, -2, 1, -1, -7, -1, -1, -2, -4, -3, -4, -5, -3, 1, -7, -5, -1, 3, -5, 2, 0, -8, 0, -3, 1, -5, 3, -7, -8, -3, -6, -3, 2, 4, -4, 0, 2, -8, 1, -8, -1, 2, 2, -3, -8, -1, -7, 3, 4, -7, -7, -4, -8, -2, 3, -4, 2, 1, 1, -8, 3, -4, 2, -5, -1, -3, -3, -5]
 
1.66409068628: [-7, -7, -1, 0, -2, 1, 1, 1, 3, -3, 3, 0, -2, 1, -4, 4, 1, -8, 0, -5, -7, 3, 1, -6, -3, -7, -1, -3, 0, 2, 2, 4, -4, 1, -3, 3, 1, -5, 4, -5, 1, 4, -3, -7, -3, 4, -2, -3, 4, -2, -7, -6, -7, -3, -7, 1, -7, -4, -1, -8, -6, -2, -6, -8, -3, 0, 1, -5, 1, -3, 2, -7, -5, -4, -5, -8, -1, -7, 0, -2, 0, -3, -5, -8, -3, 0, -3, -7, -8, -8, -5, -1, 2, -3, -4, -4, 1, -2, -7, -2, 4, -7, -1, -8, -2, -3, -4, 3, -1, 3, -6, 0, -3, -3, -6, 1, 2, 3, -4, -4, -1, 4, 4, -4, -4, -5, -5, 4]
 
3.0700069372844045: [2, 0, 1, 0, -8, 1, -7, 4, 3, -5, 2, -1, 1, 2, -5, -4, 4, 4, 0, 4, -8, 1, -1, -4, -1, 1, 1, 2, -5, 1, -1, -8, 0, -3, -5, -3, 3, 4, 1, -2, -3, -1, 0, -8, 1, -8, -7, -3, -4, -1, -6, -3, -5, -5, -5, -3, 3, -7, -1, -6, -3, -2, 1, -1, -7, -1, -1, -2, -4, -3, -4, -5, -3, 1, -7, -5, -1, 3, -5, 2, 0, -8, 0, -3, 1, -5, 3, -7, -8, -3, -6, -3, 2, 4, 4, -8, -1, -7, 0, -3, -6, 2, -2, -7, -8, -8, 1, -3, 0, 2, -5, 1, -8, 2, -2, 0, -5, 3, 3, 0, -4, -2, -5, -5, -1, 0, -6, -2]
 
1.1164158769756134: [-6, -8, -8, -1, -1, -6, -8, -4, -3, 2, 0, 1, -3, 2, -8, 3, 0, 3, -2, -2, -7, -8, -8, -6, 3, -4, -7, 3, -1, 3, 1, 2, 2, -3, -4, 1, 1, -3, -8, -2, 4, -7, 4, -1, -1, -7, -8, 0, 1, -1, -2, -3, 2, 2, -8, -7, 0, -5, -6, -5, 4, -2, -6, -1, 2, -4, -6, 4, -6, 0, -6, -2, 1, -4, -4, -5, -3, -5, -6, 2, 0, 2, -3, 1, -8, -5, -4, -1, -6, -2, 2, -8, 2, 4, -3, 0, 3, 0, 2, -7, 2, 1, 4, -6, -4, -3, -5, 0, 0, 3, -6, -5, -2, -3, -6, 2, -3, 2, 1, -7, -3, 3, -6, -5, 1, 1, 1, -8]
 
0.831127204318: [-6, -7, -8, -5, 4, -6, 3, -4, -3, 2, 0, 1, -6, 2, -3, -8, 0, 1, -2, -2, -7, -4, -8, -6, -4, -4, -7, 3, -4, 3, -5, 3, 2, -3, 2, 4, 1, 0, 0, -2, -3, -2, -2, 1, -3, -8, -4, 0, -7, -2, -7, 1, 3, -4, -1, -8, -4, 1, 2, -6, -7, 0, -7, -4, 3, -3, 4, 0, 4, -6, -4, 0, -5, 4, 3, 0, 4, -6, -5, 3, 4, -4, -4, 1, -4, 2, 2, -3, -1, 1, 2, -5, 3, -4, 2, -8, -6, -4, 2, -3, -1, -5, 2, -2, -6, -5, 3, -6, -8, -5, 2, -8, -2, 1, 2, -8, -4, 2, 2, 3, -2, 1, 0, -3, 3, 2, -7, -1]
 
2.639804132366224: [-4, -8, -3, -1, -8, -6, 3, 4, -6, -4, -8, 2, -2, -7, 4, 0, -3, -1, 4, -4, -8, -8, 1, -2, -7, 0, -3, -1, -6, -6, -6, -4, -5, -6, -8, 3, -2, -1, -6, 0, -7, 4, -3, 1, 1, -8, -1, 2, -3, -7, -2, -3, 2, -4, -8, -2, 3, -1, 2, -6, 3, -2, 2, -1, -4, -2, 3, -2, -6, -2, -6, -2, 0, 2, -4, 1, -3, -5, -5, 2, 0, -4, -3, -1, -8, 2, 4, -1, -7, -2, 2, -8, 2, 4, 1, -1, -8, -8, 1, -8, -1, -7, -7, -3, -8, 3, -6, -5, -7, 4, -4, -5, -1, 4, -2, -2, -1, -5, 1, -7, -3, -4, 1, -5, -1, -2, -3, -3]
 
1.804172826524415: [-6, -8, -8, -8, -1, -6, -8, -4, -3, 2, 4, 1, -3, 2, -8, 0, 3, -2, -7, -8, -8, -2, -4, 1, -2, -1, 0, 3, 4, -7, 1, 4, 1, 4, -2, 1, 1, 4, -2, -2, -3, -7, -3, -7, -6, -7, 1, -6, -7, 1, -7, -4, -5, -5, -8, 4, 2, -4, -2, -8, -3, -2, -6, -4, -6, -5, -2, -3, -5, -2, -2, -2, -5, -2, -4, -1, 0, 4, -6, 0, -1, -2, -2, -7, -7, -7, 2, 4, -4, 1, -2, -8, -1, 1, -6, 0, 4, 0, 2, -5, -1, 0, 1, -7, -5, -5, -7, -8, -8, -6, -6, -6, -6, -4, -2, 2, -5, -6, -3, 2, 2, -3, -8, 3, -8, 2, -1, -5]
 
1.7775404669919812: [2, 0, -2, 0, -8, 1, 1, 4, 3, -8, 2, -8, -3, -5, -8, 3, 0, -5, -7, -2, 2, -8, -8, -7, 0, 2, -7, 4, -1, 0, 4, 2, 2, -3, -4, 1, 1, -3, -8, -2, -3, -6, 4, 1, -2, -1, -4, 0, -7, -2, -7, 1, 3, -7, -1, -8, -4, 1, 4, -8, -3, 0, -1, -4, 3, -6, 4, -7, -7, -2, -8, 2, -6, 2, -7, 0, 4, -6, -8, 3, -3, -4, -3, 4, -8, 2, 2, -3, 2, 4, -8, -5, 2, -8, 4, -5, -1, -6, 0, -3, 0, 2, -2, 1, -1, 3, 1, -3, 0, -6, -5, -5, -8, -3, -2, 1, -1, -1, -4, -8, 4, 0, -8, -3, 2, 1, -5, -2]
 
2.082853737772379: [-7, 1, -7, -6, -8, 1, -7, 4, -2, 3, 0, -1, -8, -7, 0, -7, 0, 0, 3, 4, -8, 4, -4, 2, -8, 3, -3, -2, -5, 3, -6, 0, -2, 1, -5, -7, -7, -4, -1, 2, 2, -5, 2, -3, -2, -3, 1, -6, 3, -5, -1, 0, -1, -5, -1, 3, 0, -5, -7, 4, 4, 0, 2, 3, -7, -6, -7, -6, -8, -1, -8, -5, -1, -3, -7, 4, -2, -5, -5, 2, 1, 2, -5, -3, -5, -5, -4, -5, -6, 1, -8, 4, -4, -3, -3, 4, 1, 2, 3, 2, -8, -8, 2, -1, 2, -7, 2, -8, -8, -6, -6, -6, -2, -5, -2, -2, -5, 1, 2, -1, -3, -3, 1, 3, -5, 1, 3, -3]
 
1.1480531380209036: [-1, 0, 1, -6, -2, 3, -7, -7, 3, -5, 2, -1, 1, 2, -1, -4, 4, -5, 0, -6, -8, 1, 4, -5, -3, 1, 4, -7, -5, -2, 4, -6, 3, 4, -3, 4, -2, -5, 3, 3, 4, -1, -3, -3, -2, -3, 1, 1, 3, -5, 0, -8, -6, -5, 3, -8, 0, -5, -6, -6, 4, 0, 2, -2, 0, -2, -7, -6, -8, -7, -8, -5, -6, -3, 4, -6, -4, -5, -1, -2, 1, 2, -8, -2, -5, -4, 3, 4, -4, -5, -8, 1, -4, -3, 1, 4, -8, -5, 3, 0, 3, -8, 2, -3, -4, -7, -3, -6, -3, 0, -6, -8, 4, 4, 1, 0, -1, -3, -1, -6, -4, -7, -1, 4, -3, -7, 4, 4]
 
1.98998052885: [-2, -3, -8, -4, 2, 0, -1, -2, -3, -4, -1, 2, -3, -7, 2, -7, 3, 2, -2, -4, -2, -2, 3, -5, 3, -6, 2, -5, -1, -2, 4, -6, 3, 0, 1, 4, -2, -5, 3, 2, 2, -1, -3, -3, -2, -3, 1, -6, 3, -5, 0, 4, -1, 2, -7, 2, -2, 1, -5, -8, -6, -1, -6, -8, -3, 0, 1, 0, -6, -3, 2, 4, -5, -4, -8, 0, 2, -8, -4, -7, -7, -7, -3, 0, -2, 0, 1, -7, 4, -8, -4, 0, -8, -6, -4, -4, 3, -6, 3, -2, -3, -5, -3, -7, -2, -3, 2, 3, -1, 3, -3, 0, -3, -2, -8, 3, 4, -5, -8, 1, -8, -6, 0, -8, -1, 1, -1, -6]
 
0.521378340277: [-7, -7, -8, -3, -8, 3, -7, -6, -8, 0, 2, 0, -2, 1, -6, -1, 0, -8, 2, -4, -8, -2, 0, -8, -3, -1, -1, 4, 0, 1, 2, 4, -3, 2, -2, 2, 1, -2, -7, -5, 3, -6, -7, -7, -1, -4, -3, -3, 4, 1, -7, -5, -6, -5, 3, 3, 0, 1, -5, -6, 4, 0, 2, 3, -8, 4, -7, 4, -8, -2, -8, -8, -1, -3, -4, 4, -2, 1, -2, 2, -2, -3, -8, -8, 0, -5, -4, -5, -6, 1, -8, 3, -4, -3, 1, 4, -6, -4, 3, 2, -8, -8, 2, 0, -1, -7, -3, -2, -1, -7, 0, -6, -2, 4, 1, -7, 3, 4, 0, -1, -6, 4, -1, 4, -3, -2, 4, -5]
 
2.03749073523: [-7, 1, -7, -6, -8, 1, -7, 4, -2, 3, 0, -1, -8, -7, 0, -7, 0, 0, 3, 4, -8, 4, -4, 2, -8, 3, -3, -2, -5, 3, -6, 0, -2, 1, -5, -7, -7, -4, -1, 2, 2, -5, 2, -3, -2, -3, 1, -6, 3, -5, -1, 0, -1, -5, -1, 3, 0, -5, -7, 4, 4, 0, 2, 3, -7, -6, -7, -6, -8, -1, -8, -5, -1, -3, -7, 4, -2, -5, -5, 2, 1, 2, -5, -3, -5, -5, -4, -5, -6, 1, -8, 4, -4, -3, -3, 4, 1, 2, 3, 2, -8, -8, 2, -1, 2, -7, 2, -6, -4, -7, -6, 0, 3, 3, 3, -8, 1, -8, -3, -3, -4, -3, -8, 3, -8, 2, -1, -5]
 
1.05496761356: [3, -8, 4, 0, -5, -8, 1, 2, -8, -7, 0, 2, 1, -2, -7, -1, -4, -4, 0, 0, 4, 3, -5, 4, -1, -3, -5, -2, 0, -8, -6, -4, -5, -6, -4, -5, 2, -2, -3, 4, -1, -5, -5, -8, -4, -4, -1, -8, 0, 3, -8, 0, -7, -7, -1, -4, 1, -5, -1, -2, 1, -5, -3, -1, -7, -5, -8, 2, -1, -1, -6, -3, -1, 0, 3, -3, 2, 2, -3, -4, -3, -4, -7, -7, -1, 1, -4, -7, -8, -8, 2, -5, -3, -8, -2, -7, 1, -7, 1, -2, -1, 0, -7, 2, 1, -6, 1, -5, -8, 2, 0, -7, 2, -8, 3, -1, 0, -7, 1, -4, 1, -1, 4, 2, -1, -1, -1, -8]
 
0.421574907964: [0, -7, -1, 0, -8, 2, 4, -6, 2, -4, -3, 0, -2, 1, -6, 2, -3, -8, 2, 4, -8, 3, -8, -8, -2, 0, -1, -5, 3, 1, 2, -2, -1, -3, -7, -3, 2, -5, -7, 2, 1, 3, 0, -5, -1, 0, -5, -3, -1, 1, 4, -7, -1, 2, -7, 2, -2, 1, 4, 2, -6, -2, -6, 0, -3, -5, -4, -1, -6, -2, -1, -2, 1, -2, 4, -1, 4, 3, 2, 0, -1, -2, 1, -1, -7, -7, 2, 0, 4, -4, 4, -8, 2, 3, 3, 0, 4, -7, -1, -8, -1, 0, 0, -5, -5, 4, 1, -8, -4, -6, -3, -6, -2, -5, -2, 4, 1, 1, -6, -5, -3, -3, 1, -5, -5, -1, 3, 1]
 
3.79326778277: [-2, -3, -5, 3, -4, -6, -1, 2, -3, -4, -3, 2, -3, -4, -1, 0, 3, -7, 1, 3, -2, -4, -1, -5, 0, -5, 4, 3, -5, 1, 1, 4, -8, -7, -2, 1, 1, -5, -1, -7, -3, -7, 4, 1, -4, -7, 2, -6, -7, 1, -7, 1, -5, 2, -8, 4, 2, 1, -2, -8, -6, -1, -6, -8, -3, 0, 1, 0, -6, -3, 2, 4, -5, -4, -8, 0, 2, -8, -4, -7, -7, -7, -3, 0, -2, 0, 1, -7, 4, -8, -4, 0, -8, -6, -4, -4, 3, -6, 3, -2, -3, -5, -3, -7, -2, -3, 2, 3, -1, 3, -3, 0, -3, -2, -8, 3, 4, -5, -8, 1, -8, -6, 0, -8, -1, 1, -1, -6]
 
1.33837920007: [-7, 1, -7, -6, -8, 1, -7, 4, -2, 3, 0, -1, -8, -7, 0, -7, 0, 0, 3, 4, -8, 4, -4, 2, -8, 3, -3, -2, -5, 3, -6, 0, -2, 1, -5, -7, -7, -4, 1, -2, -3, -1, 0, -8, 1, -8, -7, -3, -4, -1, -6, -3, -5, -5, -5, -3, 3, -7, -1, -6, -3, -2, 1, -1, -7, -1, -1, -2, -4, -3, -4, -5, -3, 1, -7, -5, -1, 3, -5, 2, 0, -8, 0, -3, 1, -5, 3, -7, -8, -3, -6, -3, 2, 4, -4, 0, 2, -8, 1, -8, -1, 2, 2, -3, -8, -1, -7, 3, 4, -7, -7, -4, -8, -2, 3, -4, 2, 1, 1, -8, 3, -4, 2, -5, -1, -3, -3, -5]
 
1.24004080941: [2, 0, 1, 0, -8, 1, -7, 4, 3, -5, 2, -1, 1, 2, -5, -4, 4, 4, 0, 4, -8, 1, -1, -4, -1, 1, 1, 2, -5, 1, -1, -8, 0, -3, -5, -3, 3, 4, -1, 2, 2, -5, 2, -3, -2, -3, 1, -6, 3, -5, -1, 0, -1, -5, -1, 3, 0, -5, -7, 4, 4, 0, 2, 3, -7, -6, -7, -6, -8, -1, -8, -5, -1, -3, -7, 4, -2, -5, -5, 2, 1, 2, -5, -3, -5, -5, -4, -5, -6, 1, -8, 4, -4, -3, -3, 4, 1, 2, 3, 2, -8, -8, 2, -1, 2, -7, 2, -8, -8, -6, -6, -6, -2, -5, -2, -2, -5, 1, 2, -1, -3, -3, 1, 3, -5, 1, 3, -3]
 
0.912872315684: [-1, -6, -6, 4, 1, -6, -7, -1, -2, -4, 4, 2, -8, -1, 1, -2, 2, -1, 2, 0, -3, -8, -3, 2, 3, -2, -7, 4, 1, 4, 0, 2, -3, 2, -4, -8, -1, 0, 1, -2, -3, 0, 4, -3, -5, -1, 1, 3, 3, -1, 3, -2, 1, 2, 2, -3, -3, -7, -8, -2, 3, -4, -8, 0, 2, 2, 2, -2, -3, -4, -7, -5, 3, -7, -6, -5, -3, 3, -3, -3, 0, -3, 2, 4, -8, -5, -4, -1, -6, 3, -7, -8, 4, 4, -3, 0, 3, -8, -1, -7, -5, -7, -6, -5, -4, -3, -5, 0, 0, 0, -6, -5, -2, -3, -6, 2, -3, 2, 1, 1, -3, 0, -4, -7, 2, 4, -5, -8]
 
1.60517431337: [-1, -3, -6, 4, 1, -6, -7, -1, -1, -4, 2, 2, -8, -1, -5, -2, -8, -1, 2, -8, 0, -8, -3, 0, 3, -5, -7, 4, 1, -6, 0, 2, -3, 2, -4, -8, -8, 0, 1, -2, -3, -7, 4, -1, -1, -7, -8, 0, 1, -1, -2, -3, 2, 2, -8, -7, 0, -5, -6, -5, 4, -2, -6, -1, 2, -4, -6, 4, -6, 0, -6, -2, 1, -4, -4, -5, -3, -5, -6, 2, 0, 2, -3, -6, -3, 0, -3, -4, -8, -8, -5, 0, -7, 0, 1, -8, -4, -1, -2, -1, -5, -7, -2, 4, -2, -5, 0, 0, 2, -3, 4, -5, -3, -2, -8, 3, 4, -5, -8, 1, -8, -6, 0, -8, -1, 1, -1, -6]
 
0.515279169341: [4, -5, -1, 4, -7, -5, -4, -1, 4, -6, 2, -8, -3, -7, -8, -5, 3, 3, 2, 3, -4, -2, -5, -6, -6, -2, 0, 3, -3, -7, -7, -6, -8, 4, -3, -5, 2, -5, -1, -7, 4, -2, 4, 1, -4, -7, 1, 1, 0, 1, -7, -5, -5, -7, -2, -2, 2, -4, 4, -8, -1, -7, -6, -1, 2, -5, -3, 0, 0, 2, -6, -7, -3, -2, -5, 1, 1, 4, 1, -5, -8, -7, -3, 0, -1, -5, -7, -3, -8, -1, 2, 4, 0, -3, -6, 4, 1, 0, 3, 0, -8, -1, 0, -1, 2, 2, 0, -6, 1, -4, -2, 4, -6, -3, 1, 3, 1, -3, 2, -6, -2, 3, 0, -2, 3, 0, -3, -1]
 
0.97091931465: [-2, -3, -8, 3, 2, 0, -1, -2, -3, -4, 1, 2, -5, 2, 3, -7, 3, 2, -2, 2, -2, -2, 3, -5, -7, -6, 2, -5, -5, 1, -1, -8, 0, -3, 0, -8, 3, -3, -1, -8, -3, -1, 0, -8, 1, -4, -7, -3, -6, -3, 2, -5, -5, -5, -5, -1, 3, 3, -2, -6, -2, -3, 1, 4, -7, -1, 3, -2, -5, 4, -4, 1, -3, 1, 4, -5, -1, 2, -5, 2, 0, -8, -7, -8, -8, -5, 3, -7, -2, 4, -6, -3, 2, -4, 4, -8, -1, -2, 3, 3, -5, 2, -2, -7, -8, -8, 1, -3, 1, 2, -5, 1, -6, 1, 0, -7, -4, -6, -3, -8, -5, -6, -2, 4, -5, -2, 1, -3]
 
1.97176191713: [-2, -3, -8, -4, 2, 0, -1, -2, -3, -4, -1, 2, -3, -7, 2, -7, 3, 2, -2, -4, -2, -2, 3, -5, 3, -6, 2, -5, -1, 1, -1, -8, 0, -3, -5, -3, 3, 4, 1, -2, -3, -1, 0, -8, 1, -8, -7, -3, -4, -1, -6, -3, -5, -5, -5, -3, 3, -7, -1, -6, -3, -2, 1, -1, -7, -1, -1, -2, -4, -3, -4, -5, -3, 1, -7, -5, -1, 3, -5, 2, 1, 2, -5, -3, -5, -5, -4, -5, -6, 1, -8, 4, -4, -3, -3, 4, 1, 2, 3, 2, -8, -8, 2, -1, 2, -7, 2, -8, -8, -6, -6, -6, -2, -5, -2, -2, -5, 1, 2, -1, -3, -3, 1, 3, -5, 1, 3, -3]
 
0.717600490895: [2, 0, 1, 0, -8, 1, -7, 4, 3, -5, 2, -1, 1, 2, -5, -4, 4, 4, 0, 4, -8, 1, -1, -4, -1, 1, 1, 2, -5, 1, -1, -8, 0, -3, -5, -3, 3, 4, -1, 2, 2, -5, 2, -3, -2, -3, 1, -6, 3, -5, -1, 0, -1, -5, -1, 3, 0, -5, -7, 4, 4, 0, 2, 3, -7, -6, -7, -6, -8, -1, -8, -5, -1, -3, -7, 4, -2, -5, -5, 2, 0, -8, 0, -3, 1, -5, 3, -7, -8, -3, -6, -3, 2, 4, 4, -8, -1, -7, 0, -3, -6, 2, -2, -7, -8, -8, 1, -3, 0, 2, -5, 1, -8, 1, 2, -8, -4, -6, -3, -8, -5, -6, -2, 4, -5, -2, 1, 4]
 
2.03025156919: [2, 0, 1, 0, -8, 1, -7, 4, 3, -5, 2, -1, 1, 2, -5, -4, 4, 4, 0, 4, -8, 1, -1, -4, -1, 1, 1, 2, -5, 1, -1, -8, 0, -3, -5, -3, 3, 4, 1, -2, -3, -1, 0, -8, 1, -8, -7, -3, -4, -1, -6, 1, 3, -4, -1, -8, -4, 1, 4, -8, -3, 0, -1, -4, 3, -6, 4, -7, 4, -6, -5, 2, -6, 4, -7, 0, 4, -6, -8, 3, -3, -4, -3, 3, -4, 2, 2, -3, -4, 3, -8, -5, 2, -4, 4, -8, -1, -6, 0, -3, -1, -2, -2, -2, 1, -7, 1, -4, -8, -4, 2, -8, -2, 1, 2, -8, -4, -6, 2, 3, -2, 1, 0, -2, 3, 2, -1, -1]
 
1.13692442235: [-6, -8, -8, -1, -1, -6, -8, -4, -3, 2, 0, 1, -3, 2, -8, 3, 0, 3, -2, -2, -7, -8, -8, -6, 3, -4, -7, 3, -1, 3, 1, 2, 2, -3, -4, 1, 1, -3, -8, -2, -3, -2, 4, 1, -2, -8, -4, 0, -7, -2, -7, -3, -5, -5, -5, -3, 3, -7, -1, -6, -3, -2, 1, -1, -7, -1, -1, -2, -4, -3, -4, -5, -3, 1, -7, -5, -1, 3, -5, 2, 0, -8, 0, -3, 1, -5, 3, -7, -8, -3, -6, -3, 2, 4, -4, 0, 2, -8, 1, -8, -1, 2, 2, -3, -8, -1, -7, 3, 4, -7, -7, -4, -8, -2, 3, -4, 2, 1, 1, -8, 3, -4, 2, -5, -1, -3, -3, -5]
 
2.74356094042: [2, 0, 1, 0, -7, 0, -6, -1, 4, 0, 1, -5, -3, 1, 4, 1, 3, -8, 2, -8, -4, -2, -5, 4, -7, -2, 0, -6, 3, -7, 2, 4, -8, -7, -2, 1, 1, -5, -1, -7, -3, -7, 4, 1, -4, -7, 2, -6, -7, 1, -7, 1, -5, 2, -8, 4, 2, 1, -2, -8, -6, -2, -6, 0, -3, -5, -4, -3, -6, -2, -6, -2, 1, -2, -4, -5, 4, -6, 2, 0, -1, 2, -2, -1, -7, -2, 2, 0, -4, -2, 4, -8, 2, 3, 3, 0, 4, 0, 2, -7, 2, -3, 4, -6, -4, 1, -5, 0, -4, -7, -5, 0, -7, 3, 1, 3, 1, -3, -6, -3, -6, -3, -1, 4, -3, -2, 1, -4]
 
1.11299825644: [2, -1, 1, -7, 4, -6, 2, -1, 4, 0, -3, -5, -3, -6, -3, 1, -7, -6, 2, -6, -8, -2, -5, -8, -6, 3, -2, -6, -1, -7, 2, 2, -6, -3, -4, -4, -6, -8, -6, -2, -8, -3, -4, -1, -1, 0, -8, 3, 1, 1, -5, -3, 2, 2, -1, -1, 0, -3, -6, -1, 4, -7, -6, -1, 2, -2, 3, -7, -6, 0, 3, 3, -5, -5, -6, -6, -3, 1, 0, 2, 0, 2, 1, -1, -7, -5, -4, -8, 2, -2, 2, 1, 0, 3, -3, 0, 2, 0, -1, 2, -2, 2, -3, 1, -5, 4, 1, 1, -1, -7, -6, 0, 3, -4, -8, -4, 1, -8, -3, 2, -4, 2, 3, 2, 4, -2, 1, 2]
 
2.26908116312: [-6, -8, -8, -8, -1, -6, -8, -4, -3, 2, 4, 1, -3, 2, -8, 0, 3, -2, -7, -8, -8, -2, -4, 1, -2, -1, 0, 3, 4, -7, 1, 4, 1, 4, -2, 1, 1, 4, -2, -2, -3, -7, -3, -7, -6, -7, 1, -6, -7, 1, -7, -4, -5, -5, -8, 4, 2, -4, -2, -8, -3, -2, -6, -4, -6, -5, -2, -3, -5, -2, -2, -2, -5, -2, -4, -1, 0, 4, -6, 0, -1, -2, -2, -7, -7, -7, 2, 4, -4, 1, -2, -8, -1, 1, -6, 0, 4, 0, 2, -5, -1, 0, 1, -7, -5, -5, -7, -8, -8, -6, -6, -6, -6, -4, -2, 2, -5, -6, -8, 1, -8, -6, 0, -8, -1, 1, -1, -6]
 
2.37543310179: [-1, -3, -6, 4, 1, -6, -7, -1, -1, -4, 2, 2, -8, -1, -5, -2, -8, -1, 2, -8, 0, -8, -3, 0, 3, -5, -7, 4, 1, -6, 0, 2, -3, 2, -4, -8, -8, 0, 1, -2, -3, -7, 4, -3, -5, -1, 1, -7, 0, 0, -7, -2, 1, 2, -6, 2, -3, 2, -6, -2, 3, -2, -8, 0, 2, -6, 2, -2, -6, 2, -7, 2, -5, -7, -6, -5, 1, 3, -3, -1, 0, 3, -1, -6, -3, 0, -3, -4, -8, -8, -5, 0, -7, 0, 1, -8, -4, -1, -2, -1, -5, -7, -2, 4, -2, -5, 0, 0, 2, -3, 4, -5, -3, -2, -8, 3, 4, -5, -3, 2, 2, -3, -8, 3, -8, 2, -1, -5]
 
2.11440529583: [-8, -8, 0, 3, -5, -6, 0, 4, 4, -5, -6, -3, -8, -4, -3, -2, 0, 0, -7, -8, -8, 4, -4, 2, -3, -2, 3, 3, -5, 3, -6, -4, 0, -6, -5, -4, -7, -4, -1, -4, 4, -5, 2, -3, -2, -3, 1, -6, 3, -5, -1, 0, -7, -5, -1, 3, -8, -5, -7, 2, 4, 0, -6, 3, -7, -6, -7, -6, 2, -8, -8, -5, -1, -3, -5, 4, -2, -5, 1, 3, -3, -4, -6, 3, 4, 2, 2, -3, -4, 3, 4, -5, 2, -5, 4, -4, -1, -6, 0, -3, -4, 2, -2, -4, -2, 3, 1, 1, 0, -6, -5, 1, -8, -1, -2, -4, -5, 4, 2, -8, 4, -4, -5, -3, -1, -3, -1, -4]
 
2.86373600727: [-7, 1, -7, -6, -8, 1, -7, 4, -2, 3, 0, -1, -8, -7, 0, -7, 0, 0, 3, 4, -8, 4, -4, 2, -8, 3, -3, -2, -5, 3, -6, 0, -2, 1, -5, -7, -7, -4, -1, 2, 2, -5, 2, -3, -2, -3, 1, -6, 3, -5, -1, 0, -1, -5, -1, 3, 0, -5, -7, 4, 4, 0, 2, 3, -7, -6, -7, -6, -8, -1, -8, -5, -1, -3, -7, 4, -2, -5, -5, 2, 1, 2, -5, -3, -5, -5, -4, -5, -6, 1, -8, 4, -4, -3, -3, 4, 1, 2, 3, 2, -8, -8, 2, -1, 2, -7, 2, -6, -4, -7, -3, 0, -6, 3, 1, 3, 1, -3, -6, -1, -6, -6, -1, 4, 1, -2, 1, 4]
 
1.04148273272: [1, -8, -5, 1, -2, -1, 3, 4, -6, -4, 4, 0, 0, -7, 4, 4, 0, -1, 4, -4, -8, 1, -7, 3, -7, 0, -3, -7, -6, -6, -2, -4, -5, -6, -5, 3, -2, -1, 1, 3, -7, 4, -4, 1, -3, -2, -2, 2, -3, -2, -5, -1, 2, -8, -8, 1, -7, -2, 2, -6, 3, -2, 2, -1, -4, -1, 3, -2, 1, -2, -6, -2, -7, -7, -4, 4, -3, -5, -3, 2, -3, -4, -3, -1, -8, 2, 4, -5, 0, -2, 2, -3, 2, 3, -3, 0, 3, 3, 2, 1, 2, -5, 4, -6, 4, 1, -5, 0, 3, -2, -5, 2, -7, 3, 0, -4, -1, -3, -6, -4, -8, -3, -1, 4, -3, -2, -7, -8]
 
2.15582142268: [2, 1, 1, -7, -7, -6, 2, -1, 4, 0, -3, -5, -3, -6, 4, 1, -8, -8, 2, -6, -4, -2, -5, 4, -6, 2, -2, -6, -7, -7, 2, 2, -6, -3, -7, 3, 4, -5, -6, -2, -8, -7, -4, -1, -1, 0, -8, 3, 1, -1, -5, -3, 2, 2, -8, -1, 0, 3, -6, 1, 4, -2, -6, -1, 2, -2, -6, 4, -6, 0, -6, 1, 2, -1, -6, -6, -3, -5, -3, 2, 0, 2, -1, 1, -8, -5, -4, -1, -7, -2, 2, -8, 2, 4, 1, -1, -8, -8, 1, -8, -1, -7, -7, -3, -8, 3, -6, -5, -7, 4, -4, -5, -1, 4, -2, -2, -1, -5, 1, -7, -3, -4, 1, -5, -1, -2, -3, -3]
 
1.63959988126: [-1, -3, -6, 4, 1, -6, -7, -1, -1, -4, 2, 2, -8, -1, -5, -2, -8, -1, 2, -8, 0, -8, -3, 0, 3, -5, -7, 4, 1, -6, 0, 2, -3, 2, -4, -8, -8, 0, 1, -2, -3, -7, 4, -3, -5, -1, 1, -7, 0, 0, -7, -2, 1, 2, -6, 2, -3, 2, -2, -8, -6, -2, -6, 0, -3, -5, -4, -3, -6, -2, -6, -2, 1, -2, -4, -5, 4, -6, 2, 0, -1, 2, -2, -1, -7, -2, 2, 0, -4, -2, 4, -8, 2, 3, 3, 0, 4, 0, -1, 2, -1, 0, -2, 1, -5, 4, 1, -8, -8, -6, -6, -6, -2, -5, -2, -2, -5, 1, 2, -1, -3, -3, 1, 3, -5, 1, 3, -3]
 
1.23970056292: [-1, -3, -6, 4, -4, -6, -7, -5, -6, -4, 2, 2, -2, 0, -5, -2, 4, -8, 2, -8, -4, -2, -5, 4, -7, 0, 4, -6, -5, -4, 2, -1, -8, -4, -2, -6, 1, -5, -1, -7, -3, -7, 4, 1, -4, -7, 2, -6, -7, 1, -7, 1, -5, 2, -8, 4, 2, 1, -6, -2, 3, -2, -8, 0, 2, -6, 2, -2, -6, 2, -7, 2, -5, -7, -6, -5, 1, 3, -3, -1, 0, 3, -1, 1, -8, -5, -4, -1, -6, -2, 2, -8, 2, 4, -3, 0, 3, 0, 2, -7, 2, 1, 4, -6, -4, -3, -5, 0, 0, 3, -6, -5, -2, -3, -6, 2, -3, 2, 1, -7, -3, 3, -6, -5, 1, 1, 1, -8]
 
2.1448274206: [-2, -3, -8, -4, 2, 0, -1, -2, -3, -4, -1, 2, -3, -7, 2, -7, 3, 2, -2, -4, -2, -2, 3, -5, 3, -6, 2, -5, -1, 1, -1, -8, 0, -3, -5, -3, 3, 4, 1, -2, -3, -1, 0, -8, 1, -8, -7, -3, -4, -1, -6, -3, -5, -5, -5, -3, 3, -7, -1, -6, -3, -2, 1, -1, -7, -1, -1, -2, -4, -3, -4, -5, -3, 1, -7, -5, -1, 3, -5, 2, 1, 2, -5, -3, -5, -5, -4, -5, -6, 1, -8, 4, -4, -3, -3, 4, 1, 2, 3, 2, -8, -8, 2, -1, 2, -7, 2, -8, -8, -6, -6, -6, -2, -5, -2, -2, -5, 1, 2, -3, -6, -3, -1, 4, -3, -2, 1, -4]
 
2.45416289559: [2, 1, 1, -7, -7, -6, 2, -1, 4, 0, -3, -5, -3, -6, 4, 1, -8, -8, 2, -6, -4, -2, -5, 4, -6, 2, -2, -6, -7, -7, 2, 2, -6, -3, -7, 3, 4, -5, -6, -2, -8, -7, -4, -1, -1, 0, -8, 3, 1, -1, -5, -3, 2, 2, -8, -1, 0, 3, -6, 1, 4, -2, -6, -1, 2, -2, -6, 4, -6, 0, -6, 1, 2, -1, -6, -6, -3, -5, -3, 2, 0, 2, -1, 1, -8, -5, -4, -5, -6, -2, 2, 1, 2, 3, -3, 0, 3, 0, 2, -7, 2, -3, 4, -6, -4, 1, -5, 0, -4, -7, -5, 0, -7, 3, 1, 3, 1, -3, -6, -1, -3, -3, 1, 3, -5, 1, 3, -3]
 
0.800827465087: [-4, -8, -3, -1, -8, -6, 3, 4, -6, -4, -8, 2, -2, -7, 4, 0, -3, -1, 4, -4, -8, -8, 1, -2, -7, 0, -3, -1, -6, -6, -6, -4, -5, -6, -8, 3, -2, -1, -6, 0, -7, 4, -3, 1, 1, -8, -1, 2, -3, -7, -7, -2, 1, 2, -6, 2, -3, 2, -2, -8, -6, -2, -6, 0, -3, -5, -4, -3, -6, -2, -6, -2, 1, -2, -4, -5, 4, -6, 2, 0, -1, 2, -2, -1, -7, -2, 2, 0, -4, -2, 4, -8, 2, 3, 3, 0, 4, 0, -1, 2, -1, 0, -2, 1, -5, 4, 1, -8, -8, -6, -6, -6, -2, -5, -2, -2, -5, 1, 2, -1, -3, -3, 1, 3, -5, 1, 3, -3]
 
1.18067107089: [-1, -3, -6, -3, 1, -1, 2, -1, -1, -8, 2, 1, -5, -6, -5, -5, 4, -1, 2, -8, -7, -8, -3, 0, -5, -5, -7, -3, -5, -3, 0, -7, 2, 2, -4, -8, -7, 0, 1, -2, -3, -7, 4, -3, 1, -2, 1, -7, 0, 3, -2, 3, 2, -4, 2, -2, -7, -1, 2, -6, 3, -5, 2, -8, -4, -2, 3, -2, -3, 0, -6, -2, -6, 2, -5, 1, -2, -1, -5, -2, 4, -8, -3, -1, -8, 2, 4, 0, 3, -2, 2, -8, 2, 4, -4, -1, -2, -8, -5, -8, -1, -7, -2, -3, -8, 3, -6, -5, -7, 4, -2, -7, -1, 4, -2, -2, -1, -5, -6, -7, -1, 0, 1, -5, -1, -2, -3, -7]
 
1.26172393674: [-5, -8, 1, 0, -8, 1, -7, -2, 3, -5, -8, -5, 1, 2, -5, -4, 4, 4, 0, 4, -8, 0, -1, -4, -1, 1, 1, -2, -5, -3, -1, 4, 3, -2, 0, 1, 1, -5, -6, -5, 1, 4, -7, -8, -1, 1, -2, -3, 3, 1, -3, -7, -1, 2, 4, 3, -2, 1, -5, -3, -6, -1, -6, -8, -7, 0, -1, 0, -6, -3, -5, -3, -5, 4, -8, 0, -8, 3, 3, -7, -7, -4, -3, 0, -2, 0, 1, -7, 4, -8, 4, 0, 0, 3, -4, 3, 3, -6, 3, 0, -3, -5, -7, -5, -2, -3, 2, -6, -1, -1, -3, 0, -3, 4, -2, -5, -2, 4, 2, -2, -2, 1, -7, -3, -7, -7, -5, -7]
 
0.48600444005: [3, -7, -1, 0, -7, 0, 4, -6, -8, -5, -3, 0, -2, 1, -6, -1, -3, -8, 2, 4, -8, 3, 0, -8, -6, 0, -1, 4, 3, 1, 2, -8, 0, -3, -5, -3, 3, 4, -1, 2, 2, -5, 2, -3, -2, -3, 1, -6, 3, -5, -1, 0, -1, -5, -1, 3, 0, -5, -7, 4, 4, 0, 2, 3, -7, -6, -7, -6, -8, -1, -8, -5, -1, -3, -7, 4, -2, -5, -5, 2, 0, -8, 0, -3, 1, -5, 3, -7, -8, -3, -6, -3, 2, 4, 4, -8, -1, -7, 0, -3, -6, 2, -2, -7, -8, -8, 1, -3, 0, 2, -5, 1, -8, 1, 2, -8, -4, -6, -3, -8, -5, -6, -2, 4, -5, -2, 1, 4]
 
