4.483137874806337: [-3, -8, -2, 3, -4, -6, -1, -2, 3, -1, -6, 4, -5, 3, 0, 2, -5, -6, 1, -4, -2, -2, 3, -4, -5, -4, -4, 0, -4, -5, -7, -3, -6, -5, -2, 4, 4, -5, -8, -2, 3, -1, -1, -6, -3, 0, -5, -8, 0, -8, -8, -3, -5, 2, 1, 1, 4, 1, -2, 3, -7, -1, 4, 2, 3, -7, -7, 3, 0, -5, -4, 4, -3, -8, 0, -6, 4, -6, 2, 0, -1, 2, -2, 0, -7, -2, -4, 0, -4, -2, -2, -8, 2, 4, 3, -4, 1, -4, -4, 3, 2, -8, 2, -3, -7, -1, -5, 0, -8, -7, -7, 0, -6, 3, 3, 2, 1, -8, 1, -3, -5, -1, -1, -4, 0, 1, 1, -6]
 
2.379439821769804: [2, -2, 2, 4, -8, -4, 0, -2, -5, -4, -6, 0, -7, -1, 4, 0, -8, -6, 1, -4, -2, -1, 0, -4, 3, -4, 2, 3, -1, 1, 1, 2, -3, -1, -8, 1, 1, -5, -8, -2, -7, -5, -4, 3, 4, -2, 4, -8, -8, -7, -7, -1, -5, -1, -3, 3, 4, 1, -2, 3, 4, -1, -7, 2, 3, -4, -1, 3, 0, 0, -1, -5, -3, -8, -1, -6, 4, -6, 2, 0, -1, 2, -2, 0, -7, -2, -4, 0, -4, -2, -2, -8, -5, 4, 3, -5, -1, -3, -4, -4, -8, -8, -1, -3, 4, -1, -5, 0, -8, -7, 1, -2, 4, 3, 3, 2, 1, -8, 2, -6, 3, -5, 4, -4, 2, 1, -6, 4]
 
2.9102499672593307: [-7, 0, -6, 0, -5, 0, -6, -2, -1, 4, -1, -7, 3, 1, 0, -8, 2, -4, -5, -2, -4, 1, 1, -7, 0, -1, -8, 3, -3, -7, 3, -2, -5, -7, -8, -2, -1, 4, 1, 0, -7, -5, 0, 1, 1, -8, -5, -3, -3, -1, -2, -3, 2, 2, -8, -7, 3, -1, -6, -6, -1, -2, -6, -1, -3, -2, -1, -2, -6, -2, -6, 4, -3, -8, 0, -6, 4, -6, 2, 0, -1, 2, -2, 0, -7, -2, -4, 0, -4, -2, -2, -8, 2, 4, 3, -8, -1, -6, 0, 4, -1, 3, -2, 1, -8, 0, -5, -8, -1, -6, -4, 4, -2, 0, 0, -1, -5, -1, -4, -5, 4, -2, -5, 3, -2, -3, -6, 1]
 
0.7654685911790942: [-3, -8, -2, 3, -4, -6, -1, -2, 3, -1, -6, 4, -5, 3, 0, 2, -1, -6, 1, -4, -2, -4, 3, -5, 3, -4, -7, 3, -1, 1, 1, 2, -8, -5, 0, 2, 4, -5, -8, -5, 3, -1, -1, -2, 4, 3, -5, 3, -6, -4, -3, -3, -7, -2, 4, 0, -3, 2, -5, -5, -1, -2, -3, -7, 3, -4, -1, -3, 0, -4, -8, -1, -1, -3, -5, 1, 0, -3, -4, -3, 0, -8, -3, 3, -3, 3, -2, -3, 4, -3, -3, -8, 0, 4, 4, -8, -1, 0, -2, 3, -6, 3, -2, -1, 3, 0, 2, 2, -2, -2, -4, 4, -1, 4, -4, -5, 0, 0, -8, 3, -3, -6, -2, 1, -7, -7, -5, 2]
 
1.197061160126503: [2, -8, -2, 3, -4, -6, -1, -2, 3, -8, -6, 4, 3, 3, 0, 2, -1, -3, 4, -4, -2, -4, -5, -5, 3, -2, -7, 3, -1, -3, 1, -2, 0, -3, -4, -8, 1, -5, -8, -2, -7, -5, -8, 1, 1, -8, -3, -4, -3, -1, -2, -3, 3, 2, -1, -7, 3, -6, -6, -6, -1, -2, -2, -1, -3, -2, -1, -6, -6, -2, 0, 3, -1, -3, 4, -4, -8, -8, -4, 4, 0, -2, -3, -1, 0, -5, -8, 4, -4, -8, -2, 0, 2, -4, 4, -8, -3, 0, 0, 4, 4, 0, -6, -4, 4, 3, -5, 1, -7, -6, -8, 4, -2, 4, -2, -1, 1, -5, -4, 2, 3, -3, -6, -1, -2, -3, -2, -2]
 
0.6323005545392708: [4, -8, -2, 3, -6, -6, -1, -2, 3, -1, 1, 4, -1, 1, 0, 2, -5, -1, -5, -4, -2, -1, 3, -7, -2, -4, -5, 3, -1, 1, 2, 2, 2, 3, -4, -7, 1, -6, -8, 2, -8, -5, -1, 3, 3, 2, -1, -5, 0, -3, -8, -3, -7, 2, -6, 1, 3, -7, -5, -6, 4, -2, -8, -7, 3, -4, -1, -3, -4, -4, -8, -1, -1, -3, -5, 1, 0, 4, -5, 1, 4, 2, -3, 3, -3, 3, -2, -3, 4, 0, -3, -8, 0, 4, -7, -2, -1, 3, -2, 3, -7, 3, 1, -1, 3, 2, 2, -6, 2, -4, -4, 3, -1, -4, -7, -5, 3, 2, -4, 3, -3, -6, 3, -1, -7, -7, 2, 2]
 
2.7174931090647023: [-2, 1, 2, -7, -4, 0, -2, 2, -1, 2, -4, -2, -1, -2, 0, -8, -1, -6, 1, -4, -2, -4, 3, -5, 3, -4, -7, 3, -1, 1, 1, 2, -3, -3, -4, 1, 1, -5, -8, -2, -3, -7, 4, 1, -4, -7, -8, -5, -2, -5, -1, -6, -5, 4, -8, 0, 3, 2, -2, -6, -1, -2, -6, -7, 3, -4, -1, -2, 4, -1, 1, 4, -1, -3, -5, -6, 0, -8, -4, -3, 0, -3, -3, 4, -6, -5, -7, -6, -4, -5, 1, 0, 4, -2, 3, -4, 1, -4, -4, 3, 2, -8, 2, -3, -7, -1, -5, 0, -8, -7, -7, 0, -6, 3, 3, 2, 1, -8, 1, -3, -5, -1, -1, -4, 0, 1, 1, -6]
 
1.588529140437528: [-4, -4, -1, 2, 3, -4, 0, 3, 2, 0, 0, 1, -7, -1, 0, -6, -1, 3, 2, -6, -2, -2, -4, 2, 3, -8, 3, 3, -1, 1, -2, 4, -2, -4, 1, 3, 2, -1, -8, -7, -2, -1, -6, 1, 2, -2, 4, -4, -8, 4, -7, -1, 3, -1, -4, 4, 4, 1, -2, 3, -7, -1, 4, 2, 3, -7, -7, 3, 0, -5, -4, 4, -3, -8, 0, -6, 4, -6, 2, 0, -1, 2, -2, 0, -7, -2, -4, 0, -4, -2, -2, -8, 2, 4, 3, -4, 1, -4, -4, 3, 2, -8, -2, 1, -8, 3, 1, -8, -8, -6, -4, 0, -2, 4, -2, -2, -5, -1, -4, -7, 4, -4, 1, -5, -1, -3, -6, -2]
 
1.1379645513646757: [-4, -4, -6, 2, 3, -4, 0, 4, 2, 0, 0, -4, -7, -1, 0, -1, -5, -6, 1, 4, -2, -8, -4, -4, 3, -4, 0, 3, -1, 1, 0, -4, 0, -7, -4, -5, 2, -5, -7, -8, 0, -5, -4, -8, -2, -2, -8, 0, -8, 4, -7, -5, 3, -1, -4, -2, -3, 3, 3, 3, -8, -1, -6, -3, 3, -7, -2, -7, 3, -3, -2, -1, -3, -8, 0, 4, -6, -6, 2, 0, -1, 2, 4, 0, -5, 3, -3, -7, -4, -2, -2, -8, -6, 3, 2, -4, -6, 0, 4, 4, -1, 3, -2, -3, -8, 1, -5, 0, -4, -5, -7, 0, -6, -6, 3, 2, -8, -7, -5, 1, -5, -1, 2, 1, 0, 1, 1, -6]
 
1.53915010799: [-2, 1, 2, -7, 2, 0, -2, -1, -1, -5, -7, -2, -1, -2, 0, -8, -4, 1, -6, -2, -2, 2, 0, -3, 4, 2, 1, -6, 4, -6, 4, 0, 3, 1, 3, 4, -2, -3, 4, 0, -4, -5, -1, -1, -6, -2, 2, -7, -7, 3, -7, 1, -5, 1, -5, -8, -4, 1, -2, -5, 0, -1, -1, -4, 3, -6, 4, -7, -3, -6, -5, 2, -6, -5, 1, 0, 4, -3, -8, 3, -8, -4, -2, 3, -4, 2, 2, -3, -4, 3, -8, 1, 2, 1, 4, 4, -7, -5, -4, 3, 2, -8, -7, 4, -7, 1, -8, 0, -5, -7, -7, -7, -6, 3, 3, 2, -4, -8, 4, -3, -5, -1, -1, -5, -7, 1, 1, -6]
 
0.7623549439603449: [-3, -8, -6, 3, 3, -6, -2, -2, 3, -1, -6, -8, 3, 3, 0, -7, -5, -6, 1, -6, -2, -2, 3, -7, -3, -4, 4, -8, -1, 1, 3, 2, 0, -3, -4, 1, 1, -5, -7, -2, 0, -5, -1, 1, 3, 2, 2, -2, -6, -8, -8, -7, -5, 2, -4, 1, 0, -4, -5, -4, -1, -2, 2, -7, -7, -4, 1, -2, 0, -1, -5, 4, 0, -3, -5, 0, 0, -8, -4, 3, 0, -3, -3, 4, 0, -5, -7, 3, -1, -5, -4, -1, 4, 2, 4, -5, -1, -3, 3, -5, -6, 3, -5, -3, -7, 3, -3, 0, -8, -7, -7, 0, -6, 3, -6, -1, 1, 2, 1, -3, -3, 3, -1, -4, 0, -3, -6, -2]
 
0.80903650466: [4, -8, -1, 3, -4, 1, -1, -2, -5, -1, -8, 4, -5, 3, 0, 2, 0, -6, 4, -4, -2, -4, 2, -3, 3, 3, -4, 3, -4, 1, 1, -1, -3, -3, -4, 1, 1, -7, -8, 3, -3, 1, 0, 1, 2, -6, 4, 4, -8, 4, -7, 2, 3, 0, -6, 4, 4, 1, -8, 3, -7, -8, -6, -3, 3, -2, -6, -2, -6, -2, 2, 4, -1, -8, -3, -6, 0, -8, -6, 2, 0, -6, -3, -5, 1, -5, -8, -3, 0, -8, -2, 0, 4, -2, 3, -5, -5, -7, 3, -1, -5, 3, -3, -6, -4, 3, -1, -3, 2, 3, 4, -5, 4, -6, 4, -8, -5, -5, 2, 3, -3, 0, -8, 3, -1, 0, 1, -2]
 
1.90828524249: [-2, 0, 1, -7, -5, 1, -6, 4, -1, -6, -4, 2, 3, -4, -7, -4, 3, -3, -1, -2, 0, -7, -5, 3, -7, -7, 1, -2, -2, -5, -7, 1, 1, -1, -2, -8, -4, -3, -6, -8, -1, 3, -5, -7, 4, -2, 4, -5, -8, 4, -1, -1, 2, 0, 3, 0, -8, -7, -4, 3, -7, 0, 4, 2, 3, -1, -7, -6, 0, -1, -4, -1, 3, -2, -8, 1, 0, -6, -6, 0, -1, 2, -8, -8, -7, -2, -7, -1, -6, -2, 3, -8, 2, 4, 2, -4, 1, -4, -4, 3, -2, -8, 2, -5, 1, -1, -5, 0, -8, -7, -3, 0, -6, 3, -3, -4, 1, -8, 1, 0, -3, -4, 4, -8, 0, -1, -8, 0]
 
2.941581889385292: [-2, 1, 2, -7, -5, 0, -6, -2, -1, 4, -1, -7, 3, 1, -8, 0, -6, -2, 0, -2, 0, 1, -5, -2, -5, -4, -4, 0, -4, -5, -7, -3, -6, -5, -2, 4, 4, -5, -8, -2, 3, -1, -1, -6, -3, 0, -5, -8, 0, -8, -8, -3, -5, 2, 1, 1, 0, -6, -5, -4, -2, -5, -6, -1, 2, 3, -7, -5, 3, -4, -5, 4, -3, -2, 2, -6, -6, 4, 4, -7, -5, -6, -3, 3, -3, -5, 3, -7, -4, -8, -2, 0, 2, -4, 4, -8, -1, -6, 0, 4, -1, 3, -2, 1, -8, 3, 1, -8, -8, -6, -4, 0, -2, 4, -2, -2, -5, -1, -4, -7, 4, -4, 1, -5, -1, -3, -6, -2]
 
3.031165256072798: [-2, 1, 2, -7, -5, 0, -6, -2, -1, 4, -1, -2, -1, -2, 0, -8, -1, -6, 1, -4, -2, -4, 3, -5, 3, -4, -7, 3, -1, 1, 1, 2, -3, -3, -4, 1, 1, -5, -8, -2, -3, -7, 4, 1, -4, -7, -8, -5, -2, -5, -1, -6, -5, 4, -8, 0, 3, 2, -2, -6, -1, -2, -6, -7, 3, -4, -1, -2, 4, -1, 1, 4, -1, -3, -5, -6, 0, -8, -4, -3, 0, -3, -3, 4, -6, -5, -7, -6, -4, -5, 1, 0, 4, -2, 3, -4, 1, -4, -4, 3, 2, -8, 2, -3, -7, -1, -5, 0, -8, -7, -7, 0, -6, 3, 3, 2, 1, -8, 1, -3, -5, -1, -1, -4, 0, 1, 1, -6]
 
2.0793734592045956: [-3, -7, -4, 3, 3, 0, -5, -3, -4, -8, 1, 4, 2, 1, -1, -1, -5, -6, -1, -6, -2, 1, 0, -3, 4, 2, 1, 1, 4, -5, -6, 0, -3, 1, 3, -7, -2, -3, 4, 0, -5, -5, -1, -1, -7, -2, -2, -7, -8, 3, -7, 1, -5, 1, -8, 1, 0, -6, -5, -4, -2, -5, -6, -1, 2, 3, -7, -5, 3, -4, -5, 4, -3, -2, 2, -6, -6, 4, 4, -7, -5, -6, -3, 3, -3, -5, 3, -7, -4, -8, -2, 0, 2, -4, 4, -8, -1, -6, 0, 4, -1, 3, -2, 1, -8, 3, 1, -8, -8, -6, -4, 0, -2, 4, -2, -2, -5, -1, -4, -7, 4, -4, 1, -5, -1, -3, -6, -2]
 
2.578172935179134: [-4, -4, -6, 2, 3, -4, 0, 4, 2, 0, 0, -4, -7, -1, 0, -6, -1, 3, -4, -8, -2, -5, 3, -1, -6, 0, 3, 3, -1, -8, 1, 4, -2, -5, -2, 4, 4, -5, -8, -2, 3, -1, -1, -6, -3, 0, -5, -8, 0, -8, -8, -3, -5, 2, 1, 1, 0, -6, -5, -4, -2, -5, -6, -1, 2, 3, -7, -5, 3, -4, -5, 4, -3, -2, 2, -6, -6, 4, 4, -7, -5, -6, -3, 3, -3, -5, 3, -7, -4, -8, -2, 0, 2, -4, 4, -8, -1, -6, 0, 4, -1, 3, -2, 1, -8, 3, 1, -8, -8, -6, -4, 0, -2, 4, -2, -2, -5, -1, -4, -7, 4, -4, 1, -5, -1, -3, -6, -2]
 
1.3767803688539089: [-3, -8, -2, 3, -4, -6, 0, -2, 3, -1, -6, 4, -5, -7, -8, 2, 4, -6, 1, -1, -2, -2, 3, 1, 3, -4, 3, 3, 2, 1, -5, -4, 3, -3, -7, 1, 1, -5, 3, -2, 0, -5, -5, -7, 2, -2, 4, -4, -8, 4, -6, -6, 3, -1, -4, -7, 4, -4, -1, -8, -7, -4, -3, 2, 3, -7, -7, 3, 0, -5, -2, 3, -5, -8, 4, -6, 4, -6, 4, -1, -1, 2, -2, 0, 2, -5, -4, 0, -4, -2, -5, -8, 2, 4, -4, 0, -2, -4, 2, 3, 2, 1, 4, 1, -7, -1, -5, 0, -1, 2, -7, -4, -2, -3, -6, 4, -5, -2, -5, 3, 4, -4, -7, -6, -1, -3, -6, -2]
 
1.3816233416547576: [-1, 3, 3, -4, -2, -7, -7, -2, -1, 3, -1, -7, 1, 1, 3, -3, -6, -2, 2, -2, 2, -4, -5, -2, -5, -4, -4, -6, 2, 2, 4, -3, -6, -5, -2, -4, 4, 0, -8, -8, -5, -1, 1, -6, -3, 0, 2, -8, 0, -3, -8, -3, -5, -4, 1, 1, -5, -6, -5, -4, -1, -5, -8, -1, -8, 3, -7, 0, 3, -4, -5, 4, 3, -1, 2, 1, -5, -1, 4, -7, -5, -6, -3, -4, -3, -5, 3, -5, 4, -2, -2, 0, 0, -1, 4, -5, 4, -8, 3, -1, -5, 3, -4, -6, -4, -5, -2, -7, 2, 3, 0, -2, -3, -6, -4, -8, -6, 3, -6, -4, -3, 0, -7, -1, 0, -5, 0, -6]
 
1.2308276280456898: [-1, -3, 2, -7, -5, 0, -6, -2, -1, -2, -1, -1, 3, 1, -8, 0, -6, -2, -7, -2, -2, -6, -5, -2, -4, -5, -4, 3, -4, -5, -7, -6, -6, 3, -2, 4, 0, -5, -1, -8, 3, -1, -1, -5, -3, 0, -5, -8, -5, -2, -6, -3, -5, 1, -5, 1, 0, -6, -5, -4, 4, 0, -7, 2, 2, -4, -5, -5, -5, 0, 3, -2, -7, -8, 1, -2, -1, 0, -4, -7, -1, 2, 1, -7, -7, -2, -4, 0, -6, -2, 1, 0, 3, -2, -5, 4, 2, 3, -8, -4, 1, 3, -6, -6, -2, -5, -8, 0, 2, 3, -1, -2, -3, -5, -6, 4, -5, -5, 2, 2, -1, 0, -7, 3, -1, -2, 0, -6]
 
1.28644480336: [4, 3, 3, 2, -4, -8, 2, -2, -7, -4, 0, 1, -8, -2, 0, -8, -8, -2, -7, -2, -2, 1, -8, -2, -8, 1, -7, -8, -5, -1, -3, -8, -2, -2, 3, 4, 4, 2, -7, 1, 3, -1, 0, -4, 4, -4, -4, -8, -3, -1, -3, -3, -1, 2, -4, -1, 1, -6, -2, 2, -2, -3, 2, -1, -6, 3, -5, -5, -4, 3, -5, -4, -5, 3, 4, -3, -8, 4, 4, 2, -6, -4, -5, 4, -3, 1, 3, -2, 1, -2, -2, 1, -1, -2, 1, -7, -2, 0, 2, 4, -6, -4, 1, 1, 2, -3, 1, -6, -3, -4, -7, 3, -1, -8, -4, 3, 0, -1, 0, -1, 0, -4, 4, -5, 2, -1, -2, 2]
 
1.6819977336368868: [-7, 3, 2, -7, -3, 4, 1, -5, -1, -8, -3, -2, 2, 1, -8, 4, -6, -2, 0, -2, -1, -1, -5, -2, -5, 2, -4, -5, -4, -5, -7, -3, -8, -5, 0, 2, 4, -5, -8, -5, 3, -1, -1, -2, 4, 3, -5, 3, -6, -4, -3, -3, -7, -2, 4, 0, -3, 2, -5, -5, -1, -2, -3, -7, 3, -4, -1, -3, 0, -4, -8, -1, -1, -3, -5, 1, 0, -3, -4, -3, 0, -8, -3, 3, -3, 3, -2, -3, 4, -3, -3, -8, 0, 4, 4, -8, -1, 0, -2, 3, -6, 3, -2, -1, 3, 0, 2, 2, -2, -2, -4, 4, -1, 4, -4, -5, 0, 0, -8, 3, -3, -6, -2, 1, -7, -7, -5, 2]
 
2.0158730237911375: [-3, -7, -4, 3, 3, 0, -5, -3, -4, -8, 1, 4, 2, 1, -1, -1, -5, -6, 1, 4, -2, -8, -4, -4, 3, -4, 0, 3, -1, 1, 0, -4, 0, -7, -4, -5, 2, -5, -7, -8, 0, -5, -4, -8, -2, -2, -8, 0, -8, 4, -7, -5, 3, -1, -4, -2, -3, 3, 3, 3, -8, -1, 4, 2, 3, -7, -7, 3, 0, -5, -4, 4, -3, -8, 0, -6, 4, -6, 2, 0, -1, 2, -2, 0, -7, -2, -4, 0, -4, -2, -2, -8, 2, 4, 3, -4, 1, -4, -4, 3, 2, -8, 2, -3, -7, -1, -5, 0, -8, -7, -7, 0, -6, 3, 3, 2, 1, -8, 1, -3, -5, -1, -1, -4, -1, -3, -6, -2]
 
1.2621457296735494: [-3, -8, -2, 3, -4, -6, -1, -2, -4, -4, 2, 2, 2, -2, -2, -4, 4, -1, 1, 4, -2, -8, -4, -4, 3, -4, 0, 3, -1, 1, 0, -4, 0, -7, -4, -5, 2, -5, -7, -8, 0, -5, -4, -8, -2, -2, -8, 0, -8, 4, -7, -5, 3, -1, -4, -2, -3, 3, 3, 3, -8, -1, -6, -3, 3, -7, -2, -7, 3, -3, -2, -1, -3, -8, 0, 4, -6, -6, 2, 0, -1, 2, 4, 0, -5, 3, -3, -7, -4, -2, -2, -8, -6, 3, 2, -4, -6, 0, 4, 4, -1, 3, -2, -3, -8, 1, -5, 0, -4, -5, -7, 0, -6, -6, 3, 2, -8, -7, -5, 1, -5, -1, 2, 1, 0, 1, 1, -6]
 
1.39452616791: [-6, -1, -4, -1, 0, 1, -8, 4, -4, -1, 2, 0, -2, -2, -2, -4, -5, -1, -6, -6, -2, -5, 1, -3, 3, 2, -6, 1, 4, -7, 0, -3, -7, 1, 3, 1, -2, 0, 1, -7, -5, -5, -7, 0, -8, 1, 0, -3, 0, -4, -7, 1, -3, -8, -1, -4, -4, -2, -7, -5, -7, -8, -6, -4, -3, -3, -6, -7, -2, 0, 2, 1, -5, -6, 3, 0, -2, -3, -3, 1, -4, -1, 2, 4, 0, 3, -2, -1, -4, -7, -6, -2, -7, 0, 4, -1, 0, -4, -4, 4, 2, 1, 3, -2, -6, -8, 3, -8, -5, -1, 1, 2, -1, -4, -8, 2, 0, -3, -8, 4, -5, 2, 2, -8, 0, -5, -8, -3]
 
3.71908435739: [2, -8, 2, -7, -5, 0, -7, -2, -1, 4, -2, -7, 3, 1, -8, 0, -6, -2, -7, -2, 0, 1, -5, -2, 3, -4, 2, -7, -1, 1, 1, 2, -8, -3, -2, -6, -6, -5, -8, -2, 0, 3, -6, -5, 1, -1, -5, 4, -3, -1, -2, 4, -4, 2, -8, 2, 3, 2, -2, -6, 3, -2, -6, -1, -3, -8, -1, -3, -6, -2, -6, 4, 1, -3, -4, -5, 1, -5, -5, -3, 0, -6, -3, -1, -3, -5, -3, -7, 2, -8, -2, 0, 4, 0, -6, 1, 1, -3, 3, -1, -5, 3, 4, -6, 1, -5, 2, -4, 2, 3, 1, -5, -3, -6, -5, -8, -8, -5, 2, -7, -2, -6, -7, 3, -1, -6, 4, -6]
 
1.6481077799530355: [-4, -4, -1, 2, 3, -4, 0, 3, 2, 0, 0, 1, -7, -1, 0, -6, -1, 3, 2, -6, -2, -2, -4, 2, 3, -8, 3, 3, -1, 1, -2, 4, -2, -4, 1, 3, 2, -1, -8, -7, -2, -1, -6, 1, 2, -2, 4, -4, -8, 4, -7, -1, 3, -1, -4, 4, 4, 1, -2, 3, -7, -1, 4, 2, 3, -7, -7, 3, 0, -5, -4, 4, -1, -3, -7, -5, 0, -8, -4, -3, 0, -6, -3, -1, -3, -5, -8, -2, -4, -8, -2, 0, 2, -4, 4, 4, -3, -6, 0, 4, -1, 0, -2, -4, -5, 3, -5, -8, -8, -6, -4, 4, -2, 4, -2, -2, 1, -5, -4, -7, 4, -7, 1, -4, -2, -3, 3, -2]
 
1.56949321697: [-3, 3, 3, -4, -2, 1, 2, -2, -1, 2, -3, 2, -6, -5, 4, 0, 4, -1, 3, -6, -4, -5, 0, 2, 4, 2, 3, 1, 4, 1, -6, 0, -3, 1, 3, -7, -8, 1, 2, -2, 2, -6, -1, -1, -7, -2, 2, -7, -8, 3, -7, 1, -5, 1, -8, 4, -4, 0, -2, 1, 0, -1, 2, -4, -4, -6, 4, -7, -3, -1, -2, -7, 2, -5, 1, 0, -3, 2, -8, 3, -5, -4, -3, 3, -2, -5, -8, -6, -4, 2, -2, 3, 4, 1, 4, 1, 2, 4, -2, 1, -4, -8, -1, 1, -8, -6, -4, -6, -8, 2, -7, 0, -6, -8, -8, -7, -2, 4, 3, -6, 4, 0, -5, -1, -1, -4, 0, -6]
 
0.8243891208018932: [-7, 3, 2, -7, -3, 4, 1, -5, -1, -8, -3, -2, 2, 1, -8, 4, -6, -2, 0, -2, -1, -1, -5, -2, -5, 2, -4, -5, -4, -5, -7, -3, -3, -3, -4, 1, 1, -5, -8, -2, -7, -5, 0, 1, 2, -2, 4, -4, -8, 4, -7, -1, 3, -1, -4, 4, 4, 1, -2, 3, -7, -1, -6, -3, 3, -2, -1, -2, -6, -2, -6, 4, -1, -3, -7, -5, 0, -8, -4, -3, 0, -6, -3, -1, -3, -5, -8, -2, -4, -8, -2, 0, 4, -2, -7, -5, -1, -3, 3, -1, -5, 3, -5, -6, -4, -5, 2, -4, 2, 3, 1, -2, -3, -6, -4, -8, -5, -5, 2, 2, -3, 0, -7, 3, -1, -5, 0, -6]
 
1.400035316976803: [-3, -8, -2, 3, -4, -6, -1, -2, 3, -1, -6, 4, -5, 3, 0, 2, -1, -6, 1, -4, -2, -4, 3, -5, 3, -4, -7, 3, -1, 1, 1, 2, -3, -3, -4, 1, 1, -5, -8, -2, -7, -5, 0, 1, 1, -8, -5, -3, -3, -1, -2, -3, 2, 2, -8, -7, 3, -1, -6, -6, -1, -2, -6, -1, -3, -2, -1, -2, -6, -2, -6, 4, -1, -3, -7, -5, 0, -8, -4, -3, 0, -6, -3, -1, -3, -5, -8, -2, -4, -8, -2, 0, 4, -2, -7, -5, -1, -3, 3, -1, -5, 3, -5, -6, -4, -5, 2, -4, 2, 3, 1, -2, -3, -6, -4, -8, -5, -5, 2, 2, -3, 0, -7, 3, -1, -5, 0, -6]
 
1.1873669765: [-7, 4, -2, 3, -4, -6, -1, -2, 3, -4, -6, -7, -5, 3, 1, 2, 0, -6, -1, 4, -2, -2, 3, -4, -5, -4, -4, 0, -4, -4, -7, -6, -6, 0, -2, 4, 4, -5, -8, -2, 3, -4, 1, 4, -3, 0, 4, -8, -2, -8, 2, -5, -5, 2, 0, 1, 0, -6, -2, -4, -2, -5, 4, 2, 3, -4, 4, 1, -4, 2, -5, -2, -7, 0, -8, -2, 2, -3, -4, 2, -1, 2, -2, 0, -7, -3, 4, 0, -1, -5, 1, -6, 4, -2, -2, -5, -8, -3, 3, -1, -5, 3, -2, -6, -4, -5, -6, 2, -7, 3, 1, -2, -3, -6, -3, 2, -8, -5, -1, -5, -3, 1, 1, 0, -1, -3, 0, -6]
 
1.026403397845996: [-4, -4, -1, 2, 3, 0, -6, -2, -1, 4, -1, -7, 3, 1, -8, 0, -6, -2, 0, -2, 0, 1, -5, -2, 3, -4, 2, 3, -1, 1, 1, 2, -3, -3, -4, 1, 1, -5, -8, -2, 0, -5, -1, 1, 2, -2, 4, -4, -8, 4, -7, -1, 3, -1, -4, 4, 0, -6, -5, -4, -2, -5, 4, 2, 3, -4, -5, -5, 4, 2, 3, -2, -7, -8, 2, -2, 2, -3, -4, -7, -1, 2, -2, 0, -7, -2, -4, 0, -4, -5, 1, 0, 4, -2, -7, -5, -1, -3, 3, -1, -5, 3, -5, -6, -4, -5, 2, -4, 2, 3, 1, -2, -3, -6, -4, -8, -5, -5, 2, 2, -3, 0, -7, 3, -1, -5, 0, -6]
 
0.770923167089: [3, -8, -2, 3, -4, -6, -4, -7, 3, -1, -6, -4, -7, -1, 0, -1, -8, -6, -3, 4, 0, -3, -4, -6, 3, -4, 0, 2, -2, 3, 0, 1, -2, -7, -4, -5, 2, -5, -7, -1, 0, -5, -7, -8, -6, -2, -8, -7, -8, 2, -5, -5, 2, -4, -4, -2, -3, 3, -7, 1, -8, 2, -6, -3, -6, -8, -2, 1, 3, -3, -2, 0, -2, -7, 0, -8, -6, -6, -8, 0, 0, -1, 4, 0, -5, 3, -3, -4, -4, -8, -2, -8, -6, 0, -1, -4, -4, 0, -2, -6, -1, 3, -7, -2, -8, -5, -5, 0, -7, 0, -7, 0, -6, -3, 3, 2, -8, -7, -5, 1, -5, 1, 0, 1, 0, 1, 1, -6]
 
2.02049899868: [-4, -4, -6, 2, 3, -4, 0, 4, 2, 0, 0, 4, -5, 3, 0, 2, -1, -6, 1, -4, -2, -4, 3, -5, 3, -4, -7, 3, -1, 1, 1, 2, -3, -3, -4, 1, 1, -5, -8, -2, -7, -5, 0, 1, 2, -2, 4, -4, -8, 4, -7, -1, 3, -1, -4, 4, 4, 1, -2, 3, -7, -1, -6, -3, 3, -2, -1, -2, -6, -2, -6, 4, -1, -3, -7, -5, 0, -8, -4, -3, 0, -6, -3, -1, -3, -5, -8, -2, -4, -8, -2, 0, 4, -2, -7, -5, -1, -3, 3, -1, -5, 3, -5, -6, -4, -5, 2, -4, 2, 3, 1, -2, -3, -6, -4, -8, -5, -5, 2, 2, -3, 0, -7, 3, -1, -5, 0, -6]
 
1.8217932228: [4, -8, -2, 3, -6, -6, -1, -2, 3, -1, 1, 4, -1, 1, 0, 2, -5, -1, -5, -4, -2, -1, 3, -7, -2, -4, -5, 3, -1, 1, 2, 2, 2, 3, -4, -7, 1, -6, -8, 2, -8, -5, -1, 3, 3, 2, -1, -5, 0, -3, -8, -3, -7, 2, -6, 1, 3, -7, -5, -6, 4, -2, -8, -7, 3, -4, -1, -3, -4, -4, -8, -1, -1, -3, -5, 1, 0, 4, -5, 1, 4, -6, -3, -1, -3, -5, -8, -2, -4, -8, -2, 0, 4, -2, -7, -5, -1, -3, 3, -1, -5, 3, -5, -6, -4, -5, 2, -4, 2, 3, 1, -2, -3, -6, -4, -8, -5, -5, 2, 2, -3, 0, -7, 3, -1, -5, 0, -6]
 
1.42733410019: [-7, 3, 2, -7, -3, 4, 1, -5, -1, -8, -3, -2, 2, 1, -8, 4, -6, -2, 0, -2, -1, -1, -5, -2, -5, 2, -4, -5, -4, -5, -7, -3, -3, -3, -4, 1, 1, -5, -8, -2, -7, -5, 0, 1, 2, -2, 4, -4, -8, 4, -7, -1, 3, -1, -4, 4, 4, 1, -2, 3, -7, -1, -6, -3, 3, -2, -1, -2, -6, -2, -6, 4, -1, -3, -7, -5, 0, -8, -4, -3, 0, 2, -3, 3, -3, 3, -2, -3, 4, 0, -3, -8, 0, 4, -7, -2, -1, 3, -2, 3, -7, 3, 1, -1, 3, 2, 2, -6, 2, -4, -4, 3, -1, -4, -7, -5, 3, 2, -4, 3, -3, -6, 3, -1, -7, -7, 2, 2]
 
0.970527125061: [4, -1, 0, 3, -5, -4, -5, -2, 3, 3, 1, 4, -1, 1, 0, 2, -5, 3, -5, -4, -8, -1, 3, -7, -2, -3, -5, -7, -1, -4, 2, 2, 2, 3, -4, -7, -5, -7, -2, 2, -8, -5, 1, 3, 1, -4, -1, -2, 0, -3, 2, -3, -7, 2, -6, 0, 3, -7, -2, 2, -2, -8, -1, -1, 2, -6, -2, -5, 3, -6, -5, 4, -3, -2, 2, -4, -6, 4, 4, 1, -1, -6, 3, 3, -5, -5, 3, 2, -4, -8, -2, 0, 2, -4, -1, -8, -1, -6, -3, -1, -1, 3, -2, 1, -8, 3, -7, -8, -8, -6, -4, 0, -2, 1, -6, -2, -1, -1, 3, 0, -8, -4, 3, -4, -1, -3, -3, -2]
 
0.578805575226: [-4, -4, -6, 2, 3, -4, 0, 4, 2, 0, 0, -4, -7, -1, 0, -6, -1, 3, -4, -8, -2, -5, 3, -1, -6, 0, 3, 3, -1, -8, 1, 4, -2, -5, -2, 4, 4, -5, -8, -2, 3, -1, -1, -6, -3, 0, -5, -8, 0, -8, -8, -3, -5, 2, 1, 1, 0, -6, -5, -6, 4, -2, -8, -7, 3, -4, -1, -3, -4, -4, -8, -1, -1, -3, -5, 1, 0, 4, -5, 1, 4, 2, -3, 3, -3, 3, -2, -3, 4, 0, -3, -8, 0, 4, -7, -2, -1, 3, -2, 3, -7, 3, 1, -1, 3, 2, 2, -6, 2, -4, -4, 3, -1, -4, -7, -5, 3, 2, -4, 3, -3, -6, 3, -1, -7, -7, 2, 2]
 
1.36881339221: [-1, 3, 3, -4, -2, -7, -7, -2, -1, 3, -1, -7, 1, 1, 3, -3, -6, -2, 2, -2, 2, -4, -5, -2, -5, -4, -4, -6, 2, 2, -2, 4, -2, -4, 1, 3, 2, -1, -8, -7, -2, -1, -6, 1, 2, -2, 4, -4, -8, 4, -7, -1, 3, -1, -4, 4, 4, 1, -2, 3, -7, -1, 4, 2, 3, -7, -7, 3, 0, -5, -4, 4, -3, -8, 0, -6, 4, -6, 2, 0, -1, 2, -2, 0, -7, -2, -4, 0, -4, -2, -2, -8, 2, 4, 3, -4, 1, -4, -4, 3, 2, -8, -2, 1, -8, 3, 1, -8, -8, -6, -4, 0, -2, 4, -2, -2, -5, -1, -4, -7, 4, -4, 1, -5, -1, -3, -6, -2]
 
1.30431043813: [-5, -4, -7, -2, -8, -4, 0, -4, 2, 4, 0, 1, 4, 1, 0, -6, -3, 3, 2, -6, -6, -2, 0, 2, -8, -8, 3, 4, 2, -6, 4, -6, -6, -5, -2, -4, 4, 3, -8, -8, -5, -1, 1, -7, 0, 2, -6, -8, 4, -3, -1, -3, 3, -4, 3, -7, -5, -6, -8, -5, -5, -5, -2, -1, -8, 3, -7, 0, 3, 4, -5, 4, 2, -1, 2, 1, -5, -1, 4, -7, -3, -6, -3, -1, -3, -5, 3, -5, -5, 4, -2, 0, -7, -1, 4, -5, 4, -8, 3, 3, -5, -1, -4, -6, 3, 4, -2, -1, 2, 3, 0, -2, 4, -6, -4, 2, -6, 3, -6, -4, -3, -3, -1, -1, 3, -8, -6, -6]
 
2.19987501544: [-1, 3, 3, -4, -2, -7, -7, -2, -1, 3, -1, -7, 1, 1, 3, -3, -5, -1, -5, -4, -2, -1, 3, -7, -2, -4, -5, 3, -1, 1, 2, 2, 2, 3, -4, -7, 1, -6, -8, 2, -8, -5, -1, 3, 3, 2, -1, -5, 0, -3, -8, -3, -7, 2, -6, 1, 3, -7, -5, -4, -2, -5, -6, -1, 2, 3, -7, -5, 3, -4, -5, 4, -3, -2, 2, -6, -6, 4, 4, -7, -5, -6, -3, 3, -3, -5, 3, -7, -4, -8, -2, 0, 2, -4, 4, -8, -1, -6, 0, 4, -1, 3, -2, 1, -8, 3, 1, -8, -8, -6, -4, 0, -2, 4, -2, -2, -5, -1, -4, -7, 4, -4, 1, -5, -1, -3, -6, -2]
 
2.03408982236: [4, -5, -2, 3, -6, -8, 4, -2, 3, -7, 1, 4, 3, 1, -5, 2, -6, -5, 2, -3, -1, -2, -5, -2, -5, -2, -4, -6, 2, -7, -8, 4, -2, -7, -4, 3, -8, -1, -8, -8, -2, -1, -6, 1, 2, 1, 4, -4, -8, 2, -7, -5, -8, -1, -5, -1, 3, 1, -5, -8, -7, -1, 4, -8, -2, -1, -7, 3, 0, -5, -4, 4, -3, -8, 0, -2, 4, -1, 2, 0, 4, 2, 4, 0, -7, -2, -4, -2, -2, -7, -2, -8, 0, 2, 0, -4, 1, -4, -4, 3, 2, 0, -2, 1, -8, 3, 1, -8, -8, -6, -4, -6, -2, -7, -2, -2, -5, -1, 3, -7, 4, -2, 1, -5, 3, -5, 2, -2]
 
1.03371056097: [4, -8, -2, 3, -6, -6, -1, -2, 3, -1, 1, 4, -1, 1, 0, 2, -5, -1, -5, -4, -2, -1, 3, -7, -2, -4, -5, 3, -1, 1, 2, 2, 2, 3, -4, -7, 1, -6, -8, 2, -8, -5, -1, 3, 3, 2, -1, -5, 0, -3, -8, -3, -7, 2, -6, 1, 3, -7, -5, -4, -2, -5, -6, -1, 2, 3, -7, -5, 3, -4, -5, 4, -3, -2, 2, -6, -6, 4, 4, -7, -5, -6, -3, 3, -3, -5, 3, -7, -4, -8, -2, 0, 2, -4, 4, -8, -1, -6, 0, 4, -1, 3, -2, 1, -8, 3, 1, -8, -8, 2, -7, -4, -2, -3, -6, 4, -5, -2, -5, 3, 4, -4, -7, -6, -1, -3, -6, -2]
 
0.455981374515: [-3, -8, -2, 3, -4, -6, 0, -2, 3, -1, -6, 4, -5, -7, -8, 2, 4, -6, 1, -1, -2, -2, 3, 1, 3, -4, 3, 3, 2, 1, -5, -4, 3, -3, -7, 1, 1, -5, 3, -2, 0, -5, -5, -7, 2, -2, 4, -4, -8, 4, -6, -6, 3, -1, -4, -7, 4, -4, -1, -8, -7, -4, -3, 2, 3, -7, -7, 3, 0, -5, -2, 3, -5, -8, 4, -6, 4, -6, 4, -1, -1, 2, -2, 0, 2, -5, -4, 0, -4, -2, -5, -8, 2, 4, -4, 0, -2, -4, 2, 3, 2, 1, 4, 1, -7, -1, -5, 0, -1, -6, -4, 0, -2, 4, -2, -2, -5, -1, -4, -7, 4, -4, 1, -5, -1, -3, -6, -2]
 
1.64102669733: [-3, -8, -2, 3, -4, -6, 0, -2, 3, -1, -6, 4, -5, -7, -8, 2, 4, -6, 1, -1, -2, -2, 3, 1, 3, -4, 3, 3, 2, 1, -5, -3, -6, -5, -2, 4, 4, -5, -8, -2, 3, -1, -1, -6, -3, 0, -5, -8, 0, -8, -8, -3, -5, 2, 1, 1, 0, -6, -5, -4, -2, -5, -6, -1, 2, 3, -7, -5, 3, -4, -5, 4, -3, -2, 2, -6, -6, 4, 4, -7, -5, -6, -3, 3, -3, -5, 3, -7, -4, -8, -2, 0, 2, -4, 4, -8, -1, -6, 0, 4, -1, 3, -2, 1, -8, 3, 1, -8, -8, -6, -4, 0, -2, 4, -2, -2, -5, -1, -4, -7, 4, -4, 1, -5, -1, -3, -6, -2]
 
1.20279395558: [-5, 1, 2, -7, -4, -6, -6, -2, -1, 4, -1, -7, 1, -6, -8, 0, -6, -2, -2, -2, 0, -4, -6, -2, -5, 3, 2, 0, 3, -5, -7, -6, 4, -3, -7, 1, 3, -8, -5, -5, 3, -5, -5, -7, -6, 0, -3, -6, -8, 4, -6, -6, -1, -1, -4, -7, 4, -7, -1, -8, -7, -4, -3, 2, 3, -4, -7, 3, 0, -5, -2, 3, -8, -5, -3, -6, 4, -6, -5, 4, -7, 2, -2, 0, -8, -5, -4, 0, -4, -2, 2, -8, 2, 4, -3, -1, -3, -1, 2, 3, 2, 1, 4, 1, -7, -1, -4, -6, -7, -6, -4, 0, -1, 4, -2, 0, 3, -5, -2, -7, -3, -4, 1, -5, -1, -2, -3, -3]
 
0.413862575373: [-4, -4, -6, 2, 3, -4, 0, 4, 2, 0, 0, -4, -7, -1, 0, -1, -5, -6, 1, 4, -2, -8, -4, -4, 3, -4, 0, 3, -1, 1, 0, -4, 0, -7, -4, -5, 2, -5, -7, -8, 0, -5, -4, -8, -2, -2, -8, 0, -8, 4, -7, -5, 3, -1, -4, -2, -3, 3, 3, 3, -8, -1, -6, -3, 3, -7, -2, -7, 3, -3, -2, -1, -3, -8, 0, 4, -6, -6, 2, 0, -1, 2, 4, 0, -5, 3, -3, -7, -4, -8, -2, 0, 4, -2, -7, -5, -1, -3, 3, -1, -5, 3, -5, -6, -4, -5, 2, -4, 2, 3, 1, -2, -3, -6, -4, -8, -5, -5, 2, 2, -3, 0, -7, 3, -1, -5, 0, -6]
 
0.46666364911: [-2, 1, 2, -7, -5, 0, -6, -2, -1, 4, -1, -7, 3, 1, -8, 0, -6, -2, 0, -2, 0, 1, -5, -2, 3, -4, 2, 3, -1, 1, 1, 2, -3, -3, -4, 1, 1, -5, -8, -2, 0, -5, -1, 1, 1, -8, -5, -3, -3, -1, -2, -3, 2, 2, -8, -7, 3, -1, -6, -6, -1, -2, -6, -1, -3, -2, -1, -2, -6, -2, -6, 4, -1, -3, -7, -5, 0, -8, -4, -3, 0, -6, -3, -1, -3, -5, -8, -2, -4, -2, -2, -8, -6, 3, 2, -4, -6, 0, 4, 4, -1, 3, -2, -3, -8, 1, -5, 0, -4, -5, -7, 0, -6, -6, 3, 2, -8, -7, -5, 1, -5, -1, 2, 1, 0, 1, 1, -6]
 
1.94585114745: [-1, -3, 3, -4, -2, -2, -7, -2, -1, -3, 2, -7, 1, -8, -6, -2, -4, -1, -5, -4, -2, -1, 3, -7, 3, -4, 2, 3, -3, 1, 4, 2, -3, -3, -4, 4, -4, -5, -8, -1, 0, -6, -1, 1, 1, -8, 0, -3, 0, -1, -2, -3, -7, 2, -8, -7, 3, -1, -1, -6, -7, -2, 3, -6, -3, -2, -3, -2, -6, -2, -6, 4, -1, -4, -7, -7, 0, 3, -4, -3, 0, -6, -3, -1, 0, -5, -8, -2, 0, -2, 2, -8, -1, 3, -6, 0, 2, -8, 2, -4, -1, -1, -2, -3, 4, -1, -5, 4, -4, -5, -7, 0, -6, -6, -3, 2, -8, -7, 2, -5, -2, -4, 2, 1, 0, 1, 4, -5]
 
1.93862255409: [-2, 1, 2, -7, -5, 0, -6, -2, -1, 4, -1, -7, 3, 1, -8, 0, -6, -2, 0, -2, 0, 1, -5, -2, 3, -4, -5, 3, -1, 1, 2, 2, 2, 3, -4, -7, 1, -6, -8, 2, -8, -5, -1, 3, 3, 2, -1, -5, 0, -3, -8, -3, -7, 2, -6, 1, 3, -7, -5, -4, -2, -5, -6, -1, 2, 3, -7, -5, 3, -4, -5, 4, -3, -2, 2, -6, -6, 4, 4, -7, -5, -6, -3, 3, -3, -5, 3, -7, -4, -8, -2, 0, 2, -4, 4, -8, -1, -6, 0, 4, -1, 3, -2, 1, -8, 3, 1, -8, -8, -6, -4, 0, -2, 4, -2, -2, -5, -1, -4, -7, 4, -4, 1, -5, -1, -3, -6, -2]
 
1.74750695207: [-2, 1, 2, -7, -4, 0, -2, 2, -1, 2, -4, -2, -1, -2, 0, -8, -1, -6, 1, -4, -2, -4, 3, -5, 3, -4, -7, 3, -1, 1, 1, 2, -3, -3, -4, 1, 1, -5, -8, -2, -3, -7, 4, 1, -4, -7, -8, -5, -2, -5, -1, -6, -5, 4, -8, 0, 3, 2, -2, -6, -1, -2, -6, -7, 3, -4, -1, -2, 4, -1, 1, 4, -1, -3, -5, -6, 0, -8, -4, -3, 0, -3, -3, 4, -6, -5, -7, -6, -4, -5, 1, 0, 4, -2, 4, -8, -1, 0, -2, 3, -6, 3, -2, -1, 3, 0, 2, 2, -2, -2, -4, 4, -1, 4, -4, -5, 0, 0, -8, 3, -3, -6, -2, 1, -7, -7, -5, 2]
 
2.05986792812: [-3, -8, -2, 3, -4, -6, -1, -2, 3, -1, -6, 4, -5, 3, 0, 2, -1, -6, 1, -4, -2, -4, 3, -5, 3, -4, -7, 3, -1, 1, 1, 2, -8, -5, 0, 2, 4, -5, -8, -5, 3, -1, -1, -2, 4, 3, -5, 3, -6, -4, -3, -3, -7, -2, 4, 0, -3, 2, -5, -5, -1, -2, -3, -7, 3, -4, -1, -3, 0, -4, -8, -1, -1, -3, -5, 1, 0, -3, -4, -3, 0, -8, -3, 3, -3, 3, -2, -3, 4, -3, -3, -8, 0, 4, 3, -4, 1, -4, -4, 3, 2, -8, 2, -3, -7, -1, -5, 0, -8, -7, -7, 0, -6, 3, 3, 2, 1, -8, 1, -3, -5, -1, -1, -4, 0, 1, 1, -6]
 
0.940852561494: [-6, -1, -4, -5, 0, -7, 2, -8, -4, -4, 2, 2, 3, -2, -2, -4, -5, -1, -1, -6, -2, 1, -7, -3, 4, 2, -6, 1, -6, -5, -6, -3, -7, 1, 3, -7, -2, -2, 4, 0, -5, 2, -1, -5, -7, -2, -6, -7, 0, 3, -7, 1, -4, -7, 2, -4, 3, -1, -6, -6, -1, -2, -6, -1, -3, -2, -1, -2, -6, -2, -6, 4, -1, -3, -7, -5, 0, -8, -4, -3, 0, -6, -3, -1, -3, -5, -8, -2, -4, -8, -2, 0, 4, -2, -7, -5, -1, -3, 3, -1, -5, 3, -5, -6, -4, -5, 2, -4, 2, 3, 1, -2, -3, -6, -4, -8, -5, -5, 2, 2, -3, 0, -7, 3, -1, -5, 0, -6]
 
0.662561347059: [-2, 1, 2, -7, -5, 0, -6, -2, -1, 4, -1, -7, 3, 1, -8, 0, -6, -2, 0, -2, 0, 1, -5, -2, 3, -4, 2, 3, -1, 1, 1, 2, -3, -3, -4, 1, 1, -5, -8, -2, 0, -5, -1, 1, 1, -8, -5, -3, -3, -1, -2, -3, 2, 2, -8, -7, -4, 0, -2, 1, 0, -8, 2, -4, -4, -6, 3, -7, 2, -1, -2, 1, -8, -6, 1, 0, -2, -3, -3, 1, -5, -1, 2, 3, -4, -7, 3, -6, -4, -8, -2, -2, 2, 1, 4, 3, 1, -4, -4, -1, 2, 1, 2, -3, -7, -1, -5, 0, 1, -1, -7, 1, -1, -4, -8, 2, 1, -8, 1, -3, -5, 2, -1, -4, 0, 1, -8, 3]
 
0.722428878182: [-5, -1, -1, -5, -1, -7, 2, -1, 3, -6, 2, 2, 3, -2, -5, 2, 0, -1, 1, -6, -2, 0, -7, -3, 4, -8, -1, -4, -6, -7, -4, -3, -7, -1, 3, -7, -2, -8, 4, 0, 2, 2, -1, -5, -7, -2, -6, 0, 0, -7, -7, -7, -5, -1, -3, 3, 4, 1, -2, 4, 4, -1, -7, 2, 3, -4, -1, -4, 2, -5, -4, -4, -3, -8, -1, -6, 4, 3, 2, 0, -1, 2, -2, 0, 4, 3, -6, 0, -4, -2, -2, -5, -5, 4, 3, 1, 0, -1, -4, -5, -3, -8, 4, -3, -1, -1, -3, -7, -5, 0, -3, -2, 4, 1, 3, -5, -1, -8, -2, -6, 3, -5, -5, -7, -6, 1, -4, -1]
 
1.70539556386: [4, -2, 2, 4, -8, -4, 3, -2, -5, -4, -6, 0, -7, 1, 4, 0, -8, -6, 1, -4, -8, -4, 0, -4, -8, -4, -6, 3, -1, 1, 1, -6, -3, -1, -8, 1, 1, -5, 3, 3, 3, -5, -4, 3, 4, -6, 4, 2, -7, 3, -7, -1, -4, -7, 2, -4, 0, 0, 2, 0, 0, -1, -7, -4, 1, 0, 1, 1, 4, -1, -2, 1, 0, 4, 1, 0, 1, -3, -3, 1, -5, -1, 2, 3, 1, 4, -6, -6, -4, -1, 0, -2, 4, 1, 3, -5, 1, -4, -4, -1, 2, 4, 2, -3, -7, -1, -5, -4, 1, -3, -7, 4, -1, -4, -3, 3, -3, -4, -3, -3, -5, 3, -1, -3, 0, 1, -8, 3]
 
1.33118768665: [-3, 4, -2, 3, -4, -1, -3, -2, 3, 3, 0, 1, -5, 3, 0, 2, -1, -6, 1, -5, -2, -4, 4, -8, 3, 4, 1, -7, -1, 1, 1, -4, 0, -3, -4, 1, 1, 0, 1, -2, 0, -5, -5, -1, 0, 1, -1, -4, -8, 4, -6, -2, 3, -1, -4, -6, 4, -4, -5, 2, -7, 2, -3, 2, 2, -7, -5, 3, -5, -5, -2, 3, -5, -2, -1, -6, -7, -6, 3, -2, -1, 2, -8, 0, 2, -5, -4, 0, -4, -2, 0, -8, 2, 4, -4, 0, 1, -4, 2, -4, 2, 0, -7, -4, -2, 1, -5, 0, -1, 2, 1, -2, -2, -3, -6, 4, -5, -2, -6, 3, 2, -4, -2, -6, -1, -3, -6, -2]
 
1.35184661338: [-3, -8, -2, 3, -4, -6, 0, -2, 3, -1, -6, 4, -5, -7, -8, 2, 4, -6, 1, -1, -2, -2, 3, 1, 3, -4, 3, 3, 2, 1, 1, 2, -8, -5, 0, 2, 4, -5, -8, -5, 3, -1, -1, -2, 4, 3, -5, 3, -6, -4, -3, -3, -7, -2, 4, 0, -3, 2, -5, -5, -1, -2, -3, -7, 3, -4, -1, -3, 0, -4, -8, -1, -1, -3, -5, 1, 0, -3, -4, -3, 0, -8, -3, 3, -3, 3, -2, -3, 4, -3, -3, -8, 0, 4, 4, -8, -1, 0, -2, 3, -6, 3, -2, -1, 3, 0, 2, 2, -2, -2, -4, 4, -1, 4, -4, -5, 0, 0, -8, 3, -3, -6, -2, 1, -7, -7, -5, 2]
 
0.810381360843: [-4, -7, -4, 3, 4, -3, -5, -3, -4, -2, -3, 4, 2, 1, -1, -1, -2, -6, 4, -6, -2, 1, 0, -7, 2, 0, 4, 4, 0, -5, -6, 0, -3, 1, 3, -5, -1, -3, -6, 0, -2, -5, -1, 2, -4, -2, -2, -7, -8, 3, -7, -6, -5, 1, -1, -6, 0, -6, -5, -4, -2, -5, -6, -2, -7, 3, -7, -5, 4, -1, 1, 4, -1, -3, -2, -7, 0, -2, -4, -3, -7, -3, -3, 4, -6, -5, -7, 0, -4, -5, -2, 0, 4, 2, 3, -3, 1, -4, -8, -6, -2, -6, 2, -3, -7, -4, -5, -6, -4, -7, -7, 0, -6, 3, 3, -4, -6, 3, 1, -3, -5, -2, -1, -7, -1, 1, 4, -6]
 
2.3266893056: [-2, 1, 2, -7, -5, 0, -6, -2, -1, 4, -1, -2, -1, -2, 0, -8, -1, -6, 1, -4, -2, -4, 3, -5, 3, -4, -7, 3, -1, 1, 1, 2, -3, -3, -4, 1, 1, -5, -8, -2, -3, -7, 4, 1, -4, -7, -8, -5, -2, -5, -1, -6, -5, 4, -8, 0, 3, 2, -2, -6, -1, -2, -6, -7, 3, -4, -1, -2, 3, -4, -5, 4, -3, -2, 2, -6, -6, 4, 4, -7, -5, -6, -3, 3, -3, -5, 3, -7, -4, -8, -2, 0, 2, -4, 4, -8, -1, -6, 0, 4, -1, 3, -2, 1, -8, 3, 1, -8, -8, -6, -4, 0, -2, 4, -2, -2, -5, -1, -4, -7, 4, -4, 1, -5, -1, -3, -6, -2]
 
2.58387834894: [-2, 1, 2, -7, -4, 0, -2, 2, -1, 2, -4, -2, -1, -2, 0, -8, -1, -6, 1, -4, -2, -4, 3, -5, 3, -4, -7, 3, -1, 1, 1, 2, -3, -3, -4, 1, 1, -5, -8, -2, -3, -7, 4, 1, -4, -7, -8, -5, -2, -5, -1, -6, -5, 4, -8, 0, 3, 2, -2, -6, -1, -2, -6, -7, 3, -4, -1, -2, 4, -1, 1, 4, -1, -3, -5, -6, 0, -8, -4, -3, 0, -3, -3, 4, -6, -5, -7, -6, -4, -5, 1, 0, 4, -2, 3, -4, 1, -4, -4, 3, 2, -8, 2, -3, -7, -1, -5, 0, -8, -7, -7, 0, -6, 3, 3, 2, 1, -8, 1, -3, 4, -4, 1, -5, -1, -3, -6, -2]
 
2.05443140601: [-1, 3, 3, -4, -2, -7, -7, -2, -1, 3, -1, -7, 1, 1, 3, -3, -6, -2, 2, -2, 2, -4, -5, -2, -5, -4, -4, -6, 2, 2, -2, 4, -2, -4, 1, 3, 2, -1, -8, -7, -2, -1, -6, 1, 2, -2, 4, -4, -8, 4, -7, -1, 3, -1, -4, 4, 4, 1, -2, 3, -7, -1, 4, 2, 3, -7, -7, 3, 0, -5, -4, 4, -3, -8, 0, -6, 4, -6, 2, 0, -1, 2, -2, 0, -7, -2, -4, 0, -4, -2, -2, -8, 2, 4, 3, -4, 1, -4, -4, 3, 2, -8, -2, 1, -8, 3, 1, -8, -8, -6, -4, 0, -2, 4, -2, -2, -5, -1, -4, -7, -5, -1, -1, -4, 0, 1, 1, -6]
 
1.89656111951: [-4, -4, -1, 2, 3, 0, -6, -2, -1, 4, -1, -7, 3, 1, -8, 0, -6, -2, 0, -2, 0, 1, -5, -2, 3, -4, 2, 3, -1, 1, 1, 2, -3, -3, -4, 1, 1, -5, -8, -2, 0, -5, -1, 1, 2, -2, 4, -4, -8, 4, -7, -1, 3, -1, -4, 4, 0, -6, -5, -4, -2, -5, 4, -7, 3, -4, -1, -3, 0, -4, -8, -1, -1, -3, -5, 1, 0, -3, -4, -3, 0, -8, -3, 3, -3, 3, -2, -3, 4, -3, -3, -8, 0, 4, 4, -8, -1, 0, -2, 3, -6, 3, -2, -1, 3, 0, 2, 2, -2, -2, -4, 4, -1, 4, -4, -5, 0, 0, -8, 3, -3, -6, -2, 1, -7, -7, -5, 2]
 
1.73119531737: [-7, 3, 2, -7, -3, 4, 1, -5, -1, -8, -3, -2, 2, 1, -8, 4, -6, -2, 0, -2, -1, -1, -5, -2, -5, 2, -4, -5, -4, -5, -7, -3, -8, -5, 0, 2, 4, -5, -8, -5, 3, -1, -1, -2, 4, 3, -5, 3, -6, -4, -3, -3, -7, -2, 4, 0, -3, 2, -5, -5, -1, -2, -3, 2, 3, -4, -5, -5, 4, 2, 3, -2, -7, -8, 2, -2, 2, -3, -4, -7, -1, 2, -2, 0, -7, -2, -4, 0, -4, -5, 1, 0, 4, -2, -7, -5, -1, -3, 3, -1, -5, 3, -5, -6, -4, -5, 2, -4, 2, 3, 1, -2, -3, -6, -4, -8, -5, -5, 2, 2, -3, 0, -7, 3, -1, -5, 0, -6]
 
