2.81154387183: [0, 0, 3, -7, -7, -5, 4, -3, -6, -4, -7, 2, -4, -6, -3, -2, -5, -6, -5, 3, -4, 3, 1, -3, -5, -4, 3, 0, 1, 0, -1, 0, -5, 2, 4, -6, 3, 4, -8, 4, -4, -8, -1, 1, -5, -2, -1, -8, 2, -2, 1, -7, -4, -6, 1, 3, -7, -7, 3, 2, -5, -4, -4, 4, -4, -2, 3, -6, -2, -7, 1, -8, -7, -6, -7, 3, -8, 3, -5, -2, -7, -4, 4, -4, 0, -1, 2, 0, 3, 2, -5, -2, -2, 0, -8, -6, 3, 3, -4, -6, -1, -6, 4, -1, -1, -8, -3, -1, -6, -2, -3, -7, -8, -4, -6, -4, -8, -1, -1, 4, 0, -4, -7, -1, -2, 2, -3, -7]
 
5.001012622784505: [0, -5, -6, -1, -8, -2, -7, -2, -4, -1, 0, -7, -5, -2, -3, -8, -6, -2, -5, 3, 2, 0, -3, -2, -4, -5, 0, 0, -7, 0, -6, -6, -7, 2, 0, -1, -1, -4, -1, 4, -6, 4, -1, -2, -5, -6, -6, -8, 2, -2, 0, -7, -4, -6, 1, -4, -8, 2, -5, 0, 3, -5, -7, 3, -3, 2, -3, 1, -7, -3, 2, 1, 0, -2, 4, -4, -8, 2, 0, -8, 2, -4, 4, -4, -5, -4, 2, 3, -1, 2, -5, -6, 3, -4, -8, -8, 3, 3, 3, -8, -1, 1, 4, -1, -2, -8, -3, -1, -4, -2, -3, -7, -8, -4, 1, -4, -8, -4, -1, 4, 0, -4, 1, -1, -2, 2, -5, -7]
 
4.934752467779431: [2, -1, 0, 1, 0, -7, 1, -6, -1, -2, 3, -7, -5, -2, -3, -8, -6, -2, -5, 3, -2, -7, 0, 2, 2, -7, 0, 0, -7, 0, -6, -6, -7, 2, 0, -1, -1, -4, -1, 4, -6, 4, -1, -2, -5, -6, -6, -8, 2, -2, 0, -7, -4, -6, 1, -2, -7, -7, 0, 2, 4, -4, -4, -1, -4, -1, 3, 0, -2, 4, 4, -8, -7, -6, -7, 3, -8, -7, -5, 2, 2, -4, 4, -4, -5, -4, 2, 3, -1, 2, -5, -6, 3, -4, -8, -8, 3, 3, 3, -8, -1, 1, 4, -1, -2, -8, -3, -1, -4, -2, -3, -7, -8, -4, 1, -4, -8, -4, -1, 4, 0, -4, 1, -1, -2, 2, -5, -7]
 
4.923544937004392: [2, -1, 0, 1, 0, -7, 1, -6, -1, -2, 3, -7, -5, -2, -3, -8, -6, -2, -5, 3, -2, -7, 0, 2, 2, -7, 0, 0, -7, 0, -6, -6, -7, 2, 0, -1, -1, -4, -1, 4, -6, 4, -1, -2, -5, -6, -6, -8, 2, -2, 0, -7, -4, -6, 1, -2, -7, -7, 0, 2, 4, -4, -4, -1, -4, -1, 3, 0, -2, 4, 4, -8, -7, -6, -7, 3, -8, -7, -5, 2, 2, -4, 4, -4, -5, -4, 2, 3, -1, 2, -5, -6, 3, -4, -8, -8, 3, 3, 3, -8, -1, 1, 4, -1, -2, -8, -3, -1, -4, -2, -3, -7, -8, -4, 1, -4, -8, -4, -1, 4, 0, -4, 1, -1, -2, 2, -5, -7]
 
4.865222465170657: [2, -1, 0, 1, 0, -7, 1, -6, -1, -2, 3, -7, -5, -2, -3, -8, -6, -2, -5, 3, -2, -7, 0, 2, 2, -7, 0, 0, -7, 0, -6, -6, -7, 2, 0, -1, -1, -4, -1, 4, -6, 4, -1, -2, -5, -6, -6, -8, 2, -2, 0, -7, -4, -6, 1, -2, -7, -7, 0, 2, 4, -4, -4, -1, -4, -1, 3, 0, -2, 4, 4, -8, -7, -6, -7, 3, -8, -7, -5, 2, 2, -4, 4, -4, -5, -4, 2, 3, -1, 2, -5, -6, 3, -4, -8, -8, 3, 3, 3, -8, -1, 1, 4, -1, -2, -8, -3, -1, -4, -2, -3, -7, -8, -4, 1, -4, -8, -4, -1, 4, 0, -4, 1, -1, -2, 2, -5, -7]
 
4.8252436437069335: [2, -1, 0, 1, 0, -7, 1, -6, -1, -2, 3, -7, -5, -2, -3, -8, -6, -2, -5, 3, 2, 0, -3, -2, -4, -5, 0, 0, -7, 0, -6, -6, -7, 2, 0, -1, -1, -4, -1, 4, -6, 4, -1, -2, -5, -6, -6, -8, 2, -2, 0, -7, -4, -6, 1, -4, -8, 2, -5, 0, 3, -5, -7, 3, -3, 2, -3, 1, -7, -3, 2, 1, 0, -2, 4, -4, -8, 2, 0, -8, 2, -4, 4, -4, -5, -4, 2, 3, -1, 2, -5, -6, 3, -4, -8, -8, 3, 3, 3, -8, -1, 1, 4, -1, -2, -8, -3, -1, -4, -2, -3, -7, -8, -4, 1, -4, -8, -4, -1, 4, 0, -4, 1, -1, -2, 2, -5, -7]
 
4.788590822969314: [2, -1, 0, 1, 0, -7, 1, -6, -1, -2, 3, -7, -5, -2, -3, -8, -6, -2, -5, 3, 2, 0, -3, -2, -4, -5, 0, 0, -7, 0, -6, -6, -7, 2, 0, -1, -1, -4, -1, 4, -6, 4, -1, -2, -5, -6, -6, -8, 2, -2, 0, -7, -4, -6, 1, -4, -8, 2, -5, 0, 3, -5, -7, 3, -3, 2, -3, 1, -7, -3, 2, 1, 0, -2, 4, -4, -8, 2, 0, -8, 2, -4, 4, -4, -5, -4, 2, 3, -1, 2, -5, -6, 3, -4, -8, -8, 3, 3, 3, -8, -1, 1, 4, -1, -2, -8, -3, -1, -4, -2, -3, -7, -8, -4, 1, -4, -8, -4, -1, 4, 0, -4, 1, -1, -2, 2, -5, -7]
 
1.12431148444: [2, -2, 0, 4, -8, -4, 1, -6, -1, -2, -1, -7, -5, -3, -3, -8, -6, -2, 4, 3, 2, 0, -3, 4, -4, -5, -4, 0, 1, 0, -6, 1, -2, 2, -7, -1, -1, -4, -1, 4, -2, 4, -1, -2, -3, -4, -6, -8, 2, 1, 0, -7, -8, -6, 1, -4, -8, 2, -5, 0, 3, 4, -4, -1, 0, -1, -6, -6, -1, 4, 0, -5, -7, -6, -7, 3, -8, -6, -8, 2, 2, -6, 3, 0, -5, -4, 2, 1, -7, 2, 2, 0, 3, -4, -8, -8, 3, 1, 3, -8, -1, 2, 4, -1, -2, -8, -8, -2, -4, -2, -6, -3, -2, -4, -3, -5, -6, -4, -4, 4, 0, -7, -3, -1, -2, 1, 4, -7]
 
4.732412820820559: [2, -1, 0, 1, 0, -7, 1, -6, -1, -2, 3, -7, -5, -2, -3, -8, -6, -2, -5, 3, 2, 0, -3, -2, -4, -5, 0, 0, -7, 0, -6, -6, -7, 2, 0, -1, -1, -4, -1, 4, -6, 4, -1, -2, -5, -6, -6, -8, 2, -2, 0, -7, -4, -6, 1, -4, -8, 2, -5, 0, 3, -5, -7, 3, -3, 2, -3, 1, -7, -3, 2, 1, 0, -2, 4, -4, -8, 2, 0, -8, 2, -4, 4, -4, -5, -4, 2, 3, -1, 2, -5, -6, 3, -4, -8, -8, 3, 3, 3, -8, -1, 1, 4, -1, -2, -8, -3, -1, -4, -2, -3, -7, -8, -4, 1, -4, -8, -4, -1, 4, 0, -4, 1, -1, -2, 2, -5, -7]
 
4.645345889447806: [2, -1, 0, 1, 0, -7, 1, -6, -1, -2, 3, -7, -5, -2, -3, -8, -6, -2, -5, 3, 2, 0, -3, -2, -4, -5, 0, 0, -7, 0, -6, -6, -7, 2, 0, -1, -1, -4, -1, 4, -6, 4, -1, -2, -5, -6, -6, -8, 2, -2, 0, -7, -4, -6, 1, -4, -8, 2, -5, 0, 3, -4, -4, -1, -4, -1, 3, 0, -2, 4, 4, -8, -7, -6, -7, 3, -8, -7, -5, 2, 2, -4, 4, -4, -5, -4, 2, 3, -1, 2, -5, -6, 3, -4, -8, -8, 3, 3, 3, -8, -1, 1, 4, -1, -2, -8, -3, -1, -4, -2, -3, -7, -8, -4, 1, -4, -8, -4, -1, 4, 0, -4, 1, -1, -2, 2, -5, -7]
 
4.626384868872872: [2, -3, 3, -7, -3, -5, 4, -3, -6, -4, -7, 2, -4, -6, -6, -3, -5, 2, -5, -6, -4, 2, 1, 4, 2, -4, 3, 0, -3, 0, 1, -7, 4, -6, 4, 4, -2, 3, 0, 4, -6, 4, -1, -2, -5, -6, -6, -8, 2, -2, 0, -7, -4, -6, 1, -2, -7, -7, 0, 2, 4, -4, -4, -1, -4, -1, 3, 0, -2, 4, 4, -8, -7, -6, -7, 3, -8, -7, -5, 2, 2, -4, 4, -4, -5, -4, 2, 3, -1, 2, -5, -6, 3, -4, -8, -8, 3, 3, 3, -8, -1, 1, 4, -1, -2, -8, -3, -1, -4, -2, -3, -7, -8, -4, 1, -4, -8, -4, -1, 4, 0, -4, 1, -1, -2, 2, -5, -7]
 
0.917701586803: [2, -6, 3, -7, -5, -1, 4, -3, -5, -4, -7, 3, -4, -6, -6, -5, -5, -1, -5, -6, -6, -8, 2, 4, 2, -4, 3, 0, -3, 4, 4, -7, 4, -6, -1, -6, 1, 3, 0, 4, -8, 4, -1, -2, -5, 1, -6, -8, 2, -2, 0, -7, 3, -6, 1, -3, -6, -7, 2, 2, -6, -4, 4, -1, -4, -4, -4, 0, -2, 4, 4, 0, -7, -5, 4, -3, 1, -7, -1, 2, 2, -2, 3, -7, -4, -4, 2, 3, -1, 2, 3, -6, 3, -4, -8, 2, -7, -4, -6, -8, -6, 1, 4, -8, -6, -8, -3, -1, -8, -2, -3, -7, -8, -5, 1, -4, -5, -4, -1, 4, 0, -2, -3, -6, -7, -6, -5, -7]
 
4.536871638913452: [2, -1, 0, 1, 0, -7, 1, -6, -1, -2, 3, -7, -5, -2, -3, -8, -6, -2, -5, 3, -2, -7, 0, 2, 2, -7, 0, 0, -7, 0, -6, -6, -7, 2, 0, -1, -1, -4, -1, 4, -6, 4, -1, -2, -5, -6, -6, -8, 2, -2, 0, -7, -4, -6, 1, -2, -7, -7, 0, 2, 4, -4, -4, -1, -4, -1, 3, 0, -2, 4, 4, -8, -7, -6, -7, 3, -8, -7, -5, 2, 2, -4, 4, -4, -5, -4, 2, 3, -1, 2, -5, -6, 3, -4, -8, -8, 3, 3, 3, -8, -1, 1, 4, -1, -2, -8, -3, -1, -4, -2, -3, -7, -8, -4, 1, -4, -8, -4, -1, 4, 0, 0, 1, -3, 1, -3, -8, 0]
 
4.5065798544802425: [2, -1, 0, 1, 0, -7, 1, -6, -1, -2, 3, -7, -5, -2, -3, -8, -6, -2, -5, 3, -2, -7, 0, 2, 2, -7, 0, 0, -7, 0, -6, -6, -7, 2, 0, -1, -1, -4, -1, 4, -6, 4, -1, -2, -5, -6, -6, -8, 2, -2, 0, -7, -4, -6, 1, -2, -7, -7, 0, 2, 4, -4, -4, -1, -4, -1, 3, 0, -2, 4, 4, -8, -7, -6, -7, 3, -8, -7, -5, 2, 2, -4, 4, -4, -5, -4, 2, 3, -1, 2, -5, -6, 3, -4, -8, -8, 3, 3, 3, -8, -1, 1, 4, -1, -2, -8, -3, -1, -4, -2, -3, -7, -8, -4, 1, -4, -8, -4, -1, 4, 0, 0, 1, -3, 1, -3, -8, 0]
 
0.761851534448: [-3, -1, 4, -7, 0, 1, -2, -3, -4, -7, 3, -7, 0, -2, -3, -8, -6, -2, -5, -5, -2, -5, 0, 2, 2, -4, -7, 4, -8, 2, -6, 2, 4, 0, -7, -6, -2, 1, -8, -2, -2, -8, -3, -2, -5, 2, 4, -8, 2, 2, 0, -7, 2, -6, 1, 2, -1, 0, -5, 0, 3, -5, 3, 3, 3, 3, -3, 1, -7, 0, 4, -7, -5, -2, 4, -4, -8, 0, 0, -8, 2, 4, -8, -4, 2, -4, 2, 3, -1, 3, -5, -6, 3, -4, -8, -8, 3, 3, 3, -8, -1, 0, 4, -1, -2, -8, -3, -1, -1, -2, -3, -7, -8, 2, -4, -4, -8, -4, -1, 4, 0, -4, 1, -1, 2, 2, -5, -1]
 
4.363644489134449: [2, -3, 3, -7, -3, -5, 4, -3, -6, -4, -7, 2, -4, -6, -6, -3, -5, 2, -5, -6, -4, 2, 1, 4, 2, -4, 3, 0, -3, 0, 1, -7, 4, -6, 4, 4, -2, 3, 0, -2, -7, 0, 2, -6, -2, 2, -4, -6, -4, 3, 2, -8, -2, -2, -3, -2, -7, -7, 0, 2, 4, -4, -4, -1, -4, -1, 3, 0, -2, 4, 4, -8, -7, -6, -7, 3, -7, -1, 4, 2, 2, -4, 4, -4, -5, -4, 2, 3, -1, 2, -5, -6, 3, -4, -8, -8, 3, 3, 3, -8, -1, 1, 4, 2, -6, -7, -3, 3, 2, -2, -6, -4, -6, -5, -8, -5, 3, -1, 0, -7, -3, -2, 0, -8, -2, -5, 1, -3]
 
4.352914262073501: [2, -1, 0, 1, 0, -7, 1, -6, -1, -2, 3, -7, -5, -2, -3, -8, -6, -2, -5, 3, -2, -7, 0, 2, 2, -7, 0, 0, -7, 0, -6, -6, -7, 2, 0, -1, -1, -4, -1, 4, -6, 4, -1, -2, -5, -6, -6, -8, 2, -2, 0, -7, -4, -6, 1, -2, -7, -7, 0, 2, 4, -4, -4, -1, -4, -1, 3, 0, -2, 4, 4, -8, -7, -6, -7, 3, -8, -7, -5, 2, 2, -4, 4, -4, -5, -4, 2, 3, -1, 2, -5, -6, 3, -4, -8, -8, 3, 3, 3, -8, -1, 1, 4, -1, -2, -8, -3, -1, -4, -2, -3, -7, -8, -4, 1, -4, -8, -4, -1, 4, 0, 0, 1, -3, 1, -3, -8, 0]
 
1.40314717534: [2, 3, -7, -7, -3, -5, -8, -3, -6, -4, -7, 2, -4, -6, 1, 2, -5, 2, -5, -6, -4, -6, 1, 1, 2, 2, 4, 0, -3, 0, 1, -7, -6, -4, 4, -1, -8, 3, 0, -6, -6, 4, -1, -2, -5, -1, 1, -8, 3, -2, 0, -3, -4, 4, 1, -2, 0, 1, -8, 2, -3, -8, -4, -1, -4, -1, -5, -1, -2, 3, 4, -8, -5, -6, -7, 3, -3, -7, -6, 3, -8, -4, 4, -8, 3, -4, -4, 3, -1, 2, -5, -6, 3, -4, -7, -8, 3, 3, -5, -8, -5, 1, 4, -1, -5, 3, -3, 2, -4, -3, -3, -7, -8, -4, 1, -4, -8, -1, -1, 2, 0, -3, 1, -1, -2, 2, -6, -7]
 
4.331212216557033: [2, -1, 0, 1, 0, -7, 1, -6, -1, -2, 3, -7, -5, -2, -3, -8, -6, -2, -5, 3, 2, 0, -3, -2, -4, -5, 0, 0, -7, 0, -6, -6, -7, 2, 0, -1, -1, -4, -1, 4, -6, 4, -1, -2, -5, -6, -6, -8, 2, -2, 0, -7, -4, -6, 1, -4, -8, 2, -5, 0, 3, -5, -7, -6, -6, 0, 0, 3, -3, -2, 4, -3, -6, 3, -3, -1, -7, -1, 4, 2, 2, -4, 4, -4, -5, -4, 2, 3, -1, 2, -5, -6, 3, -4, -8, -8, 3, 3, 3, -8, -1, 1, 4, -1, -2, -8, -3, -1, -4, -2, -3, -7, -8, -4, 1, -4, -8, -4, -1, 4, 0, -4, 1, -1, -2, 2, -5, -7]
 
4.301343792032499: [2, -1, 0, 1, 0, -7, 1, -6, -1, -2, 3, -7, -5, -2, -3, -8, -6, -2, -5, 3, 2, 0, -3, -2, -4, -5, 0, 0, -7, 0, -6, -6, -7, 2, 0, -1, -1, -4, -1, 4, -6, 4, -1, -2, -5, -6, -6, -8, 2, -2, 0, -7, -4, -6, 1, -4, -8, 2, -5, 0, 3, -5, -7, -6, -6, 0, 0, 3, -3, -2, 4, -3, -6, 3, -3, -1, -7, -1, 4, 2, 2, -4, 4, -4, -5, -4, 2, 3, -1, 2, -5, -6, 3, -4, -8, -8, 3, 3, 3, -8, -1, 1, 4, -1, -2, -8, -3, -1, -4, -2, -3, -7, -8, -4, 1, -4, -8, -4, -1, 4, 0, -4, 1, -1, -2, 2, -5, -7]
 
4.277248328274938: [2, -1, 0, 1, 0, -7, 1, -6, -1, -2, 3, -7, 3, 4, -3, -8, -6, -2, -5, 3, 2, 0, -3, -2, -4, -5, 0, 0, -7, 0, -6, -6, -7, 2, 0, -1, -1, -4, -1, 4, -6, 4, -1, -2, -5, -6, -6, -8, 2, -2, 0, -7, -4, -6, 1, -2, -7, -7, 0, 2, 4, -4, -4, -1, -4, -1, 3, 0, -2, 4, 4, -8, -7, -6, -7, 3, -8, -7, -5, 2, 2, -4, 4, -4, -5, -4, 2, 3, -1, 2, -5, -6, 3, -4, -8, -8, 3, 3, 3, -8, -1, 1, 4, -1, -2, -8, -3, -1, -4, -2, -3, -7, -8, -4, 1, -4, -8, -4, -1, 4, 0, -4, 1, -1, -2, 2, -5, -7]
 
1.15708653456: [-6, -8, 3, -5, -1, 3, 4, -3, -8, -2, 3, 3, -6, -2, -3, -8, -6, -2, -5, -3, 2, 3, -3, -2, -4, -8, -4, 4, -4, 0, -6, -6, -7, -3, 4, -1, -1, 0, -1, 4, -6, 4, -1, -2, -5, -6, -6, -8, 2, -2, 2, -5, -4, 4, 1, -4, -3, -1, -5, 0, 3, -8, 0, -6, -6, 0, 0, 3, -3, -2, 4, -3, -6, -6, -3, -1, -7, -4, 4, 2, -6, -4, -2, -4, -5, -4, 2, 3, -1, 2, -5, -6, -6, -4, -8, -8, 3, 3, -7, -8, -7, -8, -4, -1, -4, -8, -3, -1, -3, -2, -3, -7, -4, -4, 1, -4, -2, -4, -7, 4, 0, -4, -5, -1, -2, 2, 2, -7]
 
4.271252331078562: [2, -3, 3, -7, -3, -5, 4, -3, -6, -4, -7, 2, -4, -6, -6, -3, -5, 2, -5, -6, -4, 2, 1, -3, -5, -4, 3, 0, 1, 0, -1, -7, 3, 1, 4, 4, 3, 4, -8, 4, -6, 4, -1, -2, -5, -6, -6, -8, 2, -2, 0, -7, -4, -6, 1, -2, -7, -7, 0, 2, 4, -4, -4, -1, -4, -1, 3, 0, -2, 4, 4, -8, -7, -6, -7, 3, -8, -7, -5, 2, 2, -4, 4, -4, -5, -4, 2, 3, -1, 2, -5, -6, 3, -4, -8, -8, 3, 3, 3, -8, -1, 1, 4, -1, -2, -8, -3, -1, -4, -2, -6, -4, -6, -5, -8, -5, 3, -1, 0, -7, -3, -2, 0, -8, -2, -5, 1, -3]
 
4.264648874892686: [2, -1, 0, 1, 0, -7, 1, -6, -1, -2, 3, -7, -5, -2, -3, -8, -6, -2, -5, 3, 2, 0, -3, -2, -4, -5, 0, 0, -7, 0, -6, -6, -7, 2, 0, -1, -1, -4, -1, 4, -6, 4, -1, -2, -5, -6, -6, -8, 2, -2, 0, -7, -4, -6, 1, -4, -8, 2, -5, 0, 3, -5, -7, -6, -6, 0, 0, 3, -3, -2, 4, -3, -6, 3, -3, -1, -7, -1, 4, 2, 2, -4, 4, -4, -5, -4, 2, 3, -1, 2, -5, -6, 3, -4, -8, -8, 3, 3, 3, -8, -1, 1, 4, -1, -2, -8, -3, -1, -4, -2, -3, -7, -8, -4, 1, -4, -8, -4, -1, 4, 0, -4, 1, -1, -2, 2, -5, -7]
 
1.83061763813: [2, -1, 0, -4, 1, -7, 1, -6, -1, -2, 3, -7, -5, 3, -3, -4, -6, 3, -5, -7, 2, 0, -3, 3, -4, -5, -5, 0, -7, 0, -6, 2, -7, 1, 0, 2, -1, -4, -8, -5, -6, 1, -1, -1, 4, 3, 3, -2, 2, 0, -2, -7, -1, -6, 0, -2, -7, 3, -3, 2, 4, -4, -4, -1, -6, -1, -7, 0, -2, 1, 3, -8, -4, -6, -7, -7, -8, -8, -2, 2, -3, -4, 4, -4, -5, -4, 2, 3, 2, 2, -5, -6, 3, -4, 1, -8, 2, 3, 3, -8, -1, 1, 4, 1, -5, -8, -3, -1, -4, -2, -8, -1, -8, -4, -1, -4, -8, -4, -1, 3, 0, -4, 1, -4, 0, 2, 0, -8]
 
4.194521293807316: [2, -1, 0, 1, 0, -7, 1, -6, -1, -2, 3, -7, 3, 4, -3, -8, -6, -2, -5, 3, 2, 0, -3, -2, -4, -5, 0, 0, -7, 0, -6, -6, -7, 2, 0, -1, -1, -4, -1, 4, -6, 4, -1, -2, -5, -6, -6, -8, 2, -2, 0, -7, -4, -6, 1, -2, -7, -7, 0, 2, 4, -4, -4, -1, -4, -1, 3, 0, -2, 4, 4, -8, -7, -6, -7, 3, -8, -7, -5, 2, 2, -4, 4, -4, -5, -4, 2, 3, -1, 2, -5, -6, 3, -4, -8, -8, 3, 3, 3, -8, -1, 1, 4, -1, -2, -8, -3, -1, -4, -2, -3, -7, -8, -4, 1, -4, -8, -4, -1, 4, 0, -4, 1, -1, -2, 2, -5, -7]
 
1.35378275609: [2, -3, 3, 1, 0, 1, 1, -6, -8, -2, 3, -7, -7, 4, 2, -2, -6, -2, -5, 3, -6, 1, -7, 2, -4, -3, 0, -6, -7, 0, -6, -4, -7, 2, 0, -1, -2, -4, -1, 4, -6, 2, -4, -2, -2, -6, -6, -8, -1, -2, 4, -7, 4, -6, 1, -2, -7, 2, -4, 2, 4, -4, 0, -6, -4, -5, -4, 0, -2, 3, 4, -8, -7, -4, 4, 3, -2, 1, 2, 2, 2, -4, -2, -6, -5, -4, -1, -7, -1, 2, -7, -6, 3, -7, -8, -8, 3, 3, 3, -5, 2, -7, 4, 2, -3, -8, -3, -1, -4, -2, 3, -7, -8, -4, 1, -4, -8, -4, -1, 4, -1, 1, 1, -1, -2, 2, -8, -7]
 
4.18915660461976: [2, -3, 3, 1, 0, -7, 1, -6, -1, -2, 3, -7, 3, 4, -3, -8, -6, -2, -5, 3, 2, 0, -3, -2, -4, -5, 0, 0, -7, 0, -6, -6, -7, 2, 0, -1, -1, -4, -1, 4, -6, 4, -1, -2, -5, -6, -6, -8, 2, -2, 0, -7, -4, -6, 1, -2, -7, -7, 0, 2, 4, -4, -4, -1, -4, -1, 3, 0, -2, 4, 4, -8, -7, -6, -7, 3, -8, -7, -5, 2, 2, -4, 4, -4, -5, -4, 2, 3, -1, 2, -5, -6, 3, -4, -8, -8, 3, 3, 3, -8, -1, 1, 4, -1, -2, -8, -3, -1, -4, -2, -3, -7, -8, -4, 1, -4, -8, -4, -1, 4, 0, -4, 1, -1, -2, 2, -5, -7]
 
1.15049013661: [2, -1, -6, -3, 2, -7, 1, -6, -1, -6, 3, -7, 3, 4, -3, -8, -5, -2, -5, 3, 2, -6, -3, -3, -4, -5, -5, 0, -7, 0, -6, -6, -5, -7, 0, -1, -1, -4, -5, 2, -6, 4, -1, -2, 0, -6, -6, -5, 4, -7, -2, -7, -8, -6, 0, -2, -7, 2, 0, 2, 3, 2, -4, -1, -4, -1, 3, 0, -2, 4, 1, -8, 1, -6, -5, 3, 1, -4, -2, 2, 2, -4, 4, -4, -5, -7, 4, 3, -1, 2, -5, -6, 3, -7, -8, -1, 3, 3, 3, -6, -1, -3, -7, -2, 3, -8, 0, -8, -4, -2, -3, -7, -8, -2, 3, -4, -7, -4, -6, -1, 0, -4, 1, -1, -2, 2, -5, -7]
 
4.16690894263894: [2, -1, 0, 1, 0, -7, 1, -6, -1, -2, 3, -7, -5, -2, -3, -8, -6, -2, -5, 3, 2, 0, -3, -2, -4, -5, 0, 0, -7, 0, -6, -6, -7, 2, 0, -1, -1, -4, -1, 4, -6, 4, -1, -2, -5, -6, -6, -8, 2, -2, 0, -7, -4, -6, 1, -4, -8, 2, -5, 0, 3, -5, -7, -6, -6, 0, 0, 3, -3, -2, 4, -3, -6, 3, -3, -1, -7, -1, 4, 2, 2, -4, 4, -4, -5, -4, 2, 3, -1, 2, -5, -6, 3, -4, -8, -8, 3, 3, 3, -8, -1, 1, 4, -1, -2, -8, -3, -1, -4, -2, -3, -7, -8, -4, 1, -4, -8, -4, -1, 4, 0, 0, 1, -3, 1, -3, -8, 0]
 
4.152217492834254: [2, -1, 0, 1, 0, -7, 1, -6, -1, -2, 3, -7, -5, -2, -3, -8, -6, -2, -5, 3, 2, 0, -3, -2, -4, -5, 0, 0, -7, 0, -6, -6, 3, 1, 4, 4, 3, 4, -8, 4, -6, 4, -1, -2, -5, -6, -6, -8, 2, -2, 0, -7, -4, -6, 1, -2, -7, -7, 0, 2, 4, -4, -4, -1, -4, -1, 3, 0, -2, 4, 4, -8, -7, -6, -7, 3, -8, -7, -5, 2, 2, -4, 4, -4, -5, -4, 2, 3, -1, 2, -5, -6, 3, -4, -8, -8, 3, 3, 3, -8, -1, 1, 4, -1, -2, -8, -3, -1, -4, -2, -3, -7, -8, -4, 1, -4, -8, -4, -1, 4, 0, -4, 1, -1, -2, 2, -5, -7]
 
4.1290149773419795: [2, -3, 3, 1, 0, -7, 1, -6, -1, -2, 3, -7, 3, 4, -3, -8, -6, -2, -5, 3, 2, 0, -3, -2, -4, -5, 0, 0, -7, 0, -6, -6, -7, 2, 0, -1, -1, -4, -1, 4, -6, 4, -1, -2, -5, -6, -6, -8, 2, -2, 0, -7, -4, -6, 1, -2, -7, -7, 0, 2, 4, -4, -4, -1, -4, -1, 3, 0, -2, 4, 4, -8, -7, -6, -7, 3, -8, -7, -5, 2, 2, -4, 4, -4, -5, -4, 2, 3, -1, 2, -5, -6, 3, -4, -8, -8, 3, 3, 3, -8, -1, 1, 4, -1, -2, -8, -3, -1, -4, -2, -3, -7, -8, -4, 1, -4, -8, -4, -1, 4, 0, -4, 1, -1, -2, 2, -5, -7]
 
5.11697766517: [2, -1, 0, 1, 0, -7, 1, -6, -1, -2, 3, -7, -5, -2, -3, -8, -6, -2, -5, 3, 2, 0, -3, -2, -4, -5, 0, 0, -7, 0, -6, -6, -7, 2, 0, -1, -1, -4, -1, 4, -6, 4, -1, -2, -5, -6, -6, -8, 2, -2, 0, -7, -4, -6, 1, -4, -8, 2, -5, 0, 3, -4, -4, -1, -4, -1, 3, 0, -2, 4, 4, -8, -7, -6, -7, 3, -8, -7, -5, 2, 2, -4, 4, -4, -5, -4, 2, 3, -1, 2, -5, -6, 3, -4, -8, -8, 3, 3, 3, -8, -1, 1, 4, -1, -2, -8, -3, -1, -4, -2, -3, -7, -8, -4, 1, -4, -8, -4, -1, 4, 0, -4, 1, -1, -2, 2, -5, -7]
 
3.74480474376: [2, -1, 0, 1, 0, -7, 1, -6, -1, -2, 3, -7, 3, 4, -3, -8, -6, -2, -5, 3, 2, 0, -3, -2, -4, -5, 0, 0, -7, 0, -6, -6, -7, 2, 0, -1, -1, -4, -1, 4, -6, 4, -1, -2, -5, -6, -6, -8, 2, -2, 0, -7, -4, -6, 1, -2, -7, -7, 0, 2, 4, -4, -4, -1, -4, -1, 3, 0, -2, 4, 4, -8, -7, -6, -7, 3, -8, -7, -5, 2, 2, -4, 4, -4, -5, -4, 2, 3, -1, 2, -5, -6, 3, -4, -8, -8, 3, 3, 3, -8, -1, 1, 4, -1, -2, -8, -3, -1, -4, -2, -3, -7, -8, -4, 1, -4, -8, -4, -1, 4, 0, -4, 1, -1, -2, 2, -5, -7]
 
4.86651704086: [2, -1, 0, 1, 0, -7, 1, -6, -1, -2, 0, -7, -5, -2, -3, -8, -6, -2, -5, 3, 2, 0, -3, -2, -4, -5, 0, 0, -7, 0, -6, -6, -7, 2, 0, -1, -1, -4, -1, 4, -6, 4, -1, -2, -5, -6, -6, -8, 2, -2, 0, -7, -4, -6, 1, -4, -8, 2, -5, 0, 3, -5, -7, 3, -3, 2, -3, 1, -7, -3, 2, 1, 0, -2, 4, -4, -8, 2, 0, -8, 2, -4, 4, -4, -5, -4, 2, 3, -1, 2, -5, -6, 3, -4, -8, -8, 3, 3, 3, -8, -1, 1, 4, -1, -2, -8, -3, -1, -4, -2, -3, -7, -8, -4, 1, -4, -8, -4, -1, 4, 0, -4, 1, -1, -2, 2, -5, -7]
 
4.08892028571: [0, -5, -6, -1, -8, -2, -7, -2, -4, -1, 3, -7, -5, -2, -3, -8, -6, -2, -5, 3, -2, -7, 0, 2, 2, -7, 0, 0, -7, 0, -6, -6, -7, 2, 0, -1, -1, -4, -1, 4, -6, 4, -1, -2, -5, -6, -6, -8, 2, -2, 0, -7, -4, -6, 1, -2, -7, -7, 0, 2, 4, -4, -4, -1, -4, -1, 3, 0, -2, 4, 4, -8, -7, -6, -7, 3, -8, -7, -5, 2, 2, -4, 4, -4, -5, -4, 2, 3, -1, 2, -5, -6, 3, -4, -8, -8, 3, 3, 3, -8, -1, 1, 4, -1, -2, -8, -3, -1, -4, -2, -3, -7, -8, -4, 1, -4, -8, -4, -1, 4, 0, 0, 1, -3, 1, -3, -8, 0]
 
1.11266596461: [2, -3, 3, 1, -3, -5, 4, -3, -1, -6, 3, -7, -5, -2, -6, -8, -6, -2, 4, 3, -2, -2, -3, -2, -2, -5, -2, 0, -7, 0, 3, -6, -7, 2, 0, -1, -1, -1, -1, 4, -6, 4, -8, 3, -5, -6, -6, -8, -2, -2, 0, -2, 1, -6, 1, -4, -8, 2, -5, 2, 3, -5, -2, 3, -3, 2, -3, -4, -7, 2, 2, 1, 2, -2, 4, -4, -8, -2, 0, -8, 2, -4, 1, -4, -5, -4, 2, 3, -1, 0, -7, -2, 1, -4, -8, -8, -3, 1, 3, -8, -3, -4, 4, -5, -2, 4, -3, -1, -6, -2, -3, -7, -8, -2, 1, -2, 0, -4, -1, 4, 0, 0, 1, -1, -4, 3, -2, -6]
 
4.38251496216: [2, -1, 0, 1, 0, -7, 1, -6, -1, -2, 0, -7, -5, -2, -3, -8, -6, -2, -5, 3, 2, 0, -3, -2, -4, -5, 0, 0, -7, 0, -6, -6, -7, 2, 0, -1, -1, -4, -1, 4, -6, 4, -1, -2, -5, -6, -6, -8, 2, -2, 0, -7, -4, -6, 1, -4, -8, 2, -5, 0, 3, -5, -7, -6, -6, 0, 0, 3, -3, -2, 4, -3, -6, 3, -3, -1, -7, -1, 4, 2, 2, -4, 4, -4, -5, -4, 2, 3, -1, 2, -5, -6, 3, -4, -8, -8, 3, 3, 3, -8, -1, 1, 4, -1, -2, -8, -3, -1, -4, -2, -3, -7, -8, -4, 1, -4, -8, -4, -1, 4, 0, -4, 1, -1, -2, 2, -5, -7]
 
2.53964027023: [2, -1, 0, 1, 0, -7, 1, -6, -1, -7, -8, -6, -5, -2, 4, -1, -3, -2, 0, 3, -3, 3, 1, 1, -6, -5, 0, 0, -7, 0, -3, -6, -7, 0, 0, 4, -6, -4, -1, 4, -6, -5, -8, 3, -5, -6, -3, -8, 2, -2, -1, 0, -5, -6, 1, -2, -8, 2, 1, -8, 4, -5, -7, -6, -6, 0, 0, -5, -2, -5, 4, -3, -6, 3, -3, -1, -7, -1, 4, 3, -3, -4, 4, -4, -6, -4, 2, -5, 4, 2, -5, -6, 3, -7, -8, -4, 3, 3, 1, -8, -4, -6, -6, -8, 0, 3, -3, 2, -7, -2, 1, -7, -8, -4, 1, -4, -8, -4, -1, -1, 0, -4, -6, 1, -1, 0, -5, -7]
 
3.00431629788: [2, -3, -5, -7, -3, -5, 4, -6, -1, 1, -1, 2, 2, 2, -3, -8, -6, -2, -5, 0, 2, 0, -4, -6, 3, -6, -4, 0, -7, 0, 1, -6, -7, 2, 0, -1, -1, -4, -1, 4, -6, -4, 2, -2, 0, -8, -6, -1, 2, -2, 0, 2, 3, -6, 3, -5, -3, 2, -5, -2, 3, -4, -4, -1, -4, 2, 3, 0, -2, 4, 4, -2, -7, -6, -7, 3, -6, -6, -4, 2, 2, -4, 4, -8, 4, -4, 2, -2, -1, -7, -5, -2, 1, -5, -6, -8, 3, 3, 3, -2, -1, -4, -6, -1, -2, 1, -3, -4, -4, -2, -3, -7, -8, -4, 1, 3, -8, -4, 0, 4, 0, -4, 1, -3, -2, 2, -5, -7]
 
3.9874315554: [2, -1, 0, 1, 0, -7, 1, -6, -1, -2, 3, -7, 3, 4, -3, -8, -6, -2, -5, 3, 2, 0, -3, -2, -4, -5, 0, 0, -7, 0, -6, -6, -7, 2, 0, -1, -1, -4, -1, 4, -6, 4, -1, -2, -5, -6, -6, -8, 2, -2, 0, -7, -4, -6, 1, -2, -7, -7, 0, 2, 4, -4, -4, -1, -4, -1, 3, 0, -2, 4, 4, -8, -7, -6, -7, 3, -8, -7, -5, 2, 2, -4, 4, -4, -5, -4, 2, 3, -1, 2, -5, -6, 3, -4, -8, -8, 3, 3, 3, -8, -1, 1, 4, -1, -2, -8, -3, -1, -4, -2, -3, -7, -8, -4, 1, -4, -8, -4, -1, 4, 0, -4, 1, -1, -2, 2, -5, -7]
 
4.72381821465: [2, -1, 0, 1, 0, -7, 1, -6, -1, -2, 3, -7, -5, -2, -3, -8, -6, -2, -5, 3, -2, -7, 0, 2, 2, -7, 0, 0, -7, 0, -6, -6, -7, 2, 0, -1, -1, -4, -1, 4, -6, 4, -1, -2, -5, -6, -6, -8, 2, -2, 0, -7, -4, -6, 1, -2, -7, -7, 0, 2, 4, -4, -4, -1, -4, -1, 3, 0, -2, 4, 4, -8, -7, -6, -7, 3, -8, -7, -5, 2, 2, -4, 4, -4, -5, -4, 2, 3, -1, 2, -5, -6, 3, -4, -8, -8, 3, 3, 3, -8, -1, 1, 4, -1, -2, -8, -3, -1, -4, -2, -3, -7, -8, -4, 1, -4, -8, -4, -1, 4, 0, -4, 1, -1, -2, 2, -5, -7]
 
4.93477050546: [2, -3, 3, -7, -3, -5, 4, -3, -1, -2, 3, -7, -5, -2, -3, -8, -6, -2, -5, 3, -2, -7, 0, 2, 2, -7, 0, 0, -7, 0, -6, -6, -7, 2, 0, -1, -1, -4, -1, 4, -6, 4, -1, -2, -5, -6, -6, -8, 2, -2, 0, -7, -4, -6, 1, -2, -7, -7, 0, 2, 4, -4, -4, -1, -4, -1, 3, 0, -2, 4, 4, -8, -7, -6, -7, 3, -8, -7, -5, 2, 2, -4, 4, -4, -5, -4, 2, 3, -1, 2, -5, -6, 3, -4, -8, -8, 3, 3, 3, -8, -1, 1, 4, -1, -2, -8, -3, -1, -4, -2, -3, -7, -8, -4, 1, -4, -8, -4, -1, 4, 0, -4, 1, -1, -2, 2, -5, -7]
 
1.25523147358: [-7, -1, 0, 1, -4, -7, 1, -5, -1, -5, -5, -7, -6, -2, -3, -6, 0, -2, -7, 3, 2, 0, -3, -2, 0, -5, -1, 0, 4, 0, -6, -6, -4, 2, 0, 2, -6, -4, -1, 4, 0, 4, -8, -6, -5, -6, -6, -3, -7, 4, 0, -7, -6, -6, -8, 2, -8, 2, -5, 4, 3, -6, 3, -4, 3, 2, -3, 0, 4, -3, -4, 1, 2, -2, -3, 2, 4, 2, 0, 3, 2, -4, 4, -3, -5, -4, -6, -4, -1, 2, -5, -6, 3, -4, -8, -8, 3, 0, 2, -4, -8, -7, -7, -1, 2, -8, -3, -1, -4, -2, -3, -7, -8, -4, 1, -4, -8, -4, -1, 4, 3, -4, 1, -1, -2, 2, -5, -7]
 
1.46204625563: [-3, -4, -3, -7, -3, -5, -7, -8, -3, -4, -7, -5, -4, -6, -6, -3, 2, 2, 1, -1, -4, 2, 1, -8, 2, -4, 3, 0, 2, -2, 3, -8, 4, -6, 4, 4, -8, -2, 0, 0, -2, -3, -1, -2, -5, -6, 4, -8, 2, -2, 4, -7, -4, -6, 3, -2, -1, -4, 0, 2, 4, -4, -6, -1, -4, -1, 3, 0, 2, 4, -6, -3, 0, -6, -5, 3, -8, -3, -5, 2, 2, -4, -4, 1, -6, -6, 2, -6, -3, 2, 3, -6, 3, -5, -8, -8, 3, 3, 3, -8, -4, 1, 4, -8, -7, -8, -3, -1, -4, -1, -3, -7, -8, 4, 1, -4, -8, -4, -1, 4, -3, -4, 2, -1, -8, 2, -7, -7]
 
3.91728068316: [2, -3, 3, 1, 0, -7, 1, -6, -1, -2, 3, -7, 3, 4, -3, -8, -6, -2, -5, 3, 2, 0, -3, -2, -4, -5, 0, 0, -7, 0, -6, -6, -7, 2, 0, -1, -1, -4, -1, 4, -6, 4, -1, -2, -5, -6, -6, -8, 2, -2, 0, -7, -4, -6, 1, -2, -7, -7, 0, 2, 4, -4, -4, -1, -4, -1, 3, 0, -2, 4, 4, -8, -7, -6, -7, 3, -8, -7, -5, 2, 2, -4, 4, -4, -5, -4, 2, 3, -1, 2, -5, -6, 3, -4, -8, -8, 3, 3, 3, -8, -1, 1, 4, -1, -2, -8, -3, -1, -4, -2, -3, -7, -8, -4, 1, -4, -8, -4, -1, 4, 0, -4, 1, -1, -2, 2, -5, -7]
 
4.81806533892: [2, -1, 0, 1, 0, -7, 1, -6, -1, -2, 3, -7, -5, -2, -3, -8, -6, -2, -5, 3, -2, -7, 0, 2, 2, -7, 0, 0, -7, 0, -6, -6, -7, 2, 0, -1, -1, -4, -1, 4, -6, 4, -1, -2, -5, -6, -6, -8, 2, -2, 0, -7, -4, -6, 1, -2, -7, -7, 0, 2, 4, -4, -4, -1, -4, -1, 3, 0, -2, 4, 4, -8, -7, -6, -7, 3, -8, -7, -5, 2, 2, -4, 4, -4, -5, -4, 2, 3, -1, 2, -5, -6, 3, -4, -8, -8, 3, 3, 3, -8, -1, 1, 4, -1, -2, -8, -3, -1, -4, -2, -3, -7, -8, -4, 1, -4, -8, -4, -1, 4, 0, -4, 1, -1, -2, 2, -5, -7]
 
4.33136608245: [2, -1, 0, 1, 0, -7, 1, -6, -1, -2, 3, -7, -5, -2, -3, -8, -6, -2, -5, 3, -2, -7, 0, 2, 2, -7, -7, 4, -6, -6, -6, 2, 4, 0, -7, -1, 2, 4, -8, -2, -8, -8, -3, 3, -5, -6, -6, -8, 2, -2, 0, -7, -4, -6, 1, -4, -8, 2, -5, 0, 3, -5, -7, 3, -3, 2, -3, 1, -7, -3, 2, 1, 0, -2, 4, -4, -8, 2, 0, -8, 2, -4, 4, -4, -5, -4, 2, 3, -1, 2, -5, -6, 3, -4, -8, -8, 3, 3, 3, -8, -1, 1, 4, -1, -2, -8, -3, -1, -4, -2, -3, -7, -8, -4, 1, -4, -8, -4, -1, 4, 0, -4, 1, -1, -2, 2, -5, -7]
 
1.57861305523: [-5, -2, 3, -6, 3, -3, 1, -6, 1, -2, 3, -6, -4, -8, -2, 2, -6, -4, 2, 3, 2, -5, -8, -2, -8, -5, 0, 0, -7, 0, -6, -6, -2, -3, 0, -3, -7, -3, -1, 4, -6, 4, -3, -2, -5, -6, 0, -8, 2, 0, 4, -6, -3, -6, 1, -4, -8, -8, 2, -8, -3, -5, 1, 3, -8, 2, 2, 1, -3, 1, 2, 1, 0, -2, -4, -5, -8, -7, 1, 3, 1, -4, -4, -7, -8, -1, 2, -2, -6, 2, -5, 4, 0, 3, -3, -8, -2, 2, 4, -8, 2, 1, -6, -1, -2, 4, 2, -6, -4, -4, -3, 2, -1, -2, 1, -4, 2, -4, -1, 4, -8, -4, 1, -2, 0, -4, 4, -7]
 
3.74591902387: [2, -1, 0, 1, 0, -7, 1, -6, -1, -2, 3, -7, -5, -2, -3, -8, -6, -2, -5, 3, -2, -7, 0, 2, 2, -7, 0, 0, -7, 0, -6, -6, -7, 2, 0, -1, -1, -4, -1, 4, -6, 4, -1, -2, -5, -6, -6, -8, 2, -2, 0, -7, -4, -6, 1, -2, -7, -7, 0, 2, 4, -4, -4, -1, -4, -1, 3, 0, -2, 4, 4, -8, -7, -6, 4, -4, -8, 2, 0, -8, 2, -4, 4, -4, -5, -4, 2, 3, -1, 2, -5, -6, 3, -4, -8, -8, 3, 3, 3, -8, -1, 1, 4, -1, -2, -8, -3, -1, -4, -2, -3, -7, -8, -4, 1, -4, -8, -4, -1, 4, 0, -4, 1, -1, -2, 2, -5, -7]
 
1.0516087768: [2, -1, 0, 1, -7, -7, 1, -5, -1, -2, -7, -7, -5, -2, -4, -8, -6, -2, 3, 3, -5, 0, 2, -2, -4, 4, 4, 0, -4, 0, -3, 1, -7, 2, 1, 4, -1, -4, 4, -3, -6, 4, -1, 1, -5, -6, -6, -6, 2, -2, 0, -2, -4, -6, -7, -4, -8, 2, -5, 0, 4, 1, -1, -1, -4, -1, 3, 0, 0, -5, 4, -6, 3, -6, -3, 3, -8, -7, -5, 2, 2, 4, -7, -7, -5, -4, -2, -2, -1, 2, -5, -3, 3, -4, -5, -8, -8, 3, 3, -8, 2, 1, 4, -1, 1, -8, -3, -1, -4, -2, -2, -2, -7, -4, 1, -4, -4, -4, -1, 4, 0, 0, 0, -3, 1, -3, -3, -5]
 
3.55559959649: [2, -1, 0, 1, 0, -7, 1, -6, -1, -2, 3, -7, -5, -2, -3, -8, -6, -2, -5, 3, -2, -7, 0, 2, 2, -7, 0, 0, -7, 0, -6, -6, -7, 2, 0, -1, -1, -4, -1, 4, -6, 4, -1, -2, -5, -6, -6, -8, 2, -2, 0, -7, -4, -6, 1, -2, -7, -7, 0, 2, 3, -5, -7, -6, -6, 0, 0, 3, -3, -2, 4, -3, -6, 3, -3, -1, -7, -1, 4, 2, 2, -4, 4, -4, -5, -4, 2, 3, -1, 2, -5, -6, 3, -4, -8, -8, 3, 3, 3, -8, -1, 1, 4, -1, -2, -8, -3, -1, -4, -2, -3, -7, -8, -4, 1, -4, -8, -4, -1, 4, 0, -4, 1, -1, -2, 2, -5, -7]
 
4.70397032133: [2, -1, 0, 1, 0, -7, 1, -6, -1, -2, 0, -7, -5, -2, -3, -8, -6, -2, -5, 3, 2, 0, -3, -2, -4, -5, 0, 0, -7, 0, -6, -6, -7, 2, 0, -1, -1, -4, -1, 4, -6, 4, -1, -2, -5, -6, -6, -8, 2, -2, 0, -7, -4, -6, 1, -4, -8, 2, -5, 0, 4, -4, -4, -1, -4, -1, 3, 0, -2, 4, 4, -8, -7, -6, -7, 3, -8, -7, -5, 2, 2, -4, 4, -4, -5, -4, 2, 3, -1, 2, -5, -6, 3, -4, -8, -8, 3, 3, 3, -8, -1, 1, 4, -1, -2, -8, -3, -1, -4, -2, -3, -7, -8, -4, 1, -4, -8, -4, -1, 4, 0, -4, 1, -1, -2, 2, -5, -7]
 
4.07051957914: [2, -3, 3, -7, -3, -5, 4, -3, -6, -4, -7, 2, -4, -6, -6, -3, -5, 2, -5, -6, -4, 2, 1, 4, 2, -4, 3, 0, -3, 0, 1, -7, 4, -6, 4, 4, -2, 3, 0, 4, -6, 4, -1, -2, -5, -6, -6, -8, 2, -2, 0, -7, -4, -6, 1, -2, -7, -7, 0, 2, 4, -4, -4, -1, -4, -1, 3, 0, -2, 4, 4, -8, -7, -6, -7, 3, -8, -7, -5, 2, 2, -4, 4, -4, -5, -4, 2, 3, -1, 2, -5, -6, 3, -4, -8, -8, 3, 3, 3, -8, -1, 1, 4, -1, -2, -8, -3, -1, -4, -2, -3, -7, -8, -4, 1, -4, -8, -4, -1, 4, 0, 0, 1, -3, 1, -3, -8, 0]
 
4.44365487274: [2, -1, 0, 1, 0, -7, 1, -6, -1, -2, 3, -7, -5, -2, -3, -8, -6, -2, -5, 3, 2, 0, -3, -2, -4, -5, 0, 0, -7, 0, -6, -6, -7, 2, 0, -1, -1, -4, -1, 4, -6, 4, -1, -2, -5, -6, -6, -8, 2, -2, 0, -7, -4, -6, 1, -2, -7, -7, 0, 2, 4, -4, -4, -1, -4, -1, 3, 0, -2, 4, 4, -8, -7, -6, -7, 3, -8, -7, -5, 2, 2, -4, 4, -4, -5, -4, 2, 3, -1, 2, -5, -6, 3, -4, -8, -8, 3, 3, 3, -8, -1, 1, 4, -1, -2, -8, -3, -1, -4, -2, -3, -7, -8, -4, 1, -4, -8, -4, -1, 4, 0, -4, 1, -1, -2, 2, -5, -7]
 
1.799376735: [2, 1, 3, 1, 3, -7, -4, 2, -1, -2, 3, -7, 3, 4, -3, -8, -6, 1, -5, 3, 2, 0, -3, -2, -4, 1, -4, 0, -3, 0, -6, -6, -8, 2, 0, -1, -1, 0, -1, -8, -6, 4, -4, -2, -5, -6, 1, -8, 2, -2, 0, -2, -4, 0, -8, -2, -8, 4, -4, 0, 3, -4, -4, 1, -4, -1, -4, 0, -2, 4, -2, -2, -7, -8, -7, 0, -8, -7, -4, 3, -1, -4, 4, -8, 0, -4, 2, -6, -7, -1, -5, -6, 3, 4, -7, -8, -7, 3, 3, -8, -1, 1, 4, -1, -3, -1, -3, -7, 0, 4, -7, -7, -8, -4, 1, -4, -8, -3, -1, 1, 0, 2, -6, -1, -2, 2, -5, -7]
 
5.19901523067: [2, -3, 3, -7, -3, -5, 4, -3, -6, -4, -7, 2, -4, -6, -6, -3, -5, 2, -5, -6, -4, 2, 1, 4, 2, -4, 3, 0, -3, 0, 1, -7, 4, -6, 4, 4, -2, 3, 0, 4, -6, 4, -1, -2, -5, -6, -6, -8, 2, -2, 0, -7, -4, -6, 1, -2, -7, -7, 0, 2, 4, -4, -4, -1, -4, -1, 3, 0, -2, 4, 4, -8, -7, -6, -7, 3, -8, -7, -5, 2, 2, -4, 4, -4, -5, -4, 2, 3, -1, 2, -5, -6, 3, -4, -8, -8, 3, 3, 3, -8, -1, 1, 4, -1, -2, -8, -3, -1, -4, -2, -3, -7, -8, -4, 1, -4, -8, -4, -1, 4, 0, -4, 1, -1, -2, 2, -5, -7]
 
4.83134074049: [0, -5, -6, -1, -8, -2, -7, -2, -4, -1, 0, -7, -5, -2, -3, -8, -6, -2, -5, 3, 2, 0, -3, -2, -4, -5, 0, 0, -7, 0, -6, -6, -7, 2, 0, -1, -1, -4, -1, 4, -6, 4, -1, -2, -5, -6, -6, -8, 2, -2, 0, -7, -4, -6, 1, -4, -8, 2, -5, 0, 3, -5, -7, 3, -3, 2, -3, 1, -7, -3, 2, 1, 0, -2, 4, -4, -8, 2, 0, -8, 2, -4, 4, -4, -5, -4, 2, 3, -1, 2, -5, -6, 3, -4, -8, -8, 3, 3, 3, -8, -1, 1, 4, -1, -2, -8, -3, -1, -4, -2, -3, -7, -8, -4, 1, -4, -8, -4, -1, 4, 0, -4, 1, -1, -2, 2, -5, -7]
 
4.53132469334: [2, -1, 0, 1, 0, -7, 1, -6, -1, -2, 3, -7, -5, -2, -3, -8, -6, -2, -5, 3, 2, 0, -3, -2, -4, -5, 0, 0, -7, 0, -6, -6, -7, 2, 0, -1, -1, -4, -1, 4, -6, 4, -1, -2, -5, -6, -6, -8, 2, -2, 0, -7, -4, -6, 1, -4, -8, -7, 0, 2, 4, -4, -4, -1, -4, -1, 3, 0, -2, 4, 4, -8, -7, -6, -7, 3, -8, -7, -5, 2, 2, -4, 4, -4, -5, -4, 2, 3, -1, 2, -5, -6, 3, -4, -8, -8, 3, 3, 3, -8, -1, 1, 4, -1, -2, -8, -3, -1, -4, -2, -3, -7, -8, -4, 1, -4, -8, -4, -1, 4, 0, -4, 1, -1, -2, 2, -5, -7]
 
1.338572297: [2, -3, -2, -7, -3, 2, 4, -3, -6, -4, -5, 2, -4, -6, 0, -3, -5, 2, -1, -6, 0, 2, 1, -2, 0, -4, -6, -1, -3, 0, 1, 3, 4, -6, 4, 4, -2, 3, -3, -6, -6, 4, -7, 1, -7, -6, -6, -8, 2, -2, -8, -8, -1, -1, 1, -1, -7, 2, -5, 3, 3, -5, -7, 3, -3, -5, -3, 1, -7, -8, -7, -2, 0, -2, 2, -4, -8, 2, 0, -8, -7, -4, 4, -6, -5, 2, 2, 3, -1, 2, -5, -4, -8, -4, -8, 3, -8, -1, 1, 4, -3, 1, -6, -3, 3, -8, -3, -1, -4, -2, -3, 4, -8, -4, 1, -4, -8, -4, -6, -7, 2, -4, 1, -3, -2, -3, -5, -1]
 
4.03719488997: [2, -1, 0, 1, 0, -7, 1, -6, -1, -2, 3, -7, 3, 4, -3, -8, -6, -2, -5, 3, 2, 0, -3, -2, -4, -5, 0, 0, -7, 0, -6, -6, -7, 2, 0, -1, -1, -4, -1, 4, -6, 4, -1, -2, -5, -6, -6, -8, 2, -2, 0, -7, -4, -6, 1, -2, -7, -7, 0, 2, 4, -4, -4, -1, -4, -1, 3, 0, -2, 4, 4, -8, -7, -6, -7, 3, -8, -7, -5, 2, 2, -4, 4, -4, -5, -4, 2, 3, -1, 2, -5, -6, 3, -4, -8, -8, 3, 3, 3, -8, -1, 1, 4, -1, -2, -8, -3, -1, -4, -2, -3, -7, -8, -4, 1, -4, -8, -4, -1, 4, 0, -4, 1, -1, -2, 2, -5, -7]
 
4.73740583721: [2, -3, 3, -7, -3, -5, 4, -3, -1, -2, 3, -7, -5, -2, -3, -8, -6, -2, -5, 3, -2, -7, 0, 2, 2, -7, 0, 0, -7, 0, -6, -6, -7, 2, 0, -1, -1, -4, -1, 4, -6, 4, -1, -2, -5, -6, -6, -8, 2, -2, 0, -7, -4, -6, 1, -2, -7, -7, 0, 2, 4, -4, -4, -1, -4, -1, 3, 0, -2, 4, 4, -8, -7, -6, -7, 3, -8, -7, -5, 2, 2, -4, 4, -4, -5, -4, 2, 3, -1, 2, -5, -6, 3, -4, -8, -8, 3, 3, 3, -8, -1, 1, 4, -1, -2, -8, -3, -1, -4, -2, -3, -7, -8, -4, 1, -4, -8, -4, -1, 4, 0, -4, 1, -1, -2, 2, -5, -7]
 
4.27480713791: [2, -1, 0, 1, 0, -7, 1, -6, -1, -2, 3, -7, -5, -2, -3, -8, -6, -2, -5, 3, -2, -7, 0, 2, 2, -7, -7, 4, -6, -6, -6, 2, 4, 0, -7, -1, 2, 4, -8, -2, -8, -8, -3, 3, -5, -6, -6, -8, 2, -2, 0, -7, -4, -6, 1, -4, -8, 2, -5, 0, 3, -5, -7, 3, -3, 2, -3, 1, -7, -3, 2, 1, 0, -2, 4, -4, -8, 2, 0, -8, 2, -4, 4, -4, -5, -4, 2, 3, -1, 2, -5, -6, 3, -4, -8, -8, 3, 3, 3, -8, -1, 1, 4, -1, -2, -8, -3, -1, -4, -2, -3, -7, -8, -4, 1, -4, -8, -4, -1, 4, 0, -4, 1, -1, -2, 2, -5, -7]
 
4.13210264291: [2, -1, 0, 1, 0, -7, 1, -6, -1, -2, 3, -7, 3, 4, -3, -8, -6, -2, -5, 3, 2, 0, -3, -2, -4, -5, 0, 0, -7, 0, -6, -6, -7, 2, 0, -1, -1, -4, -1, 4, -6, 4, -1, -2, -5, -6, -6, -8, 2, -2, 0, -7, -4, -6, 1, -2, -7, -7, 0, 2, 4, -4, -4, -1, -4, -1, 3, 0, -2, 4, 4, -8, -7, -6, -7, 3, -8, -7, -5, 2, 2, -4, 4, -4, -5, -4, 2, 3, -1, 2, -5, -6, 3, -4, -8, -8, 3, 3, 3, -8, -1, 1, 4, -1, -2, -8, -3, -1, -4, -2, -3, -7, -8, -4, 1, -4, -8, -4, -1, 4, 0, -4, 1, -1, -2, 2, -5, -7]
 
