3.1828690692244948: [2, -1, 0, 1, 0, -7, 1, -6, -1, -2, 3, -7, -5, -2, -3, -8, -6, -2, -5, 3, -2, -7, 0, 2, 2, -7, -7, 4, -6, -6, -6, 2, 4, 0, -7, -1, 2, 4, -8, -2, -8, -8, -3, 3, 4, 3, 3, 0, -4, 3, 2, -8, -2, -2, -3, -2, -7, -7, 0, 2, 4, -4, -4, -1, -4, -1, 3, 0, -2, 4, 4, -8, -7, -6, -7, 3, -8, -7, -5, -5, -6, -6, 1, 4, -7, -2, 1, -2, -2, 4, -3, -3, -1, -3, 2, -5, 0, -6, -1, -6, -7, -4, -6, -1, -2, -8, -3, 3, 2, -2, -6, -4, -6, -5, -8, -5, 3, -1, 0, -7, -3, -2, 0, -8, -2, -5, 1, -3]
 
3.060574489902531: [-2, 2, -1, 3, -2, -3, 2, -7, -3, 0, 1, 0, -7, -2, -2, -2, -4, 3, -7, -8, 0, 0, -7, 0, -1, -3, -1, -7, -5, -2, -2, -5, 0, -2, -5, 3, -7, -2, -2, 1, 4, 3, -3, -3, 3, -4, 2, -5, -6, 4, 0, 4, -7, -3, 0, -5, -3, -4, -6, 4, 2, -1, 2, -8, 0, -7, -5, -7, 3, -4, 1, -5, 2, -2, -1, -3, -1, -6, -2, -3, -2, 1, 3, 2, -6, -4, -3, -1, 0, 2, -6, 3, -3, 3, 2, -1, -5, 1, 2, -4, -5, -3, 1, -4, -4, -6, 0, -2, 2, -3, 1, -1, -2, -3, 0, 2, 4, 0, -3, -5, 0, -8, 0, -4, 1, 3, -8, 3]
 
2.5279065808079197: [3, -4, 4, 4, 4, -8, -2, -6, -4, 0, 1, 0, 2, -7, -8, -3, 2, -3, -3, -5, -4, -2, 1, -7, -4, 1, 3, 2, 0, 0, 1, -6, 1, 3, 4, -5, 1, 4, 1, 4, -5, 1, 1, 2, -5, -8, 1, 0, -7, -5, -1, -5, 0, 2, 3, -3, -3, -6, -8, -5, -7, -5, 0, -4, -3, -8, -4, -6, 3, -3, 2, -3, -2, 4, -7, 3, 1, -2, 2, 2, 1, -4, -1, -1, -1, 2, 4, 3, 0, -3, 4, -2, 1, 1, -8, -5, 4, 0, -4, 3, -7, -4, -6, 0, -7, -4, -6, -1, -4, 1, -2, -3, 4, -3, 2, -6, -3, -8, -2, -3, -4, -2, -8, -6, 4, 2, -6, 1]
 
1.17689415354: [-6, 0, 0, 3, -2, -7, -8, -7, -1, -7, -1, 3, -7, -2, -8, -4, 0, -7, -2, 1, -3, -4, -4, -6, -5, -2, -6, -3, -3, -5, 4, 3, 4, -1, 4, 3, -2, 3, 2, -7, 2, -2, 2, -6, -8, -5, -4, -2, -8, 4, -2, -2, 4, -4, -1, -3, -2, 0, -1, -1, -6, -1, 1, -2, -1, -5, -3, 1, -4, 1, 2, 1, 4, -3, -2, -4, -3, 3, 1, -6, 4, -3, -2, 1, -8, -2, -7, -7, 4, 2, -2, -3, 4, -8, 0, -3, -6, 4, -6, -4, -2, -6, -1, -3, 4, -7, 4, -6, -7, 4, -7, 2, 3, -1, -6, -8, -6, 2, 0, -2, 1, -7, -1, -6, 2, -7, -1, -5]
 
1.9923824080408419: [-3, -8, -4, -3, -6, -8, 3, 4, -2, -8, 2, -1, -3, -5, 0, 4, -4, 4, 4, 0, 1, 1, 1, -7, -6, 1, 4, -5, -5, -2, 2, -4, -7, 3, -2, -4, -3, 1, 4, 1, -3, -5, -8, -8, 0, 0, -6, -2, -2, 1, -8, 4, -2, -5, -8, -5, 4, 2, 3, -3, 1, -7, 0, 1, -8, 1, -3, -6, -5, -7, 1, 4, -5, -3, 3, 3, -1, -5, -7, 4, -6, -1, -8, 0, 1, 2, 1, -8, 3, -5, -8, -5, -5, -1, 1, 1, 2, 1, 0, 0, 4, -4, -6, -1, 4, -4, 4, -6, 4, -4, -8, -8, -3, 3, -8, -4, 0, -1, -7, -6, 0, -5, -2, -1, 2, -8, -2, -1]
 
1.19251763543: [4, -2, -2, -4, -7, -7, 0, 4, -2, 1, -3, -6, -2, -1, -6, -2, -8, 2, -5, -2, -4, -6, -3, -6, 1, 2, -5, -1, -5, -4, -8, -8, 4, -7, -2, -4, 0, 3, -5, 1, -2, -5, -3, -4, -7, -2, -6, -6, -5, 3, -2, 2, -6, 0, -8, -2, 3, 2, -3, 4, 1, -6, -7, -3, 3, -2, 2, -8, 3, -5, -6, 1, 2, -2, 1, 2, 2, -7, 3, -1, -3, -1, -8, -2, 1, 2, 0, -1, -7, -3, -6, -5, -6, 3, -1, 1, 1, 4, -2, -2, 2, -2, -4, -7, 0, 0, -5, 1, -4, -8, 1, -8, -5, 4, -3, 2, -7, -8, 1, -2, -1, 4, 3, -2, 3, -2, 4, -5]
 
1.7441141901706274: [-7, 1, 1, -3, -2, -4, -7, -5, 1, 3, -8, -5, 4, 0, -2, -8, 1, -1, -3, 1, 3, 0, -3, -3, -6, -7, 1, -1, -2, 1, -1, -8, 3, 4, 2, -7, -7, -7, -2, 2, -3, -7, 2, 1, 0, -7, -3, -7, -3, -2, 4, -6, -3, -4, -3, -7, -2, 1, -3, 2, -6, -8, -1, 3, -3, 2, -3, 1, -7, -3, 2, 1, 0, -2, 4, -4, -8, 2, 0, -8, -5, -1, -1, 0, 3, -3, -4, -4, 4, -3, -7, 0, 0, -6, -1, 4, 3, 2, -8, -2, -7, -6, -2, 2, -6, 4, -2, 4, -8, -7, 4, -1, -8, -1, -3, -1, -5, 1, -6, -2, -8, 0, 3, -4, -8, -1, -7, 3]
 
1.6955508456499042: [-1, -3, -4, -1, 1, -6, -8, -1, -4, 1, 1, -2, 1, -3, 3, 0, 1, -4, -1, -5, 0, 4, 4, -1, 2, 3, 1, -8, -1, 0, 0, -5, -4, 1, 1, -3, 1, -7, 2, -7, -5, -8, 3, -3, -2, -8, 0, -5, -7, -6, -2, 4, 0, -5, -3, 3, -7, 3, -2, -7, 1, 2, -8, -3, -8, 1, -4, -5, 3, -5, -5, 3, -1, -7, 3, -5, 4, -7, -1, -5, 0, -5, -2, -8, 2, -2, -4, 1, -7, -3, -4, 0, -6, -6, -2, -3, 2, 1, 0, -5, -4, -2, -6, 1, -1, 3, 0, -8, -2, -3, -7, -8, 3, -5, -3, -2, 0, -8, -6, -2, 2, -4, -5, 2, -4, -5, 4, -3]
 
1.6322122137124921: [-3, -4, 3, -7, 4, 2, 0, -4, -2, 4, -1, -4, 2, -7, 0, -4, -7, -1, 4, -6, 3, -7, 2, -7, 4, -5, -1, -1, -8, -8, 1, 3, 2, 1, -2, 3, 0, -2, 3, 0, 1, -7, -6, -7, -3, 4, 0, 0, -4, -8, -5, 4, -1, -5, 1, -6, 4, -1, 1, 0, -8, -7, -1, 2, -8, 4, -8, -2, -6, -8, -2, -7, 2, -2, -6, 2, -1, -7, 0, -3, -2, -8, 0, -7, -1, 4, -7, 2, -7, -3, -4, -4, -3, -8, -4, 1, -6, -1, -2, 4, 3, -6, 1, -6, 4, 1, -1, -1, -8, -1, -6, -6, -4, 2, 1, 3, -6, 4, -7, -3, -6, -7, -4, -8, 1, 3, -7, -4]
 
1.604570065726246: [-7, -8, 4, -8, -3, -7, -8, -8, 4, -2, 2, 0, -3, -2, -1, -7, 1, -3, 3, -3, 1, -5, 4, 2, 2, -2, -4, -8, 4, -5, 0, 3, -8, -3, 4, 1, 2, 4, 3, -7, -4, -4, 4, -7, -1, 4, -7, -8, -3, 1, -4, 1, -7, -3, -5, -7, 0, -6, 3, -6, -3, -7, 0, -7, -4, -5, -1, 0, -2, 1, 0, -2, -4, -2, -3, 3, -8, 1, -4, -6, -3, -3, -6, -1, -5, -8, 0, -8, 1, 1, -6, 0, 3, -6, 4, -6, 4, -8, 4, 4, 4, -5, -2, 3, -5, 3, 4, 3, -2, -8, -5, -5, -7, 0, -4, -4, 2, -3, -2, -3, -7, -4, -1, -3, -2, -4, -7, 2]
 
0.925908618417: [4, -5, 0, -1, -8, -2, -7, 2, -4, -1, 0, -2, 3, -7, -2, -4, 1, 4, 4, 3, 2, 0, -3, -2, -1, -5, 0, 0, -7, 0, -6, -6, -7, -4, 0, -2, -1, 3, -1, 4, -6, 4, -3, -2, -5, -5, -6, -8, 2, 1, 0, 3, -4, -3, 1, -4, -8, 4, 3, 3, -8, -5, -7, -6, -6, 0, 0, 3, 4, -2, -8, -3, -6, 3, -6, 2, -2, -1, 4, 2, -8, -4, -6, -4, -5, -6, -5, 3, -1, 2, -1, 1, 3, -4, -8, 3, -8, 4, 3, -8, -5, 1, 1, -8, -6, -5, -6, 0, -2, -2, -2, -7, 2, -7, 1, 1, -7, -4, -1, 3, -8, 0, -8, 3, -7, -2, -8, 0]
 
1.5597634603764527: [-4, -8, -3, 4, -5, -2, -5, -6, 0, -4, -1, -2, -8, -5, -8, 2, -8, -2, 0, 0, -3, 4, -6, -4, -8, 2, -3, 1, -5, 3, 2, -2, -7, -2, 2, 0, -5, 1, -8, -6, -2, 4, 3, -8, -6, 1, 2, -1, 3, 4, -5, -1, 2, -8, 0, 4, -5, -5, -6, 1, 1, -8, -8, -5, 1, -6, 3, 1, -5, -4, -2, -2, -2, 1, 0, -4, -4, -5, -5, 0, 4, -4, 1, 2, -3, -5, 1, -7, -7, -7, -5, -3, -2, 1, -2, -1, -1, 1, -2, 3, -8, -6, -2, -6, -7, -1, -7, -1, -7, -5, -2, -2, -8, -5, -3, -3, 1, 0, 1, 4, -3, 1, -4, -8, -1, -3, -3, -6]
 
1.207237752: [-3, -7, -3, 3, -1, 4, -5, 1, -7, 2, 2, -1, 0, -3, -6, 4, -2, 1, 3, -2, -4, 4, -5, -7, 4, -7, -3, -7, -3, -1, -5, -5, 4, -5, 4, -8, 4, 3, -7, -2, -2, -5, -5, -1, -3, -4, -5, -1, -2, -1, -6, 4, -5, -6, -8, -2, -7, 2, -1, -6, 2, 4, -4, -6, -8, -4, 4, 3, -4, -3, 3, -2, 0, 1, 4, -4, 1, -7, -8, -3, 2, -4, -4, -1, -4, -3, -2, 4, -7, -8, 1, 3, -7, 3, -3, 3, 2, -2, 0, 3, -7, 2, -1, 3, -3, 0, 2, -5, -1, -2, 2, -4, 0, -4, 4, -8, 3, 2, -5, -7, -8, 3, -3, 4, -4, -7, 4, 2]
 
1.5137011171282113: [4, 0, 3, -4, -6, -5, 4, 2, -5, -7, -6, -5, -3, -1, -7, -3, -7, 1, -6, 1, -2, 2, -4, -1, -2, 2, -7, 1, -8, -4, -5, -8, -6, -6, -7, -1, -1, -1, 1, 3, -7, 1, 2, 1, -8, -4, -2, 2, -6, -7, -3, -7, -5, -8, 0, 3, -3, -2, 1, -7, 0, 2, -5, -5, -6, 4, -5, -3, -7, -1, -6, -8, -7, -7, -6, -4, -8, -7, -3, 0, -6, -1, -8, 4, 2, 2, 4, -4, -4, 3, -6, -7, 4, 4, -4, 4, 1, -2, 0, 0, -8, -8, 0, -3, -3, -8, -8, -5, 0, 2, -8, -8, -3, -2, 4, -7, -7, -7, 3, -7, 0, -7, -8, 0, -8, 4, -1, -3]
 
0.602285201258: [1, -4, -2, 2, 2, -3, -7, -8, -6, 3, -1, 2, 4, 2, -1, -4, 4, -2, 3, -6, -5, -8, 4, -3, 0, 1, -4, -8, 3, 4, 3, -8, -8, -7, -4, -8, -2, -7, -1, 2, 4, 2, -1, 1, 3, -6, -7, -2, -4, -1, 4, -5, -3, 2, -2, -4, 1, 4, -2, -5, 2, -2, -4, -6, -1, 3, 1, -1, -7, -6, -7, -1, 4, 1, 1, -4, -5, 0, -6, 0, -5, -6, -8, -3, 3, 1, -6, -1, -7, -7, -4, 4, 4, 4, 2, 0, -6, 4, 1, 4, 0, -3, -2, 2, -5, -1, -5, -8, -1, -5, 2, -3, 0, 2, -8, -5, -3, -3, 2, -3, -6, 3, -7, 3, 1, 2, 3, 2]
 
1.4245743234974166: [4, 3, -3, -6, -4, -7, 0, 3, 0, -3, 4, 1, -2, 2, -3, 1, -5, -1, -1, -6, -7, 3, 3, -4, -4, -4, 3, -5, 0, 0, -1, -4, -4, 1, -8, 1, -8, 1, -4, 0, -6, -2, 2, -3, -7, -5, -3, -4, -8, 1, 4, -4, -8, 1, 4, -3, -6, 3, 2, -8, 3, -7, 3, -2, 2, -5, -6, -4, -4, -3, -7, -2, 4, -1, -4, -5, -5, 2, -6, -2, 3, -3, 2, 0, -2, -1, -3, -2, -3, -7, 1, 0, -4, 2, -2, 4, -8, -7, -7, -8, -4, -3, -4, -1, 4, 0, -8, -1, -6, 4, -7, -1, -8, -4, 1, 1, -7, 4, 4, -2, 1, 1, -1, -7, -5, 0, -5, -5]
 
1.4076457170551575: [0, -2, -7, 1, -3, -5, 3, -5, 3, -6, -6, -2, 2, -3, 4, 4, 1, -5, 3, -5, 0, -3, 0, -8, 4, -2, 1, -5, -3, 2, 3, -8, -4, 4, 4, -5, 1, -6, -6, -3, 2, 1, -5, -6, 0, -6, 2, -6, -1, -7, 3, -2, -1, -1, 2, -8, 3, -7, -5, -6, -8, -2, -4, 1, -3, -3, -2, -7, -5, -5, 3, 1, -7, -3, -4, -6, -3, -5, 3, -2, -7, -8, 1, -3, -6, 1, -7, -4, -3, 2, -4, -8, 3, -3, 1, -8, 1, -3, -2, -8, 4, 3, -8, -2, 2, 3, -3, -7, -4, 0, 0, -1, -5, -8, -4, 2, 1, -5, -3, 0, -7, -8, -1, -4, -2, -8, -4, -3]
 
1.3670539610399475: [1, -2, -6, 2, 4, -4, 2, 3, 2, -4, -6, -8, -8, -7, -3, 1, -3, -4, -3, -4, 0, 4, 2, 2, 1, 0, -8, 1, -7, 2, -1, -4, -2, 2, -4, -7, -7, -3, -5, -2, 1, 1, 3, 3, 4, 2, -5, 3, 0, 3, 3, -6, -5, 2, -4, 4, 3, -2, 0, -2, -4, 0, 4, 4, 0, 3, 4, -3, -2, -6, -4, -6, -7, 4, -6, -5, -3, 0, 0, -3, -2, -1, -8, -3, 3, 2, -3, -4, -5, -7, -7, -5, -1, -1, -6, -4, -4, 1, -6, 2, -2, -2, 0, 2, -7, -4, -6, -3, -7, -1, 3, -8, 3, -4, 4, -4, -8, -6, -8, 2, -7, -6, 3, 0, -1, 4, 4, -5]
 
1.3604668305428196: [-1, -4, 2, -2, 4, -5, -3, -6, 4, -3, -7, -7, -4, -7, 1, -4, 0, -5, 1, -2, -5, 3, 2, 2, 2, -3, -6, -8, 3, -7, -6, -3, 0, -6, -2, -2, 0, -4, 4, 0, -3, 2, -1, -1, -7, 3, -1, -8, -6, 1, 2, 0, -3, -2, 0, 4, 2, 1, 4, -8, -7, -3, 0, -1, 2, -5, 0, -2, -4, 0, -4, -1, 2, -2, -5, -2, 4, -6, 4, -7, -7, 3, -8, -4, -3, -4, -3, 3, -1, -1, 4, -3, -6, 2, 3, -5, 2, -2, -6, 2, -3, -8, -1, -1, -6, -8, 2, -2, -6, 2, -2, -3, -2, 3, -4, 1, 2, 3, 0, 3, -5, 4, -5, -5, -2, 3, -6, -7]
 
1.3254686355961418: [0, -8, -1, -5, -7, 3, -4, -8, -7, -7, -2, -7, 3, -4, -5, -5, -5, 2, -1, 0, -4, 4, -4, 2, 0, -5, 3, 1, -8, 2, -1, 4, 4, -3, 0, -3, 0, 1, -8, -5, 1, -4, -7, -5, 0, 0, 1, 4, 1, -2, 4, 1, -1, -3, -3, -2, 0, -7, 1, -1, -6, 4, 2, -8, -8, -2, 2, 2, -8, 4, -7, 3, -8, -3, -2, 4, -1, -8, -7, -5, -8, 2, -1, -1, 2, -2, -6, -4, -7, 1, 1, -8, -8, -6, -1, -4, -1, -2, -8, -6, -6, -1, 0, -1, 3, -3, 2, -5, -1, -6, 4, -3, -5, -6, 2, -6, 4, -6, 2, -2, -7, -5, -2, 3, 2, -3, 0, -6]
 
0.820139948867: [0, -5, -7, -1, -3, 4, -7, 1, 4, -1, -4, 2, -1, -6, -3, -3, -3, -1, -5, -6, -4, 0, -7, -3, -1, -4, -5, 0, -5, 0, -1, 4, -3, 1, -2, 4, 3, -7, -2, 1, 3, -8, 2, -6, -2, 1, -4, -1, -2, -4, 2, 4, -6, 2, 3, -1, 4, -8, -1, 3, -4, -8, 1, -3, -7, -4, 2, -6, -7, -6, 2, -5, 2, 4, -3, 3, -1, 4, -7, 1, -1, -1, -7, 0, 1, -1, 2, -8, -3, 1, 3, -2, 1, -1, -8, 3, -3, -1, 0, -7, -4, 1, -3, 2, -1, -1, 3, 0, 1, 0, 2, -2, 3, -3, -3, -1, 1, -5, 3, -1, -2, 1, 3, -4, -2, -4, 4, 0]
 
0.893247519591: [-6, -2, 0, 4, -6, -6, -4, -5, -8, 1, -2, -2, 2, 1, 2, 0, -7, 0, 2, 0, -8, 0, -6, 0, 1, -5, -8, -6, 2, 1, -3, 1, 4, -3, -1, -2, -4, -7, -7, 4, -1, -1, -5, 1, 4, -5, 0, -5, 4, 2, -8, -6, -8, -6, 3, 4, 1, -7, -5, -2, -7, 4, 0, 3, 0, -7, -2, -7, 3, 0, -7, 4, -7, -8, 1, 1, 1, -8, 4, -4, -3, 0, 0, -4, -3, -3, 4, -8, -1, -1, -7, -5, 1, 0, -4, -3, -6, -2, -2, -3, -2, -6, 0, 2, -7, -8, -6, -8, 1, -7, -1, -5, -7, -6, -6, -7, -5, -2, -1, 0, -1, 2, -3, 4, -8, -5, -2, -2]
 
0.866323878057: [-3, -8, 2, 1, 2, 1, -7, -5, -1, -6, -6, -5, -3, -5, -1, 0, -8, -2, -5, -7, -5, -3, -3, -4, -4, -3, 3, -1, 0, -4, -5, -1, 1, -5, 3, -3, -5, 2, 0, -1, -3, 2, -6, -3, -1, -6, 0, -1, -2, 4, -2, -1, -8, -2, -7, 2, -8, -6, -2, -4, -6, -7, 4, -8, -8, 2, -2, -5, 2, 0, 2, -4, 4, -5, 1, 2, -2, 4, 3, -4, -7, 3, -8, -4, 3, -6, 0, 3, -6, -6, -5, -6, 4, 4, -3, 3, 4, -1, -1, -1, -6, -8, 3, -2, -5, -6, 1, 2, -5, -5, 1, -8, -6, -3, 1, -1, -8, 4, -3, -5, -7, -6, 2, -6, 1, -6, 3, -6]
 
1.1395860831216988: [-5, -4, -8, 1, -3, -5, -6, -2, -2, -6, -1, -8, -4, -6, -1, -5, 1, -5, -6, -5, 3, -1, -7, 1, -4, -2, -5, -2, 2, -2, -2, -8, -7, -3, -5, 3, 3, 0, 3, -5, -1, -3, -7, -6, 1, -4, 4, -4, 1, -2, -6, 3, -4, 2, 2, -8, -5, -3, -1, -8, 2, 3, -6, -4, -1, -6, -2, -7, -8, -2, -6, 2, -8, 4, 1, 2, 1, -3, -8, 4, 3, 2, -6, -7, -6, 3, 0, -2, -7, 1, -3, 2, 0, -2, 0, 2, -8, -3, -2, 0, -3, 2, 3, -6, 4, 2, 3, -2, -3, 0, 3, -3, 3, 2, -1, -5, -5, -8, -4, -4, 0, -2, -6, 4, -1, -3, -1, -1]
 
1.1163754084730595: [0, -1, 2, -4, 2, -8, 0, 1, 3, 1, -8, -2, -7, -7, -7, -2, 3, -5, -4, -3, -8, 2, -6, -6, -1, -2, -4, -1, 4, 1, 0, -7, 3, -6, -4, 4, -1, 1, 4, 4, -1, -6, 4, -8, 2, -6, -6, -1, -2, -7, -3, -1, -4, -3, -7, -8, -6, -5, -4, -4, -2, 2, -2, -4, -1, 2, -6, -6, -3, -5, -8, -4, 1, -5, -8, -2, -7, 4, -1, -1, -2, -1, 0, -1, -4, 0, -8, 4, -7, -6, -6, 3, -6, 1, 1, -1, 0, -2, -7, 3, -2, 2, 4, 2, 2, -2, -6, 3, -7, -3, -5, -6, -3, 2, -2, -7, -4, -6, -4, 2, 4, -7, -1, -4, -8, 0, 2, 0]
 
1.0682683152720838: [-4, 0, 3, -2, -7, -2, -6, -6, 1, 4, -4, -8, -3, -5, -7, 0, -8, -3, 1, 0, -3, -6, -8, 3, -5, -5, 1, 4, -7, -5, -5, 3, 2, -8, 4, -1, -3, -3, -8, 4, 4, -7, 3, -3, -6, -3, -4, -1, -3, 1, -5, -5, -2, -8, -1, -7, -3, -2, -6, -7, 3, -3, -3, 4, 2, -1, -3, -4, 1, -8, -1, -5, -6, 2, -3, -5, 4, 3, -6, 0, -3, -5, 0, -1, -4, -6, -3, -2, 3, -3, -4, 0, -3, 1, -5, 0, -1, -8, -5, 3, -7, -7, 1, -1, 2, -1, -7, -5, -3, -1, -6, -1, -4, 1, -3, -3, 2, -3, 0, -4, 3, 3, -6, -6, 3, -5, -3, 2]
 
1.0673837683251648: [-5, 4, -1, 1, 0, -4, -6, -4, -7, -7, -6, 2, -4, -6, 1, 1, 2, -2, 2, -5, 2, -7, -2, -3, -1, 2, 3, 4, -6, -2, -1, -6, -7, -1, 1, -7, -3, 3, -4, -5, -4, -3, -3, -4, 1, 4, -1, 1, 0, -5, 3, 1, 0, -4, -8, -7, -5, 2, 3, -1, 2, -2, 3, 0, 3, -5, 3, -4, 4, 4, -6, 4, -7, 0, -8, 2, 0, -8, -1, -2, -3, -3, -7, -1, -7, 1, -6, 4, 2, -7, -4, -3, -6, -5, 2, 3, 4, -1, 2, 2, -5, -2, -4, -2, 3, 4, -2, 1, -3, 1, 2, -2, 0, 4, 4, -6, 3, -4, -4, -7, -3, 4, -2, -8, -5, -4, -6, 0]
 
1.43695228772: [2, 0, -2, -1, -2, 4, 1, 0, -4, -7, 4, 4, -7, -8, 3, 4, 3, -8, 0, -3, -6, 0, 1, 2, -8, -5, -4, 2, -4, 0, 3, -2, 0, 0, -2, -5, 1, -2, -7, 2, -3, 1, -8, 3, -1, -3, 3, -2, 2, 1, 1, 0, 1, -7, -1, -4, -8, 1, -4, -4, -1, 4, -8, 4, 4, -5, -7, 1, 2, -7, -7, -2, -7, -7, -3, 2, 1, -6, 4, -6, 0, -8, 3, 4, 0, -2, 3, -7, 0, -8, 3, -5, -1, 0, -3, -8, -3, -5, -2, -8, 1, -8, -6, 3, 4, -4, 0, -2, -2, -5, 4, -7, 3, -5, 2, 3, 1, -4, 0, 0, 2, -6, -8, -4, 1, -1, -7, 0]
 
1.0157142238036254: [-1, -4, 1, -1, -7, 2, 4, 4, 3, -2, 0, -3, -2, -7, -5, -5, -6, -1, 0, -3, -3, -6, -4, -3, -3, -3, -8, -1, -7, 4, -2, 2, -3, -2, 3, 3, 1, 4, 0, -7, -3, -2, -8, 4, 3, 4, 1, -8, -2, 3, 4, 3, 0, -4, 0, -2, -5, 1, 0, 1, -2, -2, -5, -7, -1, -8, -5, -2, -5, -7, -6, -2, -2, 1, -1, 1, -4, -7, -2, -8, -4, -2, -1, 2, 2, -1, 2, -2, -8, -2, -5, -6, -2, -2, -4, -5, -5, 3, -5, -1, -7, -2, -1, -1, 3, 2, -5, 2, -3, 3, 2, -3, -6, -4, 2, -1, -3, 2, 4, -3, -1, -2, -4, -8, 4, 2, 1, 1]
 
0.9840784529879062: [2, 1, 3, 3, -3, -5, 0, 1, 0, 0, 3, -6, -8, 3, 3, -6, -4, 2, 4, 1, -1, -1, 2, -1, -8, -8, 2, -1, -5, -7, 1, -5, -3, -2, -7, 3, -2, -8, -7, 3, -5, -3, -5, -3, -1, -6, -8, 3, 1, 2, 2, -6, 4, 0, 2, -8, -6, -5, 4, -3, -8, -2, -8, -1, 2, 4, -4, -3, 2, 1, -5, -5, -7, 4, -2, -4, 1, -7, 1, 1, 1, -4, -7, 2, 3, 1, 1, -7, 3, 1, -2, 3, 2, -6, 3, -8, -6, 0, -1, 0, -6, -5, -6, -7, -8, -2, -5, -4, 4, -4, 3, -8, -6, 4, -1, 0, -7, -8, -6, 0, 0, -4, 1, -1, -2, 2, -5, -7]
 
0.9531954868388608: [-7, -3, -6, -7, 0, -3, 3, -6, -3, -6, -7, -7, -2, 3, -1, -2, -1, -4, 0, -4, -3, -6, 3, 3, 2, -8, 0, -3, -2, 0, -3, 3, 3, -2, -2, 3, -5, 4, -1, -4, -4, -3, -8, 2, -1, -1, -1, -2, -3, 3, -6, -4, 3, 4, -8, -5, 4, 0, -6, -1, -4, 1, -7, -5, -3, 2, -8, -4, -8, -2, -5, -7, -6, -4, -1, -8, 1, 2, 4, -8, -4, 1, 2, 0, 2, -1, -5, -8, 4, 2, -6, -7, -5, 4, 1, -7, -1, 2, -1, -7, -1, -4, 1, -5, -1, -1, 3, -3, -1, -8, -3, 1, 1, 0, -5, -5, -8, 1, -2, 2, -4, -7, -6, 2, 4, 0, 2, -2]
 
0.596868991008: [-1, -6, 1, 1, -2, 3, -6, -1, -7, -7, -7, 1, -7, -8, -5, -5, -1, -1, -8, 3, -3, -8, -2, -2, -6, -3, -3, 4, -1, -6, -5, 1, 4, -6, -4, -7, 3, 3, -3, -5, 0, 3, -1, -8, 0, 0, 3, 0, 1, -7, -5, -3, -2, 0, -5, -7, 1, 3, -8, 4, 1, -6, 1, 4, 3, -7, 1, -1, 4, 1, -5, 2, 4, -1, -1, 2, -8, 3, -5, -8, 3, -7, 2, 2, 1, -1, -8, 1, -4, -3, -4, -2, 3, -3, -3, 4, 0, -3, -1, -5, -8, 2, -5, -1, 4, 1, -8, -5, 0, -1, -4, 3, -8, 2, 1, 1, 3, -4, -8, 2, -7, 1, 0, 0, 2, -7, -7, 0]
 
2.96963410767: [0, -5, -6, -1, -8, -2, -7, -2, -4, -1, 0, -2, 3, 4, 4, -4, -3, 3, 4, 3, 2, 0, -3, -2, -4, -5, 0, 0, -7, 0, -6, -6, -7, 2, 0, -1, -1, -4, -1, 4, -6, 4, -1, -2, -5, -6, -6, -8, 2, -2, 0, -7, -4, -6, 1, -4, -8, 2, -5, 0, 3, -5, -7, -6, -6, 0, 0, 3, -3, -2, 4, -3, -6, 3, -3, -1, -7, -1, 4, 2, 2, -4, 4, -4, -5, -4, 2, 3, -1, 2, -5, -6, 3, -4, -8, -8, 3, 3, 3, -8, -1, 1, 4, 2, -6, -7, -3, 3, 2, -2, -6, -4, -6, -5, -8, -5, 3, -1, 0, -7, -3, -2, 0, -8, -2, -5, 1, -3]
 
1.78764407422: [2, -1, 0, 1, 0, -7, 1, -6, -1, -2, 3, -7, -5, -2, -3, -8, -6, -2, -5, 3, -2, -7, 0, 2, 2, -7, -7, 4, -6, -6, -6, 2, 4, 0, -7, -1, 2, 4, -8, -2, -8, -8, -3, 3, 4, 3, 3, 0, -4, 3, 2, -8, -2, -2, -3, -2, -7, -7, 0, 2, 4, -4, -4, -1, -4, -1, 3, 0, -2, 4, 4, -8, -7, -6, -7, 3, -8, -7, -5, -5, -6, -6, 1, 4, -7, -2, 1, -2, -2, 4, -3, -3, -1, -3, 2, -5, 0, -6, -1, -6, -7, -4, -6, -1, -2, -8, -3, -1, -4, -2, -3, -7, 2, -4, 1, -4, -8, -4, -1, 4, -1, 0, 2, -1, -7, -2, -8, 0]
 
1.49631393095: [-1, -4, 2, -2, 4, -5, -3, -6, 4, -3, -7, -7, -2, -6, 1, -4, -5, 0, -1, 0, -4, 4, -7, 2, 2, -2, -1, 1, -5, 2, 3, 4, 4, -3, 0, -8, 0, 1, -8, -8, -3, 2, -7, -5, -2, -8, -1, 4, -7, -2, -4, 1, -1, 1, -3, -2, 0, -6, -8, -1, -6, 0, 2, -8, -8, -2, 2, 2, -8, -3, -3, 3, -7, 0, -6, -6, -1, -8, -1, -8, -8, 4, -1, -1, 4, -2, -2, -4, -7, 1, 1, -8, -4, -6, -1, -4, -2, -2, -8, -6, -6, -1, 0, -1, -6, 4, 2, -5, -1, -7, 4, -3, 3, -6, 1, -6, 4, -6, -2, 1, 1, 2, -2, -3, 2, 4, 0, 2]
 
2.05579692222: [0, -8, -1, -5, -7, 3, -4, -8, -7, -7, -2, -7, 3, -4, -5, -5, -5, 2, 1, -2, -5, 3, 2, 2, 2, -3, -6, -8, 3, -7, -6, -3, 0, -6, -2, -2, 0, -4, 4, 0, -3, 2, -1, -1, -7, 3, -1, -8, -6, 1, 2, 0, -3, -2, 0, 4, 2, 1, 4, -8, -7, -3, 0, -1, 2, -5, 0, -2, -4, 0, -4, -1, 2, -2, -5, -2, 4, -6, 4, -7, -7, 3, -8, -4, -3, -4, -3, 3, -1, -1, 4, -3, -6, 2, 3, -5, 2, -2, -6, 2, -3, -8, -1, -1, -6, -8, 2, -2, -6, 2, -2, -3, -2, 3, -4, 1, 2, 3, 0, 3, -5, 4, -5, -5, -2, 3, -6, -7]
 
0.684876651532: [4, 0, 3, -4, -6, -5, 4, 2, -5, -7, -6, -5, -3, -1, -7, -3, -7, 1, -6, 1, -2, 2, -4, -1, -2, 2, -7, 1, -8, -4, -5, -8, -6, -6, -7, -1, -1, -1, 1, 3, -7, 1, 2, 1, -8, -4, -2, 2, -6, -7, -3, -7, -5, -8, 0, 3, -3, -2, 1, -7, 0, 2, -5, -5, -6, 4, -5, -3, -7, -1, -6, -8, -7, -7, 4, -4, -5, -7, 2, -3, 1, -4, -4, -1, -4, -3, -3, 4, -7, -8, 0, -3, -7, 3, -6, 3, 2, -2, 0, 3, -7, 2, -1, 3, 1, 0, 2, -5, -2, -2, -6, -4, -7, -1, -4, -8, 3, 2, 4, -1, -8, 3, 4, -5, -4, -7, -7, 3]
 
1.26066990542: [-3, -7, -3, 3, -1, 4, -5, 1, -7, -1, 2, -1, 0, -6, -6, 0, -2, 1, -5, -2, -7, -3, -5, -7, -4, 1, -3, -7, -3, -8, -5, -5, 4, -5, 4, -8, 4, 3, -7, 3, -2, -5, -1, -2, -4, -4, -5, -1, -2, -7, 0, 4, -5, 2, -4, -2, -3, 2, 0, -6, 2, 4, -4, -6, -8, 0, -4, -8, 4, -3, 3, -1, 2, 1, -6, -4, -8, -7, -3, 0, -6, -1, -8, 4, 2, 2, 4, -4, -4, 3, -6, -7, 4, 4, -4, 4, 1, -2, 0, 0, -8, -8, 0, -3, -3, -8, -8, -5, 0, 2, -8, -8, -3, -2, 4, -7, -7, -7, 3, -7, 0, -7, -8, 0, -8, 4, -1, -3]
 
2.40590339499: [4, -4, -2, -4, -7, -3, 0, 4, -2, 0, 0, -1, -2, -1, -6, -5, -8, 2, -5, 1, -4, -2, -5, -7, 2, 4, -5, -1, -8, -4, -8, -8, 4, -7, -2, 1, 0, 3, 0, -1, -2, 1, 3, -4, -7, 3, -8, -6, -3, 3, -2, 0, -6, 0, -8, 2, 3, 2, -3, 4, 1, -6, 2, 4, -7, 3, 2, 3, 3, -1, -6, -5, 2, -2, 1, 2, -3, -7, 3, -1, 4, -1, -8, -2, 4, -2, 0, -1, -7, -3, -7, -5, -6, 3, -1, -7, 1, -8, -2, 4, 0, 1, -4, -1, 0, 0, -1, -1, -4, -2, -3, -7, 2, -4, 1, -4, -8, -4, -1, 4, -1, 0, 2, -1, -7, -2, -8, 0]
 
1.64069170611: [0, -5, -6, -1, -8, -2, -7, -2, -4, -1, 0, -2, 3, 4, 4, -4, -3, 3, 4, 3, 2, 0, -3, -2, -4, -5, 0, 0, -7, 0, -6, -6, -7, 2, 0, -1, -1, -4, -1, 4, -6, 4, -1, -2, -5, -6, -6, -8, 2, -2, 0, -7, -4, -6, 1, -4, -8, 2, -5, 0, 3, -5, -7, -6, -6, 0, 0, 3, -3, -2, 4, -3, -6, 3, -3, -1, -7, -1, 4, 2, 2, -4, 4, -4, -5, -4, 2, 3, -1, 2, -5, -6, 3, -4, -8, -8, 3, 3, 3, -8, -1, 1, 4, 2, -6, -7, -3, 1, -4, -8, -7, -8, 2, -2, -3, 2, -7, 0, 1, 0, -3, 4, 3, -2, 3, -2, -5, -5]
 
1.10008573088: [-8, 0, 1, 1, 1, -5, -6, -6, -2, -6, -1, -8, -5, -5, -1, -5, -6, 0, 2, -5, 3, -7, -6, 4, 0, -8, -5, -2, -4, -2, -1, -8, -5, -3, -5, 3, 3, 2, -7, 0, -1, -3, -7, -6, 1, -4, 4, -4, 1, -3, -6, 3, -4, 2, 2, 1, -6, -2, -1, 3, 0, -1, 3, -4, 3, -6, -2, -7, -8, -6, -6, -2, -8, 4, 1, 2, 1, -3, -1, 4, 3, 1, -6, -5, -7, 3, 0, -2, -7, -7, -3, 2, 0, -2, 0, 4, -8, 0, -7, 0, -2, 2, 3, 3, 2, 2, 3, -2, 1, 0, -2, -8, -8, -1, -3, -1, -5, 1, -6, -2, -8, 0, -2, -4, -8, -1, -7, -8]
 
2.65263277228: [-7, 1, 1, -3, -2, -4, -7, -5, 1, 3, -8, -5, 4, 0, -2, -8, 1, -1, -3, 1, 3, 0, -3, -3, -6, -7, 1, -1, -2, 1, -1, -8, 3, 4, 2, -7, -7, -7, -2, 2, -3, -7, 2, 1, 0, -7, -3, -7, -3, -2, 4, -6, -3, -4, -3, -7, -2, 1, -3, 2, -6, -8, -1, 3, -3, 2, -3, 1, -7, -3, 2, 1, 0, -2, 4, -4, -8, 2, 0, -8, -5, -1, -1, 0, 3, -3, -4, -4, 4, -3, -7, 0, 0, -6, -1, 4, 3, 2, -8, -2, -7, -6, -2, 2, -6, 4, -2, 4, -8, -7, 4, -1, 3, 2, -1, -5, -5, -8, -4, -4, 0, -2, -6, 4, -1, -3, -1, -1]
 
1.78192246156: [2, 1, 3, 3, -3, -5, 0, 1, 0, 0, 3, -6, -8, 3, 3, -6, -4, 2, 4, 1, -1, -1, 2, -1, -8, -8, 2, -1, -5, -7, 1, -5, -3, -2, -7, 3, -2, -8, -7, 3, -5, -3, -5, -3, -1, -6, -8, 3, 1, 2, 2, -6, 4, 0, 2, -8, -6, -5, 4, -3, -8, -2, -8, -1, 2, 4, -4, -3, 2, 1, -5, -5, -7, 4, -2, -4, 1, -7, 1, 1, 1, -4, 4, -4, -5, -4, 2, 3, -1, 2, -5, -6, 3, -4, -8, -8, 3, 3, 3, -8, -1, 1, 4, 2, -6, -7, -3, 3, 2, -2, -6, -4, -6, -5, -8, -5, 3, -1, 0, -7, -3, -2, 0, -8, -2, -5, 1, -3]
 
1.65609623144: [0, -5, -6, -1, -8, -2, -7, -2, -4, -1, 0, -2, 3, 4, 4, -4, -3, 3, 4, 3, 2, 0, -3, -2, -4, -5, 0, 0, -7, 0, -6, -6, -7, 2, 0, -1, -1, -4, -1, 4, -6, 4, -1, -2, -5, -6, -6, -8, 2, -2, 0, -7, -4, -6, 1, -4, -8, 2, -5, 0, 3, -5, -7, -6, -6, 0, 0, 3, -3, -2, 4, -3, -6, 3, -3, -1, -7, -1, 4, 2, 2, -4, -7, 2, 3, 1, 1, -7, 3, 1, -2, 3, 2, -6, 3, -8, -6, 0, -1, 0, -6, -5, -6, -7, -8, -2, -5, -4, 4, -4, 3, -8, -6, 4, -1, 0, -7, -8, -6, 0, 0, -4, 1, -1, -2, 2, -5, -7]
 
1.78248804538: [2, -1, 0, 1, 0, -7, 1, -6, -1, -2, 3, -7, -5, -2, -3, -8, -6, -2, -5, 3, -2, -7, 0, 2, 2, -7, -7, 4, -6, -6, -6, 2, 4, 0, -7, -1, 2, 4, -8, -2, -8, -8, -3, 3, 4, 3, 3, 0, -4, 3, 2, -8, -2, -2, -3, -2, -7, -8, -1, 3, -4, -8, -2, -3, -7, -4, -5, -6, -8, -6, 1, -5, 2, -5, -3, 3, -8, 4, 4, 1, -1, -1, -3, -5, 1, 0, 2, 2, -1, 1, 4, -2, 1, -1, -8, 3, -3, -3, 0, -7, -1, 1, 1, 2, -1, 3, 3, 4, 1, 0, 2, -2, -4, -3, 1, -1, -7, -5, -3, -1, -2, 1, 3, -4, -2, 1, 4, -6]
 
1.69489655749: [2, -3, -7, -7, -3, -5, 4, -3, -6, -6, 4, 2, -3, -6, -6, -3, -3, 2, -5, -6, -4, 2, 1, -3, -5, -4, 3, 0, 1, 0, -1, -7, 3, 1, 4, 4, 3, 3, 0, -2, 3, -2, 2, -6, -2, 1, -4, -1, -2, -6, 2, 4, -6, -7, 3, -1, 4, -7, 0, 2, 4, -4, -4, -1, -4, -1, 3, 0, -2, 4, 4, -8, -7, -6, -7, 3, -8, -7, -5, -5, -6, -6, 1, 4, -7, -2, 1, -2, -2, 4, -3, -3, -1, -3, 2, -5, 0, -6, -1, -6, -7, -4, -6, -1, -2, -8, -3, -1, -4, -2, -3, -7, 2, -4, 1, -4, -8, -4, -1, 4, -1, 0, 2, -1, -7, -2, -8, 0]
 
1.23325925317: [-6, 0, 0, 3, 2, 0, -8, -1, -1, -7, -6, -2, -7, -2, -6, -4, -7, 1, 3, 1, 1, -3, -4, -6, -8, -2, 4, 2, -8, -6, -1, 0, 0, -1, -2, 3, -2, 3, 3, -8, 2, -7, -6, -7, -8, -6, -4, -2, -1, -1, 3, -3, -3, -1, -2, 3, -3, -5, -2, -5, 2, -4, -1, -2, -4, 3, -6, -7, -6, -5, -7, -5, -4, -2, 4, -4, -7, 0, -6, 0, -5, -1, -2, -2, 3, -2, 1, 2, -7, -7, 2, 0, -4, 4, 2, 0, -1, -2, -5, -7, 0, -4, -5, 0, -5, -1, -1, 4, -8, -8, -5, -3, 0, 4, -6, 1, 0, 4, 2, -6, -4, -1, -5, 3, -3, 1, -3, 2]
 
1.77707559654: [-1, -4, -2, 1, 2, -7, -7, -8, -3, 3, -1, 2, 4, 2, -8, -4, 4, -2, 3, -6, -5, -8, -1, 0, 0, 1, -6, -8, 3, 4, 3, -8, -8, -7, 4, 2, -2, -7, -1, 2, 0, 3, -6, 1, 3, -5, 2, -2, -4, 4, -7, -6, -7, -7, -1, -6, 2, 0, -1, -1, -6, -1, 1, -2, -1, -5, -3, 1, -4, 1, 2, 0, 1, -3, -4, 1, -3, 2, 1, -6, -5, 3, -1, 4, -8, -2, -8, -7, 4, 2, 0, -2, 4, -8, 0, 1, -6, 4, -6, -6, -2, -6, -1, -3, 4, -3, 2, -6, 2, -2, -8, 2, 3, -1, -6, -5, -6, -5, 0, -2, 1, -7, -1, -1, -5, -7, -1, -2]
 
1.16830367985: [0, -1, 2, -4, 2, -8, 0, 1, 3, 1, -8, -2, -7, -7, -7, -2, 3, -5, -4, -3, -8, 2, -6, -6, -1, -2, -4, -1, 4, 1, 0, -7, 3, -6, -4, 4, -1, 1, 4, 4, -1, -6, 4, -8, 2, -6, -6, -1, -2, -7, -3, -1, -4, -3, 2, -8, 3, -7, -5, -6, -8, -2, -4, 1, -3, -3, -2, -7, -5, -5, 3, 1, -7, -3, -4, -6, -3, -5, 3, -2, -7, -8, 1, -3, -6, 1, -7, -4, -3, 2, -4, -8, 3, -3, 1, -8, 1, -3, -2, -8, 4, 3, -8, -2, 2, 3, -3, -7, -4, 0, 0, -1, -5, -8, -4, 2, 1, -5, -3, 0, -7, -8, -1, -4, -2, -8, -4, -3]
 
0.937305094573: [0, -2, -8, -5, -1, -4, 3, -5, -5, -3, -6, 2, 2, -3, 4, -6, -7, -5, 3, -5, 0, -6, -4, -8, 2, -2, 1, -6, -3, 2, 3, -8, -3, 4, 4, 3, 1, -6, -7, 3, -5, 1, -5, -6, 0, -6, 2, -6, -1, -7, -8, 4, -5, -3, 0, 0, -6, 1, -4, -4, -2, 2, -3, -4, -1, 2, -6, -6, -3, -5, -8, -4, 4, -5, -8, -2, -7, 4, -1, -1, 3, 2, 0, -7, -4, 0, -8, 4, -7, -6, -3, -1, -4, 1, 1, -3, -2, 3, 4, 3, -2, 2, 4, -3, -6, 2, 4, 3, 1, -3, -8, 3, -3, 2, -2, -7, -4, -7, 0, 0, 4, -7, -4, -2, -8, 0, 2, 0]
 
1.87291909241: [2, -3, -7, -7, -3, -5, 4, -3, -6, -6, 4, 2, -3, -6, -6, -3, -3, 2, -5, -6, -4, 2, 1, -3, -5, -4, 3, 0, 1, 0, -1, -7, 3, 1, 4, 4, 3, 3, 0, -2, 3, -2, 2, -6, -2, 1, -4, -1, -2, -6, 2, 4, -6, -7, 3, -1, 4, -7, 0, 2, 4, -4, -4, -1, -4, -1, 3, 0, -2, 4, 4, -8, -7, -6, -7, 3, -8, -7, -5, -5, -6, -6, 1, 4, -7, -2, 1, -2, -2, 4, -3, -3, -1, -3, 2, -5, 0, -6, -1, -6, -7, -4, -6, -1, -2, -8, -3, -1, -4, -2, -3, -7, 2, -4, 1, -4, -8, -4, -3, -1, -2, 1, 3, -4, -2, 1, 4, -6]
 
1.36804424995: [2, -1, 0, 1, 0, -7, 1, -6, -1, -2, 3, -7, -5, -2, -3, -8, -6, -2, -5, 3, -2, -7, 0, 2, 2, -7, -7, 4, -6, -6, -6, 2, 4, 0, -7, -1, 2, 4, -8, -2, -8, -8, -3, 3, 4, 3, 3, 0, -4, 3, 2, -8, -2, -2, -3, -2, -7, -8, -1, 3, -4, -8, -2, -3, -7, -4, -5, -6, -8, -6, 1, -5, 2, -5, -3, 3, -8, 4, 4, 1, -1, -1, -3, -5, 1, 0, 2, 2, -1, 1, 4, -2, 1, -1, -8, 3, -3, -3, 0, -7, -1, 1, 1, 2, -1, 3, 3, 4, 1, 0, 2, -2, -4, -3, 1, -1, -7, -5, -1, 4, -1, 0, 2, -1, -7, -2, -8, 0]
 
1.06725373027: [0, -1, 2, -4, 2, -8, 0, 1, 3, 1, -8, -2, -7, -7, -7, -2, 3, -5, -4, -3, -8, 2, -6, -6, -1, -2, -4, -1, 4, 1, 0, -7, 3, -6, -4, 4, -1, 1, 4, 4, -1, -6, 4, -8, 2, -6, -6, -1, -2, -7, -3, -1, -4, -3, -7, -8, -6, -5, -4, -4, -2, 2, -2, -4, -1, 2, -6, -6, -3, -5, -8, -4, 1, -5, -8, -2, -7, 4, -1, -1, -2, -1, 0, -1, -4, 0, -8, 4, -7, -6, -6, 3, -6, 1, 1, -1, 0, -2, -7, 3, -2, 2, 4, 2, 2, -2, -6, 3, -7, -3, -5, -6, -3, 2, -2, -7, -4, -6, -4, 2, 4, -7, -1, -4, -8, 0, 2, 0]
 
1.17295022857: [0, -1, 2, -4, 2, -8, 0, 1, 3, 1, -8, -2, -7, -7, -7, -2, 3, -5, -4, -3, -8, 2, -6, -6, -1, -2, -4, -1, 4, 1, 0, -7, 3, -6, -4, 4, -1, 1, 4, 4, -1, -6, 4, -8, 2, -6, -6, -1, -2, -7, -3, -1, -4, -3, -7, -8, -6, -5, -4, -4, -2, 2, -2, -4, -1, 2, -6, -6, -3, -5, -8, -4, 1, -5, -8, -2, -7, 4, -1, -1, -2, -1, 0, -1, -4, 0, -8, 4, -7, -6, -6, 3, -6, 1, 1, -1, 0, -2, -7, 3, -2, 2, 4, 2, 2, -2, -6, 3, -7, -3, -5, -6, -3, 2, -2, -7, -4, -6, -4, 2, 4, -7, -1, -4, -8, 0, 2, 0]
 
2.5538275154: [2, -1, 0, 1, 0, -7, 1, -6, -1, -2, 3, -7, -5, -2, -3, -8, -6, -2, -5, 3, 2, 0, -3, -2, -4, -5, 0, 0, -7, 0, -6, -6, -7, 2, 0, -1, -1, -4, -1, 4, -6, 4, -1, -2, -5, -6, -6, -8, 2, -2, 0, -7, -4, -6, 1, -4, -8, 2, -5, 0, 3, -5, -7, -6, -6, 0, 0, 3, -3, -2, 4, -3, -6, 3, -3, -1, -7, -1, 4, 2, 2, -4, -7, 2, 3, 1, 1, -7, 3, 1, -2, 3, 2, -6, 3, -8, -6, 0, -1, 0, -6, -5, -6, -7, -8, -2, -5, -4, 4, -4, 3, -8, -6, 4, -1, 0, -7, -8, -6, 0, 0, -4, 1, -1, -2, 2, -5, -7]
 
0.722444063607: [-4, 4, -6, 4, -6, -2, 4, 0, -4, -1, 0, -2, 3, 3, 0, -4, -3, 3, -2, 3, -2, 1, 0, 4, 2, -7, -7, 4, -6, -3, -6, 2, 4, 0, -7, -1, 2, 4, -7, -2, -8, -8, -3, -2, 4, 2, 3, -4, -4, 3, 2, -1, -2, 0, 2, -2, 0, -4, 4, 2, 4, -4, -4, -4, -8, -8, -6, 0, -2, -3, 4, -8, -7, -6, -7, 3, -8, -7, -5, 1, 4, -6, -8, 4, 3, 1, 1, -2, -2, 4, -3, -3, -1, -3, 2, -5, 0, -2, -1, -6, 4, 3, 3, -1, -6, -8, -3, -1, -4, -2, -3, -7, 2, -4, 1, 0, 4, -4, -1, 4, 4, -8, -6, -1, -7, -2, 3, 0]
 
0.580658513655: [-3, -7, -3, 3, -1, 4, -5, 1, -7, -1, 2, -1, 0, -6, -6, 0, -2, 1, -5, -2, -7, -3, -5, -7, -4, 1, -3, -7, -3, -8, -5, -5, 4, -5, 4, -8, 4, 3, -7, 3, -2, -5, -1, -2, -4, -4, -5, -1, -2, -7, 0, 4, -5, 2, -4, -2, -3, 2, 0, -6, 2, 4, -4, -6, -8, 0, -4, -8, 4, -3, 3, -1, 2, 1, -6, -4, -8, -7, -3, 0, -6, -1, -8, -4, -3, -4, -3, 3, -1, -1, 4, -3, -6, 2, 3, -5, 2, -2, -6, 2, -3, -8, -1, -1, -6, -8, 2, -2, -6, 2, -2, -3, -2, 3, -4, 1, 2, 3, 0, 3, -5, 4, -5, -5, -2, 3, -6, -7]
 
0.617139170986: [-1, -4, 2, -2, 4, -5, -3, -6, 4, -3, -7, -7, -4, -7, 1, -4, 0, -5, 1, -2, -5, 3, 2, 2, 2, -3, -6, -8, 3, -7, -6, -3, 0, -6, -2, -2, 0, -4, 4, 0, -3, 2, -1, -1, -7, 3, -1, -8, -6, 1, 2, 0, -3, -2, 0, 4, 2, 1, 4, -8, -7, -3, 0, -1, 2, -5, 0, -2, -4, 0, -4, -1, 2, -2, -5, -2, 4, -6, 4, -7, -7, 3, -8, 4, 2, 2, 4, -4, -4, 3, -6, -7, 4, 4, -4, 4, 1, -2, 0, 0, -8, -8, 0, -3, -3, -8, -8, -5, 0, 2, -8, -8, -3, -2, 4, -7, -7, -7, 3, -7, 0, -7, -8, 0, -8, 4, -1, -3]
 
1.52366026676: [2, -3, -8, -7, -3, -1, 0, -3, -6, -6, 4, 2, -3, -6, -1, -4, -3, 2, -5, -6, -4, 2, 1, -4, -3, -4, 3, 0, 1, 1, 4, -5, 3, -4, 2, 4, -2, 3, -8, -7, -2, -2, 4, -6, 2, -6, 4, -2, -3, -1, -4, -5, 1, 2, -2, -1, 0, 4, -6, -4, 2, -3, -4, -6, -4, 0, 4, -7, -6, -6, 0, -5, -8, -2, 4, -4, -5, -7, -6, 0, -4, -6, -2, -6, 3, -6, 2, -1, 2, 4, -4, 4, 4, -1, 2, -5, -6, -2, 1, -4, -1, -2, -5, 2, -5, -1, -1, -8, -1, -8, -1, -2, 0, -1, -1, -3, 0, -8, 4, 1, -6, 0, -1, 3, -3, 1, 3, 0]
 
1.07714474829: [-6, 0, 0, 3, -2, -8, -8, -7, -1, -7, -6, -2, 0, -2, -6, -4, -7, -7, 3, 1, -3, -3, -4, -6, -8, -2, 4, 2, -1, -5, -1, 0, -4, 1, 4, 4, 3, 3, 0, -2, 3, -2, 2, -6, -2, 1, -4, -1, -2, -6, 2, 4, -6, -7, 3, -1, 4, -7, 0, 2, 4, -4, -4, -1, -4, -1, 3, 0, -2, 4, 4, -8, -7, -6, -7, 3, -8, -7, -5, -5, -6, -6, 1, 4, -7, -2, 1, -2, -2, 4, -3, -3, -1, -3, 2, -5, 0, -6, -1, -6, -7, -4, -6, -1, -2, -8, -3, -1, -4, -2, -3, -7, 2, -4, 1, -4, -8, -4, -3, -1, -2, 1, 3, -4, -2, 1, 4, -6]
 
1.02415845234: [2, -3, -7, -7, -3, -5, 4, -3, -6, -6, 4, 2, -3, -6, -6, -3, -3, 2, -5, -6, -4, 2, 1, -3, -5, -4, 3, 0, 1, 0, -1, -7, 3, 1, 4, 4, 3, 1, -4, 0, -6, -2, 2, -3, -7, -5, -3, -4, -8, 1, 4, -4, -8, 1, 4, -3, -6, 3, 2, -8, 3, -7, 3, -2, 2, -5, -6, -4, -4, -3, -7, -2, 4, -1, -4, -5, -5, 2, -6, -2, 3, -3, 2, 0, -2, -1, -3, -2, -3, -7, 1, 0, -4, 2, -2, 4, -8, -7, -7, -8, -4, -3, -4, -1, 4, 0, -8, -1, -6, 4, -7, -1, -8, -4, 1, 1, -7, 4, 4, -2, 1, 1, -1, -7, -5, 0, -5, -5]
 
0.94617174455: [4, 3, -3, -6, 2, -1, 0, 4, 0, -6, 4, 1, -2, 2, -3, 1, -5, -1, -1, -7, -7, 3, 3, -4, -5, -4, 3, -5, 0, 0, 4, -4, -4, 1, -8, 1, -2, 3, 0, -2, 3, -2, 2, -6, -2, 1, -4, -1, -2, -6, 2, 3, -8, -4, 3, -5, 4, -7, 4, 2, 4, -5, -4, -1, -4, -1, 3, 2, -7, -1, 4, -6, -7, -6, -7, -2, -7, -7, -5, -5, -7, -6, 1, -6, -7, -7, 2, -8, -2, -7, -3, -6, 4, 4, 2, -5, 2, 3, 4, -4, -7, -4, -8, -1, -2, -2, -3, -1, -3, -3, -7, 1, 2, -4, -8, -4, 2, -4, -6, -1, 3, 1, 3, -4, 1, 4, 3, 3]
 
1.61557686142: [4, -6, -1, -6, -1, -5, -5, 1, -7, -7, -1, -1, 0, -6, -6, 0, -2, -1, -5, -2, -7, -3, -5, 3, -4, 1, -8, 4, -3, -2, -5, -6, 4, -5, 4, -8, -1, 3, -2, -7, -2, -5, -7, -6, 1, -4, -6, -4, -5, -2, -6, 3, -1, 2, 2, 3, -5, -2, -1, -8, -5, -1, -6, -4, -1, -6, -2, -7, 4, -2, -6, 2, -8, 4, 4, 2, 1, -3, -2, -7, 3, -5, 3, 0, -6, -5, 0, -2, -7, -8, -3, 2, 0, -2, 0, 2, -6, 2, -5, 0, -3, 2, 3, 1, 4, -1, 3, -2, -7, -3, 3, -2, 3, 2, -1, -8, -5, -8, -4, -5, 0, -2, 2, 1, -2, -3, -1, -1]
 
1.36365164132: [-5, -4, 4, 1, -3, -5, -6, -2, -2, -6, -1, 1, -4, -6, -1, -5, 1, -5, -6, -5, 3, -1, -7, 4, -3, -2, -5, -2, 0, -2, -2, -8, -3, -2, -5, -2, -6, 0, -4, -5, -1, -4, 0, -2, -8, -4, -3, 0, -3, -7, 0, 4, -8, 2, -4, -2, -1, 2, 0, 1, -2, 4, -4, -6, -6, 0, -4, -8, -2, -3, 0, -1, 2, 1, -6, -4, -2, 3, 3, -4, -6, 2, -8, 4, 2, 2, -2, -4, -4, 3, -6, -7, -1, 4, 0, -8, 1, -7, -6, 0, -4, -3, -8, 1, -3, 2, -8, -5, 0, 2, -8, -8, -3, -2, -8, 3, -7, -7, 4, -3, 3, -7, -8, 0, -8, 4, -6, -1]
 
