0.597719609577: [2, -7, 0, 1, 0, -7, -3, -6, 0, -2, -6, 4, -5, -6, -3, -3, -6, -2, 3, 3, -2, -7, 0, 0, 2, 2, -7, 4, -6, 0, -6, 1, 0, -2, -8, 2, 1, 4, 1, 4, -4, 4, -1, -2, -5, -6, -6, -4, 2, -2, 0, 1, -4, -6, -4, -3, -8, -3, -8, 0, 3, -5, -7, -3, -4, 0, 2, 3, -3, -2, 2, -3, -6, 3, -3, -1, -7, -1, 4, 2, 2, 2, 4, -4, -5, -4, 2, 3, -2, -1, 4, -6, 3, -6, -8, -8, 2, 3, 3, -8, 0, 1, 4, -1, -2, -8, -1, -1, -1, -2, -7, -3, -4, 0, 1, -6, -3, -4, -4, 4, 0, -4, 1, -1, -2, 2, -5, 1]
 
4.08994498291481: [2, -1, 0, 1, 0, -7, 1, -6, -1, -2, 3, -7, -5, -2, -3, -8, -6, -2, -5, 3, -2, -7, 0, 2, 2, -7, -7, 4, -6, -6, -6, 2, 4, 0, -7, -1, -1, -4, -1, 4, -6, 4, -1, -2, -5, -6, -6, -8, 2, -2, 0, -7, -4, -6, 1, -4, -8, 2, -5, 0, 3, -5, -7, -6, -6, 0, 0, 3, -3, -2, 4, -3, -6, 3, -3, -1, -7, -1, 4, 2, 2, -4, 4, -4, -5, -4, 2, 3, -1, 2, -5, -6, 3, -4, -8, -8, 3, 3, 3, -8, -1, 1, 4, -1, -2, -8, -3, -1, -4, -2, -3, -7, -8, -4, 1, -4, -8, -4, -1, 4, 0, -4, 1, -1, -2, 2, -5, -7]
 
1.41087521153: [2, 0, -4, 1, -7, -7, 1, -6, -1, -2, 3, -7, -8, -2, -3, -8, -5, 2, -6, 3, -7, 0, 0, 2, -5, 3, -7, 4, -4, -6, -8, 2, -6, -5, 2, -1, 3, 4, -1, -6, -6, -1, -1, -2, -5, -6, -6, 3, 2, -8, 0, -5, -4, -7, 1, -5, -8, 2, -5, 0, -4, -5, -8, -6, -6, 0, 0, 3, -5, -2, 4, -6, -6, 3, 4, 4, -7, 4, -2, 3, -7, -4, 3, 3, -5, -4, 2, 3, -1, 2, -5, -6, 3, -3, -6, 3, -8, 3, 1, -8, -1, 1, -8, -1, -2, -8, -3, 3, 2, -2, -6, -4, -6, -3, -5, -5, 3, -1, 0, -5, 4, -2, 3, -8, -3, 1, 1, 1]
 
3.8853930055511072: [2, -3, 3, -7, -3, -5, 4, -3, -6, -4, -7, 2, -4, -6, -6, -3, -5, 2, -5, -6, -4, 2, 1, 4, 2, -4, 3, 0, -7, 0, -6, -6, -7, 2, 0, -1, -1, -4, -1, 4, -6, 4, -1, -2, -5, -6, -6, -8, 2, -2, 0, -7, -4, -6, 1, -4, -8, 2, -5, 0, 3, -5, -7, -6, -6, 0, 0, 3, -3, -2, 4, -3, -6, 3, -3, -1, -7, -1, 4, 2, 2, -4, 4, -4, -5, -4, 2, 3, -1, 2, -5, -6, 3, -4, -8, -8, 3, 3, 3, -8, -1, 1, 4, -1, -2, -8, -3, -1, -4, -2, -3, -7, -8, -4, 1, -4, -8, -4, -1, 4, 0, -4, 1, -1, -2, 2, -5, -7]
 
3.797105984868316: [2, -1, 0, 1, 0, -7, 1, -6, -1, -2, 3, -7, -5, -2, -3, -8, -6, -2, -5, 3, 2, 0, -3, -2, -4, -5, 0, 0, -7, 0, -6, -6, -7, 2, 0, -1, -1, -4, -1, 4, -6, 4, -1, -2, -5, -6, -6, -8, 2, -2, 0, -7, -4, -6, 1, -4, -8, 2, -5, 0, 3, -5, -7, 3, -3, 2, -3, 1, -7, -3, 2, 1, 0, -2, 4, -4, -8, 2, 0, -8, -5, -1, -1, 0, 3, -3, -4, -4, -2, 4, -3, -3, -1, -3, 2, -5, 0, -6, -1, -6, -7, -4, -6, -1, -2, -8, -3, 3, 2, -2, -6, -4, -6, -5, -8, -5, 3, -1, 0, -7, -3, -2, 0, -8, -2, -5, 1, -3]
 
3.6503387405717094: [2, -1, 0, 1, 0, -7, 1, -6, -1, -2, 3, -7, -5, -2, -3, -8, -6, -2, -5, 3, -2, -7, 0, 2, 2, -7, -7, 4, -6, -6, -6, 2, 4, 0, -7, -1, 2, 4, -8, -2, -8, -8, -3, 3, 4, 3, 3, 0, -4, 3, 2, -8, -2, -2, -3, -2, -7, -7, 0, 2, 4, -4, -4, -1, -4, -1, 3, 0, -2, 4, 4, -8, -7, -6, -7, 3, -8, -7, -5, 2, 2, -4, 4, -4, -5, -4, 2, 3, -1, 2, -5, -6, 3, -4, -8, -8, 3, 3, 3, -8, -1, 1, 4, 2, -6, -7, -3, 3, 2, -2, -6, -4, -6, -5, -8, -5, 3, -1, 0, -7, -3, -2, 0, -8, -2, -5, 1, -3]
 
3.505979931385401: [2, -1, 0, 1, 0, -7, 1, -6, -1, -2, 3, -7, -5, -2, -3, -8, -6, -2, -5, 3, -2, -7, 0, 2, 2, -7, -7, 4, -6, -6, -6, 2, 4, 0, -7, -1, 2, 4, -8, -2, -8, -8, -3, 3, 4, 3, 3, 0, -4, 3, 2, -8, -2, -2, -3, -2, -7, -7, 0, 2, 4, -4, -4, -1, -4, -1, 3, 0, -2, 4, 4, -8, -7, -6, -7, 3, -8, -7, -5, 2, 2, -4, 4, -4, -5, -4, 2, 3, -1, 2, -5, -6, 3, -4, -8, -8, 3, 3, 3, -8, -1, 1, 4, 2, -6, -7, -3, 3, 2, -2, -6, -4, -6, -5, -8, -5, 3, -1, 0, -7, -3, -2, 0, -8, -2, -5, 1, -3]
 
3.486065564524923: [4, -5, -7, -7, -3, -3, 0, -1, -6, -6, -5, 2, 1, -1, 4, -2, -3, 2, -5, -6, -4, -6, 0, -3, -5, 2, -8, 0, -4, -8, -1, 1, 3, 1, -5, 4, -7, 3, 0, -6, -6, -2, 2, -6, -2, 4, -2, -4, -2, -2, 2, -8, -2, -2, -3, -2, -8, -7, -4, 3, 4, -4, 3, -1, -1, -8, 3, 0, -2, 4, 0, -8, -6, -6, -4, 3, -8, -5, -6, -5, -5, -6, 1, 4, 0, 4, 1, -2, -2, 4, -3, -3, -5, -4, 2, -5, 0, -6, -1, -6, -7, -4, -6, -1, -5, -8, -3, 3, 2, 4, -2, -7, -8, -5, 3, -5, 3, -1, 0, -7, -8, -4, 2, -8, 1, 0, 1, -3]
 
3.3722567242439165: [2, -3, -7, -7, -3, -5, 4, -3, -6, -6, 4, 2, -3, -6, -6, -3, -3, 2, -5, -6, -4, 2, 1, -3, -5, -4, 3, 0, 1, 0, -1, -7, 3, 1, 4, 4, 3, 4, -8, -2, -8, -8, -3, 3, 4, 3, 3, 0, -4, 3, 2, -8, -2, -2, -3, -2, -7, -7, 0, 2, 4, -4, -4, -1, -4, -1, 3, 0, -2, 4, 4, -8, -7, -6, -7, 3, -7, -1, 4, 2, 2, -4, 4, -4, -5, -4, 2, 3, -1, 2, -5, -6, 3, -4, -8, -8, 3, 3, 3, -8, -1, 1, 4, 2, -6, -7, -3, 3, 2, -2, -6, -4, -6, -5, -8, -5, 3, -1, 0, -7, -3, -2, 0, -8, -2, -5, 1, -3]
 
3.3186841350480663: [2, -1, 0, 1, 0, -7, 1, -6, -1, -2, 3, -7, -5, -2, -3, -8, -6, -2, -5, 3, 2, 0, -3, -2, -4, -5, 0, 0, -7, 0, -6, -6, -7, 2, 0, -1, -1, -4, -1, 4, -6, 4, -1, -2, -5, -6, -6, -8, 2, -2, 0, -7, -4, -6, 1, -4, -8, 2, -5, 0, 3, -5, -7, 3, -3, 2, -3, 1, -7, -3, 2, 1, 0, -2, 4, -4, -8, 2, 0, -8, -5, -1, -1, 0, 3, -3, -4, -4, -2, 4, -3, -3, -1, -3, 2, -5, 0, -6, -1, -6, -7, -4, -6, -1, -2, -8, -3, 3, 2, -2, -6, -4, -6, -5, -8, -5, 3, -1, 0, -7, -3, -2, 0, -8, -2, -5, 1, -3]
 
3.295334496241564: [2, -3, 3, -7, -3, -5, 4, -3, -6, -4, -7, 2, -4, -6, -6, -3, -5, 2, -5, -6, -4, 2, 1, 4, 2, -4, 3, 0, -3, 0, 1, -7, 4, -6, 4, 4, -2, 3, 0, -2, -7, 0, 2, -6, -2, 2, -4, -6, -5, -6, -4, -3, -6, -7, 3, -1, 1, -7, 0, -3, 4, -4, -4, -1, -3, -8, 3, 0, -2, 4, 4, -3, -7, 3, -3, -1, -7, -1, 4, 2, 2, -4, 4, -4, -5, -4, 2, 3, -1, 2, -5, -6, 3, -4, -8, -8, 3, 3, 3, -8, -1, 1, 4, 2, -6, -7, -3, 3, 2, -2, -6, -4, -6, -5, -8, -5, 3, -1, 0, -7, -3, -2, 0, -8, -2, -5, 1, -3]
 
3.2852025381914034: [2, -1, 0, 1, 0, -7, 1, -6, -1, -2, 3, -7, -5, -2, -3, -8, -6, -2, -5, 3, -2, -7, 0, 2, 2, -7, -7, 4, -6, -6, -6, 2, 4, 0, -7, -1, 2, 4, -8, -2, -8, -8, -3, 3, 4, 3, 3, 0, -4, 3, 0, -7, -4, -6, 1, -4, -8, 2, -5, 0, 3, -5, -7, -6, -6, 0, 0, 3, -3, -2, 4, -3, -6, 3, -3, -1, -7, -1, 4, 2, 2, -4, 4, -4, -5, -4, 2, 3, -1, 2, -5, -6, 3, -4, -8, -8, 3, 3, 3, -8, -1, 1, 4, 2, -6, -7, -3, -1, -4, -2, -3, -7, -8, -4, 1, -4, -8, -4, -1, 4, 0, -4, 1, -1, -2, 2, -5, -7]
 
1.09861464761: [2, -1, 0, 2, 0, -7, 4, -6, -1, -4, -5, 0, -5, -2, -3, -8, -6, 2, 0, 3, -8, -7, 0, 2, 2, -7, -7, -3, -6, -6, -6, 2, -2, 0, -8, -8, -4, 0, -8, -2, -8, -8, 4, 3, -8, -1, -1, 0, -4, 3, 2, -8, 1, -5, -3, -6, -7, -3, -6, 2, 0, -4, -5, -1, -4, -1, 1, 2, -2, 4, 4, -8, -7, -6, -7, 4, -7, -8, -8, -1, 2, -4, 4, -2, -5, 3, 2, 3, -1, 2, 4, 1, 3, 2, -8, -8, 3, -8, -5, -8, -1, 1, -3, -3, -6, -7, -3, 3, -2, -2, -6, -4, -6, -7, 1, -5, 3, -1, 0, -7, -3, -2, 0, -8, 4, 4, -6, -8]
 
2.43471803863: [0, -5, -6, -1, -8, -2, -7, -4, -5, -4, -7, -5, -3, -7, -6, -8, -5, -7, -5, 2, -4, 2, 1, 4, 2, -4, 2, 0, -1, 2, -7, -3, -5, -6, 4, 4, -2, 0, 0, -2, -7, 0, 2, -5, -2, 2, -4, -6, -3, -6, -5, -3, -5, -7, -3, -7, 1, -6, 0, 3, 4, -4, 3, -1, -3, -8, -5, -5, -2, -7, 4, -3, -6, 0, 1, 2, -7, 0, 3, 2, -1, -8, 4, -4, -8, -4, -7, -6, -1, -8, 0, -2, -7, -4, -8, 0, 3, 0, 3, -3, -1, 1, 4, -4, -3, -7, -3, 3, 2, -2, -6, -4, -6, -5, -8, -5, 3, -1, -6, -7, -3, -2, -1, -8, -2, -5, 1, -3]
 
1.16159659039: [-6, -1, 0, -8, 0, 4, 1, -6, -5, -4, 3, -7, -5, -8, -3, -4, 2, -2, -7, 3, -4, -7, 0, -5, 2, -7, -7, -4, 0, -6, -6, -6, -2, -6, -7, -1, -7, -4, -1, -2, -6, -8, -3, -5, 4, 3, -1, 0, -8, 3, -5, -7, -4, -6, 1, -6, -8, 1, 3, 0, 3, -5, -7, -6, -6, 0, -5, 3, -3, -2, 4, -3, -6, 3, -3, -5, -7, -1, 3, 2, 2, -4, 4, -5, -5, -5, 2, 3, -1, 2, -5, -6, 3, -3, -8, -8, 1, 3, 3, -8, -1, 0, 4, -6, -1, -8, -1, -8, 1, -2, 4, -7, -8, -4, 1, -2, -8, 3, -1, -7, -3, -2, 0, -8, -2, -5, 2, -3]
 
3.142636342082673: [0, -5, -6, -1, -8, -2, -7, -2, -4, -1, 0, -2, 3, 4, 4, -4, -3, 3, 4, 3, 2, 0, -3, -2, -4, -5, 0, 0, -7, 0, -6, -6, -7, 2, 0, -1, -1, -4, -1, 4, -6, 4, -1, -2, -5, -6, -6, -8, 2, -2, 0, -7, -4, -6, 1, -4, -8, 2, -5, 0, 3, -5, -7, -6, -6, 0, 0, 3, -3, -2, 4, -3, -6, 3, -3, -1, -7, -1, 4, 2, 2, -4, 4, -4, -5, -4, 2, 3, -1, 2, -5, -6, 3, -4, -8, -8, 3, 3, 3, -8, -1, 1, 4, -1, -2, -8, -3, -1, -4, -2, -3, -7, -8, -4, 1, -4, -8, -4, -1, 4, 0, -4, 1, -1, -2, 2, -5, -7]
 
3.082836920455315: [2, -1, 0, 1, 0, -7, 1, -6, -1, -2, 3, -7, -5, -2, -3, -8, -6, -2, -5, 3, -2, -7, 0, 2, 2, -7, -7, 4, -6, -6, -6, 2, 4, 0, -7, -1, 2, 4, -8, -2, -8, -8, -3, 3, 4, 3, 3, 0, -4, 3, 2, -8, -2, -2, -3, -2, -7, -7, 0, 2, 4, -4, -4, -1, -4, -8, 3, 0, -2, 4, 4, -3, -7, -6, -7, -4, -8, -7, -5, 0, -7, -6, -6, 4, -7, -2, -2, -2, -8, 4, -8, -3, -1, -5, 0, 0, 0, -6, -4, -6, 4, 3, -2, -1, -5, -1, -3, 1, -4, -2, -3, -7, 2, -4, 1, -4, -8, -4, -1, 4, 0, 0, 1, -3, 1, -3, -8, 0]
 
3.071526690566717: [2, -1, 0, 1, 0, -7, 1, -6, -1, -2, 3, -7, -5, -2, -3, -8, -6, -2, -5, 3, -2, -7, 0, 2, 2, -7, -7, 4, -6, -6, -6, 2, 4, 0, -7, -1, 2, 4, -8, -2, -8, -8, -3, 3, 4, 3, 3, 0, -4, 3, 0, -7, -4, -6, 1, -4, -8, 2, -5, 0, 3, -5, -7, -6, -6, 0, 0, 3, -3, -2, 4, -3, -6, 3, -3, -1, -7, -1, 4, 2, 2, -4, 4, -4, -5, -4, 2, 3, -1, 2, -5, -6, 3, -4, -8, -8, 3, 3, 3, -8, -1, 1, 4, 2, -6, -7, -3, 3, 2, -2, -6, -4, -6, -5, -8, -5, 3, -1, 0, -7, -3, -2, 0, -8, -2, -5, 1, -3]
 
3.022485881329611: [2, -3, 3, -7, -3, -5, 4, -3, -6, -4, -7, 2, -4, -6, -6, -3, -5, 2, -5, -6, -4, 2, 1, 4, 2, -4, 3, 0, -3, 0, 1, -7, 4, -6, 4, 4, -2, 3, 0, -2, -7, 0, 2, -6, -2, 2, -4, -6, -5, -6, -4, -3, -6, -7, 3, -1, 1, -7, 0, -3, 4, -4, -4, -1, -3, -8, 3, 0, -2, 4, 4, -3, -7, -6, -7, -4, -8, -7, -5, 0, -7, -6, -6, 4, -7, -2, -2, -2, -8, 4, -8, -3, -1, -5, 0, 0, 0, -6, -4, -6, 4, 3, -2, -1, -5, -1, -3, 1, -4, -2, -3, -7, 2, -4, 1, -4, -8, -4, -1, 4, 0, 0, 1, -3, 1, -3, -8, 0]
 
2.9643069174640555: [2, -1, 0, 1, 0, -7, 1, -6, -1, -2, 3, -7, -5, -1, -6, -5, -8, 2, -5, 1, -4, -2, -5, -7, -6, -7, 1, -1, -2, 1, -1, -8, 3, 4, 2, -7, -7, -7, -2, 2, -3, -7, 2, 1, 0, -7, -3, -7, -3, -2, 4, -6, -3, -4, -3, -7, -2, 1, -3, 2, -6, -8, -1, 3, -3, 2, -3, 1, -7, -3, 4, -3, -6, 3, -3, -1, -7, -1, 4, 2, 2, -4, 4, -4, -5, -4, 2, 3, -1, 2, -5, -6, 3, -4, -8, -8, 3, 3, 3, -8, -1, 1, 4, 2, -6, -7, -3, 3, 2, -2, -6, -4, -6, -5, -8, -5, 3, -1, 0, -7, -3, -2, 0, -8, -2, -5, 1, -3]
 
2.9175129815414294: [2, -3, -7, -7, -3, -5, 4, -3, -6, -6, 4, 2, -3, -6, -6, -3, -3, 2, -5, -6, -4, 2, 1, -3, -5, -4, 3, 0, 1, 0, -1, -7, 3, 1, 4, 4, 3, 3, 0, -2, 3, -2, 2, -6, -2, 1, -4, -1, -2, -2, 0, -7, -4, -6, 1, -4, -8, 2, -5, 0, 3, -5, -7, -6, -6, 0, 0, 3, -3, -2, 4, -3, -6, 3, -3, -1, -7, -1, 4, 2, 2, -4, 4, -4, -5, -4, 2, 3, -1, 2, -5, -6, 3, -4, -8, -8, 3, 3, 3, -8, -1, 1, 4, -1, -2, -8, -3, -1, -4, -2, -3, -7, -8, -4, 1, -4, -8, -4, -1, 4, 0, 0, 1, -3, 1, -3, -8, 0]
 
1.6890713481: [3, -1, 0, 1, -1, -7, 1, -6, -1, 1, 3, 1, -1, -8, -3, -8, -6, -8, -5, -6, -4, 2, -2, -3, -5, 0, 3, 0, 1, 0, -1, -5, -2, 1, 4, -6, 3, 3, 0, -2, -5, -2, -7, -6, -2, -4, -5, -1, -2, -2, 0, -7, -4, -1, 3, -4, -8, 2, -4, 0, 2, -5, -7, -7, 2, 0, 0, -1, -3, -2, 1, -8, -6, 3, -3, -1, 2, -1, 4, -8, 2, -7, 4, -4, -6, -8, -3, 3, -1, -5, -5, 0, 3, -4, -5, -8, 3, 3, 3, -8, 2, 1, -2, -1, -2, -8, -4, -1, -4, -2, -8, -3, -1, -4, 0, -4, -8, -2, -1, 4, 0, 0, 1, 3, 1, -3, -7, 0]
 
1.10228732972: [-4, -1, 0, -8, -1, -3, -2, 1, -1, -2, -2, -3, -5, 1, -3, 0, -6, -4, -5, -6, -4, -3, 1, -6, -5, -4, 1, -5, 1, 0, -1, -7, 3, 2, 4, 4, 3, -1, 0, -2, 3, 2, 2, 2, -2, -1, -4, -1, -3, -7, 0, -7, -4, -1, 4, -6, -8, 2, -5, 0, 3, -5, -7, -6, -6, 4, 0, 3, -3, -2, 4, -8, -4, 4, -3, -4, -7, -3, 4, 1, 2, -4, 4, -4, -6, 3, 0, 3, -1, 2, -3, -6, 3, 1, 4, -8, 3, -5, 3, 2, -1, 1, -4, -1, -2, -8, 1, 0, -4, -2, -3, 1, -8, -4, 1, -1, 3, -4, -7, -8, 3, 0, 1, -8, 1, -3, -8, 0]
 
2.8493302596969574: [2, -1, 0, 1, 0, -7, 1, -6, -1, -2, 3, -7, -5, -2, -3, -8, -6, 2, -5, -6, -4, 2, 1, -3, -5, -4, 3, 0, 1, 0, -1, -7, 3, 1, 4, 4, 3, 3, 0, -2, 3, -2, 2, -6, -2, 1, -4, -1, -2, -2, 0, -7, -4, -6, 1, -4, -8, 2, -5, 0, 3, -5, -7, -6, -6, 0, 0, 3, -3, -2, 4, -3, -6, 3, -3, -1, -7, -1, 4, 2, 2, -4, 4, -4, -5, -4, 2, 3, -1, 2, -5, -6, 3, -4, -8, -8, 3, 3, 3, -8, -1, 1, 4, -1, -2, -8, -3, -1, -4, -2, -3, -7, -8, -4, 1, -4, -8, -4, -1, 4, 0, 0, 1, -3, 1, -3, -8, 0]
 
2.8183523981315783: [2, -3, 3, -7, -3, -5, 4, -3, -6, -4, -7, 2, -4, -6, -6, -3, -5, 2, -5, -6, -4, 2, 1, 4, 2, -4, 3, 0, -3, 0, 1, -7, 4, -6, 4, 4, -2, 3, 0, -2, -7, 0, 2, -6, -2, 2, -4, -6, -5, -6, -4, -3, -6, -7, 3, -1, 1, -7, -3, 4, 1, -6, 2, 4, -7, 3, -4, -5, 3, 3, -3, 4, 3, 1, -5, -1, -1, -7, -5, 0, -7, -6, -6, 4, -7, -2, -2, -2, -8, 4, -8, -3, 3, -4, -8, -8, 3, 3, 3, -8, -1, 1, 4, 2, -6, -7, -3, 3, 2, -2, -6, -4, -6, -5, -8, -5, 3, -1, 0, -7, -3, -2, 0, -8, -2, -5, 1, -3]
 
0.655325649864: [4, -3, -3, -4, -7, 2, 4, 3, 1, -2, 0, 3, 4, 2, -6, 4, -2, 2, -5, 1, -2, -2, 2, -5, 0, -5, -5, -1, 1, -2, -8, -6, 3, -7, -6, 1, 0, 3, 0, -1, -2, -1, 3, -4, -5, -7, -2, 2, -3, -2, 3, -6, -2, 1, -8, 3, 3, 2, -2, -8, 3, 4, -3, 4, -1, -8, -6, -3, -1, -3, 4, 4, 3, -2, -5, -5, -1, 2, 3, -7, 0, -5, -2, 0, 0, 3, 3, 1, -6, -5, 4, -5, -6, -7, -8, -2, -7, 2, 0, -7, -6, 0, -5, -8, 3, -2, 2, -8, -7, -4, 0, -5, -7, 4, 2, -1, 4, -5, -1, -8, -5, -4, -4, 4, -4, 1, -1, -8]
 
2.7754184256114396: [2, 3, 3, -4, -8, -5, 4, -3, -6, -1, -7, 2, -7, -1, -8, 3, -5, 2, 1, -6, -4, 2, 1, 4, -1, -4, 3, 0, -3, 3, 1, 1, -2, -6, 4, -6, -2, 0, -4, -2, -7, 0, 2, -6, -2, 2, -5, -6, 3, -6, -4, -1, -8, -7, 3, -1, 1, -2, 0, -2, 4, -4, -6, -4, -3, -1, 3, 2, -2, -5, 4, 1, -7, 0, 0, 3, -1, -7, -5, -8, 2, 3, 4, -4, -4, -4, -6, 0, -1, -3, 3, -6, 3, -4, -8, -8, 3, 3, 3, -8, -1, 1, -5, 1, -1, -7, -3, -2, 2, -2, -3, 0, -6, -5, -8, -5, -6, -2, 3, -7, -3, -2, 0, -8, -2, -2, 1, -4]
 
2.7689474950239603: [2, -1, 0, 1, 0, -7, 4, -3, -6, -6, 4, 2, -3, -6, -6, -3, -3, 2, -5, -6, -4, 2, 1, -3, -5, -4, 3, 0, 1, 0, -1, -7, 3, 1, 4, 4, 3, 3, 0, -2, 3, -2, 2, -6, -2, 1, -4, -1, -2, -2, 0, -7, -4, -6, 1, -4, -8, 2, -5, 0, 3, -5, -7, -6, -6, 0, 0, 3, -3, -2, 4, -3, -6, 3, -3, -1, -7, -1, 4, 2, 2, -4, 4, -4, -5, -4, 2, 3, -1, 2, -5, -6, 3, -4, -8, -8, 3, 3, 3, -8, -1, 1, 4, 2, -6, -7, -3, 3, 2, -2, -6, -4, -6, -5, -8, -5, 3, -1, 0, -7, -3, -2, 0, -8, -2, -5, 1, -3]
 
1.24674212781: [-6, -3, 0, -7, -3, -5, 4, -3, -6, -1, -2, 2, -3, -8, -6, -3, 0, 2, -5, -6, -4, -3, 1, -2, 2, -4, 3, 0, 0, 0, -1, 4, 3, 4, 4, 1, -7, 4, -2, 4, 1, -7, 2, -8, 0, -7, -3, 0, -3, -7, 4, -6, -3, 4, -1, -7, -2, 4, -3, 2, -7, -8, -1, 3, -1, 1, -3, 1, -7, -3, -8, 4, 0, -2, 4, -4, 4, 2, 0, -8, -5, 3, 4, 0, 3, -3, -3, 4, 1, -1, -7, -4, -7, -6, -7, -2, 2, 2, -3, -2, -7, -6, -2, -4, -8, 4, -2, -2, 1, -7, 4, 0, 3, 2, -1, 0, -1, -8, 1, -8, 3, -6, -6, 4, -1, 2, -1, -1]
 
2.697372009883341: [0, -5, -6, -1, -8, -2, -7, -2, -4, -1, 0, -2, 3, 4, 4, -4, -3, 3, 4, 3, 2, 0, -3, -2, -4, -5, 0, 0, -7, 0, -6, -6, -7, 2, 0, -1, -1, -4, -1, 4, -6, 4, -1, -2, -5, -6, -6, -8, 2, -2, 0, -7, -4, -6, 1, -4, -8, 2, -5, 0, 3, -5, -7, -6, -6, 0, 0, 3, -3, -2, 4, -3, -6, 3, -3, -1, -7, -1, 4, -5, -6, -6, 1, 4, -7, -2, 1, -2, -2, 4, -3, -3, -1, -3, 2, -5, 0, -6, -1, -6, -7, -4, -6, -1, -2, -8, -3, 3, 2, -2, -6, -4, -6, -5, -8, -5, 3, -1, 0, -7, -3, -2, 0, -8, -2, -5, 1, -3]
 
2.670057619530734: [4, -4, -2, -4, -7, -3, 0, 4, -2, 0, 0, -1, -2, -1, -6, -5, -8, 2, -5, 1, -4, -2, -5, -7, -6, -7, 1, -1, -2, 1, -1, -8, 3, 4, 2, -7, -7, -7, -2, 2, -3, -7, 2, 1, 0, -7, -3, -7, -3, -2, 4, -6, -3, -4, -3, -7, -2, 1, -3, 2, -6, -8, -1, 3, -3, 2, -3, 1, -7, -3, 4, -3, -6, 3, -3, -1, -7, -1, 4, 2, 2, -4, 4, -4, -5, -4, 2, 3, -1, 2, -5, -6, 3, -4, -8, -8, 3, 3, 3, -8, -1, 1, 4, 2, -6, -7, -3, 3, 2, -2, -6, -4, -6, -5, -8, -5, 3, -1, 0, -7, -3, -2, 0, -8, -2, -5, 1, -3]
 
2.627148553397836: [-3, 0, -1, -8, -7, -8, -6, -8, -7, 0, 4, 0, -1, -1, -5, -1, -2, 1, -5, -2, -7, -3, 2, -6, -4, -2, -1, 4, -3, -6, -3, -8, 4, -2, -8, -8, -1, -5, -7, -1, -2, -4, -6, -5, -1, -1, -5, -3, -2, -1, -3, 0, -2, -7, 2, 0, 3, -2, -1, -7, -6, 0, -6, -1, -7, -1, -7, -7, -3, -2, 4, -3, -6, 3, -3, -1, -7, -1, 4, 2, 2, -4, 4, -4, -5, -4, 2, 3, -1, 2, -5, -6, 3, -4, -8, -8, 3, 3, 3, -8, -1, 1, 4, 2, -6, -7, -3, 3, 2, -2, -6, -4, -6, -5, -8, -5, 3, -1, 0, -7, -3, -2, 0, -8, -2, -5, 1, -3]
 
2.76910602693: [2, -1, 0, 1, 0, -7, 1, -6, -1, -2, 3, -7, -5, -2, -3, -8, -6, 2, -5, -6, -4, 2, 1, -3, -5, -4, 3, 0, 1, 0, -1, -7, 3, 1, 4, 4, 3, 3, 0, -2, 3, -2, 2, -6, -2, 1, -4, -1, -2, -2, 0, -7, -4, -6, 1, -4, -8, 2, -5, 0, 3, -5, -7, -6, -6, 0, 0, 3, -3, -2, 4, -3, -6, 3, -3, -1, -7, -1, 4, 2, 2, -4, 4, -4, -5, -4, 2, 3, -1, 2, -5, -6, 3, -4, -8, -8, 3, 3, 3, -8, -1, 1, 4, -1, -2, -8, -3, -1, -4, -2, -3, -7, -8, -4, 1, -4, -8, -4, -1, 4, 0, 0, 1, -3, 1, -3, -8, 0]
 
3.51498059037: [2, -3, -7, -7, -3, -5, 4, -3, -6, -6, 4, 2, -3, -6, -6, -3, -3, 2, -5, -6, -4, 2, 1, -3, -5, -4, 3, 0, 1, 0, -1, -7, 3, 1, 4, 4, 3, 4, -8, -2, -8, -8, -3, 3, 4, 3, 3, 0, -4, 3, 2, -8, -2, -2, -3, -2, -7, -7, 0, 2, 4, -4, -4, -1, -4, -1, 3, 0, -2, 4, 4, -8, -7, -6, -7, 3, -7, -1, 4, 2, 2, -4, 4, -4, -5, -4, 2, 3, -1, 2, -5, -6, 3, -4, -8, -8, 3, 3, 3, -8, -1, 1, 4, 2, -6, -7, -3, 3, 2, -2, -6, -4, -6, -5, -8, -5, 3, -1, 0, -7, -3, -2, 0, -8, -2, -5, 1, -3]
 
0.511465864031: [2, -1, 0, 1, 0, 2, 1, -7, -7, -2, 3, -7, -1, -2, -7, -8, -6, 2, -5, -4, -4, 4, -6, -3, 4, -4, 3, 0, -7, 0, -1, -5, 3, 1, 4, -3, -3, 3, 0, -2, 3, -2, 2, -6, -2, 1, -4, -1, -8, -5, 1, -2, 2, -6, -7, -4, -8, 2, -5, 0, 3, -2, -7, -6, -6, 0, -1, 4, -3, -2, -8, -2, -3, 3, 3, -1, -7, -1, 4, 2, -6, -3, 4, -4, -5, -4, 2, 3, 1, 2, -5, -6, -4, -4, -8, -8, 3, -4, 3, -8, -1, -1, 4, -1, -8, -6, -3, 3, 4, 0, -3, -6, -8, -4, -3, 4, -8, -4, 4, 4, 0, 0, 1, 4, 1, -3, -3, 0]
 
2.98443853624: [2, -1, 0, 1, 0, -7, 1, -6, -1, -2, 3, -7, -5, -2, -3, -8, -6, -2, -5, 3, -2, -7, 0, 2, 2, -7, -7, 4, -6, -6, -6, 2, 4, 0, -7, -1, 2, 4, -8, -2, -8, -8, -3, 3, 4, 3, 3, 0, -4, 3, 0, -7, -4, -6, 1, -4, -8, 2, -5, 0, 3, -5, -7, -6, -6, 0, 0, 3, -3, -2, 4, -3, -6, 3, -3, -1, -7, -1, 4, 2, 2, -4, 4, -4, -5, -4, 2, 3, -1, 2, -5, -6, 3, -4, -8, -8, 3, 3, 3, -8, -1, 1, 4, 2, -6, -7, -3, -1, -4, -2, -3, -7, -8, -4, 1, -4, -8, -4, -1, 4, 0, -4, 1, -1, -2, 2, -5, -7]
 
1.85979671514: [4, -4, -2, 2, -7, -3, -1, 4, 4, 0, -5, -8, 4, -1, -6, -5, -8, 2, -6, 1, -4, -6, -1, 0, 3, -7, 3, -2, 1, 1, 0, -8, 3, -7, 2, -7, -7, -7, -2, 2, -3, -5, 2, 1, -7, -7, -3, -7, -3, -2, 4, -6, -3, -4, -5, -7, -6, 1, -3, 2, -3, -4, 4, -1, -4, -8, 0, 0, -2, 4, 4, -3, -7, 3, -3, -2, -7, 2, -5, -5, -3, 4, 4, 2, -5, 4, 2, -2, -6, 1, 3, -6, 3, 0, -8, 2, 3, -3, 2, -8, -2, 1, 4, 2, -7, -7, -3, 3, 2, -2, 1, 2, -3, -5, -8, -2, 4, 3, 0, -2, -3, -1, -3, -8, -2, -3, 1, -3]
 
3.85744602373: [2, -3, 3, -7, -3, -5, 4, -3, -6, -4, -7, 2, -4, -6, -6, -3, -5, 2, -5, -6, -4, 2, 1, 4, 2, -4, 3, 0, -3, 0, 1, -7, 4, -6, 4, 4, -2, 3, 0, -2, -7, 0, 2, -6, -2, 2, -4, -6, -5, -6, -4, -3, -6, -7, 3, -1, 1, -7, 0, -3, 4, -8, -1, 3, -3, 2, -3, 1, -7, -3, 4, -3, -6, 3, -3, -1, -7, -1, 4, 2, 2, -4, 4, -4, -5, -4, 2, 3, -1, 2, -5, -6, 3, -4, -8, -8, 3, 3, 3, -8, -1, 1, 4, 2, -6, -7, -3, 3, 2, -2, -6, -4, -6, -5, -8, -5, 3, -1, 0, -7, -3, -2, 0, -8, -2, -5, 1, -3]
 
2.86443440751: [2, -3, 3, -7, -3, -5, 4, -3, -6, -4, -7, 2, -4, -6, -6, -3, -5, 2, -5, -6, -4, 2, 1, 4, 2, -4, 3, 0, -3, 0, 1, -7, 4, -6, 4, 4, -2, 3, 0, -2, -7, 0, 2, -6, -2, 2, -4, -6, -5, -6, -4, -3, -6, -7, 3, -1, 1, -7, 0, -3, 4, -4, -4, -1, -3, -8, 3, 0, -2, 4, 4, -3, -7, -6, -7, -4, -8, -7, -5, 0, -7, -6, -6, -4, -5, -4, 2, 3, -1, 2, -5, -6, 3, -4, -8, -8, 3, 3, 3, -8, -1, 1, 4, -1, -2, -8, -3, -1, -4, -2, -3, -7, -8, -4, 1, -4, -8, -4, -1, 4, 0, 0, 1, -3, 1, -3, -8, 0]
 
0.687248192962: [2, -1, 0, 1, 0, -7, 1, -6, -1, -2, 3, -7, -5, -2, -3, -8, -6, 2, -5, -6, -4, 2, 1, -3, -5, -4, 3, 0, 1, 0, -1, -7, 3, 1, 4, 4, 3, 3, 0, -2, 3, -2, 2, -6, -2, 1, -4, -1, -2, -2, 0, -7, -4, -6, 1, -4, -8, 2, -5, 0, 3, -5, -7, -6, -6, 0, 0, 3, -3, -2, 4, -3, -6, 3, -3, -1, -7, -1, 4, 2, 2, -4, 4, 4, -7, -2, -2, -2, -8, 4, -8, -3, -1, -5, 0, 0, 0, -6, -4, -6, 4, 3, -2, -1, -5, -1, -3, 1, -4, -2, -3, -7, 2, -4, 1, -4, -8, -4, -1, 4, 0, 0, 1, -3, 1, -3, -8, 0]
 
2.82706051793: [2, -1, 0, 1, 0, -7, 1, -6, -1, -2, 3, -7, -5, -1, -6, -5, -8, 2, -5, 1, -4, -2, -5, -7, -6, -7, 1, -1, -2, 1, -1, -8, 3, 4, 2, -7, -7, -7, -2, 2, -3, -7, 2, 1, 0, -7, -3, -7, -3, -2, 4, -6, -3, -4, -3, -7, -2, 1, -3, 2, -6, -8, -1, 3, -3, 2, -3, 1, -7, -3, 4, -3, -6, 3, -3, -1, -7, -1, 4, 2, 2, -4, 4, -4, -5, -4, 2, 3, -1, 2, -5, -6, 3, -4, -8, -8, 3, 3, 3, -8, -1, 1, 4, 2, -6, -7, -3, 3, 2, -2, -6, -4, -6, -5, -8, -5, 3, -1, 0, -7, -3, -2, 0, -8, -2, -5, 1, -3]
 
3.43597103592: [2, -3, -7, -7, -3, -5, 4, -3, -6, -6, 4, 2, -3, -6, -6, -3, -3, 2, -5, -6, -4, 2, 1, -3, -5, -4, 3, 0, 1, 0, -1, -7, 3, 1, 4, 4, 3, 4, -8, -2, -8, -8, -3, 3, 4, 3, 3, 0, -4, 3, 2, -8, -2, -2, -3, -2, -7, -7, 0, 2, 4, -4, -4, -1, -4, -1, 3, 0, -2, 4, 4, -8, -7, -6, -7, 3, -7, -1, 4, 2, 2, -4, 4, -4, -5, -4, 2, 3, -1, 2, -5, -6, 3, -4, -8, -8, 3, 3, 3, -8, -1, 1, 4, 2, -6, -7, -3, 3, 2, -2, -6, -4, -6, -5, -8, -5, 3, -1, 0, -7, -3, -2, 0, -8, -2, -5, 1, -3]
 
3.36624601901: [0, -5, -6, -1, -8, -2, -7, -2, -4, -1, 0, -2, 3, 4, -3, -8, -6, -2, -5, 3, 2, 0, -3, -2, -4, -5, 0, 0, -7, 0, -6, -6, -7, 2, 0, -1, -1, -4, -1, 4, -6, 4, -1, -2, -5, -6, -6, -8, 2, -2, 0, -7, -4, -6, 1, -4, -8, 2, -5, 0, 3, -5, -7, 3, -3, 2, -3, 1, -7, -3, 2, 1, 0, -2, 4, -4, -8, 2, 0, -8, -5, -1, -1, 0, 3, -3, -4, -4, -2, 4, -3, -3, -1, -3, 2, -5, 0, -6, -1, -6, -7, -4, -6, -1, -2, -8, -3, 3, 2, -2, -6, -4, -6, -5, -8, -5, 3, -1, 0, -7, -3, -2, 0, -8, -2, -5, 1, -3]
 
3.61928688355: [2, -1, 0, 1, 0, -7, 1, -6, -1, -2, 3, -7, -5, -2, 4, -4, -3, 3, 4, 3, 2, 0, -3, -2, -4, -5, 0, 0, -7, 0, -6, -6, -7, 2, 0, -1, -1, -4, -1, 4, -6, 4, -1, -2, -5, -6, -6, -8, 2, -2, 0, -7, -4, -6, 1, -4, -8, 2, -5, 0, 3, -5, -7, -6, -6, 0, 0, 3, -3, -2, 4, -3, -6, 3, -3, -1, -7, -1, 4, 2, 2, -4, 4, -4, -5, -4, 2, 3, -1, 2, -5, -6, 3, -4, -8, -8, 3, 3, 3, -8, -1, 1, 4, -1, -2, -8, -3, -1, -4, -2, -3, -7, -8, -4, 1, -4, -8, -4, -1, 4, 0, -4, 1, -1, -2, 2, -5, -7]
 
3.26355818528: [2, -1, 0, 1, 0, -7, 1, -6, -1, -2, 3, -7, -5, -2, -3, -8, -6, 2, -5, -6, -4, 2, 1, -3, -5, -4, 3, 0, 1, 0, -1, -7, 3, 1, 4, 4, 3, 3, 0, -2, 3, -2, 2, -6, -2, 1, -4, -1, -2, -2, 0, -7, -4, -6, 1, -4, -8, 2, -5, 0, 3, -4, -4, -1, -4, -1, 3, 0, -2, 4, 4, -8, -7, -6, -7, 3, -7, -1, 4, 2, 2, -4, 4, -4, -5, -4, 2, 3, -1, 2, -5, -6, 3, -4, -8, -8, 3, 3, 3, -8, -1, 1, 4, 2, -6, -7, -3, 3, 2, -2, -6, -4, -6, -5, -8, -5, 3, -1, 0, -7, -3, -2, 0, -8, -2, -5, 1, -3]
 
1.34983398712: [4, -3, -7, -8, -7, -5, 4, -3, -6, -1, -7, -5, -3, -6, 4, -3, -3, -4, -1, -6, -1, -3, 1, -7, -5, 0, -7, 3, 1, -1, -1, -1, 3, 1, 4, 4, 3, 4, -5, -2, -3, 2, -3, 3, -4, 3, 3, -7, -5, 3, 1, -1, -2, -2, -3, -2, -7, -7, 0, 2, -3, -5, -7, -6, -6, 0, 0, 3, -3, -2, -1, 1, 3, 3, -3, -1, 4, -1, 4, -1, 2, -4, 4, 1, -7, -5, 0, -2, -8, 4, -8, 4, -1, -5, 0, 0, 0, -6, -4, -6, 4, 3, -1, -2, -4, -1, -3, 4, 1, -2, -7, -7, 1, -4, -3, -4, -8, -1, -8, -8, 0, 0, 3, -3, -8, -3, 2, 0]
 
3.73112987471: [2, -1, 0, 1, 0, -7, 1, -6, -1, -2, 3, -7, -5, -2, -3, -8, -6, -2, -5, 3, -2, -7, 0, 2, 2, -7, -7, 4, -6, -6, -6, 2, 4, 0, -7, -1, 2, 4, -1, 4, -6, 4, -1, -2, -5, -6, -6, -8, 2, -2, 0, -7, -4, -6, 1, -4, -8, 2, -5, 0, 3, -5, -7, -6, -6, 0, 0, 3, -3, -2, 4, -3, -6, 3, -3, -1, -7, -1, 4, 2, 2, -4, 4, -4, -5, -4, 2, 3, -1, 2, -5, -6, 3, -4, -8, -8, 3, 3, 3, -8, -1, 1, 4, 2, -6, -7, -3, 3, 2, -2, -6, -4, -6, -5, -8, -5, 3, -1, 0, -7, -3, -2, 0, -8, -2, -5, 1, -3]
 
3.26273795925: [2, -1, 0, 1, 0, -7, 1, -6, -1, -2, 3, -7, -5, -2, -3, -8, -6, -2, -5, 3, -2, -7, 0, 2, 2, -7, -7, 4, -6, -6, -6, 2, 4, 0, -7, -1, 2, 4, -8, -2, -8, -8, -3, 3, 4, 3, 3, 0, -4, 3, 2, -8, -2, -2, -3, -2, -7, -7, 0, 2, 4, -4, -4, -1, -4, -1, 3, 0, -2, 4, 4, -8, -7, -6, -7, 3, -8, -7, -5, 2, 2, -4, 4, -4, -5, -4, 2, 3, -1, 2, -5, -6, 3, -4, -8, -8, 3, 3, 3, -8, -1, 1, 4, -1, -2, -8, -3, 3, 2, -2, -6, -4, -6, -5, -8, -5, 3, -1, 0, -7, -3, -2, 0, -8, -2, -5, 1, -3]
 
2.53706788916: [2, -1, 0, 1, 0, -7, 1, -6, -1, -2, 3, -7, -5, -2, -3, -8, -6, -2, -5, 3, -2, -7, 0, 2, 2, -7, -7, 4, -6, -6, -6, 2, 4, 0, -7, -1, 2, 4, -8, -2, -8, -8, -3, 3, 4, 3, 3, 0, -4, 3, 0, -7, -4, -6, 1, -4, -8, 2, -5, 0, 3, -5, -7, -6, -6, 0, 0, 3, -3, -2, 4, -3, -6, 3, -3, -1, -7, -1, 4, 2, 2, -4, 4, -4, -5, -4, 2, 3, -1, 2, -5, -6, 3, -4, -8, -8, 3, 3, 3, -8, -1, 1, 4, -1, -2, -8, -3, -1, -4, -2, -3, -7, -8, -4, 1, -4, -8, -4, -1, -7, -3, -2, 0, -8, -2, -5, 1, -3]
 
3.59354953543: [2, -1, 0, 1, 0, -7, 1, -6, -1, -2, 3, -7, -5, -2, -3, -8, -6, -2, -5, 3, -2, -7, 0, 2, 2, -7, -7, 4, -6, -6, -6, 2, 4, 0, -7, -1, -1, -4, -8, -2, -8, -8, -3, 3, 4, 3, 3, 0, -4, 3, 2, -8, -2, -2, -3, -2, -7, -7, 0, 2, 4, -4, -4, -1, -4, -1, 3, 0, -2, 4, 4, -8, -7, -6, -7, 3, -8, -7, -5, 2, 2, -4, 4, -4, -5, -4, 2, 3, -1, 2, -5, -6, 3, -4, -8, -8, 3, 3, 3, -8, -1, 1, 4, 2, -6, -7, -3, 3, 2, -2, -6, -4, -6, -5, -8, -5, 3, -1, 0, -7, -3, -2, 0, -8, -2, -5, 1, -3]
 
3.41714514492: [2, -3, 3, -7, -3, -5, 4, -3, -6, -4, -7, 2, -4, -6, -6, -3, -5, 2, -5, -6, -4, 2, 1, 4, 2, -4, 3, 0, -3, 0, 1, -7, 4, -6, 4, 4, -2, 3, 0, -2, -7, 0, 2, -6, -2, 2, -4, -6, -5, -6, -4, -3, -6, -7, 3, -1, 1, -7, -3, 4, 1, -6, 2, 4, -7, 3, -4, -5, 3, 3, -3, 4, 3, 1, -5, -1, -1, -7, -5, 0, -7, -6, -6, 4, -7, -2, -2, -2, -8, 4, -8, -3, 3, -4, -8, -8, 3, 3, 3, -8, -1, 1, 4, -1, -2, -8, -3, -1, -4, -2, -3, -7, -8, -4, 1, -4, -8, -4, -1, 4, 0, 0, 1, -3, 1, -3, -8, 0]
 
2.62883453451: [2, -1, 0, 1, 0, -7, 1, -6, -1, -2, 3, -7, -5, -2, -3, -8, -6, 2, -5, -6, -4, 2, 1, -3, -5, -4, 3, 0, 1, 0, -1, -7, 3, 1, 4, 4, 3, 3, 0, -2, 3, -2, 2, -6, -2, 1, -4, -1, -2, -2, 0, -7, -4, -6, 1, -4, -8, 2, -5, 0, 3, -5, -7, -6, -6, 0, 0, 3, -3, -2, 4, -3, -6, 3, -3, -1, -7, -1, 4, 2, 2, -4, 4, -4, -5, -4, 2, 3, -1, 2, -5, -6, 3, -4, -8, -8, 3, 3, 3, -8, -1, 1, 4, 2, -6, -7, -3, 3, 2, -2, -6, -4, -6, -5, -8, -5, 3, -1, 0, -7, -3, -2, 0, -8, -2, -5, 1, -3]
 
2.39621984795: [2, -3, -7, -7, -3, -5, 4, -3, -6, -6, 4, 2, -3, -6, -6, -3, -3, 2, -5, -6, -4, 2, 1, -3, -5, -4, 3, 0, 1, 0, -1, -7, 3, 1, 4, 4, 3, 4, -8, -2, -8, -8, -3, 3, 4, 3, 3, 0, -4, 3, 2, -8, -2, -2, -3, -2, -7, -7, 0, 2, 4, -4, -4, -1, -4, -1, 3, 0, -2, 4, 4, -3, -6, 3, -3, -1, -7, -1, 4, 2, 2, -4, 4, -4, -5, -4, 2, 3, -1, 2, -5, -6, 3, -4, -8, -8, 3, 3, 3, -8, -1, 1, 4, -1, -2, -8, -3, -1, -4, -2, -3, -7, -8, -4, 1, -4, -8, -4, -1, 4, 0, -4, 1, -1, -2, 2, -5, -7]
 
1.06168657767: [-8, -1, -2, 2, 0, -7, -8, 3, -1, -2, 3, -7, -5, -4, 2, 0, -3, 1, -5, 3, 2, 0, -3, -2, -4, -5, -2, -6, -7, 0, -6, -6, 0, 2, 0, -1, 4, -4, -7, 4, -6, 1, -1, -2, 0, -6, -6, -3, -5, -2, 0, -4, 4, -6, 4, -4, -8, 2, -4, 0, 3, -8, 0, -6, -6, 0, 0, 3, -3, -1, 4, -4, -1, -6, -5, 3, -1, -1, 2, -7, 2, -4, 4, -8, -5, -3, -7, -2, -1, -6, -5, -6, -6, -7, -8, 1, 3, -7, 3, -8, -1, 1, -1, 2, -6, -7, -3, 3, 2, -2, -6, -4, -6, -5, -8, -5, 3, 4, 0, -7, 3, -1, 3, -8, -3, 0, 1, -3]
 
2.43916334336: [-7, -1, 0, 1, 0, -7, 1, -5, -4, -2, 4, -3, -5, -2, -5, -8, 2, -8, -5, 3, -6, -6, 0, 2, 2, -1, 1, -1, -6, -3, -6, 2, 4, 0, -7, 2, -3, 1, -1, 4, -6, 4, -1, -2, -6, -6, -4, -5, -5, -2, 0, -7, -4, -2, 1, -1, -3, 1, -5, 0, -2, -5, -7, 1, -6, 0, -3, 3, 2, -2, 4, -3, -6, -2, -3, -1, -7, -1, 4, 2, 2, -4, 4, -2, -7, -7, -2, -2, -8, 4, -8, -8, -7, 0, 0, -4, 0, -6, -4, -4, -5, 0, -2, -1, -5, -5, -3, 1, 0, -2, -5, -1, 2, 2, 1, 3, -8, -1, -1, 4, 0, 0, 1, -2, 1, -3, -8, 0]
 
2.78172161864: [2, -1, 0, 1, 0, -7, 1, -6, -1, -2, 3, -7, -5, -2, -3, -8, -6, 2, -5, -6, -4, 2, 1, -3, -5, -4, 3, 0, 1, 0, -1, -7, 3, 1, 4, 4, 3, 3, 0, -2, 3, -2, 2, -6, -2, 1, -4, -1, -2, -2, 0, -7, -4, -6, 1, -4, -8, 2, -5, 0, 3, -5, -7, -6, -6, 0, 0, 3, -3, -2, 4, -3, -6, 3, -3, -1, -7, -1, 4, 2, 2, -4, 4, -4, -5, -4, 2, 3, -1, 2, -5, -6, 3, -4, -8, -8, 3, 3, 3, -8, -1, 1, 4, -1, -2, -8, -3, -1, -4, -2, -3, -7, -8, -4, 1, -4, -8, -4, -1, 4, 0, -4, 1, -1, -2, 2, -5, -7]
 
0.569102961981: [2, -1, 0, -3, 0, -4, 1, -6, -1, -2, 3, -1, -1, -2, 1, -4, -3, 3, 4, 4, -8, 0, -5, 2, 4, 0, 0, -5, -7, -7, -6, -6, -7, 2, 2, -6, -7, -7, -7, 2, -3, -7, 2, -7, 0, -7, -6, 0, -3, 3, 4, -2, -3, -4, -3, -7, -2, 1, -3, 2, -3, -3, -1, 0, -3, 2, -3, 2, -6, -3, -1, 1, -6, 3, -3, -8, -7, 3, -6, 4, 2, -4, 4, -4, -5, 4, 2, 3, -7, 2, -5, -6, -6, -4, -1, -8, -1, 0, 3, -8, -1, 1, 4, 2, -6, -7, -3, 3, 1, -2, -6, -4, -6, -5, -8, 4, 3, -4, -7, 2, -6, 4, 0, 4, 2, -5, 1, -3]
 
1.23832461164: [-5, -1, -1, -3, 4, 1, 3, -6, -1, -5, 3, -4, 3, -1, -6, 4, -7, 4, -3, -7, -4, -2, -7, -7, -6, -7, 1, -4, -2, 1, -1, 4, 3, 4, 0, -1, -1, 4, 1, 4, -6, 4, -3, -1, -5, -6, 0, 4, 0, -2, 0, -7, -4, -6, 3, -4, 3, 0, -5, 3, 1, -5, -7, -6, -6, 0, -5, 3, -3, -2, 4, -3, -6, 3, -3, -1, -7, -1, 4, -4, 2, -4, 4, -4, -8, -3, 2, 3, -1, -8, -5, -1, 3, -4, -8, -8, 3, -8, 3, -8, -1, -2, -7, -1, -2, -8, -3, -8, -4, -2, 4, -7, 4, -8, 1, -3, -1, 1, -6, -2, 0, -4, -6, -1, -2, -4, -5, -2]
 
2.50729912476: [2, -1, 0, 1, 0, -7, 1, -6, -1, -2, 3, -7, -5, -1, -6, -5, -8, 2, -5, 1, -4, -2, -5, -7, -6, -7, 1, -1, -2, 1, -1, -8, 3, 4, 0, -1, -1, -4, -1, 4, -6, 4, -1, -2, -5, -6, -6, -8, 2, -2, 0, -7, -4, -6, 1, -4, -8, 2, -5, 0, 4, -4, -4, -1, -4, -1, 3, 0, -2, 4, 4, -8, -7, -6, -7, 3, -8, -7, -5, 2, 2, -4, 4, -4, -5, -4, 2, 3, -1, 2, -5, -6, 3, -4, -8, -8, 3, 3, 3, -8, -1, 1, 4, 2, -6, -7, -3, 3, 2, -2, -6, -4, -6, -5, -8, -5, 3, -1, 0, -7, -3, -2, 0, -8, 4, 2, -6, 1]
 
3.14245447442: [2, -1, 0, 1, 0, -7, 1, -6, -1, -2, 3, -7, -5, -2, -3, -8, -6, -2, -5, 3, -2, -7, 0, 2, 2, -7, -7, 4, -6, -6, -6, 2, 4, 0, -7, -1, 2, 4, -8, -2, -8, -8, -3, 3, 4, 3, 3, 0, -4, 3, 2, -8, -2, -2, -3, -2, -7, -7, 0, 2, 3, -5, -7, -6, -6, 0, 0, 3, -3, -2, 4, -3, -6, 3, -3, -1, -7, -1, 4, 2, 2, -4, 4, -4, -5, -4, 2, 3, -1, 2, -5, -6, 3, -4, -8, -8, 3, 3, 3, -8, -1, 1, 4, -1, -2, -8, -3, -1, -4, -2, -3, -7, -8, -4, 1, -4, -8, -4, -1, 4, 0, -4, 1, -1, -2, 2, -5, -7]
 
1.72161672928: [3, -5, -1, -5, -7, -5, -7, -2, -4, -1, 0, -2, -5, -5, 4, -7, -3, -3, -7, 3, -6, -3, -3, -2, -1, -5, 0, -8, -7, -3, -6, 2, 4, 0, -7, -1, 2, -7, -2, -2, -8, 4, -3, -8, -1, -7, -1, 0, -4, 3, 4, -8, -2, -6, -3, -2, -7, -7, 0, 3, 4, -4, -4, 0, -4, -3, -2, 3, -2, -6, 4, -8, -7, -6, -7, 3, 2, -7, 1, 2, 2, -4, 4, -4, -5, -4, -8, 3, -1, 2, -6, -6, -7, -1, -8, -8, 3, -7, 3, -1, 0, 1, 4, -1, -2, -8, -3, 3, 2, 3, -6, -3, -6, -5, -8, -5, 3, -3, 0, -7, -3, -2, 0, -8, -1, -5, 1, 4]
 
4.1039104433: [2, -1, 0, 1, 0, -7, 1, -6, -1, -2, 3, -7, -5, -2, -3, -8, -6, -2, -5, 3, -2, -7, 0, 2, 2, -7, -7, 4, -6, -6, -6, -6, -7, 2, 0, -1, -1, -4, -1, 4, -6, 4, -1, -2, -5, -6, -6, -8, 2, -2, 0, -7, -4, -6, 1, -4, -8, 2, -5, 0, 3, -5, -7, -6, -6, 0, 0, 3, -3, -2, 4, -3, -6, 3, -3, -1, -7, -1, 4, -5, -6, -6, 1, 4, -7, -2, 1, -2, -2, 4, -3, -3, -1, -3, 2, -5, 0, -6, -1, -6, -7, -4, -6, -1, -2, -8, -3, 3, 2, -2, -6, -4, -6, -5, -8, -5, 3, -1, 0, -7, -3, -2, 0, -8, -2, -5, 1, -3]
 
2.21533348062: [2, -3, -7, -7, -3, -5, 4, -3, -6, -6, 4, 2, -3, -6, -6, -3, -3, 2, -5, -6, -4, 2, 1, -3, -5, -4, 3, 0, 1, 0, -1, -7, 3, 1, 4, 4, 3, 4, -8, -2, -8, -8, -3, 3, 4, 3, 3, 0, -4, 3, 2, -8, -2, -2, -3, -2, -7, -7, 0, 2, 4, -8, -1, 3, -3, 2, -3, 1, -7, -3, 4, -3, -6, 3, -3, -1, -7, -1, 4, 2, 2, -4, 4, -4, -5, -4, 2, 3, -1, 2, -5, -6, 3, -4, -8, -8, 3, 3, 3, -8, -1, 1, 4, 2, -6, -7, -3, 3, 2, -2, -6, -4, -6, -5, -8, -5, 3, -1, 0, -7, -3, -2, 0, -8, -2, -5, 1, -3]
 
0.884028911887: [2, -3, 3, -7, -3, -5, 4, 0, -6, -4, -1, 2, -4, -6, -3, -3, -1, 2, 1, -8, -4, 2, 3, 4, 3, -4, 2, 0, -8, 0, -4, -7, 4, -6, 4, 4, -2, -8, 2, -2, -4, 0, 2, -6, 4, 2, -4, -2, -5, -6, 2, -3, -6, -7, -4, -1, -4, -7, 0, -3, -8, -1, 4, -1, -8, -1, 3, 0, -3, 4, 4, -8, 3, 3, -4, 3, 4, -1, 2, 4, -5, 3, 4, -4, -5, -4, -6, 3, 2, 2, -5, 1, 2, -4, -8, -8, 3, 3, -3, 2, 0, 2, -6, -2, -6, -7, 0, 3, -6, -2, -6, -4, -6, -5, -8, -5, -2, -1, 0, 3, -3, -2, 0, -8, -7, -5, 1, -3]
 
