5.30420796598266: [2, -3, 3, -7, -3, -5, 4, -3, -4, -1, 0, -7, -5, -2, -3, -8, -6, -2, -5, 3, -2, -7, 0, 2, 2, -7, 0, 0, -7, 0, -6, -6, -7, 2, 0, -1, -1, -4, -1, 4, -6, 4, -1, -2, -5, -6, -6, -8, 2, -2, 0, -7, -4, -6, 1, -4, -8, 2, -5, 0, 3, -4, -4, -1, -4, -1, -3, 1, -7, -3, 2, 1, 0, -2, 4, -4, -8, 2, 0, -8, 2, -4, 4, -4, -5, -4, 2, 3, -1, 2, -5, -6, 3, -4, -8, -8, 3, 3, 3, -8, -1, 1, 4, -1, -2, -8, -3, -1, -4, -2, -3, -7, -8, -4, 1, -4, -8, -4, -1, 4, 0, -4, 1, -1, -2, 2, -5, -7]
 
5.20173277756809: [2, -1, 0, 1, 0, -7, 1, -6, -1, -2, 3, -7, -5, -2, -3, -8, -6, -2, -5, 3, -2, -7, 0, 2, 2, -7, 0, 0, -7, 0, -6, -6, -7, 2, 0, -1, -1, -4, -1, 4, -6, 4, -1, -2, -5, -6, -6, -8, 2, -2, 0, -7, -4, -6, 1, -4, -8, 2, -5, 0, 3, -4, -4, -1, -4, -1, 3, 0, -2, 4, 4, -8, -7, -6, -7, 3, -8, -7, -5, 2, 2, -4, 4, -4, -5, -4, 2, 3, -1, 2, -5, -6, 3, -4, -8, -8, 3, 3, 3, -8, -1, 1, 4, -1, -2, -8, -3, -1, -4, -2, -3, -7, -8, -4, 1, -4, -8, -4, -1, 4, 0, -4, 1, -1, -2, 2, -5, -7]
 
5.167170363101751: [2, -3, 0, 1, 0, -7, 1, -6, -1, -2, 3, -7, -5, -2, -3, -8, -6, -2, -5, 3, -2, -7, 0, 2, 2, -7, 0, 0, -7, 0, -6, -6, -7, 2, 0, -1, -1, -4, -1, 4, -6, 4, -1, -2, -5, -6, -6, -8, 2, -2, 0, -7, -4, -6, 1, -4, -8, 2, -5, 0, 3, -4, -4, -1, -4, -1, -3, 1, -7, -3, 2, 1, 0, -2, 4, -4, -8, 2, 0, -8, 2, -4, 4, -4, -5, -4, 2, 3, -1, 2, -5, -6, 3, -4, -8, -8, 3, 3, 3, -8, -1, 1, 4, -1, -2, -8, -3, -1, -4, -2, -3, -7, -8, -4, 1, -4, -8, -4, -1, 4, 0, -4, 1, -1, -2, 2, -5, -7]
 
5.157323293994721: [2, -1, 0, 1, 0, -7, 1, -6, -1, -2, 3, -7, -5, -2, -3, -8, -6, -2, -5, 3, -2, -7, 0, 2, 2, -7, 0, 0, -7, 0, -6, -6, -7, 2, 0, -1, -1, -4, -1, 4, -6, 4, -1, -2, -5, -6, -6, -8, 2, -2, 0, -7, -4, -6, 1, -4, -8, 2, -5, 0, 3, -4, -4, -1, -4, -1, 3, 0, -2, 4, 4, -8, -7, -6, -7, 3, -8, -7, -5, 2, 2, -4, 4, -4, -5, -4, 2, 3, -1, 2, -5, -6, 3, -4, -8, -8, 3, 3, 3, -8, -1, 1, 4, -1, -2, -8, -3, -1, -4, -2, -3, -7, -8, -4, 1, -4, -8, -4, -1, 4, 0, -4, 1, -1, -2, 2, -5, -7]
 
5.13304939242888: [2, -3, 3, -7, -3, -5, 4, -3, -4, -1, 0, -7, -5, -2, -3, -8, -6, -2, -5, 3, 2, 0, -3, -2, -4, -5, 0, 0, -7, 0, -6, -6, -7, 2, 0, -1, -1, -4, -1, 4, -6, 4, -1, -2, -5, -6, -6, -8, 2, -2, 0, -7, -4, -6, 1, -4, -8, 2, -5, 0, 3, -5, -7, 3, -3, 2, -3, 1, -7, -3, 2, 1, 0, -2, 4, -4, -8, 2, 0, -8, 2, -4, 4, -4, -5, -4, 2, 3, -1, 2, -5, -6, 3, -4, -8, -8, 3, 3, 3, -8, -1, 1, 4, -1, -2, -8, -3, -1, -4, -2, -3, -7, -8, -4, 1, -4, -8, -4, -1, 4, 0, -4, 1, -1, -2, 2, -5, -7]
 
1.83362854349: [2, -1, 0, 1, 0, -7, 1, -6, -6, -2, -4, -7, -5, -2, -1, -8, -6, -8, 2, 3, -6, -7, 0, 2, 0, 1, -2, 0, -7, 0, -6, -4, -3, 2, 0, 2, -1, -4, 1, 4, -6, 4, 4, -2, 2, -6, -6, -8, 4, 1, 0, -4, -4, -6, 1, -4, 2, 2, -5, 0, 3, -4, -4, -2, -3, -1, -1, 1, 1, 4, 3, 2, -7, -6, -2, 3, -8, -1, -8, 3, 2, -4, 4, -1, -5, -4, -8, 3, 3, -5, -5, -6, 3, -4, -8, -8, 3, -1, 3, -8, -1, 1, -3, -1, -2, -5, -6, -1, -4, -2, -4, -7, -8, -4, 3, 0, -8, 0, -1, 4, 2, -4, 1, -1, -2, -5, -1, 0]
 
5.127733891539615: [2, -1, 0, 1, 0, -7, 1, -6, -1, -2, 3, -7, -5, -2, -3, -8, -6, -2, -5, 3, -2, -7, 0, 2, -4, -5, 0, 0, -7, 0, -6, -6, -7, 2, 0, -1, -1, -4, -1, 4, -6, 4, -1, -2, -5, -6, -6, -8, 2, -2, 0, -7, -4, -6, 1, -4, -8, 2, -5, 0, 3, -4, -4, -1, -4, -1, 3, 0, -2, 4, 4, -8, -7, -6, -7, 3, -8, -7, -5, 2, 2, -4, 4, -4, -5, -4, 2, 3, -1, 2, -5, -6, 3, -4, -8, -8, 3, 3, 3, -8, -1, 1, 4, -1, -2, -8, -3, -1, -4, -2, -3, -7, -8, -4, 1, -4, -8, -4, -1, 4, 0, -4, 1, -1, -2, 2, -5, -7]
 
0.771345525242: [-3, -5, -6, 4, 0, 0, 1, -6, -1, -3, -3, -7, -2, -2, 4, 1, -6, -6, -5, 3, 2, -7, 0, -7, -3, -5, -6, -4, -8, 2, -1, 3, -8, -3, -5, -3, 0, 1, 0, -8, -6, 4, 3, -2, -7, -6, -6, -8, 2, -4, 0, -7, -7, -2, 1, 0, -8, 2, -5, -2, 1, -5, 1, -6, 4, -1, -3, 0, -2, 3, -8, -3, -7, -6, -6, 3, -8, 0, -5, -2, 2, -2, -3, -4, -5, -1, 2, -4, 4, 2, 4, -6, 0, -4, -1, -8, -3, -7, -6, -5, -5, 0, 0, -1, -2, 1, -4, -1, -4, -2, -3, -6, -2, 1, 1, -5, -5, -4, -1, 4, -1, -8, -4, -1, -2, 2, -5, -7]
 
5.112322062752006: [2, -1, 0, 1, 0, -7, 1, -6, -1, -2, 3, -7, -5, -2, -3, -8, -6, -2, -5, 3, -2, -7, 0, 2, -4, -5, 0, 0, -7, 0, -6, -6, -7, 2, 0, -1, -1, -4, -1, 4, -6, 4, -1, -2, -5, -6, -6, -8, 2, -2, 0, -7, -4, -6, 1, -4, -8, 2, -5, 0, 3, -4, -4, -1, -4, -1, 3, 0, -2, 4, 4, -8, -7, -6, -7, 3, -8, -7, -5, 2, 2, -4, 4, -4, -5, -4, 2, 3, -1, 2, -5, -6, 3, -4, -8, -8, 3, 3, 3, -8, -1, 1, 4, -1, -2, -8, -3, -1, -4, -2, -3, -7, -8, -4, 1, -4, -8, -4, -1, 4, 0, -4, 1, -1, -2, 2, -5, -7]
 
5.107946513926429: [2, -1, 0, 1, 0, -7, 1, -6, -1, -2, 3, -7, -5, -2, -3, -8, -6, -2, -5, 3, -2, -7, 0, 2, -4, -5, 0, 0, -7, 0, -6, -6, -7, 2, 0, -1, -1, -4, -1, 4, -6, 4, -1, -2, -5, -6, -6, -8, 2, -2, 0, -7, -4, -6, 1, -4, -8, 2, -5, 0, 3, -4, -4, -1, -4, -1, 3, 0, -2, 4, 4, -8, -7, -6, -7, 3, -8, -7, -5, 2, 2, -4, 4, -4, -5, -4, 2, 3, -1, 2, -5, -6, 3, -4, -8, -8, 3, 3, 3, -8, -1, 1, 4, -1, -2, -8, -3, -1, -4, -2, -3, -7, -8, -4, 1, -4, -8, -4, -1, 4, 0, -4, 1, -1, -2, 2, -5, -7]
 
5.099844230004492: [2, -1, 0, 1, 0, -7, 1, -6, -1, -2, 3, -7, -5, -2, -3, -8, -6, -2, -5, 3, -2, -7, 0, 2, -4, -5, 0, 0, -7, 0, -6, -6, -7, 2, 0, -1, -1, -4, -1, 4, -6, 4, -1, -2, -5, -6, -6, -8, 2, -2, 0, -7, -4, -6, 1, -4, -8, 2, -5, 0, 3, -4, -4, -1, -4, -1, 3, 0, -2, 4, 4, -8, -7, -6, -7, 3, -8, -7, -5, 2, 2, -4, 4, -4, -5, -4, 2, 3, -1, 2, -5, -6, 3, -4, -8, -8, 3, 3, 3, -8, -1, 1, 4, -1, -2, -8, -3, -1, -4, -2, -3, -7, -8, -4, 1, -4, -8, -4, -1, 4, 0, -4, 1, -1, -2, 2, -5, -7]
 
5.093971709813972: [2, -1, 0, 1, 0, -7, 1, -6, -1, -2, 3, -7, -5, -2, -3, -8, -6, -2, -5, 3, -2, -7, 0, 2, 2, -7, 0, 0, -7, 0, -6, -6, -7, 2, 0, -1, -1, -4, -1, 4, -6, 4, -1, -2, -5, -6, -6, -8, 2, -2, 0, -7, -4, -6, 1, -4, -8, 2, -5, 0, 3, -4, -4, -1, -4, -1, 3, 0, -2, 4, 4, -8, -7, -6, -7, 3, -8, -7, -5, 2, 2, -4, 4, -4, -5, -4, 2, 3, -1, 2, -5, -6, 3, -4, -8, -8, 3, 3, 3, -8, -1, 1, 4, -1, -2, -8, -3, -1, -4, -2, -3, -7, -8, -4, 1, -4, -8, -4, -1, 4, 0, -4, 1, -1, -2, 2, -5, -7]
 
5.076350532477123: [2, -1, 0, 1, 0, -7, 1, -6, -1, -2, 3, -7, -5, -2, -3, -8, -6, -2, -5, 3, -2, -7, 0, 2, 2, -7, 0, 0, -7, 0, -6, -6, -7, 2, 0, -1, -1, -4, -1, 4, -6, 4, -1, -2, -5, -6, -6, -8, 2, -2, 0, -7, -4, -6, 1, -4, -8, 2, -5, 0, 3, -4, -4, -1, -4, -1, 3, 0, -2, 4, 4, -8, -7, -6, -7, 3, -8, -7, -5, 2, 2, -4, 4, -4, -5, -4, 2, 3, -1, 2, -5, -6, 3, -4, -8, -8, 3, 3, 3, -8, -1, 1, 4, -1, -2, -8, -3, -1, -4, -2, -3, -7, -8, -4, 1, -4, -8, -4, -1, 4, 0, -4, 1, -1, -2, 2, -5, -7]
 
5.061239808404308: [2, -1, 0, 1, 0, -7, 1, -6, -1, -2, 3, -7, -5, -2, -3, -8, -6, -2, -5, 3, -2, -7, 0, 2, 2, -7, 0, 0, -7, 0, -6, -6, -7, 2, 0, -1, -1, -4, -1, 4, -6, 4, -1, -2, -5, -6, -6, -8, 2, -2, 0, -7, -4, -6, 1, -4, -8, 2, -5, 0, 3, -4, -4, -1, -4, -1, 3, 0, -2, 4, 4, -8, -7, -6, -7, 3, -8, -7, -5, 2, 2, -4, 4, -4, -5, -4, 2, 3, -1, 2, -5, -6, 3, -4, -8, -8, 3, 3, 3, -8, -1, 1, 4, -1, -2, -8, -3, -1, -4, -2, -3, -7, -8, -4, 1, -4, -8, -4, -1, 4, 0, -4, 1, -1, -2, 2, -5, -7]
 
5.057313821559627: [2, -3, 0, 1, 0, -7, 1, -6, -1, -2, 3, -7, -5, -2, -3, -8, -6, -2, -5, 3, -2, -7, 0, 2, 2, -7, 0, 0, -7, 0, -6, -6, -7, 2, 0, -1, -1, -4, -1, 4, -6, 4, -1, -2, -5, -6, -6, -8, 2, -2, 0, -7, -4, -6, 1, -4, -8, 2, -5, 0, 3, -4, -4, -1, -4, -1, -3, 1, -7, -3, 2, 1, 0, -2, 4, -4, -8, 2, 0, -8, 2, -4, 4, -4, -5, -4, 2, 3, -1, 2, -5, -6, 3, -4, -8, -8, 3, 3, 3, -8, -1, 1, 4, -1, -2, -8, -3, -1, -4, -2, -3, -7, -8, -4, 1, -4, -8, -4, -1, 4, 0, -4, 1, -1, -2, 2, -5, -7]
 
5.053585265621682: [2, -1, 0, 1, 0, -7, 1, -6, -1, -2, 3, -7, -5, -2, -3, -8, -6, -2, -5, 3, -2, -7, 0, 2, 2, -7, 0, 0, -7, 0, -6, -6, -7, 2, 0, -1, -1, -4, -1, 4, -6, 4, -1, -2, -5, -6, -6, -8, 2, -2, 0, -7, -4, -6, 1, -4, -8, 2, -5, 0, 3, -4, -4, -1, -4, -1, 3, 0, -2, 4, 4, -8, -7, -6, -7, 3, -8, -7, -5, 2, 2, -4, 4, -4, -5, -4, 2, 3, -1, 2, -5, -6, 3, -4, -8, -8, 3, 3, 3, -8, -1, 1, 4, -1, -2, -8, -3, -1, -4, -2, -3, -7, -8, -4, 1, -4, -8, -4, -1, 4, 0, -4, 1, -1, -2, 2, -5, -7]
 
5.052264284768166: [2, -3, 0, 1, 0, -7, 1, -6, -1, -2, 3, -7, -5, -2, -3, -8, -6, -2, -5, 3, -2, -7, 0, 2, 2, -7, 0, 0, -7, 0, -6, -6, -7, 2, 0, -1, -1, -4, -1, 4, -6, 4, -1, -2, -5, -6, -6, -8, 2, -2, 0, -7, -4, -6, 1, -4, -8, 2, -5, 0, 3, -4, -4, -1, -4, -1, -3, 1, -7, -3, 2, 1, 0, -2, 4, -4, -8, 2, 0, -8, 2, -4, 4, -4, -5, -4, 2, 3, -1, 2, -5, -6, 3, -4, -8, -8, 3, 3, 3, -8, -1, 1, 4, -1, -2, -8, -3, -1, -4, -2, -3, -7, -8, -4, 1, -4, -8, -4, -1, 4, 0, -4, 1, -1, -2, 2, -5, -7]
 
5.052240909250561: [2, -1, 0, 1, 0, -7, 1, -6, -1, -2, 3, -7, -5, -2, -3, -8, -6, -2, -5, 3, -2, -7, 0, 2, 2, -7, 0, 0, -7, 0, -6, -6, -7, 2, 0, -1, -1, -4, -1, 4, -6, 4, -1, -2, -5, -6, -6, -8, 2, -2, 0, -7, -4, -6, 1, -4, -8, 2, -5, 0, 3, -4, -4, -1, -4, -1, 3, 0, -2, 4, 4, -8, -7, -6, -7, 3, -8, -7, -5, 2, 2, -4, 4, -4, -5, -4, 2, 3, -1, 2, -5, -6, 3, -4, -8, -8, 3, 3, 3, -8, -1, 1, 4, -1, -2, -8, -3, -1, -4, -2, -3, -7, -8, -4, 1, -4, -8, -4, -1, 4, 0, -4, 1, -1, -2, 2, -5, -7]
 
5.040334954734144: [2, -1, 0, 1, 0, -7, 1, -6, -1, -2, 3, -7, -5, -2, -3, -8, -6, -2, -5, 3, -2, -7, 0, 2, 2, -7, 0, 0, -7, 0, -6, -6, -7, 2, 0, -1, -1, -4, -1, 4, -6, 4, -1, -2, -5, -6, -6, -8, 2, -2, 0, -7, -4, -6, 1, -4, -8, 2, -5, 0, 3, -4, -4, -1, -4, -1, 3, 0, -2, 4, 4, -8, -7, -6, -7, 3, -8, -7, -5, 2, 2, -4, 4, -4, -5, -4, 2, 3, -1, 2, -5, -6, 3, -4, -8, -8, 3, 3, 3, -8, -1, 1, 4, -1, -2, -8, -3, -1, -4, -2, -3, -7, -8, -4, 1, -4, -8, -4, -1, 4, 0, -4, 1, -1, -2, 2, -5, -7]
 
5.03546790717704: [2, -3, 0, 1, 0, -7, 1, -6, -1, -2, 3, -7, -5, -2, -3, -8, -6, -2, -5, 3, -2, -7, 0, 2, 2, -7, 0, 0, -7, 0, -6, -6, -7, 2, 0, -1, -1, -4, -1, 4, -6, 4, -1, -2, -5, -6, -6, -8, 2, -2, 0, -7, -4, -6, 1, -4, -8, 2, -5, 0, 3, -4, -4, -1, -4, -1, -3, 1, -7, -3, 2, 1, 0, -2, 4, -4, -8, 2, 0, -8, 2, -4, 4, -4, -5, -4, 2, 3, -1, 2, -5, -6, 3, -4, -8, -8, 3, 3, 3, -8, -1, 1, 4, -1, -2, -8, -3, -1, -4, -2, -3, -7, -8, -4, 1, -4, -8, -4, -1, 4, 0, -4, 1, -1, -2, 2, -5, -7]
 
5.02786761489441: [2, -3, 0, 1, 0, -7, 1, -6, -1, -2, 3, -7, -5, -2, -3, -8, -6, -2, -5, 3, -2, -7, 0, 2, 2, -7, 0, 0, -7, 0, -6, -6, -7, 2, 0, -1, -1, -4, -1, 4, -6, 4, -1, -2, -5, -6, -6, -8, 2, -2, 0, -7, -4, -6, 1, -4, -8, 2, -5, 0, 3, -4, -4, -1, -4, -1, 3, 0, -2, 4, 4, -8, -7, -6, -7, 3, -8, -7, -5, 2, 2, -4, 4, -4, -5, -4, 2, 3, -1, 2, -5, -6, 3, -4, -8, -8, 3, 3, 3, -8, -1, 1, 4, -1, -2, -8, -3, -1, -4, -2, -3, -7, -8, -4, 1, -4, -8, -4, -1, 4, 0, -4, 1, -1, -2, 2, -5, -7]
 
0.585548389489: [2, -8, 0, 4, 0, -3, 2, -1, 3, -2, 4, 4, -8, 0, -3, -8, 4, -2, -5, 3, 0, -7, 4, 2, 2, -7, 0, 3, -7, 0, -6, -4, -7, 2, -3, -1, 0, -8, -3, 4, 4, 4, -1, -2, -5, -1, 3, -5, 2, -1, -4, 0, -8, -6, 1, -4, -8, -8, -5, -8, -3, -8, -4, -1, -1, -1, 3, 0, -2, 4, 4, -8, -7, -6, -2, 4, 1, -7, -5, 2, 3, -4, 4, -5, -6, -4, 2, 3, -1, 1, 2, -6, 1, -5, -8, -8, 3, 3, 3, -8, -1, -3, 4, -1, -3, -1, -3, -1, -4, -2, -3, -4, 2, -4, -3, -4, 0, -6, -3, 0, 2, -4, -2, -1, -2, 2, -5, -7]
 
5.023543905015996: [0, -3, 3, -1, -8, -2, -7, -2, -4, -1, 0, -7, -5, -2, -3, -8, -6, -2, -5, 3, 2, 0, -3, -2, -4, -5, 0, 0, -7, 0, -6, -6, -7, 2, 0, -1, -1, -4, -1, 4, -6, 4, -1, -2, -5, -6, -6, -8, 2, -2, 0, -7, -4, -6, 1, -4, -8, 2, -5, 0, 3, -5, -7, 3, -3, 2, -3, 1, -7, -3, 2, 1, 0, -2, 4, -4, -8, 2, 0, -8, 2, -4, 4, -4, -5, -4, 2, 3, -1, 2, -5, -6, 3, -4, -8, -8, 3, 3, 3, -8, -1, 1, 4, -1, -2, -8, -3, -1, -4, -2, -3, -7, -8, -4, 1, -4, -8, -4, -1, 4, 0, -4, 1, -1, -2, 2, -5, -7]
 
5.022262161687186: [2, -3, 0, 1, 0, -7, 1, -6, -1, -2, 3, -7, -5, -2, -3, -8, -6, -2, -5, 3, -2, -7, 0, 2, -4, -5, 0, 0, -7, 0, -6, -6, -7, 2, 0, -1, -1, -4, -1, 4, -6, 4, -1, -2, -5, -6, -6, -8, 2, -2, 0, -7, -4, -6, 1, -4, -8, 2, -5, 0, 3, -4, -4, -1, -4, -1, 3, 0, -2, 4, 4, -8, -7, -6, -7, 3, -8, -7, -5, 2, 2, -4, 4, -4, -5, -4, 2, 3, -1, 2, -5, -6, 3, -4, -8, -8, 3, 3, 3, -8, -1, 1, 4, -1, -2, -8, -3, -1, -4, -2, -3, -7, -8, -4, 1, -4, -8, -4, -1, 4, 0, -4, 1, -1, -2, 2, -5, -7]
 
5.015953589926496: [2, -3, 0, 1, 0, -7, 1, -6, -1, -2, 3, -7, -5, -2, -3, -8, -6, -2, -5, 3, -2, -7, 0, 2, 2, -7, 0, 0, -7, 0, -6, -6, -7, 2, 0, -1, -1, -4, -1, 4, -6, 4, -1, -2, -5, -6, -6, -8, 2, -2, 0, -7, -4, -6, 1, -4, -8, 2, -5, 0, 3, -4, -4, -1, -4, -1, 3, 0, -2, 4, 4, -8, -7, -6, -7, 3, -8, -7, -5, 2, 2, -4, 4, -4, -5, -4, 2, 3, -1, 2, -5, -6, 3, -4, -8, -8, 3, 3, 3, -8, -1, 1, 4, -1, -2, -8, -3, -1, -4, -2, -3, -7, -8, -4, 1, -4, -8, -4, -1, 4, 0, -4, 1, -1, -2, 2, -5, -7]
 
0.671552939628: [0, -2, 0, -4, -3, -6, -8, 1, -1, -6, -3, 1, -5, -2, -3, 0, -2, -2, 1, 3, -4, -2, 0, 2, -4, 0, 2, -4, -6, -8, -2, 4, -7, 2, -2, 4, -2, 1, -7, -8, -8, 4, -2, -2, -5, -6, -3, 1, 2, -8, 4, 0, 4, 0, -1, -4, -4, -8, 4, -3, 3, -8, -4, 4, 4, -1, 0, 2, -2, -6, -6, 3, -7, -4, -7, -1, -5, -5, -5, 3, 2, -4, -1, -4, 2, 4, -3, -1, -6, -6, -5, -3, 3, -4, 1, -8, 1, -7, 3, -5, 0, -1, 4, -8, -2, -8, -3, -8, -4, -6, -3, -3, 4, 2, 3, -5, -8, -5, -1, 4, -3, 1, 1, -1, 4, -3, -5, -7]
 
5.011119703662017: [2, -3, 0, 1, 0, -7, 1, -6, -1, -2, 3, -7, -5, -2, -3, -8, -6, -2, -5, 3, -2, -7, 0, 2, 2, -7, 0, 0, -7, 0, -6, -6, -7, 2, 0, -1, -1, -4, -1, 4, -6, 4, -1, -2, -5, -6, -6, -8, 2, -2, 0, -7, -4, -6, 1, -4, -8, 2, -5, 0, 3, -4, -4, -1, -4, -1, 3, 0, -2, 4, 4, -8, -7, -6, -7, 3, -8, -7, -5, 2, 2, -4, 4, -4, -5, -4, 2, 3, -1, 2, -5, -6, 3, -4, -8, -8, 3, 3, 3, -8, -1, 1, 4, -1, -2, -8, -3, -1, -4, -2, -3, -7, -8, -4, 1, -4, -8, -4, -1, 4, 0, -4, 1, -1, -2, 2, -5, -7]
 
5.004333645373814: [2, -1, 0, 1, 0, -7, 1, -6, -1, -2, 3, -7, -5, -2, -3, -8, -6, -2, -5, 3, -2, -7, 0, 2, 2, -7, 0, 0, -7, 0, -6, -6, -7, 2, 0, -1, -1, -4, -1, 4, -6, 4, -1, -2, -5, -6, -6, -8, 2, -2, 0, -7, -4, -6, 1, -4, -8, 2, -5, 0, 3, -5, -7, 3, -3, 2, -3, 1, -7, -3, 2, 1, 0, -2, 4, -4, -8, 2, 0, -8, 2, -4, 4, -4, -5, -4, 2, 3, -1, 2, -5, -6, 3, -4, -8, -8, 3, 3, 3, -8, -1, 1, 4, -1, -2, -8, -3, -1, -4, -2, -3, -7, -8, -4, 1, -4, -8, -4, -1, 4, 0, -4, 1, -1, -2, 2, -5, -7]
 
5.003867690929771: [0, -5, -6, -1, -8, -2, -7, -2, -4, -1, 0, -7, -5, -2, -3, -8, -6, -2, -5, 3, 2, 0, -3, -2, -4, -5, 0, 0, -7, 0, -6, -6, -7, 2, 0, -1, -1, -4, -1, 4, -6, 4, -1, -2, -5, -6, -6, -8, 2, -2, 0, -7, -4, -6, 1, -4, -8, 2, -5, 0, 3, -5, -7, 3, -3, 2, -3, 1, -7, -3, 2, 1, 0, -2, 4, -4, -8, 2, 0, -8, 2, -4, 4, -4, -5, -4, 2, 3, -1, 2, -5, -6, 3, -4, -8, -8, 3, 3, 3, -8, -1, 1, 4, -1, -2, -8, -3, -1, -4, -2, -3, -7, -8, -4, 1, -4, -8, -4, -1, 4, 0, -4, 1, -1, -2, 2, -5, -7]
 
1.73838407497: [4, -3, -8, 1, 0, -7, 1, -6, 1, -2, 3, 4, -7, 0, -2, -8, -8, -2, -5, 3, 1, -6, -5, 2, 2, 1, 2, 1, -2, 0, -6, -6, -7, 2, 3, -1, -1, -4, -1, 4, -6, 4, -1, -2, -5, -6, -3, -8, 2, -5, 0, -7, -2, -6, -2, 4, -8, 2, -5, 0, -6, -4, -4, -2, -4, -8, 2, 0, -2, 4, 2, -8, -7, -6, -7, 2, -8, 3, -5, 4, 2, -4, 4, -4, -5, -4, 2, 3, -1, 2, 3, -6, 2, -4, 3, 2, 3, -6, 3, 4, 2, 1, 4, -7, -2, -8, -3, -1, 4, -2, -3, -6, -8, -6, 1, 1, 3, -4, -1, 4, 0, -4, 1, -1, -8, -4, -5, -4]
 
4.998114050231316: [2, -1, 0, 1, 0, -7, 1, -6, -1, -2, 3, -7, -5, -2, -3, -8, -6, -2, -5, 3, -2, -7, 0, 2, 2, -7, 0, 0, -7, 0, -6, -6, -7, 2, 0, -1, -1, -4, -1, 4, -6, 4, -1, -2, -5, -6, -6, -8, 2, -2, 0, -7, -4, -6, 1, -4, -8, 2, -5, 0, 3, -4, -4, -1, -4, -1, 3, 0, -2, 4, 4, -8, -7, -6, -7, 3, -8, -7, -5, 2, 2, -4, 4, -4, -5, -4, 2, 3, -1, 2, -5, -6, 3, -4, -8, -8, 3, 3, 3, -8, -1, 1, 4, -1, -2, -8, -3, -1, -4, -2, -3, -7, -8, -4, 1, -4, -8, -4, -1, 4, 0, -4, 1, -1, -2, 2, -5, -7]
 
4.996920708412026: [2, -3, 0, 1, 0, -7, 1, -6, -1, -2, 3, -7, -5, -2, -3, -8, -6, -2, -5, 3, -2, -7, 0, 2, 2, -7, 0, 0, -7, 0, -6, -6, -7, 2, 0, -1, -1, -4, -1, 4, -6, 4, -1, -2, -5, -6, -6, -8, 2, -2, 0, -7, -4, -6, 1, -4, -8, 2, -5, 0, 3, -4, -4, -1, -4, -1, 3, 0, -2, 4, 4, -8, -7, -6, -7, 3, -8, -7, -5, 2, 2, -4, 4, -4, -5, -4, 2, 3, -1, 2, -5, -6, 3, -4, -8, -8, 3, 3, 3, -8, -1, 1, 4, -1, -2, -8, -3, -1, -4, -2, -3, -7, -8, -4, 1, -4, -8, -4, -1, 4, 0, -4, 1, -1, -2, 2, -5, -7]
 
4.90466988402: [2, -1, 0, 1, 0, -7, 1, -6, -1, -2, 3, -7, -5, -2, -3, -8, -6, -2, -5, 3, -2, -7, 0, 2, 2, -7, 0, 0, -7, 0, -6, -6, -7, 2, 0, -1, -1, -4, -1, 4, -6, 4, -1, -2, -5, -6, -6, -8, 2, -2, 0, -7, -4, -6, 1, -4, -8, 2, -5, 0, 3, -4, -4, -1, -4, -1, 3, 0, -2, 4, 4, -8, -7, -6, -7, 3, -8, -7, -5, 2, 2, -4, 4, -4, -5, -4, 2, 3, -1, 2, -5, -6, 3, -4, -8, -8, 3, 3, 3, -8, -1, 1, 4, -1, -2, -8, -3, -1, -4, -2, -3, -7, -8, -4, 1, -4, -8, -4, -1, 4, 0, -4, 1, -1, -2, 2, -5, -7]
 
4.53179031544: [2, -3, 0, 1, 0, -7, 1, -6, -1, -2, 3, -7, -5, -2, -3, -8, -6, -2, -5, 3, -2, -7, 0, 2, 2, -7, 0, 0, -7, 0, -6, -6, -7, 2, 0, -1, -1, -4, -1, 4, -6, 4, -1, -2, -5, -6, -6, -8, 2, -2, 0, -7, -4, -6, 1, -4, -8, 2, -5, 0, 3, -4, -4, -1, -4, -1, 3, 0, -2, 4, 4, -8, -7, -6, -7, 3, -8, -7, -5, 2, 2, -4, 4, -4, -5, -4, 2, 3, -1, 2, -5, -6, 3, -4, -8, -8, 3, 3, 3, -8, -1, 1, 4, -1, -2, -8, -3, -1, -4, -2, -3, -7, -8, -4, 1, -4, -8, -4, -1, 4, 0, -4, 1, -1, -2, 2, -5, -7]
 
5.04696146173: [2, -1, 0, 1, 0, -7, 1, -6, -1, -2, 3, -7, -5, -2, -3, -8, -6, -2, -5, 3, -2, -7, 0, 2, 2, -7, 0, 0, -7, 0, -6, -6, -7, 2, 0, -1, -1, -4, -1, 4, -6, 4, -1, -2, -5, -6, -6, -8, 2, -2, 0, -7, -4, -6, 1, -4, -8, 2, -5, 0, 3, -4, -4, -1, -4, -1, 3, 0, -2, 4, 4, -8, -7, -6, -7, 3, -8, -7, -5, 2, 2, -4, 4, -4, -5, -4, 2, 3, -1, 2, -5, -6, 3, -4, -8, -8, 3, 3, 3, -8, -1, 1, 4, -1, -2, -8, -3, -1, -4, -2, -3, -7, -8, -4, 1, -4, -8, -4, -1, 4, 0, -4, 1, -1, -2, 2, -5, -7]
 
4.9939578645: [2, -1, 0, 1, 0, -7, 1, -6, -1, -2, 3, -7, -5, -2, -3, -8, -6, -2, -5, 3, -2, -7, 0, 2, 2, -7, 0, 0, -7, 0, -6, -6, -7, 2, 0, -1, -1, -4, -1, 4, -6, 4, -1, -2, -5, -6, -6, -8, 2, -2, 0, -7, -4, -6, 1, -4, -8, 2, -5, 0, 3, -4, -4, -1, -4, -1, 3, 0, -2, 4, 4, -8, -7, -6, -7, 3, -8, -7, -5, 2, 2, -4, 4, -4, -5, -4, 2, 3, -1, 2, -5, -6, 3, -4, -8, -8, 3, 3, 3, -8, -1, 1, 4, -1, -2, -8, -3, -1, -4, -2, -3, -7, -8, -4, 1, -4, -8, -4, -1, 4, 0, -4, 1, -1, -2, 2, -5, -7]
 
4.93362356172: [2, -3, 0, 1, 0, -7, 1, -6, -1, -2, 3, -7, -5, -2, -3, -8, -6, -2, -5, 3, -2, -7, 0, 2, 2, -7, 0, 0, -7, 0, -6, -6, -7, 2, 0, -1, -1, -4, -1, 4, -6, 4, -1, -2, -5, -6, -6, -8, 2, -2, 0, -7, -4, -6, 1, -4, -8, 2, -5, 0, 3, -4, -4, -1, -4, -1, 3, 0, -2, 4, 4, -8, -7, -6, -7, 3, -8, -7, -5, 2, 2, -4, 4, -4, -5, -4, 2, 3, -1, 2, -5, -6, 3, -4, -8, -8, 3, 3, 3, -8, -1, 1, 4, -1, -2, -8, -3, -1, -4, -2, -3, -7, -8, -4, 1, -4, -8, -4, -1, 4, 0, -4, 1, -1, -2, 2, -5, -7]
 
0.869676118694: [-1, -1, -5, 2, 3, 2, 1, 4, -1, -2, -5, 4, -5, -7, -3, -8, -6, 2, -3, 3, 2, 4, 2, 2, 2, 1, 0, 0, -6, 0, -6, -6, -8, 1, 0, 0, 4, -4, -1, -5, 1, 4, -1, -2, 0, -4, -3, -6, 2, -2, -6, -7, -4, -5, 1, -3, -6, -4, -5, 0, 3, -4, 0, -1, -5, 4, -8, 1, -8, -3, 2, -2, -6, 2, 4, -5, -8, 4, 4, -8, 2, -5, 4, -3, -5, -4, 1, 1, 2, -2, -7, -6, 3, 3, -1, -3, -2, -8, -8, -6, 1, -6, -1, -1, -2, -8, 0, -1, 4, -2, -5, 0, -3, 2, 3, -4, -4, -5, -2, 4, 0, -4, 1, 3, -2, -8, 1, -7]
 
0.849256122073: [0, 3, 3, -1, 0, -8, 1, -6, -1, -2, 3, -2, 3, -2, -3, 0, -6, -2, -5, 3, -2, -7, -1, -2, 2, -5, -8, 0, -7, 2, -6, -6, -7, -4, 0, 4, -1, 3, -1, 4, -7, 4, 2, -2, -5, -2, -6, -8, 2, -3, 0, -7, -4, -6, -3, 0, -8, 2, -5, -4, 1, -4, -4, -1, -6, 0, -6, -3, -8, -3, -3, -6, 2, -3, -7, 3, -8, -7, -5, 2, 2, -4, -6, 1, -5, -4, 2, 3, -1, 2, -5, -2, 3, -4, -8, -8, 3, -2, 3, -8, -5, 1, -6, -1, -8, -8, 1, -1, 0, -6, -3, 2, 3, -4, 1, -4, -8, -4, -1, 3, -4, 1, 1, -1, 0, 2, -5, -7]
 
1.41873214424: [2, -1, 0, -4, -8, -2, 1, -2, -4, -7, 3, -7, -4, -2, -3, -3, -6, -2, -4, 3, 2, 0, -1, -2, -4, -5, -1, 0, 2, 3, -6, -6, -7, 2, 0, -1, 2, -6, 4, 4, -6, 4, -1, -2, -5, -6, -6, -8, -4, -2, -8, -7, -4, -6, -3, -5, 2, 2, -4, 4, -3, -5, -7, -6, -3, -4, -4, 1, -3, -1, 2, 4, 0, -2, 4, -2, 4, 3, 0, -8, 3, -4, 4, -6, -5, -4, 2, 3, -6, 2, -5, -6, 3, -4, -8, -8, 3, 1, 3, -2, -3, -7, -8, -1, -2, -8, -2, -1, -8, -2, -3, -4, -7, -4, 1, -4, -4, -4, -1, -8, -1, -4, 1, -1, -6, -6, -5, -7]
 
1.1975686973: [-2, -3, 2, 4, -6, -1, 3, -1, -1, 0, 3, -7, -5, -7, -4, -4, -6, -2, -5, 3, -2, -7, 0, 0, 0, -7, -4, 2, 2, -6, -2, -6, -7, -5, 4, -5, 0, -4, -1, -7, -6, 4, -1, -2, -5, -3, -6, 1, 2, -2, -1, -6, -4, -6, 1, -8, 4, 2, 2, -3, 0, -1, 3, -5, 4, 2, -7, 4, -8, 3, 2, 2, 0, 4, 4, -7, -8, -7, 3, -3, 2, -1, 4, 1, -3, -4, -6, 0, -4, 2, -5, -6, -8, 1, 1, 1, 3, -3, 3, -5, 1, -7, 0, -1, 1, -5, -7, -1, -4, -1, -2, -1, -8, -4, -4, -4, -5, -4, -1, 4, -2, 1, -1, -1, -2, -5, 0, -1]
 
5.19756424435: [2, -1, 0, 1, 0, -7, 1, -6, -1, -2, 3, -7, -5, -2, -3, -8, -6, -2, -5, 3, -2, -7, 0, 2, 2, -7, 0, 0, -7, 0, -6, -6, -7, 2, 0, -1, -1, -4, -1, 4, -6, 4, -1, -2, -5, -6, -6, -8, 2, -2, 0, -7, -4, -6, 1, -4, -8, 2, -5, 0, 3, -4, -4, -1, -4, -1, 3, 0, -2, 4, 4, -8, -7, -6, -7, 3, -8, 2, 0, -8, 2, -4, 4, -4, -5, -4, 2, 3, -1, 2, -5, -6, 3, -4, -8, -8, 3, 3, 3, -8, -1, 1, 4, -1, -2, -8, -3, -1, -4, -2, -3, -7, -8, -4, 1, -4, -8, -4, -1, 4, 0, -4, 1, -1, -2, 2, -5, -7]
 
0.601614215018: [-4, -6, 0, -6, -2, -6, 1, -2, -2, -3, -3, 2, -5, -8, 2, -8, -6, 2, -3, 0, -2, -7, 0, 3, 1, 2, 0, -5, 3, -5, -5, -5, -4, -4, 2, -1, -8, -4, 1, -5, -6, 4, -7, -6, -5, -6, -6, 2, 1, -2, 0, 1, -4, 1, -7, -2, -8, -7, -5, -6, 3, -4, -4, -1, -4, -4, -1, 1, 0, -3, 2, -6, 0, -3, 4, 4, 2, 3, -3, -8, 2, -4, -2, -6, 4, -4, -7, 3, -1, 2, -8, -6, 3, 4, -5, -8, 3, -2, -7, -8, -4, 1, 4, 4, -2, -8, -3, -1, 1, -3, 1, -6, -8, -4, 1, -7, -6, -6, -1, 4, -2, -4, 1, -3, 0, 2, -5, -2]
 
5.21539153076: [2, -1, 0, 1, -8, -2, -7, -2, -4, -1, 0, -7, -5, -2, -3, -8, -6, -2, -5, 3, 2, 0, -3, -2, -4, -5, 0, 0, -7, 0, -6, -6, -7, 2, 0, -1, -1, -4, -1, 4, -6, 4, -1, -2, -5, -6, -6, -8, 2, -2, 0, -7, -4, -6, 1, -4, -8, 2, -5, 0, 3, -5, -7, 3, -3, 2, -3, 1, -7, -3, 2, 1, 0, -2, 4, -4, -8, 2, 0, -8, 2, -4, 4, -4, -5, -4, 2, 3, -1, 2, -5, -6, 3, -4, -8, -8, 3, 3, 3, -8, -1, 1, 4, -1, -2, -8, -3, -1, -4, -2, -3, -7, -8, -4, 1, -4, -8, -4, -1, 4, 0, -4, 1, -1, -2, 2, -5, -7]
 
4.96621887402: [2, -3, 0, 1, 0, -7, 1, -6, -1, -2, 3, -7, -5, -2, -3, -8, -6, -2, -5, 3, -2, -7, 0, 2, 2, -7, 0, 0, -7, 0, -6, -6, -7, 2, 0, -1, -1, -4, -1, 4, -6, 4, -1, -2, -5, -6, -6, -8, 2, -2, 0, -7, -4, -6, 1, -4, -8, 2, -5, 0, 3, -4, -4, -1, -4, -1, 3, 0, -2, 4, 4, -8, -7, -6, -7, 3, -8, -7, -5, 2, 2, -4, 4, -4, -5, -4, 2, 3, -1, 2, -5, -6, 3, -4, -8, -8, 3, 3, 3, -8, -1, 1, 4, -1, -2, -8, -3, -1, -4, -2, -3, -7, -8, -4, 1, -4, -8, -4, -1, 4, 0, -4, 1, -1, -2, 2, -5, -7]
 
4.93017105884: [2, -3, 0, 1, 0, -7, 1, -6, -1, -2, 3, -7, -5, -2, -3, -8, -6, -2, -5, 3, -2, -7, 0, 2, 2, -7, 0, 0, -7, 0, -6, -6, -7, 2, 0, -1, -1, -4, -1, 4, -6, 4, -1, -2, -5, -6, -6, -8, 2, -2, 0, -7, -4, -6, 1, -4, -8, 2, -5, 0, 3, -4, -4, -1, -4, -1, 3, 0, -2, 4, 4, -8, -7, -6, -7, 3, -8, -7, -5, 2, 2, -4, 4, -4, -5, -4, 2, 3, -1, 2, -5, -6, 3, -4, -8, -8, 3, 3, 3, -8, -1, 1, 4, -1, -2, -8, -3, -1, -4, -2, -3, -7, -8, -4, 1, -4, -8, -4, -1, 4, 0, -4, 1, -1, -2, 2, -5, -7]
 
2.19756427232: [2, -1, -1, 1, -6, -7, 1, -6, -8, 2, -7, -7, -6, -2, -4, -3, -6, -2, 2, -8, 2, -7, 1, 2, 2, -7, 0, 0, -7, -2, -4, -2, -2, 4, -4, -4, -1, -4, 2, 4, -6, -7, -1, -2, -5, 0, -5, -4, 0, -2, 0, -5, 0, -8, 1, 0, 4, 2, 3, -2, 2, 3, -3, -1, -7, -7, -1, 0, -2, -8, -2, -8, -5, -6, -7, 2, 2, -7, 0, 2, 4, -1, -4, -4, -5, 1, 2, 3, 4, 2, -5, 2, 3, -3, -8, -8, 3, 2, 3, -2, -8, 0, -4, -1, -7, -6, -3, -3, -4, 4, -4, -3, 0, -4, 4, 0, 2, 1, -1, 4, 0, -4, -1, -1, -2, 4, 3, -7]
 
5.01815683184: [2, -1, 0, 1, 0, -7, 1, -6, -1, -2, 3, -7, -5, -2, -3, -8, -6, -2, -5, 3, -2, -7, 0, 2, -4, -5, 0, 0, -7, 0, -6, -6, -7, 2, 0, -1, -1, -4, -1, 4, -6, 4, -1, -2, -5, -6, -6, -8, 2, -2, 0, -7, -4, -6, 1, -4, -8, 2, -5, 0, 3, -4, -4, -1, -4, -1, 3, 0, -2, 4, 4, -8, -7, -6, -7, 3, -8, -7, -5, 2, 2, -4, 4, -4, -5, -4, 2, 3, -1, 2, -5, -6, 3, -4, -8, -8, 3, 3, 3, -8, -1, 1, 4, -1, -2, -8, -3, -1, -4, -2, -3, -7, -8, -4, 1, -4, -8, -4, -1, 4, 0, -4, 1, -1, -2, 2, -5, -7]
 
4.81544708633: [2, -1, 0, 1, 0, -7, 1, -6, -1, -2, 3, -7, -5, -2, -3, -8, -6, -2, -5, 3, -2, -7, 0, 2, 2, -7, 0, 0, -7, 0, -6, -6, -7, 2, 0, -1, -1, -4, -1, 4, -6, 4, -1, -2, -5, -6, -6, -8, 2, -2, 0, -7, -4, -6, 1, -4, -8, 2, -5, 0, 3, -4, -4, -1, -4, -1, 3, 0, -2, 4, 4, -8, -7, -6, -7, 3, -8, -7, -5, 2, 2, -4, 4, -4, -5, -4, 2, 3, -1, 2, -5, -6, 3, -4, -8, -8, 3, 3, 3, -8, -1, 1, 4, -1, -2, -8, -3, -1, -4, -2, -3, -7, -8, -4, 1, -4, -8, -4, -1, 4, 0, -4, 1, -1, -2, 2, -5, -7]
 
5.12229709466: [2, -1, 0, 1, 0, -7, 1, -6, -1, -2, 3, -7, -5, -2, -3, -8, -6, -2, -5, 3, -2, -7, 0, 2, 2, -7, 0, 0, -7, 0, -6, -6, -7, 2, 0, -1, -1, -4, -1, 4, -6, 4, -1, -2, -5, -6, -6, -8, 2, -2, 0, -7, -4, -6, 1, -4, -8, 2, -5, 0, 3, -4, -4, -1, -4, -1, 3, 0, -2, 4, 4, -8, -7, -6, -7, 3, -8, 2, 0, -8, 2, -4, 4, -4, -5, -4, 2, 3, -1, 2, -5, -6, 3, -4, -8, -8, 3, 3, 3, -8, -1, 1, 4, -1, -2, -8, -3, -1, -4, -2, -3, -7, -8, -4, 1, -4, -8, -4, -1, 4, 0, -4, 1, -1, -2, 2, -5, -7]
 
0.948764318834: [2, -6, 3, 1, -4, -7, 1, -6, -4, -1, 0, 2, -5, -5, -3, 0, -6, -2, 3, -1, -1, 0, 3, -2, 1, -5, 0, -8, -7, 0, -6, -5, -7, 2, -5, -1, -1, 0, -1, -7, -5, 4, -1, -8, -5, -6, 2, 2, 0, 4, 0, -7, -4, -6, -1, -4, -8, 2, -5, 0, -8, -7, -7, 3, -2, 2, -3, -2, -7, -7, 2, 1, 0, -2, 4, -4, -8, 2, -2, -8, 2, -7, 4, -4, -5, -4, -5, 3, 4, 2, -5, -6, 3, -4, -8, -4, 3, 3, -6, -8, 0, 1, 4, -3, -2, -3, -3, -6, -4, -8, 2, -3, -5, -4, -6, -4, -8, -4, -1, 4, 0, -4, -5, 1, -2, 2, -5, -7]
 
5.03726284305: [2, -1, 0, 1, -8, -2, -7, -2, -1, -2, 3, -7, -5, -2, -3, -8, -6, -2, -5, 3, -2, -7, 0, 2, 2, -7, 0, 0, -7, 0, -6, -6, -7, 2, 0, -1, -1, -4, -1, 4, -6, 4, -1, -2, -5, -6, -6, -8, 2, -2, 0, -7, -4, -6, 1, -4, -8, 2, -5, 0, 3, -4, -4, -1, -4, -1, 3, 0, -2, 4, 4, -8, -7, -6, -7, 3, -8, -7, -5, 2, 2, -4, 4, -4, -5, -4, 2, 3, -1, 2, -5, -6, 3, -4, -8, -8, 3, 3, 3, -8, -1, 1, 4, -1, -2, -8, -3, -1, -4, -2, -3, -7, -8, -4, 1, -4, -8, -4, -1, 4, 0, -4, 1, -1, -2, 2, -5, -7]
 
5.10537647755: [2, -3, 3, -7, -3, -5, 4, -3, -4, -1, 0, -7, -5, -2, -3, -8, -6, -2, -5, 3, 2, 0, -3, -2, -4, -5, 0, 0, -7, 0, -6, -6, -7, 2, 0, -1, -1, -4, -1, 4, -6, 4, -1, -2, -5, -6, -6, -8, 2, -2, 0, -7, -4, -6, 1, -4, -8, 2, -5, 0, 3, -5, -7, 3, -3, 2, -3, 1, -7, -3, 2, 1, 0, -2, 4, -4, -8, 2, 0, -8, 2, -4, 4, -4, -5, -4, 2, 3, -1, 2, -5, -6, 3, -4, -8, -8, 3, 3, 3, -8, -1, 1, 4, -1, -2, -8, -3, -1, -4, -2, -3, -7, -8, -4, 1, -4, -8, -4, -1, 4, 0, -4, 1, -1, -2, 2, -5, -7]
 
3.67334908418: [2, -1, 0, 1, -8, -2, -7, -2, -4, -1, 0, -7, -5, -2, -3, -8, -6, -2, -5, 3, 2, 0, -3, -2, -4, -5, 0, 0, -7, 0, -6, -6, -7, 2, 0, -1, -1, -4, -1, 4, -6, 4, -1, -2, -5, -6, -6, -8, 2, -2, 0, -7, -4, -6, 1, -4, -8, 2, -5, 0, 3, -5, -7, 3, -3, 2, -3, 1, -7, -3, 2, 1, 0, -2, 4, -4, -8, 2, 0, -8, 2, -4, 4, -4, -5, -4, 2, 3, -1, 2, -5, -6, 3, -4, -8, -8, 3, 3, 3, -8, -1, 1, 4, -1, -2, -8, -3, -1, -4, -2, -3, -7, -8, -4, 1, -4, -8, -4, -1, 4, 0, -4, 1, -1, -2, 2, -5, -7]
 
5.0851395531: [2, -1, 0, 1, 0, -7, 1, -6, -1, -2, 3, -7, -5, -2, -3, -8, -6, -2, -5, 3, -2, -7, 0, 2, 2, -7, 0, 0, -7, 0, -6, -6, -7, 2, 0, -1, -1, -4, -1, 4, -6, 4, -1, -2, -5, -6, -6, -8, 2, -2, 0, -7, -4, -6, 1, -4, -8, 2, -5, 0, 3, -4, -4, -1, -4, -1, 3, 0, -2, 4, 4, -8, -7, -6, -7, 3, -8, -7, -5, 2, 2, -4, 4, -4, -5, -4, 2, 3, -1, 2, -5, -6, 3, -4, -8, -8, 3, 3, 3, -8, -1, 1, 4, -1, -2, -8, -3, -1, -4, -2, -3, -7, -8, -4, 1, -4, -8, -4, -1, 4, 0, -4, 1, -1, -2, 2, -5, -7]
 
5.10014249302: [2, -1, 0, 1, 0, -7, 1, -6, -1, -2, 3, -7, -5, -2, -3, -8, -6, -2, -5, 3, -2, -7, 0, 2, 2, -7, 0, 0, -7, 0, -6, -6, -7, 2, 0, -1, -1, -4, -1, 4, -6, 4, -1, -2, -5, -6, -6, -8, 2, -2, 0, -7, -4, -6, 1, -4, -8, 2, -5, 0, 3, -4, -4, -1, -4, -1, 3, 0, -2, 4, 4, -8, -7, -6, -7, 3, -8, -7, -5, 2, 2, -4, 4, -4, -5, -4, 2, 3, -1, 2, -5, -6, 3, -4, -8, -8, 3, 3, 3, -8, -1, 1, 4, -1, -2, -8, -3, -1, -4, -2, -3, -7, -8, -4, 1, -4, -8, -4, -1, 4, 0, -4, 1, -1, -2, 2, -5, -7]
 
5.00230322721: [2, -3, 0, 1, 0, -7, 1, -6, -1, -2, 3, -7, -5, -2, -3, -8, -6, -2, -5, 3, -2, -7, 0, 2, 2, -7, 0, 0, -7, 0, -6, -6, -7, 2, 0, -1, -1, -4, -1, 4, -6, 4, -1, -2, -5, -6, -6, -8, 2, -2, 0, -7, -4, -6, 1, -4, -8, 2, -5, 0, 3, -4, -4, -1, -4, -1, 3, 0, -2, 4, 4, -8, -7, -6, -7, 3, -8, -7, -5, 2, 2, -4, 4, -4, -5, -4, 2, 3, -1, 2, -5, -6, 3, -4, -8, -8, 3, 3, 3, -8, -1, 1, 4, -1, -2, -8, -3, -1, -4, -2, -3, -7, -8, -4, 1, -4, -8, -4, -1, 4, 0, -4, 1, -1, -2, 2, -5, -7]
 
4.94624643983: [2, -1, 0, 1, 0, -7, 1, -6, -1, -2, 3, -7, -5, -2, -3, -8, -6, -2, -5, 3, -2, -7, 0, 2, 2, -7, 0, 0, -7, 0, -6, -6, -7, 2, 0, -1, -1, -4, -1, 4, -6, 4, -1, -2, -5, -6, -6, -8, 2, -2, 0, -7, -4, -6, 1, -4, -8, 2, -5, 0, 3, -4, -4, -1, -4, -1, 3, 0, -2, 4, 4, -8, -7, -6, -7, 3, -8, -7, -5, 2, 2, -4, 4, -4, -5, -4, 2, 3, -1, 2, -5, -6, 3, -4, -8, -8, 3, 3, 3, -8, -1, 1, 4, -1, -2, -8, -3, -1, -4, -2, -3, -7, -8, -4, 1, -4, -8, -4, -1, 4, 0, -4, 1, -1, -2, 2, -5, -7]
 
4.94102631249: [2, -1, 0, 1, 0, -7, 1, -6, -1, -2, 3, -7, -5, -2, -3, -8, -6, -2, -5, 3, -2, -7, 0, 2, 2, -7, 0, 0, -7, 0, -6, -6, -7, 2, 0, -1, -1, -4, -1, 4, -6, 4, -1, -2, -5, -6, -6, -8, 2, -2, 0, -7, -4, -6, 1, -4, -8, 2, -5, 0, 3, -4, -4, -1, -4, -1, 3, 0, -2, 4, 4, -8, -7, -6, -7, 3, -8, -7, -5, 2, 2, -4, 4, -4, -5, -4, 2, 3, -1, 2, -5, -6, 3, -4, -8, -8, 3, 3, 3, -8, -1, 1, 4, -1, -2, -8, -3, -1, -4, -2, -3, -7, -8, -4, 1, -4, -8, -4, -1, 4, 0, -4, 1, -1, -2, 2, -5, -7]
 
5.08393534113: [2, -1, 0, 1, 0, -7, 1, -6, -1, -2, 3, -7, -5, -2, -3, -8, -6, -2, -5, 3, -2, -7, 0, 2, 2, -7, 0, 0, -7, 0, -6, -6, -7, 2, 0, -1, -1, -4, -1, 4, -6, 4, -1, -2, -5, -6, -6, -8, 2, -2, 0, -7, -4, -6, 1, -4, -8, 2, -5, 0, 3, -4, -4, -1, -4, -1, 3, 0, -2, 4, 4, -8, -7, -6, -7, 3, -8, 2, 0, -8, 2, -4, 4, -4, -5, -4, 2, 3, -1, 2, -5, -6, 3, -4, -8, -8, 3, 3, 3, -8, -1, 1, 4, -1, -2, -8, -3, -1, -4, -2, -3, -7, -8, -4, 1, -4, -8, -4, -1, 4, 0, -4, 1, -1, -2, 2, -5, -7]
 
5.08174675239: [2, -1, 0, 1, 0, -7, 1, -6, -1, -2, 3, -7, -5, -2, -3, -8, -6, -2, -5, 3, -2, -7, 0, 2, 2, -7, 0, 0, -7, 0, -6, -6, -7, 2, 0, -1, -1, -4, -1, 4, -6, 4, -1, -2, -5, -6, -6, -8, 2, -2, 0, -7, -4, -6, 1, -4, -8, 2, -5, 0, 3, -4, -4, -1, -4, -1, 3, 0, -2, 4, 4, -8, -7, -6, -7, 3, -8, -7, -5, 2, 2, -4, 4, -4, -5, -4, 2, 3, -1, 2, -5, -6, 3, -4, -8, -8, 3, 3, 3, -8, -1, 1, 4, -1, -2, -8, -3, -1, -4, -2, -3, -7, -8, -4, 1, -4, -8, -4, -1, 4, 0, -4, 1, -1, -2, 2, -5, -7]
 
4.48262644776: [2, -1, 0, 1, 0, -7, 1, -6, -1, -2, 3, -7, -5, -2, -3, -8, -6, -2, -5, 3, -2, -7, 0, 2, 2, -7, 0, 0, -7, 0, -6, -6, -7, 2, 0, -1, -1, -4, -1, 4, -6, 4, -1, -2, -5, -6, -6, -8, 2, -2, 0, -7, -4, -6, 1, -4, -8, 2, -5, 0, 3, -4, -4, -1, -4, -1, 3, 0, -2, 4, 4, -8, -7, -6, -7, 3, -8, -7, -5, 2, 2, -4, 4, -4, -5, -4, 2, 3, -1, 2, -5, -6, 3, -4, -8, -8, 3, 3, 3, -8, -1, 1, 4, -1, -2, -8, -3, -1, -4, -2, -3, -7, -8, -4, 1, -4, -8, -4, -1, 4, 0, -4, 1, -1, -2, 2, -5, -7]
 
5.31805868899: [2, -1, 0, 1, 0, -7, 1, -6, -1, -2, 3, -7, -5, -2, -3, -8, -6, -2, -5, 3, -2, -7, 0, 2, 2, -7, 0, 0, -7, 0, -6, -6, -7, 2, 0, -1, -1, -4, -1, 4, -6, 4, -1, -2, -5, -6, -6, -8, 2, -2, 0, -7, -4, -6, 1, -4, -8, 2, -5, 0, 3, -4, -4, -1, -4, -1, 3, 0, -2, 4, 4, -8, -7, -6, -7, 3, -8, 2, 0, -8, 2, -4, 4, -4, -5, -4, 2, 3, -1, 2, -5, -6, 3, -4, -8, -8, 3, 3, 3, -8, -1, 1, 4, -1, -2, -8, -3, -1, -4, -2, -3, -7, -8, -4, 1, -4, -8, -4, -1, 4, 0, -4, 1, -1, -2, 2, -5, -7]
 
0.558879051222: [2, -5, 3, 1, 0, -7, 1, -6, -1, 1, 3, -7, -5, -2, -3, 1, -6, -4, -3, -4, -3, -7, 0, 2, -4, 0, -7, 0, -7, 0, -7, -6, 2, 2, -3, -1, -1, 1, -1, -2, -6, 4, -1, -2, -5, -6, -6, -8, -1, -6, 0, -7, 3, -6, -8, -4, -8, 2, -5, 0, 3, 3, -4, -1, -4, 0, -7, 0, -1, -7, 4, 3, 1, 2, -7, 1, -8, 4, -2, 2, 2, -4, -8, -6, -5, -5, 0, -7, 0, 4, 2, -6, 3, -7, -8, -8, 3, 3, 3, 2, -1, 1, 0, 3, 4, -8, -3, -1, -4, -2, -3, 2, -6, -4, 1, -4, 2, -4, -1, 1, 0, -4, -1, -1, -2, 2, -5, -7]
 
