5.19353835157437: [2, -1, 0, 1, 0, -7, 1, -6, -1, -2, 3, -7, -5, -2, -3, -8, -6, -2, -5, 3, -2, -7, 0, 2, -4, -5, 0, 0, -7, 0, -6, -6, -7, 2, 0, -1, -1, -4, -1, 4, -6, 4, -1, -2, -5, -6, -6, -8, 2, -2, 0, -7, -4, -6, 1, -4, -8, 2, -5, 0, 3, -4, -4, -1, -4, -1, 3, 0, -2, 4, 4, -8, -7, -6, -7, 3, -8, -7, -5, 2, 2, -4, 4, -4, -5, -4, 2, 3, -1, 2, -5, -6, 3, -4, -8, -8, 3, 3, 3, -8, -1, 1, 4, -1, -2, -8, -3, -1, -4, -2, -3, -7, -8, -4, 1, -4, -8, -4, -1, 4, 0, -4, 1, -1, -2, 2, -5, -7]
 
5.157323293994721: [2, -1, 0, 1, 0, -7, 1, -6, -1, -2, 3, -7, -5, -2, -3, -8, -6, -2, -5, 3, -2, -7, 0, 2, 2, -7, 0, 0, -7, 0, -6, -6, -7, 2, 0, -1, -1, -4, -1, 4, -6, 4, -1, -2, -5, -6, -6, -8, 2, -2, 0, -7, -4, -6, 1, -4, -8, 2, -5, 0, 3, -4, -4, -1, -4, -1, 3, 0, -2, 4, 4, -8, -7, -6, -7, 3, -8, -7, -5, 2, 2, -4, 4, -4, -5, -4, 2, 3, -1, 2, -5, -6, 3, -4, -8, -8, 3, 3, 3, -8, -1, 1, 4, -1, -2, -8, -3, -1, -4, -2, -3, -7, -8, -4, 1, -4, -8, -4, -1, 4, 0, -4, 1, -1, -2, 2, -5, -7]
 
1.20818916501: [2, -3, -4, 1, 0, -7, 1, -6, -1, -2, 3, 0, -5, -2, 0, -8, -6, 4, -5, 3, -2, -7, -4, 3, 2, -7, 0, 0, -3, -8, 1, -3, -7, 2, 0, -1, -1, -8, -7, -7, -6, 0, -1, -2, -5, -6, -6, -8, 2, -2, 0, -4, -7, 2, -7, -2, -8, 2, 1, 0, -7, -4, -4, -1, 4, -7, 3, -1, -8, 4, 4, -8, 4, -5, -7, 3, 4, -7, 0, 2, -7, -4, 4, -8, -5, 0, 2, 1, 3, 4, -5, 2, 3, -1, -8, -8, 3, 1, 3, -8, 2, 0, 4, -1, -2, 4, 0, -7, -4, -2, -3, -7, -7, -4, 1, 4, -8, -4, -1, 4, 0, -4, 1, -1, -1, -7, -5, -4]
 
2.1169411237: [2, -1, 0, -4, 0, -7, -8, -6, 3, -6, 3, -7, 4, -2, -3, -7, 2, -2, -4, 3, -2, -7, -8, 2, -4, 4, 0, 0, -7, 0, -6, -6, -7, 2, 0, -4, 4, -4, -6, -5, -6, -5, -1, 1, -2, -6, -4, -8, -8, 1, 1, 0, -4, -6, 1, -4, -8, -8, -5, 0, 3, 1, -8, -1, -7, -1, 3, 0, -2, 4, 0, -8, -2, -6, -7, 3, -8, -7, 2, 2, -7, -6, 4, 3, -4, -4, 0, -2, -8, 2, -5, -6, 3, -4, -8, -8, 3, -1, -4, -8, -1, 1, 3, -1, -2, -8, -7, -1, -7, -2, -3, 4, -8, 1, 2, -4, 0, 0, -1, 4, 0, -4, -5, -4, -2, 2, -5, 0]
 
5.1253679008127175: [2, -1, 0, 1, 0, -7, 1, -6, -1, -2, 3, -7, -5, -2, -3, -8, -6, -2, -5, 3, -2, -7, 0, 2, -4, -5, 0, 0, -7, 0, -6, -6, -7, 2, 0, -1, -1, -4, -1, 4, -6, 4, -1, -2, -5, -6, -6, -8, 2, -2, 0, -7, -4, -6, 1, -4, -8, 2, -5, 0, 3, -4, -4, -1, -4, -1, 3, 0, -2, 4, 4, -8, -7, -6, -7, 3, -8, -7, -5, 2, 2, -4, 4, -4, -5, -4, 2, 3, -1, 2, -5, -6, 3, -4, -8, -8, 3, 3, 3, -8, -1, 1, 4, -1, -2, -8, -3, -1, -4, -2, -3, -7, -8, -4, 1, -4, -8, -4, -1, 4, 0, -4, 1, -1, -2, 2, -5, -7]
 
5.123071205721378: [2, -1, 0, 1, 0, -7, 1, -6, -1, -2, 3, -7, -5, -2, -3, -8, -6, -2, -5, 3, -2, -7, 0, 2, 2, -7, 0, 0, -7, 0, -6, -6, -7, 2, 0, -1, -1, -4, -1, 4, -6, 4, -1, -2, -5, -6, -6, -8, 2, -2, 0, -7, -4, -6, 1, -4, -8, 2, -5, 0, 3, -4, -4, -1, -4, -1, 3, 0, -2, 4, 4, -8, -7, -6, -7, 3, -8, -7, -5, 2, 2, -4, 4, -4, -5, -4, 2, 3, -1, 2, -5, -6, 3, -4, -8, -8, 3, 3, 3, -8, -1, 1, 4, -1, -2, -8, -3, -1, -4, -2, -3, -7, -8, -4, 1, -4, -8, -4, -1, 4, 0, -4, 1, -1, -2, 2, -5, -7]
 
3.01282957572: [0, 1, -4, 1, -5, -2, -7, -2, -4, 3, 0, -7, 1, -2, 2, -4, -6, -5, -1, 3, 2, 0, 2, -2, -7, 0, 0, 0, -7, 0, -6, -6, -7, 2, 0, -1, -1, -4, -1, 4, -6, -6, -1, -8, -5, 4, -1, -8, -6, -2, 0, -7, -4, -8, -7, -4, -8, 2, -5, 0, 3, -5, -2, -5, -3, 2, -3, 1, -7, -3, 0, 1, -2, -2, 4, 1, -3, 2, -6, -6, -4, -8, 4, -6, -5, -4, 2, -4, -1, 2, -5, 2, 3, -4, -8, -4, -5, -1, -6, -8, -6, 1, 2, -1, -2, -8, -3, -4, -3, -2, -3, -7, -7, -6, -8, -3, -8, 3, -1, 4, 0, -4, -8, -4, -2, 2, -6, -7]
 
5.060005944345323: [2, -1, 0, 1, 0, -7, 1, -6, -1, -2, 3, -7, -5, -2, -3, -8, -6, -2, -5, 3, -2, -7, 0, 2, 2, -7, 0, 0, -7, 0, -6, -6, -7, 2, 0, -1, -1, -4, -1, 4, -6, 4, -1, -2, -5, -6, -6, -8, 2, -2, 0, -7, -4, -6, 1, -4, -8, 2, -5, 0, 3, -4, -4, -1, -4, -1, 3, 0, -2, 4, 4, -8, -7, -6, -7, 3, -8, -7, -5, 2, 2, -4, 4, -4, -5, -4, 2, 3, -1, 2, -5, -6, 3, -4, -8, -8, 3, 3, 3, -8, -1, 1, 4, -1, -2, -8, -3, -1, -4, -2, -3, -7, -8, -4, 1, -4, -8, -4, -1, 4, 0, -4, 1, -1, -2, 2, -5, -7]
 
1.5071432371: [2, -1, 0, 1, 0, 2, 1, -6, -1, 0, 3, 0, -3, -2, -1, 0, -4, 3, -5, 3, -2, 0, 0, 1, 2, -7, 0, 0, 2, -3, -5, -6, 1, 0, -4, -1, -4, -4, -8, 4, 0, 4, -1, -2, 4, -5, 1, -7, 3, -2, -7, -5, -4, -6, 3, -4, 0, 4, -5, 3, -8, -4, -4, -1, 3, -8, 3, -1, -2, 4, 4, -8, 2, -6, -3, -4, 4, -7, -6, -1, 2, 1, 0, -6, 0, -2, 2, -2, -6, -1, 4, -6, 3, -4, -8, -4, 2, -2, 3, -1, -1, -1, 4, -4, -6, -1, -3, -2, 0, -4, 2, -8, -7, -1, 1, -4, -4, -5, -8, -6, -5, -6, 2, -1, 3, 3, 4, -7]
 
5.052264284768166: [2, -3, 0, 1, 0, -7, 1, -6, -1, -2, 3, -7, -5, -2, -3, -8, -6, -2, -5, 3, -2, -7, 0, 2, 2, -7, 0, 0, -7, 0, -6, -6, -7, 2, 0, -1, -1, -4, -1, 4, -6, 4, -1, -2, -5, -6, -6, -8, 2, -2, 0, -7, -4, -6, 1, -4, -8, 2, -5, 0, 3, -4, -4, -1, -4, -1, -3, 1, -7, -3, 2, 1, 0, -2, 4, -4, -8, 2, 0, -8, 2, -4, 4, -4, -5, -4, 2, 3, -1, 2, -5, -6, 3, -4, -8, -8, 3, 3, 3, -8, -1, 1, 4, -1, -2, -8, -3, -1, -4, -2, -3, -7, -8, -4, 1, -4, -8, -4, -1, 4, 0, -4, 1, -1, -2, 2, -5, -7]
 
5.049195723321449: [2, -3, 3, -7, -3, -5, 4, -3, -4, -1, 0, -7, -5, -2, -3, -8, -6, -2, -5, 3, 2, 0, -3, -2, -4, -5, 0, 0, -7, 0, -6, -6, -7, 2, 0, -1, -1, -4, -1, 4, -6, 4, -1, -2, -5, -6, -6, -8, 2, -2, 0, -7, -4, -6, 1, -4, -8, 2, -5, 0, 3, -5, -7, 3, -3, 2, -3, 1, -7, -3, 2, 1, 0, -2, 4, -4, -8, 2, 0, -8, 2, -4, 4, -4, -5, -4, 2, 3, -1, 2, -5, -6, 3, -4, -8, -8, 3, 3, 3, -8, -1, 1, 4, -1, -2, -8, -3, -1, -4, -2, -3, -7, -8, -4, 1, -4, -8, -4, -1, 4, 0, -4, 1, -1, -2, 2, -5, -7]
 
2.67976193226: [-8, -1, 0, 1, 0, -7, 1, -8, -1, -2, -1, -7, -8, -7, -3, 4, 0, -2, -5, 3, -6, -7, 0, -3, -4, 4, -1, 0, -7, 0, -6, -6, -2, -3, 3, -1, -8, 0, -1, -4, -6, 4, -1, -2, 4, 4, -6, -6, -5, 1, -3, 2, -4, -6, 1, -4, -8, -4, -5, -8, 3, -2, -4, -1, -4, -8, 3, -7, -2, 4, 4, -5, -3, -6, -5, 3, -8, -5, -5, -8, 2, -4, 4, -4, -5, -4, 2, 3, -7, 2, -5, -6, 3, -4, -5, -8, 3, 3, 3, 1, 3, 1, 0, -1, -4, -8, -3, -1, -4, -2, -3, 3, -8, 4, 1, -4, -3, -4, -1, 4, 0, -4, 1, -2, -2, 2, -5, -4]
 
5.0352934370221245: [2, -1, 0, 1, 0, -7, 1, -6, -1, -2, 3, -7, -5, -2, -3, -8, -6, -2, -5, 3, -2, -7, 0, 2, 2, -7, 0, 0, -7, 0, -6, -6, -7, 2, 0, -1, -1, -4, -1, 4, -6, 4, -1, -2, -5, -6, -6, -8, 2, -2, 0, -7, -4, -6, 1, -4, -8, 2, -5, 0, 3, -4, -4, -1, -4, -1, 3, 0, -2, 4, 4, -8, -7, -6, -7, 3, -8, -7, -5, 2, 2, -4, 4, -4, -5, -4, 2, 3, -1, 2, -5, -6, 3, -4, -8, -8, 3, 3, 3, -8, -1, 1, 4, -1, -2, -8, -3, -1, -4, -2, -3, -7, -8, -4, 1, -4, -8, -4, -1, 4, 0, -4, 1, -1, -2, 2, -5, -7]
 
5.025616718445652: [2, -3, 0, 1, 0, -7, 1, -6, -1, -2, 3, -7, -5, -2, -3, -8, -6, -2, -5, 3, -2, -7, 0, 2, 2, -7, 0, 0, -7, 0, -6, -6, -7, 2, 0, -1, -1, -4, -1, 4, -6, 4, -1, -2, -5, -6, -6, -8, 2, -2, 0, -7, -4, -6, 1, -4, -8, 2, -5, 0, 3, -4, -4, -1, -4, -1, 3, 0, -2, 4, 4, -8, -7, -6, -7, 3, -8, -7, -5, 2, 2, -4, 4, -4, -5, -4, 2, 3, -1, 2, -5, -6, 3, -4, -8, -8, 3, 3, 3, -8, -1, 1, 4, -1, -2, -8, -3, -1, -4, -2, -3, -7, -8, -4, 1, -4, -8, -4, -1, 4, 0, -4, 1, -1, -2, 2, -5, -7]
 
5.023543905015996: [0, -3, 3, -1, -8, -2, -7, -2, -4, -1, 0, -7, -5, -2, -3, -8, -6, -2, -5, 3, 2, 0, -3, -2, -4, -5, 0, 0, -7, 0, -6, -6, -7, 2, 0, -1, -1, -4, -1, 4, -6, 4, -1, -2, -5, -6, -6, -8, 2, -2, 0, -7, -4, -6, 1, -4, -8, 2, -5, 0, 3, -5, -7, 3, -3, 2, -3, 1, -7, -3, 2, 1, 0, -2, 4, -4, -8, 2, 0, -8, 2, -4, 4, -4, -5, -4, 2, 3, -1, 2, -5, -6, 3, -4, -8, -8, 3, 3, 3, -8, -1, 1, 4, -1, -2, -8, -3, -1, -4, -2, -3, -7, -8, -4, 1, -4, -8, -4, -1, 4, 0, -4, 1, -1, -2, 2, -5, -7]
 
2.04146357373: [2, 0, 3, 3, -8, -1, 4, -6, -4, 0, 0, -7, -5, 0, -5, -8, -6, -2, -5, 3, 2, 0, -3, -2, -4, -5, 4, 0, 2, 0, -6, -6, -7, 2, 0, -1, -1, -4, -1, -4, -6, 1, -7, -2, -5, -6, -5, 1, 2, -2, 0, -8, -1, 2, 1, -1, -8, 1, -5, 0, 3, -5, -7, 3, -3, 2, -5, 3, -7, -2, 2, 1, -3, -2, 1, -6, 3, -1, -2, -8, 4, -4, 4, -4, -5, -4, -2, -8, -5, 1, 2, 3, -6, -4, -8, -8, 3, 3, 3, -8, -1, 1, 4, -5, 2, -8, -3, 0, -4, -2, -3, -5, -8, -4, 1, 4, -8, -7, -1, -1, -4, -4, -7, -1, -2, 1, -5, -5]
 
5.015953589926496: [2, -3, 0, 1, 0, -7, 1, -6, -1, -2, 3, -7, -5, -2, -3, -8, -6, -2, -5, 3, -2, -7, 0, 2, 2, -7, 0, 0, -7, 0, -6, -6, -7, 2, 0, -1, -1, -4, -1, 4, -6, 4, -1, -2, -5, -6, -6, -8, 2, -2, 0, -7, -4, -6, 1, -4, -8, 2, -5, 0, 3, -4, -4, -1, -4, -1, 3, 0, -2, 4, 4, -8, -7, -6, -7, 3, -8, -7, -5, 2, 2, -4, 4, -4, -5, -4, 2, 3, -1, 2, -5, -6, 3, -4, -8, -8, 3, 3, 3, -8, -1, 1, 4, -1, -2, -8, -3, -1, -4, -2, -3, -7, -8, -4, 1, -4, -8, -4, -1, 4, 0, -4, 1, -1, -2, 2, -5, -7]
 
5.003867690929771: [0, -5, -6, -1, -8, -2, -7, -2, -4, -1, 0, -7, -5, -2, -3, -8, -6, -2, -5, 3, 2, 0, -3, -2, -4, -5, 0, 0, -7, 0, -6, -6, -7, 2, 0, -1, -1, -4, -1, 4, -6, 4, -1, -2, -5, -6, -6, -8, 2, -2, 0, -7, -4, -6, 1, -4, -8, 2, -5, 0, 3, -5, -7, 3, -3, 2, -3, 1, -7, -3, 2, 1, 0, -2, 4, -4, -8, 2, 0, -8, 2, -4, 4, -4, -5, -4, 2, 3, -1, 2, -5, -6, 3, -4, -8, -8, 3, 3, 3, -8, -1, 1, 4, -1, -2, -8, -3, -1, -4, -2, -3, -7, -8, -4, 1, -4, -8, -4, -1, 4, 0, -4, 1, -1, -2, 2, -5, -7]
 
1.95250857394: [1, -1, 0, 1, -3, -7, -1, -6, -8, -2, -3, -6, 1, -6, 2, -3, -6, -2, -5, 3, -2, -2, 1, 2, -4, -3, 4, 1, -7, 0, -6, -6, -7, -8, 0, -1, -4, -4, -1, 4, -6, 4, -1, -2, -7, -8, -6, -3, 0, -6, 0, -7, -4, -6, -2, -1, -8, 2, -5, -1, 3, -4, -4, -1, -6, -1, 3, 1, -2, 4, 4, -8, -5, -6, -4, 3, 3, -7, -5, 2, 2, -4, 1, -4, -3, -4, -3, 3, -1, -6, -5, 3, -1, -4, -8, -2, -1, 2, -8, -8, -1, 1, 4, -7, -2, -8, 0, -1, -4, -2, -3, -7, -8, -4, 1, -4, -8, -2, -2, 4, 0, -4, 1, -1, -2, 2, -5, -7]
 
4.998114050231316: [2, -1, 0, 1, 0, -7, 1, -6, -1, -2, 3, -7, -5, -2, -3, -8, -6, -2, -5, 3, -2, -7, 0, 2, 2, -7, 0, 0, -7, 0, -6, -6, -7, 2, 0, -1, -1, -4, -1, 4, -6, 4, -1, -2, -5, -6, -6, -8, 2, -2, 0, -7, -4, -6, 1, -4, -8, 2, -5, 0, 3, -4, -4, -1, -4, -1, 3, 0, -2, 4, 4, -8, -7, -6, -7, 3, -8, -7, -5, 2, 2, -4, 4, -4, -5, -4, 2, 3, -1, 2, -5, -6, 3, -4, -8, -8, 3, 3, 3, -8, -1, 1, 4, -1, -2, -8, -3, -1, -4, -2, -3, -7, -8, -4, 1, -4, -8, -4, -1, 4, 0, -4, 1, -1, -2, 2, -5, -7]
 
4.997764131438524: [2, -1, 0, 1, 0, -7, 1, -6, -1, -2, 3, -7, -5, -2, -3, -8, -6, -2, -5, 3, -2, -7, 0, 2, 2, -7, 0, 0, -7, 0, -6, -6, -7, 2, 0, -1, -1, -4, -1, 4, -6, 4, -1, -2, -5, -6, -6, -8, 2, -2, 0, -7, -4, -6, 1, -4, -8, 2, -5, 0, 3, -4, -4, -1, -4, -1, 3, 0, -2, 4, 4, -8, -7, -6, -7, 3, -8, -7, -5, 2, 2, -4, 4, -4, -5, -4, 2, 3, -1, 2, -5, -6, 3, -4, -8, -8, 3, 3, 3, -8, -1, 1, 4, -1, -2, -8, -3, -1, -4, -2, -3, -7, -8, -4, 1, -4, -8, -4, -1, 4, 0, -4, 1, -1, -2, 2, -5, -7]
 
4.996920708412026: [2, -3, 0, 1, 0, -7, 1, -6, -1, -2, 3, -7, -5, -2, -3, -8, -6, -2, -5, 3, -2, -7, 0, 2, 2, -7, 0, 0, -7, 0, -6, -6, -7, 2, 0, -1, -1, -4, -1, 4, -6, 4, -1, -2, -5, -6, -6, -8, 2, -2, 0, -7, -4, -6, 1, -4, -8, 2, -5, 0, 3, -4, -4, -1, -4, -1, 3, 0, -2, 4, 4, -8, -7, -6, -7, 3, -8, -7, -5, 2, 2, -4, 4, -4, -5, -4, 2, 3, -1, 2, -5, -6, 3, -4, -8, -8, 3, 3, 3, -8, -1, 1, 4, -1, -2, -8, -3, -1, -4, -2, -3, -7, -8, -4, 1, -4, -8, -4, -1, 4, 0, -4, 1, -1, -2, 2, -5, -7]
 
4.993195084499382: [2, -3, 3, -7, -3, -5, 4, -3, -4, -1, 0, -7, -5, -2, -3, -8, -6, -2, -5, 3, 2, 0, -3, -2, -4, -5, 0, 0, -7, 0, -6, -6, -7, 2, 0, -1, -1, -4, -1, 4, -6, 4, -1, -2, -5, -6, -6, -8, 2, -2, 0, -7, -4, -6, 1, -4, -8, 2, -5, 0, 3, -5, -7, 3, -3, 2, -3, 1, -7, -3, 2, 1, 0, -2, 4, -4, -8, 2, 0, -8, 2, -4, 4, -4, -5, -4, 2, 3, -1, 2, -5, -6, 3, -4, -8, -8, 3, 3, 3, -8, -1, 1, 4, -1, -2, -8, -3, -1, -4, -2, -3, -7, -8, -4, 1, -4, -8, -4, -1, 4, 0, -4, 1, -1, -2, 2, -5, -7]
 
4.9842061076072595: [2, -3, 0, 1, 0, -7, 1, -6, -1, -2, 3, -7, -5, -2, -3, -8, -6, -2, -5, 3, -2, -7, 0, 2, 2, -7, 0, 0, -7, 0, -6, -6, -7, 2, 0, -1, -1, -4, -1, 4, -6, 4, -1, -2, -5, -6, -6, -8, 2, -2, 0, -7, -4, -6, 1, -4, -8, 2, -5, 0, 3, -4, -4, -1, -4, -1, 3, 0, -2, 4, 4, -8, -7, -6, -7, 3, -8, -7, -5, 2, 2, -4, 4, -4, -5, -4, 2, 3, -1, 2, -5, -6, 3, -4, -8, -8, 3, 3, 3, -8, -1, 1, 4, -1, -2, -8, -3, -1, -4, -2, -3, -7, -8, -4, 1, -4, -8, -4, -1, 4, 0, -4, 1, -1, -2, 2, -5, -7]
 
4.980596914337417: [2, -1, 0, 1, 0, -7, 1, -6, -1, -2, 0, -7, -5, -2, -3, -8, -6, -2, -5, 3, 2, 0, -3, -2, -4, -5, 0, 0, -7, 0, -6, -6, -7, 2, 0, -1, -1, -4, -1, 4, -6, 4, -1, -2, -5, -6, -6, -8, 2, -2, 0, -7, -4, -6, 1, -4, -8, 2, -5, 0, 3, -5, -7, 3, -3, 2, -3, 1, -7, -3, 2, 1, 0, -2, 4, -4, -8, 2, 0, -8, 2, -4, 4, -4, -5, -4, 2, 3, -1, 2, -5, -6, 3, -4, -8, -8, 3, 3, 3, -8, -1, 1, 4, -1, -2, -8, -3, -1, -4, -2, -3, -7, -8, -4, 1, -4, -8, -4, -1, 4, 0, -4, 1, -1, -2, 2, -5, -7]
 
4.97940109454295: [2, -1, 0, 1, 0, -7, 1, -6, -1, -2, 3, -7, -5, -2, -3, -8, -6, -2, -5, 3, -2, -7, 0, 2, 2, -7, 0, 0, -7, 0, -6, -6, -7, 2, 0, -1, -1, -4, -1, 4, -6, 4, -1, -2, -5, -6, -6, -8, 2, -2, 0, -7, -4, -6, 1, -4, -8, 2, -5, 0, 3, -4, -4, -1, -4, -1, 3, 0, -2, 4, 4, -8, -7, -6, -7, 3, -8, -7, -5, 2, 2, -4, 4, -4, -5, -4, 2, 3, -1, 2, -5, -6, 3, -4, -8, -8, 3, 3, 3, -8, -1, 1, 4, -1, -2, -8, -3, -1, -4, -2, -3, -7, -8, -4, 1, -4, -8, -4, -1, 4, 0, -4, 1, -1, -2, 2, -5, -7]
 
4.974808378926737: [2, -1, 0, 1, 0, -7, 1, -6, -1, -2, 3, -7, -5, -2, -3, -8, -6, -2, -5, 3, -2, -7, 0, 2, 2, -7, 0, 0, -7, 0, -6, -6, -7, 2, 0, -1, -1, -4, -1, 4, -6, 4, -1, -2, -5, -6, -6, -8, 2, -2, 0, -7, -4, -6, 1, -4, -8, 2, -5, 0, 3, -4, -4, -1, -4, -1, 3, 0, -2, 4, 4, -8, -7, -6, -7, 3, -8, -7, -5, 2, 2, -4, 4, -4, -5, -4, 2, 3, -1, 2, -5, -6, 3, -4, -8, -8, 3, 3, 3, -8, -1, 1, 4, -1, -2, -8, -3, -1, -4, -2, -3, -7, -8, -4, 1, -4, -8, -4, -1, 4, 0, -4, 1, -1, -2, 2, -5, -7]
 
1.107327624: [2, -5, 0, 4, -1, -7, -6, -6, -1, -2, -1, -7, -8, -2, 3, -8, 1, -3, 0, 3, -2, -7, -2, -7, 1, -5, -8, 3, -1, 0, -6, 2, -7, 2, 0, 1, -1, -4, -1, 4, -6, -2, 3, -2, -5, -5, -6, -8, 2, -1, -8, -7, 2, -6, 1, -4, -8, 2, -5, 0, -8, -5, 3, 3, -3, 2, -3, 2, -7, -3, 2, 1, 0, -2, 4, -4, -8, 2, -1, -8, 2, -4, -1, -4, -5, -2, 2, -3, -1, 2, -5, -6, 3, -4, -1, -8, 3, 3, 3, -5, -2, 1, 4, -1, -2, 3, -3, -1, -6, 0, -3, -7, -8, -4, 2, -4, -8, 4, -2, -5, 0, -4, 1, -1, 0, 3, -4, -8]
 
4.967503454793778: [2, -1, 0, 1, 0, -7, 1, -6, -1, -2, 3, -7, -5, -2, -3, -8, -6, -2, -5, 3, -2, -7, 0, 2, 2, -7, 0, 0, -7, 0, -6, -6, -7, 2, 0, -1, -1, -4, -1, 4, -6, 4, -1, -2, -5, -6, -6, -8, 2, -2, 0, -7, -4, -6, 1, -4, -8, 2, -5, 0, 3, -5, -7, 3, -3, 2, -3, 1, -7, -3, 2, 1, 0, -2, 4, -4, -8, 2, 0, -8, 2, -4, 4, -4, -5, -4, 2, 3, -1, 2, -5, -6, 3, -4, -8, -8, 3, 3, 3, -8, -1, 1, 4, -1, -2, -8, -3, -1, -4, -2, -3, -7, -8, -4, 1, -4, -8, -4, -1, 4, 0, -4, 1, -1, -2, 2, -5, -7]
 
4.966645804307552: [2, -1, 0, 1, 0, -7, 1, -6, -1, -2, 3, -7, -5, -2, -3, -8, -6, -2, -5, 3, -2, -7, 0, 2, -4, -5, 0, 0, -7, 0, -6, -6, -7, 2, 0, -1, -1, -4, -1, 4, -6, 4, -1, -2, -5, -6, -6, -8, 2, -2, 0, -7, -4, -6, 1, -4, -8, 2, -5, 0, 3, -5, -7, 3, -3, 2, -3, 1, -7, -3, 2, 1, 0, -2, 4, -4, -8, 2, 0, -8, 2, -4, 4, -4, -5, -4, 2, 3, -1, 2, -5, -6, 3, -4, -8, -8, 3, 3, 3, -8, -1, 1, 4, -1, -2, -8, -3, -1, -4, -2, -3, -7, -8, -4, 1, -4, -8, -4, -1, 4, 0, -4, 1, -1, -2, 2, -5, -7]
 
4.957611751750394: [2, -1, 0, 1, 0, -7, 1, -6, -1, -2, 3, -7, -5, -2, -3, -8, -6, -2, -5, 3, -2, -7, 0, 2, 2, -7, 0, 0, -7, 0, -6, -6, -7, 2, 0, -1, -1, -4, -1, 4, -6, 4, -1, -2, -5, -6, -6, -8, 2, -2, 0, -7, -4, -6, 1, -4, -8, 2, -5, 0, 3, -4, -4, -1, -4, -1, 3, 0, -2, 4, 4, -8, -7, -6, -7, 3, -8, -7, -5, 2, 2, -4, 4, -4, -5, -4, 2, 3, -1, 2, -5, -6, 3, -4, -8, -8, 3, 3, 3, -8, -1, 1, 4, -1, -2, -8, -3, -1, -4, -2, -3, -7, -8, -4, 1, -4, -8, -4, -1, 4, 0, -4, 1, -1, -2, 2, -5, -7]
 
4.956240970836425: [2, -3, 0, 1, 0, -7, 1, -6, -1, -2, 3, -7, -5, -2, -3, -8, -6, -2, -5, 3, -2, -7, 0, 2, 2, -7, 0, 0, -7, 0, -6, -6, -7, 2, 0, -1, -1, -4, -1, 4, -6, 4, -1, -2, -5, -6, -6, -8, 2, -2, 0, -7, -4, -6, 1, -4, -8, 2, -5, 0, 3, -4, -4, -1, -4, -1, 3, 0, -2, 4, 4, -8, -7, -6, -7, 3, -8, -7, -5, 2, 2, -4, 4, -4, -5, -4, 2, 3, -1, 2, -5, -6, 3, -4, -8, -8, 3, 3, 3, -8, -1, 1, 4, -1, -2, -8, -3, -1, -4, -2, -3, -7, -8, -4, 1, -4, -8, -4, -1, 4, 0, -4, 1, -1, -2, 2, -5, -7]
 
4.89334542847: [2, -1, 0, 1, 0, -7, 1, -6, -1, -2, 3, -7, -5, -2, -3, -8, -6, -2, -5, 3, -2, -7, 0, 2, 2, -7, 0, 0, -7, 0, -6, -6, -7, 2, 0, -1, -1, -4, -1, 4, -6, 4, -1, -2, -5, -6, -6, -8, 2, -2, 0, -7, -4, -6, 1, -4, -8, 2, -5, 0, 3, -5, -7, 3, -3, 2, -3, 1, -7, -3, 2, 1, 0, -2, 4, -4, -8, 2, 0, -8, 2, -4, 4, -4, -5, -4, 2, 3, -1, 2, -5, -6, 3, -4, -8, -8, 3, 3, 3, -8, -1, 1, 4, -1, -2, -8, -3, -1, -4, -2, -3, -7, -8, -4, 1, -4, -8, -4, -1, 4, 0, -4, 1, -1, -2, 2, -5, -7]
 
5.11232206275: [2, -1, 0, 1, 0, -7, 1, -6, -1, -2, 3, -7, -5, -2, -3, -8, -6, -2, -5, 3, -2, -7, 0, 2, -4, -5, 0, 0, -7, 0, -6, -6, -7, 2, 0, -1, -1, -4, -1, 4, -6, 4, -1, -2, -5, -6, -6, -8, 2, -2, 0, -7, -4, -6, 1, -4, -8, 2, -5, 0, 3, -4, -4, -1, -4, -1, 3, 0, -2, 4, 4, -8, -7, -6, -7, 3, -8, -7, -5, 2, 2, -4, 4, -4, -5, -4, 2, 3, -1, 2, -5, -6, 3, -4, -8, -8, 3, 3, 3, -8, -1, 1, 4, -1, -2, -8, -3, -1, -4, -2, -3, -7, -8, -4, 1, -4, -8, -4, -1, 4, 0, -4, 1, -1, -2, 2, -5, -7]
 
5.05224090925: [2, -1, 0, 1, 0, -7, 1, -6, -1, -2, 3, -7, -5, -2, -3, -8, -6, -2, -5, 3, -2, -7, 0, 2, 2, -7, 0, 0, -7, 0, -6, -6, -7, 2, 0, -1, -1, -4, -1, 4, -6, 4, -1, -2, -5, -6, -6, -8, 2, -2, 0, -7, -4, -6, 1, -4, -8, 2, -5, 0, 3, -4, -4, -1, -4, -1, 3, 0, -2, 4, 4, -8, -7, -6, -7, 3, -8, -7, -5, 2, 2, -4, 4, -4, -5, -4, 2, 3, -1, 2, -5, -6, 3, -4, -8, -8, 3, 3, 3, -8, -1, 1, 4, -1, -2, -8, -3, -1, -4, -2, -3, -7, -8, -4, 1, -4, -8, -4, -1, 4, 0, -4, 1, -1, -2, 2, -5, -7]
 
4.94685260552: [2, -3, 0, 1, 0, -7, 1, -6, -1, -2, 3, -7, -5, -2, -3, -8, -6, -2, -5, 3, -2, -7, 0, 2, 2, -7, 0, 0, -7, 0, -6, -6, -7, 2, 0, -1, -1, -4, -1, 4, -6, 4, -1, -2, -5, -6, -6, -8, 2, -2, 0, -7, -4, -6, 1, -4, -8, 2, -5, 0, 3, -4, -4, -1, -4, -1, 3, 0, -2, 4, 4, -8, -7, -6, -7, 3, -8, -7, -5, 2, 2, -4, 4, -4, -5, -4, 2, 3, -1, 2, -5, -6, 3, -4, -8, -8, 3, 3, 3, -8, -1, 1, 4, -1, -2, -8, -3, -1, -4, -2, -3, -7, -8, -4, 1, -4, -8, -4, -1, 4, 0, -4, 1, -1, -2, 2, -5, -7]
 
5.03546790718: [2, -3, 0, 1, 0, -7, 1, -6, -1, -2, 3, -7, -5, -2, -3, -8, -6, -2, -5, 3, -2, -7, 0, 2, 2, -7, 0, 0, -7, 0, -6, -6, -7, 2, 0, -1, -1, -4, -1, 4, -6, 4, -1, -2, -5, -6, -6, -8, 2, -2, 0, -7, -4, -6, 1, -4, -8, 2, -5, 0, 3, -4, -4, -1, -4, -1, -3, 1, -7, -3, 2, 1, 0, -2, 4, -4, -8, 2, 0, -8, 2, -4, 4, -4, -5, -4, 2, 3, -1, 2, -5, -6, 3, -4, -8, -8, 3, 3, 3, -8, -1, 1, 4, -1, -2, -8, -3, -1, -4, -2, -3, -7, -8, -4, 1, -4, -8, -4, -1, 4, 0, -4, 1, -1, -2, 2, -5, -7]
 
4.90303318932: [2, -1, 0, 1, 0, -7, 1, -6, -1, -2, 3, -7, -5, -2, -3, -8, -6, -2, -5, 3, -2, -7, 0, 2, -4, -5, 0, 0, -7, 0, -6, -6, -7, 2, 0, -1, -1, -4, -1, 4, -6, 4, -1, -2, -5, -6, -6, -8, 2, -2, 0, -7, -4, -6, 1, -4, -8, 2, -5, 0, 3, -5, -7, 3, -3, 2, 3, 0, -2, 4, 4, -8, -7, -6, -7, 3, -8, -7, -5, 2, 2, -4, 4, -4, -5, -4, 2, 3, -1, 2, -5, -6, 3, -4, -8, -8, 3, 3, 3, -8, -1, 1, 4, -1, -2, -8, -3, -1, -4, -2, -3, -7, -8, -4, 1, -4, -8, -4, -1, 4, 0, -4, 1, -1, -2, 2, -5, -7]
 
5.13923313372: [2, -1, 0, 1, 0, -7, 1, -6, -1, -2, 3, -7, -5, -2, -3, -8, -6, -2, -5, 3, -2, -7, 0, 2, 2, -7, 0, 0, -7, 0, -6, -6, -7, 2, 0, -1, -1, -4, -1, 4, -6, 4, -1, -2, -5, -6, -6, -8, 2, -2, 0, -7, -4, -6, 1, -4, -8, 2, -5, 0, 3, -4, -4, -1, -4, -1, -3, 1, -7, -3, 2, 1, 0, -2, 4, -4, -8, 2, 0, -8, 2, -4, 4, -4, -5, -4, 2, 3, -1, 2, -5, -6, 3, -4, -8, -8, 3, 3, 3, -8, -1, 1, 4, -1, -2, -8, -3, -1, -4, -2, -3, -7, -8, -4, 1, -4, -8, -4, -1, 4, 0, -4, 1, -1, -2, 2, -5, -7]
 
5.00176948379: [2, -3, 0, 1, 0, -7, 1, -6, -1, -2, 3, -7, -5, -2, -3, -8, -6, -2, -5, 3, -2, -7, 0, 2, 2, -7, 0, 0, -7, 0, -6, -6, -7, 2, 0, -1, -1, -4, -1, 4, -6, 4, -1, -2, -5, -6, -6, -8, 2, -2, 0, -7, -4, -6, 1, -4, -8, 2, -5, 0, 3, -4, -4, -1, -4, -1, 3, 0, -2, 4, 4, -8, -7, -6, -7, 3, -8, -7, -5, 2, 2, -4, 4, -4, -5, -4, 2, 3, -1, 2, -5, -6, 3, -4, -8, -8, 3, 3, 3, -8, -1, 1, 4, -1, -2, -8, -3, -1, -4, -2, -3, -7, -8, -4, 1, -4, -8, -4, -1, 4, 0, -4, 1, -1, -2, 2, -5, -7]
 
4.08390582612: [0, -3, 3, -1, -8, -2, -7, -2, -4, -1, 0, -7, -5, -2, -3, -8, -6, -2, -5, 3, 2, 0, -3, -2, -4, -5, 0, 0, -7, 0, -6, -6, -7, 2, 0, -1, -1, -4, -1, 4, -6, 4, -1, -2, -5, -6, -6, -8, 2, -2, 0, -7, -4, -6, 1, -4, -8, 2, -5, 0, 3, -5, -7, 3, -3, 2, -3, 1, -7, -3, 2, 1, 0, -2, -7, 3, -8, -7, -5, 2, 2, -4, 4, -4, -5, -4, 2, 3, -1, 2, -5, -6, 3, -4, -8, -8, 3, 3, 3, -8, -1, 1, 4, -1, -2, -8, -3, -1, -4, -2, -3, -7, -8, -4, 1, -4, -8, -4, -1, 4, 0, -4, 1, -1, -2, 2, -5, -7]
 
3.9666450398: [2, -1, 0, 1, 0, -7, 1, -6, -1, -2, 3, -7, -5, -2, -3, -8, -6, -2, -5, 3, -2, -7, 0, 2, -4, -5, 0, 0, -7, 0, -6, -6, -7, 2, 0, -1, -1, -4, -1, 4, -6, 4, -1, -2, -5, -6, -6, -8, 2, -2, 0, -7, -4, -6, 1, -4, -8, 2, -5, 0, 3, -4, -4, -1, -4, -1, 3, 0, -2, 4, 4, -8, -7, -6, 4, -4, -8, 2, 0, -8, 2, -4, 4, -4, -5, -4, 2, 3, -1, 2, -5, -6, 3, -4, -8, -8, 3, 3, 3, -8, -1, 1, 4, -1, -2, -8, -3, -1, -4, -2, -3, -7, -8, -4, 1, -4, -8, -4, -1, 4, 0, -4, 1, -1, -2, 2, -5, -7]
 
5.01223788353: [2, -3, 0, 1, 0, -7, 1, -6, -1, -2, 3, -7, -5, -2, -3, -8, -6, -2, -5, 3, -2, -7, 0, 2, -4, -5, 0, 0, -7, 0, -6, -6, -7, 2, 0, -1, -1, -4, -1, 4, -6, 4, -1, -2, -5, -6, -6, -8, 2, -2, 0, -7, -4, -6, 1, -4, -8, 2, -5, 0, 3, -4, -4, -1, -4, -1, 3, 0, -2, 4, 4, -8, -7, -6, -7, 3, -8, -7, -5, 2, 2, -4, 4, -4, -5, -4, 2, 3, -1, 2, -5, -6, 3, -4, -8, -8, 3, 3, 3, -8, -1, 1, 4, -1, -2, -8, -3, -1, -4, -2, -3, -7, -8, -4, 1, -4, -8, -4, -1, 4, 0, -4, 1, -1, -2, 2, -5, -7]
 
5.05358526562: [2, -1, 0, 1, 0, -7, 1, -6, -1, -2, 3, -7, -5, -2, -3, -8, -6, -2, -5, 3, -2, -7, 0, 2, 2, -7, 0, 0, -7, 0, -6, -6, -7, 2, 0, -1, -1, -4, -1, 4, -6, 4, -1, -2, -5, -6, -6, -8, 2, -2, 0, -7, -4, -6, 1, -4, -8, 2, -5, 0, 3, -4, -4, -1, -4, -1, 3, 0, -2, 4, 4, -8, -7, -6, -7, 3, -8, -7, -5, 2, 2, -4, 4, -4, -5, -4, 2, 3, -1, 2, -5, -6, 3, -4, -8, -8, 3, 3, 3, -8, -1, 1, 4, -1, -2, -8, -3, -1, -4, -2, -3, -7, -8, -4, 1, -4, -8, -4, -1, 4, 0, -4, 1, -1, -2, 2, -5, -7]
 
4.73407813978: [2, -3, 0, 1, 0, -7, 1, -6, -1, -2, 3, -7, -5, -2, -3, -8, -6, -2, -5, 3, -2, -7, 0, 2, 2, -7, 0, 0, -7, 0, -6, -6, -7, 2, 0, -1, -1, -4, -1, 4, -6, 4, -1, -2, -5, -6, -6, -8, 2, -2, 0, -7, -4, -6, 1, -4, -8, 2, -5, 0, 3, -4, -4, -1, -4, -1, 3, 0, -2, 4, 4, -8, -7, -6, -7, 3, -8, -7, -5, 2, 2, -4, 4, -4, -5, -4, 2, 3, -1, 2, -5, -6, 3, -4, -8, -8, 3, 3, 3, -8, -1, 1, 4, -1, -2, -8, -3, -1, -4, -2, -3, -7, -8, -4, 1, -4, -8, -4, -1, 4, 0, -4, 1, -1, -2, 2, -5, -7]
 
0.691994565028: [2, -2, -1, -2, 0, -5, -2, -6, -1, -1, 3, -3, -8, -5, -3, -8, -6, -2, 3, 3, -2, -7, 0, 2, 2, -7, 0, 0, -5, 0, -1, -6, 3, 2, -5, -1, -1, 0, -1, 4, -6, 4, -1, -2, -5, -6, -6, -8, -3, -3, -6, -7, -4, -6, 1, -6, -8, 2, -7, 0, 3, -4, -4, -1, -4, 3, 3, 0, -2, 2, 4, -4, -7, -6, 1, 3, 4, -7, -7, 2, -5, -4, 3, -4, -5, -3, -2, -3, -1, -4, -5, 3, 3, -1, 1, -8, -8, 2, 3, -8, -1, 1, 4, -1, -2, -8, 4, 4, 2, -2, 1, -7, -8, -6, -6, -4, 1, -4, -1, 4, -2, -4, -3, -1, 1, 2, -2, -7]
 
1.1430520383: [2, -2, 1, 1, 0, -7, 0, -6, -1, -2, 4, -7, -5, -2, -3, -8, -6, -6, -5, 3, 2, -8, -2, -2, 1, -7, 0, 0, 1, -3, -8, -1, -7, 2, 0, -5, -1, -4, 1, 2, -6, -1, -6, -2, -7, -6, -6, -8, -1, -2, -3, -1, 0, -6, 1, -4, -8, 2, -5, -4, -4, -5, -5, 3, -3, 2, -3, 1, -5, -3, 2, -6, 3, -2, -7, -1, -8, 2, 0, 4, 2, -4, 4, -4, -4, -4, 1, 0, 1, 2, -5, -6, 3, -4, -2, -3, 1, 3, -8, -4, -8, 0, 4, -4, -6, -3, -3, -1, -2, 3, -3, -7, -8, -4, -3, -4, 2, 1, -2, 4, 0, -4, 1, 2, -2, 2, -5, -2]
 
5.30420796598: [2, -3, 3, -7, -3, -5, 4, -3, -4, -1, 0, -7, -5, -2, -3, -8, -6, -2, -5, 3, -2, -7, 0, 2, 2, -7, 0, 0, -7, 0, -6, -6, -7, 2, 0, -1, -1, -4, -1, 4, -6, 4, -1, -2, -5, -6, -6, -8, 2, -2, 0, -7, -4, -6, 1, -4, -8, 2, -5, 0, 3, -4, -4, -1, -4, -1, -3, 1, -7, -3, 2, 1, 0, -2, 4, -4, -8, 2, 0, -8, 2, -4, 4, -4, -5, -4, 2, 3, -1, 2, -5, -6, 3, -4, -8, -8, 3, 3, 3, -8, -1, 1, 4, -1, -2, -8, -3, -1, -4, -2, -3, -7, -8, -4, 1, -4, -8, -4, -1, 4, 0, -4, 1, -1, -2, 2, -5, -7]
 
5.0612398084: [2, -1, 0, 1, 0, -7, 1, -6, -1, -2, 3, -7, -5, -2, -3, -8, -6, -2, -5, 3, -2, -7, 0, 2, 2, -7, 0, 0, -7, 0, -6, -6, -7, 2, 0, -1, -1, -4, -1, 4, -6, 4, -1, -2, -5, -6, -6, -8, 2, -2, 0, -7, -4, -6, 1, -4, -8, 2, -5, 0, 3, -4, -4, -1, -4, -1, 3, 0, -2, 4, 4, -8, -7, -6, -7, 3, -8, -7, -5, 2, 2, -4, 4, -4, -5, -4, 2, 3, -1, 2, -5, -6, 3, -4, -8, -8, 3, 3, 3, -8, -1, 1, 4, -1, -2, -8, -3, -1, -4, -2, -3, -7, -8, -4, 1, -4, -8, -4, -1, 4, 0, -4, 1, -1, -2, 2, -5, -7]
 
0.864953169213: [3, -3, -3, -1, -5, 4, -2, -1, -7, -2, 3, 3, -5, -2, -5, -8, -3, -4, 0, 3, 3, -7, 0, -4, 2, -7, -5, 0, -7, 0, -6, -6, -7, 2, 1, -1, -7, 2, -1, 3, 4, 4, -1, -2, 4, -4, -6, -8, 2, -8, -2, -4, -4, -6, 1, -4, -8, -4, -6, -6, -6, -4, -4, -6, 4, -6, 3, 0, -4, -1, 4, 0, -7, -8, -2, -2, -8, 2, -5, 1, 1, -4, -3, 1, -5, -8, 2, 0, 4, 2, 2, -6, -2, -4, -1, -3, -8, 1, 0, -8, 4, 1, -4, -1, 1, -8, -3, -4, -5, -2, -7, 3, -1, -4, 1, -4, -8, -7, -1, 1, 0, -3, -2, -1, -2, 2, -2, -3]
 
4.5601493309: [2, -1, 0, 1, 0, -7, 1, -6, -1, -2, 3, -7, -5, -2, -3, -8, -6, -2, -5, 3, -2, -7, 0, 2, 2, -7, 0, 0, -7, 0, -6, -6, -7, 2, 0, -1, -1, -4, -1, 4, -6, 4, -1, -2, -5, -6, -6, -8, 2, -2, 0, -7, -4, -6, 1, -4, -8, 2, -5, 0, 3, -5, -7, 3, -3, 2, -3, 1, -7, -3, 2, 1, 0, -2, 4, -4, -8, 2, 0, -8, 2, -4, 4, -4, -5, -4, 2, 3, -1, 2, -5, -6, 3, -4, -8, -8, 3, 3, 3, -8, -1, 1, 4, -1, -2, -8, -3, -1, -4, -2, -3, -7, -8, -4, 1, -4, -8, -4, -1, 4, 0, -4, 1, -1, -2, 2, -5, -7]
 
0.666211209842: [0, -5, -6, -1, -8, -2, -7, -7, -4, -1, 0, 1, -5, -4, -7, -3, 1, -3, -5, -4, -5, 0, -3, -2, -4, -5, 0, 0, -7, 0, -6, -8, -7, 2, 0, -1, -1, -4, -1, -3, -5, 4, 1, -2, 0, -6, -6, -8, 2, -2, 0, 0, -2, -6, 1, -4, -8, -4, -5, 0, 2, -1, 0, 3, -4, -3, -3, 1, 4, -3, 2, 1, 0, 3, 4, -4, -8, 2, 3, -8, 1, -4, 4, -4, -2, -4, 2, 3, -4, 3, -3, -3, -3, -4, -8, 0, 0, 4, -1, -3, -1, 1, 4, -1, -2, 0, -2, 2, 1, -6, -3, -7, 4, -4, 1, -4, -5, 2, -1, 4, 1, -4, 1, -1, -6, 2, -5, -7]
 
1.69371693048: [2, -1, 1, 1, 0, -7, -5, -6, -1, -2, 3, -7, -5, -2, -6, 0, -6, -7, -5, 3, -8, -7, 0, -4, -4, -7, -4, 0, -7, 0, -6, -6, -7, 2, 0, 3, 2, 0, 3, 4, -1, 4, -1, -1, -3, -6, -2, -4, 2, -2, 0, 1, -4, 1, 1, -4, -4, 3, -8, -8, 3, -7, -7, 3, -3, 0, 3, 0, -6, -3, 2, -8, -1, 1, -7, 3, -8, 2, -5, -6, 2, -8, 4, -4, -5, -4, 0, 3, 0, -1, -5, -6, 3, -1, 3, -1, 3, 3, -1, 4, -1, -5, -3, -1, -2, -8, 3, -1, -3, -8, -7, -7, 1, -4, -1, -4, -7, -4, -1, 4, 0, 3, -7, -1, -2, -4, -5, -7]
 
5.25157476154: [2, -1, 0, 1, 0, -7, 1, -6, -1, -2, 3, -7, -5, -2, -3, -8, -6, -2, -5, 3, -2, -7, 0, 2, -4, -5, 0, 0, -7, 0, -6, -6, -7, 2, 0, -1, -1, -4, -1, 4, -6, 4, -1, -2, -5, -6, -6, -8, 2, -2, 0, -7, -4, -6, 1, -4, -8, 2, -5, 0, 3, -4, -4, -1, -4, -1, 3, 0, -2, 4, 4, -8, -7, -6, -7, 3, -8, -7, -5, 2, 2, -4, 4, -4, -5, -4, 2, 3, -1, 2, -5, -6, 3, -4, -8, -8, 3, 3, 3, -8, -1, 1, 4, -1, -2, -8, -3, -1, -4, -2, -3, -7, -8, -4, 1, -4, -8, -4, -1, 4, 0, -4, 1, -1, -2, 2, -5, -7]
 
4.91262094889: [2, -1, 0, 1, 0, -7, 1, -6, -1, -2, 3, -7, -5, -2, -3, -8, -6, -2, -5, 3, -2, -7, 0, 2, 2, -7, 0, 0, -7, 0, -6, -6, -7, 2, 0, -1, -1, -4, -1, 4, -6, 4, -1, -2, -5, -6, -6, -8, 2, -2, 0, -7, -4, -6, 1, -4, -8, 2, -5, 0, 3, -4, -4, -1, -4, -1, 3, 0, -2, 4, 4, -8, -7, -6, -7, 3, -8, -7, -5, 2, 2, -4, 4, -4, -5, -4, 2, 3, -1, 2, -5, -6, 3, -4, -8, -8, 3, 3, 3, -8, -1, 1, 4, -1, -2, -8, -3, -1, -4, -2, -3, -7, -8, -4, 1, -4, -8, -4, -1, 4, 0, -4, 1, -1, -2, 2, -5, -7]
 
4.91083487364: [2, -3, 0, 1, 0, -7, 1, -6, -1, -2, 3, -7, -5, -2, -3, -8, -6, -2, -5, 3, -2, -7, 0, 2, 2, -7, 0, 0, -7, 0, -6, -6, -7, 2, 0, -1, -1, -4, -1, 4, -6, 4, -1, -2, -5, -6, -6, -8, 2, -2, 0, -7, -4, -6, 1, -4, -8, 2, -5, 0, 3, -4, -4, -1, -4, -1, 3, 0, -2, 4, 4, -8, -7, -6, -7, 3, -8, -7, -5, 2, 2, -4, 4, -4, -5, -4, 2, 3, -1, 2, -5, -6, 3, -4, -8, -8, 3, 3, 3, -8, -1, 1, 4, -1, -2, -8, -3, -1, -4, -2, -3, -7, -8, -4, 1, -4, -8, -4, -1, 4, 0, -4, 1, -1, -2, 2, -5, -7]
 
0.764838169717: [2, -3, 3, -7, -3, -6, 3, -5, -4, -1, -1, -7, -5, -4, 0, -3, -6, -2, -5, 3, 2, 0, -3, -2, -4, -5, 0, 0, -7, -6, -6, -6, -7, 1, -1, -1, -1, -4, 2, 4, -4, 4, -1, -6, -5, -6, -6, -8, 2, 4, 0, -7, 0, -6, -7, -4, -8, 2, -5, 0, 3, -4, -4, -1, -7, -1, 3, 0, 1, 3, 4, -2, -7, -6, 3, 3, -8, -7, -3, -8, -3, -4, -1, -4, -8, -4, 2, -2, -1, 2, -5, -1, 3, 3, -8, 4, 0, 3, -8, -4, -5, 1, 4, -1, -2, -8, -8, -1, -4, -5, -3, 3, -8, 0, -3, -4, 2, 0, 1, 4, 0, -6, 1, -4, 0, 2, -5, 0]
 
4.64766748151: [2, -3, 0, 1, 0, -7, 1, -6, -1, -2, 3, -7, -5, -2, -3, -8, -6, -2, -5, 3, -2, -7, 0, 2, 2, -7, 0, 0, -7, 0, -6, -6, -7, 2, 0, -1, -1, -4, -1, 4, -6, 4, -1, -2, -5, -6, -6, -8, 2, -2, 0, -7, -4, -6, 1, -4, -8, 2, -5, 0, 3, -5, -7, 3, -3, 2, -3, 1, -7, -3, 2, 1, 0, -2, 4, -4, -8, 2, 0, -8, 2, -4, 4, -4, -5, -4, 2, 3, -1, 2, -5, -6, 3, -4, -8, -8, 3, 3, 3, -8, -1, 1, 4, -1, -2, -8, -3, -1, -4, -2, -3, -7, -8, -4, 1, -4, -8, -4, -1, 4, 0, -4, 1, -1, -2, 2, -5, -7]
 
5.13304939243: [2, -3, 3, -7, -3, -5, 4, -3, -4, -1, 0, -7, -5, -2, -3, -8, -6, -2, -5, 3, 2, 0, -3, -2, -4, -5, 0, 0, -7, 0, -6, -6, -7, 2, 0, -1, -1, -4, -1, 4, -6, 4, -1, -2, -5, -6, -6, -8, 2, -2, 0, -7, -4, -6, 1, -4, -8, 2, -5, 0, 3, -5, -7, 3, -3, 2, -3, 1, -7, -3, 2, 1, 0, -2, 4, -4, -8, 2, 0, -8, 2, -4, 4, -4, -5, -4, 2, 3, -1, 2, -5, -6, 3, -4, -8, -8, 3, 3, 3, -8, -1, 1, 4, -1, -2, -8, -3, -1, -4, -2, -3, -7, -8, -4, 1, -4, -8, -4, -1, 4, 0, -4, 1, -1, -2, 2, -5, -7]
 
4.82509029454: [2, -1, 0, 1, 0, -7, 1, -6, -1, -2, 3, -7, -5, -2, -3, -8, -6, -2, -5, 3, -2, -7, 0, 2, -4, -5, 0, 0, -7, 0, -6, -6, -7, 2, 0, -1, -1, -4, -1, 4, -6, 4, -1, -2, -5, -6, -6, -8, 2, -2, 0, -7, -4, -6, 1, -4, -8, 2, -5, 0, 3, -5, -7, 3, -3, 2, 3, 0, -2, 4, 4, -8, -7, -6, -7, 3, -8, -7, -5, 2, 2, -4, 4, -4, -5, -4, 2, 3, -1, 2, -5, -6, 3, -4, -8, -8, 3, 3, 3, -8, -1, 1, 4, -1, -2, -8, -3, -1, -4, -2, -3, -7, -8, -4, 1, -4, -8, -4, -1, 4, 0, -4, 1, -1, -2, 2, -5, -7]
 
5.02688813513: [2, -1, 0, 1, 0, -7, 1, -6, -1, -2, 3, -7, -5, -2, -3, -8, -6, -2, -5, 3, -2, -7, 0, 2, 2, -7, 0, 0, -7, 0, -6, -6, -7, 2, 0, -1, -1, -4, -1, 4, -6, 4, -1, -2, -5, -6, -6, -8, 2, -2, 0, -7, -4, -6, 1, -4, -8, 2, -5, 0, 3, -4, -4, -1, -4, -1, 3, 0, -2, 4, 4, -8, -7, -6, -7, 3, -8, -7, -5, 2, 2, -4, 4, -4, -5, -4, 2, 3, -1, 2, -5, -6, 3, -4, -8, -8, 3, 3, 3, -8, -1, 1, 4, -1, -2, -8, -3, -1, -4, -2, -3, -7, -8, -4, 1, -4, -8, -4, -1, 4, 0, -4, 1, -1, -2, 2, -5, -7]
 
1.43686948146: [2, -3, -4, -8, 0, -7, 1, -6, -4, -2, 3, -8, -5, 1, -3, -8, 1, -2, 2, 3, 1, -7, 0, 2, 2, -7, -6, 0, -6, -8, -6, 4, -7, 2, 0, -1, -1, -4, -4, 4, 4, 2, -2, -2, -7, -6, -6, -8, 2, 1, 0, 2, 1, -6, 1, -6, -8, -3, -5, 0, 3, -4, -4, -1, -2, -1, -5, 0, -2, 4, 4, 0, 1, 1, -7, 3, -8, -7, -5, 1, 2, -4, 4, -4, -5, 3, 2, 3, -1, 2, -5, -6, -2, -4, -8, -1, 3, 3, 3, -4, -1, 3, 4, -1, -1, -8, -3, -1, -3, -2, -3, -7, -8, 2, 1, -4, -3, 4, -1, -5, 0, 3, 1, -1, -2, 1, 0, 0]
 
0.967436536044: [-4, -3, 0, 4, -6, 0, 4, -1, -1, -2, 3, -1, -5, -7, 0, 3, 4, -4, -2, 0, -4, -7, -1, 0, -4, -8, 3, 3, -7, 0, -2, -3, -7, 1, -5, -1, -3, -6, -1, 4, -6, 0, -1, 3, -5, -5, -7, 2, 1, -2, 2, -1, -7, -6, 1, -4, -6, 2, -3, 0, 3, -4, 4, -4, -4, -1, -4, -3, -3, 4, 1, -8, 2, -3, -3, -6, -8, 0, 4, 2, -6, -4, 4, 4, -7, -6, -5, 3, -1, 2, -5, -6, 3, 0, -6, 4, -5, -6, -5, -2, -1, -5, 4, 3, -7, -8, -6, -1, 0, -2, -6, -8, -8, -3, 2, -1, -8, -5, -1, 4, 0, 0, -6, 4, -2, 2, -5, -7]
 
4.95695979345: [2, -1, 0, 1, 0, -7, 1, -6, -1, -2, 3, -7, -5, -2, -3, -8, -6, -2, -5, 3, -2, -7, 0, 2, 2, -7, 0, 0, -7, 0, -6, -6, -7, 2, 0, -1, -1, -4, -1, 4, -6, 4, -1, -2, -5, -6, -6, -8, 2, -2, 0, -7, -4, -6, 1, -4, -8, 2, -5, 0, 3, -5, -7, 3, -3, 2, 3, 0, -2, 4, 4, -8, -7, -6, -7, 3, -8, -7, -5, 2, 2, -4, 4, -4, -5, -4, 2, 3, -1, 2, -5, -6, 3, -4, -8, -8, 3, 3, 3, -8, -1, 1, 4, -1, -2, -8, -3, -1, -4, -2, -3, -7, -8, -4, 1, -4, -8, -4, -1, 4, 0, -4, 1, -1, -2, 2, -5, -7]
 
