0.9589102843371955: [1, -8, -2, -2, -5, -4, -1, 3, -2, -7, 1, 2, -8, 2, 1, -8, -2, -2, -8, 1, 3, -6, 4, -4, -1, 3, 4, -4, -3, -7, 2, 0, -4, -6, 3, -5, -2, -1, 3, -7, 1, -6, -1, 0, 4, -2, -2, -4, -5, -5, -1, -1, -3, -6, 4, -3, -5, -5, 2, -8, -6, 3, -1, 3, -1, 0, 1, 1, -5, 3, 2, -5, -1, 1, -8, 0, 4, -3, 1, -8, 3, 4, 2, -6, -5, 0, 1, 3, -1, -1, -7, 3, 3, 2, 1, 3, -3, -3, 0, 1, -6, -3, -3, -6, -6, -6, 3, 2, 4, -3, -8, 2, -7, -6, -1, -2, 2, -2, -7, -2, -7, 4, -3, 1, 4, -6, -5, -6]
 
2.7854411150644376: [-4, 1, -6, -5, 1, -2, 2, -1, -2, -6, -3, -2, -7, -2, -5, 1, 1, -3, -4, -3, -7, 2, -8, -4, 4, -5, 4, -4, -3, -7, 2, -1, -7, 4, -2, -6, 4, -1, 2, -5, 1, -8, -1, -2, 2, 1, 3, -8, 0, -6, -1, 2, -8, -2, -7, -8, -5, 2, -1, 1, -4, 4, -5, 0, 1, -5, -2, -8, -2, 0, 0, 3, -7, -3, -8, -5, -7, -8, -4, -4, -8, 1, -2, 1, -4, -3, -6, 0, -5, 2, -7, 3, -3, -5, 2, 3, -7, -2, -6, -4, 1, -3, -2, 3, 3, -6, 4, -3, -6, -8, -2, -8, 3, 2, -2, -8, -1, 3, -2, -6, -7, 0, 0, 2, -2, -1, -5, 0]
 
2.3782985280827007: [-3, -2, -1, 1, -1, -7, -8, -1, 2, 0, -1, -7, -4, -2, -8, -5, 3, -6, -8, -1, 3, 3, -6, -2, -4, 4, -4, -4, -1, -3, -1, 2, -4, 3, -5, -2, -7, 4, 1, -7, 4, -3, -1, -1, -4, 3, -7, -4, -5, -3, -7, 4, 3, -6, 2, -6, 0, -3, 4, 2, -5, -5, -5, 4, 1, 2, 3, -6, 4, -2, 2, 1, 3, -4, 2, -2, -5, -4, 0, -4, -2, -6, -1, -6, -4, 1, 0, -8, -4, -1, -4, -8, 4, -8, 0, -2, -8, -1, -5, 1, -4, -2, -8, -1, 0, -4, -6, 2, 3, -1, -5, -6, 3, -5, 1, -5, 3, -4, 4, -1, -8, -8, -4, -6, -2, 2, -7, -4]
 
1.07875044058: [3, 1, -3, -2, -7, 1, -2, 4, 4, 0, 4, -4, 1, 0, 1, -2, 3, -2, -7, -2, 3, 3, 2, -5, -7, 2, -8, -2, -4, -3, -1, 2, 2, -1, -7, -2, 3, -1, 3, -7, -6, 0, -1, -3, -7, 3, 1, -3, -2, 1, 3, 4, 3, -6, -6, 3, -8, 0, -4, 2, -5, -4, 4, -4, 2, -5, 4, -2, -7, -7, 2, -4, -8, 4, -4, -7, -1, -2, 3, -8, 2, -2, -8, -8, -8, -5, 0, -8, -3, 2, 2, -3, 2, -7, -7, 0, -8, -5, -3, -7, -4, -1, -2, -3, 0, -6, -3, -2, 3, 1, -2, -7, 3, 2, 3, -7, -1, -8, -8, -8, 0, -8, -7, 0, -4, 4, 3, 0]
 
2.41120222006: [-2, -5, -2, 3, -1, -2, -5, -1, 0, -7, 2, -8, -7, 0, -8, 0, -8, -8, -8, -1, 3, 3, -3, -2, -5, 0, -8, -6, -8, 1, -1, 2, 2, 3, -3, -2, -7, -1, 1, -7, -5, -3, 4, -6, 2, -4, 3, -3, -8, -5, -1, -1, -8, -1, 4, -3, -5, -5, -1, -8, -6, 3, -1, -8, -1, 0, 1, 1, -5, -8, 2, -5, -1, 1, 3, -6, 4, -3, -5, -7, -7, 3, 2, -6, 2, 2, -6, 3, -6, -4, 3, -1, 4, 2, -5, -7, -3, -7, -8, 1, 3, -1, 1, 1, -5, -6, -3, -2, -8, 0, -4, 2, -7, -4, -1, -2, -8, 2, -2, -2, -3, -8, -6, -1, -3, 2, -8, 4]
 
2.2148941895536587: [-7, -3, -1, -3, 4, -6, -7, 3, -1, -1, 1, -8, -6, 1, -7, -5, 4, -4, 2, -6, 3, -3, -3, -3, 4, -3, -1, -1, 1, -4, 0, -7, -2, -4, -8, -8, 2, -2, 2, -6, -4, -6, -3, -8, 4, -5, 2, -7, 1, -1, 0, -7, 0, 1, 2, 2, -3, 2, -1, 1, -4, 4, -5, 0, 1, -5, -2, -8, -2, 0, 0, 3, -7, -3, -8, -5, -7, -8, -4, -4, -8, 1, -2, 1, -4, -3, -6, 0, -5, 2, -7, 3, -3, -5, 2, 3, -7, -2, -6, -4, 1, -3, -2, 3, 3, -6, 4, -3, -6, -8, -2, -8, 3, 2, -2, -8, -1, 3, -2, -6, -7, 0, 0, 2, -2, -1, -5, 0]
 
2.4254312105686244: [-7, -3, -1, -3, 4, -6, -7, 3, -1, -1, 1, -8, -6, 1, -7, -5, 4, -4, 2, -6, 3, -3, -3, -3, 4, -3, -1, -1, 1, -4, 0, -7, -1, 3, -5, -2, -6, -5, -1, 4, -4, 4, -6, 3, 0, 2, 0, 2, 0, -1, 2, -3, 1, -6, -1, 0, -1, -2, -7, 4, 3, 1, -1, 4, -1, -6, -4, 2, -6, -5, -4, 2, 1, 2, -4, 4, -6, -8, 0, 3, -2, 1, -1, -5, -4, 2, -6, -2, -6, 0, -2, 0, -1, 4, -1, -5, 0, -5, -5, 3, 1, -6, -3, -7, 1, -8, -3, -1, -6, -8, 1, -8, -5, 3, -4, -3, -8, 1, -7, -1, 3, 0, 3, 3, 2, -5, 2, -3]
 
1.4803409035065451: [-2, 2, -8, -6, -3, -2, 1, 0, 0, -7, 3, -6, -8, 4, -7, -2, 2, -5, -8, -4, -3, 3, 4, 1, -5, -7, 4, 2, -1, 1, -1, -8, -4, -3, -2, 3, -7, -7, 1, 3, 3, 1, -8, -6, -6, 3, 3, -3, -5, -1, -6, 4, -1, 0, 2, -8, 3, 3, -5, 2, -6, 1, -5, -5, 4, 0, -4, -6, -7, -2, 1, -8, -1, -8, 3, -1, -4, 2, -2, 3, -2, -2, -7, -5, -1, 3, -5, 2, -2, -8, -6, -3, 4, -1, 0, -8, 0, -4, 2, -8, 3, 3, 2, -4, -3, 1, 0, 2, 0, 0, -2, -8, 1, 2, -2, -8, -1, 3, -6, -6, 4, 0, 0, -3, -2, -1, -5, -5]
 
2.708447109581496: [-6, -5, 0, -7, 4, -8, -6, -7, 1, 2, -1, 4, -6, -1, 3, -4, 4, -8, -4, -1, -1, -8, -8, 0, -1, -7, -4, 1, -2, 3, -2, -5, -6, -1, 1, -7, 2, 4, 0, 1, -4, -6, -3, -8, 4, -5, 2, -7, 1, -1, 0, -7, 0, 1, 2, 2, -3, -3, 3, -2, 2, -8, 1, -3, -3, 2, -4, -2, -5, -1, 0, -4, -7, 0, 4, -3, -7, 1, -4, -1, 4, -4, -2, 1, -4, -4, -6, 0, -2, -5, -7, -8, -3, -7, 1, 3, -7, -2, 3, -4, 1, 3, -2, -5, 1, 0, 4, -5, -8, -8, 1, -6, -5, 1, -8, -2, -8, -8, 4, -4, -8, -2, 3, -1, 1, 2, -8, 4]
 
0.7775594913575263: [-8, 0, -6, -5, -7, -4, -3, -1, 2, 0, -1, -7, -4, -2, -8, -5, 3, -6, -8, -1, 3, 3, -6, -2, -4, 4, -4, -4, -1, -3, -1, 2, -4, 3, -5, -2, -7, 4, 1, -7, 4, -3, -1, -1, -4, 3, -7, -4, -5, -3, -7, 4, 3, -6, 2, -6, 0, -3, 4, 2, -5, -5, 1, -3, -3, 2, -4, -6, -2, -4, 1, -2, -6, -8, 1, -8, 3, 0, 0, -8, 2, -1, 2, -3, -6, 0, 1, 3, -1, -8, -5, -8, 4, -8, 0, -2, -8, 2, -5, 1, -4, -2, -7, -1, 0, -4, -6, -2, 3, 4, -6, 0, 3, -5, 3, -2, 0, -8, -7, -2, 0, 0, -7, -3, -5, -3, 3, -2]
 
1.2081204163588606: [-7, -3, -1, -3, 4, -6, -7, 3, -1, -1, 1, -8, -6, 1, -7, -5, 4, -4, 2, -6, 3, -3, -3, -3, 4, -3, -1, -1, 1, -4, 0, -7, -2, -4, -8, -8, 2, -2, 2, -6, -4, -6, -3, -8, 4, -5, 2, -7, 1, -1, 0, -7, 0, 1, 2, 2, -3, -3, 3, -2, 2, -8, 1, -3, -3, 1, -4, -6, -7, -2, -6, -8, 2, -8, 2, -2, 3, 2, -6, -1, -2, -2, -7, -6, -4, 3, -5, 2, -2, -1, 2, -3, 4, -1, 0, -8, 0, -4, 2, -8, 3, -5, -7, -7, -3, -1, 0, 2, 0, 1, 4, -8, -8, 2, -2, -2, -6, 1, -7, 3, -1, 4, 0, -8, 3, 1, -1, 3]
 
1.7116480610020481: [-2, 2, -2, -6, 1, -2, 1, -1, 0, -7, 3, -2, -7, 0, -8, -2, -8, -8, -8, -1, 3, 3, -6, -5, -5, -7, -5, -4, -1, 4, -1, 2, 2, 3, -2, -2, -7, -7, 1, -7, -5, -3, -1, -6, -3, 3, -8, -3, -5, 1, -6, 4, -1, -6, 2, 3, 3, 3, -4, 2, -5, 1, -5, -5, 4, 1, -4, -6, -7, -2, -6, -8, 2, -8, 2, -2, 3, 2, -6, -1, -2, -2, -7, -6, -4, 3, -5, 2, -2, -1, 2, -3, 4, -1, 0, -8, 0, -4, 2, -8, 3, -5, -7, -7, -3, -1, 0, 2, 0, 1, 4, -8, -8, 2, -2, -2, -6, 1, -7, 3, -1, 4, 0, -8, 3, 1, -1, 3]
 
0.9573587162472946: [-3, 0, -7, -2, -7, 1, -2, 4, 4, -1, 1, -7, -6, -5, -8, -2, 3, 3, -6, 3, -3, 3, -3, -5, 0, 4, -4, -4, -1, -3, -1, 2, -4, -8, -3, -2, -7, 4, -5, -7, 4, -3, -1, 1, 2, -2, 2, -7, -6, -3, -7, 4, -5, -3, -3, -3, 0, 2, 4, 2, -7, 0, -5, 4, 1, 2, 3, -6, 4, 1, 2, 2, 3, -8, 2, 1, 3, -4, 0, -8, -2, -1, -1, -6, -7, 1, 0, -8, -4, -1, -4, -8, 3, -8, 0, 1, -1, 2, -2, 0, -4, -2, -8, -1, 0, 2, -4, -7, 2, -1, -5, -6, -1, -5, 1, -8, 3, -4, 4, -1, 2, 4, -3, 1, 4, -5, -5, -6]
 
2.0349785764095882: [-3, -2, -1, 1, -1, -7, -8, 4, -6, -1, -5, -1, 0, -1, 2, 0, 4, -8, -2, -8, -1, -5, -8, 0, -5, -4, -8, 2, -8, 1, -7, -1, 4, -4, 4, -7, -8, -4, 1, -8, 4, -1, 2, -1, -7, -3, 1, 0, -7, 2, -3, -1, -5, 3, 1, -6, -3, 0, -2, -1, 4, -4, -5, -8, 0, -4, 3, -3, 4, -4, 4, -4, 3, 0, -3, -3, 1, 2, -8, -6, 2, -8, -5, -4, -2, -1, -6, -5, -8, -5, -7, -5, 2, 0, 2, -5, 1, -2, 0, -4, -5, -5, -3, -2, 0, -4, 0, -3, -8, 2, -5, -8, -1, 2, -2, -2, -6, 1, -7, 3, -1, 4, 0, -8, 3, 1, -1, 3]
 
1.9658091474893213: [-7, -3, -1, -3, 4, -6, -7, 3, -1, -1, 1, -8, -6, 1, -7, -5, 4, -4, 2, -6, 3, -3, -3, -3, 4, -3, -1, -1, 1, -4, 0, -7, 2, 3, -5, -2, -7, -4, 1, -7, -5, -3, -1, 3, -3, 3, -8, -4, -5, 1, -7, 4, 3, -6, 2, 3, -4, -3, -4, 2, -5, -5, 4, -2, 1, -3, -4, -6, -7, -2, 0, -8, 1, -8, 2, -2, 3, 2, 0, -4, -2, -2, -1, -6, -4, -4, 0, -8, -2, -1, 2, -6, 4, -7, -2, -5, -6, -2, 1, 0, -6, -7, 1, 3, 1, -2, 0, -2, 1, 2, 1, -8, 0, -5, 2, -3, -1, 0, -4, 4, -3, -2, 3, 3, 2, 1, 2, -3]
 
1.6320233283109662: [-7, -3, -1, -3, 4, -6, -7, 3, -1, -1, 1, -8, -6, 1, -7, -5, 4, -4, 2, -6, 3, -3, -3, -3, 4, -3, -1, -1, 1, -4, 0, -7, -2, -4, -8, -8, 2, -2, 2, -6, -4, -6, -3, -8, 4, -5, 2, -7, 1, -1, 0, -7, -5, 3, 1, -6, -3, 0, -2, -1, 4, -4, -5, -8, 0, -4, 3, -3, 4, -4, 4, -4, 3, 0, -3, -3, 1, 2, 2, -1, -8, -2, -6, -3, 3, 0, 1, -1, -1, -7, -6, 4, -7, -8, -5, -2, -8, -7, -8, 1, -7, -2, -6, -1, 2, 3, -6, -3, -7, 4, -6, -1, 0, -5, 3, -2, -1, -8, -7, 0, 0, 2, -7, -3, 1, -7, 2, -2]
 
1.40437154991: [-2, 2, -2, 2, 1, -2, -5, -1, 0, -7, 2, -2, -2, -2, -8, 0, -8, -8, -8, -1, 4, 3, -3, 3, 2, 0, -6, -6, -8, 1, -1, 2, 2, 3, -3, -2, -7, -7, 1, -7, -5, -3, -1, -8, -3, 3, 3, -3, -4, -5, -2, -1, 3, -6, 4, 2, -5, -5, 4, -8, -6, 3, -8, -2, -1, -6, 1, 1, -5, -8, -1, -5, -1, 1, -1, -6, 4, -3, -5, -7, -2, -3, 2, -6, 2, -2, 3, -3, -6, -4, -7, -4, 3, 2, -5, -7, 0, -3, 1, 0, 3, -1, 1, 1, -6, -6, -3, 2, -5, 0, -7, 2, -7, 2, -2, -2, 1, -7, -4, 0, -3, 3, -6, -6, -2, 2, -7, -4]
 
1.4130038607618935: [-2, 2, -2, -6, 1, -2, 1, -1, 0, -7, 3, -2, -7, 0, -8, -2, -8, -8, -8, -1, 3, 3, -6, -5, -5, -7, -5, -4, -1, 4, -1, 2, 2, 3, -2, -2, -7, -7, 1, -7, -5, -3, -1, -6, -3, 3, -8, -3, -5, 1, -6, 4, -1, -6, 2, 3, 3, 3, -8, 4, -3, -5, -6, -8, 0, -4, 3, -3, 1, -6, 3, 1, 4, -4, 4, 1, -7, -1, -8, -6, 2, -8, -5, -4, -2, -1, -6, -5, -8, -5, -7, -5, 2, 0, 2, -5, 1, -2, 0, -4, -5, -5, -3, -2, 0, -4, 0, -3, -8, 2, -5, -8, -1, 2, -2, -2, -6, 1, -7, 3, -1, 4, 0, -8, 3, 1, -1, 3]
 
1.7963664647263275: [-3, -2, -1, 1, -1, -7, -8, -1, 2, 0, -1, -7, -4, -2, -8, -5, 1, -3, -4, 2, -7, -6, -3, 4, -5, -8, -1, -8, -6, 1, -4, -3, -4, -1, 1, 4, -7, -6, 0, -6, -5, 4, 0, 3, -1, 1, -7, -2, -1, -1, 0, 3, -5, -1, -3, -5, -5, -7, -7, -5, -4, -5, 3, -1, -4, -8, 3, -8, 4, -5, -2, 0, 3, -6, -4, -5, -2, -2, -4, -8, -3, -5, -6, -6, -6, -1, -2, -8, 1, -1, 2, 0, 4, 2, 3, -3, -8, 3, -1, -3, -5, 0, 0, -1, -6, -5, 3, 1, -7, -6, 0, 2, -6, -1, 1, -1, -6, -2, -1, -1, 1, 4, 3, 1, -3, -4, -5, -8]
 
1.09534517101: [-2, 2, -2, 3, 1, 1, -1, -1, 0, -4, 2, -2, -7, 0, -8, 2, -8, -8, -4, -1, 3, 3, -3, -4, 4, 0, -6, -6, -8, 0, -7, 1, 2, 3, -2, -6, -7, -7, 0, -7, -5, -3, 2, -6, -3, 3, -6, -3, -4, -5, -1, -1, -8, -6, 4, -3, -5, -5, -1, -8, -6, 3, 4, 0, 1, 0, 4, 1, 0, -8, 2, -5, -3, -6, -8, -6, 0, -3, -5, -6, -7, 3, 4, -6, 2, 2, 3, -3, -6, -2, -3, -4, 3, 2, -5, -7, -3, -3, -4, 0, 3, -7, 1, 1, -6, -6, -4, -5, 4, 0, -7, 2, -7, 2, -1, -2, -8, -7, -7, -2, -3, -8, -4, 2, 1, 2, -8, 4]
 
2.066400059913272: [-4, -5, -2, -6, 1, -5, 3, -8, -5, 1, 4, -2, -7, -1, -4, 1, 1, 0, -6, -1, -7, -2, -1, -2, -8, -1, 3, -1, -6, 1, -4, -3, 1, -4, 2, -5, -8, 0, 0, -7, -5, -5, -4, 4, -2, 2, 2, 2, 1, -6, -8, 0, -8, 4, -7, -7, -8, -8, -7, 2, -8, 1, -8, -6, -5, -8, 3, -6, -2, -3, 2, -6, 3, 1, 0, -4, 3, -6, -2, -5, 4, -5, 3, -6, 1, -1, -1, 3, -3, -7, 2, 1, -8, -8, -7, -2, -8, 4, -2, -3, -4, -2, -7, 2, 0, -4, 2, -7, 3, -4, 4, -8, 1, -5, 3, -2, 0, -8, 0, -8, -6, -3, 0, -5, -3, 1, -1, -2]
 
2.1959411637752444: [4, -7, 2, -2, 2, 2, -1, -7, -4, -7, -7, -1, 4, -5, -7, -8, -4, 3, -7, 0, -7, -1, -3, -4, 2, -6, -5, 3, 2, -8, -7, 0, -6, -8, 1, 0, -5, 4, -7, 2, -5, -6, -3, -2, -7, 3, 2, -3, -4, 2, 0, -2, 0, -8, -2, 4, 2, -6, 3, 4, -5, -7, -8, -3, -2, -5, 2, -5, 1, 3, 2, -7, 2, -4, 2, -7, -4, 1, -8, -7, 2, -3, -5, 1, -2, -6, 1, -3, -7, -5, -1, 1, -3, 1, 1, -8, 4, -5, -4, -1, -5, 2, 1, 3, 1, -7, -5, 0, -7, -5, -2, -8, -3, 2, -5, -2, -8, 0, -1, 3, 0, 0, 0, 4, -2, -1, -7, -7]
 
1.3652608488694207: [-4, 1, -6, -5, 1, -2, 2, -1, -2, -6, -3, -2, -7, -2, -5, 1, 1, -3, -4, -3, -7, 2, -8, -4, 4, -5, 4, -4, -3, -7, 2, -1, -7, 4, -2, -6, 4, -1, 2, -5, 1, -8, -1, -2, 2, 1, 3, -8, 0, -6, -1, 2, -8, -2, -7, -8, -5, 2, -1, 1, -4, 4, -5, 0, 1, -5, -2, -8, -2, 0, 0, 3, -7, -3, -8, -5, -7, -8, -4, -4, -8, 1, -2, 1, -4, -3, -6, 0, -5, 2, -7, 3, -3, -5, 2, 3, -7, -2, -6, -4, 1, -3, -2, 3, 3, -6, 4, -3, -6, -8, -2, -8, 3, 2, -2, -8, -1, 3, -2, -6, -7, 0, 3, -6, -2, 2, -7, -7]
 
0.682073777989: [-3, -2, -1, -8, -1, -1, -5, 4, -6, -1, -5, 4, 0, -1, 2, 0, 4, -8, -2, -8, 1, -5, -8, 0, -5, -8, -8, 2, -8, 1, -7, -1, 4, -4, 4, -7, -8, -5, 1, -8, 4, -1, -5, 4, -7, -3, -1, 0, -7, 2, -3, -6, -2, 3, 1, 1, -3, 0, -2, -1, 4, -4, -5, -8, 0, -4, 0, -3, 4, -4, 4, -4, 3, 0, -3, -3, -8, 2, 2, -1, -8, -8, -6, -3, 3, 0, -1, -1, -8, -7, -6, -5, -7, -8, -5, -2, -8, -7, -8, -2, -7, -2, -6, 0, 2, 3, -6, -3, -4, 2, -6, -1, 0, -3, 3, -2, 3, -8, -7, 0, -2, 2, -7, -3, 1, -7, 2, -2]
 
0.914646576715: [1, 3, 0, 3, 2, -4, -1, 3, -2, -7, 3, 2, -8, 2, 1, -8, -2, -8, -8, 1, -2, -7, -8, 3, -3, 3, 4, -4, 0, -3, 2, -5, -6, -4, 1, -6, -7, -1, -8, -5, 1, -7, -8, 0, 2, 0, 3, -4, -7, -6, -1, 2, -8, -2, -7, 0, -5, -3, -5, -5, -7, -8, 2, -4, -3, 2, -3, -4, -5, -4, -4, -6, -8, -8, 1, -8, 3, 0, 0, -8, 0, -1, -1, -8, 2, 2, 2, 2, -5, -8, -5, -6, 4, -7, -2, -7, -4, -1, 1, -8, -4, -7, 3, 4, -7, -1, 0, -1, 1, -6, 0, 3, -2, -3, 2, -4, -8, -4, -7, 4, -3, 4, 3, -6, -1, 4, 2, -2]
 
1.7535158268600282: [-3, -2, -1, 1, -1, -7, -8, 4, -6, -1, -5, -1, 0, -1, 2, 0, 4, -8, -2, -8, -1, -5, -8, 0, -5, -4, -8, 2, -8, 1, -7, -1, 4, -4, 4, -7, -8, -4, 1, -8, 4, -1, 2, -1, -7, -3, 1, 0, -7, 2, -3, -1, 0, 1, 2, 2, -3, -3, 3, -2, 2, -8, 1, -3, -3, 2, -4, -6, -2, -4, 1, -2, -6, -8, 1, -8, 3, 0, 0, -8, 2, -1, 2, -3, -6, 0, 1, 3, -1, -8, -5, -6, 4, -7, -2, -5, -6, -2, 1, 0, -6, -7, 1, 3, 1, -2, 0, -2, 1, 2, 1, -8, 0, -5, 2, -3, -1, 0, -4, 4, -3, -2, 3, 3, 2, 1, 2, -3]
 
2.0376626326823875: [-3, -2, -1, 1, -1, -7, -8, 4, -6, -1, -5, -1, 0, -1, 2, 0, 4, -8, -2, -8, -1, -5, -8, 0, -5, -4, -8, 2, -8, 1, -7, -1, 4, -4, 4, -7, -8, -4, 1, -8, 4, -1, 2, -1, -7, -3, 1, 0, -7, 2, -3, -1, -5, 3, 1, -6, -3, 0, -2, -1, 4, -4, -5, -8, 0, -4, 3, -3, 4, -4, 4, -4, 3, 0, -3, -3, 1, 2, -8, -6, 2, -8, -5, -4, -2, -1, -6, -5, -8, -5, -7, -5, 2, 0, 2, -5, 1, -2, 0, -4, -5, -5, -3, -2, 0, -4, 0, -3, -8, 2, -5, -8, -1, 2, -2, -2, -6, 1, -7, 3, -1, 4, 0, -8, 3, 1, -1, 3]
 
0.7211321755606612: [-3, -2, 3, -2, -7, 1, -2, 4, 4, -1, 4, -7, 1, 0, -8, -2, 3, -7, -6, 3, 4, 3, -3, -5, 0, 4, -4, -4, -1, -3, -1, 2, -4, -8, -3, -2, -7, 4, -5, -7, 4, -3, -1, 3, -3, 3, 2, -4, -6, -3, -7, 4, -3, -6, 2, 3, 0, -3, 4, 2, -5, -5, -5, 4, 1, 2, 3, -6, 4, -1, 2, 1, 3, -8, 2, -2, -5, -4, 0, -8, -2, -1, -1, -6, -7, 1, 0, -8, -4, -1, -4, -8, 3, -8, 0, 1, -1, 2, -5, 0, -4, -2, -8, -1, 0, 2, -3, -7, 3, -1, -5, -6, 3, -5, 1, -5, 3, -4, 4, -1, 2, 4, -3, 1, 4, -5, -5, -6]
 
0.875378008794: [-8, -6, -6, -4, -7, -4, -2, -1, 2, -4, 4, -7, -7, -2, 2, -5, 3, -6, -8, -1, -8, 3, -7, -2, -4, 4, -4, -4, -1, 4, -1, 1, -7, 3, -5, 1, -7, 4, 1, -7, 4, 4, -1, -1, -4, 3, -7, -2, -8, -1, 0, -7, 0, 1, 2, 2, -3, -3, 4, -1, 2, -1, 1, -3, 4, 2, -4, -2, -5, -1, 0, -4, -7, 0, 4, -3, -7, 0, -6, -2, 4, -4, -2, -5, -6, -4, -6, 0, -2, -5, -7, 3, -3, -7, 1, 3, -7, -2, 3, -4, 1, 3, -2, -5, 2, -1, 4, -5, -8, -8, 1, -6, -5, 1, -8, -2, -8, -8, 4, -4, -8, -2, 0, 1, -2, 2, -7, -7]
 
1.0431242981482203: [4, 3, 2, -8, 2, 2, -1, -7, -4, -7, 3, -1, 4, -5, -7, -8, 4, 3, 4, 0, -7, -1, 2, -5, -7, 2, -8, -4, -8, 0, -1, 2, 2, -3, -7, -2, -7, -5, 2, 2, 1, 0, -1, -3, -7, 0, -8, -1, -8, 1, -5, 0, -7, -6, -4, -1, 4, 0, -4, -7, -5, -5, 4, -2, -5, -5, -4, -6, -7, 2, 2, -3, -1, -8, 0, -7, -4, 2, -7, -1, -2, -2, -1, 4, -8, -1, 0, -8, -3, 2, 2, -8, 4, -6, 1, -7, -8, 1, -1, -6, -4, -1, 2, -3, 0, -5, -3, -5, -2, -1, -2, -8, 3, 2, 3, -4, -2, 3, 4, -6, 3, -5, 0, 0, -2, 4, 3, 4]
 
2.16803981658: [-6, -5, 0, -7, 4, -8, -6, -7, 1, 2, 0, 4, 4, -1, -6, -4, 4, -8, -4, -1, -1, -8, -8, 4, -1, -7, -4, -2, -2, 3, -2, -5, 4, -4, 4, -7, 2, 4, -1, 1, 0, -6, 2, -8, 4, -5, 2, -8, 1, -1, 0, -7, 0, 1, -2, 2, -8, -3, 0, -2, 2, -8, 1, -3, -3, 2, -4, -2, -5, -5, 0, -4, -7, 0, -7, -3, -7, 1, -4, 2, 4, -4, -2, 1, -4, -4, -6, 0, -2, 2, -7, -8, 2, -7, 1, -1, -7, -2, -3, -4, 1, 3, -2, -5, -1, 0, -6, -5, -8, -8, -5, 2, -3, 1, -8, -2, -8, -8, 4, 3, -8, -2, 3, -5, -3, 4, -7, -4]
 
2.4099590481962667: [-2, 2, -2, 3, 1, -2, -5, -1, 0, -7, 2, -2, -7, 0, -8, 0, -8, -8, -8, -1, 3, 3, -3, 3, -5, 0, -6, -6, -8, 1, -1, 2, 2, 3, -2, -2, -7, -7, 1, -7, -5, -3, 4, -6, -3, 3, 3, -3, -4, -5, -1, -1, -8, -6, 4, -3, -5, -5, -1, -8, -6, 3, -1, 0, -1, 0, 1, 1, -5, -8, 2, -5, -1, 1, -8, -6, 4, -3, -5, -7, -7, -3, 2, -6, 2, 2, 3, -3, -6, -4, -7, -4, 3, 2, -5, -7, -3, -3, 0, 0, 3, -1, 1, 1, -6, -6, -4, 2, -5, 0, -7, 2, -7, 2, -1, -2, -8, -7, -7, -2, -3, -8, -6, -6, -2, 2, -7, -4]
 
2.88923149811: [1, -8, -2, -2, -5, -4, -1, 3, -2, -7, 1, 2, -8, 2, 1, -8, -2, -2, -8, 1, 3, -6, 4, -4, -1, 3, 4, -4, -3, 3, -2, -5, -6, -1, 1, -7, 2, 4, 0, 1, -4, -6, -3, -8, 4, -5, 2, -7, 1, -1, 0, -7, 0, 1, 2, 2, -3, -3, 3, -2, 2, -8, 1, -3, -3, 2, -4, -2, -5, -1, 0, -4, -7, 0, 4, -3, -7, 1, -4, -1, 4, -4, -2, 1, -4, -4, -6, 0, -2, -5, -7, -8, -3, -7, 1, 3, -7, -2, 3, -4, 1, 3, -2, -5, 1, 0, 4, -5, -8, -8, 1, -6, -5, 1, -8, -2, -8, -8, 4, -4, -8, -2, 3, -6, -2, 2, -7, -4]
 
0.323717225624: [-6, -5, 0, -7, 4, -8, -6, -7, 1, 2, -1, 4, -6, -1, 3, -4, 4, -8, -4, -1, -1, -8, -8, 0, -1, -7, -4, 1, -2, -7, 2, 0, -4, -6, 3, -5, -2, -1, 3, -7, 1, -6, -1, 0, 4, -2, -2, -4, -5, -5, -1, -1, -3, -6, 4, -3, -5, -5, 2, -8, -6, 3, -1, 3, -1, 0, 1, 1, -5, 3, 2, -5, -1, 1, -8, 0, 4, -3, 1, -8, 3, 4, 2, -6, -5, 0, 1, 3, -1, -1, -7, 3, 3, 2, 1, 3, -3, -3, 0, 1, -6, -3, -3, -6, -6, -6, 3, 2, 4, -3, -8, 2, -7, -6, -1, -2, 2, -2, -7, -2, -7, 4, -3, 1, 4, -6, -5, -6]
 
1.12436801689: [-2, 2, -2, -6, 1, -2, 1, -1, 0, -7, 3, -2, -7, 0, -8, -2, -8, -8, -8, -1, 3, 3, -6, -5, -5, -7, -5, -4, -1, 4, -1, 2, 2, 3, -2, -2, -7, -7, 1, -7, -5, -3, -1, -6, -3, 3, -8, -3, -5, 1, -6, 4, -1, -6, 2, 3, 3, 3, -4, 2, -5, 1, -5, -5, 4, -5, -4, -6, -7, 2, 2, -3, -1, -8, 0, -7, -4, 2, -7, -1, -2, -2, -1, 4, -8, -1, 0, -8, -3, 2, 2, -8, 4, -6, 1, -7, -8, 1, -1, -6, -4, -1, 2, -3, 0, -5, -3, -5, -2, -1, -2, -8, 3, 2, 3, -4, -2, 3, 4, -6, 3, -5, 0, 0, -2, 4, 3, 4]
 
1.3565700675: [4, 3, 2, -8, 2, 2, -1, -6, -4, -7, 3, -2, 4, -5, -1, -8, 4, 3, 4, 0, -7, -1, 2, -5, -7, 2, -8, -4, -8, 0, -1, 2, 2, -3, -7, -1, -7, -5, -8, 2, 1, -8, -7, -6, -6, 0, -8, -1, -8, 1, -5, 0, -7, -6, 0, -1, -7, 4, -4, 1, 1, 3, 4, 1, -5, 1, -4, -3, -7, -2, -2, -8, 2, -8, 2, -2, 3, 0, -6, -1, -2, -2, -7, -6, -4, 3, -5, 2, -3, -1, 2, -3, 4, -1, 3, -8, 0, -4, 2, -8, 2, -5, -6, -7, -3, -6, 0, 2, 0, 1, 4, -8, -8, -4, -1, 3, 3, 1, -2, 3, -1, -2, 0, 1, 3, 1, -1, 3]
 
0.576115866419: [2, 2, -3, -5, -2, -3, -7, -1, 2, -2, 4, -4, -4, -5, -3, -8, -3, 3, -6, -7, -7, 0, 4, -7, -1, -3, -5, -6, 1, -5, -6, 2, 4, -3, -4, 2, -7, -4, -8, 4, -2, 4, -7, -6, -7, 1, -6, -6, -4, -1, -6, 3, 4, -4, -4, 1, -3, 3, 0, 4, 0, 0, -7, -6, -8, -7, 3, -8, -3, -4, 2, -6, -3, -2, 0, 4, -8, -2, 1, -1, 3, -8, -1, 2, -2, -6, -4, 2, 1, 3, 0, -8, 2, 1, 2, -7, 3, -5, -8, -7, -6, 3, 2, -2, -1, 3, 4, 0, 1, -2, -8, -7, -8, -5, -8, -8, 3, 0, -2, -4, -4, -5, -7, -5, 1, -1, -3, -3]
 
1.46478172792: [-6, -5, 0, -7, 4, -8, -6, -7, 1, 2, -1, 4, -6, -1, 3, -4, 4, -8, -4, -1, -1, -8, -8, 0, -1, -7, -4, 1, -2, 3, -2, -5, -6, -1, 1, -7, 2, 4, 0, 1, -4, -6, -3, -8, 4, -5, 2, -7, 1, -1, 0, -7, 0, 1, 2, 2, -3, -3, 3, -2, 2, -8, 1, -3, -3, 2, -4, -2, -5, -1, 0, -4, -7, 0, 4, -3, -7, 1, -4, -1, 4, -4, -2, 1, -4, -4, -6, 0, -2, -5, -7, -4, 3, 2, -5, -7, -3, -3, 0, 0, 3, -1, 1, 1, -6, -6, -4, 2, -5, 0, -7, 2, -7, 2, -1, -2, -8, -7, -7, -2, -3, -8, -6, -1, 1, 2, -8, 4]
 
2.16641537817: [-4, -5, -2, -6, 1, -5, 3, -8, -5, 1, 4, -2, -7, -1, -4, 1, 1, 0, -6, -1, -7, -2, -1, -2, -8, -1, 3, -1, -6, 1, -4, -3, 1, -4, 2, -5, -8, 0, 0, -7, -5, -5, -4, 4, -2, 2, 2, 2, 1, -6, -8, 0, -8, 4, -7, -7, -8, -8, -7, 2, -8, 1, -8, -6, -5, -8, 3, -6, -2, -3, 2, -6, 3, 1, 0, -4, 3, -6, -2, -5, 4, -5, 3, -6, 1, -1, -1, 3, -3, -7, 2, 1, -8, -8, -7, -2, -8, 4, -2, -3, -4, -2, -7, 2, 1, -2, 0, -2, 1, 2, 1, -8, 0, -5, 2, -3, -1, 0, -4, 4, -3, -2, 3, 3, 2, 1, 2, -3]
 
1.97099290925: [-4, -3, -2, -3, 4, 2, -7, 3, -1, -1, 0, -8, -6, 1, -8, -5, 3, -4, 2, -6, -8, -3, -3, -3, 4, -3, -1, -1, 1, -4, -2, -7, 2, 3, -5, -2, -7, -4, 1, 0, -5, -3, -1, 3, -3, 3, -8, -4, -5, 1, -7, 2, 3, -6, 2, -3, -4, -3, -6, 2, -5, -5, 4, -2, 1, -3, -4, -6, -7, -2, 0, -2, 1, -8, 2, 2, 3, -4, 0, -4, -2, -2, -3, -6, -4, -7, 0, -3, -2, -5, 2, -6, 4, -7, -2, -5, -3, -3, 1, 1, -6, -7, -5, -3, 0, 3, -6, -7, 0, -4, 4, -8, 1, -5, 3, 3, 0, -2, 0, -8, -6, -3, 0, -5, -2, 1, -1, -2]
 
1.01453502663: [1, -8, -2, -2, -5, -4, -1, 3, -2, -7, 1, 2, -8, 2, 1, -8, -2, -2, -8, 1, 3, -6, 4, -4, -1, 3, 4, -4, -3, -7, 2, 0, -4, -6, 3, -5, -2, -1, 3, -7, 1, -6, -1, 0, 4, -2, -2, -4, -5, -5, -1, -1, -3, -6, 4, -3, -5, -5, 2, -8, -6, 3, -1, 3, -1, 0, 1, 1, -5, 3, 2, -5, -1, 1, -8, 0, 4, -3, 1, -8, 3, 4, 2, -6, -5, 0, 1, 3, -1, -1, -7, 3, 3, 2, 1, 3, -3, -3, 0, 1, -6, -3, -3, -6, -6, -6, 3, 2, 4, -3, -8, 2, -7, -5, 3, -2, 0, -8, 0, -8, -6, -3, 0, -5, -3, 1, -1, -2]
 
2.08128415687: [-4, -5, -2, -6, 1, -5, 3, -8, -5, 1, 4, -2, -7, -1, -4, 1, 1, 0, -6, -1, -7, -2, -1, -2, -8, -1, 3, -1, -6, 1, -4, -3, 1, -4, 2, -5, -8, 0, 0, -7, -5, -5, -4, 4, -2, 2, 2, 2, 1, -6, -8, 0, -8, 4, -7, -7, -8, -8, -7, 2, -8, 1, -8, -6, -5, -8, 3, -6, -2, -3, 2, -6, 3, 1, 0, -4, 3, -6, -2, -5, 4, -5, 3, -6, 1, -1, -1, 3, -3, -7, 2, 1, -8, -8, -7, -2, -8, 4, -2, -3, -4, -2, -7, 2, 0, -4, 2, -7, 3, -4, 4, -8, 1, -6, -1, -2, 2, -2, -7, -2, -7, 4, -3, 1, 4, -6, -5, -6]
 
2.47981680066: [-4, -5, -2, -6, 1, -5, 3, -8, -5, 1, 4, -2, -7, -1, -4, 1, 1, 0, -6, -1, -7, -2, -1, -2, -8, -1, 3, -1, -6, 1, -4, -3, 1, -4, 2, -5, -8, 0, 0, -7, -5, -5, -4, 4, -2, 2, 2, 2, 1, -6, -8, 0, -8, 4, -7, -7, -8, -8, -7, 2, -8, 1, -8, -6, -5, -8, 3, -6, -2, -3, 2, -6, 3, 1, 0, -4, 3, -6, -2, -5, 4, -5, 3, -6, 1, -1, -1, 3, -3, -7, 2, 1, -8, -8, -7, -2, -8, 4, -2, -3, -6, 3, 2, -2, -1, 3, 4, 0, 1, -2, -8, -7, -8, -5, -8, -8, 3, 0, -2, -4, -4, -5, -7, -5, 1, -1, -3, -3]
 
0.514717070196: [2, 2, -3, -5, -2, -3, -7, -1, 2, -2, 4, -4, -4, -5, -3, -8, -3, 3, -6, -7, -7, 0, 4, -7, -1, -3, -5, -6, 1, -5, -6, 2, 4, -3, -4, 2, -7, -4, -8, 4, -2, 4, -7, -6, -7, 1, -6, -6, -4, -1, -6, 3, 4, -4, -4, 1, -3, 3, 0, 4, 0, 0, -7, -6, -8, -7, 3, -8, -3, -4, 2, -6, -3, -2, 0, 4, -8, -2, 1, -1, 3, -8, -1, 2, -2, -6, -4, 2, 1, 3, 0, -8, 2, 1, 2, -7, 3, -5, -8, -7, -4, -2, -7, 2, 0, -4, 2, -7, 3, -4, 4, -8, 1, -6, -1, -2, 2, -2, -7, -2, -7, 4, -3, 1, 4, -6, -5, -6]
 
0.73844662: [-2, 2, -2, -6, 1, -2, 1, -1, 0, -7, 3, -2, -7, 0, -8, -2, -8, -8, -8, -1, 3, 3, -6, -5, -5, -7, -5, -4, -1, 4, -1, 2, 2, 3, -2, -2, -7, -7, 1, -7, -5, -3, -1, -6, -3, 3, -8, -3, -5, 1, -6, 4, -1, -6, 2, 3, 3, 3, -8, 4, -3, -5, -6, -8, 0, -4, 3, -3, 1, -6, 3, 1, 4, -4, 4, 1, -7, -1, 0, -8, 2, -1, 2, -3, -6, 0, 1, 3, -1, -8, -5, -8, 4, -8, 0, -2, -8, 2, -5, 1, -4, -2, -7, -1, 0, -4, -6, -2, 3, 4, -6, 0, 3, -5, 3, -2, 0, -8, -7, -2, 0, 0, -7, -3, -5, -3, 3, -2]
 
0.937675552993: [-8, 0, -6, -5, -7, -4, -3, -1, 2, 0, -1, -7, -4, -2, -8, -5, 3, -6, -8, -1, 3, 3, -6, -2, -4, 4, -4, -4, -1, -3, -1, 2, -4, 3, -5, -2, -7, 4, 1, -7, 4, -3, -1, -1, -4, 3, -7, -4, -5, -3, -7, 4, 3, -6, 2, -6, 0, -3, 4, 2, -5, -5, 1, -3, -3, 2, -4, -6, -2, -4, 1, -2, -6, -8, 1, -8, 3, 0, -8, -6, 2, -8, -5, -4, -2, -1, -6, -5, -8, -5, -7, -5, 2, 0, 2, -5, 1, -2, 0, -4, -5, -5, -3, -2, 0, -4, 0, -3, -8, 2, -5, -8, -1, 2, -2, -2, -6, 1, -7, 3, -1, 4, 0, -8, 3, 1, -1, 3]
 
1.83009629662: [-2, 2, -2, 3, 1, -2, -5, -1, 0, -7, 2, -2, -7, 0, -8, 0, -8, -8, -8, -1, 3, 3, -3, 3, -5, 0, -6, -6, -8, 1, -1, 2, 2, 3, -2, -2, -7, -7, 1, -7, -5, -3, 4, -6, -3, 3, 3, -3, -4, -5, -1, -1, -8, -6, 4, -3, -5, -5, -1, -8, -6, 3, -1, 0, -1, 0, 1, 1, -5, -8, 2, -5, -1, 1, -8, -6, 4, -3, -5, -7, -7, -3, 2, -6, 2, 2, 3, -3, -6, -4, -7, -4, 3, 2, -5, -7, -3, 4, -2, -3, -6, 3, 2, -2, -1, 3, 4, 0, 1, -2, -8, -7, -8, -5, -8, -8, 3, 0, -2, -4, -4, -5, -7, -5, 1, -1, -3, -3]
 
1.70264369761: [-4, -5, -2, -6, 1, -5, 3, -8, -5, 1, 4, -2, -7, -1, -4, 1, 1, 0, -6, -1, -7, -2, -1, -2, -8, -1, 3, -1, -6, 1, -4, -3, 1, -4, 2, -5, -8, 0, 0, -7, -5, -5, -4, 4, -2, 2, 2, 2, 1, -6, -8, 0, -8, 4, -7, -7, -8, -8, -7, 2, -8, 1, -8, -6, -5, -8, 3, -6, -2, -3, 2, -6, 3, 1, 0, -4, 3, -6, -2, -5, 4, -5, 3, -6, 1, -1, -1, 3, -3, -7, 2, 1, -8, -8, -7, -2, -8, -3, 0, 0, 3, -1, 1, 1, -6, -6, -4, 2, -5, 0, -7, 2, -7, 2, -1, -2, -8, -7, -7, -2, -3, -8, -6, -6, -2, 2, -7, -4]
 
1.40696575459: [-3, -2, 3, -2, -7, 1, -2, 4, 4, -1, 4, -7, 1, 0, -8, -2, 3, -7, -6, 3, 4, 3, -3, -5, 0, 4, -4, -4, -1, -3, -1, 2, -4, -8, -3, -2, -7, 4, -5, -7, 4, -3, -1, 3, -3, 3, 2, -4, -6, -3, -7, 4, -3, -6, 2, 3, 0, -3, 4, 2, -5, -5, -5, 4, 1, 2, 3, -6, 4, -1, 2, 1, 3, -8, 2, -2, -5, -4, 0, -8, -2, -1, -7, -6, -4, 3, -5, 2, -2, -1, 2, -3, 4, -1, 0, -8, 0, -4, 2, -8, 3, -5, -7, -7, -3, -1, 0, 2, 0, 1, 4, -8, -8, 2, -2, -2, -6, 1, -7, 3, -1, 4, 0, -8, 3, 1, -1, 3]
 
0.748976038403: [-7, -3, -1, -3, 4, -6, -7, 3, -1, -1, 1, -8, -6, 1, -7, -5, 4, -4, 2, -6, 3, -3, -3, -3, 4, -3, -1, -1, 1, -4, 0, -7, -2, -4, -8, -8, 2, -2, 2, -6, -4, -6, -3, -8, 4, -5, 2, -7, 1, -1, 0, -7, 0, 1, 2, 2, -3, -3, 3, -2, 2, -8, 1, -3, -3, 1, -4, -6, -7, -2, -6, -8, 2, -8, 2, -2, 3, 2, -6, -1, -2, -2, -1, -6, -7, 1, 0, -8, -4, -1, -4, -8, 3, -8, 0, 1, -1, 2, -5, 0, -4, -2, -8, -1, 0, 2, -3, -7, 3, -1, -5, -6, 3, -5, 1, -5, 3, -4, 4, -1, 2, 4, -3, 1, 4, -5, -5, -6]
 
2.05942757752: [-3, -2, 3, -2, -7, 1, -2, 4, 4, -1, 4, -7, 1, 0, -8, 1, 1, 0, -6, -1, -7, -2, -1, -2, -8, -1, 3, -1, -6, 1, -4, -3, 1, -4, 2, -5, -8, 0, 0, -7, -5, -5, -4, 4, -2, 2, 2, 2, 1, -6, -8, 0, -8, 4, -7, -7, -8, -8, -7, 2, -8, 1, -8, -6, -5, -8, 3, -6, -2, -3, 2, -6, 3, 1, 0, -4, 3, -6, -2, -5, 4, -5, 3, -6, 1, -1, -1, 3, -3, -7, 2, 1, -8, -8, -7, -2, -8, 4, -2, -3, -4, -2, -7, 2, 1, -2, 0, -2, 1, 2, 1, -8, 0, -5, 2, -3, -1, 0, -4, 4, -3, -2, 3, 3, 2, 1, 2, -3]
 
1.3749709994: [-4, -5, -2, -6, 1, -5, 3, -8, -5, 1, 4, -2, -7, -1, -4, -2, 3, -7, -6, 3, 4, 3, -3, -5, 0, 4, -4, -4, -1, -3, -1, 2, -4, -8, -3, -2, -7, 4, -5, -7, 4, -3, -1, 3, -3, 3, 2, -4, -6, -3, -7, 4, -3, -6, 2, 3, 0, -3, 4, 2, -5, -5, -5, 4, 1, 2, 3, -6, 4, -1, 2, 1, 3, -8, 2, -2, -5, -4, 0, -8, -2, -1, -7, -6, -4, 3, -5, 2, -2, -1, 2, -3, 4, -1, 0, -8, 0, -4, 2, -8, 3, -5, -7, -7, -3, -1, 0, 2, 0, 1, 4, -8, -8, 2, -2, -2, -6, 1, -7, 3, -1, 4, 0, -8, 3, 1, -1, 3]
 
1.89127352842: [-7, -3, -1, -3, 4, -6, -7, 3, -1, -1, 1, -8, -6, 1, -7, -5, 4, -4, 2, -6, 3, -3, -3, -3, 4, -3, -1, -1, 1, -4, 0, -7, -2, -4, -8, -8, 2, -2, 2, -6, -4, -6, -3, -8, 4, -5, 2, -7, 1, -1, 0, -7, 0, 1, 2, 2, -3, 2, -1, 1, -4, 4, -5, 0, 1, -5, -2, -8, -2, 0, 0, 3, -7, -3, -8, -5, -7, -8, -4, -4, -8, 1, -2, 1, -4, -3, -6, 0, -5, 2, -7, 3, -3, -5, 2, 3, -7, -2, -6, -4, 1, -3, -2, 3, 3, -6, 4, -3, -6, -8, -2, -8, 3, 2, -2, -8, -1, 3, -2, -6, -7, 0, 0, 2, -2, -1, -5, 0]
 
2.4296089101: [-2, 2, -2, 3, 1, -2, -5, -1, 0, -7, 2, -2, -7, 0, -8, 0, -8, -8, -8, -1, 3, 3, -3, 3, -5, 0, -6, -6, -8, 1, -1, 2, 2, 3, -2, -2, -7, -7, 1, -7, -5, -3, 4, -6, -3, 3, 3, -3, -4, -5, -1, -1, -8, -6, 4, -3, -5, -5, -1, -8, -6, 3, -1, 0, -1, 0, 1, 1, -5, -8, 2, -5, -1, 1, -8, -6, 4, -3, -5, -7, -7, -3, 2, -6, 2, 2, 3, -3, -6, -4, -7, -4, 3, 2, -5, -7, -3, -3, 0, 0, 3, -1, 1, 1, -6, -6, -4, 2, -5, 0, -7, 2, -7, 2, -1, -2, -8, -7, -7, -2, -3, -8, -6, -6, -2, 2, -7, -4]
 
0.79428869971: [1, -8, -2, -2, -3, -4, -1, 3, -2, -7, 3, 2, -8, 2, 1, -8, -2, -2, -8, 1, -2, -7, -8, -4, -1, 3, 4, -4, -3, -3, 2, -1, -6, 4, 1, -6, -7, -1, -8, -5, 1, -7, -4, 0, 2, -1, 3, -8, 0, -6, -1, 2, -8, -2, -7, 0, -5, -3, 4, 4, -1, -8, 1, -7, -3, 2, -3, -4, -5, -4, -4, -6, -8, -8, 1, -8, 3, 0, 0, -8, 0, -1, -1, -8, 2, 2, 2, 1, -6, -8, -5, -6, 2, -7, -2, 3, -4, -2, 1, -8, -4, -7, 1, 4, 1, 4, 0, -7, -3, -6, 4, -8, 1, -6, -1, -2, 2, -2, -7, -2, -7, 4, -3, 1, 4, -6, -5, -6]
 
2.70847044399: [-4, -5, -2, -6, 1, -5, 3, -8, -5, 1, 4, -2, -7, -1, -4, 1, 1, 0, -6, -1, -7, -2, -1, -2, -8, -1, 3, -1, -6, 1, -4, -3, 1, -4, 2, -5, -8, 0, 0, -7, -5, -5, -4, 4, -2, 2, 2, 2, 1, -6, -8, 0, -8, 4, -7, -7, -8, -8, -7, 2, -8, 1, -8, -6, -5, -8, 3, -6, -2, -3, 2, -6, 3, 1, 0, -4, 3, -6, -2, -5, 4, -5, 3, -6, 1, -1, -1, 3, -3, -7, 2, 1, -8, -8, -7, -2, -8, 4, -2, -3, -4, -2, -7, 2, 0, -4, 2, -7, 3, -4, 1, 3, 4, -3, 2, -4, -8, -1, -7, 4, -3, -2, 3, -6, -1, 4, 2, -2]
 
1.18104148287: [-8, 0, -6, -5, -7, -4, -3, -1, 2, 0, -1, -7, -4, -2, -8, -5, 3, -6, -8, -1, 3, 3, -6, -2, -4, 4, -4, -4, -1, -3, -1, 2, -4, 3, -5, -2, -7, 4, 1, -7, 4, -3, -1, -1, -4, 3, -7, -7, 1, -1, 0, -7, 0, 1, 2, 2, -3, -3, 3, -2, 2, -8, 1, -3, -3, 2, -4, -2, -5, -1, 0, -4, -7, 0, 4, -3, -7, 1, -4, -1, 4, -4, -2, 1, -4, -4, -6, 0, -2, -5, -7, -8, -3, -7, 1, 3, -7, -2, 3, -4, 1, 3, 2, -3, 0, -5, -3, -5, -2, -1, -2, -8, 3, 2, 3, -4, -2, 3, 4, -6, 3, -5, 0, 0, -2, 4, 3, 4]
 
0.737139057295: [-2, 2, -2, -6, 1, -2, 1, -1, 0, -7, 3, -2, -7, 0, -8, -2, -8, -8, -8, -1, 3, 3, -6, -5, -5, -7, -5, -4, -1, 4, -1, 2, 2, 3, -2, -2, -7, -7, 1, -7, -5, -3, -1, -6, -3, 3, -8, -3, -5, 1, -6, 4, -1, -6, 2, 3, 3, 3, -4, 2, -5, 1, -5, -5, 4, -5, -4, -6, -7, 2, 2, -3, -1, -8, 0, -7, -4, 2, -7, -1, -2, -2, -1, 4, -8, -1, 0, -8, -3, 2, 2, -8, 4, -6, 1, -7, -8, 1, -1, -6, -4, -1, -2, -5, 1, 0, 4, -5, -8, -8, 1, -6, -5, 1, -8, -2, -8, -8, 4, -4, -8, -2, 3, -6, -2, 2, -7, -7]
 
1.44749069196: [-2, 2, -2, 3, 1, -2, -5, -1, 0, -7, 2, -2, -7, 0, -8, 0, -8, -8, -8, -1, 3, 3, -3, 3, -5, 0, -6, -6, -8, 1, -1, 2, 2, 3, -2, -2, -7, -7, 1, -7, -5, -3, 4, -6, -3, 3, 3, -3, -4, -5, -1, -1, -3, -6, 4, -3, -5, -5, 2, -8, -6, 3, -1, 3, -1, 0, 1, 1, -5, 3, 2, -5, -1, 1, -8, 0, 4, -3, 1, -8, 3, 4, 2, -6, -5, 0, 1, 3, -1, -1, -7, 3, 3, 2, 1, 3, -3, -3, 0, 1, -6, -3, -3, -6, -6, -6, 3, 2, 4, -3, -8, 2, -7, -6, -1, -2, 2, -2, -7, -2, -7, 4, -3, 1, 4, -6, -5, -6]
 
1.81974929777: [1, -8, -2, -2, -5, -4, -1, 3, -2, -7, 1, 2, -8, 2, 1, -8, -2, -2, -8, 1, 3, -6, 4, -4, -1, 3, 4, -4, -3, -7, 2, 0, -4, -6, 3, -5, -2, -1, 3, -7, 1, -6, -1, 0, 4, -2, -2, -4, -5, -5, -1, -1, -8, -6, 4, -3, -5, -5, -1, -8, -6, 3, -1, 0, -1, 0, 1, 1, -5, -8, 2, -5, -1, 1, -8, -6, 4, -3, -5, -7, -7, -3, 2, -6, 2, 2, 3, -3, -6, -4, -7, -4, 3, 2, -5, -7, -3, -3, 0, 0, 3, -1, 1, 1, -6, -6, -4, 2, -5, 0, -7, 2, -7, 2, -1, -2, -8, -7, -7, -2, -3, -8, -6, -1, 1, 2, -8, 4]
 
1.3852216185: [-3, -2, -8, 1, -1, -7, -8, 4, -6, -1, -5, -1, -4, -6, 2, 0, 4, 2, -2, -8, -1, -5, -8, 0, -6, -4, -8, -7, -8, 1, -7, -1, 4, -4, 4, -7, -8, -4, 1, -8, 4, -1, 2, -4, -7, 3, 1, 0, -7, 2, -1, -1, -8, -6, 4, -3, -5, -5, -6, -8, -3, 3, -1, 0, -1, 0, 1, 1, 4, -8, 2, -5, -1, 1, -8, -6, 0, -3, -5, -7, -7, -3, 2, 2, 2, 2, -2, -8, -6, -4, 1, -5, 3, 2, -5, -3, 4, -3, 0, 0, 3, -1, 1, 1, -6, -8, -4, 2, -5, 0, 0, 2, -7, 2, -4, -2, -8, -4, -6, 0, -3, -8, -6, -2, -2, -5, -5, 1]
 
1.24821968717: [-2, 2, -2, 3, 1, -2, -5, -1, 0, -7, 2, -2, -7, 0, -8, 0, -8, -8, -8, -1, 3, 3, -3, 3, -5, 0, -6, -6, -8, 1, -1, 2, 2, 3, -2, -2, -7, -7, 1, -7, -5, -3, 4, -6, -3, 3, 3, -3, -4, -5, -3, -1, -5, 3, 1, -6, -3, 0, -2, -1, 4, -4, -5, -8, 0, -4, 3, -3, 4, -4, 4, -4, 3, 0, -3, -3, 1, 2, -8, -6, 2, -8, -5, -4, -2, -1, -6, -5, -8, -5, -7, -5, 2, 0, 2, -5, 1, -2, 0, -4, -5, -5, -3, -2, 0, -4, 0, -3, -8, 2, -5, -8, -1, 2, -2, -2, -6, 1, -7, 3, -1, 4, 0, -8, 3, 1, -1, 3]
 
0.943431931621: [-3, 0, 3, -2, -5, 1, -2, 4, 4, -5, 4, -1, -1, 0, -8, -2, 3, -2, -6, 3, -7, 3, -3, -5, 0, -2, -4, -4, -1, -3, 0, 2, -4, -8, -3, -2, -7, -7, -5, 3, 4, -3, -5, 3, -3, 3, 2, -4, -6, -3, -7, 4, -3, 1, 2, 3, -3, -3, -4, 2, -5, -8, 2, 4, 0, 0, 3, 2, 4, -1, 2, 1, -5, -8, -2, -2, -1, -4, 0, -8, -2, -1, 0, -6, -7, 1, 0, 0, -4, 4, 4, -3, 3, -8, 0, 1, -1, 2, -5, 0, -4, -2, -8, -1, 0, 2, -3, -7, 0, -3, -8, 2, 3, -6, -1, -3, 2, 0, -7, -2, -5, -7, -3, 1, 4, -6, -5, -6]
 
1.35116153471: [-2, 2, -2, 3, 1, -2, -5, -1, 0, -7, 2, -2, -7, 0, -8, 0, -8, -8, -8, -1, 3, 3, -3, 3, -5, 0, -6, -6, -8, 1, -1, 2, 2, 3, -2, -2, -7, -7, 1, -7, -5, -3, 4, -6, -3, 3, 3, -3, -4, -5, -1, -1, -3, -6, 4, -3, -5, -5, 2, -8, -6, 3, -1, 3, -1, 0, 1, 1, -5, 3, 2, -5, -1, 1, -8, 0, 4, -3, 1, -8, 3, 4, 2, -6, -5, 0, 1, 3, -1, -1, -7, 3, 3, 2, 1, 3, -3, -3, 0, 1, -6, -3, -3, -6, -6, -6, 3, 2, 3, -1, -5, -6, 3, -5, 1, -5, 3, -4, 4, -1, 2, 4, -3, 1, 4, -5, -5, -6]
 
