1.14310947625: [6, 3, 5, -4, -6, -2, 3, 4, 4, 6, 2, -3, -1, 2, 4, 1, 5, -5, -2, 3, 2, -4, -2, -2, 2, 1, 3, 2, 0, 2, -2, 6, 6, 0, -1, -2, -5, 2, 3, 1, -5, 5, -3, -6, 4, 6, -5, -3, -5, 6, -6, -1, -4, 3, -2, -6, -2, 0, 6, 3, -3, 4, 3, 4, -4, -1, -1, 2, -6, 6, 1, 5, -4, -3, 1, -5, 6, 5, -3, -6, 4, -2, 0, -2, 3, -5, 1, -6, -4, 6, 6, -2, -6, -3, 4, -3, -2, -3, -1, 1, 0, -6, 2, -5, -4, -5, 4, 4, 4, -1, -3, -2, 6, 0, -4, -2, -6, -3, 0, 3, -1, 6, -3, 2, 0, -2, 2, -3]
 
2.662972690318473: [5, -5, 0, -1, 4, -6, -6, -2, 4, -4, 2, -6, -6, 2, 4, 1, 0, 1, 4, 3, 3, -4, -2, -2, 2, -6, 3, 5, -4, 2, -2, -4, 6, -5, -1, -2, 1, 2, -2, 5, -4, 4, -6, -6, 6, 6, -5, 0, -6, 6, -5, -1, 6, 1, -1, -6, -2, 1, 6, -4, -6, 6, 0, 4, -2, 6, -4, 6, -6, -4, 6, -4, 5, 6, 6, -2, 2, 6, 2, 6, 1, -3, -4, -4, 3, -5, 1, -6, -4, 3, -1, 1, 5, -3, -2, -4, -2, -1, -6, 1, -4, -1, 5, -4, 6, -6, -1, 2, -2, 2, -3, 5, 6, 5, 5, -1, 6, -4, -3, -2, -4, 1, -6, -1, -5, 5, -1, 0]
 
2.0672444248414177: [0, -1, -5, 3, 2, -1, -6, -6, 2, 0, 2, 2, -2, 2, 2, 1, -4, -3, -4, 2, 3, -4, -5, -4, 2, -3, 5, 5, 5, -2, 2, 5, -2, 2, 2, -2, 1, 2, 6, 5, 2, 4, -6, -1, 6, -6, -5, 0, -6, -5, 2, -1, 6, 1, -6, -6, -2, 1, 6, -4, -6, 6, 0, -3, -2, 6, -4, 6, -6, 4, 6, -1, -3, 1, -6, 1, 2, 6, 2, 6, 3, 2, -4, -4, 0, -5, 1, -6, -4, 3, -2, -2, 5, -3, -2, -2, -2, -1, -6, -1, 0, -5, 4, -3, -4, 2, -4, -1, -5, -6, 6, 5, -5, 4, 3, 5, 2, -6, 4, 1, -4, 1, 5, -3, 4, 3, 2, 1]
 
0.646549069005: [3, -5, 0, -3, 1, 5, 1, -2, -1, 5, 2, -5, 2, 2, 4, 2, 0, 4, -1, 0, 3, -4, 6, -2, -6, 0, 0, 4, 0, 4, 6, 0, -1, 2, -5, 4, 2, -5, -6, -4, -1, 1, 4, 3, 6, 1, 6, 0, -6, 6, -5, -1, 6, -4, -6, -6, -2, -1, 6, -4, -6, 4, -4, 4, -2, -3, -4, 6, -5, -3, -4, -4, -3, 5, 5, 4, 5, 6, -3, 3, -4, -5, -6, -6, 5, 3, 6, -6, -3, 6, 6, 5, -5, 6, -2, -4, 0, -5, 6, 3, 6, -1, 5, -4, -6, 0, -1, -5, 4, 2, 0, 1, -4, -3, 3, 6, 2, -1, 1, 4, -4, 3, 3, -2, 1, 3, 2, 2]
 
-1000: [-6, -3, 0, 2, 1, 2, 1, -2, -5, 5, 2, 2, -4, 2, -2, -2, -4, -2, -6, 1, -6, -4, -2, 2, -2, 0, -2, 0, 3, 5, 5, -5, 3, -5, -1, -5, 5, 5, 3, -5, 1, 5, 6, -6, 1, 0, -1, -3, -5, 2, 2, -1, 2, 3, -5, -3, 3, -5, -2, 6, 6, 1, -4, -2, 5, -6, -4, -1, -1, -2, 5, 1, 6, 2, 1, -5, 5, 4, 4, -6, -3, 0, -4, -3, -5, 6, 0, -5, -3, -5, 2, 5, -3, 5, 2, -4, 1, 3, 1, 2, 1, -1, 0, 3, 1, 5, 5, -6, -1, 2, -3, -6, -5, -4, -3, -6, -2, 5, 0, 1, 3, 6, 6, 0, -2, 1, -3, 5]
 
1.8657581258859788: [6, -5, 0, -3, 1, -6, -6, -2, 4, 5, 2, -5, 4, 2, -1, 2, 0, 5, -1, 0, 3, -4, 1, -2, 2, -6, 4, -5, 6, 4, 5, 0, -6, -5, -1, -2, 5, 1, 3, -2, -5, 4, -2, -6, 3, 1, -1, -3, -5, 6, 4, -1, -4, 3, -2, 6, -6, -4, 5, -2, -3, -2, 0, 5, -6, -6, -4, -2, -4, -1, 6, 5, 5, -4, 5, -5, -4, 3, 6, -2, 1, -3, -4, 0, 1, 5, -3, -5, -3, 0, 3, 4, 5, 3, 2, -4, -2, -1, -6, 1, -4, 4, 2, 5, -4, 2, 0, 3, -6, 2, -3, 4, 6, 5, -3, 4, 6, -3, 0, 1, -6, 0, -5, -4, 0, 1, 5, 6]
 
1.0112092942930038: [-1, 4, -5, -2, -3, 4, -5, 4, 3, -5, -4, -1, -5, -1, -4, 3, -5, 4, 4, -1, 6, -6, -2, 0, -3, -4, -2, 5, 0, 2, -6, -2, 5, -5, -1, -2, -1, 2, 1, 5, -4, 0, 6, -6, 6, 2, -5, 3, -4, 4, 4, -4, -2, -3, -5, -5, 6, 1, 4, 6, 1, -1, -6, -2, 4, -6, -3, 4, 4, -2, 0, 6, -2, -1, -5, -6, 1, 4, -6, -1, 1, 6, 0, 4, -1, 6, 6, 4, 1, -5, 0, -4, -4, 3, -4, -6, 3, 5, 1, 2, 1, -2, -5, -6, -2, 4, -1, -1, -5, -6, 3, -2, 3, 6, 6, 1, 2, -1, -2, 5, -4, -6, -4, -2, -1, 1, -2, 0]
 
0.9032612743072699: [-1, -3, -6, 6, 6, -6, 0, -3, 3, 3, 2, -5, 1, -4, 1, 0, -6, 4, -1, -5, -1, -4, 6, 6, -2, -6, 4, -5, -6, 5, 1, -6, -6, -5, -1, 5, 5, -2, 3, 2, 2, 4, -2, 1, 3, 1, 0, 6, 3, 6, 4, -3, 5, 2, -3, -3, 1, 3, 5, -2, -3, 6, 0, 2, -4, -2, 2, -6, -4, 4, 0, 0, 6, -4, 5, -2, 2, 3, 5, 1, 1, 3, -4, -3, -6, -1, 0, -6, -3, 6, 5, 5, 3, 3, 5, -4, 0, -6, -1, -4, -2, 4, 6, -5, -2, 2, -1, 4, 3, 2, 6, -2, 6, 0, 0, -4, -6, -3, 0, 0, -2, -3, 3, 2, 0, -2, 1, -3]
 
0.30311422836: [6, -3, -4, 3, 4, -5, 1, 2, 1, -5, 3, -4, -5, 2, -6, 5, 6, -2, 3, -2, 5, -3, 3, -3, -5, -2, 4, 4, 1, -6, 6, 4, 6, -5, 5, 2, -6, -4, -5, -2, 2, -6, 6, 5, 4, 0, -1, -1, -6, 2, -4, 6, 5, 3, 3, -4, 1, -4, 2, 3, -4, -4, -6, 1, 4, 1, -5, -5, -5, -5, 3, -1, 5, -1, -1, 6, 3, 3, 4, 3, -6, -3, 3, -5, 6, -2, -5, 2, -1, 1, 5, 5, 3, -1, -4, -5, 5, -2, -5, -6, 3, -4, -6, 1, 3, 5, -1, 6, 5, 2, -2, 1, 0, -1, -2, -1, -4, 3, 6, -5, -4, 2, -3, 4, -5, -4, -6, -6]
 
2.2208588972247476: [6, 3, 5, -6, 4, -6, 2, 6, -2, -3, 3, 6, -5, 2, -6, -2, -2, -2, 5, -2, -2, -3, 2, -6, -3, -2, 4, 4, 1, 4, 5, 0, -6, -5, -1, -2, 5, 1, 3, -2, -5, 4, -2, -6, 3, 1, -1, -3, -5, 6, 4, -1, -4, 3, -2, 6, -6, -4, 5, -2, -3, -2, 0, 5, -6, -6, -4, -2, -4, -1, 6, 5, 5, -4, 5, -5, -4, 3, 6, -2, 1, -3, -4, 0, 1, 5, -3, -5, -3, 0, 3, 4, 5, 3, 2, -4, -2, -1, -6, 1, -4, 4, 2, 5, -4, 2, 0, 3, -6, 2, -3, 4, 6, 5, -3, 4, 6, -3, 0, 1, -6, 0, -5, -4, 0, 1, 5, 6]
 
0.929206726021: [6, 4, 4, -6, -1, 0, -5, 0, 0, -4, 4, -5, -6, 2, 1, 1, -4, 1, 4, -4, 4, -4, -4, -6, -5, 0, 2, 5, -4, -5, -2, -5, 6, 2, 6, -2, 4, 2, 3, -1, -1, -5, -3, -5, 3, -5, 0, 6, 3, 3, -3, 0, -1, 5, -2, 6, 2, 6, -1, 4, -3, -4, 0, -1, -1, 2, -3, -2, -6, 0, 6, -2, 3, -4, -6, -5, -4, -5, 5, -1, 6, -3, -4, 3, -2, -5, 1, 2, -5, 6, 1, 6, -6, 3, -5, -6, -2, -3, 5, 5, 4, -6, -4, -5, 4, 2, 2, 4, 4, -5, -3, -1, 1, 0, -2, 4, -6, 1, -2, 5, -6, -3, 3, -1, 0, 2, 5, -3]
 
3.8947181194377904: [0, -3, -5, 3, 6, -6, -6, -2, 3, -6, 2, -1, -5, -4, 4, 1, -5, 4, 0, -5, -1, 5, 1, 6, -2, -6, 4, -5, 6, -6, 6, 2, 6, 4, -1, -2, -2, 6, -2, 2, -5, 4, -3, 5, 4, 2, -1, -6, -6, 6, 4, -6, -4, 3, 6, 1, 1, -4, 5, -6, -6, -2, 6, 1, -6, 4, -4, 3, -5, -5, 3, 5, 5, -1, 5, -5, 3, 3, 4, -2, -6, 6, 3, -5, 6, 5, -3, 2, 0, -1, 5, 5, 3, -1, 3, -5, -1, -2, -5, -6, 5, -2, 3, -1, -6, -2, -6, 6, 4, -3, 4, 1, 0, 4, 6, -1, -4, -6, 6, -5, -1, 6, 4, -6, -5, -4, -6, -6]
 
1.8268833351026164: [-6, -3, -5, 3, 6, -6, -6, -2, 3, -6, 2, -1, -5, -4, 4, 1, -5, 4, 0, -5, -1, 5, 1, 6, -2, -6, 4, -5, 6, 4, 5, 0, -6, -5, -1, -2, 5, 1, 3, -2, -5, 4, -2, -6, 3, 1, -1, -3, -5, 6, 4, -1, -4, 3, -2, 6, -6, -4, 5, -2, -3, -2, 0, 5, -6, -6, -4, -2, -4, -1, 6, 5, 5, -4, 5, -5, -4, 3, 6, -2, 1, -3, -4, 0, 1, 5, -3, -5, -3, 0, 3, 4, 5, 3, 2, -4, -2, -1, -6, 1, -4, 4, 2, 5, -4, 2, 0, 3, -2, 2, -3, 5, 6, 5, 5, -1, 6, -4, -3, -2, -4, 1, -6, -1, -5, 5, -1, 0]
 
1.08702594114721: [1, -5, -3, 0, -6, 2, -6, -2, 4, -4, 2, -6, -6, 2, 4, 1, 0, 1, 4, 3, 3, -4, -2, -2, 2, -6, 3, 5, -4, 2, -2, -4, 6, -5, -1, -2, 1, 2, 3, 2, -4, -5, -6, -3, -2, -6, -1, 6, 3, 6, 3, 0, -6, 5, -2, 6, 2, 4, 6, -3, -3, -2, 0, 5, -6, -6, -4, -2, -4, -1, 6, 5, 5, -4, 5, -5, -4, 3, 6, -2, 1, -3, -4, -2, 3, -5, 1, -6, -4, 6, 6, 6, 5, -3, 4, -4, -2, -3, -1, 4, -2, -6, 2, -5, -4, 2, 0, 4, 4, -1, -3, -1, 6, 0, -2, 4, -6, -3, 0, 5, -6, -3, 3, 2, 0, -2, 5, -3]
 
2.0369373496288974: [0, -3, -5, 3, 6, -6, -6, -2, 3, -6, 2, -1, -5, -4, 4, 1, -5, 4, 0, -5, -1, 5, 1, 6, -2, -6, 4, -5, 6, 4, 5, 0, -6, -5, -1, -2, 5, 1, 3, -2, -5, 4, -2, -6, 3, 1, -1, -3, -5, 6, 4, -1, -4, 3, -2, 6, -6, -4, 5, -2, -3, -2, 0, 5, -6, -6, -4, -2, -4, -1, 6, 5, 5, -4, 5, -5, -4, 3, 6, -2, 1, -3, -4, 0, 1, 5, -3, -5, -3, 0, 3, 4, 5, 3, 2, -4, -2, -1, -6, 1, -4, 4, 2, 5, -4, 2, 0, 3, -6, 2, -3, 4, 6, 5, -3, 4, 6, -3, 0, 1, -6, 0, -5, -4, 0, 1, 5, 6]
 
1.88198205468: [-3, 1, 5, -2, 4, -5, -4, 6, -1, -3, 0, -6, -4, 2, -5, 1, 0, -6, 4, 3, 3, -4, -2, -2, 0, -4, 3, -5, 4, 1, 3, -3, -6, -5, -1, 4, 6, 3, 3, -2, -5, 4, -5, 0, 3, 1, -1, 3, 2, 2, 4, -5, -5, 5, -6, 6, -4, 2, 5, -2, -3, -3, 0, 5, -6, -6, -4, -4, 5, 5, 6, 5, -4, 4, 5, -5, -4, 3, 3, 0, 1, 0, 0, -5, 2, 6, -5, 4, 0, -1, -3, 1, -4, 3, 2, -3, 6, 5, 3, -5, 6, 4, 4, 3, 0, 0, -1, -5, 0, 2, 0, 1, 3, -3, 3, 4, 2, -1, 5, -2, 1, -6, -4, 2, -1, -4, 4, 0]
 
0.6022904869477083: [-1, 3, 5, -4, 1, -2, -6, 4, 4, 6, 2, -3, -1, 2, 4, 1, 5, -5, -2, 3, 2, -4, -4, -2, 2, 1, 3, 2, 0, 2, -2, 6, 6, 0, -1, -2, 4, 2, -4, 5, -2, 5, -6, -6, -6, 6, -5, 0, -6, 6, 5, -1, 6, -3, -1, -2, -1, 1, 6, 3, -6, 6, 0, 4, -2, 4, -5, 6, -6, -3, 4, -4, 5, -6, -4, -2, 2, -5, -5, 4, 1, -3, -4, -4, -5, -2, 1, 6, 0, 3, -1, 4, 5, -3, -2, -6, -2, -1, -5, 1, -4, 4, 2, 5, -4, -2, 0, -5, -6, 2, -3, 3, 6, 5, -3, 4, -1, -3, 0, 1, -6, 0, -5, -4, -4, 6, -4, 6]
 
2.088170369346667: [0, -3, -5, 3, 6, -6, -6, -2, 3, -6, 2, -1, -5, -4, 4, 1, -5, 4, 0, -5, -1, 5, 1, 6, -2, -6, 4, -5, 6, 4, 5, 0, -6, -5, -1, -2, 5, 1, 3, -2, -5, 4, -2, -6, 3, 1, -1, -3, -5, 6, 4, -1, -4, 3, -2, 6, -6, -4, 5, -2, -3, -2, 0, 5, -6, -6, -4, -2, -4, -1, 6, 5, 5, -4, 5, -5, -4, 3, 6, -2, 1, -3, -4, 0, 1, 5, -3, -5, -3, 0, 3, 4, 5, 3, 2, -4, -2, -1, -6, 1, -4, 4, 2, 5, -4, 2, 0, 3, -6, 2, -3, 4, 6, 5, -3, 4, 6, -3, 0, 1, -6, 0, -5, -4, 0, 1, 5, 6]
 
1.25523825256: [-6, -3, -3, -3, 5, -6, -4, 4, -2, -3, 3, 6, -5, 2, -5, -2, -2, -2, 5, -2, -2, -3, 1, -2, -3, -2, 5, 4, -4, -6, 6, 0, 6, 4, -1, -2, -4, 6, -2, -5, -5, 4, -3, -6, 4, 1, -1, -6, -6, 6, 4, -6, -6, -1, 6, 1, 1, -4, 5, 6, 6, -4, 6, 6, -2, -5, 5, 3, -5, -6, 5, 5, 5, -1, 5, -5, -2, 3, 4, -5, 2, 1, 3, 0, -6, 5, -2, 2, 0, -1, 5, 5, 3, -1, -3, -4, -5, -2, 1, -4, 5, -2, 6, -1, -6, -2, 4, 6, 4, -3, 2, 1, 3, 4, 6, -1, -4, 0, -2, -5, -1, -5, 4, -6, -2, -4, -6, 2]
 
1.3145314727743105: [0, -1, -5, 1, 5, -1, -6, 4, 2, 0, -2, -1, -2, 4, 2, 1, -4, -3, -4, -5, 0, -4, 3, -4, -3, -3, 5, 5, 5, -2, -5, 5, -2, 2, -4, -2, -3, 2, 6, 2, 2, -5, -6, -1, 2, -6, -5, 0, -6, -5, -5, -1, 6, 1, 2, -4, -2, 1, 6, -4, -6, -1, -2, -3, -2, -2, -4, 6, 3, 4, 6, 2, -3, 1, -6, 1, 2, -4, 2, 6, 3, 0, -4, 5, -2, 5, 3, -6, 2, 1, 1, -2, 3, -3, -2, -2, -2, -6, -6, -1, 0, 2, -4, -3, -4, 6, -4, -1, -5, -6, 6, 5, 0, 4, 3, 5, 3, -5, -4, 1, 5, 0, 3, 2, 0, 4, 6, -4]
 
1.8886641705981257: [-6, -3, 0, -3, 1, -6, -6, 6, -2, -3, 3, 6, -5, 2, -6, -2, -2, -2, 5, -2, -2, -3, 2, -6, -3, -2, 4, 4, 1, -6, 6, 2, 6, 4, -1, -2, -2, 6, -2, 2, -5, 4, -3, 5, 4, 2, -1, -6, -6, 6, 4, -6, -4, 3, 6, 1, 1, -4, 5, -6, -6, -2, 6, 1, -6, 4, -4, 3, -5, -5, 3, 5, 5, -4, 5, -5, -4, 3, 6, -2, 1, -3, -4, 0, 1, -5, 1, -6, -4, 3, -1, 1, 5, -3, -2, -4, -2, -3, -1, 1, -2, 4, 2, 5, -4, 2, 0, 3, -5, -1, -3, -1, 6, -5, -2, 4, 3, -3, 0, 1, -6, 0, -4, 0, -5, 0, -1, 0]
 
0.9006549957332144: [6, -5, -5, 3, 5, 1, -6, -3, 3, 6, 3, 6, -5, -3, 4, -5, -5, 4, 0, -5, 6, 2, 1, 6, -2, -6, 4, 5, 6, 4, -4, 0, -6, 5, -1, -2, 5, 1, 3, -2, -5, 4, -2, -6, -2, 1, -1, -6, -5, -4, 2, -1, -3, 5, -2, -6, 4, -2, -1, -3, 4, 6, 5, 4, -2, 6, -3, -1, -6, 2, 6, 1, 5, 2, 0, -2, 2, 3, -3, 5, -1, -2, -4, -2, -4, -5, -1, 0, -1, 3, -1, -6, -4, -2, 6, -4, -2, 5, -1, -1, -2, -5, 4, -1, -6, 2, -4, -5, 5, 4, 1, 4, 1, 1, 5, 4, 5, -3, 2, 1, 5, -5, 2, 4, 4, -3, -5, 5]
 
0.219541786629: [-1, 6, 6, 1, -6, 2, 0, 5, 3, 4, 2, 0, -4, 4, -3, 1, 3, 4, -1, -5, -1, 3, -2, -2, 0, -2, 6, -5, 0, 4, -2, 2, 0, 2, 2, -2, 4, 2, -1, 3, 4, 0, -4, -6, -2, 6, -5, 4, -1, 2, -6, -5, 2, -1, -5, 5, 5, 1, -2, 3, 4, -1, -5, -3, 4, -5, -5, -3, 6, 3, 6, 0, 5, 6, 2, 3, -6, 5, -2, 3, -4, -2, 1, 4, 4, -5, -6, -4, -5, -1, 5, 6, 3, -3, -1, 1, -2, 2, 6, 2, 4, 4, 0, 1, -6, 1, -5, 2, -3, 1, 2, -6, 5, -5, -2, 6, 6, 4, 0, -6, 4, 1, -4, 4, 1, 6, -6, 6]
 
1.1467309254392841: [2, -2, 3, -4, 1, -2, -6, -3, 4, 5, 3, -3, -1, -1, 0, -1, 5, -4, -4, 3, 2, -4, 3, -2, 2, 1, 3, 2, 0, 2, -2, 6, 0, 0, -1, -2, 4, -4, -5, 5, -5, -6, 4, 1, -6, -5, -3, 0, -6, 6, 5, -1, 6, -4, -1, 3, -1, 1, 6, 3, -6, -4, 0, 4, -3, 4, 2, -5, 1, -4, 1, -2, -4, 5, 2, -4, 1, 2, -3, 2, -4, -5, -4, -6, 5, -1, -4, -2, -6, 2, 6, 4, -5, 2, -2, 1, 0, 2, 6, 3, 0, -1, 5, -4, 6, -6, 6, 2, -2, 3, -3, 5, 6, 5, 5, -1, 6, -2, 4, 5, 0, 5, -4, 0, -5, 0, -1, 0]
 
1.4048824531294395: [6, -5, -5, 3, 6, -6, -6, -2, 3, -6, 2, -1, -5, -4, 4, 1, -5, 4, 0, -5, -1, 5, 1, 6, -2, -6, 4, -5, 6, 4, 5, 0, -6, -5, -1, -2, 5, 1, 3, -2, -5, 4, -2, -6, 3, 1, -1, -3, -5, 6, 4, -1, -4, 3, -2, 6, -6, -4, 5, -2, -3, -2, 0, 5, -6, -6, -4, -2, -4, -1, 6, 5, 5, -4, 5, -5, -4, 3, 6, -2, 1, -3, -4, 0, 1, -5, 1, -6, -4, 3, -1, 1, 5, -3, -2, -4, -2, -3, -1, 1, -2, 4, 2, 5, -4, 2, 0, 3, -5, -1, -3, -1, 6, -5, -2, 4, 3, -3, 0, 1, -6, 0, 3, 2, 0, 1, 5, 6]
 
1.7784121174323042: [6, 3, 5, -6, 4, -6, -6, -2, 4, -4, 2, -6, -6, 2, 4, 1, 0, 1, 4, 3, 3, -4, -2, -2, 2, -6, 3, 5, -4, 2, -2, -4, 6, -5, -1, -2, 1, 2, -2, 5, -4, 4, -6, -6, 6, 6, -5, 0, -6, 6, -5, -1, 6, 1, -1, -6, -2, 1, 6, -4, -6, 6, 0, 4, -2, 6, -4, 6, -6, -4, 6, -4, 5, 6, 6, -2, 2, 6, 2, 6, 1, -3, -4, -4, 3, -5, 1, -6, -4, 3, -1, 1, 5, -3, -2, -4, -2, -3, -1, 1, -2, 4, 2, 5, -4, 2, 0, 3, -5, -1, -3, -1, 6, -5, -2, 4, 3, -3, 0, 1, -6, 0, 3, 2, 0, -2, 5, -4]
 
0.417603413691: [6, 6, 5, -3, 0, -6, 4, -2, 4, -4, -6, 6, 3, 2, 0, 1, 3, -2, 1, -2, -2, -6, 3, -6, 4, 2, 1, 4, 5, 4, 5, 0, -6, 5, -1, -2, -4, 1, 6, -2, -5, 4, -2, -6, 3, 1, 4, 0, -4, 6, 0, -2, 6, 3, -4, 6, 1, -4, 5, -2, -3, -2, -4, 5, 1, -6, -4, -2, -4, -1, 6, -2, 5, -4, 4, -5, -4, 3, 6, -2, 1, -3, 2, 0, 1, -4, -3, -5, -3, 5, 3, 4, 5, 3, 4, -4, -2, -1, -6, 1, -1, 4, 2, 5, -2, 2, 0, 0, -3, 2, 5, 2, 6, 5, 2, 4, 1, -1, 5, 6, -6, 1, -5, -4, -5, 1, 5, 6]
 
1.9988208077985752: [-6, -3, 0, -3, 1, -6, -6, -2, 4, 5, 2, -5, 4, 2, -1, 2, 0, 5, -1, 0, 3, -4, 1, -2, 2, 0, 5, 4, -3, 4, 6, 2, -2, 2, -5, 4, 2, -5, -1, -1, 0, -2, -1, 5, 6, 1, 6, 0, -6, 6, -5, -1, 6, 1, -1, -6, -2, 1, 6, -4, -6, 6, 0, 4, -2, 6, -4, 6, -6, -4, 6, -4, -3, 5, 2, -4, 5, 6, -3, 2, -4, -5, -4, -6, 5, -5, -4, -6, -6, 2, 6, 5, -5, -5, -2, 1, 0, 2, 6, 3, 6, -1, 5, -4, 6, -6, -1, 2, -2, 2, -3, 5, 6, 5, 5, -1, 6, -4, -3, -2, -4, 1, -6, -1, -5, 5, -1, 0]
 
0.355247311236938: [6, 4, -5, 3, -1, -6, -6, -3, 3, 5, 2, -3, -2, -4, 4, 1, -5, 4, 0, -5, -1, -3, -4, 6, -2, -6, -3, 6, 6, -1, -3, 0, 1, 3, -3, 2, -6, 1, 3, -2, -5, 4, 0, -5, 3, -6, 5, -3, 6, 6, 4, -5, -4, 3, -2, 6, -6, -4, -5, 3, -3, -2, 0, 5, 0, -6, -4, -2, 6, -1, 6, 5, 5, -5, 5, 1, -3, 3, 1, -5, 3, -5, 3, 4, 6, 5, -1, 2, 0, 1, 5, 5, 3, -1, 3, -5, -5, -2, -5, 6, 2, -2, 3, -1, -3, -2, -6, 6, 4, -6, 4, 1, 0, -2, 6, -1, -5, -4, 6, -5, -2, 6, 4, 5, -5, -4, -2, -6]
 
1.480537093678811: [1, -5, -3, 0, -6, 2, 2, -2, 3, -6, 2, -1, -5, -4, 4, 1, -5, 4, 0, -5, -1, 5, 1, 6, -2, -6, 4, -5, 6, 4, 5, 0, -6, -5, -1, -2, 5, 1, 3, -2, -5, 4, -2, -6, 3, 1, -1, -3, -5, 6, 4, -1, -4, 3, -2, 6, -6, -4, 5, -2, -3, -2, 0, 5, -6, -6, -4, -2, -4, -1, 6, 5, 5, -4, 5, -5, -4, 3, 6, -2, 1, -3, -4, -2, 3, -5, 1, -6, -4, 6, 6, 6, 5, -3, 4, -4, -2, -3, -1, 4, -2, -6, 2, -5, -4, 2, 0, 4, 4, -1, -3, -1, 6, 0, -2, 4, -6, -3, 0, 5, -6, -3, 3, 2, 0, -2, 5, -3]
 
1.5555613699947024: [0, -3, -5, 3, 6, -6, -6, -2, 3, -6, 2, -1, -5, -4, 4, 1, -5, 4, 0, -5, -1, 5, 1, 6, -2, -6, 4, 4, -3, 4, 6, 2, -2, 2, -5, 4, 2, -5, -1, -1, 0, -2, -1, 5, 6, 1, 6, 0, -6, 6, -5, -1, 6, 1, -1, -6, -2, 1, 6, -4, -6, 6, 0, 4, -2, 6, -4, 6, -6, -4, 6, -4, -3, 5, 2, -4, 5, 6, -3, 2, -4, -5, -4, -6, 5, -5, -4, -6, -6, 2, 6, 5, -5, -5, -2, 1, 0, 2, 6, 3, 6, -1, 5, -4, 6, -6, -1, 2, -2, 2, -3, 5, 6, 5, 5, -1, 6, -4, -3, -2, -4, 1, -6, -1, -5, 5, -1, 0]
 
2.30723607806795: [6, -4, 5, -6, 4, -6, 5, -2, 1, 1, 2, -6, -2, -4, -5, 1, 0, 4, 4, 3, 3, -6, 5, 2, -4, -3, 2, 5, -4, 2, -2, -4, 6, -5, -1, -2, 1, 2, -2, 5, -4, 4, -6, -6, 6, 6, -5, 0, -6, 6, -5, -1, 6, 1, -1, -6, -2, 1, 6, -4, -6, 6, 0, 4, -2, 6, -4, 6, -6, -4, 6, -4, 5, 5, 2, -4, 5, 6, -3, 2, -4, -5, -4, -6, 5, -5, -4, -6, -6, 2, 6, 5, -5, -5, -2, 1, 0, 2, 6, 3, 6, -1, 5, -4, 6, -6, -1, 2, -2, 2, -3, 5, 6, 5, 5, -1, 6, -4, -3, -2, -4, 1, -6, -1, -5, 5, -1, 0]
 
0.78305041238: [6, -5, -5, 3, 6, -6, 0, -3, 3, 3, 2, -5, 1, -4, 1, 0, -6, 4, -1, -5, -1, -4, 6, 6, -2, -6, 4, -5, -6, 5, 1, -6, -6, -5, -1, 5, 5, -2, 3, 2, 2, 4, -2, 1, 3, 1, 0, 6, 3, 6, 4, -3, 5, 2, -3, -3, 1, 3, 5, -2, -3, 6, 0, 2, -4, -2, 2, -6, -4, 4, 0, 0, 6, -4, 5, -2, 2, 3, 5, 1, 1, 3, -4, -3, -6, -1, 0, -6, -3, 6, 5, 5, 3, 3, 5, -4, 0, -6, -1, -4, -2, 4, 6, -5, -2, 2, -1, 4, 3, 2, 6, -2, 6, 0, 0, -4, -6, -3, 0, 0, -2, -3, 3, 2, 0, -2, 1, -3]
 
1.40350030308: [-1, -3, -6, 6, 6, -6, -6, -2, 3, -6, 2, -1, -5, -4, 4, 1, -5, 4, 0, -5, -1, 5, 1, 6, -2, -6, 4, -5, 6, 4, 5, 0, -6, -5, -1, -2, 5, 1, 3, -2, -5, 4, -2, -6, 3, 1, -1, -3, -5, 6, 4, -1, -4, 3, -2, 6, -6, -4, 5, -2, -3, -2, 0, 5, -6, -6, -4, -2, -4, -1, 6, 5, 5, -4, 5, -5, -4, 3, 6, -2, 1, -3, -4, 0, 1, -5, 1, -6, -4, 3, -1, 1, 5, -3, -2, -4, -2, -3, -1, 1, -2, 4, 2, 5, -4, 2, 0, 3, -5, -1, -3, -1, 6, -5, -2, 4, 3, -3, 0, 1, -6, 0, 3, 2, 0, 1, 5, 6]
 
1.81579128751: [0, -5, -3, 3, -6, -2, -5, -2, 3, 1, 2, -1, -5, -4, 4, 1, -1, 4, 0, 5, -1, -1, 1, 6, -2, -6, 4, -1, 0, 4, 1, -4, 6, 4, -1, -2, -3, 6, -2, 4, -5, 4, -3, 5, -3, 2, -1, -6, -6, 1, 4, -4, 1, 5, 6, 4, 1, -5, 5, -6, 3, -6, 6, 1, -6, 4, -4, 3, -5, -5, 3, 3, -4, 4, 0, -5, 3, 3, 4, -2, 6, 3, 5, -5, 6, 5, -3, 2, 4, -1, 5, 5, 3, -1, 3, -5, -1, 5, 6, -3, 1, -5, 3, 1, -6, -2, -2, 6, 1, 0, 4, 3, 0, 4, 6, 3, -4, -6, 6, 0, -1, 2, -3, -6, 5, -5, -6, -6]
 
1.45450095036: [0, -3, -5, 3, 6, -6, -6, -2, 3, -6, 2, -1, -5, -4, 4, 1, -5, 4, 0, -5, -1, 5, 1, 6, -2, -6, 4, -5, 6, 4, 5, 0, -6, -5, -1, -2, 5, 1, 3, -2, -5, 4, -2, -6, 3, 1, -1, -3, -5, 6, 4, -1, -4, 3, -2, 6, -6, -4, 5, -2, -3, -2, 0, 5, -6, -6, -4, -2, -4, -1, 6, 5, 5, -4, 5, -5, -4, 3, 6, -2, 1, -3, -4, -2, 3, -5, 1, -6, -4, 6, 6, 6, 5, -3, 4, -4, -2, -3, -1, 4, -2, -6, 2, -5, -4, 2, 0, 4, 4, -1, -3, -1, 6, 0, -2, 4, -6, -3, 0, 5, -6, -3, 3, 2, 0, -2, 5, -3]
 
0.765217898057: [6, -4, 5, -6, 4, -6, 5, -2, 1, 1, 2, -6, -2, -4, -5, 1, 0, 4, 4, 3, 3, -6, 5, 2, -4, -3, 2, 5, -4, 2, -2, -4, 6, -5, -1, -2, 1, 2, 6, 2, 2, -5, -6, -1, 2, -6, -5, 0, -6, -5, -5, -1, 6, 1, 2, -4, -2, 1, 6, -4, -6, -1, -2, -3, -2, -2, -4, 6, 3, 4, 6, 2, -3, 1, -6, 1, 2, -4, 2, 6, 3, 0, -4, 5, -2, 5, 3, -6, 2, 1, 1, -2, 3, -3, -2, -2, -2, -6, -6, -1, 0, 2, -4, -3, -4, 6, -4, -1, -5, -6, 6, 5, 0, 4, 3, 5, 3, -5, -4, 1, 5, 0, 3, 2, 0, 4, 6, -4]
 
1.53318480511: [0, -1, -5, 1, 5, -1, -6, 4, 2, 0, -2, -1, -2, 4, 2, 1, -4, -3, -4, -5, 0, -4, 3, -4, -3, -3, 5, 5, 5, -2, -5, 5, -2, 2, -4, -2, -3, 2, -2, 5, -4, 4, -6, -6, 6, 6, -5, 0, -6, 6, -5, -1, 6, 1, -1, -6, -2, 1, 6, -4, -6, 6, 0, 4, -2, 6, -4, 6, -6, -4, 6, -4, 5, 5, 2, -4, 5, 6, -3, 2, -4, -5, -4, -6, 5, -5, -4, -6, -6, 2, 6, 5, -5, -5, -2, 1, 0, 2, 6, 3, 6, -1, 5, -4, 6, -6, -1, 2, -2, 2, -3, 5, 6, 5, 5, -1, 6, -4, -3, -2, -4, 1, -6, -1, -5, 5, -1, 0]
 
1.2379348422: [-1, -5, 0, -5, 4, -6, -6, -2, 4, -4, 2, -6, -3, 2, 4, 1, 0, 0, -6, -3, 4, -4, 1, -2, 1, 6, 4, -5, 3, -1, 5, 0, -1, -6, -1, 1, 4, 0, 3, 0, 3, 5, 6, -6, 5, 0, -1, -3, -5, 6, -4, -1, -4, 2, -5, -3, -6, 6, -2, 6, 3, 1, -4, -5, -5, -6, -4, 0, 4, -6, 6, 5, 5, -6, 1, -5, -6, 2, 5, -6, 1, 1, -4, -5, 0, 6, 0, -5, -3, -1, 2, -4, -6, 5, 0, -4, 2, -5, -3, 1, 1, -1, -2, 3, 2, 5, 5, 2, 4, -4, 4, -6, 6, -4, -3, -4, -2, 5, 0, 1, 3, -4, -5, -5, -2, -1, 5, 5]
 
0.232991434347: [-4, -3, 0, 2, 4, 2, 1, -2, -5, 5, -2, 2, -4, -5, -1, -1, -1, 1, 4, 3, 3, -4, -2, -4, -1, -6, -6, 5, -4, -4, -2, 4, 6, -5, -1, -2, 1, 2, 1, 1, -4, 4, -6, 1, 3, 6, -5, 0, -6, 4, -5, -1, 6, -1, -1, -6, -2, 1, 6, -4, -6, 6, 0, 4, -1, 6, -4, 6, -6, -4, 5, 0, -1, 5, 3, -2, 2, 6, -4, 2, 1, -3, -4, -4, 3, -5, 6, -2, 5, 2, -4, 0, 6, 4, -2, -4, -2, 4, -6, 1, 5, -1, 5, 4, -6, -3, -1, 2, -1, 6, -3, 5, -4, 5, -6, -1, 1, -4, -1, -2, -4, 1, 3, -5, -5, 6, -1, 0]
 
0.690990753625: [5, -5, -4, 0, -6, 2, 2, 6, 1, 1, 3, -4, -5, 2, -6, -2, -2, -2, -3, -2, 5, -3, 3, 4, -5, -2, 4, 4, 1, -6, 6, 4, 6, -5, 5, 2, -2, -4, -2, -2, 2, 4, 6, 5, 4, 2, -1, 3, -6, -1, -4, -6, 6, 3, 5, 1, 1, -4, 2, -6, -4, -2, -6, 1, 5, 4, -5, -2, -4, -1, 6, 5, 5, -4, 5, -5, -4, 3, 6, -2, 1, -3, -4, -2, 3, -5, 1, -6, -4, 6, 6, 6, 5, -3, 4, -4, -2, -3, -1, 4, -2, -6, 2, -5, -4, 2, 0, 4, 4, -1, -3, -1, 6, 0, -2, 4, -6, -3, 0, 5, -6, -3, 3, 2, 0, -2, 5, -3]
 
0.353113730767: [1, -5, -3, 0, -6, 2, -6, -2, 4, -4, 2, -6, -6, 2, 4, 1, 0, 1, 4, 3, 3, -4, -2, -2, 2, -6, 3, 5, -4, 2, -2, -4, 6, -5, -1, -2, 1, 2, 3, 2, -4, -5, -6, -3, -2, -6, -1, 6, 3, 6, 3, 0, -6, 5, -2, 6, 2, 4, 6, -3, -3, -2, 0, 5, -6, -6, -4, -2, -5, -5, 3, 5, 5, -1, -1, -2, 3, 3, 4, 0, -6, 6, 3, -5, 6, 5, -3, 2, -1, -1, 5, 5, 3, -1, -6, -5, -4, -2, -5, -6, 2, -2, 3, 1, 3, 5, 5, 6, -5, -3, 4, 1, 0, 4, -2, -1, -4, -5, 6, -5, -4, 6, 4, 3, -5, -4, -6, -6]
 
1.45900341573: [6, -5, 0, -3, 1, -6, -6, -2, 4, 5, 2, -5, 4, 2, -1, 2, 0, 5, -1, 0, 3, -4, 1, -2, 2, 0, 5, 4, -3, 4, 6, 2, -2, 2, -5, 4, 2, -5, -1, -1, 0, -2, -1, 5, 6, 1, 6, 0, -6, 6, -5, -1, 6, 1, -1, -6, -2, 1, 6, -4, -6, 6, 0, 4, -2, 6, -4, 6, -6, -4, 6, -4, -3, 5, 2, -4, 5, 6, -3, 2, -4, -5, -4, -6, 5, -5, -4, -6, -6, 2, 6, 5, -5, -5, -2, 1, 0, -3, -1, 4, -2, -6, 2, -5, -4, 2, 0, 4, 4, -1, -3, -1, 6, 0, -2, 4, -6, -3, 0, 5, -6, -3, 3, 2, 0, -2, 5, -3]
 
0.63246560688: [-1, 3, 5, -4, 1, -2, -6, 4, 4, 6, 2, -3, -1, 2, 4, 1, 5, -5, -2, 3, 2, -4, -4, -2, 2, 1, 3, 2, 0, 2, -2, 6, 6, 0, -1, -2, 4, 2, -4, 5, -2, 5, -6, -6, -6, 6, -5, -3, -5, 6, 4, -1, -4, 3, -2, 6, 2, 4, 6, -3, -3, 4, 0, 2, -6, 1, -2, 2, -6, 0, 6, 3, -3, -4, 2, -5, -4, 5, -6, -3, 1, -3, -4, -2, 3, -5, 1, -6, -4, 6, 6, 6, 5, -3, 4, -4, -2, 2, 6, 3, 6, -1, 5, -4, 6, 0, -1, -5, 0, 2, 0, 1, 3, -3, 3, 4, 2, -1, 4, 4, -4, -6, -4, -2, -1, 3, 2, 0]
 
0.414684815651: [3, 3, 3, -6, 4, 1, -6, -2, 4, -3, -6, -6, -6, 3, 6, -1, -1, -6, 1, 3, -4, -4, -2, -5, 2, -6, 3, -4, -4, -5, -1, 6, -3, -1, -1, 2, 2, -4, 1, 5, -5, 2, 4, -5, -6, -5, 6, 2, -4, 6, -5, -1, 6, -1, -1, 3, -3, 0, 6, -1, -6, -2, 0, -3, -6, 4, 6, -1, 1, 2, 1, -2, -4, 5, 3, -4, 1, -4, 1, 0, -4, -5, 4, -6, -2, -1, 3, 6, -6, 2, 1, 4, -5, 1, -2, 1, -1, -1, 6, 3, 4, 1, 5, -4, -6, 1, -4, -1, 5, -2, 5, 5, 6, -6, 2, -1, 4, -3, 4, 5, -5, 4, -4, 0, 3, 0, 4, 4]
 
1.06584100173: [2, -2, 3, -4, 1, -2, -6, -3, 4, 5, 3, -3, -1, -1, 0, -1, 5, -4, -4, 3, 2, -4, 3, -2, 2, -6, 3, 5, -4, 2, -2, -4, 6, -5, -1, -2, 1, 2, -2, 5, -4, 4, -6, -6, 6, 6, -5, 0, -6, 6, -5, -1, 6, 1, -1, -6, -2, 1, 6, -4, -6, 6, 0, 4, -2, 6, -4, 6, -6, -4, 6, -4, 5, 6, 6, -2, 2, 6, 2, 6, 1, -3, -4, -4, 3, -5, 1, -6, -4, 3, -1, 1, 5, -3, -2, -4, -2, -3, -1, 1, -2, 4, 2, 5, -4, 2, 0, 3, -5, -1, -3, -1, 6, -5, -2, 4, 3, -3, 0, 1, -6, 0, 3, 2, 0, -2, 5, -4]
 
1.49884115301: [1, -5, -2, 4, 4, 3, 6, 6, 4, 4, -5, 2, 4, 3, -3, -2, 2, 4, 0, -5, -1, -6, -2, -2, -3, 3, -2, -6, 0, 2, -5, 2, 6, -5, -1, -2, 5, 2, -2, 5, -4, 4, 3, -6, 6, 6, -5, -1, 4, 4, -5, -5, 6, -1, -1, -2, 5, 1, 0, -4, -6, -1, 0, -2, 4, -2, 4, -2, -6, -4, 6, -4, 5, 6, 6, -2, 2, 6, 2, 6, 1, -3, -4, -4, 3, -5, 1, -6, -4, 3, -1, 1, 5, -3, -2, -4, -2, -1, -6, 1, -4, 4, 2, 5, -4, 2, 0, 3, -6, 2, -3, 4, 6, 5, -3, 4, 6, -3, 0, 1, -6, 0, -5, -4, 0, 1, 5, 6]
 
1.97244671501: [0, -3, -5, 3, 6, -6, -6, -2, 3, -6, 2, -1, -5, -4, 4, 1, -5, 4, 0, -5, -1, 5, 1, 6, -2, -6, 4, -5, 6, 4, 5, 0, -6, -5, -1, -2, 5, 1, 3, -2, -5, 4, -2, -6, 3, 1, -1, -3, -5, 6, 4, -1, -4, 3, -2, 6, -6, -4, 5, -2, -3, -2, 0, 5, -6, -6, -4, -2, -4, -1, 6, 5, 5, -4, 5, -5, -4, 3, 6, -2, 1, -3, -4, 0, 1, 5, -3, -5, -3, 0, 3, 4, 5, 3, 2, -4, -2, -1, -6, 1, -4, 4, 2, 5, -4, 2, 0, 3, -6, 2, -3, 4, 6, 5, -3, 4, 6, -3, 0, 1, -6, 0, -5, -4, 0, 1, 5, 6]
 
1.63554011532: [6, 4, -5, 3, -1, -6, -6, -3, 3, 5, 2, -3, -2, -4, 4, 1, -5, 4, 0, -5, -1, -3, -4, 6, -2, -6, -3, 6, 6, -1, -3, 0, 1, 3, -3, 2, -6, 1, 3, -2, -5, 4, 0, -5, 3, -6, 5, -3, -5, 6, 4, -1, -4, 3, -2, 6, -6, -4, 5, -2, -3, -2, 0, 5, -6, -6, -4, -2, -4, -1, 6, 5, 5, -4, 5, -5, -4, 3, 6, -2, 1, -3, -4, 0, 1, 5, -3, -5, -3, 0, 3, 4, 5, 3, 2, -4, -2, -1, -6, 1, -4, 4, 2, 5, -4, 2, 0, 3, -2, 2, -3, 5, 6, 5, 5, -1, 6, -4, -3, -2, -4, 1, -6, -1, -5, 5, -1, 0]
 
0.268263515608: [-6, -3, -5, 3, 6, -6, -6, -2, 3, -6, 2, -1, -5, -4, 4, 1, -5, 4, 0, -5, -1, 5, 1, 6, -2, -6, 4, -5, 6, 4, 5, 0, -6, -5, -1, -2, 5, 1, 3, -2, -5, 4, -2, -6, 3, 1, -1, -3, 6, 6, 4, -5, -4, 3, -2, 6, -6, -4, -5, 3, -3, -2, 0, 5, 0, -6, -4, -2, 6, -1, 6, 5, 5, -5, 5, 1, -3, 3, 1, -5, 3, -5, 3, 4, 6, 5, -1, 2, 0, 1, 5, 5, 3, -1, 3, -5, -5, -2, -5, 6, 2, -2, 3, -1, -3, -2, -6, 6, 4, -6, 4, 1, 0, -2, 6, -1, -5, -4, 6, -5, -2, 6, 4, 5, -5, -4, -2, -6]
 
0.361757390146: [0, -3, -5, 3, 6, -6, -6, -2, 3, -6, 2, -1, -5, -4, 4, 1, -5, 4, 0, -5, -1, 5, 1, 6, -2, -6, 4, -5, 6, 4, 5, 0, -6, -5, -1, -2, 5, 1, 3, -2, -5, 4, -2, -6, 3, 1, -1, -3, -5, 6, 4, -1, -4, 3, -2, 6, 1, 3, 5, -2, -3, 6, 0, 2, -4, -2, 2, -6, -4, 4, 0, 0, 6, -4, 5, -2, 2, 3, 5, 1, 1, 3, -4, -3, -6, -1, 0, -6, -3, 6, 5, 5, 3, 3, 5, -4, 0, -6, -1, -4, -2, 4, 6, -5, -2, 2, -1, 4, 3, 2, 6, -2, 6, 0, 0, -4, -6, -3, 0, 0, -2, -3, 3, 2, 0, -2, 1, -3]
 
1.42844677094: [6, -5, -5, 3, 6, -6, 0, -3, 3, 3, 2, -5, 1, -4, 1, 0, -6, 4, -1, -5, -1, -4, 6, 6, -2, -6, 4, -5, -6, 5, 1, -6, -6, -5, -1, 5, 5, -2, 3, 2, 2, 4, -2, 1, 3, 1, 0, 6, 3, 6, 4, -3, 5, 2, -3, -3, -6, -4, 5, -2, -3, -2, 0, 5, -6, -6, -4, -2, -4, -1, 6, 5, 5, -4, 5, -5, -4, 3, 6, -2, 1, -3, -4, -2, 3, -5, 1, -6, -4, 6, 6, 6, 5, -3, 4, -4, -2, -3, -1, 4, -2, -6, 2, -5, -4, 2, 0, 4, 4, -1, -3, -1, 6, 0, -2, 4, -6, -3, 0, 5, -6, -3, 3, 2, 0, -2, 5, -3]
 
0.678703065226: [6, -5, -5, 3, 5, 1, -6, -3, 3, 6, 3, 6, -5, -3, 4, -5, -5, 4, 0, -5, 6, 2, 1, 6, -2, -6, 4, 5, 6, 4, -4, 0, -6, 5, -1, -2, 5, 1, 3, -2, -5, 4, -2, -6, -2, 1, -1, -6, -5, -4, 2, -1, -3, 5, -2, -6, 4, -2, -1, -3, 4, 6, 5, 4, -2, 6, -3, -1, -6, 2, 6, 1, 5, 2, 0, -2, 2, 3, -3, 5, -1, -3, -4, -2, 3, -5, 1, -6, -4, 6, 6, 6, 5, -3, 4, -4, -2, -3, -1, 4, -2, -6, 2, -5, -4, 2, 0, 4, 4, -1, -3, -1, 6, 0, -2, 4, -6, -3, 0, 5, -6, -3, 3, 2, 0, -2, 5, -3]
 
1.16952544005: [0, -3, -5, 3, 6, -6, -6, -2, 3, -6, 2, -1, -5, -4, 4, 1, -5, 4, 0, -5, -1, 5, 1, 6, -2, -6, 4, -5, 6, 4, 5, 0, -6, -5, -1, -2, 5, 1, 3, -2, -5, 4, -2, -6, 3, 1, -1, -3, -5, 6, 4, -1, -4, 3, -2, 6, -6, -4, 5, -2, -3, -2, 0, 5, -6, -6, -4, -2, -4, -1, 6, 5, 5, -4, 5, -5, -4, 3, 6, -2, 1, -2, -4, -2, -4, -5, -1, 0, -1, 3, -1, -6, -4, -2, 6, -4, -2, 5, -1, -1, -2, -5, 4, -1, -6, 2, -4, -5, 5, 4, 1, 4, 1, 1, 5, 4, 5, -3, 2, 1, 5, -5, 2, 4, 4, -3, -5, 5]
 
1.71291611123: [-6, -3, 0, -3, 1, -6, -6, -2, 4, 5, 2, -5, 4, 2, -1, 2, 0, 5, -1, 0, 3, -4, 1, -2, 2, 0, 5, 4, -3, 4, 6, 2, -2, 2, -5, 4, 2, -5, -1, -1, 0, -2, -1, 5, 6, 1, 6, 0, -6, 6, -5, -1, 6, 1, -1, -6, -2, 1, 6, -4, -6, 6, 0, 4, -2, 6, -4, 6, -6, -4, 6, -4, -3, 5, 2, -4, 5, 6, -3, 2, -4, -5, -4, -6, 5, -5, -4, -6, -6, 2, 6, 5, -5, -5, -2, 1, 0, 2, 6, 3, 6, -1, 5, -4, 6, -6, -1, 2, -2, 2, -3, 5, 6, 5, 5, -1, 6, -4, -3, -2, -4, 1, -6, -1, -5, 5, -1, 0]
 
2.36238434572: [-6, -3, 0, -3, 1, -6, -6, -2, 4, 5, 2, -5, 4, 2, -1, 2, 0, 5, -1, 0, 3, -4, 1, -2, 2, 0, 5, 4, -3, 4, 6, 2, -2, 2, -5, 4, 2, -5, -1, -1, 0, -2, -1, 5, 6, 1, 6, 0, -6, 6, -5, -1, 6, 1, -1, -6, -2, 1, 6, -4, -6, 6, 0, 4, -2, 6, -4, 6, -6, -4, 6, -4, -3, 5, 2, -4, 5, 6, -3, 2, -4, -5, -4, -6, 5, -5, -4, -6, -6, 2, 6, 5, -5, -5, -2, 1, 0, 2, 6, 3, 6, -1, 5, -4, 6, -6, -1, 2, -2, 2, -3, 5, 6, 5, 5, -1, 6, -4, -3, -2, -4, 1, -6, -1, -5, 5, -1, 0]
 
0.514817142542: [6, -5, -5, 3, 5, 1, -6, -3, 3, 6, 3, 6, -5, -3, 4, -5, -5, 4, 0, -5, 6, 2, 1, 6, -2, -6, 4, 5, 6, 4, -4, 0, -6, 5, -1, -2, 5, 1, 3, -2, -5, 4, -2, -6, -2, 1, -1, -6, -5, -4, 2, -1, -3, 5, -2, -6, 4, -2, -1, -3, 4, 6, 5, 4, -2, 6, -3, -1, -6, 2, 6, 1, 5, 2, 0, -2, 2, 3, -3, 5, -1, -3, -4, -2, 3, -5, 1, -6, -4, 6, 6, 6, 5, -3, 4, -4, -2, -3, -1, 4, -2, -6, 2, -5, -4, 2, 0, 4, 4, -1, -3, -1, 6, 0, -2, 4, -6, -3, 0, 5, -6, -3, 3, 2, 0, -2, 5, -3]
 
0.649772835552: [6, -5, -5, 3, 5, 1, -6, -3, 3, 6, 3, 6, -5, -3, 4, -5, -5, 4, 0, -5, 6, 2, 1, 6, -2, -6, 4, 5, 6, 4, -4, 0, -6, 5, -1, -2, 5, 1, 3, -2, -5, 4, -2, -6, -2, 1, -1, -6, -5, -4, 2, -1, -3, 5, -2, -6, 4, -2, -1, -3, 4, 6, 5, 4, -2, 6, -3, -1, -6, 2, 6, 1, 5, 2, 0, -2, 2, 3, -3, 5, -1, -3, -4, -2, 3, -5, 1, -6, -4, 6, 6, 6, 5, -3, 4, -4, -2, -3, -1, 4, -2, -6, 2, -5, -4, 2, 0, 4, 4, -1, -3, -1, 6, 0, -2, 4, -6, -3, 0, 5, -6, -3, 3, 2, 0, -2, 5, -3]
 
1.71701152894: [-6, -3, -5, 3, 6, -6, -6, -2, 3, -6, 2, -1, -5, -4, 4, 1, -5, 4, 0, -5, -1, 5, 1, 6, -2, -6, 4, -5, 6, 4, 5, 0, -6, -5, -1, -2, 5, 1, 3, -2, -5, 4, -2, -6, 3, 1, -1, -3, -5, 6, 4, -1, -4, 3, -2, 6, -6, -4, 5, -2, -3, -2, 0, 5, -6, -6, -4, -2, -4, -1, 6, 5, 5, -4, 5, -5, -4, 3, 6, -2, 1, -3, -4, 0, 1, 5, -3, -5, -3, 0, 3, 4, 5, 3, 2, -4, -2, -1, -6, 1, -4, 4, 2, 5, -4, 2, 0, 3, -6, 2, -3, 4, 6, 5, -3, 4, 6, -3, 0, 1, -6, 0, -5, -4, 0, 1, 5, 6]
 
0.279451330449: [0, -3, -5, 3, 6, -6, -6, -2, 3, -6, 2, -1, -5, -4, 4, 1, -5, 4, 0, -5, -1, 5, 1, 6, -2, -6, 4, -5, 6, 4, 5, 0, -6, -5, -1, -2, 5, 1, 3, -2, -5, 4, -2, -6, 3, 1, -1, -3, 6, 6, 4, -5, -4, 3, -2, 6, -6, -4, -5, 3, -3, -2, 0, 5, 0, -6, -4, -2, 6, -1, 6, 5, 5, -5, 5, 1, -3, 3, 1, -5, 3, -5, 3, 4, 6, 5, -1, 2, 0, 1, 5, 5, 3, -1, 3, -5, -5, -2, -5, 6, 2, -2, 3, -1, -3, -2, -6, 6, 4, -6, 4, 1, 0, -2, 6, -1, -5, -4, 6, -5, -2, 6, 4, 5, -5, -4, -2, -6]
 
1.27642006213: [0, -3, -5, 3, 6, -6, -6, -2, 3, -6, 2, -1, -5, -4, 4, 1, -5, 4, 0, -5, -1, 5, 1, 6, -2, -6, 4, -5, 6, 4, 5, 0, -6, -5, -1, -2, 5, 1, 3, -2, -5, 4, -2, -6, 3, 1, -1, -3, -5, 6, 4, -1, -4, 3, -2, 6, -6, -4, 5, -2, -3, -2, 0, 5, -6, -6, -4, -2, -4, -1, 6, 5, 5, -4, 5, -5, -4, 3, 5, -6, -3, 0, -4, 2, -5, -2, 0, -5, -3, -2, 2, 5, -6, 5, -3, -4, -2, -2, -6, 2, -4, -1, 0, 3, -5, 5, 5, 2, 4, 2, 4, -6, 6, -1, -3, -4, -2, 5, 0, 1, 3, 6, -5, 3, -5, 1, -3, 5]
 
0.416825370671: [1, -5, 0, -1, 4, -6, -6, 3, 4, -4, 2, 3, 3, 2, 4, 2, 0, 0, -6, -3, 3, -4, -2, -2, -2, 0, 0, 0, 0, 4, 5, -3, 3, -5, 4, 1, -4, 0, 3, -5, 3, -3, 6, -6, -4, 2, -1, 6, -5, 6, 2, -2, 1, 3, -5, -1, 4, -1, 6, 6, 6, 0, -4, -2, -5, -6, 5, -2, 0, 5, 3, -1, 5, 2, 1, -1, 4, 5, 6, 0, -2, -3, -4, 0, 1, 1, -3, -5, -3, 0, 3, -5, -1, 3, 5, -4, -2, -4, -6, 1, -4, 3, 2, 6, -1, -5, 0, 3, 2, 2, -3, 4, -2, -6, -3, 4, 6, -3, 0, 1, -6, 0, -6, -4, 0, 6, 5, 6]
 
-1000: [6, 1, -2, 5, 2, 1, 2, 6, -2, -6, -5, -5, -6, 2, 4, 2, 0, 2, 4, 3, 4, -4, 6, -2, -2, -6, 3, -3, -3, -6, 3, -4, 0, -5, -1, -4, 5, -4, 2, -2, -5, -6, -4, -6, -6, 2, -4, -6, -6, -2, -1, -1, 2, 5, 3, -6, 6, -2, -1, -1, 4, 5, 6, 5, 1, -3, -3, 2, 4, -2, -4, 1, 5, 2, 0, 5, 2, 2, -6, 5, -1, -2, 3, -2, 6, -1, -1, -2, 4, 3, 1, -5, -5, 2, 6, 2, 2, 1, -1, 3, -2, -5, 4, 1, -1, 5, -2, 0, 5, 6, 4, 4, 1, 1, 5, -1, 5, 6, -5, 1, 2, 5, 2, -6, -5, -2, -5, 5]
 
1.38543195855: [6, -5, -5, 3, 5, 1, -6, -3, 3, 6, 3, 6, -5, -3, 4, -5, -5, 4, 0, -5, 6, 2, 1, 6, -2, -6, 4, 5, 6, 4, -4, 0, -6, 5, -1, -2, 5, 3, 3, -2, -5, 4, -5, -6, 3, 1, -1, 3, 5, 6, 4, -1, -4, 5, -6, 6, -6, -4, 5, -2, -3, -3, 0, 5, -6, -6, -4, -6, -4, -1, 0, 5, -6, 0, 5, -5, -4, 3, -2, 0, 1, 0, 0, -6, 2, 6, -5, 4, 0, -1, 6, 1, -4, 3, 2, -4, 3, 5, -6, -5, 6, 4, -5, -2, 2, 0, -1, -5, 0, 2, 0, 1, 3, -3, 3, 4, 2, -1, 4, 4, -4, -6, -4, -2, -1, 3, 2, 0]
 
