1.6030766309400586: [0, 0, 3, -4, 0, -6, 1, -1, 3, 4, -5, -2, 4, -6, -2, -4, -2, 1, -5, -1, -1, -3, -1, 6, 6, 1, 3, -6, 2, 5, -4, 1, -4, -6, -3, 1, 3, 6, 6, -1, 0, 1, -2, -6, -6, -5, -5, -3, 5, 0, 0, 3, -2, 3, -2, -2, 3, 2, 5, -1, -6, -2, 0, 5, -6, -6, -4, 3, -4, -1, 2, 5, 5, -4, 5, -5, -4, 3, 6, -2, 1, -3, -4, 0, 1, -3, 5, -4, -6, 5, -3, 4, 2, 6, -2, -2, -2, -1, -6, -4, -4, -5, -4, 5, -3, 6, 1, 3, -6, 3, 4, 4, 1, 5, 0, 4, 6, 3, 4, -6, -6, -2, 3, 6, -2, -2, -3, -3]
 
1.9487403902738003: [-1, -3, 4, 6, 6, -6, -6, -2, 6, -6, -6, 6, 3, 2, 0, 1, 3, 4, 0, -5, -1, 5, 1, 5, -4, 3, 4, 5, -2, 0, 5, 0, -6, -5, -1, -2, 5, -4, 3, -2, -5, 4, -3, -6, -5, 1, -1, -2, 1, 6, 3, -1, -4, 3, -2, 6, -6, -4, 5, -2, -3, -2, 0, 5, -6, -6, -4, -2, -4, -1, 6, 5, 5, -4, 5, -5, -4, 3, 6, -2, 1, -3, -4, 0, 1, -3, 5, -4, -6, 5, -3, 4, 2, 6, -2, -2, -2, -1, -6, -4, -4, -5, -4, 5, -3, 6, 1, 3, -6, 3, 4, 4, 1, 5, 0, 4, 6, 3, 4, -6, -6, -2, 3, 6, -2, -2, -3, -3]
 
1.0929768352127027: [0, 0, 3, 6, 3, -6, 1, -1, 5, -2, 0, 6, 0, 6, 4, 2, 1, 2, 2, 4, 3, 5, -1, 2, -2, -6, 6, -1, -5, 5, 5, -6, 0, -5, -4, -2, 5, -4, 3, -2, 0, -2, 2, 3, 0, 1, -3, -3, 0, 6, 4, -1, -4, 2, -2, 6, -3, -4, 5, -2, -6, -2, 0, 5, 0, -6, -6, -6, -1, -2, 6, 4, -2, 4, -3, -5, -4, 6, 4, -2, 1, -3, 1, -6, 1, 5, -3, -5, -3, 6, -6, 1, 5, -6, 6, -4, -3, -1, -2, 1, -4, 1, 2, 5, -4, -1, -4, -4, 3, -6, -3, -2, 0, -3, -1, -1, 6, -5, 6, -5, -1, 6, 4, -6, 4, -6, -3, -2]
 
1.7927824808986257: [0, -3, -1, -5, 6, 4, 1, -2, 5, -6, 2, 1, 6, -4, 4, 2, 1, 2, 2, -5, 3, 5, -1, 6, -2, -6, 6, -1, 6, 5, 5, 0, -6, -5, -1, -2, 5, -4, 3, -2, -5, 4, -3, -6, -5, 1, -1, -2, 1, 6, 3, -1, -4, 3, -2, 6, -6, -4, 5, -2, -3, -2, 0, 5, -6, -6, -4, -2, -4, -1, 6, 5, 5, -4, 5, -5, -4, 3, 6, -2, 1, -3, -4, 0, 1, -3, 5, -4, -6, 5, -3, 4, 2, 6, -2, -2, -2, -1, -6, -4, -4, -5, -4, 5, -3, 6, 1, 3, -6, 3, 4, 4, 1, 5, 0, 4, 6, 3, 4, -6, -6, -2, 3, 6, -2, -2, -3, -3]
 
1.4925903757765255: [0, -3, 2, 6, -6, -6, -6, 2, 3, -6, 2, 1, 6, -4, 4, 2, -2, 2, 2, -4, 3, 5, -1, 6, -2, -6, 4, -4, 2, 5, 5, 0, -6, -5, -1, -2, 5, -4, 3, -2, -5, 4, -3, -6, -5, 1, -1, -2, 1, 6, 3, -1, -4, 6, 4, -6, 2, 0, 5, 0, -5, -2, -6, -6, -6, 6, 4, -2, -4, -1, 6, -1, 5, -2, -3, -5, -4, 6, 4, -2, 1, -3, 1, 0, 1, 5, -3, -5, 0, -1, 5, 5, 3, -1, 3, -5, -1, -2, -5, -6, 5, -2, 3, -1, -6, -2, -6, 3, 2, -1, -5, 4, 1, 5, 0, 4, 6, 3, 4, -6, -6, -2, 3, 6, -2, -2, -3, -3]
 
1.2402969990131711: [0, -3, -1, -5, 6, 4, 1, -2, 5, -6, 2, 1, 6, -4, 4, 2, 1, 2, 2, -5, 3, 5, -1, 6, -2, -6, 6, -1, 6, 5, 5, 0, -6, -5, -1, -2, 5, -4, 3, -2, -5, 4, -3, -6, -5, 1, -1, -2, 1, 6, 3, -1, -4, 3, -2, 6, -6, -4, 5, -2, -3, -2, 0, 5, -6, -6, -4, -2, -4, -1, 6, 5, 5, -1, 5, -3, 3, 6, -5, -6, 3, 5, -6, -5, 6, -5, -1, 2, 4, -1, 5, 5, 0, -5, 1, -5, -2, 5, -5, 0, 5, 3, 3, 2, -6, -2, -6, 6, 4, -3, 0, 1, -1, -2, 0, 4, 6, 1, 5, -6, -3, -2, -2, -6, 0, 4, 6, 4]
 
1.7063666722720718: [0, -3, 1, -5, 5, -5, 1, 4, -2, -6, 2, 1, 6, -4, 4, 2, -2, 0, 2, 6, -1, 2, 1, -5, 2, -6, -1, -5, 6, 4, 3, 0, -6, -5, -1, 4, 6, 3, 5, -2, 1, 4, -2, -6, -5, 1, -2, -2, 6, 6, 3, -1, -4, 0, -2, -2, 1, -1, 5, -2, -3, -2, 0, 5, -6, 2, -4, -1, -4, -2, 6, -3, -1, 2, 4, -5, -4, 3, 6, -2, 4, 1, -3, -6, -6, 1, -3, 3, -6, -5, 5, -4, 3, -1, -3, -5, 4, -2, 2, -6, 5, -2, 3, -1, -6, -2, -6, 2, 4, -3, 4, 1, -6, -6, 0, 0, -3, 5, 5, 6, -1, -5, 3, 6, -2, -2, -3, -3]
 
2.7622452167638225: [-3, 1, -5, 1, -1, 3, -6, -6, 5, -4, 1, -4, -6, 0, 0, 1, 0, -2, 0, -5, -5, 1, 1, -1, -2, -6, 4, -5, 6, 4, -4, 0, 4, -5, -1, 3, 5, 6, -3, -2, -5, 4, -2, -6, -6, 5, 2, -5, 1, 0, 6, -1, 4, -6, -2, 4, -1, -6, 5, 5, 4, -2, -1, 5, -6, -6, 3, 5, -3, -1, 0, -1, 5, -5, -2, -5, -4, -5, 0, -1, -3, 5, -4, -3, -5, -6, -3, 2, -6, -4, 3, -6, 3, 1, 3, 5, -1, -2, -5, -6, 5, -2, 3, -5, -2, -2, -6, 6, 4, -3, 4, 1, -6, -5, -6, 4, -5, -5, 4, 6, -2, -5, 2, -6, 1, 5, 2, -3]
 
1.9546819011663792: [-3, 1, 6, 1, -1, -6, -6, 2, 2, -4, 2, 1, 6, -4, 4, 2, -2, 2, 2, -4, 3, 5, -1, 6, -2, -6, 6, -1, 4, 5, 5, 0, -6, -4, 5, -2, 5, -4, 3, -4, -3, 4, -2, -6, 3, 1, -1, -3, -5, 6, 4, -1, -4, 3, -2, 6, -6, -4, 5, -2, -3, -2, 0, 5, -6, -6, -4, -2, -4, -1, 6, 5, 5, -4, 5, -5, 3, 3, 4, -2, -6, 6, 3, -5, 6, 5, -3, 2, 0, -1, 5, 5, 3, -1, 3, -5, -1, -2, -5, -6, 5, -2, 3, -1, -6, -2, -6, 3, 2, -1, -5, 4, 1, 5, 0, 4, 6, 3, 4, -6, -6, -2, 3, 6, -2, -2, -3, -3]
 
1.7960747185156605: [0, -3, 1, -5, 5, -5, 1, 4, -2, -6, 2, 1, 6, -4, 4, 2, 1, 2, 2, -5, 3, 5, -1, 6, -2, -6, 6, -1, 6, 5, -3, 5, -5, 2, 6, 5, -6, 1, 6, 0, -5, -5, 4, 6, -4, 1, 0, -3, 2, -6, -3, 5, 4, 3, 4, 6, -6, -6, 5, 6, -3, -2, 3, 2, 1, -6, -4, 2, 3, -6, 3, 5, 0, 3, -1, -6, -5, 2, -5, 0, -2, -3, -4, 4, -4, 5, -1, 6, 4, 0, 3, -2, 2, -6, 3, 5, -5, 5, -4, -6, 5, -2, -4, -6, -2, -2, -5, 1, -6, -6, -5, 2, 0, 4, 5, -5, -4, -4, -6, -1, 3, 6, -2, 4, -6, -6, 4, 4]
 
2.456789198736747: [0, -3, -1, -5, 6, 4, 1, -2, 5, -6, 2, 1, 6, -4, 4, 2, 1, 2, 2, -5, 3, 5, -1, 6, -2, -6, 6, -1, 6, 5, 5, 0, -6, -5, -1, -2, 5, -4, 3, -2, -5, 4, -3, -6, -5, 1, -1, -2, 1, 6, 3, -1, -4, 3, -2, 6, -6, -4, 5, -2, -3, -2, 0, 5, -6, -6, 0, -2, -4, -1, 6, 5, 5, 4, 4, -5, -4, 3, -5, -2, 2, 3, 5, -5, 6, 5, -3, -1, 4, 4, 5, -4, 3, -4, 4, -5, -1, -2, -5, -6, -6, -3, -4, 6, -3, 2, 3, 3, -6, -5, -3, 3, 0, 4, 5, -1, -4, 0, -6, -4, 3, 6, -4, -6, -5, -4, -3, -3]
 
1.274828919962173: [5, -6, -3, 0, 0, -4, -6, -2, -3, -2, 6, -3, 0, 1, 0, 2, -3, 6, 2, -5, -3, -4, 1, 6, 5, -6, 6, -4, 6, 5, -3, 0, -6, -4, 0, 4, -3, 5, 3, -2, -2, -1, -3, -6, -5, 1, -1, 0, 1, -1, -3, -1, -4, 3, -2, -3, -6, -4, -6, -2, 5, 6, -6, 5, -6, -6, 5, -2, 1, 1, -5, 5, 5, 1, 5, 6, 2, 3, -3, -5, 2, -2, -3, -5, 6, -5, -1, 2, 4, -1, 5, 5, 0, -5, 1, -5, -2, 5, -5, 0, 5, 3, 3, 2, -6, -2, -6, 6, 4, -3, 0, 1, -1, -2, 0, 4, 6, 1, 5, -6, -3, -2, -2, -6, 0, 4, 6, 4]
 
1.8518063691923057: [5, 6, -3, 2, 0, -6, 0, -2, 4, -4, -6, 6, 3, 2, 0, 1, 3, 4, 0, -5, -1, -6, 1, -4, -6, 0, 4, -5, 6, 2, -1, 3, -5, 2, 6, 5, -6, 1, 6, 0, -5, -5, -2, 5, 4, 0, 6, -3, -5, 6, 4, -1, -4, 3, -2, 6, -6, -4, 5, -2, -3, -2, 0, 5, -6, -6, -4, -2, -4, -1, 6, 5, 5, -4, 5, -5, -4, 3, 6, -2, 1, -3, -4, 0, 1, -3, 5, -4, -6, 5, -3, 4, 2, 6, -2, -2, -2, -1, -6, -4, -4, -5, -4, 5, -3, 6, 1, 3, -6, 3, 4, 4, 1, 5, 0, 4, 6, 3, 4, -6, -6, -2, 3, 6, -2, -2, -3, -3]
 
1.2258571491760457: [0, -3, 1, -5, 5, -5, 1, 4, -2, -6, 2, 1, 6, -4, 4, 2, -2, 0, 2, 6, -1, 2, 1, -5, 2, -6, -1, -5, 6, 4, 3, 0, -6, -5, -1, 4, 6, 3, 5, -2, 1, 4, -2, 3, 0, 1, -3, -3, 0, 6, 4, -1, -4, 2, -2, 6, -3, -4, 5, -2, -6, -2, 0, 5, 0, -6, -6, -6, -1, -2, 6, 4, -2, 4, -3, -5, -4, 6, 4, -2, 1, -3, 1, -6, 1, 5, -3, -5, -3, 6, -6, 1, 5, -6, 6, -4, -3, -1, -2, 1, -4, 1, 2, 5, -4, -1, -4, -4, 3, -6, -3, -2, 0, -3, -1, -1, 6, -5, 6, -5, -1, 6, 4, -6, 4, -6, -3, -2]
 
2.2355632376140697: [5, 6, -3, 2, 0, -6, 0, -2, 4, -4, -6, 6, 3, 2, 0, 1, 3, 4, 0, -5, -1, -6, 1, -4, -6, 0, 4, -5, 6, 2, -1, 3, -5, 2, 6, 5, -6, 1, 6, 0, -5, -5, -2, -2, 3, 1, -1, -3, -5, 6, 4, -1, -4, 3, -2, 6, -6, -4, 5, -2, -3, -2, 0, 5, -6, -6, -4, -2, -4, -1, 6, 5, 5, -1, 5, -5, 3, 3, 4, -2, -6, 6, 3, -5, 6, 5, -3, 2, 0, -1, 5, 5, 3, -1, 3, -5, -1, -2, -5, -6, 5, -2, 3, -1, -6, -2, -6, 6, 4, -3, 4, 1, -6, -2, 0, -1, 4, 0, -6, 6, -2, 0, 5, -6, -3, 6, 4, -3]
 
1.942472106415534: [0, 0, 3, 6, 3, -6, 1, -1, 5, -2, 0, 6, 0, -4, 4, 2, 1, 2, 2, -5, 3, 5, -1, 6, -2, -6, 6, -1, 6, 5, -3, 5, -5, -6, -4, 1, 5, -3, 3, -2, -5, -4, -2, -2, 5, 3, 2, -3, 4, -1, 4, -4, 5, -5, 3, 1, 1, 5, 5, -6, -6, -5, 0, 1, -2, -6, -5, -2, 3, -1, 6, 5, 5, -1, 5, -5, 3, 3, 4, -2, -6, 6, 3, -5, 6, 5, -3, 2, 0, -1, 5, 5, 3, -1, 3, -5, -1, -2, -5, -6, 5, -2, 3, -1, -6, -2, -6, 6, 4, -3, 4, 1, -6, -2, 0, 4, 6, 6, 5, -5, -3, 6, 2, -6, 1, -4, 2, -3]
 
2.5117710010284378: [0, 0, 3, -4, 0, -6, 1, -1, 3, -2, -6, 6, 3, 6, 4, 2, 1, 2, 2, -5, 3, 5, -1, 6, -2, -6, 6, -1, 6, 5, 5, 0, -6, -5, -1, -2, 5, -4, 3, -2, -5, 4, -3, -6, -5, 1, -1, -2, 1, 6, 3, -1, -4, 3, -2, 6, -6, -4, 5, -2, -3, -2, 0, 5, -6, -6, -4, -2, -4, -1, 6, 5, 5, -1, 5, -3, 3, 6, -5, -6, 3, 5, -6, -3, 3, 5, 0, -5, -3, 0, 3, 5, 3, -1, 3, -5, -1, -2, -5, -6, 5, -2, 3, -1, -6, -2, -6, 6, 4, -3, 4, 1, 0, 4, 6, -1, -4, -6, 6, -5, -1, 6, 4, -6, -5, -4, -6, -6]
 
2.3924063855704434: [0, -3, 2, 6, -6, -6, -6, 2, 3, -6, 2, 1, 6, -4, 4, 2, -2, 2, 2, -4, 3, 5, -1, 6, -2, -6, 4, -4, 2, 5, 5, 1, -6, 5, 1, -2, 5, 1, 3, -2, 6, -3, 0, -2, 3, 1, -1, -3, -5, 6, 4, -1, -4, 3, -2, 6, -6, -4, 5, -2, -3, -2, 0, 5, -6, -6, 0, -2, -4, -1, 6, 5, 5, -4, 5, 0, -5, 3, 4, -2, 1, -3, 1, 0, 1, 5, -3, -5, -3, 6, 3, 4, 5, -6, 6, -4, 2, -1, -6, 1, -4, -6, 2, 5, -4, -1, -4, 3, -6, -6, -3, -2, 0, 4, 5, -1, -4, -5, 6, -5, -1, 6, 4, -6, 4, -6, -3, 4]
 
1.6303438169886184: [0, -3, 1, -5, 5, -5, 1, 4, -2, -6, 2, 1, 6, -4, 4, 2, -2, 0, 2, 6, -1, 2, 1, 6, -2, -6, 4, -4, 2, 5, 5, 0, -6, -5, -1, -2, 5, -4, 3, -2, -5, 4, -3, -6, -5, 1, -1, -2, 1, 6, 3, -1, -4, 6, 4, -6, 3, 2, 5, -1, -6, -2, 0, 5, -6, -6, -4, 3, -4, -1, 2, 5, 5, -4, 5, -5, -4, 3, 6, -2, 1, -3, -4, 0, 1, -3, 5, -4, -6, 5, -3, 4, 2, 6, -2, -2, -2, -1, -6, -4, -4, -5, -4, 5, -3, 6, 1, 3, -6, 3, 4, 4, 1, 5, 0, 4, 6, 3, 4, -6, -6, -2, 3, 6, -2, -2, -3, -3]
 
0.6042307684618003: [-6, -3, 1, 3, 2, 0, 1, -3, 2, -6, -5, -1, 6, -4, 4, 1, -2, 2, -6, -4, -2, 0, 1, 2, 6, -3, 0, -5, -2, -6, -4, -4, -6, -4, -5, -2, 0, -4, 5, 4, -1, 4, -3, -6, -4, 1, -5, -4, 6, 6, -6, 4, -4, 3, 2, 6, -6, -6, -3, 4, -3, 5, 3, -4, 5, -6, -6, 4, -5, -6, -3, 5, 6, 4, 3, -6, -4, 0, 1, -1, 6, 5, -1, -3, -4, 6, -6, -5, 3, -1, -6, -3, 4, 0, -4, -5, -3, 6, -2, -1, 3, 0, 3, -1, 3, -2, -3, 2, -3, -3, -4, -1, -3, -4, 5, -1, 4, -3, -2, -3, 6, -1, 4, -3, 4, 6, -6, -2]
 
1.981406770551576: [0, -3, -1, -5, 6, 4, 1, -2, 5, -6, 2, 1, 6, -4, 4, 2, 1, 2, 2, -5, 3, 5, -1, 6, -2, -6, 6, -1, 6, 5, 5, 0, -6, -5, -1, -2, 5, -4, 3, -2, -5, 4, -3, -6, -5, 1, -1, -2, 1, 6, 3, -1, -4, 3, -2, 6, -6, -4, 5, -2, -3, -2, 0, 5, -6, -6, -4, -2, -4, -1, 6, 5, 5, -1, 5, -5, 3, 3, 4, -2, -6, 6, 3, -5, 6, 5, -3, 2, 0, -1, 5, 5, 3, -1, 3, -5, -1, -2, -5, -6, 5, -2, 3, -1, -6, -2, -6, 3, 2, -1, -5, 4, 1, 5, 0, 4, 6, 3, 4, -6, -6, -2, 3, 6, -2, -2, -3, -3]
 
1.9010884062289963: [5, -6, -3, 0, 0, -4, -6, -2, -3, -2, 6, -3, 0, 1, 0, 2, -3, 6, 2, -5, -3, 2, 1, -5, 2, -6, -1, -5, 6, 4, 3, 0, -6, -5, -1, 4, 6, 3, 5, -2, 1, 4, -2, 3, 0, 1, -3, -3, 0, 6, 4, -1, -4, 2, -2, 6, -3, -4, 5, -2, -6, -2, 0, 5, 0, -6, -6, -2, -4, -1, 6, -1, 5, -2, -3, -5, -4, 6, 4, -2, 1, -3, 1, 0, 1, 5, -3, -5, -3, 6, 3, 4, 5, -6, 6, -4, 2, -1, -6, 1, -4, -6, 2, 5, -4, -1, -4, 3, -6, -6, -3, -2, 0, 4, 5, -1, -4, -5, 6, -5, -1, 6, 4, -6, 4, -6, -3, 4]
 
1.0960611389371318: [5, 6, -3, 2, 0, -6, 0, -2, 4, -4, -6, 6, 3, 2, 0, 1, 3, 4, 0, -5, -1, -6, 1, -4, -6, 0, 4, -5, 6, 2, -1, 3, -5, 2, 6, 5, -6, 1, 6, 0, -5, -5, 4, 6, -4, 1, 0, -3, 2, -6, -3, 5, 4, 3, 4, 6, -6, -6, 5, 6, -3, -2, 3, 2, 1, -6, -4, 2, 3, -6, 3, 5, 0, 3, -1, -6, -5, 2, -5, 0, -2, -3, -4, 4, -4, 5, -1, 6, 4, 0, 3, -2, 2, -6, 3, 5, -5, 5, -4, -6, 5, -2, -4, -6, -2, -2, -5, 1, -6, -6, -5, 2, 0, 4, 5, -5, -4, -4, -6, -1, 3, 6, -2, 4, -6, -6, 4, 4]
 
0.81555846944: [0, -3, 6, -3, -6, -6, 0, 2, 3, -6, 2, -4, -6, 1, 4, 5, -2, 2, 2, -4, 3, 5, -4, 6, -2, -6, 4, -4, 4, 5, 4, 0, -6, -5, -3, 1, -6, -4, 3, 6, -5, 4, -3, -6, 2, -5, -1, -5, 1, -3, 3, -2, -4, 6, 4, -4, 2, 3, 2, 5, 4, -2, -6, -1, -1, 5, -6, -2, 5, -1, 6, 5, -1, -2, -3, 5, -4, -2, 4, 0, 1, -3, 4, 0, 1, -4, 0, -4, -3, -3, -3, 4, 4, -6, 5, -2, -6, -1, -6, 1, -4, 5, 1, -4, 5, -1, -4, 3, -5, 3, 1, -4, 0, 5, -6, -1, -1, -5, 6, 4, -1, 5, 5, -6, 4, -6, 6, 4]
 
1.7806012751570908: [0, -3, 1, -5, 6, -5, 1, -3, 5, -6, 1, 6, 3, 2, 0, 1, 3, -2, 0, -5, -1, 1, 1, -1, -2, -6, 4, -5, 6, 4, 5, 0, -6, -5, -1, -2, 5, 1, 3, -2, -5, 4, -2, -6, -6, 1, -1, -5, -5, 6, 4, -1, 2, 3, -2, 4, -6, -4, 5, 5, 4, -2, 0, 5, -6, -6, -4, -2, -3, -1, 6, 1, 5, -4, 5, -5, -4, -5, 6, -2, 3, -3, -4, -2, -5, -6, -3, 2, -5, -4, 3, -6, 3, 4, 3, -5, -1, -2, -5, -6, 5, -2, -3, -1, -6, -2, -6, 5, 4, -3, 4, 1, 0, -2, 0, 0, -4, 5, 2, -6, -1, -4, -4, 1, -5, 6, -2, -4]
 
0.7930445505734292: [0, 0, 3, 6, 3, -6, 1, -1, 5, -2, 0, -3, -6, 6, 4, 6, -2, 0, 2, 6, -5, 2, 1, -5, 2, 6, -1, -5, 3, 4, 3, 0, -6, -2, -1, 4, 6, 3, 5, -1, 1, 3, -2, -6, -3, 1, -3, -3, 0, 6, 4, -1, -4, 2, -2, 6, 3, -4, 5, 6, -6, -2, 0, 5, 2, -6, -6, -6, 5, -2, 5, 3, -2, 4, -3, -5, -4, -5, 4, -6, 1, -3, 1, -6, 1, 5, -3, -1, -3, 6, -6, 1, 5, -6, 3, -2, -3, -1, -6, -6, 5, -2, 5, 4, -3, -2, -6, 6, 4, 1, 4, 1, 0, 2, 0, -1, 3, 0, 6, 6, -2, -3, 5, -4, -3, 6, 4, -3]
 
2.000628300471667: [6, 5, -4, 3, -4, -6, -6, -2, 5, -6, -1, 1, -2, 5, 4, 2, 1, 2, 0, -4, -6, 5, 1, 6, -2, -6, 4, -4, 2, 4, 5, 1, -6, 5, 1, -2, 5, 1, 3, -2, 6, -3, 0, -2, 3, 1, -1, -3, -5, 6, 4, -1, -4, 3, -2, 6, -6, -4, 5, -2, -3, -2, 0, 5, -6, -6, 0, -2, -4, -1, 6, 5, 5, -4, 5, 0, -5, 3, 4, -2, 1, -3, 1, 0, 1, 5, -3, -5, -3, 6, 3, 4, 5, -6, 6, -4, 2, -1, -6, 1, -4, -6, 2, 5, -4, -1, -4, 3, -6, -6, -3, -2, 0, 4, 5, -1, -4, -5, 6, -5, -1, 6, 4, -6, 4, -6, -3, 4]
 
1.07734286842: [0, -3, -1, 1, -5, -4, 1, -2, 5, -4, 2, -6, 6, 0, -3, 2, 1, 0, 2, 6, -1, -4, 1, 6, 6, -6, 6, -4, -5, 5, 6, 0, -6, -4, 0, 4, 3, 2, 3, -2, -2, -1, -6, -6, -6, 1, -1, 0, 1, -1, -3, -1, -5, 3, -2, -3, -6, -4, -6, -2, -3, 6, -6, 0, -6, 5, 3, -6, 1, -3, -5, 5, 5, 1, -5, 6, 2, 3, -3, -5, 2, -5, -1, -3, -6, 5, 0, -5, -3, 0, 2, 5, 3, -1, -3, 1, -1, -2, -5, -6, 5, -2, 3, -1, 0, -2, -6, 6, 4, -3, 4, 1, 0, 1, 6, -1, -4, -6, 6, -5, -1, 6, 4, -6, -5, -4, -6, -6]
 
2.3546767573140257: [0, -3, 1, -5, 6, -5, 1, -3, 5, -6, 1, 6, 3, 2, 0, 1, 3, -2, 0, -5, -1, 1, 1, -1, -2, -6, 4, -5, 6, 4, 5, 0, -6, -5, -1, -2, 5, 1, 3, -2, 6, -3, 0, -2, 3, 1, -1, -3, -5, 6, 4, -1, -4, 3, -2, 6, -6, -4, 5, -2, -3, -2, 0, 5, -6, -6, 0, -2, -4, -1, 6, 5, 5, -4, 5, 0, -5, 3, 4, -2, 1, -3, 1, 0, 1, 5, -3, -5, -3, 6, 3, 4, 5, -6, 6, -4, 2, -1, -6, 1, -4, -6, 2, 5, -4, -1, -4, 3, -6, -6, -3, -2, 0, 4, 5, -1, -4, -5, 6, -5, -1, 6, 4, -6, 4, -6, -3, 4]
 
0.280803979436: [0, -3, -1, -5, 6, 4, 1, -2, 0, -6, 2, 2, 6, -3, 4, 2, 1, -6, 2, -5, 3, 5, -1, 6, -2, -2, 6, 3, 6, 5, -1, -1, -6, 6, -1, -2, 5, -4, -3, -2, -5, -1, -3, -6, -2, 1, -4, -2, 1, 6, 3, -3, -4, 4, -2, 6, 4, -4, 5, -2, -3, 3, 0, -3, -6, -6, 1, -2, -3, -1, 6, 5, 5, -1, 5, 4, 3, 3, 1, -2, 2, 6, 3, -5, 1, 5, -3, 2, -3, 6, 3, -3, 5, -6, 6, -1, -5, -1, -6, 0, -4, -6, 2, 5, -4, -1, -4, 3, -6, -6, -3, -2, 0, 4, 5, 5, -1, -5, 6, -5, -1, 6, 4, -4, 4, 1, -3, 4]
 
0.643546034759: [5, 6, -3, 1, 0, -6, -4, -2, 4, -4, 3, 1, 3, 2, 0, 1, 3, 4, -1, -5, -1, -6, 1, -4, 1, 0, 3, -5, 6, 2, -1, 3, -5, 2, -1, 5, -6, 1, 6, 0, 6, 0, -2, -2, 3, 1, -1, -3, -5, 6, 5, 6, -4, 3, -2, 4, -6, -4, 5, -2, 6, -2, -3, 5, -2, -6, 2, -2, -4, -1, 6, 5, 5, -5, 0, -5, 3, -1, 4, -2, -6, 6, 3, -5, 6, 5, -3, 2, 0, 6, 5, 5, 3, -1, 3, -5, -1, -2, 5, 5, -4, 1, 2, 4, -4, 5, -4, -4, 2, -6, -3, -2, 2, -3, -1, -1, 6, -5, 6, -5, 5, 0, 4, -6, 4, 6, 4, -3]
 
1.9135540966374638: [0, -3, -1, -5, 6, 4, 1, -2, 5, -6, 2, 1, 6, -4, 4, 2, 1, 2, 2, -5, 3, 5, -1, 6, -2, -6, 6, -1, 6, 5, 5, 0, -6, -5, -1, -2, 5, -4, 3, -2, -5, 4, -3, -6, -5, 1, -1, -2, 1, 6, 3, -1, -4, 3, -2, 6, -6, -4, 5, -2, -3, -2, 0, 5, -6, -6, -4, -2, -4, -1, 6, 5, 5, -1, 5, -3, 3, 6, -5, -6, 3, 5, -6, -3, 3, 5, 0, -5, -3, 0, 3, 5, 3, -1, 3, -5, -1, -2, -5, -6, 5, -2, 3, -1, -6, -2, -6, 6, 4, -3, 4, 1, 0, 4, 6, -1, -4, -6, 6, -5, -1, 6, 4, -6, -5, -4, -6, -3]
 
1.08390103244: [0, 1, -3, 6, 6, 4, 1, -2, 5, -6, 6, 1, 6, -6, 4, 2, -4, 2, 2, -5, 3, 5, -1, 6, 6, -6, 6, -1, 6, 5, 5, 0, 4, 1, 2, -2, -1, -4, 3, 3, -5, 4, -3, -6, -3, 1, -1, -2, 5, 6, 3, -1, -4, 3, -2, 6, -6, -4, 5, 5, -3, -2, 0, 5, -6, -6, -6, -2, -4, 4, 6, 5, 5, -1, 5, -5, -5, 3, 4, 1, -6, 6, -4, -5, 6, 5, -3, 2, -1, 6, 3, 4, 5, 2, 6, -4, 2, -1, -6, 1, -4, -6, 2, 5, -4, -1, -4, 3, -6, -6, -3, -2, 0, -1, 6, -1, -5, -5, 6, -5, -1, -1, 4, -3, 4, 0, -3, 4]
 
2.05984141383: [0, -3, 2, 6, -6, -6, -6, 2, 3, -6, 2, 1, 6, -4, 4, 2, -2, 2, 2, -4, 3, 5, -1, 6, -2, -6, 4, -4, 2, 5, 5, 1, -6, 5, 1, -2, 5, 1, 3, -2, 6, -3, 0, -2, 3, 1, -1, -3, -5, 6, 4, -1, -4, 3, -2, 6, -6, -4, 5, -2, -3, -2, 0, 5, -6, -6, 0, -2, -4, -1, 6, 5, 5, -4, 5, 0, -5, 3, 4, -2, 1, -3, 1, 0, 1, 5, -3, -5, 0, -1, 5, 5, 3, -1, 3, -5, -1, -2, -5, -6, 5, -2, 3, -1, -6, -2, -6, 3, 2, -1, -5, 4, 1, 5, 0, 4, 6, 3, 4, -6, -6, -2, 3, 6, -2, -2, -3, -3]
 
1.72007475659: [5, 6, -3, 2, 0, -6, 0, -2, 4, -4, -6, 6, 3, 2, 0, 1, 3, 4, 0, -5, -1, -6, 1, -4, -6, 0, 4, -5, 6, 2, -1, 3, -5, 2, 6, 5, -6, 1, 6, 0, -5, -5, -2, 5, 4, 0, 6, -3, -5, 6, 4, -1, -4, 3, -2, 6, -6, -4, 5, -2, -3, -2, 0, 5, -6, -6, -4, -2, -4, -1, 6, 5, 5, -4, 5, -5, -4, 3, 6, -2, 1, -3, -4, 0, 1, -3, 5, -4, -6, 5, -3, 4, 2, 6, -2, -2, -2, -1, -6, -4, -4, -5, -4, 5, -3, 6, 1, 3, -6, 3, 4, 4, 1, 5, 0, 4, 6, 3, 4, -6, -6, -2, 3, 6, -2, 6, -6, -2]
 
0.759828560548: [-6, -3, 1, 3, 2, 0, -2, -3, 2, -6, -5, -2, 6, -6, 4, 1, 3, 2, -6, -4, 5, 0, 1, -3, 6, -3, 0, -1, -2, -6, -4, 1, -6, -4, -5, -2, 0, -4, -5, 4, -1, 4, 6, 3, -4, 2, -5, -4, 6, -4, -6, 0, 0, 3, 2, 6, 4, -6, 4, 4, -3, 5, 6, -4, 5, 0, -6, -4, -5, 6, -3, 5, 4, 4, 3, -6, -4, 0, 1, -1, 6, 5, -1, 2, -4, 6, -6, -5, 3, 5, -6, 1, 4, 0, -5, -5, -3, 6, -2, -1, 3, -2, 3, 1, 3, -2, -2, 2, -1, -3, -4, -1, -3, -4, 5, -1, 4, 1, -2, -3, 6, -1, 4, -3, 4, -2, -3, -3]
 
1.21550804766: [0, -3, -1, -5, 6, 4, 1, -2, 5, -6, 2, 1, 6, -4, 4, 2, 1, 2, 2, -5, 3, 5, -1, 6, -2, -6, 6, -1, 6, 5, 5, 0, -6, -5, -1, -2, 5, -4, 3, -2, -5, 4, -3, -6, -5, 1, -1, -2, 1, 6, 3, -1, -4, 2, -2, 6, -3, -4, 5, -2, -6, -2, 0, 5, 0, -6, -6, -6, -1, -2, 6, 4, -2, 4, -3, -5, -4, 6, 4, -2, 1, -3, 1, -6, 1, 5, -3, -5, -3, 6, -6, 1, 5, -6, 6, -4, -3, -1, -2, 1, -4, 1, 2, 5, -4, -1, -4, -4, 3, -6, -3, -2, 0, -3, -1, -1, 6, -5, 6, -5, -1, 6, 4, -6, 4, -6, -3, -2]
 
2.67305489564: [0, 0, 3, 6, 3, -6, 1, -1, 5, -2, 0, 6, 0, 6, 4, 2, 1, 2, 2, 4, 3, 5, -1, 2, -2, -6, 6, -1, -5, 5, 5, -6, 0, -5, -4, -2, 5, -4, 3, -2, 0, -2, 2, 3, 0, 1, -3, -3, 0, 6, 4, -1, -4, 3, -2, 6, -6, -4, 5, -2, -3, -2, 0, 5, -6, -6, -4, -2, -4, -1, 6, 5, 5, -1, 5, -5, 3, 3, 4, -2, -6, 6, 3, -5, 6, 5, -3, 2, 0, -1, 5, 5, 3, -1, 3, -5, -1, -2, -5, -6, 5, -2, 3, -1, -6, -2, -6, 3, 2, -1, -5, 4, 1, 5, 0, 4, 6, 3, 4, -6, -6, -2, 3, 6, -2, -2, -3, -3]
 
0.856724350928: [0, -3, -1, -5, 6, 4, 1, -2, 5, -6, 2, 1, 6, -4, 4, 2, -2, 0, 2, 6, -1, -4, 1, 6, 5, -6, 6, -4, 6, 5, -3, 0, -6, -4, 0, 4, -3, 5, 3, -2, -2, -1, -3, -6, -5, 1, -1, 0, 1, -1, -3, -1, -4, 3, -2, -3, -6, -4, -6, -2, 5, 6, -6, 5, -6, -6, 5, -2, 1, 1, -5, 5, 5, 1, 5, 6, 2, 3, -3, -5, 2, -2, -3, -3, 3, 5, 0, -5, -3, 0, 3, 5, 3, -1, 3, -5, -1, -2, -5, -6, 5, -2, 3, -1, -6, -2, -6, 6, 4, -3, 4, 1, 0, 4, 6, -1, -4, -6, 6, -5, -6, -2, 3, 6, -2, -2, -3, -3]
 
2.3472932725: [0, 0, 3, 6, 3, -6, 1, -1, 5, -2, 0, 6, 0, 6, 4, 2, 1, 2, 2, 4, 3, 5, -1, 2, -2, -6, 6, -1, -5, 5, 5, -6, 0, -5, -4, -2, 5, -4, 3, -2, 0, -2, 2, 3, 0, 1, -3, -3, 0, 6, 4, -1, -4, 3, -2, 6, -6, -4, 5, -2, -3, -2, 0, 5, -6, -6, -4, -2, -4, -1, 6, 5, 5, -1, 5, -5, 3, 3, 4, -2, -6, 6, 3, -5, 6, 5, -3, 2, 0, -1, 5, 5, 3, -1, 3, -5, -1, -2, -5, -6, 5, -2, 3, -1, -6, -2, -6, 3, 2, -1, -5, 4, 1, 5, 0, 4, 6, 3, 4, -6, -1, 6, 4, -6, -5, -4, -6, -6]
 
0.696436782292: [5, 6, -3, 2, 0, -6, 0, -2, 4, -4, -6, 6, 3, 2, 0, 1, 3, 4, 0, -5, -1, -6, 1, -4, -6, 0, 4, -5, 6, 2, -1, 3, -5, 2, 6, 5, -6, 1, 6, 0, -5, -5, 4, 6, -4, 1, 0, -3, 2, -6, -3, 5, 4, 3, 4, 6, -6, -6, 5, 6, -3, -2, 3, 2, 1, -6, -4, 2, 3, -6, 3, 5, 0, 3, -1, -6, -5, 2, 6, -2, 1, -3, -4, 0, 1, -3, 5, -4, -6, 5, -3, 4, 2, 6, -2, -2, -2, -1, -6, -4, -4, -5, -4, 5, -3, 6, 1, 3, -6, 3, 4, 4, 1, 5, 0, 4, 6, 3, 4, -6, -6, -2, 3, 6, -2, 6, -6, -2]
 
0.76802639838: [5, 6, -3, 2, 0, -6, 0, -2, 4, -4, -6, 6, 3, 2, 0, 1, 3, 4, 0, -5, -1, -6, 1, -4, -6, 0, 4, -5, 6, 2, -1, 3, -5, 2, 6, 5, -6, 1, 6, 0, -5, -5, -2, 5, 4, 0, 6, -3, -5, 6, 4, -1, -4, 3, -2, 6, -6, -4, 5, -2, -3, -2, 0, 5, -6, -6, -4, -2, -4, -1, 6, 5, 5, -4, 5, -5, -4, 3, -5, 0, -2, -3, -4, 4, -4, 5, -1, 6, 4, 0, 3, -2, 2, -6, 3, 5, -5, 5, -4, -6, 5, -2, -4, -6, -2, -2, -5, 1, -6, -6, -5, 2, 0, 4, 5, -5, -4, -4, -6, -1, 3, 6, -2, 4, -6, -6, 4, 4]
 
0.260705299638: [-3, 1, 6, 1, -1, -6, -6, 2, 2, -4, 2, 1, 4, -4, 0, 2, -2, 2, 2, -4, 3, 5, -6, 6, -2, -6, 6, -1, -3, 5, 5, 0, -6, -5, 5, -2, 3, -4, -4, -2, -5, 4, 2, 6, -5, 1, 3, -5, 1, 1, -2, -1, 5, 3, -2, 6, -6, 2, 5, -2, -3, -2, 0, 5, -3, -6, 0, 5, -4, -1, 6, 5, 5, -1, 4, 6, 3, 3, -3, -2, -6, 3, -3, -5, 5, 5, 4, 0, 0, -1, 5, 5, 3, -1, 3, -5, -1, -2, -5, -6, 5, 5, 6, -1, 1, 2, 0, 3, 2, -1, -5, 4, 1, 5, 0, 4, 6, 3, 4, -6, -4, -2, 3, 6, -2, -2, -3, -3]
 
1.8189008314: [0, -3, -1, -5, 6, 4, 1, -2, 5, -6, 2, 1, 6, -4, 4, 2, 1, 2, 2, -5, 3, 5, -1, 6, -2, -6, 6, -1, 6, 5, 5, 0, -6, -5, -1, -2, 5, -4, 3, -4, -3, 4, -2, -6, 3, 1, -1, -3, -5, 6, 4, -1, -4, 3, -2, 6, -6, -4, 5, -2, -3, -2, 0, 5, -6, -6, -4, -2, -4, -1, 6, 5, 5, -4, 5, -5, 3, 3, 4, -2, -6, 6, 3, -5, 6, 5, -3, 2, 0, -1, 5, 5, 3, -1, 3, -5, -1, -2, -5, -6, 5, -2, 3, -1, -6, -2, -6, 3, 2, -1, -5, 4, 1, 5, 0, 4, 6, 3, 4, -6, -6, -2, 3, 6, -2, -2, -3, -3]
 
0.408755619347: [0, -3, 2, 6, -6, -6, -6, 2, 3, -6, 2, 1, 6, -4, 4, 2, -2, 2, 2, -4, 3, 5, -1, 6, -2, -6, 4, -4, 2, 5, 5, 1, -6, 5, 1, -2, 5, 1, 3, -2, 6, -3, 0, -2, 3, 1, -3, -3, 0, 6, 4, -1, -4, 2, -2, 6, 3, -4, 5, 6, -6, -2, 0, 5, 2, -6, -6, -6, 5, -2, 5, 3, -2, 4, -3, -5, -4, -5, 4, -6, 1, -3, 1, -6, 1, 5, -3, -1, -3, 6, -6, 1, 5, -6, 3, -2, -3, -1, -6, -6, 5, -2, 5, 4, -3, -2, -6, 6, 4, 1, 4, 1, 0, 2, 0, -1, 3, 0, 6, 6, -2, -3, 5, -4, -3, 6, 4, -3]
 
1.26668522709: [-3, 3, 3, 6, 1, -6, 1, -1, -2, -2, 0, -3, -6, 6, 4, 6, -2, -1, 2, 6, -5, 2, 1, -6, 2, 6, -6, -5, 3, 4, 3, -6, -6, 0, -1, -1, -6, 3, 5, 6, 1, 3, 6, -6, -3, 1, -1, -1, -5, 6, 4, -1, 1, 3, 5, 6, -6, -4, 5, -2, -3, -2, 1, -1, -6, -6, 0, -2, -4, -1, 6, 5, 5, -4, -6, 0, -5, 3, -3, -2, -3, -3, 1, 0, 1, 5, 0, -4, -3, 6, 3, 2, 5, -6, 6, 6, 2, -6, -6, 1, -4, -6, 2, 2, 2, -1, -4, 0, 0, -6, -6, 1, 0, 4, 5, -1, 4, 6, 6, -5, -1, 6, 4, -6, 4, -6, -3, -5]
 
2.42458500775: [0, -3, -1, -5, 6, 4, 1, -2, 5, -6, 2, 1, 6, -4, 4, 2, 1, 2, 2, -5, 3, 5, -1, 6, -2, -6, 6, -1, 6, 5, 5, 0, -6, -5, -1, -2, 5, -4, 3, -2, -5, 4, -3, -6, -5, 1, -1, -2, 1, 6, 3, -1, -4, 3, -2, 6, -6, -4, 5, -2, -3, -2, 0, 5, -6, -6, -4, -2, -4, -1, 6, 5, 5, -1, 5, -5, 3, 3, 4, -2, -6, 6, 3, -5, 6, 5, -3, 2, -3, 6, 3, 4, 5, -6, 6, -4, 2, -1, -6, 1, -4, -6, 2, 5, -4, -1, -4, 3, -6, -6, -3, -2, 0, 4, 5, -1, -4, -5, 6, -5, -1, 6, 4, -6, 4, -6, -3, 4]
 
2.20477013409: [0, -3, 2, 6, -6, -6, -6, 2, 3, -6, 2, 1, 6, -4, 4, 2, -2, 2, 2, -4, 3, 5, -1, 6, -2, -6, 4, -4, 2, 5, 5, 0, -6, -5, -1, -2, 5, -4, 3, -2, -5, 4, -3, -6, -5, 1, -1, -2, 1, 6, 3, -1, -4, 6, 4, -6, 2, 0, 5, 0, -5, -2, -6, -6, -6, 6, 4, -2, -4, -1, 6, -1, 5, -2, -3, -5, -4, 6, 4, -2, 1, -3, 1, 0, 1, 5, -3, -5, -3, 6, 3, 4, 5, -6, 6, -4, 2, -1, -6, 1, -4, -6, 2, 5, -4, -1, -4, 3, -6, -6, -3, -2, 0, 4, 5, -1, -4, -5, 6, -5, -1, 6, 4, -6, 4, -6, -3, 4]
 
0.50986093458: [5, 3, -3, -6, 0, -1, 0, 0, 2, -4, -6, 6, 3, 2, 6, 1, 3, 4, 0, -5, -4, -6, 1, -4, -6, 0, -4, -5, 1, 2, -6, -3, -5, 2, 6, 5, 1, 1, -4, 0, -5, -5, -2, -2, 3, 1, -1, -3, -5, 6, 4, -1, 6, 3, -2, -5, -6, -4, 5, 0, 0, -4, -6, 5, -6, -6, 0, -2, 1, 1, -5, 5, 5, 1, 5, 4, 6, 3, -3, -5, 2, -2, -3, -5, 6, -5, -1, 2, 4, -1, 5, 5, 0, -2, 1, -5, -2, 3, -5, 0, 5, 3, 3, -2, -6, 4, -2, 6, 4, 4, 0, 1, -1, -2, 0, 4, 6, 1, 6, -6, -3, -2, -2, 0, 0, 4, 6, 4]
 
1.4466137526: [5, -6, -3, 0, 0, -4, -6, -2, -3, -2, 6, -3, 0, 1, 0, 2, -3, 6, 2, -5, -3, -4, 1, 6, 5, -6, 6, -4, 6, 5, -3, 0, -6, -4, 0, 4, -3, 5, 3, -2, -2, -1, -3, -6, -5, 1, -1, 0, 1, -1, -3, -1, -4, 3, -2, -3, -6, -4, -6, -2, 5, -2, 0, 5, -6, -6, -4, -2, -4, -1, 6, 5, 5, -1, 5, -5, 3, 3, 4, -2, -6, 6, 3, -5, 6, 5, -3, 2, 0, -1, 5, 5, 3, -1, 3, -5, -1, -2, -5, 1, -4, 1, 2, 5, -4, -1, -4, -4, 3, -6, -3, -2, 0, -3, -1, -1, 6, -5, 6, -5, -1, 6, 4, -6, 4, 6, 4, -3]
 
2.06159485782: [0, -3, -1, -5, 6, 4, 1, -2, 5, -6, 2, 1, 6, -4, 4, 2, 1, 2, 2, -5, 3, 5, -1, 6, -2, -6, 6, -1, 6, 5, 5, 0, -6, -5, -1, -2, 5, -4, 3, -2, -5, 4, -3, -6, -5, 1, -1, -2, 1, 6, 3, -1, -4, 3, -2, 6, -6, -4, 5, -2, -3, -2, 0, 5, -6, -6, -4, -2, -4, -1, 6, 5, 5, -1, 5, -3, 3, 6, -5, -6, 3, 5, -6, -3, 3, 5, 0, -5, -3, 0, 3, 5, 3, -1, 3, -5, -1, -2, -5, 1, -4, -6, 2, 5, -4, -1, -4, 3, -6, -6, -3, -2, 0, 4, 5, -1, -4, -5, 6, -5, -1, 6, 4, -6, 4, -6, -3, 4]
 
1.14929104551: [0, -3, -1, -5, 6, 4, 1, -2, 5, -6, 2, 1, 6, -4, 4, 2, 1, 2, 2, -5, 3, 5, -1, 6, -2, -6, 6, -1, 6, 5, 5, 0, -6, -5, -1, -2, 5, -4, 3, -2, -5, 4, -3, -6, -5, 1, -1, -2, 1, 6, 3, -1, -4, 3, -2, 6, -6, -4, 5, -2, -3, -2, 0, 5, -6, -6, -4, -2, -4, -1, 6, 5, 5, -1, 5, -5, 3, 3, 4, -2, -6, 6, 3, -5, 6, 5, -3, 2, -3, 6, 3, 4, 5, -6, 6, -4, 2, -1, -6, -6, 5, -2, 3, -1, -6, -2, -6, 6, 4, -3, 4, 1, 0, 4, 6, -1, -4, -6, 6, -5, -1, 6, 4, -6, -5, -4, -6, -3]
 
1.81547708216: [5, 6, -3, 2, 0, -6, 0, -2, 4, -4, -6, 6, 3, 2, 0, 1, 3, 4, 0, -5, -1, -6, 1, -4, -6, 0, 4, -5, 6, 2, -1, 3, -5, 2, 6, 5, -6, 1, 6, 0, -5, -5, -2, -2, 3, 1, -1, -3, -5, 6, 4, -1, -4, 3, -2, 6, -6, -4, 5, -2, -3, -2, 0, 5, -6, -6, -4, -2, -4, -1, 6, 5, 5, -1, 5, -5, 3, 3, 4, -2, -6, 6, 3, -5, 6, 5, -3, 2, 0, -1, 5, 5, 3, -1, 3, -5, -1, -2, -5, -6, 5, -2, 3, -1, -6, -2, -6, 6, 4, 1, 4, 1, 0, 2, 0, -1, 3, 0, 6, 6, -2, -3, 5, -4, -3, 6, 4, -3]
 
0.647181833201: [0, -3, 2, 6, -6, -6, -6, 2, 3, -6, 2, 1, 6, -4, 4, 2, -2, 2, 2, -4, 3, 5, -1, 6, -2, -6, 4, -4, 2, 5, 5, 1, -6, 5, 1, -2, 5, 1, 3, -2, 6, -3, 0, -2, 3, 1, -3, -3, 0, 6, 4, -1, -4, 2, -2, 6, 3, -4, 5, 6, -6, -2, 0, 5, 2, -6, -6, -6, 5, -2, 5, 3, -2, 4, -3, -5, -4, -5, 4, -6, 1, -3, 1, -6, 1, 5, -3, -1, -3, 6, -6, 1, 5, -6, 3, -2, -3, -1, -6, -6, 5, -2, 5, 4, -3, -2, -6, 6, 4, -3, 4, 1, -6, -2, 0, -1, 4, 0, -6, 6, -2, 0, 5, -6, -3, 6, 4, -3]
 
1.19070885968: [0, 0, 3, 6, 3, -6, 1, -1, 5, -2, 0, 6, 0, 6, 4, 2, 1, 2, 2, 4, 3, 5, -1, 2, -2, -6, 6, -1, -5, 5, 5, -6, 0, -5, -4, -2, 5, -4, 3, -2, 0, -2, 2, 3, 0, 1, -3, -3, 0, 6, -3, -1, -4, 3, -2, -3, -6, -4, -6, -2, 5, 6, -6, 5, -6, -6, 5, -2, 1, 1, -5, 5, 5, 1, 5, 6, 2, 3, -3, -5, 2, -2, -3, -3, 3, 5, 0, -5, -3, 0, 3, 5, 3, -1, 3, -5, -1, -2, -5, -6, 5, -2, 3, -1, -6, -2, -6, 6, 4, -3, 4, 1, 0, 4, 6, -1, -4, -6, 6, -5, -1, 6, 4, -6, -5, -4, -6, -6]
 
0.656790511857: [0, -3, 0, -5, 1, 5, 1, -2, 5, -6, 2, 1, 2, -4, -4, 4, -2, 0, 2, 6, -1, -1, 1, 6, 5, -6, 6, -4, 6, 5, -3, 6, -2, -4, 0, 4, -3, 5, 3, 1, -2, -1, -3, -6, 2, 1, -1, 0, 1, -1, -6, -1, -4, 3, -2, 6, -6, 2, 5, -3, -3, -2, 0, 0, -6, -6, -4, 3, -4, -1, 6, 2, -2, -1, 5, -5, 6, 5, 4, -2, -6, 6, -1, -5, 6, 5, -3, 2, 0, 2, 5, 5, 3, -1, -4, -5, -1, -2, -5, -6, 5, -2, 3, -1, -6, -2, -6, -3, 0, -1, -5, 4, 1, 5, -6, 4, 6, 0, 4, -6, -6, 2, 3, -3, -2, -2, -3, -3]
 
1.15042385473: [5, 6, -3, 2, 0, -6, 0, -2, 4, -4, -6, 6, 3, 2, 0, 1, 3, 4, 0, -5, -1, -6, 1, -4, -6, 0, 4, -5, 6, 2, -1, 3, -5, 2, 6, 5, -6, 1, 6, 0, -5, -5, -2, 5, -5, 1, -1, -2, 1, 6, 3, -1, -4, 3, -2, 6, -6, -4, 5, -2, -3, -2, 0, 5, -6, -6, -4, -2, -4, -1, 6, 5, 5, -1, 5, -3, 3, 6, -5, -6, 3, 5, -6, -5, 6, -5, -1, 2, 4, -1, 5, 5, 0, -5, 1, -5, -2, 5, -5, 0, 5, 3, 3, 2, -6, -2, -6, 6, 4, -3, 0, 1, -1, -2, 0, 4, 6, 1, 5, -6, -3, -2, -2, -6, 0, 4, 6, 4]
 
2.32429888812: [0, -3, -1, -5, 6, 4, 1, -2, 5, -6, 2, 1, 6, -4, 4, 2, 1, 2, 2, -5, 3, 5, -1, 6, -2, -6, 6, -1, 6, 5, 5, 0, -6, -5, -1, -2, 5, -4, 3, -2, -5, 4, -3, -6, 4, 0, 6, -3, -5, 6, 4, -1, -4, 3, -2, 6, -6, -4, 5, -2, -3, -2, 0, 5, -6, -6, -4, -2, -4, -1, 6, 5, 5, -4, 5, -5, -4, 3, 6, -2, 1, -3, -4, 0, 1, -3, 5, -4, -6, 5, -3, 4, 2, 6, -2, -2, -2, -1, -6, -4, -4, -5, -4, 5, -3, 6, 1, 3, -6, 3, 4, 4, 1, 5, 0, 4, 6, 3, 4, -6, -6, -2, 3, 6, -2, -2, -3, -3]
 
2.23901032138: [0, 0, 3, -4, 0, -6, 1, -1, 3, -2, -6, 6, 3, 6, 4, 2, 1, 2, 2, -5, 3, 5, -1, 6, -2, -6, 6, -1, 6, 5, 5, 0, -6, -5, -1, -2, 5, -4, 3, -2, -5, 4, -3, -6, -5, 1, -1, -2, 1, 6, 3, -1, -4, 3, -2, 6, -6, -4, 5, -2, -3, -2, 0, 5, -6, -6, -4, -2, -4, -1, 6, 5, 5, -1, 5, -3, 3, 6, -5, -6, 3, 5, -6, -3, 3, 5, 0, -5, -3, 0, 3, 5, 3, -1, 3, -5, -1, -2, -5, -6, 5, -2, 3, -1, -6, -2, -6, 6, 4, -3, 4, 1, 0, 4, 6, -1, -4, -6, 6, -5, -1, 6, 4, -6, 4, -6, -3, 4]
 
2.55154576216: [0, -3, 1, 5, 6, 3, 1, -3, 4, 6, 1, 6, -4, 3, 0, 1, -4, -2, 0, -5, -1, 1, 1, -1, -2, -6, 4, -5, 6, -3, 5, -6, 5, -5, -1, -2, 5, 1, 3, -2, 6, 6, 0, -2, 3, 1, -1, -3, -5, 6, 4, -1, -4, 3, -2, 6, -6, -4, 5, -2, -6, -2, 0, 5, -6, -6, -5, -2, -4, -1, 3, 5, 5, -4, 5, 0, 1, 3, 4, -6, 1, -3, 1, 0, 3, 5, -3, -5, 3, 6, -4, 4, 5, -6, 5, 5, 2, -1, -6, 2, -4, -6, 2, 5, -1, -1, -4, 3, -6, 0, -3, -1, 6, -3, -3, -1, -4, 5, 6, -5, -1, 6, 4, -6, -5, -4, 6, -6]
 
1.97469602489: [0, 0, 3, -4, 0, -6, 1, -1, 3, -2, -6, 6, 3, 6, 4, 2, 1, 2, 2, -5, 3, 5, -1, 6, -2, -6, 6, -1, 6, 5, 5, 0, -6, -5, -1, -2, 5, -4, 3, -2, -5, 4, -3, -6, -5, 1, -1, -2, 1, 6, 3, -1, -4, 3, -2, 6, -6, -4, 5, -2, -3, -2, 0, 5, -6, -6, -4, -2, -4, -1, 6, 5, 5, -1, 5, -3, 3, 6, -5, -6, 3, 5, -6, -3, 3, 5, 0, -5, -3, 0, 3, 5, 3, -1, 3, -5, -1, -2, -5, -6, 5, -2, 3, -1, -6, -2, -6, 6, 4, -3, 4, 1, 0, 4, 6, -1, -4, -6, 6, -5, -1, 6, 4, -6, 4, -6, -3, 4]
 
2.65266387309: [0, 0, 3, -4, 0, -6, 1, -1, 3, -2, -6, 6, 3, 6, 4, 2, 1, 2, 2, -5, 3, 5, -1, 6, -2, -6, 6, -1, 6, 5, 5, 0, -6, -5, -1, -2, 5, -4, 3, -2, -5, 4, -3, -6, -5, 1, -1, -2, 1, 6, 3, -1, -4, 3, -2, 6, -6, -4, 5, -2, -3, -2, 0, 5, -6, -6, -4, -2, -4, -1, 6, 5, 5, -1, 5, -3, 3, 6, -5, -6, 3, 5, -6, -3, 3, 5, 0, -5, -3, 0, 3, 5, 3, -1, 3, -5, -1, -2, -5, -6, 5, -2, 3, -1, -6, -2, -6, 6, 4, -3, 4, 1, 0, 4, 6, -1, -4, -6, 6, -5, -1, 6, 4, -6, -5, -4, -6, -6]
 
1.16821060475: [5, 6, -3, 2, 0, -6, 0, -2, 4, -4, -6, 6, 3, 2, 0, 1, 3, 4, 0, -5, -1, -6, 1, -4, -6, 0, 4, -5, 6, 2, -1, 3, -5, 2, 6, 5, -6, 1, 6, 0, -5, -5, -2, -2, 3, 1, -1, -3, -5, 6, 4, -1, -4, 3, -2, 6, -6, -4, 5, -2, -3, -2, 0, 5, -6, -6, -4, -2, -4, -1, 6, 5, 5, -1, 5, -5, 3, 3, 4, -2, -6, 6, 3, -5, 6, 5, -3, 2, 0, -1, 5, 5, 3, -1, 3, -5, -1, -2, -5, 1, -4, 1, 2, 5, -4, -1, -4, -4, 3, -6, -3, -2, 0, -3, -1, -1, 6, -5, 6, -5, -6, -2, 3, 6, -2, -2, -3, -3]
 
1.80111062263: [-3, 1, 6, 1, -1, -6, -6, 2, 2, -4, 2, 1, 6, -4, 4, 2, -2, 2, 2, -4, 3, 5, -1, 6, -2, -6, 6, -1, 4, 5, 5, 0, -6, -4, 5, -2, 5, -4, 3, -4, -3, 4, -2, -6, 3, 1, -1, -3, -5, 6, 4, -1, -4, 3, -2, 6, -6, -4, 5, -2, -3, -2, 0, 5, -6, -6, -4, -2, -4, -1, 6, 5, 5, -4, 5, -5, 3, 3, 4, -2, -6, 6, 3, -5, 6, 5, -3, 2, 0, -1, 5, 5, 3, -1, 3, -5, -1, -2, -5, -6, 5, -2, 3, -1, -6, -2, -6, 3, 2, -1, -5, 4, 1, 5, 0, 4, 6, 3, 4, -6, -1, 6, 4, -6, 4, 6, 4, -3]
 
