2.231763986026923: [-6, -3, 3, -5, 3, -6, 6, 2, 3, 5, 5, 4, 4, 2, 4, 2, -1, 5, -1, -4, 3, 3, -1, -2, -3, 0, -2, 6, -3, 4, 6, 2, -2, 0, -2, 4, -1, -3, -3, 6, 4, -2, -2, -5, 6, -6, 6, 0, 4, 6, 1, -5, -3, 1, 2, -6, -2, -5, -5, -4, 4, -1, 5, -5, -6, 1, -1, 4, -2, -2, 6, -4, 6, -4, -5, 4, 4, 6, 6, 1, -2, 3, -4, 0, 6, 5, -3, -5, 0, -1, 5, 5, 3, -3, 4, -5, -1, -2, -5, -6, -6, -4, -4, 6, 2, -2, 3, 3, 4, -5, -5, 1, 0, 4, 6, -1, -4, -6, 6, -5, -1, 6, 4, -6, -5, -4, -6, -6]
 
2.851104866225517: [6, 6, 5, -3, 0, -6, 4, -2, 4, -4, -6, 6, 3, 2, 0, 1, 3, 4, 0, -5, -1, 5, 1, 5, -4, -6, 4, 5, 6, 0, -3, 0, -5, -6, -4, 1, 5, -3, 3, -2, -5, -4, -2, -2, 5, 3, 2, -3, 4, -1, 4, -4, 5, -5, 3, 1, 1, 5, 5, -6, -6, -5, 0, 1, -2, -6, -5, -2, 3, -1, 6, 5, 5, -1, 5, -6, -4, 3, -5, 0, 6, -3, -4, 4, 3, 5, 0, -5, -3, 0, 3, 5, 3, -1, 3, -5, -1, -2, -5, -6, 5, -2, 3, -1, -6, -2, -6, 6, 4, -3, 4, 1, 0, 4, 6, -1, -4, -6, 6, -5, -1, 6, 4, -6, -5, -4, -6, -6]
 
0.992229567118: [-3, 4, 2, -6, 1, 0, 4, -2, -4, 4, -5, -5, -4, -5, -5, -1, 6, 1, 1, 5, 2, -2, -3, -6, 6, 5, 4, -5, -1, -2, 5, 1, -5, 2, -1, 0, -1, 0, 3, -1, -3, 3, -6, 6, 1, 1, 4, 6, -5, 4, 4, -3, -6, 3, 3, 6, -4, 6, 3, 6, 1, 0, 4, 4, -6, 2, 2, 5, -1, 2, -3, 1, -5, -1, 4, 1, 0, 6, -6, -6, -2, 0, -6, -1, 3, 2, 6, -1, 4, -1, -1, 2, 6, 3, -5, 1, 5, 5, -2, -2, -2, -5, -6, 2, 1, 5, 6, 3, -1, -4, -4, -3, 0, 4, 5, 3, -4, -6, 6, -5, -6, 1, 4, -2, 2, -4, -3, -6]
 
1.6415233866553325: [6, 6, 4, -2, -5, -6, 0, 5, 4, -4, -6, 6, 3, 2, 0, 1, 3, 4, 0, -5, 3, 5, -1, 6, -2, -6, 6, -1, 6, 5, 5, 0, -6, -5, -1, -2, 5, -4, 3, -2, -5, 4, -3, -6, -5, 1, -1, -2, 1, 6, 3, -1, -4, 3, -2, 6, -6, -4, 5, -2, -3, -2, 0, 5, -6, -6, 0, -2, -4, -1, 6, 5, 5, -4, 5, 0, -5, 3, 4, -2, 1, -3, 1, 0, 1, 5, -3, -5, -3, 6, 3, 4, 5, -6, 6, -4, 2, -1, -6, 1, -4, -6, 2, 5, -4, -1, -4, 3, -6, -6, -3, -2, 0, 4, 5, -1, -4, -5, 6, -5, -1, 6, 4, -6, 4, -6, -3, 4]
 
1.400193093415937: [-6, -3, 3, -5, 3, -6, 6, -2, 5, -6, 2, 1, 6, 2, 0, 1, 3, 4, 0, -5, -1, 5, 1, 6, -2, -6, 2, -5, 6, -5, -4, 0, -6, -2, -1, 5, 4, 1, 3, -5, 2, 4, -2, -6, -6, 1, 2, -3, 6, 6, 4, -5, -4, 3, -2, -2, 3, 3, 5, -1, -5, -2, 0, 5, -6, -6, -4, -2, -4, -1, 6, 5, 5, -4, 5, -5, -4, 3, 6, -2, 1, 3, 5, 5, 6, 5, -3, -5, 0, -1, 5, 5, 3, -3, 4, -5, -1, -2, -5, -6, -6, -4, -4, 6, 2, -2, 3, 3, 4, -5, -5, 1, 0, 4, 6, -1, -4, 0, -6, -4, 3, 6, 4, -6, -5, -4, -3, -3]
 
1.61571846364: [-6, -2, -6, -5, 2, -6, 3, -2, 0, -6, 2, 5, 5, 0, 3, -4, 1, 2, 5, -3, 4, 0, 1, 2, -2, 5, 0, 1, 6, -1, -4, 0, -6, -2, -1, -2, 5, 1, 3, -5, 4, -2, -2, -6, 4, -6, 0, 0, 4, 6, 6, -2, -1, 1, 2, -6, -2, 3, 0, 0, 4, -1, 5, -5, -1, 5, -4, -2, -5, -2, -6, 5, -2, 3, -4, 5, -2, 6, -5, 6, 5, -5, 0, -6, -6, 3, 3, -5, 4, -1, 5, 4, -1, 3, 2, -6, -5, -1, 2, 4, 1, -1, 4, 5, -5, 0, 0, 4, 4, -6, 3, 4, 6, -5, -4, -6, -4, 2, 0, 5, -6, -5, 3, -6, -2, -6, -3, 0]
 
3.022904691058094: [0, -3, -5, 3, 6, -6, 1, 1, 1, -3, 0, 5, -5, -6, 4, 2, 1, 2, -3, -4, -6, 2, -6, 6, -2, -6, 4, -5, 0, -5, -4, 0, 0, -2, -1, 5, 4, 1, 3, 3, 2, 1, -2, 6, 3, 0, 3, -5, 1, 6, 0, -2, -4, 2, -4, 3, -6, -4, 0, -2, 1, -2, 5, -5, 3, -6, -6, -2, -4, -5, -4, 5, -3, -1, -5, 3, -2, -3, 1, -2, 1, -3, -2, -4, -2, 5, 0, -5, 4, 0, 2, 4, 0, 3, 5, -4, 3, -5, 1, 1, -5, 6, 4, -6, 0, 2, 0, 4, 4, 0, -3, -1, 6, 6, -2, 4, -1, -3, -6, -4, 3, 6, 4, -6, -5, -4, -3, -3]
 
0.83721814241: [6, 6, 0, -3, 0, -6, -5, 0, 4, -2, -3, -5, 0, 5, 0, 1, 3, -2, 0, -5, -1, 5, 1, 6, 3, 3, 0, 3, 6, 4, 5, 0, -6, -3, -1, 2, 5, -2, -5, -2, -5, 4, -3, -6, 3, -1, -1, -3, -5, -1, 4, 1, -4, 0, -5, 6, -6, -4, 5, 5, 2, -4, 3, 5, -4, -6, -4, -1, 6, -1, 6, 5, 5, -4, 5, -5, -4, 3, -3, 5, 1, -3, -4, 0, 1, 5, 4, -5, 5, 3, 1, 4, -4, 3, 2, 4, -2, -5, -6, 1, 1, 4, 2, 5, -4, 2, 3, 3, 0, 2, -3, 4, -6, 2, -3, -3, 5, -3, 0, 1, -6, 1, -5, -4, -2, -2, 4, 6]
 
1.22626556657: [-2, 4, 3, -4, -4, -6, 3, -2, -3, 3, 6, -1, 6, 3, 6, 1, 1, 4, 0, 1, -3, -6, -3, -4, -6, 0, 4, -5, 6, 2, -1, 3, 1, -5, 6, -4, -6, 1, -1, 0, -5, -5, -2, -6, -5, -2, 6, -3, -5, 6, 4, -5, -4, 3, -2, 6, -6, -4, 5, -3, 6, -2, 3, 2, -6, -1, -1, -2, -4, 0, 3, 5, 5, -1, 5, -5, 3, 1, -6, -2, -1, 3, 3, -5, 6, 5, -3, 2, 0, 6, 5, 5, 3, -3, -2, -4, -2, -1, -6, 1, -4, 4, 2, 5, 0, 6, 0, -4, -6, 1, -3, -6, 6, 5, 3, 4, -4, -2, 0, 1, -6, 0, -1, 2, -5, -3, 5, -4]
 
2.2125092037852983: [-1, -3, 4, 6, 6, -6, -6, -2, 6, -6, -6, 6, 3, 2, 0, 1, 3, 4, 0, -5, -1, 5, 1, 6, -2, -6, 4, -5, 6, 4, 5, 0, -6, -5, -1, -2, 5, 1, 3, -2, -5, 4, -2, -6, 3, 1, -1, -3, -5, 6, 4, -1, -4, 3, -2, 6, -6, -4, 5, -2, -3, -2, 0, 5, -6, -6, -4, -2, -4, -1, 6, 5, 5, -4, 5, -5, -4, 3, 6, -2, 1, -3, -4, 0, 1, -3, 5, -4, -6, 5, -3, 4, 2, 6, -2, -2, -2, -1, -6, -4, -4, -5, -4, 5, -3, 6, 1, 3, -6, 3, 4, 4, 1, 5, 0, 4, 6, 3, 4, -6, -6, -2, 3, 6, -2, -2, -3, -3]
 
1.9875620150719198: [0, 4, 3, -5, -4, -6, 3, -2, -3, -6, 2, -1, 6, 0, 6, 1, 3, 4, 0, 1, -1, -6, 1, -4, -6, 0, 4, -5, 6, 2, -1, 3, -5, 2, 6, 5, -6, 1, 6, 0, -5, -5, -2, 5, 4, 0, 6, -3, -5, 6, 4, -1, -4, 3, -2, 6, -6, -4, 5, -2, -3, -2, 0, 5, -6, -6, -4, -2, -4, -1, 6, 5, 5, -1, 5, -5, 3, 3, 4, -2, -6, 6, 3, -5, 6, 5, -3, 2, 0, -1, 5, 5, 3, -1, 3, -5, -1, -2, -5, -6, 5, -2, 3, -1, -6, -2, -6, 6, 4, -3, 4, 1, -6, -2, 0, 0, -3, 5, 5, 1, -1, -5, -4, 1, -5, 6, -1, -5]
 
0.7384348455773966: [-6, -3, 3, -5, 3, -6, 6, -2, 5, -6, 2, 1, 6, -4, 4, 2, 1, 2, 0, -4, -6, 5, 1, 6, -2, -6, 2, -5, 6, -5, -4, 0, -6, -2, -1, -2, 5, 1, 3, -2, 4, -2, -2, -5, 6, -6, 6, 0, 4, 6, 1, -5, -3, 1, 2, -6, -2, -5, -5, -4, 4, -1, 5, -5, -6, 1, -1, 4, -2, -2, 6, -4, 6, 5, -1, -4, -1, 6, 3, 0, 5, -5, -4, -6, 5, 5, 0, -5, 4, 0, 2, 4, 0, 3, 2, -4, 3, -1, 5, 1, -5, 4, 4, -5, 0, 2, 0, 4, 4, 0, -3, -1, 6, -5, -2, 4, -1, -3, 0, 5, -6, -5, 3, 6, 0, -2, 5, -3]
 
1.40435971485: [0, -3, -1, -5, 6, -6, -1, -2, 2, -6, -5, 5, -2, -4, -1, 4, -5, 4, -2, -2, -1, 5, -3, 6, 1, -6, 4, 5, 3, 4, 5, -3, -6, 2, 1, -2, 5, 1, 3, -2, -6, -6, 0, -2, -4, -5, -5, 4, -3, 6, 4, 3, -4, 3, -2, 6, -6, -4, 5, -2, -3, 6, 6, 5, -6, -6, -4, -2, 0, -1, 6, 1, 5, 1, 4, 2, 3, 3, 4, -2, -6, 6, 3, -5, 6, 5, -3, 5, 3, -1, 4, 1, 0, -4, 3, -5, -1, -1, -6, 5, 4, -4, 3, -1, -4, -2, 3, 3, 5, -1, -5, 1, -3, 0, -2, -1, -2, 6, 5, -2, -4, 1, 4, -6, 1, -4, -2, -3]
 
0.684227141662626: [-6, -3, 3, -5, 3, -6, 6, -2, 5, -6, 2, 1, 6, -4, 4, 2, 1, 2, 0, -4, -6, 5, 1, 6, -2, -6, 2, -5, 6, -5, -4, 0, -6, -2, -1, -2, 5, 1, 3, -2, 4, -2, -2, -5, 6, -6, 6, 0, 4, 6, 1, -5, -3, 1, 2, -6, -2, -5, -5, -4, 4, -1, 5, -5, -6, 1, -1, 4, -2, -2, 6, -4, 6, 5, -1, -4, -1, 6, 3, 0, 5, -5, -4, -6, 5, 5, 0, -5, 4, 0, 2, 4, 0, 3, 2, -4, 3, -1, 5, 1, -5, 4, 4, -5, 0, 2, 0, 4, 4, 0, -3, -1, 6, 5, -3, 4, 6, -3, 0, 1, -6, 0, -5, 2, 0, -2, 5, -3]
 
0.7590863901884346: [5, -3, 1, 3, 6, -6, 6, -2, -5, -5, 4, -3, -2, -5, 2, 2, 1, 2, -4, -4, -6, 2, 3, 3, -2, -6, -5, 4, -6, -3, 5, 0, -6, 2, -1, -2, 5, 4, 6, 3, -3, -6, -2, -2, 3, 5, 3, 5, -6, 3, 5, -1, 0, -3, 6, 2, 1, 5, 5, -6, 2, 3, 6, 5, -4, -1, -4, 3, -5, -3, 2, 4, -4, -1, 1, 5, 3, 6, -2, -1, 3, 5, 5, 5, 6, 5, 2, -5, -3, -6, 5, 1, -5, 0, 4, -3, -1, -2, -5, 4, 3, 3, -4, 6, 3, 4, 3, 6, 4, -3, 4, 1, 0, 4, 6, -1, -4, -6, 6, -5, -1, 6, 4, -6, -5, -4, -6, -6]
 
2.6780469739583554: [0, -3, -5, 3, 6, -6, -6, -2, 3, -6, 2, -1, -5, -4, 4, 1, -5, 4, 0, -5, -1, 5, 1, 6, -2, -6, 4, -5, 6, 4, 5, 0, -6, -5, -1, -2, 5, 1, 3, -2, -5, 4, -2, -6, 3, 1, -1, -3, -6, 6, 4, -6, -4, 3, 6, 1, 1, -4, 5, -6, -6, -2, 6, 1, -6, 4, -4, 3, -5, -5, 3, 5, 5, -1, 5, -5, 3, 3, 4, -2, -6, 6, 3, -5, 6, 5, -3, 2, 0, -1, 5, 5, 3, -1, 3, -5, -1, -2, -5, -6, 5, -2, 3, -1, -6, -2, -6, 6, 4, -3, 4, 1, 0, 4, 6, -1, -4, -6, 6, -5, -1, 6, 4, -6, -5, -4, -6, -6]
 
1.4190870104991764: [0, -3, -1, -5, 6, 4, 1, -2, 3, 4, -5, 5, 1, -4, -1, 4, -5, 4, 0, -2, -1, 5, 1, 6, -2, -6, 4, -4, 2, 4, 5, 1, -6, 5, 1, 5, 4, 1, 3, -5, 2, 4, -2, -6, -6, 1, 2, -3, 6, 6, 4, -5, -4, 3, -2, -2, 3, 3, 5, -1, -5, -2, 0, 5, -6, -6, -4, -2, -4, -1, 6, 5, 5, -4, 5, -5, -4, 3, 6, -2, 1, 3, 5, 5, 6, 5, -3, -5, 0, -1, 5, 5, 3, -3, 4, -5, -1, -2, -5, -6, -6, -4, -4, 6, 2, -2, 3, 3, 4, -5, -5, 1, 0, 4, 6, -1, -4, 0, -6, -4, 3, 6, 4, -6, -5, -4, -3, -3]
 
0.840647812135914: [3, -3, -5, -6, 2, -3, 1, 1, -4, -3, 0, 5, -5, -5, 4, 0, -4, 2, -3, -4, 2, 2, 5, 6, -2, -6, 4, -5, 1, -5, -4, 6, 0, -2, -5, 5, 5, 6, 3, 3, 2, 5, -2, 6, 6, 0, 3, -3, 1, 6, 0, -1, -4, 2, 2, 3, -6, -4, 0, -2, 1, 4, 0, -5, 0, -6, 0, 2, -5, 5, -4, 3, 6, 1, -3, 3, -2, -3, 1, -2, 1, -5, 2, -5, -3, 4, 0, -5, 4, 0, -3, 4, 0, 3, 5, -4, 3, -5, 1, 4, -5, 6, 4, -6, 4, 0, 0, 2, 4, 0, -3, -1, 6, 6, -2, 4, -1, 3, 6, 5, -6, -5, -3, 6, 0, 4, 0, 0]
 
1.78312854546: [0, -3, -5, 1, 6, -6, 3, 6, 6, -6, -5, 5, -4, -5, 4, -4, -5, -2, 0, -5, -2, 5, -4, 5, -4, -6, 4, 0, -2, 5, -3, -2, 4, 4, -4, 1, 5, -3, 3, -2, -5, -4, -2, -2, 0, 6, -5, -3, 4, -1, 4, 2, 5, -5, 3, 1, 1, -6, -3, -6, -6, -5, 0, 1, 6, -6, -2, -2, 3, -1, 2, 5, -3, -1, 3, -6, 5, 3, -4, -4, -1, -3, -4, -3, 6, 5, -5, -5, -6, 0, 6, 2, -4, 2, 2, 0, -1, 2, 2, 5, -4, 2, 2, -5, -1, 2, 0, -1, 4, 5, -3, -1, 6, -5, -2, 4, -5, -3, 0, 1, -3, 0, 3, 6, -5, -5, 2, 6]
 
1.3815510773318906: [0, -3, -1, -5, 6, 4, 1, -2, 3, 4, -5, 5, 1, -4, -1, 4, -5, 4, 0, -2, -1, 5, 1, 6, -2, -6, 4, -4, 2, 4, 5, 1, -6, 5, 1, 5, 4, 1, 3, -5, 2, 4, -2, -6, -6, 1, 2, -3, 6, 6, 4, -5, -4, 3, -2, -2, 3, 3, 5, -1, -5, -2, 0, 5, -6, -6, -4, -2, -4, -1, 6, 5, 5, -4, 5, -5, -4, 3, 6, -2, 1, 3, 5, 5, 6, 5, -3, -5, 0, -1, 5, 5, 3, -3, 4, -5, -1, -2, -5, -6, -6, -4, -4, 6, 2, -2, 3, 3, 4, -5, -5, 1, 0, 4, 5, -1, -4, -5, 6, -5, -1, 6, 4, -6, 4, -6, -3, 4]
 
0.604577934057: [1, -3, 3, -4, 0, -3, 6, 2, 3, -5, 5, 4, -4, -1, -4, -1, 2, 4, -6, -1, 1, 1, -1, -3, -3, 4, -2, -6, -3, 4, 5, 2, -3, 0, -2, 4, -1, -3, -3, 3, -1, 0, -2, -5, 5, -5, 5, 0, -3, -6, 4, -1, -4, 3, 4, 6, 3, 0, 5, -2, -2, -2, 0, 5, -6, -6, -1, -2, -4, 2, 5, 6, -1, 3, -6, -5, -4, 2, -6, -2, -3, 6, 5, 5, 3, 5, 0, 0, 3, 6, 2, 5, 1, -4, -3, -4, -4, -1, -2, 1, -5, -2, 4, -5, 4, 2, 0, 1, 1, 6, -5, -1, 6, 5, 6, 4, 6, -3, 0, -4, -1, 0, -6, 6, 0, -6, 5, -4]
 
1.20731118637: [6, 5, -4, 3, -4, -6, -6, -2, 5, -6, -1, 1, -2, 5, 4, 2, 1, 2, 2, -4, -6, 3, 1, 6, -2, 5, 2, -5, 1, 4, 5, 3, -6, -5, -1, -2, 5, 1, 3, -2, -2, 4, -2, -6, -2, -4, -1, -3, -5, 6, 4, -1, 2, 3, 5, 6, -6, -4, 1, -2, -3, 4, 0, 1, -6, -6, -4, 2, -4, -1, 6, 5, 5, -4, 0, -5, -4, 3, 6, -2, 2, -3, -4, -2, 6, 3, -3, -2, -4, 6, 3, 4, 1, -1, 3, -5, -1, 1, -5, 5, 3, -2, 3, 0, -5, 6, 1, -6, 1, 5, 0, 6, 6, -2, 4, -4, -6, 6, 6, 4, -2, -1, -5, 4, 0, 0, -2, -4]
 
0.9351453454186961: [-2, 1, 5, -3, 0, -6, -1, -2, 6, -4, -6, 6, 3, 2, 0, 1, -3, 4, -5, -5, -6, 5, 1, 6, -2, -6, 4, -5, -5, -5, -4, 0, -6, -2, -5, 2, 4, 1, 3, -5, 2, -6, -6, -6, -6, -3, 2, -3, -2, -2, 5, -5, -4, 3, -2, -2, 0, 3, 5, 5, -5, 5, 0, 5, 4, 4, -6, 1, -4, -5, 6, 5, 5, -1, -3, -5, -2, 3, 2, -2, 1, 3, 5, 5, -4, 3, 0, -4, 4, -3, 5, 4, 0, -3, 2, -4, 3, -1, 5, 2, 2, 4, 3, -5, 0, -2, 0, 4, -6, 3, 0, 4, 1, 1, 6, 4, -5, 3, 2, 1, -6, -2, -6, -4, 6, -2, 5, -3]
 
0.6491442555769931: [0, 4, 3, -5, -4, -6, 3, -2, -3, -6, 2, -1, 6, 0, 6, 1, 3, 4, 0, 1, -1, -6, 1, -4, -6, 0, 4, -5, 6, 2, -1, 3, -5, 2, 6, 5, -6, 1, 6, 0, -5, -5, -2, 5, 4, 0, 6, 2, -5, 4, -1, -3, 5, -1, 6, 1, 2, 3, 0, -2, 1, -4, -3, 0, -3, -6, -3, 1, -1, -1, -6, -5, 4, 6, -6, 5, 1, -5, 1, -4, -3, 0, -1, 5, 1, -5, -3, 6, 4, 1, 0, 3, 5, 3, 2, 6, 5, 2, -6, -6, -4, 1, 3, -4, -5, 2, -5, 1, -6, -2, -6, -2, 6, 5, -5, 2, -1, 3, 5, 5, 6, -6, 1, 1, -6, 0, 3, -3]
 
0.744176955702218: [0, 4, 2, 4, 1, -1, 5, -2, -3, 4, 3, -5, -4, -5, 3, 0, 6, -6, -1, -5, 0, 2, 5, -6, -6, 5, 2, -4, -1, -2, 5, -4, -1, 2, -1, -2, -4, 4, 6, -5, 2, 3, -2, 6, 5, 1, -2, -5, -5, 4, 2, -3, 0, 3, 4, 3, -5, 6, 5, 6, 4, -6, 5, 1, 1, 2, 6, 5, 3, 6, -3, 1, -5, -1, 3, 3, -6, 6, 6, -3, -6, 3, -1, 4, 3, 4, -4, -2, -3, 3, -1, 2, 5, 1, -5, 1, -2, 5, 0, 2, 4, 4, 0, 1, 6, -6, 6, -2, -1, -4, -4, 5, -6, 3, 0, 0, -3, 5, 5, 1, -1, -5, -2, 2, -5, -4, -3, -5]
 
0.52473446937: [0, 5, 1, -6, 5, -6, -2, -2, -2, 0, 4, 4, 3, -3, -3, 0, -5, -4, -6, -5, 1, 1, 3, 6, -6, -5, 1, 2, -4, -5, 2, 3, -6, -2, 1, -6, 5, -1, 3, -5, 0, 4, -3, 6, -5, 1, -3, -2, -3, 4, 5, 5, -3, -4, 4, 3, -6, -4, 0, -5, -6, 5, -3, 1, 1, 2, -1, 5, -1, 5, -5, -5, 1, 2, 5, 1, 5, 0, 2, 6, -1, 3, -3, 5, 3, 5, -3, -5, 2, 0, 3, 4, 5, 3, -6, -4, -2, -1, -6, 5, -4, 4, 2, 1, -5, 2, 0, 3, -6, -6, 5, 4, 6, -5, 0, -2, -1, 3, 0, 5, -6, -5, -3, 6, -6, 3, 5, 6]
 
1.1535684483403865: [6, 6, 5, -3, 0, -6, 4, -2, 4, -4, -6, 6, 3, 2, 0, 1, 3, 4, 0, -5, -1, 5, 1, 6, -2, -6, 2, -5, 6, -5, -4, 0, -6, -2, -1, 5, 4, 1, 3, -5, 2, 4, -2, -6, -6, 1, 2, -3, 6, 6, 4, -5, -4, 3, -2, -2, 3, 3, 5, -1, -5, -2, 0, 5, -6, -6, -4, -2, -4, -1, 6, 5, 5, -4, 5, -5, -4, 3, 6, -2, 1, 3, 5, 5, 6, 5, -3, -5, 0, -1, 5, 5, 3, -3, 4, -5, -1, -2, -5, -6, -6, -4, -4, 6, 2, -2, 3, 3, 4, -5, -5, 1, 0, 4, 6, -1, -4, 0, -6, -4, 3, 6, 4, -6, -5, -4, -3, -3]
 
2.68577420401952: [-6, -3, -5, 3, 6, -6, 1, -4, 1, -5, -1, 6, -4, -4, 0, 0, -5, 4, 4, -2, -1, 5, 1, 6, -2, -6, -5, -4, -6, -1, -6, 5, -6, 2, 1, -2, 5, 1, 3, 0, 2, -3, 3, -2, 4, -6, 6, -3, -3, -4, -2, -6, -4, -5, 1, -2, 3, -3, 5, 3, -3, -2, 0, 5, -6, -6, -4, 4, 1, -3, 6, 5, -4, 0, 4, 1, -4, 3, 2, -2, 1, -3, 5, -2, 3, -5, 1, -6, -4, 6, 6, 6, -1, -3, 6, -6, -2, -3, -1, -4, -2, 1, 2, -3, -4, 2, -2, 3, 2, 2, -1, 4, -4, -3, -2, 0, -1, 3, 3, 5, -6, 5, 3, -5, 0, -2, 0, -3]
 
0.1986707661041591: [-6, -3, -5, 3, -1, -6, 1, 4, 1, 4, -2, 6, 1, -4, 0, 0, -5, 4, 1, -4, 5, 5, 3, -4, -2, -6, -5, 1, 6, 4, 5, 0, -6, 1, 6, 1, 5, 2, 6, -3, -3, -6, -6, -1, -5, 3, -5, 5, -5, -2, -3, 4, 6, 5, 6, -2, 1, 5, 2, 6, 2, 1, 6, 2, -4, 2, 4, 1, 2, -1, -3, -1, -4, -6, 1, 5, 4, 6, 5, -2, -4, -6, 5, 5, 6, 1, 2, -5, -3, -6, 5, 5, -2, 0, 4, -5, -1, -2, -3, 4, 3, -4, -4, -2, 2, -5, 3, 3, -3, 3, 5, 4, 5, 0, -6, 6, -4, 6, -6, 1, 2, 6, -5, -4, 2, -4, -3, 3]
 
1.9544899190527625: [-4, -3, 1, -2, 6, -6, 6, -2, -5, -1, 4, -3, -2, -5, 2, -6, 1, -1, -4, 4, -6, 3, 3, -1, -2, 4, -5, 1, -6, -3, 5, 0, -4, 2, 5, -4, 5, 4, 5, 0, -3, -4, -2, 0, 3, -2, -5, -6, 3, 3, -4, -1, 0, -3, 6, 2, 1, 1, -1, 0, 2, 0, 6, -1, -2, -1, -3, -4, -6, 2, 2, 4, -2, 0, 1, -3, 3, 6, -5, -6, 3, 5, -6, -3, 2, 2, 2, -5, -3, -6, 5, -3, -5, 0, 4, -3, -5, 6, -5, 4, -2, -1, -4, 6, 3, 4, 3, 3, 2, -1, -4, 1, 5, 0, 6, 6, -2, 6, 5, -5, -2, -4, -1, 1, 1, -4, 2, -3]
 
0.7691854963717273: [5, 6, -3, 2, 0, -6, 0, -2, 4, -4, -6, 6, 3, 2, 0, 1, 3, 4, 0, 0, -1, 4, 4, 5, -4, 3, 4, 5, -2, 0, -3, 5, -5, -6, -4, 1, 6, -3, 3, -2, -5, -4, -2, 3, 5, 3, 3, -3, 1, -1, 4, -4, -1, -5, -4, 6, 1, 5, 0, -6, -1, -5, 0, 5, -2, -2, -5, -5, 3, -1, 1, 5, 5, 5, -1, -5, 5, 3, -5, 3, 6, -2, -6, 4, 4, 5, 0, 0, 1, 0, 3, 5, 3, -1, -4, -5, 5, -2, 0, -6, 5, -2, -4, -6, -6, -2, -6, 6, 4, -3, 4, 1, -4, -2, 6, -1, -1, -2, 6, -5, -6, 6, 4, 2, -5, -4, -5, -6]
 
0.9906044469628853: [-6, -3, 3, -5, 3, -6, 6, -2, 5, -6, 2, 1, 6, -4, 4, 2, 1, 2, 0, -4, -6, 5, 1, 6, -2, -6, 2, -5, 6, -5, -4, 0, -6, -2, -1, -2, 5, 1, 3, -2, 4, -2, -2, -5, 6, -6, 6, 0, 4, 6, 1, -5, -3, 1, 2, -6, -2, -5, -5, -4, 4, -1, 5, -5, -6, 1, -1, 4, -2, -2, 6, -4, 6, 5, -1, -4, -1, 6, 3, 0, 5, -5, -4, -6, 5, 5, 0, -5, 4, 0, 2, 4, 0, 3, 2, -4, 3, -1, 5, 1, -5, 4, 4, -5, 0, 2, 0, 4, 4, 0, -3, -1, 6, -5, -3, 4, 6, -3, 0, 1, -6, 0, -5, -4, 0, 1, 5, 6]
 
0.2923294171: [0, 4, 3, -5, -4, -6, 3, -2, -3, -6, 2, -1, 6, 0, 6, 1, 3, 4, 0, 1, -1, -6, 1, -4, -6, 0, 4, -5, 6, 2, -1, 3, -5, 2, 6, 5, -6, 1, 6, 0, -5, -5, -2, 5, 4, 0, 6, 2, -5, 4, -1, -3, 5, -1, 6, 1, 2, 3, 0, -2, 1, -4, -3, 0, -3, -6, -3, 1, -1, -1, -6, -5, 4, 6, -6, 5, 1, -5, 1, -4, -3, 0, -1, 5, 1, -5, -3, 6, 4, 1, 0, 3, 5, 3, 2, 6, 5, 2, -6, -6, -4, 1, 3, -4, -5, 2, -5, 1, -6, -2, -6, -2, 6, 5, -5, 2, -1, 3, 5, 5, 6, -6, -5, 2, 0, -2, 5, -3]
 
0.630921961356: [0, 4, 3, -5, -4, -6, 3, -2, -5, -6, 3, -1, 6, 0, 4, 1, -2, 5, 0, 1, -1, -6, 0, -4, 2, 0, 4, -5, 6, 2, 2, -4, -5, 2, 6, 5, -6, 1, 6, -1, 6, -5, -6, -1, 4, 0, 6, -3, -5, 6, 1, 2, -4, 1, -2, 2, 1, -4, -4, -2, -3, -5, 0, 6, -6, -6, 3, -5, -4, 6, 3, 5, 3, -1, 5, -5, 3, 3, -1, -2, 1, -3, 5, -5, -4, 5, -1, 5, 0, -1, -6, 5, 3, -1, 5, -4, -4, -1, 2, -6, -3, 4, 2, 5, -4, 5, 5, 3, 5, -2, -3, 4, 6, 5, -3, 4, -3, -3, 0, -4, -6, 1, 1, 3, -6, -5, 3, -3]
 
2.62601176053: [5, 6, -3, 2, 0, -6, 0, -2, 4, -4, -6, 6, 3, 2, 0, 1, 3, 4, 0, 0, -1, 4, 4, 5, -4, 3, 4, 5, -2, 0, -3, 5, -5, -6, -4, 1, 5, -3, 3, -2, -5, -4, -2, -2, 5, 3, 2, -3, 4, -1, 4, -4, 5, -5, 3, 1, 1, 5, 5, -6, -6, -5, 0, 1, -2, -6, -5, -2, 3, -1, 6, 5, 5, -1, 5, -6, -4, 3, -5, 0, 6, -3, -4, 4, 3, 5, 0, -5, -3, 0, 3, 5, 3, -1, 3, -5, -1, -2, -5, -6, 5, -2, 3, -1, -6, -2, -6, 6, 4, -3, 4, 1, 0, 4, 6, -1, -4, -6, 6, -5, -1, 6, 4, -6, -5, -4, -6, -6]
 
0.731339688204: [6, 6, 5, -3, 0, -6, 4, -2, 4, -4, -6, 6, 3, 2, 0, 1, 3, 4, 0, -5, -1, 5, 1, 5, -4, -6, 4, 5, 6, 0, -3, 0, -5, -6, -4, 1, 6, -3, 3, -2, -5, -4, -2, 3, 5, 3, 3, -3, 1, -1, 4, -4, -1, -5, -4, 6, 1, 5, 0, -6, -1, -5, 0, 5, -2, -2, -5, -5, 3, -1, 1, 5, 5, 5, -1, -5, 5, 3, -5, 3, 6, -2, -6, 4, 4, 5, 0, 0, 1, 0, 3, 5, 3, -1, -4, -5, 5, -2, 0, -6, 5, -2, -4, -6, -6, -2, -6, 6, 4, -3, 4, 1, -4, -2, 6, -1, -1, -2, 6, -5, -6, 6, 4, 2, -5, -4, -5, -6]
 
3.3980486531: [-6, -3, 3, -5, 3, -6, 6, -2, 3, 4, -5, 5, 1, -4, -1, 4, -5, 4, 0, -2, -1, 5, 1, 6, -2, -6, 4, -4, 2, 4, 5, 1, -6, 5, 1, -2, 5, 1, 3, -2, 6, -3, 0, -2, 3, 1, -1, -3, -5, 6, 4, -1, -4, 3, -2, 6, -6, -4, 5, -2, -3, -2, 0, 5, -6, -6, -4, -2, -4, -1, 6, 5, 5, -1, 5, -5, 3, 3, 4, -2, -6, 6, 3, -5, 6, 5, -3, 2, 0, -1, 5, 5, 3, -1, 3, -5, -1, -2, -5, -6, 5, -2, 3, -1, -6, -2, -6, 3, 2, -1, -5, 1, 5, 0, 6, -1, -2, 6, 5, -5, -3, 6, 2, -6, 1, -4, 2, -3]
 
0.980466786699: [0, -3, -1, -5, 6, 4, 1, -2, 5, -6, 2, 1, 6, -4, 4, 2, 1, 2, 0, -4, -6, 5, 1, 6, -2, -6, 2, -5, 6, -5, -4, 0, -6, -2, -1, -2, 5, 1, 3, -2, 4, -2, -2, -5, 6, -6, 6, 0, 4, 6, 1, -5, -3, 1, 2, -6, -2, -5, -5, -4, 4, -1, 5, -5, -6, 1, -1, 4, -2, -2, 6, -4, 6, 5, -1, -4, -1, 6, 3, 0, 5, -5, -4, -6, 5, 5, 0, -5, 4, 0, 2, 4, 0, 3, 2, -4, 3, -1, 5, 1, -5, 4, 4, -5, 0, 2, 0, 4, 4, 0, -3, -1, 6, -5, -3, 4, 6, -3, 0, 1, -6, 0, -5, -4, 0, 1, 5, 6]
 
1.22189209718: [6, 6, 5, -3, 0, -6, 4, -2, 4, -4, -6, 6, 3, 2, 0, 1, 3, 4, 0, -5, -1, 5, 1, 6, -2, -6, 4, -5, 6, 4, -4, 0, -6, -2, -1, -2, 5, 1, 3, -2, 4, -2, -2, -5, 6, -6, 6, 0, 4, 6, 1, -5, -3, 1, 2, -6, -2, -5, -5, -4, 4, -1, 5, -5, -6, 1, -1, 4, -2, -2, 6, -4, 6, 5, -1, -4, -1, 6, 3, 0, 5, -5, -4, -6, 5, 5, 0, -5, 4, 0, 2, 4, 0, 3, 2, -4, 3, -1, 5, 1, -5, 4, 4, -5, 0, 2, 0, 4, 4, 0, -3, -1, 6, -5, -3, 4, 6, -3, 0, 1, -6, 0, -5, -4, 0, 1, 5, 6]
 
1.20317216932: [0, -3, -1, -5, -6, 4, 3, -2, 1, -2, 2, 1, 6, -4, 2, 2, 1, 0, 0, 2, -6, 5, 1, -3, -6, -6, 2, -5, 6, -5, -3, 0, -4, 4, -6, 4, -3, 1, 3, -2, -5, 4, -2, -6, 6, 1, 6, -5, 3, 6, -6, -6, -4, -6, -2, 6, -6, -4, 5, -2, -4, -1, 2, -1, -6, -6, -4, -2, -4, -1, 6, -1, 5, -4, 5, 5, -4, 3, -3, -2, 1, -3, -4, 4, -5, -2, -3, -5, -3, -5, -5, -5, 5, 3, -3, 3, -2, -5, 0, 1, -4, 4, 2, 3, -3, 2, 0, 3, -6, 6, 3, 4, 6, 5, -1, 4, 4, -3, 0, -2, -2, 0, -2, 1, 0, 1, 5, 6]
 
2.64797948982: [6, 6, 5, -3, 0, -6, 4, -2, 4, -4, -6, 6, 3, 2, 0, 1, 3, 4, 0, -5, -1, 5, 1, 6, -2, -6, 2, -5, 6, -5, -4, 0, -6, -2, -1, 5, 4, 1, 3, -5, 2, 4, -2, -6, -6, 1, 2, -3, 6, 6, 4, -5, -4, 3, -2, -2, 3, 3, 5, -1, -5, -2, 0, 5, -6, -6, -4, -2, -4, -1, 6, 5, 5, -4, 5, -5, -4, 3, 6, -2, 1, -3, -4, 0, 1, -3, 5, -4, -6, 5, -3, 4, 2, 6, -2, -2, -2, -1, -6, -4, -4, -5, -4, 5, -3, 6, 1, 3, -6, 3, 4, 4, 1, 5, 0, 4, 6, 3, 4, -6, -6, -2, 3, 6, -2, -2, -3, -3]
 
0.768332403085: [-1, -3, -3, -3, 6, -6, -6, -2, -4, -4, -6, 6, 6, 2, 0, 3, 3, 4, -5, -6, -1, 5, 1, 6, -2, -6, 0, 2, 6, 6, -6, 0, -6, -4, -1, -2, 5, 5, 3, -1, -5, 4, -2, -6, 3, 4, -1, -3, -5, 6, -4, -1, -4, 3, -2, -1, -6, -4, 5, 4, -3, -2, 0, 5, -6, -5, -4, -5, -4, 1, 6, 1, 5, -3, 5, -5, -6, 5, 0, 6, 1, -1, 5, -3, 4, -3, -3, 2, 0, -1, 4, 5, 3, 6, 4, 5, 4, -2, -5, -4, -6, -4, -3, 6, 2, -2, -6, 3, 4, -5, 5, 1, 0, 4, 2, -6, 4, 0, -6, 3, 3, 0, 5, 6, -5, -4, -3, 5]
 
0.880893072096: [-2, 4, 3, -5, -4, -6, -4, -2, -4, -4, 2, -1, 6, 4, 6, 3, 6, -5, 0, -5, -1, -2, 1, 3, -6, 0, 4, 0, -5, 2, 4, 3, -5, 2, -1, -2, -6, -5, -1, 0, -5, -5, -2, 6, 1, 0, 6, 2, -5, 4, -1, 3, 5, 3, 6, 1, 2, 3, 0, 6, 1, -4, -4, 0, -3, -6, -3, 2, -1, -1, -6, -5, 0, 6, 3, -6, 3, -5, 1, 4, -3, 0, -5, 5, 1, -5, -3, -2, 4, 1, 0, 3, 5, 6, 2, 3, 5, 2, -6, -6, -4, 1, 3, -5, -5, 2, -5, 1, -6, -2, -6, 5, -5, 6, -2, 4, -1, 1, -5, 3, 1, 6, 4, 5, -2, 4, -4, -3]
 
0.611870448024: [-2, 5, 1, 3, 6, -6, 0, 1, -3, -4, 0, 5, -4, -3, 4, 5, 3, -2, 3, 0, -3, 3, 1, 6, -2, -6, -6, 5, 0, 6, -4, 0, -1, -2, 0, -5, 1, 5, 0, 3, -5, -3, -6, 6, 6, 5, 3, -5, 1, 6, -5, -2, -2, 2, 0, 3, -6, 3, -4, -2, 1, -2, 0, -5, 3, -6, -6, 4, 3, 3, -2, 1, -3, -1, -5, 3, 1, 2, -1, -3, 1, -3, -6, -5, -5, -3, 0, 3, -5, 0, 2, 3, 4, -1, -3, 2, 3, -5, -1, -5, -5, 1, 4, 0, -4, 2, -5, -2, 4, 0, -3, -1, 6, 5, -5, -1, -4, -4, 5, 3, -1, -6, 5, 6, -6, 0, 3, -2]
 
0.416684979431: [-6, -3, 3, -5, 3, -6, 6, 2, 3, 5, 5, 4, 4, 2, 4, 2, -1, 5, -1, -4, 3, 3, -1, -2, -3, 0, -2, 6, -3, 4, 6, 2, -2, 0, -2, 4, -1, -3, -3, 6, 4, -2, -2, -5, 6, -6, 6, 0, 4, 6, 1, -5, -4, 3, -2, -2, 3, 3, 5, -1, -5, -2, 0, 5, -6, -6, -4, -2, -4, -1, 6, 5, 5, -4, 5, -5, -4, 3, 6, -2, 1, 3, 5, 5, 6, 5, -3, -5, 0, -1, 5, 5, 3, -3, 4, -5, -1, -2, -5, -6, -6, -4, -4, 6, 2, -2, 3, 3, 4, -5, -5, 1, 0, 4, 6, -1, -4, 0, -6, -4, 3, 6, 4, -6, -5, -4, -3, -3]
 
0.581630953557: [0, -3, -1, -5, 6, 4, 1, -2, 3, 4, -5, 5, 1, -4, -1, 4, -5, 4, 0, -2, -1, 5, 1, 6, -2, -6, 4, -4, 2, 4, 5, 1, -6, 5, 1, 5, 4, 1, 3, -5, 2, 4, -2, -6, -6, 1, 2, -3, 6, 6, 4, -5, -3, 1, 2, -6, -2, -5, -5, -4, 4, -1, 5, -5, -6, 1, -1, 4, -2, -2, 6, -4, 6, -4, -5, 4, 4, 6, 6, 1, -2, 3, -4, 0, 6, 5, -3, -5, 0, -1, 5, 5, 3, -3, 4, -5, -1, -2, -5, -6, -6, -4, -4, 6, 2, -2, 3, 3, 4, -5, -5, 1, 0, 4, 6, -1, -4, -6, 6, -5, -1, 6, 4, -6, -5, -4, -6, -6]
 
2.44304218271: [-4, -3, 1, -2, 6, -6, 6, -2, -5, -1, 4, -3, -2, -5, 2, -6, 1, -1, -4, 4, -6, 3, 3, -1, -2, 4, -5, 1, -6, -3, 5, 0, -4, 2, 5, -4, 5, 4, 5, 0, -3, -4, -2, 0, 3, -2, -5, -6, 3, 3, -4, -1, 0, -3, 6, 2, 1, 1, -1, 0, 2, 0, 6, -1, -2, -1, -3, -4, -6, 2, 2, 4, -2, 0, 1, -3, 3, 6, -5, -6, 3, 5, -6, -3, 3, 5, 0, -5, -3, 0, 3, 5, 3, -1, 3, -5, -1, -2, -5, -6, 5, -2, 3, -1, -6, -2, -6, 6, 4, -3, 4, 1, 0, 4, 6, -1, -4, -6, 6, -5, -1, 6, 4, -6, -5, -4, -6, -6]
 
0.272379892668: [-1, 6, 5, 4, 0, -6, 4, -2, 4, -4, 1, 5, 1, 2, 0, 2, 3, 4, 1, -2, -1, -1, 1, 5, -4, -6, -2, 5, 6, 0, -3, 0, -5, 6, -4, 1, -5, -3, 3, -2, -4, 2, -2, -2, -3, -4, 2, -4, -2, -1, -4, -4, 1, 4, 1, 1, 4, 5, -3, -2, -6, -5, 0, 1, -2, -6, -5, 0, -1, -1, 6, 5, 3, -1, 5, 6, -4, -5, -5, 0, -6, -3, -4, 2, 2, 2, -1, -5, 2, -6, 5, -3, 0, 0, 0, -3, -3, 3, 6, -4, -4, 4, -4, 6, 3, -3, 3, 0, 2, -1, -4, 1, 0, 0, 6, 6, -2, 6, 6, -5, -2, -4, 3, 1, 2, -4, 2, -6]
 
0.722829848286: [0, -3, -5, -1, 0, -6, 4, -2, 4, -4, -6, 6, 3, 2, 0, 1, 3, 4, 0, -5, -1, 5, 1, 5, -4, -6, 4, 5, 6, 0, -3, 0, -5, -6, -4, 1, 6, -3, 3, -2, -5, -4, -2, 3, 5, 3, 3, -3, 1, -1, 4, -4, -1, -5, -4, 6, 1, 5, 0, -6, -1, -5, 0, 5, -2, -2, -5, -5, 3, -1, 1, 5, 5, 5, -1, -5, 5, 3, -5, 3, 6, -2, -6, 4, 4, 5, 0, 0, 1, 0, 3, 5, 3, -1, -4, -5, 5, -2, 0, -6, 5, -2, -4, -6, -6, -2, -6, 6, 4, -3, 4, 1, -4, -2, 6, -1, -1, -2, 6, -5, -6, 6, 4, 2, -5, -4, -5, -6]
 
1.52428695126: [6, 6, 5, -3, 6, -6, 3, -2, 1, -6, -5, 5, -4, -4, 4, -4, -5, 4, 0, -5, 4, 5, 1, 5, -4, -6, 4, 5, 6, 0, -3, 0, -5, -6, -4, 1, 5, -3, 3, -2, -5, -4, -2, -2, 5, 3, 2, -3, 4, -1, 4, -4, 5, -5, 3, 1, 1, 5, 5, -6, -6, -5, 0, 1, -2, -6, -5, -2, 3, -1, 6, 5, 5, -1, 5, -6, -4, 3, -5, 0, 6, -3, -4, 4, 3, 5, 0, -5, -3, 0, 3, 4, -4, 2, 2, 0, -1, 4, 2, 1, -4, 4, 2, -5, -2, 2, 0, 4, 4, 5, -3, -1, 6, -5, -2, 4, -5, -3, 0, 2, -3, -5, 3, 6, 0, -2, 2, 5]
 
0.413368349023: [-6, -3, 3, -5, 3, -6, 6, -2, 5, -6, 2, 1, 6, -4, 4, 2, 1, 2, 0, -4, -6, 5, 1, 6, -2, -6, 2, -5, 6, -5, -4, 0, -6, -2, -1, -2, 5, 1, 3, -2, 4, -2, -2, -5, 6, -6, 6, 0, 4, 6, 1, -5, -3, 1, 2, -6, -2, 5, 0, -6, -1, -5, 0, 5, -2, -2, -5, -5, 3, -1, 1, 5, 5, 5, -1, -5, 5, 3, -5, 3, 6, -2, -6, 4, 4, 5, 0, 0, 1, 0, 3, 5, 3, -1, -4, -5, 5, -2, 0, -6, 5, -2, -4, -6, -6, -2, -6, 6, 4, -3, 4, 1, -4, -2, 6, -1, -1, -2, 6, -5, -6, 6, 4, 2, -5, -4, -5, -6]
 
0.497940748275: [-1, 6, -1, 2, 3, -6, 0, -2, 4, -4, -5, 4, 5, 5, -5, 1, 1, 4, 0, 0, -1, 4, 4, 5, -4, 3, 4, -1, -2, 0, 6, 5, -1, -6, -4, 1, 6, -3, 3, -1, -5, -4, -2, -2, 5, 3, 3, -3, 1, -1, -4, -4, -1, -5, -4, -3, 1, -1, -2, 1, -6, -1, 1, 2, -5, 6, -1, 5, -2, -1, 6, -4, -5, 5, -4, -1, 0, 6, 3, 0, 5, 6, 3, -6, 5, 5, -2, -5, 4, 0, 2, 4, -1, 3, 2, -4, 3, -1, -2, 0, -5, 4, 4, -5, 4, 2, -5, 4, 1, 0, -5, -1, 6, 5, 4, 3, 6, -3, 0, 1, 2, 0, 5, -6, 0, 6, 6, -3]
 
1.16445787213: [5, -3, 1, 3, 6, -6, 6, -2, -5, -5, 4, -3, -2, -5, 2, 2, 1, 2, -4, -4, -6, 2, 3, 3, -2, -6, -5, 4, -6, -3, 5, 0, -6, 2, -1, -2, 5, 4, 6, 3, -3, -6, -2, -2, 3, 5, 3, 5, -6, 3, 5, -1, 0, -3, 6, 2, -2, -5, -5, -4, 4, -1, 5, -5, -6, 1, -1, 4, -2, -2, 6, -4, 6, 5, -1, -4, -1, 6, 3, 0, 5, -5, -4, -6, 5, 5, 0, -5, 4, 0, 2, 4, 0, 3, 2, -4, 3, -1, 5, 1, -5, 4, 4, -5, 0, 2, 0, 4, 4, 0, -3, -1, 6, 5, -3, 4, 6, -3, 0, 1, -6, 0, -5, 2, 0, -2, 5, -3]
 
1.67581968215: [1, -3, 5, 1, 3, -6, 6, -2, 5, -6, -4, 0, -4, -4, 6, 2, -5, -2, 2, -4, -6, 0, -4, 6, -2, -1, 3, -5, 6, -5, 0, 0, -6, -2, -1, -2, 5, 1, 3, -2, 4, -2, -6, -5, 6, -6, 6, 1, 4, 3, 1, 5, 2, -3, 2, -2, -6, 5, 5, -6, 2, 3, 6, -5, -4, -1, 1, -5, -5, -3, 2, 4, -6, -4, -2, 5, 3, 0, -2, -1, 3, -4, 5, 5, 5, 5, 6, -5, -3, -4, 5, 2, -5, 0, 4, -6, 2, -2, -2, 6, 3, 3, -4, 6, 3, 4, -1, 6, 4, -3, 4, 1, -6, -3, 6, 2, -4, -3, 6, -5, -1, 6, -4, -6, -5, 4, -6, -6]
 
1.15105004646: [-4, -3, 1, -2, 6, -6, 6, -2, -5, -1, 4, -3, -2, -5, 2, -6, 1, -1, -4, 4, -6, 3, 3, -1, -2, 4, -5, 1, -6, -3, 5, 0, -4, 2, 5, -4, 5, 4, 5, 0, -3, -4, -2, 0, 3, -2, -5, -6, 3, 3, -4, -1, 0, -3, 6, 2, 1, 1, -1, 0, 2, 0, 6, -1, -2, -1, -3, -4, -6, 2, 2, 4, -2, 0, 1, -3, 4, 6, 5, -2, -4, -6, 5, 5, 6, 1, 2, -5, -3, -6, 5, 5, -2, 0, 4, -5, -1, -2, -3, 4, 3, -4, -4, -2, 2, -5, 3, 3, -3, 3, 5, 4, 5, 0, -6, 6, -4, 6, -6, 1, 2, 6, -5, -4, 2, -4, -3, 3]
 
1.09440669161: [-6, -3, -5, 3, -1, -6, 1, 4, 1, 4, -2, 6, 1, -4, 0, 0, -5, 4, 1, -4, 5, 5, 3, -4, -2, -6, -5, 1, 6, 4, 5, 0, -6, 1, 6, 1, 5, 2, 6, -3, -3, -6, -6, -1, -5, 3, -5, 5, -5, -2, -3, 4, 6, 5, 6, -2, 1, 5, 2, 6, 2, 1, 6, 2, -4, 2, 4, 1, 2, -1, -3, -1, -4, -6, 1, 5, 3, 6, -5, -6, 3, 5, -6, -3, 2, 2, 2, -5, -3, -6, 5, -3, -5, 0, 4, -3, -5, 6, -5, 4, -2, -1, -4, 6, 3, 4, 3, 3, 2, -1, -4, 1, 5, 0, 6, 6, -2, 6, 5, -5, -2, -4, -1, 1, 1, -4, 2, -3]
 
0.40381443256: [0, 4, 2, 4, 1, -1, 5, -2, -3, 4, 3, -5, -4, -5, 3, 0, 6, -6, -1, -5, 0, 2, 5, -6, -6, 5, 2, -4, -1, -2, 5, -4, -1, 2, -1, -2, -4, 4, 6, -5, 2, 3, -2, 6, 5, 1, -2, -5, -5, 4, 2, -3, 0, 3, 4, 3, -5, 6, 5, 6, 4, -6, 5, 1, 1, 2, 6, 5, 3, 6, -3, 1, -5, -1, 3, 3, -6, 6, 6, -3, -6, 3, -1, -6, 5, 3, 0, -5, 4, -1, 2, 4, -1, 3, 2, -6, -4, -1, 5, 2, -5, 3, 4, 5, 2, -2, 0, 4, 4, 0, 0, -5, 6, -5, -4, 6, -4, -3, 0, 5, -6, -5, 3, 6, -2, -2, -2, 0]
 
0.522719606676: [1, -2, -6, -5, 3, -6, 3, -2, 0, -6, 2, -2, -6, 0, 4, -1, 1, 2, 0, -3, -6, 5, 1, 6, -2, -6, 2, -5, 6, -1, -4, 0, -4, -2, -1, -2, 5, 1, 3, -5, 4, -2, -2, -5, 4, -6, 0, 0, 4, 6, 1, -2, -3, 1, 2, -6, -2, -5, -5, 3, 4, -1, 5, -5, -1, 1, -1, -6, 5, -2, -6, 5, 6, 3, -1, 5, 2, 6, 4, -5, 5, -5, 0, 4, 3, 4, -4, -2, -3, 3, -1, 2, 5, 1, -5, 1, -2, 5, 0, 2, 4, 4, 0, 1, 6, -6, 6, -2, -1, -4, -4, 5, -6, 3, 0, 0, -3, 5, 5, 1, -1, -5, -2, 2, -5, -4, -3, -5]
 
2.73640764698: [0, -3, -1, -5, 6, 4, 1, -2, 5, -6, 2, 1, 6, -4, 4, 2, 1, 2, 0, -4, -6, 5, 1, 6, -2, -6, 4, -4, 2, 4, 5, 1, -6, 5, 1, -2, 5, 1, 3, -2, 6, -3, 0, -2, 3, 1, -1, -3, -5, 6, 4, -1, -4, 3, -2, 6, -6, -4, 5, -2, -3, -2, 0, 5, -6, -6, -4, -2, -4, -1, 6, 5, 5, -1, 5, -5, 3, 3, 4, -2, -6, 6, 3, -5, 6, 5, -3, 2, 0, -1, 5, 5, 3, -1, 3, -5, -1, -2, -5, -6, 5, -2, 3, -1, -6, -2, -6, 3, 2, -1, -5, 1, 5, 0, 6, -1, -2, 6, 5, -5, -3, 6, 2, -6, 1, -4, 2, -3]
 
0.999698944307: [-6, -3, 3, -5, -1, -6, 6, -2, -2, 0, 4, 5, 1, -4, -1, 4, 0, 4, 0, -2, -1, 5, 1, 6, -2, -6, 0, -5, -1, -5, 5, 0, 1, 5, -4, -2, 5, 1, 4, -3, 5, -5, -2, 0, 3, 1, -1, 4, -5, 6, 4, -1, -4, 3, 2, 6, -6, -4, 5, 2, -3, -3, -2, 5, -6, -6, 1, -2, -4, -2, 6, 5, 5, 2, -2, -5, -4, 3, 6, -2, 1, -3, -4, -6, 1, 1, -3, 6, -3, -3, 3, 4, 3, 3, 0, -6, -2, -1, 0, -1, -4, 4, 2, 5, 2, -1, 5, -6, -6, -6, -3, 4, 6, 5, -4, 3, 6, -3, -5, 1, -6, 0, -3, -4, 5, -6, 5, 6]
 
1.68044082632: [0, 4, 2, -6, 1, 3, 5, -2, -4, 4, -5, -5, -4, -5, 3, -2, 6, -6, -1, 5, 2, 1, -3, 6, -6, 5, 2, -5, -1, -2, 5, 1, -5, 2, 6, 5, -6, 1, 6, 0, -5, -5, -2, 5, 4, 0, 6, -3, -5, 6, 4, -1, -4, 3, -2, 6, -6, -4, 5, -2, -3, -2, 0, 5, -6, -6, -4, -2, -4, -1, 6, 5, 5, -1, 5, -5, 3, 3, 4, -2, -6, 6, 3, -5, 6, 5, -3, 2, 0, -1, 5, 5, 3, -1, 3, -5, -1, -2, -5, -6, 5, -2, 3, -1, -6, -2, -6, 6, 4, -3, 4, 1, -6, -2, 0, 0, -3, 5, 5, 1, -1, -5, -4, 1, -5, 6, -1, -5]
 
0.73512607748: [0, 4, 3, -5, -4, -6, 3, -2, -3, -6, 2, -1, 6, 0, 6, 1, 3, 4, 0, 1, -1, -6, 1, -4, -6, 0, 4, -5, 6, 2, -1, 3, -5, 2, -1, -2, -1, 6, 3, -4, -4, 3, -2, 6, 5, 1, -2, -5, -5, 4, 4, -3, -6, 3, 4, 3, -4, 6, 5, 6, 1, -6, 4, 1, -6, 2, 6, 5, -5, 6, -3, 1, -5, -1, -3, 3, 0, 6, -6, -3, -6, 3, -6, -1, 3, 2, 6, -1, -3, -1, -1, 2, 6, 3, -5, 1, -2, 5, 0, -6, -2, -4, 6, 2, 6, 5, 6, -2, -1, -4, -4, 5, 0, 4, 6, -1, -4, -6, 6, -5, -1, 6, 4, -6, -5, -4, -6, -6]
 
2.40833645818: [6, -3, -4, 3, 6, -6, -6, -2, 5, -6, 2, 1, 6, -4, 4, 2, 1, 2, 0, -4, -6, 5, 1, 6, -2, -6, 2, -5, 6, 4, 5, 0, -6, -5, -1, -2, 5, 1, 3, -2, -5, 4, -2, -6, 3, 1, -1, -3, -5, 6, 4, -1, -4, 3, -2, 6, -6, -4, 5, -2, -3, -2, 0, 5, -6, -6, -4, -2, -4, -1, 6, 5, 5, -4, 5, -5, -4, 3, 6, -2, 1, -3, -4, 4, 2, 2, 2, -5, -3, -6, 5, -3, -5, 0, 4, -3, -5, 6, -5, 4, -2, -1, -4, 6, 3, 4, 3, 3, 2, -1, -4, 1, 5, 0, 6, 6, -2, 6, 5, -5, -2, -4, -1, 1, 1, -4, 2, -3]
 
0.65516668399: [6, 6, 5, -3, 0, -6, 4, -2, 4, -4, -6, 6, 3, 2, 0, 1, 3, 4, 0, -5, -1, 5, 1, 5, -4, -6, 4, 5, 6, 0, -3, 0, -5, -6, -4, 1, 5, -3, 3, -2, -5, -4, -2, -2, 5, 3, 2, -3, 4, -1, 4, -4, 5, -5, 3, 1, 1, 5, 5, -6, -6, -5, 0, 1, -2, -6, -5, -2, 3, -1, 6, 5, 5, -1, 5, -6, -4, 3, -5, 0, 6, -3, -4, 0, 1, 5, -3, -5, -3, 0, 3, 4, 4, -1, 3, -5, -1, 1, -5, -6, 4, -2, 3, 2, -6, 6, -6, -6, 1, 2, 0, 6, 6, -2, 4, -4, -6, 6, -6, 6, -2, 3, 1, 4, 0, -6, 4, 4]
 
