1.0218242826392778: [-5, -6, 6, 6, -3, -6, -2, 2, 1, -4, -2, 1, -2, -4, 4, -1, 3, 4, 0, 6, 1, -4, 1, 6, -6, -4, 3, -4, 0, -6, 3, 6, 5, -5, 6, -4, -1, -3, 6, -3, -4, 4, -4, 5, 1, 4, -6, -4, 4, -2, -5, 3, 2, 6, -2, 6, -6, -4, 5, -2, -5, 1, 3, 1, -1, -2, -4, -6, -6, -2, -5, 4, -4, -5, -5, -2, -3, 4, 3, 4, -6, -3, 3, -6, 3, 4, -3, 2, 3, 0, 4, 6, 3, 4, 6, -4, 6, -1, -6, 1, 2, -6, 2, -1, 3, -2, 6, 6, 4, -3, -1, 4, 0, 5, 6, -1, -1, -5, 3, 4, -1, -4, 5, 1, 2, -6, 6, 6]
 
3.0330359158454954: [-3, -6, 6, 1, -1, -6, -2, 2, 1, -4, -2, 1, -3, -4, 4, 4, 3, 2, 0, 4, 1, 0, -1, 6, -2, -4, 6, -1, 0, -6, 3, -6, 5, -5, 6, -4, 0, -1, 4, 5, -4, 4, -5, 5, -4, 0, -6, 6, -5, 6, 4, 5, 5, -6, -2, 6, 0, -4, 5, -4, -3, -1, 0, 6, -6, -6, -4, 0, 0, 3, -5, 5, 5, 5, 2, -4, 2, 4, 3, -4, 6, -3, 3, -6, -2, 0, -3, 5, -1, 0, 5, -3, 3, 0, 6, -4, 2, -1, -6, 1, -1, -6, 2, -1, -6, -2, -6, 6, 4, -3, 4, 1, 0, 4, 6, -1, -1, -5, 6, 4, -1, 5, 5, -6, 4, -6, 6, 4]
 
2.3393889457374284: [-3, -6, 6, 1, -1, -6, -2, 2, 1, -4, -2, 1, -3, -4, 4, 4, 3, 2, 0, 4, 1, -4, 1, 6, -6, -4, 3, -1, 0, -6, 3, -6, 5, -5, 6, -4, -6, -1, 4, 5, -6, 4, -2, 5, -6, 0, 6, 6, 3, 4, 4, 2, -4, 6, 5, 1, -6, 2, 1, -2, 1, -2, 0, 5, -6, -6, 5, -5, -6, 4, -5, -2, 3, -1, -4, 1, -3, -1, 3, 4, 5, -3, -1, -6, 3, -1, -6, 1, 3, -1, -6, 6, 3, 0, 6, -4, 2, -2, 1, 3, -1, 1, -3, -2, -1, -2, -1, 6, 5, -3, -3, -3, -5, 4, 2, -6, -1, -1, -1, -1, -1, -3, -2, 6, 4, -6, 3, -2]
 
1.5099227653055247: [2, 2, 6, 1, -1, -6, 0, 2, 1, -4, -2, -6, -3, -4, 4, -4, 3, 2, 0, -4, 1, 0, -4, -1, -2, 4, -4, -1, 4, 4, 5, 5, -3, -5, -6, -2, -1, -4, 6, 2, -4, 4, -4, 5, 1, 4, -6, -4, 4, 2, -5, 3, -4, 6, -2, 6, -6, -4, 5, -2, -5, 1, 3, 1, -1, 0, -4, -6, -6, -2, -5, -2, -5, -5, -5, -5, -3, 4, 3, 4, 6, -3, 3, -6, 3, 4, -3, 2, 3, 0, -6, 6, 3, 4, 6, -4, 2, -1, -6, 1, -1, -6, 2, -1, -6, -2, -6, 6, 4, -3, 4, 1, 0, 4, 6, -1, -1, -5, 6, 4, -1, 5, -3, -6, 4, -6, 6, 6]
 
0.320122831454: [-3, -6, 6, 1, -1, -6, -1, -2, 5, 6, -3, 1, -3, -5, 2, -6, 3, 2, 5, 4, -3, -1, 1, 0, -2, -5, 3, -1, -6, 0, 6, -5, 6, 5, -4, -4, -4, 0, 4, 2, -2, -5, 3, 0, 4, 2, -6, 6, 1, 2, 4, -1, -4, 2, 3, 6, -6, 1, 5, 1, 6, 5, 0, -1, -6, 1, 1, 2, -6, 2, -4, 5, 4, -4, 5, -5, 1, -2, 1, -4, 6, -5, 6, -3, 5, 3, 5, -1, -1, -4, -3, 6, -1, 6, -3, 4, -2, -4, 0, 2, 4, 4, -1, -6, -1, 5, -2, 3, -1, 3, 4, 2, 0, -2, 3, -3, -1, 6, -1, 3, -3, 4, -1, -6, 2, 2, 4, 4]
 
2.526162448150703: [-3, -6, 6, 1, -1, -6, -2, 2, 1, -4, -2, 1, -3, -4, 4, 4, 3, 2, 0, 4, 1, 0, -1, 6, -2, -4, 6, -1, 0, -6, 3, -6, 5, -5, 6, -4, 0, -1, 4, 5, -4, 4, -5, 5, -4, 0, -6, 6, -2, 6, 4, -1, -1, -6, -2, 6, -6, -4, 5, -2, -3, -2, 0, 6, -6, -6, -4, -6, 0, 3, -5, -2, 3, -1, -4, 1, -3, 4, 3, 4, 6, -3, 3, -6, 3, 4, -3, 2, 3, 0, -6, 6, 3, 4, 6, -4, 2, -1, -6, 1, -1, -6, 2, -1, -6, -2, -6, 6, 4, -3, 4, 1, 0, 4, 6, -1, -1, -5, 6, 4, -1, 5, -3, -6, 4, -6, 6, 6]
 
1.8026776876518795: [-3, -6, 6, 1, -1, -6, -2, 2, 1, -4, 4, 1, 3, -4, 4, 4, 3, 2, 0, 4, 1, 0, 1, 6, -2, -5, 2, -1, 4, 0, 5, 3, -3, 5, -5, 5, -6, 0, 6, -6, -6, 2, 4, 5, -4, 0, -1, 1, -5, 5, 4, -4, -1, -6, -2, 6, 0, -4, 5, -4, -3, -1, 0, 6, -6, -6, -4, 0, 0, 3, -5, 5, 5, 5, 2, -4, 2, 4, 3, -4, 6, -3, 3, -6, -2, 0, -3, 5, -1, 0, 5, -3, 3, 0, 6, -4, 2, -1, -6, 1, -1, -6, 2, -1, -6, -2, -6, 6, 4, -3, 4, 1, 0, 4, 6, -1, -1, -5, 6, 4, -1, 5, 5, -6, 4, -6, 6, 4]
 
2.952427272537622: [6, -3, -4, -2, -4, -5, 3, 2, 5, -4, 3, 1, -3, 4, 2, -6, 3, 2, 5, 4, -3, -1, 1, 6, -2, -5, 3, -1, -5, 0, 6, -5, 0, 5, 6, 5, -4, 0, 4, 2, -2, 4, -4, 6, 4, 0, -6, -1, 4, 6, 6, -1, 3, -5, -6, 6, -6, 5, 5, -2, -3, -2, 0, 5, -6, -6, -4, -6, -6, 1, -5, 5, 5, -4, 5, -5, -4, 3, 1, -4, 6, -5, -4, 0, 2, -3, 5, -1, -1, 5, -3, 6, 2, 6, -2, -5, -2, -1, -6, 1, -4, -6, 2, 5, -1, 6, -2, 3, -6, 3, 4, 0, 0, -6, 6, -5, -4, -5, 6, -6, -1, 5, 5, -6, 4, -6, 0, -3]
 
1.7670562117663566: [-3, -6, 6, 1, -1, -6, -2, 2, 1, -4, -2, 1, -3, -4, 4, 4, 3, 2, 0, 4, 1, -4, 1, 6, -6, -4, 3, -1, 0, -6, 3, -6, 5, -5, 6, -4, -6, -1, 4, 5, -6, 4, -2, 5, -6, 0, 6, 6, 3, 4, 4, 2, -4, 6, 5, 1, -6, 2, 1, -2, 1, -2, 0, 5, -6, -6, 5, -5, -6, 4, -5, -2, 3, -1, -4, 1, -3, 4, 3, 4, 6, -3, 3, -6, 3, 4, -3, 2, 3, 0, -6, 6, 3, 4, 6, -4, 5, -1, 1, 1, 6, -6, 1, -1, -1, -2, -6, 6, -1, -3, -3, -3, 3, -5, 2, -4, -1, -1, 6, 4, 4, 5, -3, -6, 4, -6, 6, -2]
 
0.92275204306: [-3, 3, 6, 1, -4, -6, -2, -5, 1, -1, 0, -6, -3, 3, -6, 2, -4, 4, 0, 4, 1, -1, -1, -4, -2, -4, 3, -1, 0, -6, 6, -6, -2, 2, 0, -4, -3, -1, 4, 5, -6, 4, -2, 5, 5, 0, 6, 6, 4, 1, -4, 2, 6, 6, 5, 1, -6, 0, 1, 2, 1, -6, 0, 5, -6, 5, 5, -5, 5, -3, -5, -2, 3, -1, -4, -2, -3, 4, 3, 2, -2, -6, 3, -6, 3, 2, -3, 2, 3, -5, 5, -6, 3, 4, 6, -4, 2, -1, -6, 1, -1, -6, 2, -1, -6, -2, -6, 6, 4, -3, 4, 1, 0, 4, 6, 6, -1, -5, 6, 4, -1, 5, 5, -6, 4, -6, 6, 4]
 
2.630671089766405: [-3, -6, 6, 1, -1, -6, -2, 2, 1, -4, -2, 1, -3, -4, 4, 4, 3, 2, 0, 4, 1, 0, -1, 6, -2, -4, 6, -1, 0, -6, 3, -6, 5, -5, 6, -4, 0, -1, 4, 5, -4, 4, -5, 5, -4, 0, -6, 6, -5, 6, 4, 5, 5, 3, -2, 6, 3, 1, 5, -5, -3, -1, 0, 5, -6, -6, 0, -1, -1, 4, -5, 1, 1, -5, 2, -2, -3, 4, -3, 4, 6, 5, 3, -6, 3, 4, -3, 2, 3, 0, 5, -3, 3, 4, 6, -4, 2, -1, -6, 1, -1, -6, 2, -1, -6, -2, -6, 6, 4, -3, 4, 1, 0, 4, 6, -1, -1, -5, 6, 4, -1, 5, -3, -6, 4, -6, 6, 6]
 
2.6361413610594857: [-3, -6, 6, 1, -1, -6, -2, 2, 1, -4, -2, 1, -3, -4, 4, 4, 3, 2, 0, 4, 1, 0, 1, 6, -2, -4, 6, -1, -5, 5, 5, 0, -6, -5, 6, -2, -4, -4, 6, 2, -6, 4, -3, 5, 4, 0, 6, 6, -5, 6, 4, -1, -4, 6, -2, 6, -6, -4, 5, -2, -3, -2, 0, 5, -6, -6, -4, -6, -6, 4, -5, -2, -2, 4, 2, 1, -3, 4, -3, 4, 6, -3, 3, -6, 3, 4, -3, 2, 3, 0, 5, 5, 3, 0, 6, -4, 2, -4, -6, -4, -4, -6, 2, -1, -6, -2, -6, 6, 4, -3, 4, 1, 0, 4, 6, -1, -1, -5, 6, 4, -1, 5, 5, -6, 4, -6, 6, 4]
 
1.14522656772232: [-3, 6, 6, -6, -4, -6, -6, 2, 1, 6, -2, 1, -3, -4, 4, -6, 3, 2, 2, 4, 1, 0, -1, 6, 4, -5, 5, -2, -5, 2, 5, 3, -2, -5, 4, 3, -6, -1, 5, 5, -4, 4, -1, 0, -4, -1, 1, 6, 1, 2, 4, -1, -4, 2, 3, 6, -6, 1, 5, -2, -3, 4, 0, -1, -6, 1, 4, 3, -6, 2, -4, 5, 4, -4, 5, -5, -4, 5, 1, -4, 6, -5, 6, -3, 5, 3, 5, -1, -1, -4, -3, 6, 2, 6, -3, 3, -2, -4, 0, 2, -6, 4, 2, -6, -1, 5, -2, 3, -1, 3, 4, 2, 0, -6, 6, -1, -1, 5, -1, 4, -3, 4, -1, -6, 2, -6, 4, 6]
 
1.9594795615108844: [-3, -6, 6, 1, -1, -6, -2, 2, 1, -4, -2, 1, -3, -4, 4, 4, 3, 2, 0, 4, 1, 0, -1, 6, -2, -4, 6, -1, 0, -6, 3, -6, 5, -5, 6, -4, 0, -1, 4, 5, -4, 4, -5, 5, -4, 0, -6, 6, -5, 6, 4, 5, 5, 3, -2, 6, 3, 1, 5, -5, -3, -1, 0, 5, -6, -6, 0, -1, -1, 4, -5, 1, 1, -5, 2, -2, -3, 4, -3, 4, 6, 5, 3, -6, 3, 4, -3, 2, 3, 0, 5, -3, 3, 0, 6, -4, 2, -5, -6, 1, -1, -6, 2, -2, 2, -2, -6, 6, 4, -3, -4, 1, 0, 4, 6, -4, -3, -1, 6, 4, 0, 5, -3, -6, 4, -6, 6, -2]
 
1.12279337997: [-3, -6, 1, 1, -1, 1, -2, 2, 1, -4, -2, 3, -3, -4, -2, 4, 3, 2, 0, 4, 2, 0, -1, 6, -2, -4, 6, -1, 0, 1, 3, -6, 4, -5, 6, -4, 0, 1, 4, 5, -4, 4, -5, 5, -4, 0, -6, 6, -2, 6, 4, 3, 1, -2, -2, 6, -6, -4, 5, -2, -3, -2, 0, 6, -6, -6, 0, 2, 0, 3, -5, -2, 5, -1, -1, 4, 2, 4, 3, 6, 6, -3, 3, -6, -2, 0, -3, 5, -1, -1, 0, 6, 3, -4, 6, 2, 2, -1, 1, 1, 6, -6, -3, -1, -1, 1, -6, 6, 0, -3, -3, -3, 0, 5, 2, -4, -4, -5, 6, -6, -1, 5, 5, -4, 4, -6, -5, 4]
 
0.918615970192: [6, -6, 6, 1, -1, -6, 1, 4, 1, 0, -3, 1, -3, -4, 4, 4, 3, 2, -5, 4, -5, 0, 1, 2, -2, -4, -5, -1, -5, 1, 5, 0, 1, -5, 6, -1, -4, 3, -5, 5, 0, 4, -3, 5, 4, 2, -5, -2, -5, 3, 4, -1, -4, -3, -2, -5, 3, -4, -5, -2, -3, -2, 2, 5, 4, 1, 4, 1, -6, 6, -5, -2, -2, 4, 0, 1, 0, 4, -3, 4, 6, -6, 3, -6, -2, 4, 2, 2, 3, 0, -6, 6, 3, 3, 6, -4, 2, 6, 1, 1, -1, -6, 2, -1, -6, -2, -6, 6, 4, -3, 4, -3, 0, -4, 4, -1, -6, -2, 6, 5, -1, 5, -3, -6, -6, 6, -6, 6]
 
2.2926620012351044: [-3, -3, 1, 1, -4, -5, -3, 6, -5, -4, 2, -4, 0, -4, 5, 4, -3, 2, 5, -3, 1, 0, -4, -1, -2, -4, 6, -1, -2, 5, 1, -5, -6, -5, 6, 2, 2, -4, 6, 2, -4, -3, -3, 5, -1, 0, -6, -1, -2, 5, 4, -3, 5, 6, -2, -3, -6, -4, 5, -2, -3, -2, 0, 6, 1, -5, 6, 4, -3, -2, 5, -2, 4, -1, 2, -3, -3, -1, -3, 4, 6, -3, 3, -6, 3, 4, -3, 2, 3, 0, 5, 5, 3, 0, 6, -4, 2, -1, -6, 1, -1, -6, 2, -1, -6, -2, -6, 6, 4, -3, 4, 1, 0, 4, 6, -1, -1, -5, 6, 4, -1, 5, 5, -6, 4, -6, 6, 4]
 
4.0039898507106955: [4, -6, 6, -6, -1, -2, -2, 2, 1, -4, -2, 1, -3, -2, 4, -5, 5, 2, 0, 3, 1, 0, -1, 6, -2, -4, 6, -1, -5, -2, 5, 0, -6, -5, 6, -2, -6, -5, 4, 5, -4, 4, -3, 1, 4, 0, 3, 3, -5, 6, 2, -1, -4, -1, -2, 6, -1, -4, -2, -2, 0, 4, 0, -3, -6, -6, -4, -6, -6, 1, -5, 5, 5, -4, 5, -5, -4, 3, 1, -4, 6, -5, -4, 0, 2, -3, 5, -1, -1, 5, -3, 6, 2, 6, -2, -5, -2, -4, -6, -4, -4, 1, 2, 5, -1, 6, -2, 3, -6, 3, 4, 0, 0, -6, 6, -5, -4, -5, 6, -6, -1, 5, 5, -6, 4, -6, 0, -3]
 
2.9514007266641653: [2, -6, 6, 1, -1, -6, 0, 2, 1, -4, -2, -6, -3, -4, 4, 0, 3, 2, 0, 4, 1, 0, 1, 6, -2, -5, 3, -1, -5, 2, 6, -5, -1, 5, 6, 5, -4, 0, 6, 2, -2, 4, -1, 0, -4, -1, 6, 6, 1, 6, 4, -1, -4, 6, -2, 6, -6, 5, 5, -2, -3, 4, 0, -3, -6, -6, -4, -6, -6, 1, -5, 5, 5, -4, 5, -5, -4, 3, 1, -4, 6, -5, -4, 0, 2, -3, 5, -1, -1, 5, -3, 6, 2, 6, -2, -5, -2, -4, -6, -4, -4, 1, 2, 5, -1, 6, -2, 3, -6, 3, 4, 0, 0, -6, 6, -5, -4, -5, 6, -6, -1, 5, 5, -6, 4, -6, 0, -3]
 
1.2004939244273198: [-3, -6, 6, 1, -4, 3, -2, -4, -4, 0, 2, 3, -5, -4, 2, 0, 3, 1, 0, 4, 1, 0, -1, -5, 1, -4, 6, -1, -4, 5, 5, -5, 5, 4, -6, -3, 5, -4, -3, 5, -5, 4, 5, 5, 4, 0, -3, -1, -5, 6, 4, -1, 0, 3, -5, 4, 6, -4, 5, -2, -4, -1, 2, 5, -6, 3, 4, -6, -6, 4, -5, -2, -2, 4, -1, 0, 1, 2, -3, 6, 6, -6, 3, -2, 3, -3, 2, 2, -1, -5, 5, 0, 3, -5, -5, -4, -3, 6, -4, 1, -4, 2, 0, 0, 2, 6, -6, 6, -5, -3, 5, -1, 6, -5, -5, -5, -1, 3, 5, 4, 4, 5, 3, 1, 4, -4, 6, 4]
 
0.5883652023225329: [2, 2, 6, 1, -1, -6, 0, 2, 1, -4, -2, -6, -3, -4, 4, -4, 3, 2, 0, -4, 1, 0, -4, -1, -2, 4, -4, -1, 4, 4, 5, 5, -3, -5, -6, -2, -1, -4, 6, 2, -4, 4, -4, 5, 1, 4, -6, -4, 4, 2, -5, 3, -4, 6, -2, 6, -6, -4, 5, -2, -5, 1, 3, 1, -1, 0, -4, -6, -6, -2, -5, -2, -5, -5, -5, -5, -3, 4, 3, 4, 6, 1, -5, -2, 2, 4, 5, 2, 3, 0, -6, 6, 3, 0, 6, -4, 5, -1, 1, 1, 6, -1, 1, 3, -1, -2, 6, 6, 4, -3, -2, -3, 3, -5, 2, -1, -1, -5, 6, -6, -1, 5, 5, -6, 4, -6, 0, -3]
 
1.486046993269672: [-3, 0, 6, 1, -1, -6, -2, 2, 1, -4, -2, 1, -3, -4, 4, 4, 3, 2, 0, 4, 1, 0, -1, -6, -2, 4, 6, -1, 0, -6, 1, -6, 5, -5, 3, -4, 0, -1, 4, -5, -4, 4, -5, 5, -4, 0, -6, 6, -2, 6, -6, -1, -2, -6, -2, 6, 6, 0, 5, 0, -3, -2, 0, 1, -6, 0, -1, -6, 0, 3, -5, -2, 5, -1, 2, -4, -2, 4, 3, -1, 6, -5, 3, -6, -2, 0, -3, 5, -1, 0, -6, -5, 3, -4, 3, -4, 2, -6, -1, 1, 6, -6, -3, -1, -1, -4, -6, 6, 6, -3, 1, 4, -2, 4, 2, -4, -1, -5, 6, 4, -1, -5, 5, -6, 4, 0, 6, 4]
 
0.786679720056: [4, -6, 6, -6, 6, 6, -1, -5, 1, -4, -5, 1, -3, -3, -1, -5, 5, 2, 0, 3, 1, -1, -1, 6, -2, 5, 2, -1, 4, -3, -6, 0, -6, -5, 6, -2, -6, -4, -1, -2, 0, 4, -3, 1, 1, 2, 3, 4, 6, -1, 2, -1, -5, -1, -3, 6, -1, -4, -3, -2, 5, 4, 0, -3, -6, -2, -4, -6, -6, -3, 2, 5, 5, 3, 0, -5, -4, 3, 1, 1, 6, -5, -4, 0, 2, -3, 1, -6, -2, 5, -3, 6, 6, -3, -2, -5, 1, 0, -6, 1, -4, 1, 2, 3, -6, -2, -6, 6, 4, -3, 3, -1, -5, 4, 6, -1, -1, -5, -6, -4, 0, 2, 5, -1, -5, -6, 6, 4]
 
1.2615652379719886: [2, -5, 6, 1, -1, 2, 0, 1, 3, -4, -2, -6, -3, 4, 3, -4, 3, 6, 0, -4, 1, 0, -4, -1, -2, -1, -2, -1, 4, 4, 5, -5, -3, -5, -6, -2, -1, -4, 6, 2, -4, 4, 0, 5, 2, 4, -6, -4, 4, 2, -4, 3, -4, 6, 6, 6, -4, -4, 5, -2, 4, 1, 3, 1, -1, 0, 5, -6, -6, -2, -5, -2, -5, -5, -5, -5, -3, 4, 3, 0, 6, 3, 3, -6, -4, 4, -3, 2, 3, -5, 4, 4, 3, 4, -3, -4, 6, -1, 1, 1, 2, -6, 1, -6, -1, -2, -6, 6, -1, -3, -3, -3, 3, -5, 2, -4, -1, -1, 6, 4, -4, 5, -3, -6, 4, -6, -6, -2]
 
3.1294334739469254: [-4, -5, 6, 1, 4, 0, -6, 2, -3, -4, 0, 1, -3, -4, 4, 4, 3, 2, 0, 4, 1, 0, 4, 6, -2, -4, 6, -1, 0, -6, 3, -6, 5, -5, 0, -4, 0, -1, -3, 5, 5, 4, -5, 5, -4, 0, -6, 6, 4, 4, 4, 5, -2, -6, -2, 6, -6, -4, 5, -2, 0, -2, 0, 5, -6, -6, -4, -6, -6, 4, -5, -2, -2, 4, 2, 1, -3, 4, -3, 4, 6, -3, 3, -6, 3, 4, -3, 2, 3, 0, 5, 5, 3, 0, 6, -4, 2, -4, -6, -4, -4, -6, 2, -1, -6, -2, -6, 6, 4, -3, 4, 1, 0, 4, 6, -1, -1, -5, 6, 4, -1, 5, 5, -6, 4, -6, 6, 4]
 
3.8745287573724307: [-3, -6, 6, 1, -1, -6, -2, 2, 1, -4, -2, 1, -3, -4, 4, 4, 3, 2, 0, 4, 1, 0, -1, 6, -2, -4, 6, -1, 0, -6, 3, -6, 5, -5, 6, -4, 0, -1, 4, 5, -4, 4, -5, 5, -4, 0, -6, 6, -5, 6, 4, -1, 3, -5, -6, 6, -6, 5, 5, -2, -3, -2, 0, 5, -6, -6, -4, -6, -6, 1, -5, 5, 5, -4, 5, -5, -4, 3, 1, -4, 6, -5, -4, 0, 2, -3, 5, -1, -1, 5, -3, 6, 2, 6, -2, -5, -2, -1, -6, 1, -4, -6, 2, 5, -1, 6, -2, 3, -6, 3, 4, 0, 0, -6, 6, -5, -4, -5, 6, -6, -1, 5, 5, -6, 4, -6, 0, -3]
 
1.9806510046832184: [-6, 3, 6, 1, -1, -6, -4, 4, 0, -4, 5, 5, -3, -4, 5, 4, 3, 2, 0, 5, 1, -4, 1, 6, -6, -4, 3, -1, 0, -6, 3, 6, 3, -5, 6, -4, -5, -1, 4, 5, -6, 4, -2, 5, 1, 0, 0, 5, 3, 4, 4, 2, -4, 6, 5, 1, -6, 1, 4, -5, -3, -1, 0, 4, -6, -6, 0, -1, -1, -6, -4, -2, 1, -5, 2, -2, -3, -3, -3, 4, 6, 6, 3, 2, 3, 4, -2, -1, 3, 2, 5, -3, 3, 0, 6, -4, 6, -5, 4, 1, -5, -6, 2, -2, 2, -2, -6, 6, 4, -3, -4, -1, 0, 4, 6, -4, -3, -1, 6, 4, 0, 5, -3, -6, -5, -6, -1, -2]
 
2.015996687476387: [-3, -6, 6, 1, -1, -6, -2, 2, 1, -4, -2, 1, -3, -4, 4, 4, 3, 2, 0, 4, 1, -4, 1, 6, -6, -4, 3, -1, 0, -6, 3, -6, 5, -5, 6, -4, -6, -1, 4, 5, -6, 4, -2, 5, -6, 0, 6, 6, 3, 4, 4, 2, -4, 6, 5, 1, -6, 2, 1, -2, 1, -2, 0, 5, -6, -6, 5, -5, -6, 4, -5, -2, 3, -1, -4, 1, -3, 4, 3, 4, 6, -3, 3, -6, 3, 4, -3, 2, 3, 0, -6, 6, 3, 4, 6, -4, 5, -1, 1, 1, 6, -6, 1, -1, -1, -2, -6, 6, -1, -3, -3, -3, 3, -5, 2, -4, -1, -1, 6, 4, 4, 5, -3, -6, 4, -6, 6, -2]
 
1.0414644439324836: [-2, -6, 6, 1, -1, 4, -2, 2, 1, -4, -2, 1, -3, 6, 4, 4, -6, 2, 3, 4, 1, 0, 4, -3, -2, -4, 6, -1, -5, 5, 5, 0, -6, 3, 6, -2, -4, 6, 1, 4, -6, 2, -6, 5, 5, 5, 3, 6, 4, 6, -1, -1, -4, 6, -2, 6, 0, -4, 5, -2, -3, -2, 0, 0, -6, -6, 3, 4, -6, 4, -5, -2, -2, 4, 4, 1, -3, 4, -3, 4, 4, 6, 3, -6, 3, 2, 4, 2, 3, 2, 5, 5, 3, -4, 6, -4, 0, -1, -6, 1, -6, -6, 2, -1, -6, -2, 1, 6, 4, -3, 4, 1, 0, 4, 6, -1, -1, -5, 6, 4, -3, 5, 5, -6, 4, -3, 6, 4]
 
2.387296548270218: [-3, -6, 6, 1, -1, -6, -2, 2, 1, -4, -2, 1, -3, -4, 4, 4, 3, 2, 0, 4, 1, -4, 1, 6, -6, -4, 3, -1, 0, -6, 3, -6, 5, -5, 6, -4, -6, -1, 4, 5, -6, 4, -2, 5, -6, 0, 6, 6, 3, 4, 4, 2, -4, 6, 5, 1, -6, 2, 1, -2, 1, -2, 0, 6, 1, -5, 6, 4, -3, -2, 5, -2, 4, -1, 2, -3, -3, -1, -3, 4, 6, -3, 3, -6, 3, 4, -3, 2, 3, 0, 5, 5, 3, 0, 6, -4, 2, -1, -6, 1, -1, -6, 2, -1, -6, -2, -6, 6, 4, -3, 4, 1, 0, 4, 6, -1, -1, -5, 6, 4, -1, 5, 5, -6, 4, -6, 6, 4]
 
0.689737133736132: [-6, -6, 6, 1, 5, -6, -2, 2, 1, -4, 2, 1, 3, -4, 4, -2, 1, 0, -6, 4, 1, 0, 1, -5, -2, -5, 2, -1, 2, 0, -1, 3, -3, 5, -5, 5, -6, 0, 6, -6, -6, 0, 5, 5, -4, 0, -1, 3, -5, 5, 4, -2, -1, -6, -2, 6, -1, 2, 5, -4, -6, -1, 0, 6, -6, 2, -4, 0, 0, 3, -5, 5, 5, 5, 2, -4, 2, 3, 3, -4, 6, -3, 3, 3, 6, 0, -3, 5, -1, 0, 5, 3, 1, 0, 6, -4, 2, -5, -6, 1, -1, -6, 6, -2, 2, -2, -6, 5, 5, -3, -4, 1, -1, 4, 6, -1, -1, 2, 6, 3, 4, -4, -3, 1, 1, -6, 6, 2]
 
2.152819856649177: [6, -3, -4, -2, -4, -5, 3, 2, 1, -4, -2, 1, -3, -4, 4, 4, 3, 2, 0, 4, 1, -4, 1, 6, -6, -4, 3, -1, 0, -6, 3, -6, 5, -5, 6, -4, -6, -1, 4, 5, -6, 4, -2, 5, -6, 0, 6, 6, 3, 4, 4, 2, -4, 6, 5, 1, -6, 2, 1, -2, 1, -2, 0, 5, -6, -6, 5, -5, -6, 4, -5, -2, 3, -1, -4, 1, -3, 4, 3, 4, 6, -3, 3, -6, 3, 4, -3, 2, 3, 0, -6, 6, 3, 4, 6, -4, 2, -1, -6, 1, -1, -6, 2, -1, -6, -2, -6, 6, 4, -3, 4, 1, 0, 4, 6, -1, -1, -5, 6, 4, -1, 5, -3, -6, 4, -6, 6, 6]
 
2.97677796368: [-3, -6, 6, 1, -1, -6, -2, 2, 1, -4, -2, 1, -3, -4, 4, 4, 3, 2, 0, 4, 1, 0, 1, 6, -2, -4, 6, -1, -5, 5, 5, 0, -6, -5, 6, -2, -4, -4, 6, 2, -6, 4, -3, 5, 4, 0, 6, 6, -5, 6, 4, -1, -4, 6, -2, 6, -6, -4, 5, -2, -3, -2, 0, 5, -6, -6, -4, -6, -6, 4, -5, -2, -2, 4, 2, 1, -3, 4, -3, 4, 6, -3, 3, -6, 3, 4, -3, 2, 3, 0, 5, 5, 3, 0, 6, -4, 2, -4, -6, -4, -4, -6, 2, -1, -6, -2, -6, 6, 4, -3, 4, 1, 0, 4, 6, -1, -1, -5, 6, 4, -3, 4, -1, -6, 2, -6, 4, 6]
 
1.28058284214: [-3, 6, 6, -6, -4, -6, -6, 2, 1, 6, -2, 1, -3, -4, 4, -6, 3, 2, 2, 4, 1, 0, -1, 6, 4, -5, 5, -2, -5, 2, 5, 3, -2, -5, 4, 3, -6, -1, 5, 5, -4, 4, -1, 0, -4, -1, 1, 6, 1, 2, 4, -1, -4, 2, 3, 6, -6, 1, 5, -2, -3, 4, 0, -1, -6, 1, 4, 3, -6, 2, -4, 5, 4, -4, 5, -5, -4, 5, 1, -4, 6, -5, 6, -3, 5, 3, 5, -1, -1, -4, -3, 6, 2, 6, -3, 3, -2, -4, 0, 2, -6, 4, 2, -6, -1, 5, -2, 3, -1, 3, 4, 2, 0, -6, 6, -1, -1, 5, -1, 4, -1, 5, 5, -6, 4, -6, 6, 4]
 
2.90162683766: [-3, -6, 6, 1, -1, -6, -2, 2, 1, -4, -2, 1, -3, -4, 4, 4, 3, 2, 0, 4, 1, 0, -1, 6, -2, -4, 6, -1, 0, -6, 3, -6, 5, -5, 6, -4, 0, -1, 4, 5, -4, 4, -5, 5, -4, 0, -6, 6, -5, 6, 4, -1, 3, -5, -6, 6, -6, 5, 5, -2, -3, -2, 0, 5, -6, -6, -4, -6, -6, 1, -5, 5, 5, -4, 5, -5, -4, 3, 1, -4, 6, -5, -4, -6, 3, 4, -3, 2, 3, 0, -6, 6, 3, 4, 6, -4, 2, -1, -6, 1, -1, -6, 2, -1, -6, -2, -6, 6, 4, -3, 4, 1, 0, 4, 6, -1, -1, -5, 6, 4, -1, 5, -3, -6, 4, -6, 6, 6]
 
2.14126849931: [2, 2, 6, 1, -1, -6, 0, 2, 1, -4, -2, -6, -3, -4, 4, -4, 3, 2, 0, -4, 1, 0, -4, -1, -2, 4, -4, -1, 4, 4, 5, 5, -3, -5, -6, -2, -1, -4, 6, 2, -4, 4, -4, 5, 1, 4, -6, -4, 4, 2, -5, 3, -4, 6, -2, 6, -6, -4, 5, -2, -5, 1, 3, 1, -1, 0, -4, -6, -6, -2, -5, -2, -5, -5, -5, -5, -3, 4, 3, 4, 6, -3, 3, 0, 2, -3, 5, -1, -1, 5, -3, 6, 2, 6, -2, -5, -2, -1, -6, 1, -4, -6, 2, 5, -1, 6, -2, 3, -6, 3, 4, 0, 0, -6, 6, -5, -4, -5, 6, -6, -1, 5, 5, -6, 4, -6, 0, -3]
 
0.691546965397: [2, -5, 6, 1, -1, 2, 0, 1, 3, -4, -2, -6, -3, 4, 3, -4, 3, 6, 0, -4, 1, 0, -4, -1, -2, -1, -2, -1, 4, 4, 5, -5, -3, -5, -6, -2, -1, -4, 6, 2, -4, 4, 0, 5, 2, 4, -6, -4, 4, 2, -4, 3, -4, 6, 6, 6, -4, -4, 5, -2, 4, 1, 3, 1, -1, 0, 5, -6, -6, 1, -5, 5, 5, -4, 5, -5, -4, 3, 1, -4, 6, -5, -4, -6, 3, 4, -3, 2, 3, 0, -6, 6, 3, 4, 6, -4, 2, -1, -6, 1, -1, -6, 2, -1, -6, -2, -6, 6, 4, -3, 4, 1, 0, 4, 6, -1, -1, -5, 6, 4, -1, 5, -3, -6, 4, -6, 6, 6]
 
1.84683480023: [-3, -6, 6, 1, -1, -6, -2, 2, 1, -4, -2, 1, -3, -4, 4, 4, 3, 2, 0, 4, 1, 0, -1, 6, -2, -4, 6, -1, 0, -6, 3, -6, 5, -5, 6, -4, 0, -1, 4, 5, -4, 4, -5, 5, -4, 0, -6, 6, -5, 6, 4, -1, 3, -5, -6, 6, -6, 5, 5, -2, -3, -2, 0, 5, -6, -6, -4, -6, -6, -2, -5, -2, -5, -5, -5, -5, -3, 4, 3, 0, 6, 3, 3, -6, -4, 4, -3, 2, 3, -5, 4, 4, 3, 4, -3, -4, 6, -1, 1, 1, 2, -6, 1, -6, -1, -2, -6, 6, -1, -3, -3, -3, 3, -5, 2, -4, -1, -1, 6, 4, -4, 5, -3, -6, 4, -6, -6, -2]
 
2.22081722371: [-3, -6, 6, 1, -1, -6, -2, 2, 1, -4, -2, 1, -3, -4, 4, 4, 3, 2, 0, 4, 1, 0, -1, 6, -2, -4, 6, -1, 0, -6, 3, -6, 5, -5, 6, -4, 0, -1, 4, 5, -4, 4, -5, 5, -4, 0, -6, 6, -5, 6, 4, 5, 5, 3, -2, 6, 3, 1, 5, -5, -3, -1, 0, 5, -6, -6, 0, -1, -1, 4, -5, 1, 1, -5, 2, -2, -3, 4, -3, 4, 6, 5, 3, -6, 3, 4, -3, 2, 3, 0, 5, -3, 3, 0, 6, -4, 2, -5, -6, 1, -1, -6, 2, -2, 2, -2, -6, 6, 4, -3, 4, 1, 0, 4, 6, -1, -1, -5, 6, 4, -1, 5, 5, -6, 4, -6, 6, 4]
 
1.84264174266: [-3, -6, 6, 1, -1, -6, -2, 2, 1, -4, 4, 1, 3, -4, 4, 4, 3, 2, 0, 4, 1, 0, 1, 6, -2, -5, 2, -1, 4, 0, 5, 3, -3, 5, -5, 5, -6, 0, 6, -6, -6, 2, 4, 5, -4, 0, -1, 1, -5, 5, 4, -4, -1, -6, -2, 6, 0, -4, 5, -4, -3, -1, 0, 6, -6, -6, -4, 0, 0, 3, -5, 5, 5, 5, 2, -4, 2, 4, 3, -4, 6, -3, 3, -6, -2, 0, -3, 5, -1, 0, 5, -3, 3, 0, 6, -4, 2, -1, -6, 1, -1, -6, 2, -1, -6, -2, -6, 6, 4, -3, -4, 1, 0, 4, 6, -4, -3, -1, 6, 4, 0, 5, -3, -6, 4, -6, 6, -2]
 
3.12441968755: [-6, -6, 6, 1, 5, -6, -2, 2, 1, -4, 2, 1, 3, -4, 4, -2, 1, 0, -6, 4, 1, 0, 4, 6, -2, -4, 6, -1, 0, -6, 3, -6, 5, -5, 0, -4, 0, -1, -3, 5, 5, 4, -5, 5, -4, 0, -6, 6, 4, 4, 4, 5, -2, -6, -2, 6, -6, -4, 5, -2, 0, -2, 0, 5, -6, -6, -4, -6, -6, 4, -5, -2, -2, 4, 2, 1, -3, 4, -3, 4, 6, -3, 3, -6, 3, 4, -3, 2, 3, 0, 5, 5, 3, 0, 6, -4, 2, -4, -6, -4, -4, -6, 2, -1, -6, -2, -6, 6, 4, -3, 4, 1, 0, 4, 6, -1, -1, -5, 6, 4, -1, 5, 5, -6, 4, -6, 6, 4]
 
1.80974922986: [-4, -5, 6, -2, 0, 0, 1, 5, -3, -4, 0, 1, -3, -4, 4, 4, 3, -2, 0, 4, 1, 0, -6, -5, -2, -5, 2, -1, 0, 0, -1, 3, -3, 0, -3, 5, -6, 0, 6, -6, -6, -6, 5, 5, -4, 0, -1, 1, -5, 5, 4, 4, -5, 5, 5, 6, -4, 2, 5, -4, -6, -1, 0, 6, -6, -3, -4, 0, 0, 3, 4, 5, 5, 5, 2, -4, 2, 3, 3, 2, 6, -3, 3, 3, 6, 0, -3, 5, -1, 0, 5, 3, 1, 0, 6, 1, 2, -5, -6, -5, -1, -1, 5, -2, 0, -2, -6, 1, 5, -3, -4, 0, -1, 0, -6, -1, -1, 2, 6, 3, 4, -4, 1, 1, 1, -3, -4, 2]
 
1.49722805202: [2, 2, 6, 1, -1, -6, 0, 2, 1, -4, -2, -6, -3, -4, 4, -4, 3, 2, 0, -4, 1, 0, -4, -1, -2, 4, -4, -1, 4, 4, 5, 5, -3, -5, -6, -2, -1, -4, 6, 2, -4, 4, -4, 5, 1, 4, -6, -4, 4, 2, -5, 3, -4, 6, -2, 6, -6, -4, 5, -2, -5, 1, 3, 1, -1, 0, -4, -6, -6, -2, -5, -2, -5, -5, -5, -5, -3, 4, 3, 4, 6, 1, -5, 0, 2, -3, 5, -1, -1, 5, -3, 6, 2, 6, -2, -5, -2, -4, -6, -4, -4, 1, 2, 5, -1, 6, -2, 3, -6, 3, 4, 0, 0, -6, 6, -5, -4, -5, 6, -6, -1, 5, 5, -6, 4, -6, 0, -3]
 
1.18385823077: [2, -1, 3, 1, -1, -6, 0, 2, 1, -4, -2, 1, -3, -4, 4, 0, 3, 2, 0, 4, 1, 0, 1, 6, -2, -5, 3, -1, 0, 2, 6, -5, 1, 5, 6, 5, 2, 0, 6, -6, -2, -1, 5, 0, -4, -1, 6, -2, 1, 6, 4, -1, 3, 6, -2, 6, -6, -5, 5, -2, -3, 1, -6, -3, -6, -6, -4, -6, -6, 1, -5, 5, -3, -4, 5, -5, -4, 3, 5, -4, 0, 0, 0, 1, 2, 4, 5, 2, 3, 0, -6, 6, -4, 0, -3, -4, 5, -1, 1, 1, 6, 1, 1, 0, -1, 4, -6, 6, 4, -3, -2, -3, 1, -5, 2, -1, -5, -5, 6, -6, 1, 5, 5, -5, 4, 3, 0, -3]
 
2.03186559795: [2, 2, 6, 1, -1, -6, 0, 2, 1, -4, -2, -6, -3, -4, 4, -4, 3, 2, 0, 4, 1, 0, -1, 6, -2, -4, 6, -1, 0, -6, 3, -6, 5, -5, 6, -4, 0, -1, 4, 5, -4, 4, -5, 5, -4, 0, -6, 6, -2, 6, 4, -1, -1, -6, -2, 6, -6, -4, 5, -2, -3, -2, 0, 6, -6, -6, -4, -6, 0, 3, -5, -2, 3, -1, -4, 1, -3, 4, 3, 4, 6, -3, 3, -6, 3, 4, -3, 2, 3, 0, -6, 6, 3, 4, 6, -4, 2, -1, -6, 1, -1, -6, 2, -1, -6, -2, -6, 6, 4, -3, 4, 1, 0, 4, 6, -1, -1, -5, 6, 4, -1, 5, -3, -6, 4, -6, 6, 6]
 
1.62087477733: [-3, -6, 6, 1, -1, -6, -2, 2, 1, -4, -2, 1, -3, -4, 4, 4, 3, 2, 0, -4, 1, 0, -4, -1, -2, 4, -4, -1, 4, 4, 5, 5, -3, -5, -6, -2, -1, -4, 6, 2, -4, 4, -4, 5, 1, 4, -6, -4, 4, 2, -5, 3, -4, 6, -2, 6, -6, -4, 5, -2, -5, 1, 3, 1, -1, 0, -4, -6, -6, -2, -5, -2, -5, -5, -5, -5, -3, 4, 3, 4, 6, -3, 3, -6, 3, 4, -3, 2, 3, 0, -6, 6, 3, 4, 6, -4, 2, -1, -6, 1, -1, -6, 2, -1, -6, -2, -6, 6, 4, -3, 4, 1, 0, 4, 6, -1, -1, -5, 6, 4, -1, 5, -3, -6, 4, -6, 6, 6]
 
0.678456812404: [-3, -6, 6, -3, 5, -6, -2, 2, 1, -4, -2, 1, -3, -4, 4, 4, 3, 2, -1, 4, 1, 0, -1, 3, 2, 3, 6, -1, 4, -6, 3, -6, 5, -5, 3, 6, 0, -1, 4, 5, -4, 6, -5, 5, -3, 0, -6, 6, 2, 6, 4, 0, 5, -6, -2, 6, -2, -4, 5, -5, -3, 3, 0, 6, -6, -6, -4, 0, 0, 3, 6, 5, 0, 5, 2, -4, 2, 0, 3, -4, -6, -3, 3, 4, -2, 3, 0, 5, -1, 0, 5, -1, 1, -4, 6, -4, 2, -1, -6, 1, -1, -4, 2, -1, -6, -2, -6, -6, 4, -3, 4, 1, 0, 4, -6, -1, -1, -5, 6, 0, -1, 5, 5, -1, 4, -6, 6, 4]
 
2.73237772207: [-3, -6, 6, 1, -1, -6, -2, 2, 1, -4, -2, 1, -3, -4, 4, 4, 3, 2, 0, 4, 1, 0, -1, 6, -2, -4, 6, -1, 0, -6, 3, -6, 5, -5, 6, -4, 0, -1, 4, 5, -4, 4, -5, 5, -4, 0, -6, 6, -2, 6, 4, -1, -1, -6, -2, 6, -6, -4, 5, -2, -3, -2, 0, 6, -6, -6, -4, -6, 0, 3, -5, -2, 5, -1, 2, 4, 2, 4, 3, -4, 6, -3, 3, -6, -2, 0, -3, 5, -1, 0, -6, 6, 3, -4, 6, -4, 2, -1, 1, 1, 6, -6, -3, -1, -1, -2, -6, 6, 3, -3, -3, -3, 0, 4, 2, -4, -1, -5, 6, 4, -1, 5, 5, -6, 4, -6, 6, 4]
 
3.09520248818: [-3, -6, 6, 1, -1, -6, -2, 2, 1, -4, -2, 1, -3, -4, 4, 4, 3, 2, 0, 4, 1, 0, -1, 6, -2, -4, 3, -1, -5, 0, 6, -5, 0, 5, 6, 5, -4, 0, 4, 2, -2, 4, -4, 6, 4, 0, -6, -1, 4, 6, 6, -1, 3, -5, -6, 6, -6, 5, 5, -2, -3, -2, 0, 5, -6, -6, -4, -6, -6, 1, -5, 5, 5, -4, 5, -5, -4, 3, 1, -4, 6, -5, -4, 0, 2, -3, 5, -1, -1, 5, -3, 6, 2, 6, -2, -5, -2, -1, -6, 1, -4, -6, 2, 5, -1, 6, -2, 3, -6, 3, 4, 0, 0, -6, 6, -5, -4, -5, 6, -6, -1, 5, 5, -6, 4, -6, 0, -3]
 
2.96339548038: [6, -3, -4, -2, -4, -5, 3, 2, 5, -4, 3, 1, -3, 4, 2, -6, 3, 2, 5, 4, -3, -1, 1, 6, -2, -5, 6, -1, 0, -6, 3, -6, 5, -5, 6, -4, 0, -1, 4, 5, -4, 4, -5, 5, -4, 0, -6, 6, -5, 6, 4, 5, 5, -6, -2, 6, 0, -4, 5, -4, -3, -1, 0, 6, -6, -6, -4, 0, 0, 3, -5, 5, 5, 5, 2, -4, 2, 4, 3, -4, 6, -3, 3, -6, -2, 0, -3, 5, -1, 0, 5, -3, 3, 0, 6, -4, 2, -1, -6, 1, -1, -6, 2, -1, -6, -2, -6, 6, 4, -3, 4, 1, 0, 4, 6, -1, -1, -5, 6, 4, -1, 5, 5, -6, 4, -6, 6, 4]
 
1.45438990073: [-3, -6, 6, 1, -1, -6, -2, 2, 5, -4, 3, 1, -3, 4, 2, -6, 3, 2, 5, 4, -3, -1, 1, 6, -2, -4, 6, -1, -5, 5, 5, 0, 1, -5, 6, -1, -6, 3, 4, 5, -4, 4, -3, 5, 4, 0, -6, -2, -5, 6, 4, -1, -4, -3, -2, 6, -6, -4, -5, -2, -3, -2, 2, 5, 4, 1, -4, 1, -5, 4, -5, -2, -2, 4, 0, 1, -3, 4, -3, 4, 6, 5, 3, -6, 3, 4, -3, 2, 3, 0, -6, 6, 3, 2, 6, -4, 2, -1, 1, 1, -1, -6, 2, -1, -6, -2, -6, 6, 4, -3, 4, 1, 0, 4, 6, -1, -1, -5, 6, 4, -1, 5, -3, -6, 4, -6, 6, 6]
 
2.18583895343: [-3, -6, 6, 1, -1, -6, -2, 4, 1, 0, -3, 1, -3, -4, 4, 4, 3, 2, -5, 4, -5, 0, 1, 6, -2, -5, 3, -1, -5, 0, 6, -5, 0, 5, 6, 5, -4, 0, 4, 2, -2, 4, -1, 0, -4, -1, 1, 6, 1, 2, 4, -1, -4, 2, 3, 6, -6, 1, 5, -2, -3, 4, 0, -1, -6, 1, 4, 3, -6, 2, -4, 5, 4, -4, 5, -5, -4, 5, 1, -4, 6, -5, 6, -3, 5, 3, 5, -1, -1, -4, -3, 6, 2, 6, -3, 3, -2, -4, 0, 2, -6, 4, 2, -6, -1, 5, -2, 3, -1, 3, 4, 2, 0, -6, 6, -1, -1, 5, -1, 4, -3, 4, -1, -6, 2, -6, 4, 6]
 
2.44803891413: [-3, -6, 6, 1, -1, -6, -2, 2, 1, -4, -2, 1, -3, -4, 4, 4, 3, 2, 0, 4, 1, 0, -1, 6, -2, -4, 6, -1, 0, -6, 3, -6, 5, -5, 6, -4, 0, -1, 4, 5, -4, 4, -5, 5, -4, 0, -6, 6, -5, 6, 4, -1, 3, -5, -6, 6, -6, 5, 5, -2, -3, -2, 0, 5, -6, -6, -4, -6, -6, -2, -5, -2, -5, -5, -5, -5, -3, 4, 3, 4, 6, -3, 3, -6, 3, 4, -3, 2, 3, 0, -6, 6, 3, 4, 6, -4, 2, -1, -6, 1, -1, -6, 2, -1, -6, -2, -6, 6, 4, -3, 4, 1, 0, 4, 6, -1, -1, -5, 6, 4, -1, 5, -3, -6, 4, -6, 6, 6]
 
0.776555509494: [2, 2, 6, 1, -1, -6, 0, 2, 1, -4, -2, -6, -3, -4, 4, -4, 3, 2, 0, -4, 1, 0, -4, -1, -2, 4, -4, -1, 4, 4, 5, 5, -3, -5, -6, -2, -1, -4, 6, 2, -4, 4, -4, 5, 1, 4, -6, -4, 4, 2, -5, 3, -4, 6, -2, 6, -6, -4, 5, -2, -5, 1, 3, 1, -1, 0, -4, -6, -6, -2, -5, -2, -5, -5, -5, -5, -3, 4, 3, 0, 6, 3, 3, -6, -4, 4, -3, 2, 3, -5, 4, 4, 3, 4, -3, -4, 6, -1, 1, 1, 2, -6, 1, -6, -1, -2, -6, 6, -1, -3, -3, -3, 3, -5, 2, -4, -1, -1, 6, 4, -4, 5, -3, -6, 4, -6, -6, -2]
 
2.03911878996: [-3, -6, 6, 1, -1, -6, -2, 2, 5, -4, 3, 1, -3, 4, 2, -6, 3, 2, 5, 4, -3, -1, 1, 6, -2, -5, 3, -1, -5, 0, 6, -5, 0, 5, 6, 5, -4, 0, 4, 2, -2, 4, -1, 0, -4, -1, 1, 6, 1, 2, 4, -1, -4, 6, -2, 6, -6, 5, 5, -2, -3, 4, 0, -3, -6, -6, -4, -6, -6, 1, -5, 5, 5, -4, 5, -5, -4, 3, 1, -4, 6, -5, -4, 0, 2, -3, 5, -1, -1, 5, -3, 6, 2, 6, -2, -5, -2, -4, -6, -4, -4, 1, 2, 5, -1, 6, -2, 3, -6, 3, 4, 0, 0, -6, 6, -5, -4, -5, 6, -6, -1, 5, 5, -6, 4, -6, 0, -3]
 
1.39257531361: [2, -6, 6, 1, -1, -6, 0, 2, 1, -4, -2, -6, -3, -4, 4, 0, 3, 2, 0, 4, 1, 0, 1, 6, -2, -5, 3, -1, -5, 2, 6, -5, -1, 5, 6, 5, -4, 0, 6, 2, -2, 4, -1, 0, -4, -1, 6, 6, 1, 6, 4, -1, -4, 2, 3, 6, -6, 1, 5, -2, -3, 4, 0, -1, -6, 1, 4, 3, -6, 2, -4, 5, 4, -4, 5, -5, -4, 5, 1, -4, 6, -5, 6, -3, 5, 3, 5, -1, -1, -4, -3, 6, 2, 6, -3, 3, -2, -4, 0, 2, -6, 4, 2, -6, -1, 5, -2, 3, -1, 3, 4, 2, 0, -6, 6, -1, -1, 5, -1, 4, -3, 4, -1, -6, 2, -6, 4, 6]
 
0.546777518417: [-3, 6, 6, -6, -4, 0, -6, 2, 1, 6, -1, 1, -3, -4, 4, -6, 3, 2, 2, 4, 1, 0, -1, 6, 4, -2, 5, 3, -6, 2, 5, 3, -2, 1, 4, 3, -6, -1, 5, 5, 5, 4, -1, 0, -4, 5, 1, 6, 1, -3, 4, -1, -4, 2, 3, 6, 6, -1, 5, -2, -3, 4, 3, -4, -6, 1, -2, 2, -6, 2, -4, 5, 4, -4, 5, 4, -3, 5, 1, 2, 6, -5, 6, -3, 5, 3, 5, -1, -2, -4, -3, 6, 2, 6, -3, 3, -2, -4, -1, 2, -4, 4, 2, -6, -1, 6, -2, 3, -1, -4, 3, 0, 0, 3, 6, -5, -4, -5, 6, -6, -3, 5, 5, -6, 4, 1, -4, -3]
 
1.23689046085: [4, -6, 6, -6, -1, -2, -2, 2, -6, -4, -2, 1, -3, -4, 4, -5, 5, 2, 1, 3, 1, 2, -6, 6, -2, -4, 6, -1, -5, -2, -2, 0, -6, -4, 6, -1, -6, -6, 4, 5, -4, 4, -3, 1, 2, 1, 4, -5, -5, 6, 2, -1, -4, -1, 1, 3, -1, -4, -2, -2, 0, 4, -4, 0, 2, 1, 0, -6, -6, 1, -5, 5, 5, -4, 5, -5, -4, 3, 1, -4, 6, -5, -4, 3, 2, -3, 5, -1, -1, 5, -3, 6, 2, 6, -2, -5, 6, -4, -6, -4, -4, 0, 2, 5, -1, 5, -2, -6, -1, 3, 4, 2, 0, 0, 6, -6, -5, 5, -1, 4, -1, 5, 4, -2, 4, -6, 6, 1]
 
2.17949460589: [-3, -3, 6, 1, -4, -6, -2, -5, 1, 4, 0, -6, -3, 3, -6, 2, -4, 4, 0, 4, 1, 0, -1, 6, -2, -4, 3, -1, 0, -6, 3, -6, 5, -5, 6, -4, -6, -1, 4, 5, -6, 4, -2, 5, -6, 0, 6, 6, 3, 4, 4, 2, -4, 6, 5, 1, -6, 2, 1, -2, 1, -2, 0, 5, -6, -6, 5, -5, -6, 4, -5, -2, 3, -1, -4, 1, -3, 4, 3, 4, 6, -3, 3, -6, 3, 4, -3, 2, 3, 0, -6, 6, 3, 4, 6, -4, 2, -1, -6, 1, -1, -6, 2, -1, -6, -2, -6, 6, 4, -3, 4, 1, 0, 4, 6, -1, -1, -5, 6, 4, -1, 5, 5, -6, 4, -6, 0, -3]
 
3.24624010139: [4, -6, 6, -6, -1, -2, -2, 2, 1, -4, -2, 1, -3, -2, 4, -5, 5, 2, 0, 3, 1, 0, -1, 6, -2, -4, 6, -1, -5, -2, 5, 0, -6, -5, 6, -2, -6, -5, 4, 5, -4, 4, -3, 1, 4, 0, 3, 3, -5, 6, 2, -1, -4, -1, -2, 6, -1, -4, -2, -2, 0, 4, 0, -3, -6, -6, -4, -6, -6, 1, -5, 5, 5, -4, 5, -5, -4, 3, 1, -4, 6, -5, -4, 0, 2, -3, 5, -1, -1, 5, -3, 6, 2, 6, -2, -5, -2, -4, -6, -4, -4, 1, 2, 5, -1, 6, -2, 3, -6, 3, 4, 0, 0, -6, 6, -5, -4, -5, 6, -6, -1, 5, 5, -6, 4, -6, 6, 4]
 
2.61364269599: [-3, -6, 6, 1, -1, -6, -2, 2, 1, -4, -2, 1, -3, -4, 4, 4, 3, 2, 0, 4, 1, 0, -1, 6, -2, -4, 6, -1, 0, -6, 3, -6, 5, -5, 6, -4, 0, -1, 4, 5, -4, 4, -5, 5, -4, 0, -6, 6, -2, 6, 4, -1, -1, -6, -2, 6, -6, -4, 5, -2, -3, -2, 0, 6, -6, -6, -4, -6, 0, 3, -5, -2, 5, -1, 2, 4, 2, 4, 3, -4, 6, -3, 3, -6, -2, 0, -3, 5, -1, 0, -6, 6, 3, -4, 6, -4, 2, -1, 1, 1, 6, -6, -3, -1, -1, -2, -6, 6, 3, -3, -3, -3, 0, 4, 2, -4, -1, -5, 6, 4, -1, 5, 5, -6, 4, -6, 6, 4]
 
0.29419959576: [-3, -6, 6, 1, -1, -6, -2, 2, 3, 1, -2, 1, -3, 1, 4, 4, 3, 2, -1, -2, 1, 0, -1, 6, 2, -4, 2, -1, 0, -6, 3, -6, 5, -5, 0, -4, 0, -1, 3, 5, -4, 4, -5, 5, -4, 0, -6, 6, 0, 6, 4, 5, 5, 3, -2, 6, 3, 1, 5, 5, -3, -1, 2, 5, -6, -6, 0, -1, -1, 4, -5, 1, 1, -5, 2, -2, 1, -6, -3, 4, 6, 5, 3, -6, 3, 5, -3, 0, 3, 0, 5, -3, 3, 0, 6, -4, 2, -5, 0, 1, -1, -6, 2, -2, 2, -2, -6, 6, 4, -1, -2, -5, 0, -4, 5, -4, -3, 4, 6, 4, 0, -5, 4, -4, 6, -6, 6, -2]
 
0.951414481926: [-3, -6, 6, 1, -1, -6, -2, 2, 5, -4, 3, 1, -3, 4, 2, -6, 3, 2, 5, 4, -3, -1, 1, 6, -2, -5, 3, -1, -5, 0, 6, -5, 0, 5, 6, 5, -4, 0, 4, 2, -2, 4, -2, 5, -6, 0, 6, 6, 3, 4, 4, 2, -4, 6, 5, 1, -6, 2, 1, -2, 1, -2, 0, 5, -6, -6, 5, -5, -6, 4, -5, -2, 3, -1, -4, 1, -3, 4, 3, 4, 6, -3, 3, -6, 3, 4, -3, 2, 3, 0, -6, 6, 3, 4, 6, -4, 2, -1, -6, 1, -1, -6, 2, -1, -6, -2, -6, 6, 4, -3, 4, 1, 0, 4, 6, -1, -1, -5, 6, 4, -1, 5, 5, -6, 4, -6, 6, 4]
 
1.76251166962: [-3, -3, 6, 1, -4, -6, -2, -5, 1, 4, 0, -6, -3, 3, -6, 2, -4, 4, 0, 4, 1, 0, -1, 6, -2, -4, 3, -1, 0, -6, 3, -6, 5, -5, 6, -4, -6, -1, 4, 5, -6, 4, -1, 0, -4, -1, 1, 6, 1, 2, 4, -1, -4, 2, 3, 6, -6, 1, 5, -2, -3, 4, 0, -1, -6, 1, 4, 3, -6, 2, -4, 5, 4, -4, 5, -5, -4, 5, 1, -4, 6, -5, 6, -3, 5, 3, 5, -1, -1, -4, -3, 6, 2, 6, -3, 3, -2, -4, 0, 2, -6, 4, 2, -6, -1, 5, -2, 3, -1, 3, 4, 2, 0, -6, 6, -1, -1, 5, -1, 4, -3, 4, -1, -6, 2, -6, 4, 6]
 
