1.8273307190623205: [6, -5, -6, -2, 1, -3, 4, -2, 1, -4, 2, -6, 6, -6, -1, -6, -1, 0, 5, 1, -6, 3, -2, 2, -3, -5, -2, -5, -4, 5, -5, 0, -6, 5, 4, -3, 2, 3, -6, 5, -1, -2, -1, 0, 2, -4, 1, 0, 2, -6, 0, -6, -4, 3, 0, -1, 6, 6, -4, -6, 6, -2, 0, 5, -6, -1, -2, -5, -4, -5, 6, -3, -6, -4, 1, -5, 4, -1, -4, 4, -5, -4, -6, 6, -3, -5, 5, 6, -1, -5, 1, 1, 6, 2, 4, 1, -3, 2, 6, -6, 6, -1, 2, -5, -2, -1, -6, 3, -6, -6, -3, 2, -3, 5, 3, 2, 4, -3, -5, -6, -6, -5, -2, -2, -6, -2, -1, -3]
 
3.0885513655361208: [6, -3, -3, -1, 4, -6, -5, -2, 4, -4, 2, -6, -2, -6, -3, 5, -6, 0, 5, 1, -6, 3, -2, 2, -3, -2, -2, -5, -4, 5, -5, 0, -6, 5, -5, 6, 1, 6, -5, 4, -4, 4, 4, 6, 4, 2, 1, -5, 4, 4, -5, -4, -6, -1, 2, -1, 6, 3, -2, -1, -5, 1, -6, -6, -3, 4, 3, 3, 6, 6, 6, 5, -5, 5, -2, 6, -5, 6, -6, 3, 1, 5, -4, -4, 4, -4, 6, 5, -1, -2, 1, 4, 3, 1, 6, -5, -3, -5, 4, -6, 6, -1, 2, -6, -1, -1, -6, -2, -6, 2, -3, 2, 2, 0, -3, 1, 2, -3, 0, 4, -6, 4, -3, -2, 4, 3, -2, 1]
 
2.5996546740533963: [6, -3, -3, -1, 4, -6, -5, -2, 4, -4, 2, -6, -2, -6, -3, 5, -6, 0, 5, 1, -6, 3, -2, 2, -3, -2, -2, -5, -4, 5, -5, 0, -6, 5, -5, 6, 1, 0, -3, -4, -4, 4, -6, 0, -2, 3, -5, 0, -6, 5, -5, 1, -4, 3, 0, -1, 6, 6, -4, -6, 6, -2, 0, 5, -6, -1, -2, -5, 6, -2, 6, -3, -3, 5, -2, 6, 1, 6, -2, 3, 1, 5, -4, -4, -2, -6, 6, 5, 4, -2, 1, 4, 3, 6, 4, -5, -3, -5, 4, -6, 6, -1, 2, -6, -2, -1, -6, -2, -6, 2, -3, 2, -3, 5, -3, 5, 2, -3, -2, 4, -6, -6, -3, -4, 4, 3, -2, 1]
 
2.637578477923657: [5, -1, 4, -1, -3, 5, -6, -2, 2, -3, 3, 2, 4, -5, -5, 1, 0, 1, 4, 3, 6, -4, -2, 2, -3, -3, 3, -2, -4, 2, -2, 4, 3, 0, -2, -5, -2, 1, 5, -4, 1, 0, 6, 0, -3, -6, 4, 0, 0, -2, -6, 4, -3, -1, 5, 0, 6, -5, -4, -6, 6, -2, -6, -1, -6, 4, -2, -5, -1, -4, 6, 2, -4, -5, 1, -5, -4, -1, -4, 4, -5, -4, -6, -1, 0, -6, 6, 5, 4, -2, 1, 4, 3, -3, 4, -5, -3, -5, 4, -6, 6, -1, 2, -6, -2, -1, -6, -2, -6, 2, -3, 2, -3, 5, -3, 5, 2, -3, -2, 4, -6, 5, -3, -2, 4, 3, -1, 1]
 
2.502807582652589: [5, 4, 3, 3, 0, -1, -1, 4, 4, -4, -1, -6, 3, -3, 2, 4, 5, -1, 2, -1, -4, 2, 2, 1, -2, -4, -5, 3, 4, -3, -1, 0, -2, -5, -5, -2, -1, 2, 5, -4, -1, 5, -6, 5, -1, 3, 5, 6, -6, 5, -5, 2, 1, 3, 2, -2, -4, -6, 5, -6, 4, -1, -3, -1, 0, -1, -2, -3, -6, 5, -4, 5, -3, -5, 3, -5, 1, -5, 2, 3, 1, 5, 2, -4, -2, -6, 4, 4, 4, 3, -6, 4, -1, 6, 4, 1, -3, -5, -1, -6, 6, -1, 1, -6, -2, -1, -6, 0, -6, -4, 0, 2, -4, 5, -3, 5, 2, -3, -2, 4, -6, 5, 4, -2, 4, 3, -1, 1]
 
1.1224396843217304: [6, -3, -3, -1, 4, -6, -5, -2, 4, -4, 2, -6, -2, -6, -3, 5, -6, 0, 5, 1, -6, 3, -2, 2, -3, -2, -2, -5, -4, 5, -5, 4, 3, 0, -2, 6, 1, 0, -3, 1, -4, -2, -1, 0, 2, -4, 1, 0, -6, 5, -5, 1, -4, 3, 0, -1, 6, 6, -4, -6, 6, -2, 0, -6, -3, -5, 3, -6, 6, -2, 6, -3, -3, 5, -2, 6, 4, -1, -4, 4, -5, -4, -4, -4, -2, -6, 6, 5, 4, -2, 1, 4, 3, 6, 4, -5, -3, -5, 4, -6, 6, -1, 2, -6, -2, -1, -6, -2, -6, 2, -3, 2, -3, 5, -3, 5, 2, -3, 0, 4, -6, 4, -3, -2, 4, 3, -2, 1]
 
1.3282088147587645: [6, -3, 4, -1, 4, -6, -5, -2, 4, -4, 2, -6, -2, -6, -3, 5, -6, 0, 5, 1, -6, 3, -2, 2, -3, -2, -2, -5, -4, 5, -5, 4, 3, 0, -2, 6, 1, 0, -3, 1, -4, -2, -1, 0, 2, -4, 1, 0, -6, 5, -5, 1, -4, 3, 0, -1, 6, 6, -4, -6, 6, -2, 0, -6, -3, -5, 3, -6, 6, -2, 6, -3, -3, 5, -2, 6, 4, -1, -4, 4, -5, -4, -4, -4, -2, -6, 6, 5, 4, -2, 1, 4, 3, 6, 4, -5, -3, -5, 4, -6, 6, -1, 2, -6, -2, -1, -6, -2, -6, 2, -3, 2, -3, 5, -3, 5, 2, -3, 0, 4, -6, 4, -3, -2, 4, 5, -2, 2]
 
2.3966632179198157: [6, -5, -6, -2, 1, -3, 4, -2, 1, -4, 2, -6, 6, -6, -1, -6, -1, 0, 5, 1, -6, 3, -2, 2, -3, -5, -2, -5, -4, 5, -5, 0, -6, 5, 4, 6, 2, -5, -5, 4, -4, 4, 4, 6, 4, 2, 1, -5, 4, 4, -5, -4, -6, -1, 2, -1, 6, 3, -2, -1, -5, 1, -6, -6, -3, 4, 3, 3, 6, 6, 6, 5, -5, 5, -2, 6, -5, 6, -6, 3, 1, 5, -4, -4, 4, -4, 6, 5, -1, -2, 1, 4, 3, 1, 6, -5, -3, -5, 4, -6, 6, -1, 2, -6, -1, -1, -6, -2, -6, 2, -3, 2, 2, 0, -3, 1, 2, -3, 0, 4, -6, 4, -3, -2, 4, 3, -2, 1]
 
1.28606923423: [1, -3, 3, -2, -2, 6, 2, -2, -1, -1, 6, -3, 4, 1, 3, 4, -6, 6, 0, 4, -6, -1, 2, 2, -2, 3, 0, -5, 3, 5, -2, 5, 1, 5, 6, -3, 1, -5, 1, -4, -1, 4, -5, 3, 0, -2, 1, 1, 6, 5, 1, 4, -4, 3, -3, -1, 6, 6, 5, -4, 1, -3, -2, -2, 5, -5, -6, 3, 6, -2, 6, 0, -6, -4, 1, -6, 0, 5, 2, 4, 2, 5, 4, 3, -2, -6, -6, -6, 2, 2, -5, 4, 3, -2, 4, -5, -1, -5, 6, -6, -3, -5, 1, -1, 3, -5, -2, 0, -6, 2, 0, 2, 0, 0, 2, 2, 2, 6, -5, 0, -6, -2, -3, -2, -2, 3, 1, 2]
 
2.8688932896189323: [4, 1, -3, 0, -6, -6, 6, -6, -5, 2, 3, 3, -5, 2, -5, 1, 6, -4, -3, -6, 5, -1, -2, -2, 1, -3, 5, 0, 2, 5, 5, -5, 4, -2, -1, -2, 1, -1, 3, -4, -4, 4, 5, 6, -2, -3, -5, -4, 4, 4, -5, -4, -6, -1, 2, -1, 6, 3, -2, -1, -5, 1, -6, -6, -3, 4, 3, 3, 6, 6, 6, 5, -5, 5, -2, 6, -5, 6, -6, 3, 1, 5, -4, -4, 4, -4, 6, 5, -1, -2, 1, 4, 3, 1, 6, -5, -3, -5, 4, -6, 6, -1, 2, -6, -1, -1, -6, -2, -6, 2, -3, 2, 2, 0, -3, 1, 2, -3, 0, 4, -6, 4, -3, -2, 4, 3, -2, 1]
 
2.0063965963868022: [6, -3, -3, -1, 4, -6, -5, -2, 4, -4, 2, -6, -2, -6, -3, 5, -6, 0, 5, 1, -6, 3, -2, 2, -3, -2, -2, -5, -4, 5, -5, 0, -6, 5, -5, 6, 1, -5, 1, -4, -1, -2, -1, 0, 2, -4, 1, 0, -6, 5, -5, 1, 1, 1, 6, -4, -5, 5, -4, -1, 3, 4, 0, 3, 3, 5, 1, -6, -4, -5, 1, -3, 1, 3, 1, -5, 4, -1, -4, 4, -1, -4, -6, 4, 6, -5, -2, 3, 4, -4, 4, 6, -5, 6, 4, -4, -6, 3, 4, -5, 0, 3, 4, -6, 1, -1, 2, -5, 2, 2, -3, 2, 6, -3, 5, -6, 2, -3, -2, 4, -6, -6, -3, -4, 4, 3, -2, 1]
 
1.33161373749: [6, -4, -3, -1, 4, -3, -5, -2, -2, -4, 2, -6, -2, -6, -3, 1, -5, 0, 1, -4, -6, -2, -2, 2, -3, 4, 5, -5, 3, 5, -5, 0, -3, 5, 5, 6, -4, 0, -3, 1, -5, 4, -3, 0, 0, -1, -5, -4, 6, 5, -5, 4, -4, -4, 2, -2, 0, 6, 2, -4, 3, -2, 0, -1, -6, 4, -2, -5, -1, -4, 6, 2, -4, -5, -5, -5, 3, -2, -3, 4, -5, -4, -6, -1, -2, -6, 6, 5, 4, -2, -6, -2, 3, -3, 4, -5, -3, -5, 5, -6, 6, -6, 2, -6, -2, 2, -6, 1, 5, 4, 1, 2, 1, 4, 5, 3, -2, 6, -6, 4, -6, -2, 0, -3, 1, 3, 0, -3]
 
1.27104376878: [4, 1, -2, 0, -6, -4, 0, 4, -5, -4, 6, 3, 2, 2, -4, 1, -1, 5, -3, -1, 3, -1, -2, 4, 1, -3, -5, 0, 2, 5, 5, -5, 5, -2, -1, 3, 1, -5, -5, -3, -4, 4, -1, 6, 6, -3, -5, 6, -6, 3, 3, -3, -4, 2, 0, 2, -4, 3, 5, -6, -4, -4, 0, -6, -3, -2, 3, -4, 6, 4, 0, 2, 3, -4, -6, 0, 6, -5, 2, 3, 6, 5, -4, 6, 0, 5, -2, 5, 4, -5, 2, 4, 3, -1, -2, -1, -3, 1, 4, 6, 6, -6, -6, 4, -6, 6, -6, -1, -4, 2, -3, 2, 5, 1, -3, 5, -6, 0, 0, 4, 2, 5, -3, -4, 4, -1, -2, 2]
 
1.863796827464299: [1, 5, -1, -1, -4, 5, -5, -2, 4, 3, 0, -6, 4, -6, -1, -6, -1, 6, 0, 1, -6, -3, -2, 2, -3, 6, 5, -5, 0, 5, -5, -5, -6, -5, 4, 6, 2, -5, 2, 3, 6, 0, -6, -5, 0, 0, 4, -3, -6, 4, -5, 4, 3, -3, 6, 2, 6, 6, -4, -6, 6, -2, -3, 5, -6, 0, -2, -5, -3, 0, -2, -3, -3, -4, -4, 6, 1, 6, -1, -4, 5, -3, 1, -2, 5, -6, 5, -3, 4, -5, 4, -6, -3, 5, 4, 2, -3, 1, 6, -6, -6, 5, 3, -1, -2, -6, -6, -5, -3, 6, -2, 2, -3, 5, 1, -6, 4, -3, -5, 2, 5, 1, -3, 2, 4, 6, -1, -6]
 
2.6830281260996642: [6, -5, -6, -2, 1, -3, 4, -2, 1, -4, 2, -6, 6, -6, -1, -6, -1, 0, 5, 1, -6, 3, -2, 2, -3, -5, -2, -5, -4, 5, -5, 0, -6, 5, 4, 6, 2, -5, -3, 3, -6, 0, -6, -5, 0, 0, 4, -1, -6, 4, -5, 4, 3, -3, 4, 2, 6, 6, -4, -6, 6, -2, 0, 5, -6, -1, -2, -5, -3, -2, -2, -3, -3, -4, -4, 6, 1, 6, -4, -5, 5, -6, 1, -2, 5, -6, 5, -3, 4, -5, 1, 1, 2, 2, 4, -5, -3, 2, 6, -6, 6, -1, 2, -6, -2, -1, -6, -2, -6, 2, -3, 2, -3, 5, 1, -6, 2, -3, -5, 0, -6, -6, -3, -2, 4, -2, -1, 4]
 
1.0894284049: [6, -3, -3, 4, 4, -6, 6, -6, -5, 0, 3, 1, 4, 3, -5, 1, -4, 1, 4, -3, -5, 2, -2, -6, 1, 6, -4, 5, -3, 6, 6, 5, -1, 3, 4, -2, -1, 1, -4, -1, 3, 0, -2, -1, -2, 6, -5, -6, -3, -6, -4, 1, -4, 0, 0, -1, 6, -4, -6, 1, 6, 4, 0, 3, 2, -1, 0, -6, -3, -5, -5, 6, -6, -4, 1, -5, 1, 4, -2, -1, -5, 2, -4, 0, 2, 3, 6, 5, -3, -2, -6, -6, 2, 0, 4, -5, 6, -5, 1, -6, 6, -1, 3, -6, -2, -1, 3, 1, -1, 5, 5, -6, -3, -6, -6, 6, 3, -3, 2, -5, -4, 1, -3, -2, -3, 1, 3, 1]
 
1.1003297781631107: [1, -3, -3, -1, -2, 0, -2, -2, 0, -4, -6, -6, 4, 0, -4, -3, 6, 3, 5, 2, -5, 4, -5, 2, -3, 0, 1, -5, -4, 3, -4, -2, -6, 3, -2, -6, 6, -5, 1, 2, -3, -4, -1, 1, 2, 6, -3, -4, 4, 4, 4, -1, -5, 2, -1, -6, -2, 4, -4, 0, 6, -6, 0, 6, 2, -1, 4, -5, -3, 6, -2, -3, 1, 3, 4, 1, 5, -4, -1, 1, 3, 1, 1, -2, -2, -6, 0, 0, -6, 3, 1, -3, 6, 6, 4, -4, 5, -2, 5, -6, 0, 3, 5, 1, -4, -1, -6, -2, -6, -4, -3, 2, -3, -5, 6, -6, -2, 5, -4, 4, -6, -6, 6, 6, 4, 3, 0, 0]
 
2.0289888116160997: [6, -3, -3, 4, 0, -6, 6, -6, -5, 2, 3, 2, 4, 3, -5, 1, -4, 1, 4, -6, 5, 2, -2, -2, 1, -3, 5, -4, 1, -2, 5, -5, 4, -2, -1, -2, 1, 1, 3, -4, -4, 4, -6, 0, -2, 3, -5, -1, -6, 5, -5, 1, -4, 3, 0, -1, 6, 6, -4, -6, 6, -2, 0, 5, -6, -1, -2, -5, -4, -5, 6, -3, -6, -4, 1, -5, 4, -1, -4, 4, -5, -4, -6, 6, -3, -5, 5, 6, 4, -2, 0, -3, 6, 6, 4, -4, -6, -2, 4, -6, 6, -1, 0, 4, 4, 2, -3, -2, -6, 2, -2, 2, -3, 5, -3, -4, 1, 5, 6, 4, -6, 5, -3, -2, 0, 1, -4, 1]
 
2.211328103045739: [6, -3, -3, -1, 4, -6, -5, -2, 4, -4, 2, -6, -6, -6, 4, 1, 0, 1, 4, 3, 6, -4, -2, 2, -3, -3, 3, -2, -4, 2, -2, 0, -6, 5, 4, -3, 2, 3, -6, 5, -1, -2, -1, 0, 2, -4, 1, 0, 2, -6, 0, -6, -4, 3, 0, -1, 6, 6, -4, -6, 6, -2, 0, 5, -6, -1, -2, -5, -4, -5, 6, -3, -6, -4, 1, -5, 4, -1, -4, 4, -5, -4, -6, 6, -3, -5, 5, 6, 4, -2, 0, -3, 6, 6, 4, -4, -6, -2, 4, -6, 0, 3, 4, 1, -4, -1, -6, -2, -6, 2, -3, 2, -3, 5, 5, -6, 2, -3, -2, 4, -6, -6, -3, -2, 4, 3, -1, 6]
 
1.43914447896: [6, -4, -3, 5, 0, -6, 6, -2, 4, -5, -5, -2, 3, -6, -3, 5, -6, 0, 5, 1, -6, 3, -2, 2, -3, 2, 1, -5, -4, -1, -5, -1, -6, 5, -2, 3, 1, -4, -4, 1, -4, 4, 6, 0, 0, -1, 3, -4, 5, 1, 4, 3, 1, -2, 0, -1, 6, 6, -4, -6, 2, -2, 0, 5, -6, -1, -2, 0, 6, -2, 6, -3, -3, 5, 3, 6, 1, -2, 5, 3, -3, 5, -4, -5, -2, 6, 4, 5, 4, -2, 0, 4, 3, 6, -2, -5, 2, -5, 4, -6, 4, -1, 3, -6, -2, -1, -6, -2, -6, 2, -2, 2, -3, -5, -6, 5, 2, -3, -2, 4, -6, -6, -3, -4, 0, 3, -2, 1]
 
2.4802420118253297: [5, -1, 4, -1, -3, 5, -6, -2, 4, -4, 2, -6, -2, -6, -3, 5, -6, 0, 5, 1, -6, 3, -2, 2, -3, -2, -2, -5, -4, 5, -5, 0, -6, 5, -5, 6, 1, 6, -3, 3, -6, 0, -6, -5, 0, 0, 4, -1, -6, 4, -5, 4, 3, -3, 4, 2, 6, 6, -4, -6, 6, -2, 0, 5, -6, -1, -2, -5, -3, -2, -2, -3, -3, -4, -4, 6, 1, 6, -4, -5, 5, -6, 1, -2, 5, -6, 5, -3, 4, -5, 1, 1, 2, 2, 4, -5, -3, 2, 6, -6, 6, -1, 2, -6, -2, -1, -6, -2, -6, 2, -3, 2, -3, 5, 1, -6, 2, -3, -5, 0, -6, -6, -3, -2, 4, -2, -1, 4]
 
1.441149291114333: [4, 1, -3, 3, 2, -6, -5, 2, -6, 2, 5, 1, -6, -2, -1, 4, -6, -2, -2, -6, -1, -5, 4, 5, 1, 3, 5, -4, 0, 0, 4, -5, 4, -2, 3, 0, -6, 4, 6, 2, -4, -2, 4, 6, 4, 2, 1, -1, -6, 4, -5, -1, -4, 6, 4, -6, 6, -5, -4, -5, 2, -4, -3, -6, -2, -5, 3, -6, -4, -5, 6, -1, 0, -4, 1, -5, -6, 2, 2, -4, -5, 5, -4, -4, -2, 5, 6, 5, 4, 4, 1, 4, 3, 6, 4, -5, 2, 4, -6, -6, 6, -1, 2, -6, 0, -1, -6, -2, -2, 2, -3, 5, -3, -6, -4, 5, -1, -3, 0, 4, -6, 1, -3, -2, 4, 5, -2, 2]
 
1.27722835171: [0, -6, -3, -1, -2, 5, 5, -2, 5, -5, 3, 5, -6, -5, -5, 3, -5, 1, 0, 0, -6, -4, -4, 2, -5, -3, -3, 6, 2, 6, -1, 6, -2, 5, -2, -3, -2, 1, 6, 1, 1, 0, 6, -3, 0, 4, 6, -5, 0, -2, -6, -6, 4, -1, -4, 5, 6, -5, 5, 3, 3, -4, 4, -4, -5, -5, -3, 3, -2, -2, 3, 4, -5, -1, -2, 0, 4, 4, -4, 1, -4, -4, 6, -2, -6, 5, -3, 6, 3, -1, 1, -5, 3, -5, 1, -1, 4, -5, 5, 4, -4, 0, 2, -6, 1, -1, -6, -2, -6, 6, -3, 2, -3, 5, 5, 2, -5, -5, 4, 5, 6, 6, -5, -2, 4, 3, -1, -5]
 
0.7864260545622375: [4, 6, -6, 4, -6, 2, 1, -6, -5, 2, -6, 3, 3, -1, -4, 1, -5, -4, 6, 1, -5, 0, 3, 3, -3, -1, 6, -5, -5, 4, 3, 0, 4, 1, 4, 3, -5, 1, 6, -5, 2, 0, 0, -6, 2, -1, -4, 6, -6, -2, -5, 4, 6, 3, -4, 4, 6, -5, -4, -5, 1, -3, -2, 6, 2, 0, 2, -3, -1, -4, 6, -3, -3, -4, 6, 3, -5, -3, -3, 4, 2, -4, -6, 6, -6, -5, 4, 6, 4, -4, 0, -3, -3, 6, 4, -4, -1, -6, 2, 0, -3, 6, 4, 2, -5, -1, 1, -2, 0, 1, 0, 4, -3, 5, 0, 1, 2, 1, 2, 4, -6, -6, -4, -2, 1, 3, 0, 4]
 
2.0099044721667267: [5, -1, 4, -1, -3, 5, -6, -2, 2, -3, 3, 2, 4, -5, -5, 1, 0, 1, 4, 3, 6, -4, -2, 2, -3, -3, 3, -2, -4, 2, -2, 0, -6, 5, -5, 6, 1, -5, 1, -4, -1, 4, 6, 0, 0, -1, -5, -4, 6, 5, -5, 4, -4, 3, 2, -1, 6, 6, -4, -6, 6, -2, -6, -1, -6, 4, -2, -5, -1, -4, 6, 2, -4, -5, 1, -5, -4, -1, -4, 4, -5, -4, -6, -1, -3, -5, 5, 6, 4, -2, 0, -3, 6, 6, 4, -4, -6, -2, 4, -6, 0, 3, 4, 1, -4, -1, -6, -2, -6, 2, -3, 2, -3, 5, 5, -6, 2, -3, -2, 4, -6, -6, -3, -2, 4, 3, -1, 6]
 
2.262008565712827: [6, -3, -1, 4, 0, -6, 6, -6, -5, 2, 3, 2, 4, 3, -5, 1, -4, 1, 4, -6, 5, 2, -2, -2, 1, -3, 5, -4, 1, -2, 5, -5, 4, -2, -1, -2, 1, 1, 3, -4, -4, 4, -6, 0, -2, 3, -5, 0, -6, 5, -5, 1, -4, 3, 0, -1, 6, 6, -4, -6, 6, -2, 0, 5, -6, -1, -2, -5, -4, -5, 6, -3, -6, -4, 1, -5, 4, -1, -4, 4, -5, -4, -4, -4, -2, -6, 6, 5, 4, -2, 1, 4, 3, 6, 4, -5, -3, -5, 4, -6, 6, -1, 2, -6, -2, -1, -6, -2, -6, 2, -3, 2, -3, 5, 1, -6, 2, -3, -5, 0, -6, -6, -3, -2, 4, -2, -1, 4]
 
1.19602257762: [4, -5, -6, 4, 0, -3, 2, -2, -4, 5, 2, -3, 6, -6, 6, 2, -1, 0, 5, 6, -6, 3, -2, 3, -3, 0, -2, -5, -4, 6, 1, 0, -6, 0, 6, -1, 2, 3, -6, 5, 6, 4, -1, 0, 2, 6, 1, 0, 1, -4, 0, 3, -4, 3, 0, 5, 6, 6, -4, 1, 6, -2, -4, 5, -6, -5, -2, -5, -4, -4, -1, -3, -6, -3, 1, 4, 4, 6, -4, 4, -5, -4, -3, 3, -3, -5, 5, 6, 4, -2, 0, -3, -2, 6, 4, -4, 4, -2, 6, -6, 0, 3, -5, -4, -4, -1, -1, 2, -6, 2, -3, 5, -3, 5, 5, -6, 0, 3, -2, 4, -6, -6, -3, -2, -3, -4, -4, -3]
 
1.02178407318: [-6, -5, 4, -4, 5, 5, -3, 0, 2, -3, 3, -1, 4, 4, -5, 1, -4, -4, 4, 3, 3, -4, 3, -4, -3, 4, 0, -2, 2, 2, -2, -4, -6, 6, 2, -2, -5, -4, 1, -3, -4, 4, 4, -3, 0, 3, -3, 2, -2, 3, -5, 1, 2, -3, 2, -3, 6, -6, 0, 2, 5, -2, -6, 4, -5, 4, -6, -5, -6, -4, 1, 2, -4, -5, 1, -1, -4, -3, 6, 2, 4, -4, -6, -4, 0, -6, 6, -3, 3, -2, 1, 4, 5, -2, 4, -5, 6, -5, -4, -2, -1, -5, 5, -2, -2, 3, 3, 4, -6, 6, -6, 2, 1, 4, -5, 5, 2, -1, -6, 0, 5, -2, 5, 0, 4, 3, -1, 2]
 
1.4919477389525624: [6, -3, 4, -1, 4, -6, -5, -2, 4, -4, 2, -6, -6, -6, 4, 5, -6, 0, 5, -3, 2, 3, -6, -4, 6, 2, -2, -5, -4, 5, -1, 6, -6, 5, 4, 6, 1, 0, -3, 4, 0, -3, -1, 5, -1, -1, -4, -4, -2, -1, -5, 4, -4, 3, 0, 2, -5, 6, -6, -6, 0, -2, 0, 1, 4, -6, -2, 6, -3, 0, -2, -5, -3, -1, -4, 6, 1, 6, -4, 3, -2, 5, -1, -2, 5, -6, -1, -5, 3, -5, 1, 5, -2, -1, -5, -5, -3, 2, -4, -6, -1, 1, 6, -6, 4, 6, 6, 3, 4, 4, -1, 2, -3, -4, 1, 3, -5, 4, -5, -3, -4, -6, -3, 3, -1, -2, -1, 4]
 
2.6609209642037874: [6, -3, -3, -1, 4, -6, -5, -2, 4, -4, 2, -6, -2, -6, -3, 5, -6, 0, 5, 1, -6, 3, -2, 2, -3, -2, -2, -5, -4, 5, -5, 0, -6, 5, -5, 6, 1, -5, 1, -4, -1, -2, -1, 0, 2, -4, 1, 0, -6, 5, -5, 1, 1, 1, 6, -4, -5, 5, -4, -1, 3, 4, 0, 3, 3, 5, 1, -6, -4, -5, 1, -3, 1, 3, 1, -5, 4, -1, -4, 4, -1, -4, -6, 4, 6, -5, -2, 3, 4, -4, 4, 6, -5, 6, 4, -5, -3, -5, 4, -6, 6, -1, 2, -6, -2, -1, -6, -2, -6, 2, -3, 2, -3, 5, -3, 5, 2, -3, -2, 4, -6, 5, -3, -2, 4, 3, -1, 1]
 
2.4372821715509705: [6, -3, -3, -1, 4, -6, -5, -2, 4, -4, 2, -6, -2, -6, -3, 5, -6, 0, 5, 1, -6, 3, -2, 2, -3, -2, -2, -5, -4, 5, -5, 0, -6, 5, -5, 6, 1, 0, -3, -4, -4, 4, -6, 0, -2, 3, -5, 0, -6, 5, -5, 4, -4, 3, 2, -1, 6, 6, -4, -6, 6, -2, -6, -1, -6, 4, -2, -5, -1, -4, 6, 2, -4, -5, 1, -5, -4, -1, -4, 4, -5, -4, -6, -1, 0, -6, 6, 5, 4, -2, 1, 4, 3, -3, 4, -5, -3, -5, 5, -6, 6, -1, 2, -6, -2, -4, -6, -2, -6, -2, -3, 2, -3, -5, 5, -6, 5, -3, -6, 4, -6, -6, 3, -3, 1, 3, -1, -2]
 
1.815847702177424: [6, -3, -3, -1, 4, -6, -5, -2, 4, -4, 2, -6, -2, -6, -3, 5, -6, 0, 5, 1, -6, 3, -2, 2, -3, -2, -2, -5, -4, 5, -5, 0, -6, 5, -5, 6, 1, 0, -3, 1, -4, 4, 6, 0, 0, -1, -5, -4, 6, 5, -5, 4, -4, 3, 2, -1, 6, 6, -4, -6, 6, -2, -6, -1, -6, 4, -2, -5, -1, -4, 6, 2, -4, -5, 1, -5, -4, -1, -4, 4, -5, -4, -6, -1, 0, -6, 6, 5, 4, -2, 1, 4, 3, -3, 4, -5, -3, -5, 5, -6, 6, -1, 2, -6, -2, -4, -6, -2, -6, -2, -3, 2, -3, -5, 5, -6, 5, -3, -6, 4, -6, -6, 3, -3, 1, 3, -1, -2]
 
2.67417068779: [6, -3, -3, -1, 4, -6, -5, -2, 4, -4, 2, -6, -2, -6, -3, 5, -6, 0, 5, 1, -6, 3, -2, 2, -3, -2, -2, -5, -4, 5, -5, 0, -6, 5, -5, 6, 1, -5, 1, -4, -1, -2, -1, 0, 2, -4, 1, 0, -6, 5, -5, 1, 1, 1, 6, -4, -5, 5, -4, -1, 3, 4, 0, 3, 3, 5, 1, -6, -4, -5, 1, -3, 1, 3, 1, -5, 4, -1, -4, 4, -1, -4, -6, 4, 6, -5, -2, 3, 4, -4, 4, 6, -5, 6, 6, -5, -3, -5, 4, -6, 6, -1, 2, -6, -1, -1, -6, -2, -6, 2, -3, 2, 2, 0, -3, 1, 2, -3, 0, 4, -6, 4, -3, -2, 4, 3, -2, 1]
 
0.825968581961: [6, -3, -2, -2, 1, 0, -4, -2, 1, -4, 2, -6, 6, -2, 2, 1, 6, -6, 5, 3, -6, 3, -1, 2, -3, -5, -2, -5, -4, -1, 4, 0, -6, 5, 4, 6, 2, -5, -5, 4, -4, 4, 4, 6, 0, 2, 1, 6, 4, 4, -5, -1, -6, -1, 2, 1, 2, 3, -2, 6, -5, 3, -6, 3, -3, 4, 3, 3, -5, 1, 6, 5, 3, -4, 4, -3, -5, 6, -6, 3, -3, 5, 0, -4, -3, -4, 6, 6, -1, -2, 1, 2, 3, -5, 4, -4, -3, 4, 4, -4, 0, -2, -4, -2, 1, 4, -2, 3, 2, 2, -3, 2, -1, -3, -4, -6, 1, -3, -2, 0, -2, -4, -3, -4, 4, -3, 6, -5]
 
1.4003910285: [5, -1, 4, -1, -3, 5, -6, -2, 2, -3, 3, 2, 4, -5, -5, 1, 0, 1, 4, 3, 6, -4, -2, -2, 1, -3, 5, -4, 1, -2, 5, -5, 4, -2, -1, -2, 1, 1, 3, -4, -4, 4, -6, 0, -2, 3, -5, -1, -6, 5, -5, 1, -4, 3, 0, -1, 6, 6, -4, -6, 6, -2, 0, 5, -6, -1, -2, -5, -4, -5, 6, -3, -6, -4, 1, -5, 4, -1, -4, 4, -5, -4, -6, 6, -3, -5, 5, 6, 4, -2, 0, -3, 6, 6, 4, -4, -6, -2, 4, -6, 6, -1, 0, 4, 4, 2, -3, -2, -6, 2, -2, 2, -3, 5, -3, -4, 1, 5, 6, 4, -6, 5, -3, -2, 0, 1, -4, 1]
 
2.04915159251: [6, -3, -3, 4, 0, -6, 6, -6, -5, 2, 3, 2, 4, 3, -5, 1, -4, 1, 4, -6, 5, 2, -2, 2, -3, -3, 3, -2, -4, 2, -2, 0, -6, 5, -5, 6, 1, -5, 1, -4, -1, 4, 6, 0, 0, -1, -5, -4, 6, 5, -5, 4, -4, 3, 2, -1, 6, 6, -4, -6, 6, -2, -6, -1, -6, 4, -2, -5, -1, -4, 6, 2, -4, -5, 1, -5, -4, -1, -4, 4, -5, -4, -6, -1, -3, -5, 5, 6, 4, -2, 0, -3, 6, 6, 4, -4, -6, -2, 4, -6, 0, 3, 4, 1, -4, -1, -6, -2, -6, 2, -3, 2, -3, 5, 5, -6, 2, -3, -2, 4, -6, -6, -3, -2, 4, 3, -1, 6]
 
2.8230474316: [6, -3, -3, -1, 4, -6, -5, -2, 4, -4, 2, -6, -2, -6, -3, 5, -6, 0, 5, 1, -6, 3, -2, 2, -3, -2, -2, -5, -4, 5, -5, 0, -6, 5, -5, 6, 1, 0, -3, 1, -4, 4, 6, 0, 0, -1, -5, -4, 6, 5, -5, 4, -4, 3, 2, -1, 6, 6, -4, -6, 6, -2, -6, -1, -6, 4, -2, -5, -1, -4, 6, 2, -4, -5, 1, -5, -4, -1, -4, 4, -5, -4, -6, -1, 0, -6, 6, 5, 4, -2, 1, 4, 3, -3, 4, -5, -3, -5, 5, -6, 6, -1, 2, -6, -2, -4, -6, -2, -6, 2, -3, 2, -3, 5, -3, 5, 2, -3, -2, 4, -6, 5, -3, -2, 4, 3, -1, 1]
 
1.79631800935: [6, -3, -1, 4, 0, -6, 6, -6, -5, 2, 3, 2, 4, 3, -5, 1, -4, 1, 4, -6, 5, 2, -2, -2, 1, -3, 5, -4, 1, -2, 5, -5, 4, -2, -1, -2, 1, 1, 3, -4, -4, 4, -6, 0, -2, 3, -5, 0, -6, 5, -5, 1, -4, 3, 0, -1, 6, 6, -4, -6, 6, -2, 0, 5, -6, -1, -2, -5, -4, -5, 6, -3, -6, -4, 1, -5, 4, -1, -4, 4, -5, -4, -4, -4, -2, -6, 6, 5, 4, -2, 1, 4, 3, 6, 4, -5, -3, -5, 4, -6, 6, -1, 2, -6, -2, -1, -6, -2, -6, -2, -3, 2, -3, -5, 5, -6, 5, -3, -6, 4, -6, -6, 3, -3, 1, 3, -1, -2]
 
1.49095243962: [1, -3, -3, -5, -2, 0, 1, -2, -5, -5, -6, 1, 4, 0, -4, -3, -2, 2, 5, 2, 5, 1, -2, -2, 1, 1, 6, -4, 1, -5, 5, -5, -5, -2, -1, 0, -2, 1, 3, -4, -6, 4, -6, 0, -5, 3, -2, -1, -6, -1, -5, 5, -4, 3, 0, -1, -4, 6, -4, -6, 6, 4, 0, 5, 6, 6, -3, 2, -4, -5, 6, -3, 5, -4, 0, -5, -2, -3, -4, 4, -5, -4, -6, 6, 6, -5, 5, 6, 4, -2, 5, -3, 6, -5, 4, -1, -6, 3, -1, -6, 6, -1, 0, 4, 4, 1, -3, -6, 3, 1, -2, -2, -3, 4, -3, -4, 1, -6, 6, 4, -6, 5, -3, -2, 4, -2, -4, 1]
 
1.21643003854: [6, -3, -3, 4, 0, -6, 6, -6, -5, 2, 3, 2, 4, 3, -5, 1, -4, 1, 4, -6, -5, 4, -5, 2, -3, 0, 1, -5, -4, 3, -4, -2, -6, 3, -2, -6, 6, -5, 1, 2, -3, -4, -1, 1, 2, 6, -3, -4, 4, 4, 4, -1, -5, 2, -1, -6, -2, 4, -4, 0, 6, -6, 0, 6, 2, -1, 4, -5, -3, 6, -2, -3, 1, 3, 4, 1, 5, -4, -1, 1, 3, 1, 1, -2, -2, -6, 0, 0, -6, 3, 1, -3, 6, 6, 4, -4, 5, -2, 5, -6, 0, 3, 5, 1, -4, -1, -6, -2, -6, -4, -3, 2, -3, -5, 6, -6, -2, 5, -4, 4, -6, -6, 6, 6, 4, 3, 0, 0]
 
0.444366110887: [6, -3, -3, -1, 4, -6, -5, -2, 4, -4, 2, -6, -2, -6, -3, 5, -6, 0, 5, 1, -6, 3, -2, 2, -3, -2, -2, -5, -4, 5, -5, 4, 3, 0, -2, 6, 1, 0, -3, 1, -4, -2, -1, 0, 2, -4, 1, 0, 4, 4, 4, -1, -5, 2, -1, -6, -2, 4, -4, 0, 6, -6, 0, 6, 2, -1, 4, -5, -3, 6, -2, -3, 1, 3, 4, 1, 5, -4, -1, 1, 3, 1, 1, -2, -2, -6, 0, 0, -6, 3, 1, -3, 6, 6, 4, -4, 5, -2, 5, -6, 0, 3, 5, 1, -4, -1, -6, -2, -6, -4, -3, 2, -3, -5, 6, -6, -2, 5, -4, 4, -6, -6, 6, 6, 4, 3, 0, 0]
 
1.26816250526: [1, -3, -3, -1, -2, 0, -2, -2, 0, -4, -6, -6, 4, 0, -4, -3, 6, 3, 5, 2, -5, 4, -5, 2, -3, 0, 1, -5, -4, 3, -4, -2, -6, 3, -2, -6, 6, -5, 1, 2, -3, -4, -1, 1, 2, 6, -3, -4, -6, 5, -5, 1, -4, 3, 0, -1, 6, 6, -4, -6, 6, -2, 0, -6, -3, -5, 3, -6, 6, -2, 6, -3, -3, 5, -2, 6, 4, -1, -4, 4, -5, -4, -4, -4, -2, -6, 6, 5, 4, -2, 1, 4, 3, 6, 4, -5, -3, -5, 4, -6, 6, -1, 2, -6, -2, -1, -6, -2, -6, 2, -3, 2, -3, 5, -3, 5, 2, -3, 0, 4, -6, 4, -3, -2, 4, 3, -2, 1]
 
1.02608035451: [5, -1, 4, -1, -3, 5, -6, -2, 2, -3, 3, 2, 4, -5, -5, 1, 0, 1, 4, 3, 6, -4, -2, -2, 1, -3, 5, -4, 1, -2, 5, -5, 4, -2, -1, -2, 1, 1, 3, -4, -4, 4, -6, 0, -2, 3, -5, -1, -6, 5, -5, 1, -4, 3, 0, -1, 6, 6, -4, -6, 6, -2, 0, 5, -6, -1, -2, -5, -4, -5, 6, 2, -4, -5, 1, -1, -4, -1, -4, 2, 4, -4, -6, 6, 0, -6, 6, 5, 3, -2, 1, -4, 5, -3, 4, -5, 6, -5, -4, -6, -1, -1, 5, -6, -2, -1, -6, -2, -6, 2, -3, 2, 1, 4, -3, 5, 2, -4, -6, -4, -2, -2, 5, 0, 4, 3, -1, 1]
 
2.20210505499: [4, -1, 4, -1, -3, 5, -3, 0, 2, -3, 3, -1, 4, 4, -5, 1, -4, -3, 4, 4, 3, -4, -6, -4, -3, 4, 3, -2, 0, 2, -2, -4, -6, 0, -2, -2, 1, 0, 1, 1, -4, 4, -1, 1, 0, 3, -3, -4, 6, 3, -5, 4, 2, -3, 2, -6, 6, 6, 0, -6, 6, -2, -6, -1, -6, 4, -6, -5, -6, -4, 1, -3, -6, -4, 1, -5, 4, -1, -4, 4, -5, -4, -6, 6, -3, -5, 5, 6, 4, -2, 0, -3, 6, 6, 4, -4, -6, -2, 4, -6, 6, -1, 0, 4, 4, 2, -3, -2, -6, 2, -2, 2, -3, 5, -3, -4, 1, 5, 6, 4, -6, 5, -3, -2, 0, 1, -4, 1]
 
2.08588691966: [6, -3, -3, 4, 0, -6, 6, -6, -5, 2, 3, 2, 4, 3, -5, 1, -4, 1, 4, -6, 5, 2, -2, -2, 1, -3, 5, -4, 1, -2, 5, -5, 4, -2, -1, -2, 1, 1, 3, -4, -4, 4, -6, 0, -2, 3, -5, -1, -6, 5, -5, 1, -4, 3, 0, -1, 6, 6, -4, -6, 6, -2, 0, 5, -6, -1, -2, -5, -4, -5, 6, -3, -6, -4, 1, -5, 4, -1, -4, 4, -5, -4, -6, 6, -3, -5, 5, 6, 4, -2, 0, -3, 6, 6, 4, -4, -6, -2, 4, -6, 6, -1, 0, 4, 4, 2, -3, -2, -6, 2, -2, 2, -3, 5, -3, -4, 1, 5, 6, 4, -6, 5, -3, -2, 0, 3, -1, 1]
 
0.781082169073: [-5, -1, 4, -1, 1, 2, 6, -2, 2, -1, 3, 2, 4, 1, -5, 1, 0, 0, 4, 4, 6, -4, -4, -2, 1, -3, 5, -1, 4, -2, 0, -5, -5, 1, -4, -2, 2, -1, 3, -4, -4, 2, -6, 0, -2, 1, -5, -1, -6, 5, -5, 1, -4, -6, 0, -1, 6, 6, 0, -6, 2, -6, -6, 5, -6, -1, -2, -5, -4, 3, 6, 2, -4, 2, 1, -1, -5, -1, -4, 1, 4, -4, -6, 6, 0, -4, 6, 5, 3, -2, 5, -4, 5, 0, 1, -5, -5, -5, 5, -6, -1, -1, 5, -3, -2, -6, -6, -1, -6, 2, 5, 5, -2, 4, 5, 5, -2, -4, -6, -4, -2, 1, -6, 0, 6, 2, -4, -1]
 
2.85784714684: [4, 1, -3, 3, 2, -6, -5, 2, -6, 2, 5, 1, -6, -2, -1, 4, -6, -2, -2, -6, -1, -5, 4, 5, 1, 3, 5, -4, 0, 0, 4, -5, 4, -2, 3, 0, -6, 4, 6, 2, -4, -2, 4, 6, 4, 2, 1, -1, -6, 4, -5, -1, -4, 6, 4, -6, 6, -5, -4, -5, 2, -4, -3, -6, -2, -5, 3, -6, 6, 6, 6, 5, -5, 5, -2, 6, -5, 6, -6, 3, 1, 5, -4, -4, 4, -4, 6, 5, -1, -2, 1, 4, 3, 1, 6, -5, -3, -5, 4, -6, 6, -1, 2, -6, -1, -1, -6, -2, -6, 2, -3, 2, 2, 0, -3, 1, 2, -3, 0, 4, -6, 4, -3, -2, 4, 3, -2, 1]
 
0.800084254661: [3, -5, -6, -2, 1, -3, 1, -2, 1, -4, 5, -6, 1, 6, -1, -6, 2, 1, 5, 1, -6, -6, -2, -1, -3, 3, 0, -5, 4, 5, -5, 0, 5, -3, 4, 6, 5, -5, 1, -5, -4, 4, 4, 6, 2, 2, 1, -4, 6, 4, -2, -4, 0, -4, 2, -1, 1, 3, -4, -1, -5, 1, -6, -6, 6, 4, 1, 3, -4, -6, 6, -1, 4, 6, -4, -5, -6, 2, 2, -4, 0, 5, 2, -4, -2, 5, 6, 5, 5, 2, 1, 4, 3, 6, 4, 6, 2, 3, -6, -6, 2, -4, 1, -6, 0, -3, -6, 6, -3, 2, -3, 5, -3, 3, -5, 5, 2, -3, 0, 4, -6, 1, 6, 6, 4, -5, -2, 2]
 
2.09655264935: [4, -1, 4, -1, -3, 5, -3, 0, 2, -3, 3, -1, 4, 4, -5, 1, -4, -3, 4, 4, 3, -4, -6, -4, -3, 4, 3, -2, 0, 2, -2, -4, -6, 0, -2, -2, 1, 0, 1, 1, -4, 4, -1, 1, 0, 3, -3, -4, 6, 3, -5, 4, 2, -3, 2, -6, 6, 6, 0, -6, 6, -2, -6, -1, -6, 4, -6, -5, -6, -4, 1, -3, -6, -4, 1, -5, 4, -1, -4, 4, -5, -4, -6, 6, -3, -5, 5, 6, 4, -2, 0, -3, 6, 6, 4, -4, 6, -5, -4, -6, -1, -1, 5, -6, -2, -1, -6, -2, -6, 2, -3, 2, 1, 4, -3, 5, 2, -4, -6, -4, -2, -2, 5, 0, 4, 3, -1, 1]
 
2.51046055716: [4, -1, 4, -1, -3, 5, -3, 0, 2, -3, 3, -1, 4, 4, -5, 1, -4, -3, 4, 4, 3, -4, -6, -4, -3, 4, 3, -2, 0, 2, -2, -4, -6, 0, -2, -2, 1, 0, 1, 1, -4, 4, -1, 1, 0, 3, -3, -4, 6, 3, -5, 4, 2, -3, 2, -6, 6, 6, 0, -6, 6, -2, -6, -1, -6, 4, -6, -5, -6, -4, 1, 2, -4, -5, 1, -1, -4, -1, -4, 2, 4, -4, -6, 6, 0, -6, 6, 5, 3, -2, 1, -4, 5, -3, 4, -5, -6, -2, 4, -6, 6, -1, 0, 4, 4, 2, -3, -2, -6, 2, -2, 2, -3, 5, -3, -4, 1, 5, 6, 4, -6, 5, -3, -2, 0, 1, -4, 1]
 
0.5940471671: [3, 1, -6, 4, 1, 2, -6, 3, -6, 2, -6, 3, 3, -1, -5, 1, -5, -4, 1, 1, -2, 3, 3, 3, -3, 0, 6, -5, 3, 4, 3, 0, 4, 5, 4, 3, 0, -6, 6, -5, 2, -5, 0, -6, 2, -3, -4, 6, -6, -2, -5, -4, 1, 3, -4, 4, -5, 1, -4, -5, 1, -3, -2, 6, 1, 0, 2, -3, -1, 6, 3, -3, -3, -4, -5, 3, 1, 3, -3, 4, 0, -1, -6, 6, 4, -3, 6, 6, 4, -4, 6, -2, -2, 4, 6, -5, -3, -5, 4, -2, -6, -1, 5, 3, -1, -1, -6, -2, -6, 1, -3, 2, 2, 0, 5, 1, 5, 4, 1, 4, -6, 4, -4, -2, 2, 3, -2, 1]
 
1.62513365977: [4, 1, -3, 0, -6, -6, 6, -6, -5, 2, 3, 3, -5, 2, -5, 1, 6, -4, -3, -6, 5, -1, -2, -2, 1, -3, 5, 0, 2, 5, 5, -5, 4, -2, -1, -2, 1, -1, 3, -4, -4, 4, 5, 6, -2, -3, -5, -4, 4, 4, -5, -4, -6, -1, 2, -1, 6, 3, -2, -1, -5, 1, -6, -6, -3, 4, 3, 3, 6, 6, 6, 5, -5, 5, -2, 6, -5, 6, -6, 3, 1, 5, -4, -4, 4, -4, 6, 5, -1, -2, 1, 4, 3, 6, 4, -4, -1, -6, 2, 0, -3, 6, 4, 2, -5, -1, 1, -2, 0, 1, 0, 4, -3, 5, 0, 1, 2, 1, 2, 4, -6, -6, -4, -2, 1, 3, 0, 4]
 
2.18486788329: [6, -3, -3, 4, 0, -6, 6, -6, -5, 2, 3, 2, 4, 3, -5, 1, -4, 1, 4, -6, 5, 2, -2, 2, -3, -3, 3, -2, -4, 2, -2, 0, -6, 5, -5, 6, 1, -5, 1, -4, -1, 4, 6, 0, 0, -1, -5, -4, 6, 5, -5, 4, -4, 3, 2, -1, 6, 6, -4, -6, 6, -2, -6, -1, -6, 4, -2, -5, -1, -4, 6, 2, -4, -5, 1, -5, -4, -1, -4, 4, -5, -4, -6, -1, -3, -5, 5, 6, 4, -2, 0, -3, 6, 6, 4, -4, -6, -2, 4, -6, 0, 3, 4, 1, -4, -1, -6, -2, -6, 2, -3, 2, -3, 5, 5, -6, 2, -3, -2, 4, -6, 4, -3, -2, 4, 3, -2, 1]
 
1.04699274503: [-1, 4, 4, -1, 3, -6, 4, -2, 4, -4, 5, -6, -2, -6, 3, 4, 3, -4, 3, -3, -4, 3, -2, 2, -3, -2, 0, -5, -4, -4, -5, 4, 3, 0, -2, 4, 1, 0, -5, -6, 3, -5, -1, 6, 2, 2, 1, 0, 3, 5, -5, 1, -4, 3, 0, -1, 6, 6, 2, -6, 5, -3, 0, -2, -3, -5, 3, -6, 0, -3, 6, -3, 3, -3, -2, -5, 3, -1, -4, 4, -5, -4, -5, -4, -2, -6, -1, 5, 4, 2, 1, 1, 3, 6, 4, -5, -3, -5, 4, -5, -2, 6, 2, 5, -4, 2, -2, -2, -6, 2, -3, 4, -3, 5, -3, 5, 1, -3, 0, 4, -4, 0, -3, -2, 4, -4, -1, 6]
 
0.475888049004: [5, -1, 4, -1, -3, 5, -6, -2, 4, -4, 2, -6, -2, -6, -3, 5, -6, 0, 5, 1, -6, 3, -2, 2, -3, -2, -2, -5, -4, 5, -5, 0, -6, 5, -5, 6, 1, 6, -3, 3, -6, 0, -6, -5, 0, 0, 4, -1, -6, 4, -5, 4, 3, -3, 4, 2, 6, 6, -4, 0, 6, -6, 0, 6, 2, -1, 4, -5, -3, 6, -2, -3, 1, 3, 4, 1, 5, -4, -1, 1, 3, 1, 1, -2, -2, -6, 0, 0, -6, 3, 1, -3, 6, 6, 4, -4, 5, -2, 5, -6, 0, 3, 5, 1, -4, -1, -6, -2, -6, -4, -3, 2, -3, -5, 6, -6, -2, 5, -4, 4, -6, -6, 6, 6, 4, 3, 0, 0]
 
0.480279873597: [6, -3, -3, 4, 3, -6, -4, -6, -5, 5, 3, -2, 4, -2, -5, 1, -4, 1, 4, -6, 6, -6, -5, 2, -3, 0, 1, 0, -4, 3, -6, -2, 0, -4, -4, 3, 6, -5, 1, 2, -3, -5, -1, 5, -2, 2, -3, -4, 4, 5, 4, 1, -4, 2, -3, -6, -2, 4, -2, -3, 6, -2, 0, 5, 6, -1, -2, 1, -3, -1, -2, 0, -3, -4, -4, 6, 5, 4, -4, -5, 1, -3, 1, -2, 2, -6, 5, 5, 2, -6, 1, 6, 2, 2, -3, -5, -3, 2, -5, -6, 6, -1, 2, 1, -2, 6, -3, -2, 0, 2, -3, 2, -3, 5, 1, -6, 2, -4, 5, 0, -6, -6, -6, -2, 4, 4, -1, 4]
 
1.82636486477: [5, -1, 4, -1, -3, 5, -6, -2, 2, -3, 3, 2, 4, -5, -5, 1, 0, 1, 4, 3, 6, -4, -2, 2, -3, -3, 3, -2, -4, 2, -2, 0, -6, 5, -5, 6, 1, -5, 1, -4, -1, 4, 6, 0, 0, -1, -5, -4, 6, 5, -5, 4, -4, 3, 2, -1, 6, 6, -4, -6, 6, -2, -6, -1, -6, 4, -2, -5, -1, -4, 6, 2, -4, -5, 1, -5, -4, -1, -4, 4, -5, -4, -6, -1, -3, -5, 5, 6, 4, -2, 0, -3, 6, 6, 4, -4, -6, -2, -4, -6, -1, 1, 6, -6, 4, 6, 6, 3, 4, 4, -1, 2, -3, -4, 1, 3, -5, 4, -5, -3, -4, -6, -3, 3, -1, -2, -1, 4]
 
1.35269414124: [6, -3, 4, -1, 4, -6, -5, -2, 4, -4, 2, -6, -6, -6, 4, 5, -6, 0, 5, -3, 2, 3, -6, -4, 6, 2, -2, -5, -4, 5, -1, 6, -6, 5, 4, 6, 1, 0, -3, 4, 0, -3, -1, 5, -1, -1, -4, -4, -2, -1, -5, 4, -4, 3, 0, 2, -5, 6, -6, -6, 0, -2, 0, 1, 4, -6, -2, 6, -3, 0, -2, -5, -3, -1, -4, 6, 1, 6, -4, 3, -2, 5, -1, -2, 5, -6, -1, -5, 3, -5, 1, 5, -2, -1, -5, -5, -3, 2, 4, -6, 0, 3, 4, 1, -4, -1, -6, -2, -6, 2, -3, 2, -3, 5, 5, -6, 2, -3, -2, 4, -6, -6, -3, -2, 4, 3, -1, 6]
 
2.20446193727: [6, -3, -3, -1, 4, -6, -5, -2, 4, -4, 2, -6, -2, -6, -3, 5, -6, 0, 5, -1, -4, 2, 2, 1, -2, -4, -5, 3, 4, -3, -1, 0, -2, -5, -5, -2, -1, 2, 5, -4, -1, 5, -6, 5, -1, 3, 5, 6, -6, 5, -5, 2, 1, 3, 2, -2, -4, -6, 5, -6, 4, -1, -3, -1, 0, -1, -2, -3, -6, 5, -4, 5, -3, -5, 3, -5, 1, -5, 2, 3, 1, 5, 2, -4, -2, -6, 4, 4, 4, 3, -6, 4, -1, 6, 4, 1, -3, -5, -1, -6, 6, -1, 1, -6, -2, -1, -6, 0, -6, -4, 0, 2, -4, 5, -3, 5, 2, -3, -2, 4, -6, 5, 4, -2, 4, 3, -1, 1]
 
1.74705901415: [5, 4, 3, 3, 0, -1, -1, 4, 4, -4, -1, -6, 3, -3, 2, 4, 5, -1, 2, 1, -6, 3, -2, 2, -3, -2, -2, -5, -4, 5, -5, 0, -6, 5, -5, 6, 1, -5, 1, -4, -1, -2, -1, 0, 2, -4, 1, 0, -6, 5, -5, 1, 1, 1, 6, -4, -5, 5, -4, -1, 3, 4, 0, 3, 3, 5, 1, -6, -4, -5, 1, -3, 1, 3, 1, -5, 4, -1, -4, 4, -1, -4, -6, 4, 6, -5, -2, 3, 4, -4, 4, 6, -5, 6, 4, -5, -3, -5, 4, -6, 6, -1, 2, -6, -2, -1, -6, -2, -6, 2, -3, 2, -3, 5, -3, 5, 2, -3, -2, 4, -6, 5, -3, -2, 4, 3, -1, 1]
 
1.88741262644: [1, 5, -1, -1, -4, 5, -5, -2, 4, 3, 0, -6, 4, -6, -1, -6, -1, 6, 0, 1, -6, -3, -2, 2, -3, 6, 5, -5, 0, 5, -5, -5, -6, -5, 4, 6, 2, -5, 2, 3, 6, 0, -6, -5, 0, 0, 4, -3, -6, 4, -5, 4, 3, -3, 6, 2, 6, 6, -4, -6, 6, -2, -3, 5, -6, 0, -2, -5, -3, 0, -2, -3, -3, -4, -4, 6, 1, 6, -1, -4, 5, -3, -6, 6, -3, -5, 5, 6, 4, -2, 0, -3, 6, 6, 4, -4, -6, -2, 4, -6, 6, -1, 0, 4, 4, 2, -3, -2, -6, 2, -2, 2, -3, 5, -3, -4, 1, 5, 6, 4, -6, 5, -3, -2, 0, 1, -4, 1]
 
0.343190122874: [1, -2, -3, 2, 0, 0, -6, -2, -3, -6, -6, -6, -2, 2, -1, 2, -1, 3, 5, -1, 1, 4, -2, -3, 1, 0, 1, -4, -5, -6, -3, -6, 5, 2, 1, -2, -1, -4, -1, -4, 3, 4, -2, -2, 6, 3, -5, -1, -5, -6, -5, 1, -4, -3, -5, 0, -6, 1, -4, -6, 1, -2, 5, -2, -6, -1, -2, -2, -1, -2, 6, -4, -6, -4, 1, -5, 6, 1, -4, 4, -3, 3, -2, -2, -1, -6, 0, -3, -1, -5, 1, 3, 5, 4, 4, -6, -3, -1, -6, -6, 5, 5, -1, -1, -2, 5, -6, -5, -2, 6, 6, 0, -1, 3, 1, -6, 4, -3, 1, -3, 5, 1, -4, 2, 3, 1, -1, -6]
 
1.77877561433: [6, -3, -3, -1, 4, -6, -5, -2, 4, -4, 2, -6, -2, -6, -3, 5, -6, 0, 5, 1, -6, 3, -2, 2, -3, -2, -2, -5, -4, 5, -5, 4, 3, 0, -2, 6, 1, 0, -3, 1, -4, -2, -1, 0, 2, -4, 1, 0, 4, 4, 4, -1, -5, 2, -1, -6, -2, 4, -4, 0, 6, -6, 0, 6, 2, -1, 4, -5, -3, 6, -2, -3, -4, -5, 1, -5, -4, -1, -4, 4, -5, -4, -6, -1, 0, -6, 6, 5, 4, -2, 1, 4, 3, -3, 4, -5, -3, -5, 5, -6, 6, -1, 2, -6, -2, -4, -6, -2, -6, -2, -3, 2, -3, -5, 5, -6, 5, -3, -6, 4, -6, -6, 3, -3, 1, 3, -1, -2]
 
0.489540651518: [6, -3, -3, -1, 4, -6, -5, -2, 4, -4, 2, -6, -2, -6, -3, 5, -6, 0, 5, 1, -6, 3, -2, 2, -3, -2, -2, -5, -4, 5, -5, 0, -6, 5, -5, 6, 1, 0, -3, -4, -4, 4, -6, 0, -2, 3, -5, 0, -6, 5, -5, 4, -4, 3, 2, -1, 6, 6, -4, -6, 6, -2, -6, -1, -6, 4, -2, -5, -1, -4, 6, 2, 1, 3, 4, 1, 5, -4, -1, 1, 3, 1, 1, -2, -2, -6, 0, 0, -6, 3, 1, -3, 6, 6, 4, -4, 5, -2, 5, -6, 0, 3, 5, 1, -4, -1, -6, -2, -6, -4, -3, 2, -3, -5, 6, -6, -2, 5, -4, 4, -6, -6, 6, 6, 4, 3, 0, 0]
 
