3.1439732638192037: [6, 6, 5, -3, 0, -6, 4, -2, 4, -4, -6, 6, 3, 2, 0, 1, 3, 4, 0, -5, -1, 5, 1, 6, -2, -6, 4, -5, 6, 4, 5, 0, -6, -5, -1, -2, 5, 1, 3, -2, -5, 4, -2, -6, 3, 1, -1, -3, -5, 6, 4, -1, -4, 3, -2, 6, -6, -4, 5, -2, -3, -2, 0, 5, -6, -6, -4, -2, -4, -1, 6, 5, 5, -4, 5, -5, 3, 3, 4, -2, -6, 6, 3, -5, 6, 5, -3, 2, 0, -1, 5, 5, 3, -1, 3, -5, -1, -2, -5, -6, 5, -2, 3, -1, -6, -2, -6, 6, 4, -3, 4, 1, 0, 4, 6, -1, -4, -6, 6, -5, -1, 6, 4, -6, -5, -4, -6, -6]
 
0.964515533832737: [-1, -3, -6, 6, 6, -6, -6, -2, 3, -6, 2, -1, -5, -4, 4, 1, -5, 4, 0, -5, -1, 5, 1, 6, -2, -6, 4, -5, 6, 4, 5, 0, -6, -5, -1, -2, 5, 1, 3, -2, -5, 4, -2, -6, 3, 1, -1, -3, -5, 6, 4, -1, -4, 3, -2, 6, -6, -4, 5, -2, -3, -2, 0, 5, -6, -6, -4, -6, -4, -1, 0, 5, 5, -5, 5, 1, -3, 3, 1, -5, 3, -5, 3, 4, 6, 5, -1, 2, 0, 1, 5, 5, 3, -1, 4, -4, -2, -3, -1, 4, -2, -6, 2, -5, -4, 2, 0, 4, 4, -1, -3, -1, 6, -2, 0, -4, -6, 2, 2, 6, -2, -1, 3, 0, 1, -2, 1, -3]
 
1.29918313335: [0, -3, -6, -5, -6, -6, -6, 2, 3, -6, 0, -1, -5, -4, 5, 1, -5, 4, -2, 2, 0, 5, 1, 6, -6, 0, 4, -5, 6, 4, 5, -3, -3, -5, 3, -2, 3, 1, 3, -4, 0, 4, -2, -6, 3, 1, -1, -3, -6, 6, 5, -6, -4, 3, 6, 1, -2, -4, -6, 3, -6, 6, 6, -4, -2, 4, -4, -2, -5, -5, 3, 5, 5, 4, -5, -5, 3, 5, 2, -2, 0, 6, 3, -5, 6, -4, -3, 2, 0, -1, 5, 5, 1, -1, -4, -5, -1, -2, 3, -6, 5, -2, 2, 0, -6, -6, -6, 2, 4, -3, -3, 2, 4, 5, -3, 4, 6, 1, -1, -3, -6, 0, -6, 2, 0, -2, 5, -3]
 
0.7960271169048498: [0, -3, 0, 3, 6, 0, -6, -2, 3, 6, 2, -5, 1, -2, 1, -2, -6, 4, -1, 3, -1, -4, 6, -1, -2, -3, -6, 4, -4, 5, 1, -6, -6, 6, -1, 5, 5, -2, 3, 2, -4, 3, -1, 1, 3, 0, 4, -4, -6, 0, 4, -3, 2, 2, -3, 5, -6, -5, 5, -2, -3, -2, 0, 5, -2, 5, 3, 1, -4, -2, 6, 5, -2, -3, -1, 0, 2, 2, -5, -2, 4, -3, 2, 4, 0, 5, 1, 1, -4, 6, 6, 6, 5, 6, 4, -4, -2, -3, 0, 4, -2, 4, -1, 5, -4, 2, 0, 4, 4, -4, -3, 2, 6, 0, -2, 4, -6, -3, 0, -3, -6, -3, -1, 2, -3, -2, 5, -3]
 
0.9186818898: [6, 3, 4, -3, 0, -6, 4, 0, 4, -4, 3, -6, 5, 2, 0, -1, 3, 2, -1, 0, -6, 5, -5, 6, -2, -6, 0, 3, 6, 4, -4, 0, -6, -5, -6, -2, 5, -5, 3, -2, -5, 4, -2, -6, -2, 5, -4, 2, -5, -1, 3, -1, -4, 3, -2, -6, -6, -4, 1, -2, -2, -2, 0, 5, -6, 0, -6, -2, -4, 1, 6, -4, -1, 5, 5, -6, -5, 3, 4, -2, -6, 6, 2, 6, 6, 5, 2, 2, 0, -1, 5, 5, 3, 4, 3, -5, 4, -2, 2, -6, 5, -2, 3, -1, -6, -2, 1, -6, 4, -3, 4, 6, 3, 4, -2, -1, -4, -6, 1, -5, -1, -6, 4, -6, -5, -2, -6, 6]
 
1.5937008721719845: [0, -3, -5, 3, 6, -6, -6, -2, 3, -6, 2, -1, -5, -4, 4, 1, -5, 4, 0, -5, -1, 5, 1, 6, -2, -6, 4, -5, 6, 4, 5, 0, -6, -5, -1, -2, 5, 1, 3, -2, -5, 4, -2, -6, 3, 1, -1, -3, -6, 6, 4, -6, -4, 3, 6, 1, 1, -4, 5, -6, -6, -2, 6, 1, -6, 4, -4, 3, -5, -5, 3, 5, 5, -1, 5, -5, 3, 3, 4, -2, -6, 6, 3, -5, 6, 5, -3, 2, 0, -1, 5, 5, 3, -1, 3, -5, -1, -2, -5, -6, 5, -2, 3, -1, -6, -2, -6, 6, 4, -3, -3, -6, 6, -4, -3, -4, -2, -4, 0, 5, 3, 3, -3, -5, -2, 2, 5, 5]
 
1.9861526105690765: [1, -5, -3, -3, 0, -6, 4, -2, 4, -4, -6, 6, 3, 2, 0, 1, 3, 4, 0, -5, -1, 5, 1, 6, -2, -6, 4, -5, 6, 4, 5, 0, -6, -5, -1, -2, 5, 1, 3, -2, -5, 4, -2, -6, 3, 1, -1, -3, -5, 6, 4, -1, -4, 3, -2, 6, -6, -4, 5, -2, -3, -2, 0, 5, -6, -6, -4, -2, -4, -1, 6, 5, 5, -4, 5, -5, -4, 3, 6, -2, 1, -3, -4, 0, 1, 5, -3, -5, -3, 0, 3, 4, 5, 3, 2, -4, -2, -1, -6, 1, -4, 4, 2, 5, -4, 2, 0, 3, -6, 2, -3, 4, 6, 5, -3, 4, 6, -3, 0, 1, -6, 0, -5, -4, 0, 1, 5, 6]
 
2.370062445448587: [-5, -1, 0, 4, 4, -6, -6, -2, 4, -4, 2, -6, 2, -5, 4, 1, 0, 0, 2, 0, 4, -4, 3, -2, 1, 0, 5, 4, -3, 4, 6, 2, -2, 2, -5, 4, 2, -5, -1, -1, 0, -2, -1, 5, 6, 1, 6, 0, -6, 6, -5, -1, 6, 1, -1, -6, -2, 1, 6, -4, -6, 6, 0, 4, -2, 6, -4, 6, -6, -4, 6, -4, -3, 5, 2, -4, 5, 6, -3, 2, -4, -5, -4, -6, 5, -5, -4, -6, -6, 2, 6, 5, -5, -5, -2, 1, 0, 2, 6, 3, 6, -1, 5, -4, 6, -6, -1, 2, -2, 2, -3, 5, 6, 5, 5, -1, 6, -4, -3, -2, -4, 1, -6, -1, -5, 5, -1, 0]
 
0.767821391691: [1, -5, 0, -1, -5, -6, -6, -5, 2, -4, -2, 5, -6, 2, 1, 1, -5, -1, 0, -5, 0, 0, 1, 6, -6, -3, 2, 2, -6, 5, -5, -6, -6, -3, 4, 3, 5, 5, 3, -6, 0, -2, -2, 1, 3, 1, -5, 6, 2, 1, 4, -3, 5, -3, -3, -4, -6, 4, 5, -2, -3, -2, 0, 0, -4, -6, 5, -2, -4, -2, 6, 5, 5, -6, 5, -3, -2, 3, 6, -2, 3, 1, -4, -2, 3, -5, 1, -6, -4, 4, 2, 6, -6, -3, 4, -6, 0, -3, -1, 4, -2, -2, -5, -5, -4, 2, 0, 4, 4, -1, -3, -1, 6, -5, 2, -1, -6, 3, 2, 5, -2, 2, 3, -6, 0, -2, 5, 5]
 
0.962714636659: [4, -5, -4, 5, -5, 4, -6, -2, 4, 5, 1, -2, -3, 2, 4, 1, 0, 1, -1, 6, 3, 2, 3, 3, 2, -6, 4, 0, -5, 2, -2, -4, 3, -2, -5, 5, 1, -6, 3, 2, -4, 5, -6, -3, -6, 0, 2, 6, 3, 0, 3, 5, -6, 5, -2, 6, -6, 0, 5, -6, -1, 0, 6, 1, 4, -6, -4, -2, -4, 3, -5, 3, 5, -6, -2, 4, 3, 4, 6, 1, 0, 3, -4, -6, -6, -1, 0, -6, -4, 6, -3, 6, 5, -3, 0, 1, -2, 5, 5, 4, 0, 3, -1, -5, -4, 2, 0, 4, 3, 3, -5, 4, -4, 2, 1, 4, -5, -4, -3, 2, 2, 5, 0, 5, -5, -6, 3, 6]
 
2.0850178420963914: [6, 6, 5, -3, 0, -6, 4, -2, 4, -4, -6, 6, 3, 2, 0, 1, 3, 4, 0, -5, -1, 5, 1, 6, -2, -6, 4, -5, 6, 4, 5, 0, -6, -5, -1, -2, 5, 1, 3, -2, -5, 4, -2, -6, 3, 1, -1, -3, -5, 6, 4, -1, -4, 3, -2, 6, -6, -4, 5, -2, -3, -2, 0, 5, -6, -6, -4, -2, -4, -1, 6, 5, 5, -4, 5, -5, -4, 3, 6, -2, 1, -3, -4, 0, 1, 5, -3, -5, -3, 0, 3, 4, 5, 3, 2, -4, -2, -1, -6, 1, -4, 4, 2, 5, -4, 2, 0, 3, -6, 2, -3, 4, 6, 5, -3, 4, 6, -3, 0, 1, -6, 0, -5, 2, 0, -2, 5, -3]
 
2.6780469739583554: [0, -3, -5, 3, 6, -6, -6, -2, 3, -6, 2, -1, -5, -4, 4, 1, -5, 4, 0, -5, -1, 5, 1, 6, -2, -6, 4, -5, 6, 4, 5, 0, -6, -5, -1, -2, 5, 1, 3, -2, -5, 4, -2, -6, 3, 1, -1, -3, -6, 6, 4, -6, -4, 3, 6, 1, 1, -4, 5, -6, -6, -2, 6, 1, -6, 4, -4, 3, -5, -5, 3, 5, 5, -1, 5, -5, 3, 3, 4, -2, -6, 6, 3, -5, 6, 5, -3, 2, 0, -1, 5, 5, 3, -1, 3, -5, -1, -2, -5, -6, 5, -2, 3, -1, -6, -2, -6, 6, 4, -3, 4, 1, 0, 4, 6, -1, -4, -6, 6, -5, -1, 6, 4, -6, -5, -4, -6, -6]
 
0.4379004152252477: [-5, -5, -3, 6, 3, 3, 2, -3, 3, 6, 3, 6, 6, -3, 4, -5, -5, -4, 3, -5, 6, 3, 1, 6, -2, 0, 1, 2, 4, 4, -4, 0, -6, 5, 0, -2, 5, -4, 3, -2, -5, 4, 0, 3, 5, -4, -1, -5, -5, 6, 6, -1, -3, 4, 5, -6, 4, 4, -1, -3, 4, -1, 5, 5, -4, 6, -3, -1, -6, 2, 6, -5, 5, -3, 1, -2, 2, 4, -3, 5, -1, -3, -4, -6, 3, 2, 1, -6, 1, 0, 6, -1, 5, 2, 4, -4, -2, -3, -1, 4, -2, -6, 2, -5, 5, 0, 0, 4, 4, -1, -3, -2, 6, 2, -2, 4, 1, -3, 0, -1, -4, 0, 3, 2, 3, 6, -5, 2]
 
1.253824796667837: [6, -3, -4, 3, 6, -6, -6, -2, 5, -6, 2, 1, 6, -4, 4, 2, 1, 2, 0, -4, -6, 5, 1, 6, -2, -6, 2, -5, 6, -5, -4, 0, -6, -2, -1, 5, 4, 1, 3, -5, 2, 4, -2, -6, -6, 1, 2, -3, 6, 6, 4, -5, -4, 3, -2, -2, 3, 3, 5, -1, -5, -2, 0, 5, 4, -6, -6, -2, -4, -5, 6, 5, 5, -4, -5, -5, -2, 3, 1, -2, 1, -3, 5, 5, 1, 5, 0, -5, 4, 0, 2, 4, 0, 3, 2, -4, 3, -1, 5, 1, -5, 4, 4, -5, 0, 2, 0, 4, 4, 0, -3, -1, 6, -5, -2, 4, -1, -3, 0, 5, -6, -5, 3, 6, 0, -2, 5, -3]
 
1.6002030961387597: [6, 6, 5, -3, 0, -6, 4, -2, 4, -4, -6, 6, 3, 2, 0, 1, 3, 4, 0, -5, -1, 5, 1, 6, -2, -6, 4, -5, 6, 4, 5, 0, -6, -5, -1, -2, 5, 1, 3, -2, -5, 4, -2, -6, 3, 1, -1, -3, -5, 6, 4, -1, -4, 3, -2, 6, -6, -4, 5, -2, -3, -2, 0, 5, -6, -6, -4, -2, -4, -1, 6, 5, 5, -4, 5, -5, -4, 3, 6, -2, 1, -3, -4, -2, 3, -5, 1, -6, -4, 6, 6, 6, 5, -3, 4, -4, -2, -3, -1, 4, -2, -6, 2, -5, -4, 2, 0, 4, 4, -1, -3, -1, 6, 0, -2, 4, -6, -3, 0, 5, -6, -3, 3, 2, 0, -2, 5, -3]
 
3.080867162049459: [6, 6, 5, -3, 0, -6, 4, -2, 4, -4, -6, 6, 3, 2, 0, 1, 3, 4, 0, -5, -1, 5, 1, 6, -2, -6, 4, -5, 6, 4, 5, 0, -6, -5, -1, -2, 5, 1, 3, -2, -5, 4, -2, -6, 3, 1, -1, -3, -5, 6, 4, -1, -4, 3, -2, 6, -6, -4, 5, -2, -3, -2, 0, 5, -6, -6, -4, -2, -4, -1, 6, 5, 5, -4, 5, -5, 3, 3, 4, -2, -6, 6, 3, -5, 6, 5, -3, 2, 0, -1, 5, 5, 3, -1, 3, -5, -1, -2, -5, -6, 5, -2, 3, -1, -6, -2, -6, 6, 4, -3, 4, 1, 0, 4, 6, -1, -4, -6, 6, -5, -1, 6, 4, -6, -5, -4, -6, -6]
 
1.08702594114721: [1, -5, -3, 0, -6, 2, -6, -2, 4, -4, 2, -6, -6, 2, 4, 1, 0, 1, 4, 3, 3, -4, -2, -2, 2, -6, 3, 5, -4, 2, -2, -4, 6, -5, -1, -2, 1, 2, 3, 2, -4, -5, -6, -3, -2, -6, -1, 6, 3, 6, 3, 0, -6, 5, -2, 6, 2, 4, 6, -3, -3, -2, 0, 5, -6, -6, -4, -2, -4, -1, 6, 5, 5, -4, 5, -5, -4, 3, 6, -2, 1, -3, -4, -2, 3, -5, 1, -6, -4, 6, 6, 6, 5, -3, 4, -4, -2, -3, -1, 4, -2, -6, 2, -5, -4, 2, 0, 4, 4, -1, -3, -1, 6, 0, -2, 4, -6, -3, 0, 5, -6, -3, 3, 2, 0, -2, 5, -3]
 
0.5836585403424968: [0, -3, -5, 3, 6, -6, 1, -2, 1, -6, 0, 5, -5, -4, 4, 0, -5, 4, 0, -5, 4, 5, 1, 4, -4, -6, 4, -5, 6, 4, 5, 0, -5, -4, -4, -2, 5, 3, 3, -2, -5, 4, -2, -2, 3, -2, -1, -3, 4, -1, 4, -6, -4, 4, 3, 1, 1, 2, 5, -6, -6, -3, 0, 1, -6, 4, 0, 3, 2, -5, -4, 5, 5, -1, -3, -5, -4, 3, 1, -2, -3, 2, -4, 1, -3, 5, -5, 3, -3, 0, 3, 4, -3, 3, -5, -2, -2, -1, -6, 3, -4, 4, 2, -1, 4, 2, 0, 3, -3, 2, 4, 5, 0, 4, 1, -1, -4, -6, 6, -5, 0, 4, 4, -6, -5, 3, 0, -6]
 
2.0369373496288974: [0, -3, -5, 3, 6, -6, -6, -2, 3, -6, 2, -1, -5, -4, 4, 1, -5, 4, 0, -5, -1, 5, 1, 6, -2, -6, 4, -5, 6, 4, 5, 0, -6, -5, -1, -2, 5, 1, 3, -2, -5, 4, -2, -6, 3, 1, -1, -3, -5, 6, 4, -1, -4, 3, -2, 6, -6, -4, 5, -2, -3, -2, 0, 5, -6, -6, -4, -2, -4, -1, 6, 5, 5, -4, 5, -5, -4, 3, 6, -2, 1, -3, -4, 0, 1, 5, -3, -5, -3, 0, 3, 4, 5, 3, 2, -4, -2, -1, -6, 1, -4, 4, 2, 5, -4, 2, 0, 3, -6, 2, -3, 4, 6, 5, -3, 4, 6, -3, 0, 1, -6, 0, -5, -4, 0, 1, 5, 6]
 
1.64782938357: [0, -3, -1, -5, 6, 4, 1, -2, 3, 4, -5, 5, 1, -4, -1, 4, -5, 4, 0, -2, -1, 5, 1, 6, -2, -6, 4, -4, 2, 4, 5, 1, -6, 5, 1, -2, 5, 1, 3, -2, 6, -3, 0, -2, 4, 1, 6, -3, 4, 6, -5, -6, -4, 3, 1, -2, 3, -3, 5, 4, -6, -2, 6, 1, -6, 2, -4, 3, -5, -3, 3, 1, 4, -1, 5, -5, -4, 1, 6, -5, 1, -3, -4, 6, -4, 5, 6, -5, -3, 2, 0, 4, 5, 3, 2, -4, -5, 5, -6, 1, -4, -6, 2, 5, -4, 2, -5, 3, -6, -5, -3, 4, -4, 5, 0, 4, 6, -3, 0, 1, -6, 3, -5, 6, 0, -2, 5, 4]
 
2.4280354199488983: [6, 6, 5, -3, 0, -6, 4, -2, 4, -4, -6, 6, 3, 2, 0, 1, 3, 4, 0, -5, -1, 5, 1, 6, -2, -6, 4, -5, 6, 4, 5, 0, -6, -5, -1, -2, 5, 1, 3, -2, -5, 4, -2, -6, 3, 1, -1, -3, -5, 6, 4, -1, -4, 3, -2, 6, -6, -4, 5, -2, -3, -2, 0, 5, -6, -6, -4, -2, -4, -1, 6, 5, 5, -4, 5, -5, 3, 3, 4, -2, -6, 6, 3, -5, 6, 5, -3, 2, 0, -1, 5, 5, 3, -1, 3, -5, -1, -2, -5, -6, 5, -2, 3, -1, -6, -2, -6, 6, 4, -3, 4, 1, 0, 4, 6, -1, -4, -6, 6, -5, -1, 6, 4, -6, -5, -4, -6, -6]
 
1.3952208134573985: [-1, -3, -6, 6, 6, -6, -6, -2, 3, -6, 2, -1, -5, -4, 4, 1, -5, 4, 0, -5, -1, 5, 1, 6, -2, -6, 4, -5, 6, 4, 5, 0, -6, -5, -1, -2, 5, 1, 3, -2, -5, 4, -2, -6, 3, 1, -1, -3, -6, 6, 4, -6, -4, 3, 6, 1, 1, -4, 5, -6, -6, -2, 6, 1, -6, 4, -4, 3, -5, -5, 3, 5, 5, -1, 5, -5, 3, 3, 4, -2, -6, 6, -4, -2, 3, -5, 1, -6, -4, 6, 6, 6, 5, -3, 4, -4, -2, -3, -1, 4, -2, -6, 2, -5, -4, 2, 0, 4, 4, -1, -3, -1, 6, 0, -2, 4, -6, -3, 0, 5, -6, -3, 3, 2, 0, -2, 5, -3]
 
0.6448013332530547: [5, -5, 1, -4, -4, -6, -6, 5, 3, -3, 2, -6, 6, 2, -6, 1, 0, 1, 4, 3, 2, -4, 0, 4, 2, 4, 1, 5, -6, 2, 0, -1, 6, 4, -2, -2, 1, 2, -2, -1, 0, 4, 5, -6, 6, 6, -5, 2, -5, 6, -5, -1, 6, 4, -2, -6, -2, 1, 6, -4, -4, -1, 5, 4, -2, 6, -3, 6, -6, -4, 6, -4, 5, -3, 6, 4, 2, -3, 2, 6, 1, -3, 2, -2, 3, -5, 1, -6, 4, 3, 0, 1, 5, -3, -2, -4, -2, -1, -6, 1, -4, 6, -4, 2, 6, -6, -1, 2, 0, 3, -6, 5, 6, -2, 6, -1, 2, -1, 6, -5, -2, -5, 4, 4, -5, -4, -2, 5]
 
1.03885020384: [5, 3, 2, -1, 6, 3, -5, -6, -6, 0, 6, -1, -6, -4, 4, 1, 0, 6, 0, -5, -1, 5, 5, 6, -2, 6, 6, -5, 2, 4, 5, -6, -2, -5, -1, -3, 4, 1, -2, -1, -6, -4, -2, -3, 0, 3, 6, 1, 0, -6, 4, -3, -1, 2, -2, -3, -4, -4, 0, 1, -5, 4, 4, 1, -5, 2, -6, 4, 2, 2, -6, -2, -6, 2, 5, -2, 3, 1, -4, 2, 4, 0, 1, -1, -3, -5, 4, 4, 0, 1, -3, 0, -2, -3, 2, -6, 3, -4, 4, 4, -2, -2, 4, 4, -5, -6, -5, -6, 1, 2, -2, 1, 3, 3, 4, 1, -6, 6, -5, 4, -2, -6, -5, -6, 0, 0, 2, -6]
 
1.30474181040575: [6, -5, -5, 3, 5, 1, -6, -3, 3, 6, 3, 6, -5, -3, 4, -5, -5, 4, 0, -5, 6, 2, 1, 6, -2, -6, 4, 5, 6, 4, -4, 0, -6, 5, -1, -2, 5, 3, 3, -2, -5, 4, -5, -6, 3, 1, -1, 3, 5, 6, 4, -1, -4, 5, -6, 6, -6, -4, 5, -2, -3, -3, 0, 5, -6, -6, -4, -2, -4, -1, 6, 5, 5, -4, 5, -5, -4, 3, 6, -2, 1, -3, -4, 0, 1, -5, 1, -6, -4, 3, -1, 1, 5, -3, -2, -4, -2, -3, -1, 1, -2, 4, 2, 5, -4, 2, 0, 3, -5, -1, -3, -1, 6, -5, -2, 4, 3, -3, 0, 1, -6, 0, 3, 2, 0, 1, 5, 6]
 
1.9873654465813668: [1, -5, -3, -3, 0, -6, 4, -2, 4, -4, -6, 6, 3, 2, 0, 1, 3, 4, 0, -5, -1, 5, 1, 6, -2, -6, 4, -5, 6, 4, 5, 0, -6, -5, -1, -2, 5, 1, 3, -2, -5, 4, -2, -6, 3, 1, -1, -3, -5, 6, 4, -1, -4, 3, -2, 6, -6, -4, 5, -2, -3, -2, 0, 5, -6, -6, -4, -2, -4, -1, 6, 5, 5, -4, 5, -5, -4, 3, 6, -2, 1, -3, -4, 0, 1, 5, -3, -5, -3, 0, 3, 4, 5, 3, 2, -4, -2, -1, -6, 1, -4, 4, 2, 5, -4, 2, 0, 3, -6, 2, -3, 4, 6, 5, -3, 4, 6, -3, 0, 1, -6, 0, -5, -4, 0, 1, 5, 6]
 
0.7933130169676395: [-5, -1, 0, 4, 4, -6, -6, -2, 4, -4, 2, -6, 2, -5, 4, 1, 0, 0, 2, 0, 4, -4, 3, -2, 1, 6, 5, -5, 4, -1, 5, 0, -6, 0, 6, 5, 4, 0, 3, 0, 3, -5, 6, -6, 6, 0, 5, -3, -5, 0, -4, -1, -4, 2, 4, 3, -6, 6, -2, 6, 3, 1, 5, 0, -5, -6, -4, -4, 5, -1, 6, 5, 6, -4, -1, -6, 3, 3, -2, 0, 1, 0, 0, -6, 2, -5, -5, 1, 0, -1, 1, 1, -2, 3, -3, -4, 3, 5, 2, -5, 6, 4, -5, 5, 2, 0, -1, 2, 4, -4, 4, -6, 6, -4, -3, -4, -2, -4, 0, 5, 3, 3, -3, -5, -2, 2, 5, 5]
 
1.9278399551316405: [-1, -1, 6, -4, 0, -6, 3, 2, 6, -6, 1, -1, -5, -2, 4, -3, 0, -5, 5, -1, -5, 4, 1, 5, -4, 2, 4, 0, 6, 3, 5, 4, -1, 1, -1, -2, 5, -3, 4, 1, 2, 6, -2, -2, 4, 3, 6, 1, 0, -2, 4, -1, -4, 2, -2, 6, -3, 3, 3, -5, 3, -6, -6, -5, -5, -3, -3, 4, -4, -4, 0, 1, -6, 2, -5, 2, -6, 1, 3, 5, -2, 0, 1, -1, -3, 6, 2, 4, -5, 1, -3, -5, -2, 3, -3, -6, 3, -5, 4, 4, -2, -5, 4, 4, -2, 2, -5, -6, -1, 2, 0, 6, 3, -3, -4, 0, -6, 5, -5, 6, -4, -6, -4, 0, 0, 3, 4, -6]
 
1.6843972513566627: [-2, 6, 5, 3, 0, -6, -5, -2, -2, -4, -6, 5, 3, 2, 0, 1, 3, 4, 0, -3, 5, 5, 1, 6, -2, 3, 4, -5, 6, 4, 5, 0, 4, 5, -1, -1, 5, 6, 2, -3, -5, 4, 4, -6, 3, 1, -1, -3, -5, 6, 4, -6, -4, 5, -5, 6, -6, -4, 2, -6, -5, 6, -5, 5, -6, -6, -4, -2, -3, -5, -6, 5, 5, -4, 0, -5, -1, 1, 3, -2, -5, -3, -4, 0, 4, 5, 6, -4, -3, 0, 3, 1, -4, 5, -2, -4, -3, -1, 3, 1, -4, 4, 2, 5, 2, 2, 0, -5, -6, -2, 6, -1, 6, 5, -6, -4, 6, -3, 0, 1, 0, -1, -5, -4, -4, 1, 5, 6]
 
1.63715711075: [-6, -3, 3, -5, 3, -6, 6, 2, 3, 5, 5, 4, 4, 2, 4, 2, -1, 5, -1, -4, 3, 3, -1, -2, -3, 0, -2, 6, -3, 4, 6, 2, -2, 0, -2, 4, -1, -3, -3, 6, 4, -2, -2, -5, 6, -6, 6, 0, 4, 6, 1, -5, -3, 1, 2, -6, -2, -5, -5, -4, 4, -1, 5, -5, -6, 1, -1, 4, -2, -2, 6, -4, 6, 5, -1, -4, -1, 6, 3, 0, 5, -5, -4, -6, 5, 6, -4, 5, -6, 2, 6, 5, -5, -5, -2, 4, 3, 2, 5, 3, -2, -1, 5, 6, 6, 3, -1, 2, -2, -4, 3, 5, 4, 0, 5, 0, -3, -4, -2, 5, 6, 1, -6, -1, -5, 6, -5, -6]
 
0.903815360754427: [-1, -3, 4, 6, 6, -6, -6, -2, 6, -6, -2, -1, -5, -4, 4, 1, -5, 0, 5, 6, -1, 5, 1, 6, -2, -6, 4, -5, 6, 4, 5, 0, -6, -5, -1, -2, 5, 1, 3, -2, -5, 4, -2, -6, 3, 1, -1, -3, -5, 6, 4, -1, -4, 3, -2, 6, -6, -4, 5, -2, -3, -2, 0, 5, -6, -6, -4, -2, -4, -1, 6, 5, 5, -4, 5, -2, 2, 6, 2, 6, 1, -3, -4, -4, 3, -5, 1, -6, -4, 3, -1, 1, 5, -3, -2, -4, -2, -1, -6, 1, -4, -1, 5, -4, 2, 0, -1, 2, 4, -4, 4, 4, 6, 5, -3, 4, 6, -3, 0, 1, -6, 0, -5, 2, 0, -2, 5, -3]
 
0.755276936635: [1, 6, -1, -2, 4, -6, -4, -2, 5, -4, 5, 2, -2, -1, 4, 4, 4, -5, -4, 0, 4, -4, 2, 6, 3, -2, 4, -5, 6, 4, 5, -2, -5, -5, 6, -2, 5, 1, 3, -2, -5, 3, 3, -1, 2, 1, -1, -3, -5, 2, 1, -1, -4, 3, 4, 6, -6, -4, 5, -1, -3, -2, 0, 0, -4, -6, -4, -2, -4, 1, 6, -4, -4, -4, 5, -6, -1, -1, 6, -4, 1, -3, -4, -2, 3, -5, 1, 0, -4, 6, 1, 6, -6, -3, -6, -4, 6, -3, -2, -2, -2, 3, 4, -4, -4, 2, 6, 3, -6, 2, -3, 4, -2, 5, -4, 4, 6, -3, 0, 1, -3, 0, -5, 2, -1, 4, 5, 6]
 
0.456804046243: [1, -2, -6, 6, 1, 5, -5, 6, 6, 0, 3, -4, -5, -4, 0, 6, 4, -2, -4, 5, 5, -4, 1, 6, -2, -6, 4, -5, 6, -4, 5, 4, -6, -5, -2, 4, 5, 2, 1, 0, -2, -4, -2, -1, -1, -4, 2, 6, 3, 6, -6, -6, -4, -4, 2, 1, -3, -4, -1, -6, 6, -2, -6, 5, -6, 0, -1, 3, -5, 4, 2, 5, 1, 0, -5, -5, 1, -3, -6, 4, 1, -3, -3, 0, 1, -5, 2, -4, -1, -1, 2, 4, 5, 3, 2, -4, 3, 3, 1, 1, 4, 1, 0, 5, -4, 2, -3, 1, 6, -3, 3, 4, 6, 4, 2, -3, 6, -3, -1, 1, -6, -6, -5, 5, 5, -2, 5, -6]
 
1.49758173353: [0, -3, -5, 3, 6, -6, -6, -2, 3, -6, 2, -1, -5, -4, 4, 1, -5, 4, 0, -5, -1, 5, 1, 6, -2, -6, 4, -5, 6, 4, 5, 0, -6, -5, -1, -2, 5, 1, 3, -2, -5, 4, -2, -6, 3, 1, -1, -3, -6, 6, 4, -6, -4, 3, 6, 1, 1, -4, 5, -6, -6, -2, 6, 1, -6, 4, -4, 3, -5, -5, 3, 5, 5, -1, 5, -5, 3, 3, 4, -2, -6, 6, -4, -2, 3, -5, 1, -6, -4, 6, 6, 6, 5, -3, 4, -4, -2, -3, -1, 4, -2, -6, 2, -5, -4, 2, 0, 4, 4, -1, -3, -1, 6, 0, -2, 4, -6, -3, 0, 5, -6, -3, 3, 2, 0, -2, 5, -3]
 
0.351808665957: [0, -3, -5, 3, 6, -6, -6, -2, 3, -6, 2, -1, -5, -4, 4, 1, -5, 4, 0, -5, -1, 5, 1, 6, -2, -6, 4, -5, 6, 4, 5, 0, -6, -5, -1, -2, 5, 1, 3, -2, -5, 4, -2, -6, 3, 1, -1, -3, -6, 6, 4, -6, -4, 3, 6, 6, -6, -4, 5, -2, -3, -2, 0, 5, -6, -6, -4, -2, -4, -1, 6, 5, 5, -4, 5, -5, -4, 3, 6, -2, 1, -3, -4, 0, 1, 5, -3, -5, -3, 0, 3, 4, 5, 3, 2, -4, -2, -1, -6, 1, -4, 4, 2, 5, -4, 2, 0, 3, -6, 2, -3, 4, 6, 5, -3, 4, 6, -3, 0, 1, -6, 0, -5, -4, 0, 1, 5, 6]
 
0.975114655798: [1, -5, -3, -3, 0, -6, 4, -2, 4, -4, -6, 6, 3, 2, 0, 1, 3, 4, 0, -5, -1, 5, 1, 6, -2, -6, 4, -5, 6, 4, 5, 0, -6, -5, -1, -2, 5, 1, 3, -2, -5, 4, -2, -6, 3, 1, -1, -3, -5, 6, 4, -1, -4, 3, -2, 1, 1, -4, 5, -6, -6, -2, 6, 1, -6, 4, -4, 3, -5, -5, 3, 5, 5, -1, 5, -5, -4, 3, 6, -2, 1, -3, -4, 0, 1, 5, -3, -5, -3, 0, 3, 4, 5, 3, 2, -4, -2, -1, -6, 1, -4, 4, 2, 5, -4, 2, 0, 3, -6, 2, -3, 4, 6, 5, -3, 4, 6, -3, 0, 1, -6, 0, -5, 2, 0, -2, 5, -3]
 
0.811579192299: [1, -1, 0, 4, 4, -1, -6, -2, 4, -4, 2, -6, 2, -5, -5, -6, -6, 0, 1, 3, 4, -4, 4, -2, 1, -6, 5, -5, -6, -1, 5, 0, -6, 1, 6, 5, 4, -6, 3, 0, 3, 6, 6, -6, 6, 0, -2, 3, -5, 1, -4, -4, -4, 5, -2, 4, -6, 6, -2, -5, -6, 1, 0, 1, -3, -6, -4, 1, -4, -1, 6, 5, 5, 0, 5, -5, -4, 3, 6, 2, -6, -3, -4, -2, 3, -5, 1, -6, -4, 6, 6, 6, 5, -3, 4, -3, -2, -3, -1, 4, 2, -6, 2, 5, -4, 2, 0, -3, -2, 2, -5, 4, 6, 2, -3, 4, 6, -3, 0, 3, 5, 0, -5, -4, 0, 4, 5, 6]
 
0.52731418854: [1, -1, 0, -2, 4, -6, -6, -2, 4, -4, 5, 2, -2, -5, 4, 1, -6, 5, -4, 0, 4, -4, 6, 6, -2, -6, 4, -5, 6, 4, 5, 0, -6, -5, -1, -2, 5, 1, 3, -2, -5, 4, -2, -6, 3, 1, -1, -3, -5, 6, 4, -1, -4, 3, -2, 6, -6, -4, 5, -2, -3, -2, 5, 0, -5, -6, -4, -4, 5, -1, 6, 5, 6, -4, -1, -6, 3, 3, -2, 0, 1, 0, 0, -6, 2, -5, -5, 1, 0, -1, 1, 1, -2, 3, -3, -4, 3, 5, 2, -5, 6, 4, -5, 5, 2, 0, -1, 2, 4, -4, 4, -6, 6, -4, -3, -4, -2, -4, 0, 5, 3, 3, -3, -5, -2, 2, 5, 5]
 
1.36959139695: [6, -3, -4, 3, 6, -6, -6, -2, 5, -6, 2, 1, 6, -4, 4, 2, 1, 2, 0, -4, -6, 5, 1, 6, -2, -6, 2, -5, 6, -5, -4, 0, -6, -2, -1, 5, 4, 1, 3, -5, 2, 4, -2, -6, 3, 1, -1, -3, -6, 6, 4, -6, -4, 3, 6, 1, 1, -4, 5, -6, -6, -2, 6, 1, -6, 4, -4, 3, -5, -5, 3, 5, 5, -1, 5, -5, -4, 3, 6, -2, 1, -3, -4, 0, 1, 5, -3, -5, -3, 0, 3, 4, 5, 3, 2, -4, -2, -1, -6, 1, -4, 4, 2, 5, -4, 2, 0, 3, -6, 2, -3, 4, 6, 5, -3, 4, 6, -3, 0, 1, -6, 0, -5, 2, 0, -2, 5, -3]
 
1.15010038301: [0, -3, -5, 3, 6, -6, -6, -2, 3, -6, 2, -1, -5, -4, 4, 1, -5, 4, 0, -5, -1, 5, 1, 6, -2, -6, 4, -5, 6, 4, 5, 0, -6, -5, -1, -2, 5, 1, 3, -2, -5, 4, -2, -6, -6, 1, 2, -3, 6, 6, 4, -5, -4, 3, -2, -2, 3, 3, 5, -1, -5, -2, 0, 5, 4, -6, -6, -2, -4, -5, 6, 5, 5, -4, -5, -5, -2, 3, 1, -2, 1, -3, 5, 5, 1, 5, 0, -5, 4, 0, 2, 4, 0, 3, 2, -4, 3, -1, 5, 1, -5, 4, 4, -5, 0, 2, 0, 4, 4, 0, -3, -1, 6, -5, -2, 4, -1, -3, 0, 5, -6, -5, 3, 6, 0, -2, 5, -3]
 
0.942162556228: [4, -5, -5, 5, -6, 3, -6, -2, 4, 5, 2, -2, -3, 2, 4, 1, 0, 1, -1, 6, 3, 2, 3, -2, 2, -6, 6, 0, -5, 2, 6, -4, -4, -2, -5, 5, 1, -6, 3, 2, -4, -2, -6, -3, -2, 0, -1, 6, 3, 6, 3, 1, -6, 5, -2, 6, -6, 0, 5, -6, -3, -2, 0, 5, -6, -6, -4, -2, -4, -3, 6, 5, 5, -4, 5, -5, -4, 3, 6, -2, 1, -3, -4, -2, 3, -5, 1, -6, -4, 6, 6, 6, 5, -3, 4, -4, -2, -3, -1, 4, -2, -6, 2, 5, -4, 2, 0, 3, -6, 2, -3, 4, 6, 5, -3, 4, 6, -3, 0, 1, -6, 0, -5, -4, 0, 1, 5, 6]
 
0.448138970877: [-5, -1, 0, 4, 4, -6, -6, -2, 4, -4, 2, -6, 2, -5, 4, 1, 0, 0, 2, 0, 4, -4, 3, -2, 1, 6, 5, -5, 4, -1, 5, 0, -6, 0, 6, 5, 4, 0, 3, 0, 3, -5, 6, -6, 6, 0, 5, -3, -5, 0, -4, -1, -4, 2, 4, 3, -6, 6, -2, 6, 3, 1, 0, 5, -6, -6, -4, -2, -4, -1, 6, 5, 5, -6, 5, -5, -4, 4, 6, -2, 1, 3, -4, -4, 3, -1, 0, -6, -4, 6, -3, 6, 5, -3, 3, -4, -2, -3, -3, 4, -2, 3, 3, -5, -4, 2, 0, 4, 4, -1, -3, 0, -4, -2, 6, -1, -5, -4, -2, -4, -2, 6, 0, 5, -5, -4, -2, -6]
 
3.02229424556: [1, -5, -3, -3, 0, -6, 4, -2, 4, -4, -6, 6, 3, 2, 0, 1, 3, 4, 0, -5, -1, 5, 1, 6, -2, -6, 4, -5, 6, 4, 5, 0, -6, -5, -1, -2, 5, 1, 3, -2, -5, 4, -2, -6, 3, 1, -1, -3, -5, 6, 4, -1, -4, 3, -2, 6, -6, -4, 5, -2, -3, -2, 0, 5, -6, -6, -4, -2, -4, -1, 6, 5, 5, -4, 5, -5, 3, 3, 4, -2, -6, 6, 3, -5, 6, 5, -3, 2, 0, -1, 5, 5, 3, -1, 3, -5, -1, -2, -5, -6, 5, -2, 3, -1, -6, -2, -6, 6, 4, -3, 4, 1, 0, 4, 6, -1, -4, -6, 6, -5, -1, 6, 4, -6, -5, -4, -6, -6]
 
2.26479115381: [6, 6, 5, -3, 0, -6, 4, -2, 4, -4, -6, 6, 3, 2, 0, 1, 3, 4, 0, -5, -1, 5, 1, 6, -2, -6, 4, -5, 6, 4, 5, 0, -6, -5, -1, -2, 5, 1, 3, -2, -5, 4, -2, -6, 3, 1, -1, -3, -5, 6, 4, -1, -4, 3, -2, 6, -6, -4, 5, -2, -3, -2, 0, 5, -6, -6, -4, -2, -4, -1, 6, 5, 5, -4, 5, -5, -4, 3, 6, -2, 1, -3, -4, 0, 1, 5, -3, -5, -3, 0, 3, 4, 5, 3, 2, -4, -2, -1, -6, 1, -4, 4, 2, 5, -4, 2, 0, 3, -6, 2, -3, 4, 6, 5, -3, 4, 6, -3, 0, 1, -6, 0, -5, -4, 0, 1, 5, 6]
 
0.994035781228: [0, -3, -5, -6, 6, -6, -3, 5, -6, 2, 2, 5, -5, -4, 4, 1, -5, 4, 2, -4, 6, -5, 6, 6, -2, -6, 4, -5, 4, 4, 5, -6, 6, 1, -1, -2, 5, -3, 3, -2, 4, 4, -2, -6, -6, 1, -5, -3, 6, 6, 4, -4, 0, 2, -1, -3, 0, -4, -3, -2, -6, -1, 0, 5, -6, -1, -3, 1, -4, -1, 2, -4, 5, 3, 5, -5, -4, -5, 3, -2, 1, -3, 2, 4, 3, 0, 1, -6, -4, 6, 6, 6, 5, -3, 4, -4, -6, -3, -2, 4, -2, 1, 4, -5, -4, 2, -4, 4, 4, -1, -3, -1, 1, -1, 0, -2, -6, -3, 0, -3, -6, -3, -1, 2, 0, -2, 5, -2]
 
1.75546719986: [-6, -5, 0, -1, -5, -6, -6, -5, 3, -4, 2, 5, -6, 2, 1, 1, -5, -2, 0, -5, -1, 0, 1, 6, -6, -3, 4, -5, -6, 5, 1, -6, -6, -5, -1, 5, 5, -2, 3, 2, 2, 4, -2, 1, 3, 1, 0, 6, 3, 6, 4, -5, -4, 3, -2, -2, 3, 3, 5, -1, -5, -2, 0, 5, 4, -6, -6, -2, -4, -5, 6, 5, 5, -4, -5, -5, -2, 3, 1, -2, 1, -3, 5, 5, 1, 5, 0, -5, 4, 0, 2, 4, 0, 3, 2, -4, 3, -1, 5, 1, -5, 4, 4, -5, 0, 2, 0, 4, 4, 0, -3, -1, 6, -5, -2, 4, -1, -3, 0, 5, -6, -5, 3, 6, 0, -2, 5, -3]
 
0.600593438004: [-5, -1, 0, 4, 4, -6, -6, -2, 4, -4, 2, -6, 2, -5, 4, 1, 0, 0, 2, 0, 4, -4, 3, -2, 1, 6, 5, -5, 4, -1, 5, 0, -6, 0, 6, 5, 4, 0, 3, 0, 3, -5, 6, -6, -2, -6, -1, 6, 3, 6, 3, 0, -6, 5, -2, 6, 2, 4, 6, -3, -3, -2, 0, 5, -6, -6, -4, -2, -4, -1, 6, 5, 5, -4, 5, -5, -4, 3, 6, -2, 1, -3, -4, -2, 3, -5, 1, -6, -4, 6, 6, 6, 5, -3, 4, -4, -2, -3, -1, 4, -2, -6, 2, -5, -4, 2, 0, 4, 4, -1, -3, -1, 6, 0, -2, 4, -6, -3, 0, 5, -6, -3, 3, 2, 0, -2, 5, -3]
 
0.872997490407: [1, -5, -3, 0, -6, 2, -6, -2, 4, -4, 2, -6, -6, 2, 4, 1, 0, 1, 4, 3, 3, -4, -2, -2, 2, -6, 3, 5, -4, 2, -2, -4, 6, -5, -1, -2, 1, 2, 3, 2, -4, -5, -6, -3, 6, 0, 5, -3, -5, 0, -4, -1, -4, 2, 4, 3, -6, 6, -2, 6, 3, 1, 5, 0, -5, -6, -4, -4, 5, -1, 6, 5, 6, -4, -1, -6, 3, 3, -2, 0, 1, 0, 0, -6, 2, -5, -5, 1, 0, -1, 1, 1, -2, 3, -3, -4, 3, 5, 2, -5, 6, 4, -5, 5, 2, 0, -1, 2, 4, -4, 4, -6, 6, -4, -3, -4, -2, -4, 0, 5, 3, 3, -3, -5, -2, 2, 5, 5]
 
0.379153296337: [0, 3, -5, -1, 6, -4, -1, -6, 3, -6, 3, -1, -1, -4, 4, 1, -6, -4, 0, -5, -1, 5, 1, 3, -2, 0, 4, -5, 2, 4, 5, -6, -6, -5, -1, -2, 4, 1, -4, -4, -6, 4, -2, 0, 0, 3, 6, 1, 0, -2, 4, -1, 4, 2, -2, -3, -3, 5, 0, 1, 3, -6, 4, 1, -5, 4, -3, -4, -4, 2, -6, 2, -6, 2, -5, 2, 3, 1, -4, 2, -6, 6, -4, -2, 3, -5, 1, -6, -4, 6, 6, 6, 5, -3, 4, -4, -2, -3, -1, 4, -2, -6, 2, -5, -4, 2, 0, 4, 4, -1, -3, -1, 6, 0, -2, 4, -6, -3, 0, 5, -6, -3, 3, 2, 0, -2, 5, -3]
 
0.675115521102: [0, -3, -5, 3, 6, -6, -6, -2, 3, -6, 2, -1, -5, -4, 4, 1, -5, 4, 0, -5, -1, 5, 1, 6, -2, -6, 4, -5, 6, 4, 5, 0, -6, -5, -1, -2, 5, 1, 3, -2, -5, 4, -2, -6, 3, 1, -1, -3, -6, 6, 4, -6, -4, 3, 6, 1, 1, -4, 5, -6, -6, -2, 6, 1, -6, 4, -4, 3, -5, -5, 3, 5, 5, -1, 5, -5, 3, 3, 4, -2, -6, 0, 1, -1, -3, 2, 2, 4, -6, 1, -3, 0, -2, 3, 2, -6, 3, -1, 4, 4, -2, -2, 4, 4, -5, 3, -5, -6, 1, 2, 0, 6, 3, -3, 4, -4, -6, 6, -5, 6, -2, -6, -4, 0, 0, 6, 4, -6]
 
0.625065050433: [4, -5, -5, 5, -6, 3, -6, -2, 4, 5, 2, -2, -3, 2, 4, 1, 0, 1, -1, 6, 3, 2, 3, -2, 2, -6, 6, 0, -5, 2, 6, -4, -4, -2, -4, -2, 5, 3, 3, -2, -5, 4, -2, -2, 3, -2, -1, -3, 4, -1, 4, -6, -4, 4, 3, 1, 1, 2, 5, -6, -6, -3, 0, 1, -6, 4, 0, 3, 2, -5, -4, 5, 5, -1, -3, -5, -4, 3, 1, -2, -3, 2, -4, 1, -3, 5, -5, 3, -3, 0, 3, 4, -3, 3, -5, -2, -2, -1, -6, 3, -4, 4, 2, -1, 4, 2, 0, 3, -3, 2, 4, 5, 0, 4, 1, -1, -4, -6, 6, -5, 0, 4, 4, -6, -5, 3, 0, -6]
 
1.66858200112: [0, -3, -5, 3, 6, -6, 1, -2, 1, -6, 0, 5, -5, -4, 4, 0, -5, 4, 0, -5, 4, 5, 1, 4, -4, -6, 4, -5, 6, 4, 5, 0, -5, -4, -5, 5, 1, -6, 3, 2, -4, -2, -6, -3, -2, 0, -1, 6, 3, 6, 3, 1, -6, 5, -2, 6, -6, 0, 5, -6, -3, -2, 0, 5, -6, -6, -4, -2, -4, -3, 6, 5, 5, -4, 5, -5, -4, 3, 6, -2, 1, -3, -4, -2, 3, -5, 1, -6, -4, 6, 6, 6, 5, -3, 4, -4, -2, -3, -1, 4, -2, -6, 2, 5, -4, 2, 0, 3, -6, 2, -3, 4, 6, 5, -3, 4, 6, -3, 0, 1, -6, 0, -5, -4, 0, 1, 5, 6]
 
1.00391620203: [0, -3, -5, 3, 6, -6, -6, -2, 3, -6, 2, -1, -5, -4, 4, 1, -5, 4, 0, -5, -1, 5, 1, 6, -2, -6, 4, -5, 6, 4, 5, 0, -6, -5, -1, -2, 5, 1, 3, -2, -5, 4, -2, -6, 3, 1, -1, -3, -5, 6, 4, -1, -4, 3, -2, 6, -6, -4, 5, -2, -3, -2, 0, 5, -6, -6, -4, -6, -4, -1, 0, 5, 5, -5, 5, 1, -3, 3, 1, -5, 3, -5, 3, 4, 6, 5, -1, 2, 0, 1, 5, 5, 3, -1, 4, -4, -2, -3, -1, 4, -2, -6, 2, -5, -4, 2, 0, 4, 4, -1, -3, -1, 6, -2, 0, -4, -6, 2, 2, 6, -2, -1, 3, 0, 1, -2, 1, -3]
 
0.724251508557: [-5, -3, -6, -5, 0, 2, -6, 6, 3, -4, -1, -1, -5, -4, -1, -6, 5, 2, -1, -1, 5, 5, -5, 6, 6, 0, 4, 4, 1, 4, 5, 1, 1, -5, 5, 1, 3, 1, 3, 3, -1, 4, 6, -6, 3, 1, -1, -3, -6, 6, 4, 5, 1, 6, -1, 1, -6, -4, 5, -6, -3, 3, -4, -3, 4, 4, -4, -2, 1, -5, 6, 5, 5, -1, 3, -5, 2, -3, 6, -4, -2, -3, -4, -4, -3, -4, -3, -5, -2, -4, -1, -1, 5, 3, 2, -4, -2, -4, -5, -5, -4, 4, -5, 5, -6, 2, 2, 4, -4, 2, -3, 4, 6, 5, -1, 5, 3, -3, 0, 1, -6, 0, -5, 5, -6, -1, 2, -1]
 
1.41913933923: [6, 6, 5, -3, 0, -6, 4, -2, 4, -4, -6, 6, 3, 2, 0, 1, 3, 4, 0, -5, -1, 5, 1, 6, -2, -6, 4, -5, 6, 4, 5, 0, -6, -5, -1, 5, 5, -2, 3, 2, -4, 3, -1, 1, 3, 0, 4, -4, -6, 0, 4, -3, 2, 2, -3, 5, -6, -5, 5, -2, -3, -2, 0, 5, -2, 5, 3, 1, -4, -2, 6, 5, -2, -3, -1, 0, 2, 2, -5, -2, 4, -3, 2, 4, 0, 5, 1, 1, -4, 6, 6, 6, 5, 6, 4, -4, -2, -3, 0, 4, -2, 4, -1, 5, -4, 2, 0, 4, 4, -4, -3, 2, 6, 0, -2, 4, -6, -3, 0, -3, -6, -3, -1, 2, -3, -2, 5, -3]
 
1.77553933266: [0, -3, 0, 3, 6, 0, -6, -2, 3, 6, 2, -5, 1, -2, 1, -2, -6, 4, -1, 3, -1, -4, 6, -1, -2, -3, -6, 4, -4, 5, 1, -6, -6, 6, -1, -2, 5, 1, 3, -2, -5, 4, -2, -6, 3, 1, -1, -3, -5, 6, 4, -1, -4, 3, -2, 6, -6, -4, 5, -2, -3, -2, 0, 5, -6, -6, -4, -2, -4, -1, 6, 5, 5, -4, 5, -5, -4, 3, 6, -2, 1, -3, -4, 0, 1, 5, -3, -5, -3, 0, 3, 4, 5, 3, 2, -4, -2, -1, -6, 1, -4, 4, 2, 5, -4, 2, 0, 3, -6, 2, -3, 4, 6, 5, -3, 4, 6, -3, 0, 1, -6, 0, -5, 2, 0, -2, 5, -3]
 
0.445804938815: [0, -3, -5, 3, 6, -6, -6, -2, 3, -6, 2, -1, -5, -4, 4, 1, -5, 4, 0, -5, -1, 5, 1, 6, -2, -6, 4, -5, 6, 4, 5, 0, -6, -5, -1, -2, 5, 1, 3, -2, -5, 4, -2, -6, 3, 1, -1, -3, -6, 6, 4, -5, -4, 3, -2, -2, 3, 3, 5, -1, -5, -2, 0, 5, 4, -6, -6, -2, -4, -5, 6, 5, 5, -4, -5, -5, -2, 3, 1, -2, 1, -3, 5, 5, 1, 5, 0, -5, 4, 0, 2, 4, 0, 3, 2, -4, 3, -1, 5, 1, -5, 4, 4, -5, 0, 2, 0, 4, 4, 0, -3, -1, 6, -5, -2, 4, -1, -3, 0, 5, -6, -5, 3, 6, 0, -2, 5, -3]
 
0.246459142992: [-1, -6, -6, 4, -4, -4, -5, -5, 3, -4, -4, 5, 5, 6, 1, 1, 6, 4, 5, 2, -1, 3, 1, 3, -1, 5, 4, -5, -4, 1, 1, 0, 1, -5, 0, 5, 5, -2, 0, -3, 2, 6, 0, 1, -5, 1, 6, 6, 3, -2, 4, 3, -4, 3, 4, 6, 1, 0, 5, 5, -3, -2, 6, -2, -6, -5, -6, 6, 1, -1, -1, -4, 5, -1, -6, 3, 3, 4, -2, -5, -3, -3, 3, -1, 0, 5, -1, 6, 2, 6, 5, -5, 3, -1, 3, -6, 6, 4, 0, -6, 5, 3, 3, 5, 6, -2, -6, 4, 4, 4, -3, 4, 0, 5, -2, 0, -5, -1, -6, -2, 6, 4, -5, 2, 2, 6, 6, -1]
 
0.960402997395: [5, -5, 1, -4, 6, -6, -2, 5, 1, -3, -6, -6, 6, -3, -5, -5, 0, 0, 3, 3, 4, 5, 3, -4, 1, 0, 5, 4, -3, 4, 6, 2, -2, -2, -3, 4, 2, -6, -1, -1, 0, -5, -1, 5, -1, 4, 6, 0, -6, 6, -5, -1, 6, 1, 6, -1, -2, 6, 6, -4, -6, 6, 0, 4, -2, -2, -4, -4, -6, -4, 6, -1, 5, -5, 2, -4, 5, 6, 1, -4, -4, -6, -4, 6, 5, -5, -4, -6, -6, 2, 0, -3, 2, -5, -2, 1, 0, 2, 6, -6, 6, 6, -2, -4, 6, -6, -1, 2, 0, 2, -3, 5, 6, 2, 1, 2, 6, -3, -3, -5, -4, 5, -6, -1, -2, 5, -5, 0]
 
0.437575811707: [-5, 4, 0, 2, 4, 2, -6, 5, 4, 6, 5, -6, 2, -6, 4, -4, -6, 3, 4, 3, 2, -4, 0, 4, 2, 3, -5, 5, -6, 2, 0, 5, 6, 4, -4, -2, 1, 0, -1, -4, 0, 3, -4, -6, 6, 2, -5, 2, 4, -5, 5, -1, -4, 4, -2, 0, -2, 1, 6, -4, -4, 4, 1, 4, 1, 4, 4, 6, -6, -3, -6, -4, 5, 5, 6, 4, 2, -3, 2, 4, 1, -3, 2, -2, 3, -5, 1, -6, 4, 3, 0, 1, 5, -6, -2, -4, -2, -1, -1, 1, -2, -3, -4, 2, 5, -6, -1, 2, 0, 2, -5, 5, 6, -1, 6, -2, 2, -1, 6, -5, -2, -5, 4, 4, -5, -4, 5, 5]
 
1.80159667082: [6, 6, 5, -3, 0, -6, 4, -2, 4, -4, -6, 6, 3, 2, 0, 1, 3, 4, 0, -5, -1, 5, 1, 6, -2, -6, 4, -5, 6, 4, 5, 0, -6, -5, -1, -2, 5, 1, 3, -2, -5, 4, -2, -6, 3, 1, -1, -3, -5, 6, 4, -1, -4, 3, -2, 6, -6, -4, 5, -2, -3, -2, 0, 5, -6, -6, -4, -2, -4, -1, 6, 5, 5, -4, 5, -5, 3, 3, 4, -2, -6, 6, 3, -5, 6, 5, -3, 2, 0, -1, 5, 5, 3, -1, 3, -5, -1, -2, -5, -6, 5, -2, 3, -1, -6, -2, -5, -6, 1, 2, 0, 6, 3, -3, 4, -4, -6, 6, -5, 6, -2, -6, -4, 0, 0, 6, 4, -6]
 
1.22875310271: [0, -3, -5, 3, 6, -6, -6, -2, 3, -6, 2, -1, -5, -4, 4, 1, -5, 4, 0, -5, -1, 5, 1, 6, -2, -6, 4, -5, 6, 4, 5, 0, -6, -5, -1, -2, 5, 1, 3, -2, -5, 4, -2, -6, 3, 1, -1, -3, -6, 6, 4, -6, -4, 3, 6, 1, 1, -4, 5, -6, -6, -2, 6, 1, -6, 4, -4, 3, -5, -5, 3, 5, 5, -1, 5, -5, 3, 3, 4, -2, -6, 0, 1, -1, -3, 2, 2, 4, -6, 1, -3, 0, -2, 3, 2, -6, 3, -1, 4, 4, -2, -2, 4, 4, -5, 3, -6, 6, 4, -3, 4, 1, 0, 4, 6, -1, -4, -6, 6, -5, -1, 6, 4, -6, -5, -4, -6, -6]
 
2.10594016139: [6, 6, 5, -3, 0, -6, 4, -2, 4, -4, -6, 6, 3, 2, 0, 1, 3, 4, 0, -5, -1, 5, 1, 6, -2, -6, 4, -5, 6, 4, 5, 0, -6, -5, -1, -2, 5, 1, 3, -2, -5, 4, -2, -6, 3, 1, -1, -3, -5, 6, 4, -1, -4, 3, -2, 6, -6, -4, 5, -2, -3, -2, 0, 5, -6, -6, -4, -2, -4, -1, 6, 5, 5, -4, 5, -5, 3, 3, 4, -2, -6, 6, 3, -5, 6, 5, -3, 2, 0, -1, 5, 5, 3, -1, 3, -5, -1, -2, -5, -6, 5, -2, 3, -1, -6, -2, -5, -6, 1, 2, 0, 6, 3, -3, 4, -4, -6, 6, -5, 6, -2, -6, -4, 0, 0, 1, 5, 6]
 
0.50962306266: [4, -5, -5, 5, -6, 3, -6, -2, 4, 5, 2, -2, -3, 2, 4, 1, 0, 1, -1, 6, 3, 2, 3, -2, 2, -6, 6, 0, -5, 2, 6, -4, -4, -2, -5, 5, 1, -6, 3, 2, -4, -2, -6, -3, -2, 0, -1, 6, 3, 6, 3, 1, -6, 5, -2, 6, -6, 0, 5, -6, -3, -2, 0, 5, -6, -6, -4, -2, -4, -3, 6, 5, 5, -4, 5, -5, -4, 3, 6, -2, 1, -3, -4, -2, 3, -5, 1, -6, -4, 6, 6, 6, 5, -3, 4, -4, -2, -3, -1, 4, -2, -6, 2, 5, -4, 2, 0, 3, -6, 2, -3, 4, 6, 5, -3, 4, 6, -3, 0, 1, -6, 0, -5, -4, 0, 6, 4, -6]
 
