3.5074415281861957: [-4, 5, -3, -6, 4, -6, 6, -2, 2, 3, -6, -4, -6, -6, -3, 5, 5, 0, 0, -2, 3, -4, 2, 2, -3, 2, -6, 6, 6, 1, 5, -5, 1, -2, -1, -1, 1, 1, 3, -4, -4, 4, -6, 0, -2, 5, -5, -4, 2, 2, 0, -6, -2, 1, 6, 2, -5, 5, -4, -1, 2, 4, 0, 3, -4, -6, -5, -6, -2, 5, -4, 0, 6, -4, 6, -2, -1, -1, -1, 4, 2, -6, 0, -4, -4, -5, -4, 6, 4, -2, 1, 4, 3, 6, 4, -5, -3, -5, 4, -6, 6, -1, 2, -6, -2, -1, -6, -2, -6, 2, -3, 2, -3, 5, 1, -6, 2, -3, -5, 0, -6, -6, -3, -2, 4, -2, -1, 4]
 
2.060980348299086: [6, -3, -3, 4, 0, -6, 6, -6, -5, 2, 3, 2, 4, 3, -5, 1, -4, 1, 4, -6, 5, 2, -2, -2, 1, -3, 5, -4, 1, -2, 5, -5, 4, -2, -1, -1, 1, 1, 3, -4, -4, 4, -6, 0, -2, 5, -5, -4, 2, 2, 0, -6, -2, 1, 6, 2, -5, 5, -4, -1, 2, 4, 0, 3, -4, -6, -5, -6, -2, 5, -4, 0, 6, -4, 6, -2, -1, -1, -1, 4, 2, -6, 0, -4, -4, -5, -4, 6, 4, -2, 1, 4, 3, 6, 4, -5, -3, -5, 4, -6, 6, -1, 2, -6, -2, -1, -6, -2, -6, 2, -3, 2, -3, 5, 1, -6, 2, -3, -5, 0, -6, -6, -3, -2, 4, 3, 4, 3]
 
0.532574968484: [6, 1, 3, -1, 4, -6, -5, -2, 4, -4, -1, -6, 4, -6, -3, 5, 1, 0, 5, -6, -3, -6, -2, 2, -3, -2, -2, -5, -4, 5, -5, 0, -6, -6, -5, -3, 1, 0, -6, -5, 2, 0, -3, -6, 0, -2, 4, -1, 5, 4, 2, 4, -4, 6, 4, 2, -4, -5, -3, -4, -6, -4, 4, 0, -3, -5, -3, -6, 6, -2, 3, -6, -3, -2, -2, 6, 2, 6, -2, 3, 1, 5, 5, 0, -2, -6, 6, 4, 4, -2, -4, 4, 3, 3, 4, -5, -3, -5, 4, -6, 6, -1, -4, -5, -2, 6, -6, -2, -6, 2, -3, 2, -4, 5, -1, 6, 2, -3, -2, -5, -6, 5, -3, -2, 4, 3, -1, -2]
 
2.543209054594462: [6, 4, 3, -1, 1, -5, 5, -2, 4, -4, 2, -6, -2, -6, -3, 5, -6, 0, 5, 1, -6, 3, -2, 2, -3, -2, -2, -5, -4, 5, -6, 0, -2, -3, -4, 2, 1, 0, -3, -5, 2, 0, -3, 3, 0, 0, 4, -1, -6, 4, -5, -1, -4, 6, 4, 2, 6, -5, -4, -6, 2, -4, 0, -6, -3, -5, 3, -6, 6, -2, 6, -3, -3, 5, -2, 6, 1, 6, -2, 3, 1, 5, -4, -4, -2, -6, 6, 5, 4, -2, 1, 4, 3, 6, 4, -5, -3, -5, 4, -6, 6, -1, 2, -6, -2, -1, -6, -2, -6, 2, -3, 2, -3, 5, -3, 5, 2, -3, -2, 4, -6, 5, -3, -2, 4, 3, -1, 1]
 
2.6244455445128607: [6, -3, -3, -1, 4, -6, -5, -2, 4, -4, 2, -6, -2, -6, -3, 5, -6, 0, 5, 1, -6, 3, -2, 2, -3, -2, -2, -5, -4, 5, -5, 0, -6, 5, -5, 6, 1, -5, 1, -4, -1, -2, -1, 0, 2, -4, 1, 0, -6, 5, -5, 1, -4, 3, 0, -1, 6, 6, -4, -6, 6, -2, 0, 5, -6, -1, -2, -5, 2, -2, -2, 4, 4, 5, 1, -2, 1, 6, -5, -3, 1, 5, -4, -4, -2, -6, 5, 5, 4, 6, 1, 4, 3, 6, 4, -5, -3, -5, 4, -6, 0, 3, 4, 1, -4, -1, -6, -2, -6, 2, -3, 2, -3, 5, 5, -6, 2, -3, -2, 4, -6, -6, -3, -2, 4, 3, -1, 0]
 
3.5418049851537132: [6, -3, -3, -1, 4, -6, -5, -2, 4, -4, 2, -6, -2, -6, -3, 5, -6, 0, 5, 1, -6, 3, -2, 2, -3, -2, -2, -5, -4, 5, -5, 0, -6, 5, -5, 6, 1, 0, -3, -5, 2, 0, -3, 3, 0, 0, 4, -1, -6, 4, -5, -1, -4, 6, 4, 2, 6, -5, -4, -6, 2, -4, 0, -6, -3, -5, 3, -6, 6, -2, 6, -3, -3, 5, -2, 6, 1, 6, -2, 3, 1, 5, -4, -4, -2, -6, 6, 5, 4, -2, 1, 4, 3, 6, 4, -5, -3, -5, 4, -6, 6, -1, 2, -6, -2, -1, -6, -2, -6, 2, -3, 2, -3, 5, 5, -6, 2, -3, -2, 4, -6, -6, -3, -2, 4, 3, -1, 6]
 
2.4819500228185305: [6, -3, -3, 4, 0, -6, 6, -6, -5, 2, 3, 2, 4, -6, -3, 5, 5, 0, 0, -2, -6, 3, -2, 2, -3, -2, -2, -5, -4, 5, -6, 0, -2, -3, -4, 2, 1, 0, -3, -5, 2, 0, -3, 3, 0, 0, 4, -1, -6, 4, -5, -1, -4, 6, 4, 2, 6, -5, -4, -6, 2, -4, 0, -6, -3, -5, 3, -3, -4, 3, -4, 0, 5, -4, 6, -5, -6, -1, -5, 4, 2, -4, 1, -4, -2, -6, 6, 5, 4, -2, 1, 4, 3, 6, 4, -5, -3, -5, 4, -6, 6, -1, 2, -6, -2, -1, -6, -2, -6, 2, -3, 2, -3, 5, 5, -6, 2, -3, -2, 4, -6, -6, -3, -2, 4, 3, -1, 6]
 
2.689460326146108: [6, 4, 3, -1, 1, -5, 5, -2, 4, -4, 2, -6, -2, -6, -3, 5, -6, 0, 5, 1, -6, 3, -2, 2, -3, -2, -2, -5, -4, 5, -6, 0, -2, -3, -4, 2, 1, 0, -3, -5, 2, 0, -3, 3, 0, 0, 4, -1, -6, 4, -5, -1, -4, 6, 4, 2, 6, -5, -4, -6, 2, -4, 0, -6, -3, -5, 3, -3, -4, 3, -4, 0, 5, -4, 6, -5, -6, -1, -5, 4, 2, -4, 1, -4, -2, -6, 6, 5, 4, -2, 1, 4, 3, 6, 4, -5, -3, -5, 4, -6, 6, -1, 2, -6, -2, -1, -6, -2, -6, 2, -3, 2, -3, 5, 5, -6, 2, -3, -2, 4, -6, -6, -3, -2, 4, 3, -1, 6]
 
1.8171929944993725: [-4, 5, -3, -6, 4, -6, 6, -2, 2, 3, -6, -4, -6, -6, -3, 5, 5, 0, 0, -2, 3, -4, 2, 2, -3, 2, -6, 6, 6, 1, 5, -5, 1, -2, -1, -1, 1, 1, 3, -4, -4, 4, -6, 0, -2, 5, -5, -4, 2, 2, 0, -6, -2, 1, 6, 2, -5, 5, -4, -1, 2, 4, 0, 3, -4, -6, -5, -6, -2, 5, -4, 0, 6, -4, 6, -2, -1, -1, -1, 4, 2, -6, 0, -4, -4, -5, -4, 6, 4, -2, 1, 4, 3, 6, 4, -5, -3, -5, 4, -6, 6, -1, 2, -1, -2, -3, 2, -2, -3, 2, -3, 4, -3, 5, -3, 5, 2, 3, -2, -3, -6, -6, -3, -4, 3, 3, -4, 6]
 
2.395621166620205: [6, -3, -3, 4, 0, -6, 6, -6, -5, 2, 3, 2, 4, -6, -3, 5, 5, 0, 0, -2, -6, 3, -2, 2, -3, -2, -2, -5, -4, 5, -6, 0, -2, -3, -4, 2, 1, 0, -3, -5, 2, 0, -3, 3, 0, 0, 4, -1, -6, 4, -5, -1, -4, 6, 4, 2, 6, -5, -4, -6, 2, -4, 0, -6, -3, -5, 3, -3, -4, 3, -4, 0, 5, -4, 6, -5, -6, -1, -5, 4, 2, -4, 1, -4, -2, -6, 6, 5, 4, -2, 1, 4, 3, 6, 4, -5, -3, -5, 4, -6, 6, -1, 2, -6, -2, -1, -6, -2, -6, 2, -3, 2, -3, 5, -3, 5, 2, -3, -2, 4, -6, 5, -3, -2, 4, 3, -1, 1]
 
1.8014610958128978: [6, -3, -3, -1, 4, -6, -5, -2, 4, -4, 2, -6, -2, -6, -3, 5, -6, 0, 5, 1, -6, 3, -2, 2, -3, -2, -2, -5, -4, 5, -5, 4, -5, 0, -2, -2, -4, 3, 5, -4, -4, 4, -6, 0, -3, -6, 4, 0, -6, -2, -5, 4, -3, -6, -4, 0, 6, -5, -4, -6, 6, -3, 0, 2, 3, 5, 1, -3, 2, -4, 6, 0, -3, -4, 6, -5, -5, -4, -3, 4, 6, -4, 1, -3, 5, 5, 3, 0, -5, 2, 4, 2, 2, 5, 1, -1, 6, -3, -2, 2, -1, 1, 2, -4, -6, -2, 5, 2, -4, -3, -4, 2, 6, 3, 1, -6, 2, -3, 2, 0, -6, -6, -5, -1, 6, 3, -1, 6]
 
1.7843834770292792: [6, 4, -3, -3, 1, 3, 5, -2, 4, -4, 2, -6, -2, -4, -3, 5, -6, 5, 5, 1, 0, 3, -2, -5, 4, -5, 2, -4, -1, -2, 2, 1, 5, 3, 2, 3, 1, 1, -2, -5, 2, 2, -3, 3, 0, 2, -1, 6, -6, 4, -5, 0, -4, 6, 4, 2, 6, -5, -4, -6, 6, -3, 0, 2, 3, 5, 1, -3, 2, -4, 6, 0, -3, -4, 6, -5, -5, -4, -3, 4, 6, -4, 1, -3, 5, 5, 3, 0, -5, 2, 4, 2, 2, 5, 1, -1, 6, -3, -2, 2, -1, 1, 2, -4, -6, -2, 5, 2, -4, -3, -4, 2, 6, 3, 1, -6, 2, -3, 2, 0, -6, -6, -5, -1, 6, 3, -1, 6]
 
1.5035330449038145: [5, -1, 4, -1, -3, 5, -6, -2, 2, -3, 3, 2, 4, -5, -5, 1, 0, 1, 4, 3, 6, -4, -2, 2, -3, -3, 3, -2, -4, 2, -2, 4, 3, 0, -2, -5, -2, 1, 5, -4, 1, 0, 6, 0, -3, -6, 4, 0, 0, -2, -6, 4, -3, -1, 5, 0, 6, -5, -4, -6, 6, -4, 0, 1, -3, -5, 3, -6, 6, -2, 6, -3, -3, -6, -4, 6, -4, 0, -2, 6, 4, -3, -1, -2, -2, -6, -6, 5, 4, -2, 1, -5, 3, 6, 4, -3, -3, -5, 4, -1, 6, -1, 2, -6, 4, -1, 2, 1, -6, 2, -3, 2, -3, 5, -3, -4, 1, 0, 6, 4, -6, 5, -3, -2, 4, 1, -4, 1]
 
3.9751104862242315: [6, -3, -3, -1, 4, -6, -5, -2, 4, -4, 2, -6, -2, -6, -3, 5, -6, 0, 5, 1, -6, 3, -2, 2, -3, -2, -2, -5, -4, 5, -5, 0, -6, 5, -5, 6, 1, -5, 1, -4, -1, -2, -1, 0, 2, -4, 1, 0, -6, 5, -5, 1, -4, 3, 0, -1, 6, 6, -4, -6, 6, -2, 0, 5, -6, -1, -2, -5, -4, -5, 6, -3, -6, -4, 1, -5, 4, -1, -4, 4, -5, -4, -6, 6, -3, -5, 5, 6, 4, -2, 0, -3, 6, 6, 4, -4, -6, -2, 4, -6, 0, 3, 4, 1, -4, -1, -6, -2, -6, 2, -3, 2, -3, 5, 5, -6, 2, -3, -2, 4, -6, -6, -3, -2, 4, 3, -1, 6]
 
3.1715816246717146: [6, -3, -3, -1, 4, -6, -5, -2, 4, -4, 2, -6, -2, -6, -3, 5, -6, 0, 5, 1, -6, 3, -2, 2, -3, -2, -2, -5, -4, 5, -5, 4, -5, 0, -2, -2, -4, 3, 5, -4, -4, 4, -6, 0, -3, -6, 4, 0, -6, -2, -5, 4, -3, -6, -4, 0, 6, -5, -4, -6, 6, -3, 0, 2, 3, 5, -2, -5, -4, -5, 6, -3, -6, -4, 1, -5, 4, -1, -4, 4, -5, -4, -6, 6, -3, -5, 5, 6, 4, -2, 0, -3, 6, 6, 4, -4, -6, -2, 4, -6, 0, 3, 4, 1, -4, -1, -6, -2, -6, 2, -3, 2, -3, 5, 5, -6, 2, -3, -2, 4, -6, -6, -3, -2, 4, 3, -1, 0]
 
0.750400515474: [0, -3, -3, -1, 4, -6, -5, -6, 4, 1, 2, 3, -2, -6, -3, 5, -6, 0, -6, 4, -5, 3, -4, 2, -3, -3, -2, -5, -4, 4, 6, 0, 3, 5, -5, 6, 4, -5, 1, -4, -1, -2, -1, 0, -6, -4, 1, 0, -6, 5, -5, 1, -4, 3, 0, -1, 6, 6, -5, -6, 6, 3, 0, 5, -2, -1, -2, -5, -5, -6, 6, -3, -6, -3, 1, -5, 4, -1, -4, 4, 6, -4, -6, 3, -1, 3, -3, 6, 2, -2, 0, 0, -4, 2, -4, -4, -6, -2, 4, -6, 6, 3, 4, 2, 6, 1, -6, 0, -6, 2, -3, 2, 4, 6, 5, -6, -6, -3, -2, 4, 2, -6, -3, -2, 4, 3, 1, 0]
 
2.4023442355569595: [6, -3, -3, 4, 0, -6, 6, -6, -5, 2, 3, 2, 4, 3, -5, 1, -4, 1, 4, -6, 5, 2, -2, -2, 1, -3, 5, -4, 1, -2, 5, -5, 4, -2, -1, -2, 1, 1, 3, -4, -4, 4, -6, 0, -2, 3, -5, -1, 2, -6, 0, -6, 1, 1, 6, -4, -5, 5, -4, -1, 3, 4, 0, 3, 3, 5, 1, -6, -4, -5, 1, -3, 1, 3, 1, -5, 4, -1, -4, 4, -1, -4, -6, 4, 6, -5, -2, 3, 4, -4, 4, 6, -5, 6, 4, -4, -6, 3, 4, -5, 0, 3, 4, -6, 1, -1, 2, -5, 2, 2, -3, 2, 6, -3, 5, -6, 2, -3, -2, 4, -6, -6, -3, -4, 3, 3, -1, 6]
 
0.9033347963296554: [6, 2, -6, -4, -6, 0, -1, -2, 3, -1, 5, -4, -6, 4, -3, -3, 0, -3, -5, -5, 5, 6, 3, 2, -6, 3, -1, 2, -4, -2, 4, 4, -6, 4, 1, -6, 6, -1, -1, -4, 2, 1, 1, 0, -5, -3, 1, -3, -5, -6, -6, 6, 3, -2, -6, 0, 5, 0, -1, -3, -1, -5, -2, -1, 1, 0, -2, 1, -5, -3, 1, 4, -2, 4, 2, 0, -6, 0, 6, 1, 1, -4, -2, 0, 0, 2, -5, 6, 5, 0, -2, -4, 3, -5, -1, -2, -5, -3, 6, 4, 0, -1, 4, -4, 2, -4, 5, -2, 6, 2, -2, 0, 4, -4, -2, 3, -6, -5, 0, 1, 0, 0, -2, -1, 2, -5, -6, -1]
 
2.9231433173049446: [-2, 4, 6, -1, 1, 3, -5, -2, 0, -2, 4, -6, -2, -6, 1, 5, -6, 0, 5, 1, -6, -2, 4, 2, -3, 3, -2, -5, 2, 5, -6, 4, -2, 1, -1, 2, 3, -6, -3, -5, 2, 6, -1, 0, -2, 5, -5, -3, 1, 4, -6, -6, -1, 1, -5, -6, 5, 4, 4, 6, -1, 5, 4, -3, -4, 3, -5, -6, -2, 5, -5, -5, 1, -4, -3, 6, 0, 6, 6, 3, 2, -6, 0, -4, -1, 3, -4, 6, -1, 2, -1, 6, -2, -4, 1, -2, -6, -3, -5, -6, 4, 0, -6, -2, -4, 2, -3, -1, -6, -3, -5, -3, -3, 3, -3, -6, -6, 4, -1, -6, -6, -6, -3, 2, -5, -6, -1, 2]
 
2.4100602215488047: [6, -3, -3, 4, 0, -6, 6, -6, -5, 2, 3, 2, 4, 3, -5, 1, -4, 1, 4, -6, 5, 2, -2, -2, 1, -3, 5, -4, 1, -2, 5, -5, 4, -2, -1, -2, 1, 1, 3, -4, -4, 4, -6, 0, -2, 3, -5, 0, -6, 5, -5, 1, -4, 3, 0, -1, 6, 6, -4, -6, 6, -2, 0, 5, -6, -1, -2, -5, -4, -5, 6, -3, -6, -4, 1, -5, 4, -1, -4, 4, -5, -4, -4, -4, -2, -6, 6, 5, 4, -2, 1, 4, 3, 6, 4, -5, -3, -5, 4, -6, 6, -1, 2, -6, -2, -1, -6, -2, -3, 2, -3, 2, -3, 5, -3, 5, 2, -3, -2, 4, -6, -6, -3, -4, 3, 3, -1, 6]
 
1.92068425621: [6, -3, -3, 1, 5, -6, 4, -2, 4, -4, 2, -6, -2, -3, 5, 5, -6, 1, 5, -6, 6, 4, -2, -5, -3, -2, -2, -5, -4, 5, 4, -2, -5, 0, -1, -2, 3, -5, 5, 6, -4, 3, -6, 1, -1, -6, 4, 0, -6, -1, -5, 4, -3, -6, -4, 0, 6, -4, -4, -6, 1, -5, 0, 2, 3, 5, -2, -5, -4, -5, 6, 2, -1, 1, 1, 3, -2, 3, -4, 4, -5, -4, 6, 6, 5, -5, -3, 5, 4, -2, -5, -5, 6, 2, 1, -4, -4, -2, 0, -6, 0, 3, 4, 1, -4, -1, 4, 3, 1, -2, -3, 6, -3, 5, 5, -2, -6, -3, -2, 4, 0, -5, -3, 6, 0, 3, -6, 6]
 
0.777243158699: [6, -3, -2, 4, 0, -6, 6, -6, -5, 2, 3, 2, 4, 3, 1, -6, -4, 1, 4, -6, 5, 3, -2, -2, 1, 0, 1, -5, 1, 5, -1, 4, -3, 1, -3, -2, 1, -5, -2, -2, -6, 4, -6, -6, -2, 3, -5, 6, 2, -6, 0, 6, 0, 6, 2, -4, -5, -4, -4, -1, 3, 4, 0, 3, 3, 5, 5, -6, -2, 1, -1, -3, 4, -4, 6, -2, -1, 0, -3, 4, 2, -6, 6, -4, -4, -5, -4, 3, 2, 0, 0, 2, -2, -4, -6, -5, -1, 1, 4, -6, -5, -6, -6, -5, 4, -1, -3, -2, -6, -1, 4, 0, -5, 5, 5, -6, 2, -3, -2, 4, -1, 5, -3, -2, 4, 3, -1, 6]
 
1.3656391430105208: [6, -3, -3, 4, 0, -6, 0, -6, -5, 2, 5, 2, 4, 3, -5, -6, -4, 1, 4, -6, -5, -4, -2, -2, 1, -2, 6, -5, 6, -2, 5, -5, 4, -2, -1, -2, -5, 1, -6, 4, -4, -4, -6, -2, -2, 3, -5, 0, 0, -4, 0, 5, 3, 1, 6, 4, -5, 5, -4, -1, 1, 4, 0, 3, -1, 5, 1, 2, 2, 6, -4, 0, -4, -1, 3, 3, 5, -1, -5, 4, 2, -4, -1, 4, 1, -5, 1, 4, -6, 2, -4, -4, -3, 5, -5, 0, 6, 1, 4, -4, -1, -4, 4, 6, -2, -5, 0, 3, -6, -1, 6, 2, -3, -6, 5, 0, -2, -3, 5, -4, -6, 5, -3, -4, 5, -5, -6, 1]
 
1.153016760268578: [6, 2, -3, 1, 4, -4, -5, -2, 2, -4, 2, -1, 3, -6, -3, 5, -6, -1, 5, 1, -6, 3, 3, 3, -3, -2, -2, -5, -4, 5, -5, 0, -6, 5, -5, 6, 1, -5, 1, -4, 3, -2, 6, 2, 2, -4, 1, 0, -1, 5, -5, 1, 6, 3, -3, 6, 6, -5, -4, 0, 6, -2, 0, -2, 5, -1, -6, -5, 3, -2, 6, -3, 2, -4, 4, -5, 6, -2, -4, 3, -5, 1, -6, 6, -3, -5, 5, 6, -2, -2, 0, 4, -5, -6, 4, -4, 3, -2, -2, -2, 0, -5, 4, 6, 3, -1, -5, -2, 1, 2, -3, 2, -3, 5, 5, -6, 2, -3, 0, 4, -6, -3, -6, -3, 2, 3, -1, 6]
 
2.247810118888813: [6, -5, -6, -2, 1, -3, 4, -2, 1, -4, 2, -6, 6, -6, -1, -6, -1, 0, 5, 1, -6, 3, -2, 2, -3, -5, -2, -5, -4, 5, -5, 0, -6, 5, 4, 6, 2, -5, -3, 3, -6, 0, -6, -5, 0, 0, 4, -1, -6, 4, -5, 4, 3, -3, 4, 2, 6, 3, -4, -6, -4, -4, 0, -6, -3, 3, 3, -6, 6, -2, 6, -3, -3, 5, -2, 6, 4, 5, -2, -4, 4, -4, -4, -4, -2, -5, 6, -6, 4, 3, 1, 4, 3, 6, 4, -5, -3, -5, 4, -6, 6, -1, 2, -6, -1, -1, -6, -2, -6, 2, -3, 2, 2, 0, -3, 1, 2, -3, 0, 4, -6, 4, -3, -2, 4, 3, -2, 1]
 
2.14694253215196: [6, 4, -3, -1, 3, -5, 2, -2, 2, 2, 5, -4, -6, 3, 1, 5, 5, -1, 0, 6, 3, 2, -2, -2, 1, -3, 5, -4, 1, -2, 5, 3, 4, -2, -1, -2, 1, 1, 3, -4, -4, 1, -6, 0, -2, 3, -5, -1, 2, 4, 0, -6, 3, -6, 6, -4, -5, -2, 0, -1, 3, -3, -2, 3, 1, -5, -2, -3, -4, 3, -4, 0, -4, -4, -5, -5, -6, -1, -5, -6, 2, -4, 1, -3, 1, -5, 3, 6, -2, 6, -1, -3, 5, 5, -3, -5, -1, 3, 4, -6, -4, 0, -3, 0, -2, -1, -6, -2, -4, -3, 4, 3, 4, 3, 4, -6, -6, 6, -2, 4, -5, -6, -3, -4, 3, -3, -3, 6]
 
3.825546305209107: [6, -3, -3, 4, 0, -6, 6, -6, -5, 2, 3, 2, 4, 3, -5, 1, -4, 1, 4, -6, 5, 2, -2, -2, 1, -3, 5, -4, 1, -2, 5, -5, 4, -2, -1, -2, 1, 1, 3, -4, -4, 4, -6, 0, -2, 3, -5, -1, 2, -6, 0, -6, 1, 1, 6, -4, -5, 5, -4, -1, 3, 4, 0, 3, 3, 5, 1, -6, 2, -2, -4, 0, 5, -4, 6, -5, -6, -1, -5, 4, 2, -4, 1, -3, 1, -5, 3, 6, -5, 2, -1, 2, -3, 5, 1, -1, 6, -5, 4, -6, 6, -1, 2, -6, -2, -1, -6, -2, -4, 2, -3, 2, 6, -3, 5, -6, 2, -3, -2, 4, -6, -6, -3, -4, 3, 3, -1, 6]
 
2.453653974540351: [5, -1, 4, 4, 0, -6, 6, -6, -5, 2, 3, 2, 4, 3, -5, 1, -4, 1, 4, -6, 5, 2, -2, -2, 1, -3, 5, -4, 1, -2, 5, -5, 4, -2, -1, -2, 1, 1, 3, -4, -4, 4, -6, 0, -2, 3, -5, -1, 2, -6, 0, -6, 1, 1, 6, -4, -5, 5, -4, -1, 3, 4, 0, 3, 3, 5, 1, -6, -4, -5, 1, -3, 1, 3, 1, -5, 4, -1, -4, 4, -1, -4, -6, 4, 6, -5, -2, 3, 4, -4, 4, 6, -5, 6, 4, -4, -6, 3, 4, -5, 0, 3, 4, -6, 1, -1, 2, -5, 2, 2, -3, 2, 6, -3, 5, -6, 2, -3, -2, 4, -6, -6, -3, -4, 3, 3, -1, 6]
 
1.8423606417570544: [-4, 5, -3, -6, 4, -6, 6, -2, 2, 3, -6, -4, -6, -6, -3, 5, 5, 0, 0, -2, 3, -4, 2, 2, -3, 2, -6, 6, 6, 1, 5, -5, 1, 0, -2, -2, -4, 3, 5, -4, -4, 4, -6, 0, -3, -6, 4, 0, -6, -2, -5, 4, -3, -6, -4, 0, 6, -5, -4, -6, 6, -3, 0, 2, 3, 5, 1, -3, 2, -4, 6, 0, -3, -4, 6, -5, -5, -4, -3, 4, 6, -4, 1, -3, 5, 5, 3, 0, -5, 2, 4, 2, 2, 5, 1, -1, 6, -3, -2, 2, -1, 1, 2, -4, -6, -2, 5, 2, -4, -3, -4, 2, 6, 3, 1, -6, 2, -3, -2, 4, -6, -6, -3, -2, 4, 3, -1, 0]
 
1.7406730069402059: [6, -3, -3, -5, -3, 5, -6, -2, 2, 2, 3, 2, 4, -3, -5, 1, 0, 1, 4, -6, 1, -3, -2, -2, 0, -1, 3, 6, -4, 2, 5, 4, -5, 0, -2, -2, -4, 3, 5, -4, -4, 4, -6, 0, -3, -6, 4, 0, -6, -2, -5, 4, -3, -6, -4, 0, 6, -5, -4, -6, 6, -3, 0, 2, 3, 5, 1, -3, 2, -4, 6, 0, -3, -4, 6, -5, -5, -4, -3, 4, 6, -4, 1, -3, 5, 5, 3, 0, -5, 2, 4, 2, 2, 5, 1, -1, 6, -3, -2, 2, -1, 1, 2, -4, -6, -2, 5, 2, -4, -3, -4, 2, 6, 3, 1, -6, 2, -3, 2, 0, -6, -6, -5, -1, 6, 3, -1, 6]
 
2.322669031847765: [6, 0, -3, -1, 4, -6, -4, -2, 2, -3, -6, -4, -6, -6, -6, -4, 0, -3, -3, 6, 2, 6, 5, -5, 5, 1, -2, -5, 6, 5, 0, -2, -2, 5, -5, 6, -6, -5, -2, 5, -1, -2, -1, 0, -2, 5, -5, -4, -5, 4, 0, -6, -6, 1, -5, -6, 5, 5, 4, -1, -1, 5, 4, -3, -4, 3, -5, -6, -2, 5, -5, -1, 1, -4, -3, 6, -1, -1, -1, 0, 2, -6, 0, -4, -4, -4, -4, 6, -1, 2, -1, 6, -2, -4, 1, -1, -1, -3, -6, -6, 2, 0, -6, -6, -4, 1, -3, -1, -6, -1, 1, -3, -3, 5, -1, -6, 2, -1, -2, 4, -6, -6, -3, 3, 4, 3, -1, 6]
 
1.932869913606812: [6, -3, -3, 4, 0, -6, 6, -6, -5, 2, 3, 2, 4, 3, -5, 1, -4, 1, 4, -6, 5, 2, -2, -2, 1, -3, 5, -4, 1, -2, 5, -5, 4, -2, -1, -2, 1, 1, 3, -4, -4, 4, -6, 0, -2, 3, -5, 0, -6, 5, -5, 1, -4, 3, 0, -1, 6, 6, -4, -6, 6, -2, 0, 5, -6, -1, -2, -5, -3, -2, -2, -3, -3, -4, -4, 6, 1, 6, -4, -5, 5, -6, 1, -2, 5, -6, 5, -3, 4, -5, 1, 1, 2, 2, 4, -5, -3, 2, 6, -6, 6, -1, 2, -6, -2, -1, -6, -2, -6, 2, -3, 2, -3, 5, 1, -6, 2, -3, -5, 0, -6, -6, -3, -2, 4, -2, -1, 4]
 
0.921151470863: [-5, 0, -5, 1, -2, -6, 3, 1, 1, 3, -4, -5, 3, -1, 0, -5, 3, 4, -2, 1, -4, -4, -3, -5, -5, 5, 3, 4, 4, -5, -4, -4, -2, -4, 4, 5, -6, -3, -2, -4, -5, 5, -4, 3, -1, 6, -4, -4, -6, 2, 3, 6, 6, 3, 3, 2, -2, -1, 1, 1, -2, -3, 0, 4, -4, 1, -5, -6, -5, -1, -6, -6, -1, -5, 3, 1, -3, -2, 6, 0, -5, 2, -1, -6, 4, -2, 4, -6, -4, 2, -4, 5, -2, -2, -2, -5, -6, -3, -3, -6, 2, 2, -4, -6, -3, 2, -5, -6, -4, 5, -2, -6, 5, 3, -1, 5, -1, 3, 5, -2, -3, -4, 0, 4, 6, -6, -4, 4]
 
1.85831201704: [4, 1, -3, 0, -6, -6, 6, -6, -5, 2, 3, 3, -5, 2, -5, 1, 6, -4, -3, -6, 5, -1, -2, -2, 1, -3, 5, 0, 2, 5, 5, -5, 4, -2, -1, -2, 1, -1, 3, -4, -4, 4, 5, 6, -2, -3, -5, -4, -6, 1, -5, 1, -4, 2, 0, -1, 6, 6, 6, -6, 1, -2, -3, 4, -6, -1, -2, 0, -4, -1, 6, -3, 1, -4, 1, -5, 4, -1, -4, 4, -1, -4, 0, -4, -2, -2, -5, 5, 4, 1, 1, 4, 6, 6, 4, -5, -3, -5, 4, -6, -3, -1, 6, 2, -2, -2, -6, -5, -3, 2, -3, 6, -3, 5, -3, 5, 2, 6, -2, 0, -1, -6, -3, -4, 3, 3, -1, 6]
 
2.34918551473: [6, -3, -3, 4, 0, -6, 6, -6, -5, 2, 3, 2, 4, 3, -5, 1, -4, 1, 4, -6, 5, 2, -2, -2, 1, -3, 5, -4, 1, -2, 5, -5, 4, -2, -1, -2, 1, 1, 3, -4, -4, 4, -6, 0, -2, 3, -5, 0, -6, 5, -5, 1, -4, 3, 0, -1, 6, 6, -4, -6, 6, -2, 0, 5, -6, -1, -2, -5, -4, -5, 6, -3, -6, -4, 1, -5, 4, -1, -4, 4, -5, -4, -4, -4, -2, -6, 6, 5, 4, -2, 1, 4, 3, 6, 4, -5, -3, -5, 4, -6, 6, -1, 2, -6, -2, -1, -6, -2, -6, 2, -3, 2, -3, 5, -3, 5, 2, -3, -2, 4, -6, 5, -3, -2, 4, 3, -1, 1]
 
0.442713439665: [6, 6, -4, 0, -1, -6, 6, -6, 5, 2, -5, 2, 4, -6, -3, 5, 5, 5, 0, 2, -6, 6, 6, 0, -3, -2, -2, 1, -4, -3, 2, 0, -2, -3, -4, 2, -4, 5, -3, -3, 2, 1, 2, 3, 0, 4, 2, -1, 1, -3, -6, -1, -4, 6, 4, 2, 1, -6, -4, -2, 2, 5, 0, -6, -3, -5, -6, -3, -4, 3, -4, 3, -2, 4, 1, -5, 5, -1, -5, 1, -6, -4, -1, -4, -2, -2, 6, -2, 2, -2, 1, 4, 2, 1, 4, 4, -3, -1, 4, -4, 6, -1, 2, -6, 2, -1, -6, 6, -3, 2, -3, 2, -3, -4, 3, 5, 2, -3, 5, -6, -4, -6, -3, -4, 3, 3, -1, 6]
 
2.6830281261: [6, -5, -6, -2, 1, -3, 4, -2, 1, -4, 2, -6, 6, -6, -1, -6, -1, 0, 5, 1, -6, 3, -2, 2, -3, -5, -2, -5, -4, 5, -5, 0, -6, 5, 4, 6, 2, -5, -3, 3, -6, 0, -6, -5, 0, 0, 4, -1, -6, 4, -5, 4, 3, -3, 4, 2, 6, 6, -4, -6, 6, -2, 0, 5, -6, -1, -2, -5, -3, -2, -2, -3, -3, -4, -4, 6, 1, 6, -4, -5, 5, -6, 1, -2, 5, -6, 5, -3, 4, -5, 1, 1, 2, 2, 4, -5, -3, 2, 6, -6, 6, -1, 2, -6, -2, -1, -6, -2, -6, 2, -3, 2, -3, 5, 1, -6, 2, -3, -5, 0, -6, -6, -3, -2, 4, -2, -1, 4]
 
1.15768257089: [6, -5, -3, 0, 0, -6, 5, 0, -5, 2, -4, 2, 4, 3, -5, 1, -4, 3, 4, 1, 5, 6, -2, -2, 1, -3, 5, -4, -6, -2, 5, -5, 4, -2, -2, -2, 1, 1, 1, -4, -4, 1, -6, -5, -2, 3, -5, -3, -6, -5, -5, 3, -4, 3, 0, -1, 6, 3, -4, -6, -4, -4, 5, -6, 4, 3, 3, -6, 6, -2, 5, -6, -2, 5, 2, 6, -6, 2, -2, 3, 0, -4, -4, 0, -2, -5, 6, -6, 4, 4, 4, 4, 3, 3, -2, -5, -3, 1, 4, -6, -2, 2, 2, -6, -1, -4, -6, -2, -6, 2, -3, 3, 2, -1, -3, 1, -3, -6, 0, 5, -2, 4, -3, -2, -4, -2, -2, 1]
 
1.75684394949: [1, 6, 5, 1, 1, -3, -3, -2, 3, -3, 2, 2, -6, -6, -3, 2, -1, 0, 5, 1, 2, 3, 3, 6, -3, -5, -4, 3, 4, 0, 2, -3, 3, 0, -5, 0, 1, 6, -6, -1, 2, 3, 5, 5, 6, 0, 5, -1, -6, 6, 0, 4, -3, -3, 3, 2, -4, -2, -4, -1, 1, 4, 1, 5, -5, -3, -5, -6, 2, 5, -4, -6, 4, 4, -1, -2, 1, -1, -3, 4, 5, -5, 1, -6, 0, 2, 3, 1, 4, -2, 1, 5, 5, 5, 0, -5, -3, 0, 4, -6, -1, -1, -5, -2, -2, -1, -6, 4, -6, -3, -3, 2, -6, 3, 0, -6, 2, -6, -5, 4, -6, 1, -3, -2, 3, 0, -6, -2]
 
2.89622605958: [6, -3, -3, 4, 0, -6, 6, -6, -5, 2, 3, 2, 4, 3, -5, 1, -4, 1, 4, -6, 5, 2, -2, -2, 1, -3, 5, -4, 1, -2, 5, -5, 4, -2, -1, -1, 1, 1, 3, -4, -4, 4, -6, 0, -2, 5, -5, -4, 2, 2, 0, -6, -2, 1, 6, 2, -5, 3, -4, -6, -4, -4, 0, -6, -3, 3, 3, -6, 6, -2, 6, -3, -3, 5, -2, 6, 4, 5, -2, -4, 4, -4, -4, -4, -2, -5, 6, -6, 4, 3, 1, 4, 3, 6, 4, -5, -3, -5, 4, -6, 6, -1, 2, -6, -1, -1, -6, -2, -6, 2, -3, 2, 2, 0, -3, 1, 2, -3, 0, 4, -6, 4, -3, -2, 4, 3, -2, 1]
 
2.20601339027: [6, -3, -3, -1, 4, -6, -5, -2, 4, -4, 2, -6, -2, -6, -3, 5, -6, 0, 5, 1, -6, 3, -2, 2, -3, -2, -2, -5, -4, 5, -5, 0, -6, 5, -5, 6, 1, 0, -3, -5, 2, 0, -3, 3, 0, 0, 4, 0, -6, -2, -5, 4, -3, -6, -4, 0, 6, -5, -4, -6, 6, -3, 0, 2, 3, 5, 1, -3, 2, -4, 6, 0, -3, -4, 6, -5, -5, -4, -3, 4, 6, -4, 1, -3, 5, 5, 3, 0, -5, 2, 4, 2, 2, 5, 1, -1, 6, -3, -2, 2, -1, 1, 2, -4, -6, -2, 5, 2, -4, -3, -4, 2, 6, 3, 1, -6, 2, -3, 2, 0, -6, -6, -5, -1, 6, 3, -1, 6]
 
2.72589289649: [6, -3, -3, -1, 4, -6, -5, -2, 4, -4, 2, -6, -2, -6, -3, 5, -6, 0, 5, 1, -6, 3, -2, 2, -3, -2, -2, -5, -4, 5, -5, 4, -5, 0, -2, -2, -4, 3, 5, -4, -4, 4, -6, 0, -3, -6, 4, -1, -6, 4, -5, -1, -4, 6, 4, 2, 6, -5, -4, -6, 2, -4, 0, -6, -3, -5, 3, -6, 6, -2, 6, -3, -3, 5, -2, 6, 1, 6, -2, 3, 1, 5, -4, -4, -2, -6, 6, 5, 4, -2, 1, 4, 3, 6, 4, -5, -3, -5, 4, -6, 6, -1, 2, -6, -2, -1, -6, -2, -6, 2, -3, 2, -3, 5, 5, -6, 2, -3, -2, 4, -6, -6, -3, -2, 4, 3, -1, 6]
 
4.47615955201: [6, 0, -3, -1, 4, -6, -4, -2, 2, -3, -6, -4, -6, -6, -6, -4, 0, -3, -3, 6, 2, 6, 5, -5, 5, 1, -2, -5, 6, 5, 5, -5, 1, -2, -1, -1, 1, 1, 3, -4, -4, 4, -6, 0, -2, 5, -5, -4, 2, 2, 0, -6, -2, 1, 6, 2, -5, 5, -4, -1, 2, 4, 0, 3, -4, -6, -5, -6, -2, 5, -4, 0, 6, -4, 6, -2, -1, -1, -1, 4, 2, -6, 0, -4, -4, -5, -4, 6, 4, -2, 1, 4, 3, 6, 4, -5, -3, -5, 4, -6, 6, -1, 2, -6, -2, -1, -6, -2, -6, 2, -3, 2, -3, 5, 1, -6, 2, -3, -5, 0, -6, -6, -3, -2, 4, -2, -1, 4]
 
0.789041287147: [-4, 5, -3, -6, 3, 3, 6, -2, 4, 3, -3, 5, 3, -6, 5, -5, -6, 6, -1, -4, 3, -4, 2, 6, -3, -1, -6, 4, -5, 3, 5, 5, -2, 1, -5, -3, -6, 3, -3, 2, 6, -2, -1, -4, -2, 5, -3, 4, -5, 4, 0, -2, -6, 2, -5, 5, -1, -3, 4, -1, -3, -1, 4, 4, -5, 3, -6, -3, -2, 5, 4, -1, 2, -2, -5, 6, -1, -4, 6, 0, 2, 4, -2, -4, -5, -4, -2, 6, 6, -4, -3, 6, -2, -5, 5, -1, -1, -1, 6, -6, 4, -4, -6, 1, -4, -5, 5, -1, -4, -1, -2, 4, 4, 0, -2, -6, 2, -5, -1, 6, 6, -6, -3, -3, 4, 3, -1, 6]
 
1.75301696751: [-4, 5, -3, -6, 4, -6, 6, -2, 2, 3, -6, -4, -6, -6, -3, 5, 5, 0, 0, -2, 3, -4, 2, 2, -3, 2, -6, 6, 6, 1, 5, -5, 1, 0, -2, -2, -4, 3, 5, -4, -4, 4, -6, 0, -3, -6, 4, 0, -6, -2, -5, 4, -3, -6, -4, 0, 6, -5, -4, -6, 6, -3, 0, 2, 3, 5, 1, -3, 2, -4, 6, 0, -3, -4, 6, -5, -5, -4, -3, 4, 6, -4, 1, -3, 5, 5, 3, 0, -5, 2, 4, 2, 2, 5, 1, -1, 6, -3, -2, 2, -1, 1, 2, -4, -6, -2, 5, 2, -4, -3, -4, 2, 6, 3, 1, -6, 2, -3, -2, 4, -6, -6, -3, -2, 4, 3, -1, 6]
 
3.36599580295: [6, -3, -3, -1, 4, -6, -5, -2, 4, -4, 2, -6, -2, -6, -3, 5, -6, 0, 5, 1, -6, 3, -2, 2, -3, -2, -2, -5, -4, 5, -5, 0, -6, 5, -5, 6, 1, 0, -3, -5, 2, 0, -3, 3, 0, 0, 4, -1, -6, 4, -5, -1, -4, 6, 4, 2, 6, -5, -4, -6, 2, -4, 0, -6, -3, -5, 3, -6, 6, -2, 6, -3, -3, 5, -2, 6, 1, 6, -2, 3, 1, 5, -4, -4, -2, -6, 6, 5, 4, -2, 1, 4, 3, 6, 4, -5, -3, -5, 4, -6, 6, -1, 2, -6, -2, -1, -6, -2, -6, 2, -3, 2, -3, 5, 5, -6, 2, -3, -2, 4, -6, -6, -3, -2, 4, 3, -1, 0]
 
1.28142102984: [6, -3, -3, 4, 0, -6, 0, -6, -5, 2, 5, 2, 4, 3, -5, -6, -4, 1, 4, -6, -5, -4, -2, -2, 1, -2, 6, -5, 6, -2, 5, -5, 4, -2, -1, -2, -5, 1, -6, 4, -4, -4, -6, -2, -2, 3, -5, 0, 0, -4, 0, 5, 3, 1, 6, 4, -5, 5, -4, -1, 1, 4, 0, 3, -1, 5, 1, 2, 2, 6, -4, 0, -4, -1, 3, 3, 5, -1, -5, 4, 2, -4, -1, 4, 1, -5, 1, 4, -6, 2, -4, -4, -3, 5, -5, 0, 6, 1, 4, -4, -1, -4, 4, 6, -2, -5, 0, 3, -6, -1, 6, 2, -3, -6, 5, 0, -2, -3, -2, 4, -6, -6, -3, -2, 4, 3, -1, 0]
 
1.58512671908: [1, 5, -3, -6, 4, 0, 6, -2, -5, -1, -6, -4, 0, -6, -3, 5, -1, -5, 6, -6, -2, 4, 2, 2, -3, -1, 3, 6, 6, 0, 5, -5, 1, 0, -6, 0, -4, -2, 5, -4, -4, 1, -6, 0, -3, -6, -5, -4, -3, 4, -5, 4, 0, -5, -5, 3, 6, -5, 3, -3, -6, -3, 0, 1, 0, 5, 1, -3, 2, 2, 6, 0, -3, -4, 6, 4, -5, 6, -3, 4, 6, -5, 3, -3, 6, 5, 3, 0, -5, 2, -5, 2, 2, 5, 1, -2, 6, -3, -3, 2, -1, 1, 2, 5, -6, -2, 5, 2, -4, -4, -4, 2, 6, 3, 1, -6, 2, -3, 5, -4, -6, 5, 2, -1, 5, -5, -6, 1]
 
2.28763852844: [6, 4, -3, -1, 3, -5, 2, -2, 2, 2, 5, -4, -6, 3, 1, 5, 5, -1, 0, 6, 3, 2, -2, -2, 1, -3, 5, -4, 1, -2, 5, 3, 4, -2, -1, 6, 1, -5, 1, -4, -1, -2, -1, 0, 2, -4, 1, 0, -6, 5, -5, 1, -4, 3, 0, -1, 6, 6, -4, -6, 6, -2, 0, 5, -6, -1, -2, -5, -4, -5, 6, -3, -6, -4, 1, -5, 4, -1, -4, 4, -5, -4, -6, 6, -3, -5, 5, 6, 4, -2, 0, -3, 6, 6, 4, -4, -6, -2, 4, -6, 0, 3, 4, 1, -4, -1, -6, -2, -6, 2, -3, 2, -3, 5, 5, -6, 2, -3, -2, 4, -6, -6, -3, -2, 4, 3, -1, 6]
 
0.766565868231: [6, -3, -3, -1, 4, -6, -5, -2, 4, -4, 2, -6, -2, -6, -3, 5, -6, 0, 5, 1, -6, 3, -2, 2, -3, -2, -2, -5, -4, 5, -5, 0, -6, 5, -5, -2, 1, 1, 3, -4, -4, 1, -6, 0, -2, 3, -5, -1, 2, 4, 0, -6, 3, -6, 6, -4, -5, -2, 0, -1, 3, -3, -2, 3, 1, -5, -2, -3, -4, 3, -4, 0, -4, -4, -5, -5, -6, -1, -5, -6, 2, -4, 1, -3, 1, -5, 3, 6, -2, 6, -1, -3, 5, 5, -3, -5, -1, 3, 4, -6, -4, 0, -3, 0, -2, -1, -6, -2, -4, -3, 4, 3, 4, 3, 4, -6, -6, 6, -2, 4, -5, -6, -3, -4, 3, -3, -3, 6]
 
0.839736702329: [6, -5, -3, 4, 0, -6, 6, 3, -1, 2, 3, -5, 6, 5, -5, 5, -5, 1, 4, -6, 5, -5, 3, -2, 1, -3, 0, -4, 1, -2, 5, -5, 4, 0, -1, 0, 1, -6, 5, -4, -4, 4, -6, 5, -2, 3, -2, 0, -1, 5, -5, 1, -4, 3, -3, -3, 6, 6, -4, -6, 6, -2, 0, 5, 3, 2, -2, -4, -3, -1, -2, 3, -2, -2, -4, 6, 1, 6, 6, -3, -3, -6, 1, -2, 5, -6, 5, -3, 4, -3, 1, 2, 2, 2, 4, 4, -3, 2, 6, -6, 6, -4, 2, 3, 6, 1, -6, -2, -6, 2, -5, 4, -3, -5, 1, -6, 2, -3, -2, 0, -6, -6, -3, -2, 4, -6, 4, 3]
 
2.17175363574: [6, -3, -3, 4, 0, -6, 6, -6, -5, 2, 3, 2, 4, 3, -5, 1, -4, 1, 4, -6, 5, 2, -2, -2, 1, -3, 5, -4, 1, -2, 5, -5, 4, -2, -1, -1, 1, 1, 3, -4, -4, 4, -6, 0, -2, 5, -5, -4, 2, 2, 0, -6, -2, 1, 6, 2, -5, 5, -4, -1, 2, 4, 0, 3, -4, -6, -5, -6, -2, 5, -4, 0, 6, -4, 6, -2, -1, -1, -1, 4, 2, -6, 0, -4, -4, -5, -4, 6, 4, -2, 1, 4, 3, 6, 4, -5, -3, -5, 4, -6, 6, -1, 2, -6, -2, -1, -6, -2, -6, 2, -3, 2, -3, 5, 1, -6, 2, -3, -5, 0, -6, -6, -3, -2, 4, -2, -1, 4]
 
2.58354686718: [6, -3, -3, 4, 0, -6, 6, -6, -5, 2, 3, 2, 4, -6, -3, 5, 5, 0, 0, -2, -6, 2, -2, -2, 1, -3, 5, -4, 1, -2, 5, 3, 4, -2, -1, 6, 1, -5, 1, -4, -1, -2, -1, 0, 2, -4, 1, 0, -6, 5, -5, 1, -4, 3, 0, -1, 6, 6, -4, -6, 6, -2, 0, 5, -6, -1, -2, -5, -4, -5, 6, -3, -6, -4, 1, -5, 4, -1, -4, 4, -5, -4, -6, 6, -3, -5, 5, 6, 4, -2, 0, -3, 6, 6, 4, -4, -6, -2, 4, -6, 0, 3, 4, 1, -4, -1, -6, -2, -6, 2, -3, 2, -3, 5, 5, -6, 2, -3, -2, 4, -6, -6, -3, -2, 4, 3, -1, 6]
 
2.42696513944: [6, 4, -3, -1, 3, -5, 2, -2, 2, 2, 5, -4, -6, 3, 1, 5, 5, -1, 0, 6, 3, 3, -2, 2, -3, -2, -2, -5, -4, 5, -6, 0, -2, -3, -4, 2, 1, 0, -3, -5, 2, 0, -3, 3, 0, 0, 4, -1, -6, 4, -5, -1, -4, 6, 4, 2, 6, -5, -4, -6, 2, -4, 0, -6, -3, -5, 3, -3, -4, 3, -4, 0, 5, -4, 6, -5, -6, -1, -5, 4, 2, -4, 1, -4, -2, -6, 6, 5, 4, -2, 1, 4, 3, 6, 4, -5, -3, -5, 4, -6, 6, -1, 2, -6, -2, -1, -6, -2, -6, 2, -3, 2, -3, 5, 5, -6, 2, -3, -2, 4, -6, -6, -3, -2, 4, 3, -1, 6]
 
1.76086199564: [6, -5, -6, -2, 1, -3, 4, -2, 1, -4, 2, -6, 6, -6, -1, -6, -1, 0, 5, 1, -6, 3, -2, 2, -3, -5, -2, -5, -4, 5, -5, 0, -6, 5, 4, 6, 2, -5, -3, 3, -6, 0, -6, -5, 0, 0, 4, -1, -6, 4, -5, 4, 3, -3, 4, 2, 6, 3, -4, -6, -4, -4, 0, -6, -3, 3, 3, -6, 6, -2, 6, -3, -3, 5, -2, 6, 4, 5, -2, -4, 4, -4, -4, -4, -2, -5, 6, -6, 4, 3, 1, 4, 3, 6, 4, -5, -3, -5, 4, -6, 6, -1, 2, -6, -1, -1, -6, -2, -6, 2, -3, 2, 2, 0, -3, 1, 2, -3, 0, 4, -6, 4, -3, -2, 4, 3, -2, 1]
 
1.59168333318: [5, -1, 4, -1, -3, 5, -6, -2, 2, -3, 3, 2, 4, -5, -5, 1, 0, 1, 4, 3, 6, -4, -2, 2, -3, -3, 3, -2, -4, 2, -2, 4, 3, 0, -2, -5, -2, 1, 5, -4, 1, 0, 6, 0, -3, -6, 4, 0, 0, -2, -6, 4, -3, -1, 5, 0, 6, -5, -4, -6, 6, -4, 0, 1, -3, -5, 3, -6, 6, -2, 6, -3, -3, -6, -4, 6, -4, 0, -2, 6, 4, -3, -1, -2, -2, -6, -6, 5, 4, -2, 1, -5, 3, 6, 4, -3, -3, -5, 4, -1, 6, -1, 2, -6, 4, -1, 2, 1, -6, 2, -3, 2, -3, 5, -3, -4, 1, 0, 6, 4, -6, 5, -3, -2, 4, 1, -4, 1]
 
1.74269627014: [6, -3, -3, -1, 4, -6, -5, -2, 4, -4, 2, -6, -2, -6, -3, 5, -6, 0, 5, 1, -6, 3, -2, 2, -3, -2, -2, -5, -4, 5, -5, 0, -6, 5, -5, 6, 1, -5, 1, -4, -1, -2, -1, 0, 2, -4, 1, 0, -6, 5, -5, 1, -4, 3, 0, -1, 6, 6, -4, -6, 6, -2, 0, 5, -6, 5, 1, -3, 2, -4, 6, 0, -3, -4, 6, -5, -5, -4, -3, 4, 6, -4, 1, -3, 5, 5, 3, 0, -5, 2, 4, 2, 2, 5, 1, -1, 6, -3, -2, 2, -1, 1, 2, -4, -6, -2, 5, 2, -4, -3, -4, 2, 6, 3, 1, -6, 2, -3, 2, 0, -6, -6, -5, -1, 6, 3, -1, 6]
 
1.45757223137: [6, 4, 6, 2, -2, 3, -3, -2, 4, -4, 3, -6, 4, -4, -3, 2, -6, -3, 3, 3, 0, 3, -1, 4, 4, -5, 2, -4, -1, 5, 2, 1, -3, 3, 2, 3, 1, 1, 3, -1, 2, 2, -3, 3, 0, 2, 6, 6, -6, -4, -5, 3, -4, 6, 3, 1, 6, 6, -1, -6, 6, -2, -1, 2, 3, -1, -6, -5, -4, -5, 6, -3, -6, -4, 1, -5, 4, -1, -4, 4, -5, -6, -6, 0, 0, -5, -3, 6, 4, -2, 0, -3, -1, 6, 4, -4, -6, -2, -4, 2, 0, 3, 4, 1, -4, -1, 6, -4, -6, 2, -1, 2, -3, 5, 5, 2, 2, -3, 3, -3, -6, -6, -3, -6, -4, -6, 2, 1]
 
1.98881322488: [6, -3, -3, 4, 0, -6, 6, -6, -5, 2, 3, 2, 4, 3, -5, 1, -4, 1, 4, -6, 5, 2, -2, -2, 1, -3, -2, -5, -4, 5, -5, 0, -6, 5, 4, 6, 2, -5, -3, 3, -6, 0, -6, -5, 0, 0, 4, -1, -6, 4, -5, 4, 3, -3, 4, 2, 6, 3, -4, -6, -4, -4, 0, -6, -3, 3, 3, -6, 6, -2, 6, -3, -3, 5, -2, 6, 4, 5, -2, -4, 4, -4, -4, -4, -2, -5, 6, -6, 4, 3, 1, 4, 3, 6, 4, -5, -3, -5, 4, -6, 6, -1, 2, -6, -1, -1, -6, -2, -6, 2, -3, 2, 2, 0, -3, 1, 2, -3, 0, 4, -6, 4, -3, -2, 4, 3, -2, 1]
 
1.14573586432: [6, -5, -6, -5, 5, -3, 4, -2, 6, 1, 2, -6, 6, 3, -4, -6, 0, 0, -2, 1, -6, 3, -5, 2, -3, -2, 5, -4, -4, 4, 5, 2, -3, -2, -1, -2, 1, 1, 0, -4, -4, 4, -5, 0, -2, -4, -5, 0, -6, 5, 6, 1, 5, 3, 0, -6, 6, 3, -4, -6, -5, 2, -3, -6, -3, 3, 3, -6, -5, -2, -5, -6, -3, 0, -2, 6, -4, 5, -2, -4, 4, -4, -4, -1, -2, -5, -2, -6, -6, 3, -5, 2, 3, 6, 4, -5, 0, 0, 5, -4, 6, -1, 2, -6, -5, -1, -2, 3, -3, 2, -3, 2, 2, 0, -3, 1, 2, -3, -2, 4, -6, 4, -3, -2, 4, 5, -2, 1]
 
3.64836297781: [6, -3, -3, -1, 4, -6, -5, -2, 4, -4, 2, -6, -2, -6, -3, 5, -6, 0, 5, 1, -6, 3, -2, 2, -3, -2, -2, -5, -4, 5, -5, 0, -6, 5, -5, 6, 1, 0, -3, -4, -4, 4, -6, 0, -3, -6, 4, 0, -6, -2, -5, 4, -3, -6, -4, 0, 6, -5, -4, -6, 6, -3, 0, 2, 3, 5, -2, -5, -4, -5, 6, -3, -6, -4, 1, -5, 4, -1, -4, 4, -5, -4, -6, 6, -3, -5, 5, 6, 4, -2, 0, -3, 6, 6, 4, -4, -6, -2, 4, -6, 0, 3, 4, 1, -4, -1, -6, -2, -6, 2, -3, 2, -3, 5, 5, -6, 2, -3, -2, 4, -6, -6, -3, -2, 4, 3, -1, 6]
 
2.09726264828: [6, -3, -3, -1, 4, -6, -5, -2, 4, -4, 2, -6, -2, -6, -3, 5, -6, 0, 5, 1, -6, 3, -2, 2, -3, -2, -2, -5, -4, 5, -5, 4, -5, 0, -2, -2, -4, 3, 5, -5, 2, 0, -3, 3, 0, 0, 4, -1, -6, 4, -5, -1, -4, 6, 4, 2, 6, -5, -4, -6, 2, -4, 0, -6, -3, -5, 3, -6, 6, -2, 6, -3, -3, 5, -2, 6, 1, 6, -2, 3, 1, 5, -4, -4, -2, -6, 6, 5, 4, -2, 1, 4, 3, 6, 4, -5, -3, -5, 4, -6, 6, -1, 2, -6, -2, -1, -6, -2, -6, 2, -3, 2, -3, 5, -3, 5, 2, -3, -2, 4, -6, 5, -3, -2, 4, 3, -1, 1]
 
0.877565138109: [6, -3, -1, -1, 4, 5, -5, -2, 4, -4, 2, -6, -6, -6, -2, 5, 1, -6, -6, 0, -6, -3, -2, 5, -3, 3, -3, -5, -3, 5, -2, 0, -6, 5, -5, 6, 1, 0, -3, 1, 6, 5, -2, -3, 0, 0, 4, -2, -5, 4, -5, -1, -4, 6, -1, 0, 4, 6, -4, -6, 2, 2, 0, -6, -3, -5, 3, 6, 0, -2, 1, -3, -3, 5, -2, 6, 1, 6, 2, 3, 1, 5, -4, -4, -2, -6, 6, 5, 4, 3, -6, 0, 3, 6, 4, -5, -1, -5, 0, 4, 4, -1, 2, 5, 0, -3, 1, -2, -4, 2, -3, 2, -3, -4, -6, -6, 2, -3, -2, 4, -6, -6, -3, -2, -6, 4, -1, 6]
 
1.60405248235: [-1, -3, 4, -1, 4, -6, -5, -2, 4, -1, 1, 6, 5, -6, -3, 5, -3, 6, 5, 1, -6, 3, -2, 2, -3, -2, -2, -5, -1, 5, -5, -5, -6, 5, -5, 6, 0, 0, -3, -5, 2, 0, -3, 3, 0, 0, 4, -1, -6, 1, -1, -1, -3, 1, 4, 2, 6, -5, -4, -6, 3, -4, 0, 4, 6, -5, 3, -6, 6, -2, 6, -3, -4, 5, -2, -4, 1, -3, -2, -4, 1, 5, -1, -4, -2, -4, 6, 0, -4, -2, 5, 4, -6, 5, -6, -5, -3, -5, 4, -6, 6, -1, 2, -6, -3, -1, -6, -6, -6, 2, -3, 6, 6, 5, 5, 4, 2, -3, -2, 4, -6, -2, -3, 2, 4, -3, 0, -2]
 
