0.224162381777: [6, 3, -3, -3, -6, -4, 6, -2, -2, 5, 6, -4, -3, -3, 6, 0, -4, -2, -2, -3, -2, -2, 2, 6, 0, 5, 3, 5, 5, 5, 3, 1, 2, 3, -5, 0, -1, -6, 0, -4, -5, 1, 6, -1, -1, 0, -5, 5, -6, -2, 1, -1, 1, -2, 4, 2, 3, 3, -3, 6, 1, -3, 0, -6, 0, 3, 6, 4, -4, 4, -3, 0, 1, 1, -4, 1, 3, 6, 1, -1, -4, -5, -5, 1, -3, -4, 2, -4, 6, 2, -2, -6, 3, -6, 6, -2, 3, 4, 6, 5, 1, 6, 0, 5, 6, 5, -3, 3, 3, -6, 4, 5, -1, -6, -1, 6, 1, 1, 6, 5, 3, 4, 2, 5, -1, 5, -2, -4]
 
1.3560985382227302: [-6, 5, -5, -5, 6, 3, -1, -1, 4, 2, 6, -6, 2, 6, 0, 1, 5, -2, -6, 3, -2, -2, -4, 3, -4, -3, 6, -2, 2, 3, -1, 2, 1, -2, -3, -3, -1, 6, -1, 6, 1, 0, -1, 2, -4, 1, -2, 6, 1, -3, 5, -6, -3, -1, -6, 2, -2, 0, 0, 6, -2, -6, -6, 5, -4, -5, -1, 1, 0, -4, 6, 1, -3, -6, 3, -6, -6, 4, -5, 3, -1, -1, -5, -2, 5, 4, -2, 0, -5, 3, 1, 0, 6, 1, 4, -3, 5, 3, 4, -5, 0, 4, 1, -4, -5, -1, 1, 1, 4, 6, -4, 3, -1, -5, -2, 2, -4, -3, 4, 5, -1, 4, 3, -3, 0, 2, 5, 2]
 
0.86262220467: [3, 4, 4, 2, 2, -5, -6, -6, -4, 0, -5, 1, -6, -3, -3, 6, -3, 5, 3, -4, 4, 6, -1, -2, 5, -3, -4, 6, -3, 5, -6, 1, 4, 5, 1, -4, 1, 5, -4, -4, 5, -3, 1, -4, -1, -3, -2, 3, -1, 3, 1, -1, 5, -1, 4, -1, -4, -4, -1, 0, 1, -3, -1, -4, -5, 3, 3, 4, 3, 3, 3, 6, 1, -1, 5, -3, 3, 2, -1, -4, -6, 5, -4, 0, -3, 5, -3, -4, 0, -2, 4, -2, 3, 4, 6, -2, -4, 3, 0, 5, -3, -3, -3, 0, 4, 0, -1, 4, -5, -3, 3, -3, -1, -2, -5, -6, -4, -3, 4, 3, 2, 4, -1, -1, -6, -2, 3, -5]
 
1.11325364269: [-1, 4, -2, 1, -4, 6, 5, 4, 6, -6, 6, -5, 2, -5, -5, 3, -6, -2, 1, 3, -3, 5, -4, 3, -4, -4, 1, -1, 0, -2, -2, 5, -2, 5, -3, 2, 0, 6, -2, 6, -1, 0, 4, 0, 3, 0, 1, 5, 1, 3, -5, -6, 2, -3, 6, 6, -5, 4, -4, 3, -2, 5, 4, 1, 0, 1, -5, -6, 6, 2, -4, 0, -3, -6, -2, -4, 1, 6, -2, -3, -1, -1, -6, 2, 1, -6, 6, 5, 4, -2, 4, 6, -2, 6, -1, -5, -3, 0, 4, 2, 6, -1, 2, 2, -2, 6, 1, -1, -6, 5, -2, 2, 2, 5, 5, -3, 2, -4, 1, -2, 0, -6, 6, -4, -5, -5, -6, 3]
 
2.3566361521173946: [6, 0, 6, 1, -1, -6, 6, -2, -2, 5, 5, 2, -5, 6, 6, 1, -4, -2, -6, 3, 1, 4, 2, 3, 6, -3, 4, 2, -4, 1, 2, -6, -6, 0, 4, -3, 1, -6, 0, 6, 5, 0, 1, 0, -6, 0, 0, 5, -6, 1, -1, -1, 6, 6, -4, 2, 3, 1, -4, 5, -3, 1, 3, -5, 1, 4, 3, -1, -4, 3, -2, -2, 1, -5, -4, -5, 3, 6, -4, 0, -4, -5, -5, -5, 3, 0, 4, -5, 5, -4, -4, -4, -2, 3, -3, -4, -2, -6, 3, 4, -6, -2, -1, 3, -4, 4, -5, 0, 2, -1, 4, 3, -2, -3, -5, -6, -1, -1, -2, -3, 3, -5, -2, -6, 5, -1, 1, -2]
 
1.6521758234570503: [-1, 3, -3, -2, -1, 3, 1, 1, 2, 6, -5, 5, 4, -3, -1, 6, 4, 0, -3, -4, 2, -2, 1, 5, -6, -4, 0, -1, -1, -5, 3, 6, -2, 5, 2, 3, -1, 5, -6, 6, 4, -5, -1, 0, 3, -6, -1, 4, -4, 3, -6, -6, -6, 3, 6, 0, 5, 3, -4, 5, 6, -3, 0, 5, -5, 5, -2, -5, 5, -2, 2, 4, 4, 1, 4, -1, -1, -6, -6, 4, -4, -2, -5, 1, 2, 0, 4, 4, 3, 3, 6, 4, -5, -3, -1, 0, 3, 6, -1, -4, 1, -6, 2, -5, -4, -4, -4, 4, 0, 1, 5, 2, 6, 4, -6, 2, 5, 1, 1, -1, 3, 2, 1, -5, 3, -5, -4, 6]
 
1.5526746812656738: [-6, 5, 4, 0, 2, 6, -6, -6, 4, 2, 6, -6, 2, 6, -5, 6, -5, 3, 2, -4, -6, 6, -2, 3, 0, -3, -4, 0, -4, 5, -5, -6, 4, 3, -5, -4, 1, -3, -6, -4, 5, 0, -1, 0, -4, 0, 4, 5, -6, 3, -4, -1, -4, 6, 4, 2, 6, -5, -4, -6, 6, -3, 0, -6, 0, 4, 3, -4, -5, 3, -4, 0, -3, -6, -4, -4, 1, 6, 3, 3, -1, 5, -5, -5, -3, -6, 6, 5, -1, -2, -2, 4, 3, 4, 4, -1, -3, -5, 4, -6, -2, -1, 2, -6, -2, 6, 4, 5, -6, 4, -3, -1, -4, -3, 5, -6, 2, -3, -6, -3, 3, -5, -3, 1, 4, 2, -2, 3]
 
1.152778479700498: [4, 5, -6, -5, 0, 6, 3, -5, -3, 2, 6, -1, 2, 6, 6, 3, 3, -2, 2, 3, -2, 3, -4, 4, 0, 1, -6, 2, -1, 4, 6, 0, 3, 6, 6, -2, 3, -2, 2, 2, 6, -1, 5, -4, -3, -1, -6, 6, -6, -5, 4, -1, -1, -1, 6, -5, 3, -4, 4, -5, -3, 4, 2, 5, -4, 2, 1, -4, 3, -3, -2, 5, -3, 1, 1, -5, 6, -4, 4, 4, -1, 6, -4, 3, -2, -4, -2, -1, -3, -4, 3, 5, -3, -5, 0, 2, -3, -4, 2, 4, -6, 6, 5, -4, 0, -5, 6, 6, -5, 1, 0, 5, -3, -6, 0, -4, -1, 0, -1, 6, 0, -5, -5, 0, -6, -3, -1, -1]
 
0.8215933771652142: [-6, 5, 4, -5, 2, 5, 4, -6, 2, 2, 6, -4, 2, 6, -5, 6, -6, -5, -1, 3, 0, 6, -2, 3, -3, -3, -3, 4, 6, -6, -5, -2, 6, 2, -5, -4, -5, 5, -6, 5, 4, 5, 4, 6, 1, 6, 2, -2, 5, 1, -6, -3, -2, 5, 0, -1, 0, 6, 0, 6, -5, -4, 0, -3, 2, -2, 2, -5, 1, -6, 4, 6, 6, -1, -6, -2, 6, -5, 2, 4, 6, -1, 1, -4, -1, -4, -4, -4, -4, 2, -5, -1, -5, -5, 3, 1, -2, -6, -6, 1, 1, 2, -2, 6, -5, -1, 1, -2, -2, 4, 5, -4, -5, 6, 5, 3, 0, 3, -4, -1, 6, 6, 2, 3, 2, 6, -2, 1]
 
2.3396143400984166: [-6, 5, 4, 0, 2, -5, -6, -2, 4, 0, 1, -6, -6, -6, -3, 6, -5, 3, 2, -4, -6, 6, -2, 3, 0, -3, -4, 0, -4, 5, -5, -6, 4, 3, -5, -4, 1, -3, -6, -4, 5, 0, -1, 0, -4, 0, 4, 5, -6, 3, -4, -1, -4, 6, 4, 2, 6, -5, -4, -6, 6, -3, 0, -6, 0, 4, 3, -1, 3, 3, -5, 0, 1, -5, -4, -4, 3, 6, -1, 3, -4, 5, -5, -5, -3, -6, 1, 5, -1, -2, -2, -6, 3, 4, 4, 5, -3, 3, -3, -1, -1, -3, -3, 2, 1, -2, 4, -4, 0, 5, 5, -1, -2, 6, -6, 0, -2, 2, 5, 5, -5, 1, 5, 1, 3, 5, -2, 1]
 
2.0710117911080834: [4, 5, 4, -5, -1, 3, 0, -1, 4, 2, 6, -6, 2, 4, -5, 1, 5, 5, -6, -5, -2, 3, 0, -4, -2, 0, 4, -2, 6, -2, -6, 0, -1, -5, -3, 1, -2, 6, -1, 6, -4, 0, -1, 0, -4, -1, -2, -1, 3, 3, -3, 1, 5, 1, 4, -5, -5, -5, -4, -3, 6, -3, -5, -4, -5, -1, 0, -5, -2, -6, -3, -5, -4, -1, -1, 1, 6, 3, -3, 4, -3, 3, 6, -6, 1, -5, 1, 6, -5, 2, -1, 2, -3, 5, 1, -1, 6, -1, -6, -4, -5, -1, -4, -6, -6, -4, -3, 1, -3, -3, 6, 1, -4, 5, 3, 6, 4, 0, -2, 2, -2, 2, 3, 3, 6, -4, -5, 4]
 
2.1742947052387596: [-6, 5, 4, 0, 2, -5, -6, -2, 4, 0, 1, -6, -6, -6, -3, 6, -5, 3, 2, -4, -6, 6, -2, 3, 0, -3, -4, 0, -4, 5, -5, -6, 4, 3, -5, -4, 1, -3, -6, -4, 5, 0, -1, 0, -4, 0, 4, 5, -6, 3, -4, -1, -4, 6, 4, 2, 6, -5, -4, -6, 6, -3, 0, -6, 0, 4, 3, -1, 3, 3, -5, 0, 1, -5, -4, -4, 3, 6, -1, 3, -4, 5, -5, -5, -3, -6, 1, 5, -1, -2, -2, -6, 3, 4, 4, 5, -3, 3, -3, -1, -1, -3, -3, 2, 1, -2, 4, -4, 0, 5, 5, -1, -2, 6, 1, 0, -2, 2, 5, 5, -5, -4, 4, 1, 3, 6, 4, 1]
 
0.557252369689: [-6, -4, 4, 1, -5, -5, -6, -2, 5, -6, 1, 4, -5, -6, -1, 6, 5, 6, 2, -4, -2, -3, 4, 6, 0, -3, 6, 0, -4, 4, -1, 6, 4, 2, 0, -4, 1, -5, 0, -2, -1, -5, 1, 6, 1, -1, 4, 4, 0, 3, 3, 2, -4, 6, 4, -1, 6, -5, -6, -6, 4, -3, 0, -2, 3, 4, 1, -1, 3, 3, 4, 5, -3, 2, -4, -4, -1, 5, -4, 3, -1, -3, 2, -5, -3, 3, 6, 0, -2, -2, 3, 4, -6, 2, 1, 2, 5, -6, 3, -2, 2, 0, 3, -4, -4, -2, -3, -5, -6, -3, -3, 5, -5, 0, 4, 1, -1, 5, 2, -1, 5, 2, -3, 1, -5, -3, 2, 4]
 
1.23337584273: [5, 5, 4, -1, 2, -3, -6, 0, 0, 0, 2, 0, 6, -6, 0, -1, -5, -6, 2, 6, 6, -4, -4, 4, -5, 4, 0, -6, -1, -2, 2, 2, -2, -1, -3, 6, 6, 4, -1, 6, 3, 0, -2, -3, 0, 5, 4, 3, -2, -3, -3, -4, -3, -6, 0, 0, -6, -5, -4, -2, 6, -4, 0, -6, -3, -5, 3, -4, -6, 3, -4, 0, -3, 2, -4, -4, 1, 0, -2, -3, -1, 5, -4, 6, -3, -6, -5, 1, -1, -2, -2, 4, 3, 2, -6, -4, -1, 0, 4, -6, 3, -5, -2, 2, 4, 1, 4, -3, 3, 5, -2, -1, 4, 2, 5, 0, -1, 2, -2, 4, -5, -2, 5, -4, 1, -6, 6, -4]
 
2.174628836423835: [4, 5, 4, -5, -1, 3, 0, -1, 4, 2, 6, -6, 2, 4, -5, 1, 5, 5, -6, -5, -2, 3, 0, -4, -2, 0, 4, -2, 6, -2, -6, 0, -1, -5, -3, 1, -2, 6, -1, 6, -4, 0, -1, 0, -4, -1, -2, -1, 3, 3, -3, 1, 5, 1, 4, -5, -5, -5, -4, -3, 6, -3, -5, -4, -5, -1, 0, -5, -2, -6, -3, -5, -4, -1, -1, 1, 6, 3, -3, 4, -3, 3, 6, -6, 1, -5, 1, 6, -5, 2, -1, 2, -3, 5, 1, -1, 6, -1, -6, -4, -5, -1, -4, -6, -6, -4, -3, 1, -3, -3, 6, 1, -4, 5, 3, 6, 4, 0, -2, 2, -2, 2, 3, 3, 6, -4, -5, 4]
 
1.0138572458650035: [6, 0, 6, -1, -1, -6, 6, -2, -2, 5, 6, 2, -5, 6, 5, 1, 1, -2, -6, 3, 1, -2, 2, 4, -5, 3, 0, 5, -1, -6, -2, -1, -3, -5, -2, -3, -2, 0, 6, -5, 3, 6, 4, -1, 4, -3, 0, 1, 2, 0, 5, 5, 0, -2, -3, 6, 2, -2, 0, 6, 6, -6, -3, 5, -5, -5, -1, 1, 0, -4, 6, 1, -3, -6, 3, -6, -6, 4, -5, 3, -1, -1, -5, -2, 5, 4, -2, 0, -5, 3, 1, 0, 6, 1, 4, -3, 5, 3, 4, -5, 0, 4, 1, -4, -5, -1, 1, 1, 4, 6, -4, 3, -1, -5, -2, 2, -4, -3, 4, 5, -1, 4, 3, -3, 0, 2, 5, 2]
 
1.8149958848586465: [5, 5, 4, -1, 2, -5, -6, -2, 4, 0, 2, -6, 6, -6, -3, 5, -5, 3, 2, -4, -6, 6, -2, 3, 0, -3, -4, 0, -4, 5, -5, -6, 4, 3, -5, 6, 1, 5, -6, -4, 5, 0, 6, 4, 0, 3, 5, 5, -6, -3, -4, -1, -1, 6, 4, 2, 6, 0, -4, 2, 5, 6, 5, -3, -2, -5, 3, 2, -1, -3, 6, -3, 5, -3, -4, -5, -6, -3, -4, -5, -3, -4, 1, -4, -3, -2, -1, 5, 6, 2, -2, 4, 3, 4, -5, -2, -3, -4, -3, 1, -1, 6, 0, 2, 6, 2, -3, -4, 0, -6, 5, 0, -2, 6, -1, 5, 1, -1, 6, 5, 3, 1, 5, 5, 0, 5, -2, 1]
 
1.399225103266792: [4, 5, -5, -5, 6, 6, 0, -1, 4, 2, 6, -6, 2, 6, -5, 1, 5, -2, -6, 3, -2, -2, -4, 4, -4, -4, 4, -2, -1, -2, -6, 0, -2, 4, -3, 1, -1, 6, -1, 6, -4, 0, -1, 0, -4, 0, -2, 5, 1, 3, -3, -6, 2, 6, 4, 6, -5, -5, -4, -2, 6, -3, 0, -6, -5, -1, 0, -5, -2, -6, -3, -5, -4, -1, -1, 1, 6, 3, -3, 4, -3, 3, 6, -6, 1, -5, 1, 6, -5, 2, -1, 2, -3, 5, 1, -1, 6, -1, -6, -4, -5, -1, -4, -6, -6, -4, -3, 1, -3, -3, 6, 1, -4, 5, 3, 6, 4, 0, -2, 2, -2, 2, 3, 3, 6, -4, -5, 4]
 
1.3750224568868679: [4, 5, -5, -5, 6, 6, 0, -1, 4, 2, 6, -6, 2, 6, -5, 1, 5, -2, -6, 3, -2, -2, -4, 4, -4, -4, 4, -2, -1, -2, -6, 0, -2, 4, -3, 1, -1, 6, -1, 6, -4, 0, -1, 0, -4, 0, -2, 5, 1, 3, -3, -6, 2, 6, 4, 6, -5, -5, -4, -2, 6, -3, 0, -4, 2, -2, 2, -5, 4, -6, -3, -5, -5, -1, 0, -2, 6, 3, 3, 4, 6, -1, 1, -6, 1, -5, 3, 6, -5, 2, -1, 2, -3, 5, 1, -1, 6, -1, 3, 6, -3, -2, -1, -6, -4, -3, 5, -4, 2, 3, 3, 3, -1, -3, 5, -6, 2, -3, -6, -3, 3, -5, -3, 1, 4, 2, -2, 3]
 
1.42876220067: [1, 5, 6, -5, 6, 2, 6, -1, 4, -6, 6, -6, 2, 6, -6, 1, -6, -2, -4, -4, -2, -2, -4, 4, -6, 3, 4, -2, -1, -5, -6, -4, -1, 4, -3, 6, -1, 6, -1, 6, -4, 0, -1, -6, -4, 0, 5, 5, 5, 3, 0, -6, 2, 6, 4, 4, -5, 3, -4, -2, -1, 2, 0, -1, -5, 1, 3, -4, 0, 3, -4, 5, -3, -6, -4, -4, 1, -3, 3, 3, -1, -4, 1, 5, 1, -5, 5, 6, -5, 2, 5, 2, -3, 5, 0, -1, 6, -6, -6, -4, -1, 6, 5, -6, -6, -4, -3, 1, -3, -3, 6, 1, 1, 5, 3, 6, -5, 6, 0, 4, 0, -5, 5, 0, -6, 4, -1, 5]
 
0.9598419164745388: [-3, 5, 4, -6, 6, 6, 6, -1, 4, 2, 4, 5, -2, 2, -5, -5, -4, -2, 3, -4, 6, 6, -2, 0, -2, -3, -4, 2, -4, 5, -5, 6, -3, 5, 2, 6, 1, 5, -6, -4, -5, 0, 6, 6, 2, 3, -6, 5, -6, -2, -3, -1, -1, 6, 4, 2, 6, -1, -4, 2, -4, 6, 5, 0, -3, -5, 3, -2, -1, -3, 6, -3, 5, -3, -4, -5, -6, -3, -4, -5, 0, -4, 1, -4, -3, 4, 0, 5, 6, 2, -2, -6, 0, 4, -3, -3, -3, -5, -3, 1, -1, 6, 0, 2, 6, 2, 0, -6, 4, -6, 5, 0, -1, 6, -1, 5, 5, -1, 6, 5, 3, 1, 5, -5, 1, 5, -2, 1]
 
1.9060459486879846: [-6, 5, 4, 0, 2, 6, -6, -6, 4, 2, 6, -6, 2, 6, -5, 6, -5, 3, -1, 3, -6, 6, -2, 3, 2, -2, -4, 0, 5, 5, -2, -6, 4, -3, -5, 2, 1, -5, -3, -4, 5, -2, -1, 5, -4, 0, 4, -1, -6, 4, -5, -1, -4, 6, 4, 2, 6, -5, -4, -6, 2, -4, 0, -6, 0, -2, -5, -1, 3, 3, 5, 0, 1, -5, -4, -4, 3, 6, -1, 3, -4, 5, -5, -5, 2, -6, 6, 5, 0, -2, -2, 4, -1, -5, 5, -1, 5, -3, -3, 1, -1, -3, 0, 2, 6, 2, 1, 6, -3, 5, -6, 4, -2, 6, -6, -4, -2, 2, 5, 5, -5, 1, -2, 1, 0, 5, 1, 1]
 
0.672771682938: [5, -3, 4, 0, 2, 1, -6, -2, 3, 3, -1, 5, 5, 6, 2, -2, 0, 3, 4, 3, 1, -3, -2, 3, 4, -6, 2, 0, 5, 5, 5, -4, 5, -3, -5, 2, -6, -4, -3, -4, 4, -2, -1, 1, 5, -4, 2, -1, 3, 4, 5, 0, -3, 6, 4, 2, 6, 4, -4, -6, 2, -4, -5, -6, 5, -3, 1, -1, 3, 3, 6, 0, 5, 1, -4, -4, 3, 6, -2, 3, -4, 5, 4, -3, -2, -4, -6, -6, 0, -2, -6, 1, 4, 4, 3, 2, -3, -3, -3, 3, -1, -3, 0, -2, 4, 2, -2, 6, -3, 4, -6, 2, 0, 6, -1, -2, 6, 3, -5, 5, 3, -1, -2, -6, 1, 5, 1, -3]
 
1.7287440200506197: [-4, 5, -3, -5, 3, 6, 3, 3, 5, 2, 5, -6, -6, 6, -5, 1, -4, -2, -2, -6, -4, -3, -3, -3, 1, 5, 1, -5, -5, 6, 4, 5, 2, -6, -1, 2, -6, -5, 3, -3, 3, -4, -1, 0, 4, 2, -5, -6, 4, 1, 2, 3, 5, 6, -6, -3, 2, -5, -2, 1, 6, 6, 0, 2, 0, 4, 3, 3, 3, 3, -2, 0, 1, -2, -4, -4, 3, 6, -1, -4, -4, 5, -5, -5, 1, -6, 1, 5, -4, 3, 6, -6, -5, 2, 5, 5, 0, -3, -3, -1, -1, -3, 5, 2, 1, 0, 4, -5, -6, 5, 5, -1, -2, 6, -6, 0, -2, 2, 5, 5, -5, 1, 5, 1, 3, 5, -2, 1]
 
0.9538102445181541: [6, 0, 6, -1, -1, -6, 6, -2, -2, 5, 6, 2, -5, 6, 5, 1, 1, -2, -6, 3, 1, -2, 2, 4, -5, 3, 0, 5, -1, -6, -2, -1, -3, -5, -2, -3, -2, 0, 6, -5, 3, 6, 4, -1, 4, -3, 0, 1, 2, 0, 5, 5, 0, -2, -3, 6, 2, -2, 0, 6, 6, -6, -3, -6, 0, 1, 3, -4, -5, 3, -4, 0, -3, -6, -4, -4, 1, 6, 3, 3, -1, 5, -5, -5, -3, -6, 6, 5, -1, -2, -2, 4, 3, 4, 4, -1, -3, -5, -3, 1, -1, -3, 0, 2, 6, 2, 1, -4, 0, 5, 5, 4, -2, 6, -6, 0, -2, 2, 5, 5, -5, 1, 6, 1, 3, 5, -2, 1]
 
0.551953604326: [6, -6, 2, -1, -1, 2, 0, -3, -2, -6, 6, 2, 4, 6, 5, 1, 1, -2, -6, 4, 1, -2, -4, 4, -4, 3, -3, 5, -4, 1, 3, -1, -3, 6, -2, -3, -2, 0, 6, -5, 3, -2, 4, -1, 4, -3, 5, 5, 0, -3, 6, -5, -1, 6, 0, 2, 6, 0, -4, 2, 2, -3, 5, -2, 1, 3, -6, 3, -1, 0, 6, -3, -4, 6, -4, -5, -6, 0, -4, -5, -3, -4, 1, 0, 6, -2, 1, 5, 6, 2, 0, 4, 3, 4, -6, -2, -3, 2, -3, 3, -1, -2, 0, 2, 6, 2, -3, -4, 0, 0, 5, 0, -2, 6, -1, 5, 2, -1, -3, 5, -5, 1, -4, 5, 0, -5, -1, -1]
 
0.5971583743486979: [4, 5, -5, -5, 6, 6, 6, -1, 4, 2, 4, -6, 2, 6, -5, -5, -4, -2, -6, 3, -2, 4, -4, 4, -4, -4, 4, -6, -1, -2, 2, 2, -2, 4, -3, 6, -4, 6, -1, -5, -4, 0, -2, -3, -4, 5, 5, 3, 1, -3, -3, 3, 2, 6, 4, 6, -5, -5, -4, -2, 6, -3, 0, -6, -3, -5, 3, -4, -5, 3, -4, 0, -3, 6, -4, -4, 1, 6, -2, 3, -1, 5, -5, 6, -3, -6, -5, 2, -1, -2, -2, 4, 3, 4, 4, 1, -1, 0, 4, -6, -2, -1, -2, 2, 4, 1, 4, 5, 3, 5, 5, -1, 4, 2, -6, 0, 3, 2, -2, 5, -5, 1, -6, 1, 3, -6, 3, -4]
 
1.0791687112496702: [4, 5, -5, -5, 6, 6, 0, -1, 4, 2, 6, -6, 2, 6, -5, 1, 5, -2, -6, 3, -2, -2, -4, 4, -4, -4, 4, -2, -1, -2, -6, 0, -2, 4, -3, 1, -1, 6, -1, 6, -4, 0, -1, 0, -4, 0, -2, 5, 1, 3, -3, -6, 2, 6, 4, 6, -5, -5, -4, -2, 6, -3, 0, -6, 0, 1, 3, -4, -5, 3, -4, 0, -3, -6, -4, -4, 1, 6, 3, 3, -1, 5, -5, -5, -3, -6, 6, 5, -1, 2, -1, 2, -3, 5, 1, -1, 6, 3, 1, 0, -4, -3, -2, -5, -5, -1, 1, 1, -2, 4, 5, -4, -5, 6, -4, 0, 5, 3, -4, -4, 6, 6, 2, 3, 3, 6, -1, 2]
 
1.63964024616: [6, 2, -3, -5, 3, 6, 3, 3, 4, 2, 5, -6, 6, -4, -5, 1, -5, 1, -2, -6, -4, -3, -3, -5, -1, 6, 1, -5, -5, 6, 4, 5, -4, 2, 6, -4, 1, -6, -6, -4, 5, 0, -1, 0, 0, 6, 6, 5, -6, -1, -4, -1, -6, 6, 4, 2, -5, -5, -5, -6, -4, -3, 0, -6, -4, 3, 3, 2, 3, 5, -5, 0, 1, -5, -4, -4, 3, 6, 0, -1, -4, 5, -5, -5, -3, -6, 1, 5, 5, 4, -2, -4, 5, -5, 4, 5, -2, -3, -3, -1, -1, -3, -3, 6, 1, -2, 4, -1, 1, 6, -2, -3, -6, -5, 2, 2, -5, -3, 3, 5, -6, 2, -1, 6, 5, 4, 5, 1]
 
1.659154466003102: [5, 5, 4, -1, 2, -5, -6, -2, 4, 0, 2, -6, 6, -6, -3, 5, -5, 3, 2, -4, -6, 6, -2, 3, 0, -3, -4, 0, -4, 5, -5, -6, 4, 3, -5, 6, 1, 5, -6, -4, 5, 0, 6, 4, 0, 3, 0, 1, 2, 0, 5, 5, 0, -2, -3, 6, 2, -2, 0, 6, 6, -6, -3, 5, -5, -5, -1, 1, 0, -4, 6, 1, 5, -2, 6, 2, -6, -1, -5, 3, 2, -4, 1, -6, 1, -5, 3, 6, -5, 2, -1, 2, -3, 5, 1, -1, 6, 3, 1, 0, -4, -3, -2, -5, -5, -1, 1, 1, -2, 4, 5, -4, -5, 6, -4, 0, 5, 3, -4, -4, 6, 6, 2, 3, 3, 6, -1, 2]
 
0.5761864685507005: [6, 0, 6, -1, -1, -6, 6, -2, -2, 5, 6, 2, -5, 6, 5, 1, 1, -2, -6, 3, 1, -2, 2, 3, 0, -3, 4, 0, -4, 1, -3, -6, 4, 3, -5, -4, 1, -6, 0, -4, 5, 0, -1, 0, -2, 0, -5, 5, -6, 1, -1, -1, -4, 6, 4, 2, 3, -5, -4, -6, 6, -3, 0, -6, 0, 4, 3, -1, -4, 3, 1, 0, 1, -5, -4, 1, 3, 6, -1, 6, -4, -5, -5, -5, -5, -5, 4, -5, -1, -4, 5, -4, -2, 3, 0, 0, -2, -6, 3, 4, 1, -2, -1, 3, -4, -3, 0, 0, 2, -1, 3, 3, -2, -3, 5, -6, 2, -4, 4, -3, 3, -5, -2, 1, 5, -6, -1, 2]
 
1.7796414528946642: [-4, -1, 4, 0, 2, -1, -6, 0, -4, 0, -5, -6, 5, -6, -1, 3, -1, 4, 2, -5, -6, 6, -2, 3, 0, -3, 4, -4, 3, -2, -3, -6, 4, 3, -5, -4, 1, -6, 4, -4, -4, 0, -2, 0, -2, 0, 6, -4, 1, 1, -1, 2, -4, 6, 4, 2, 3, -5, -4, -6, -1, -3, 2, -6, 0, -5, 6, -5, -4, -5, 1, 0, 1, 1, -4, 1, -5, 6, -1, 6, 0, 6, -5, -5, -2, -2, 5, 5, -3, 2, -1, 4, 3, -1, 3, 5, -3, 5, -3, 1, -1, 6, 0, 4, 1, 2, -3, -4, -2, -6, 5, -5, -5, 6, -1, -6, 1, 4, 6, 5, -4, 1, 0, 5, 0, 5, 1, 1]
 
0.854499244307: [-1, 0, -2, 3, 6, 6, -2, -1, -6, 2, 6, -6, 2, 6, 5, -4, 5, -6, 0, 3, -3, 5, -4, 4, -4, 6, 1, -2, -3, -5, 2, 0, -6, 0, 4, -3, 1, -6, 0, 6, -1, 6, 1, 6, -6, -2, 0, 5, 5, -5, -1, -1, 6, 6, -4, 2, 6, -2, -4, 1, -3, 3, 3, -5, 1, 4, 3, -1, -4, 3, 0, -2, 1, -2, 4, -5, 1, -5, 6, 0, -4, -5, -5, -1, 3, 1, 0, 3, 5, 4, -2, -4, -5, 3, -1, -4, -2, -6, 3, 4, 2, 3, 2, 3, -4, 4, -5, 1, 3, 4, 4, 3, -2, -3, -5, -6, 5, 2, -2, 3, -3, -4, -3, -4, 5, -6, -2, -2]
 
3.61216919167: [6, 0, 6, 1, -1, -6, 6, -2, -2, 5, 5, 2, -5, 6, 6, 1, -4, -2, -6, 3, 1, 4, 2, 3, 6, -3, 4, 2, -4, 1, -6, 0, -2, 5, -3, 4, -1, 6, -5, 6, -4, 0, -1, 0, -4, 0, -2, 5, 1, 3, 0, -6, 2, -3, 4, 6, -5, 4, -4, -2, -2, -3, 0, 1, 0, 1, 3, -6, 6, 2, -4, -3, -3, -6, -2, -4, 1, 6, -2, 3, -1, 5, -6, 1, -2, -6, 6, 5, 4, -2, 1, 4, 3, 6, 4, -5, -3, -5, 4, -6, 6, -1, 2, -6, -2, -1, -6, -2, -6, 2, -3, 2, -3, 5, 5, -6, 2, -4, -6, -3, 3, -6, -3, 1, 4, 2, -2, 3]
 
0.604248967807: [-1, 5, -2, 1, 6, 6, 3, -1, 6, 2, 6, -6, 2, 6, -5, -5, -4, -2, -6, 3, -2, 4, -4, 4, -4, -4, 4, -6, -1, -2, 2, 2, -2, 4, -3, 6, -4, 6, -1, -5, -4, 0, -2, -3, -4, 5, 5, 3, 1, -3, -3, 3, 2, 6, 4, 6, -5, -5, -4, -2, 6, -3, 0, -6, -3, -5, 3, -4, -5, 3, -4, 0, -3, 6, -4, -4, 1, 6, -2, 3, -1, 5, -5, 6, -3, -6, -5, 2, -1, -2, -2, 4, 3, 4, 4, 1, -1, 0, 4, -6, -2, -1, -2, 2, 4, 1, 4, 5, 3, 5, 5, -1, 4, 2, -6, 0, 3, 2, -2, 5, -5, 1, -6, 1, 3, -6, 3, -4]
 
2.12948485949: [4, 5, -5, -5, 6, 6, 6, -1, 4, 2, 4, -6, 2, 6, -5, 3, 5, -2, 0, 3, -3, -2, -4, 4, -4, -4, 1, -2, 0, -2, -6, 0, -2, 5, -3, 4, -1, 6, -5, 6, -4, 0, -1, 0, -4, 0, -2, 5, 1, 3, 0, -6, 2, -3, 4, 6, -5, 4, -4, -2, -2, -3, 0, 1, 0, 1, 3, -6, 6, 2, -4, -3, -3, -6, -2, -4, 1, 6, -2, 3, -1, 5, -6, 1, -2, -6, 6, 5, 4, -2, 1, 4, 3, 6, 4, -5, -3, -5, 4, -6, 6, -1, 2, -6, -2, -1, -6, -2, -6, 2, -3, 2, -3, 5, 5, -6, 2, -4, -6, -3, 3, -6, -3, 1, 4, 2, -2, 3]
 
0.499982378797: [6, 0, 6, -1, -1, -6, 6, -2, -2, 5, 6, 2, -5, 6, 5, 1, 1, -2, -6, 3, 1, -2, 2, 4, -5, 3, 0, 5, -1, -6, -2, -1, -3, -5, -2, -3, -2, 0, 6, -5, 3, 6, 4, -1, 4, -3, 0, 1, 2, 0, 5, 5, 0, -2, -3, 6, 2, -2, 0, 6, 6, -6, -3, 5, -5, -5, -1, 1, 0, -4, 6, 1, -3, -6, 3, -6, -6, 6, -1, 3, -4, 5, -5, -5, 2, -6, 6, 5, 0, -2, -2, 4, -1, -5, 5, -1, 5, -3, -3, 1, -1, -3, 0, 2, 6, 2, 1, 6, -3, 5, -6, 4, -2, 6, -6, -4, -2, 2, 5, 5, -5, 1, -2, 1, 0, 5, 1, 1]
 
1.15289676184: [-6, 5, 4, 0, 2, 6, -6, -6, 4, 2, 6, -6, 2, 6, -5, 6, -5, 3, -1, 3, -6, 6, -2, 3, 2, -2, -4, 0, 5, 5, -2, -6, 4, -3, -5, 2, 1, -5, -3, -4, 5, -2, -1, 5, -4, 0, 4, -1, -6, 4, -5, -1, -4, 6, 4, 2, 6, -5, -4, -6, 2, -4, 0, -6, 0, -2, -5, -1, 3, 3, 5, 0, 1, -5, -4, -4, 3, 4, -5, 3, -1, -1, -5, -2, 5, 4, -2, 0, -5, 3, 1, 0, 6, 1, 4, -3, 5, 3, 4, -5, 0, 4, 1, -4, -5, -1, 1, 1, 4, 6, -4, 3, -1, -5, -2, 2, -4, -3, 4, 5, -1, 4, 3, -3, 0, 2, 5, 2]
 
2.78363183895: [-6, 5, 4, 0, 2, 6, -6, -6, 4, 2, 6, -6, 2, 6, -5, 6, -5, 3, -1, 3, -6, 6, -2, 3, 2, -2, -4, 0, 5, 5, -2, -6, 4, -3, -5, 2, 1, -5, -3, -4, 5, -2, -1, 5, -4, 0, 4, -1, -6, 4, -5, -1, -4, 6, 4, 2, 6, -5, -4, -6, 2, -4, 0, -6, 0, -2, -5, -1, 3, 3, 5, 0, 1, -5, -4, -4, 3, 4, -5, 3, -1, -1, -5, -2, 5, 4, -2, 0, -5, 3, 1, 0, 6, 1, 4, -4, -2, -6, 3, 4, -6, -2, -1, 3, -4, 4, -5, 0, 2, -1, 4, 3, -2, -3, -5, -6, -1, -1, -2, -3, 3, -5, -2, -6, 5, -1, 1, -2]
 
1.45842412092: [-1, 5, -2, 1, 6, 6, 3, -1, 6, 2, 6, -6, 2, 6, -5, 3, 5, -2, 0, 3, -3, -2, -4, 4, -4, -4, 1, -2, 0, -2, 2, -6, -6, 0, 4, -3, 1, -6, 0, 6, 5, 0, 1, 0, -6, 0, 0, 5, -6, 1, -1, -1, 6, 6, -4, 2, 3, 1, -4, 5, -3, 1, 3, -5, 1, 4, 3, -1, -4, 3, -2, -2, 1, -5, -4, -5, 3, 6, -4, 0, -4, -5, -5, -5, 3, 0, 4, -5, 5, -4, -4, -4, -2, 3, -3, -3, 5, 3, 4, -5, 0, 4, 1, -4, -5, -1, 1, 1, 4, 6, -4, 3, -1, -5, -2, 2, -4, -3, 4, 5, -1, 4, 3, -3, 0, 2, 5, 2]
 
0.5864174451: [-6, 5, 4, 0, 2, -5, -6, -2, 4, 0, 1, -6, -6, -6, -3, 6, -5, 3, 2, -4, -6, 6, -2, 3, 0, -3, -4, 0, -4, 5, -5, -6, 4, 3, -5, -4, 1, -3, -6, -4, 5, 0, -1, 0, 4, -3, 0, 1, 2, 0, 5, 5, 0, -2, -3, 6, 2, -2, 0, 6, 6, -6, -3, 5, -5, -5, -1, 1, 0, -4, 6, 1, -3, -6, 3, -6, -6, 4, -5, 3, -1, -1, -5, -2, 5, 4, -2, 0, -5, 3, 1, 0, 6, 1, 4, -3, 5, 3, 4, -5, 0, 4, 1, -4, -5, -1, 1, 1, 4, 6, -4, 3, -1, -5, -2, 2, -4, -3, 4, 5, -1, 4, 3, -3, 0, 2, 5, 2]
 
1.70500883849: [6, 0, 6, -1, -1, -6, 6, -2, -2, 5, 6, 2, -5, 6, 5, 1, 1, -2, -6, 3, 1, -2, 2, 4, -5, 3, 0, 5, -1, -6, -2, -1, -3, -5, -2, -3, -2, 0, 6, -5, 3, 6, 4, -1, -4, 0, 4, 5, -6, 3, -4, -1, -4, 6, 4, 2, 6, -5, -4, -6, 6, -3, 0, -6, 0, 4, 3, -1, 3, 3, -5, 0, 1, -5, -4, -4, 3, 6, -1, 3, -4, 5, -5, -5, -3, -6, 1, 5, -1, -2, -2, -6, 3, 4, 4, 5, -3, 3, -3, -1, -1, -3, -3, 2, 1, -2, 4, -4, 0, 5, 5, -1, -2, 6, 1, 0, -2, 2, 5, 5, -5, -4, 4, 1, 3, 6, 4, 1]
 
1.47714805418: [4, 5, -5, -5, 6, 6, 0, -1, 4, 2, 6, -6, 2, 6, -5, 1, 5, -2, -6, 3, -2, -2, -4, 4, -4, -4, 4, -2, -1, -2, -6, 0, -2, 4, -3, 1, -1, 6, -1, 6, -4, 0, -1, 0, -4, 0, -2, 5, 1, 3, -3, -6, 2, 6, 4, 6, -5, -5, -4, -2, 6, -3, 0, -6, -5, -1, 0, -5, -2, -6, -3, -5, -4, -1, -1, 1, 6, 3, -3, 4, -3, 3, 6, -6, 1, -5, 1, 6, -5, 2, -1, 2, -3, 5, 1, -1, 6, -1, -6, -4, -5, -3, -3, 2, 1, -2, 4, -4, 0, 5, 5, -1, -2, 6, 1, 0, -2, 2, 5, 5, -5, -4, 4, 1, 3, 6, 4, 1]
 
0.362720604673: [1, 0, 1, -2, -5, -4, 4, 1, 5, 5, 6, 4, 3, 4, -4, 1, 1, -5, -6, 4, -3, -2, -1, 4, -5, 2, 3, 5, -2, -5, 0, 4, 0, -1, -2, 3, 3, 0, 0, 6, 5, 6, -5, -1, -3, -4, -4, 1, 1, -5, -3, -1, -4, -3, 3, 2, -1, -6, 4, -6, 6, 1, -3, 4, 0, 6, 3, -1, 0, 5, 2, 6, 4, -6, 4, -4, -3, -2, -1, 3, 2, 6, -5, 6, -3, -6, 1, -6, 1, -2, 2, 3, 3, 4, 4, 3, 6, -2, -3, 3, -1, -1, -3, -6, -5, -4, -3, -4, 1, -3, 0, 3, -4, 4, 3, 6, 0, 0, -2, 0, -3, -3, -3, 3, -6, -4, 1, 4]
 
1.81035111956: [-1, 3, 6, -1, -1, -6, 6, -2, -2, 5, 6, 2, -5, 6, 5, 1, 1, -2, -6, 3, 1, -2, 2, 4, -5, 3, 0, 5, -1, -6, -2, -1, -3, -5, -2, -3, -2, 0, 6, -5, 3, 6, 4, -1, -4, 0, 4, 5, -6, 3, -4, -1, -4, 6, 4, 2, 6, -5, -4, -6, 6, -3, 0, -6, 0, 4, 3, -1, 3, 3, -5, 0, 1, -5, -4, -4, 3, 6, -1, 3, -4, 5, -5, -5, -3, -6, 1, 5, -1, -2, -2, -6, 3, 4, 4, 5, -3, 3, -3, -1, -1, -3, -3, 2, 1, -2, 4, -4, 0, 5, 5, -1, -2, 6, 1, 0, -2, 2, 5, 5, -5, -4, 4, 1, 3, 6, 4, 1]
 
1.48543159367: [6, 0, -3, -2, -1, 3, 1, 1, 2, 6, -5, 5, 4, -3, -1, 6, 4, 0, -3, -4, 2, -2, 1, 5, -6, -4, 0, -1, -1, -5, 3, 6, -2, 5, 2, 3, -1, 5, -6, 6, 4, -5, -1, 0, 3, -6, -1, 4, -4, 3, -6, -6, -6, 3, 6, 0, 5, 3, -4, 5, 6, -3, 0, 5, -5, 5, -2, -5, 5, -2, 2, 4, 4, 1, 4, -1, -1, -6, -6, 4, -4, -2, -5, 1, 2, 0, 4, 4, 3, 3, 6, 4, -5, -3, -1, 0, 3, 6, -1, -4, 1, -6, 2, -5, -4, -4, -4, 4, 0, 1, 5, 2, 6, 4, -6, 2, 5, 1, 1, -1, 3, 2, 1, -5, 3, -5, -4, 6]
 
0.333021469438: [-1, 5, -2, 1, 6, 6, 3, -1, 6, 2, 6, -6, 2, 6, -5, -5, -4, -2, -6, 3, -2, 4, -4, 4, -4, -4, 4, -6, -1, -2, 2, 2, -2, 4, -3, 6, -4, 6, -1, -5, -4, 0, -2, -3, -4, 5, 5, 3, 1, -3, -3, 3, 2, 6, 4, 6, -5, -5, -4, -2, 6, -3, 0, -6, -3, -5, 3, -4, -5, 3, -4, 0, -3, 6, -4, -4, 1, 6, -2, 3, -1, 5, -5, 6, -3, -6, -5, 2, -1, -2, -2, 4, 3, 4, 4, 1, -1, 0, 4, -6, -2, -1, -2, -5, -4, -4, -4, 4, 0, 1, 5, 2, 6, 4, -6, 2, 5, 1, 1, -1, 3, 2, 1, -5, 3, -5, -4, 6]
 
0.695861081691: [-3, -1, -6, -2, -1, 2, 6, 4, 0, 4, -5, 5, 2, -3, -1, -2, 6, 0, 2, -5, 6, -1, 1, 0, -2, -4, 0, -1, -1, -2, 3, -6, 2, 0, -1, -2, -1, -3, -4, -6, -5, -1, -3, 0, 3, -1, 4, -5, -2, 3, 5, 5, -5, 3, 0, 0, 5, 3, -1, 1, -3, -6, 0, 5, 2, -4, -1, -5, -4, 3, 1, 6, -6, 1, -4, 2, -1, 3, -1, -5, 0, -2, -5, -4, -2, 0, 4, 5, -4, 3, 6, 2, -3, -2, -2, -5, -2, -4, -1, -4, 5, -6, -3, -6, 4, 1, 4, -6, 3, 5, 5, -4, 2, -1, -1, 0, 4, 2, -2, 3, -5, 4, 5, 5, -6, 2, 3, -4]
 
2.43189405161: [-4, 5, -3, -5, 3, 6, 3, 3, 5, 2, 5, -6, -6, 6, -5, 1, -4, -2, -2, -6, -4, -3, -3, -3, 1, 5, 1, -5, -5, 6, 4, 5, 2, -6, -1, -4, 1, -3, -6, -4, 5, 0, -1, 0, -4, 0, 4, 5, -6, 3, -4, -1, -4, 6, 4, 2, 6, -5, -4, -6, 6, -3, 0, -6, 0, 4, 3, -1, 3, 3, -5, 0, 1, -5, -4, -4, 3, 6, -1, 3, -4, 5, -5, -5, -3, -6, 1, 5, -1, -2, -2, -6, 3, 4, 4, 5, -3, 3, -3, -1, -1, -1, -4, -6, -6, -4, -3, 1, -3, -3, 6, 1, -4, 5, 3, 6, 4, 0, -2, 2, -2, 2, 3, 3, 6, -4, -5, 4]
 
1.64221485271: [6, 0, 6, -1, -1, -6, 6, -2, -2, 5, 6, 2, -5, 6, 5, 1, 1, -2, -6, 3, 1, -2, 2, 4, -5, 3, 0, 5, -1, -6, -2, -1, -3, -5, -2, -3, -2, 0, 6, -5, 3, 6, 4, -1, -4, 0, 4, 5, -6, 3, -4, -1, -4, 6, 4, 2, 6, -5, -4, -6, 6, -3, 0, -6, 0, 4, 3, -1, 3, 3, -5, 0, 1, -5, -4, -4, 3, 6, -1, 3, -4, 5, -5, -5, -3, -6, 1, 5, -1, -2, -2, -6, 3, 4, 4, 5, -3, 3, -3, -1, -1, -3, -3, 2, 1, -2, 4, -4, -2, 6, 6, -3, -1, -5, 2, 2, -4, -3, 4, -2, -6, 0, -1, 6, 5, 4, 5, 2]
 
0.699983692952: [-1, 5, -2, 1, 6, 6, 3, -1, 6, 2, 6, -6, 2, 6, -5, -5, -4, -2, -6, 3, -2, 4, -4, 4, -4, -4, 4, -6, -1, -2, 2, 2, -2, 4, -3, 6, -4, 6, -1, -5, -4, 0, -2, -3, -4, 5, 5, 3, 1, -3, -3, 3, 2, 6, 4, 6, -5, -5, -4, -2, 6, -3, 0, -6, -3, -5, 3, -4, -5, 3, -4, 0, -3, -3, -4, -5, -6, -3, -4, -5, 0, -4, 1, -4, -3, 4, 0, 5, 6, 2, -2, -6, 0, 4, -3, -3, -3, -5, -3, 1, -1, 6, 0, 2, 6, 2, 0, -6, 4, -6, 5, 0, -1, 6, -1, 5, 5, -1, 6, 5, 3, 1, 5, -5, 1, 5, -2, 1]
 
0.377936692048: [1, 2, 3, -6, 6, 6, -5, -1, 4, -5, 4, 1, -2, 4, 0, -5, -2, -2, 3, 0, 6, 6, -2, 0, -2, -3, 1, -6, 3, 5, 5, -5, -3, 5, 2, -2, -4, 5, -6, -3, -5, 0, -4, 6, 6, 3, -6, 5, -6, -2, -5, 5, 6, 6, 3, 2, 6, -1, -4, 2, 5, 6, 2, -4, -5, 5, 3, -1, -1, -4, 6, -6, 5, 6, 5, -4, 2, 5, -2, 3, 2, 6, 4, 6, -3, -6, 1, 2, -1, -2, -2, 4, -2, 4, 4, 1, -1, 0, 4, -6, -2, 3, 6, 5, 4, 1, 4, 5, 3, 5, -4, 0, 5, 5, -6, 0, 3, -1, -2, 0, -5, -5, -2, 1, 3, -6, 3, -4]
 
0.226788473543: [5, 0, 6, -2, -4, -2, 6, 2, -2, 3, -1, 2, 6, 6, 0, -2, 3, 0, -6, -3, 1, -2, 2, 4, -5, 3, 0, 5, -1, -6, -2, 6, 2, 5, -2, -1, -2, 0, 6, 6, -2, 6, 4, -1, 4, 0, 3, -4, -6, -3, -4, -1, -1, 6, 4, 2, 6, 0, -4, 2, 5, 6, 5, -1, 4, -4, -4, 2, -1, 6, 6, -3, 5, 3, -4, -5, 1, -3, -4, -5, 3, -4, 1, -4, -3, -2, -1, 6, 6, 0, 1, 4, -2, 4, 1, -4, -3, -2, -3, 1, -1, 3, 0, 2, 6, -5, -3, 6, 0, -5, -3, 0, -2, 6, 5, 5, 0, -1, 6, 5, 3, 1, 3, 5, 0, 2, -2, 1]
 
0.881731871165: [6, 5, 4, -1, 2, -5, -6, -2, 4, 0, 2, -6, 6, -6, -3, 5, -5, 3, 2, 3, -2, 4, -4, 4, -4, -4, 4, -6, -1, -2, 2, 2, -2, 4, -3, 6, -4, 6, -1, -5, -4, 0, -2, -3, -4, 5, 5, 3, 1, -3, -3, 3, 2, 6, 4, 6, -5, -5, -4, -2, 6, -3, 0, -6, -3, -5, 3, -4, -5, 3, -4, 0, -3, 6, -4, -4, 1, 6, -2, 3, -1, 5, -5, 6, -3, -6, -5, 2, -1, -2, -2, 4, 3, 4, 4, 1, -1, 0, 4, -6, -2, -1, -2, 2, 4, 1, 4, 5, 3, 5, 5, -1, 4, 2, -6, 0, 3, 2, -2, 5, -5, 1, -6, 1, 3, -6, 3, -4]
 
1.52169569961: [5, 5, 4, -1, 2, -5, -6, -2, 4, 0, 2, -6, 6, -6, -3, 5, -5, 3, 2, -4, -6, 6, -2, 3, 0, -3, -4, 0, -4, 5, -5, -6, 4, 3, -5, 6, 1, 5, -6, -4, 5, 0, 6, 4, 0, 3, 0, 1, 2, 0, 5, 5, 0, -2, -3, 6, 2, -2, 0, 6, 6, -6, -3, 5, -5, -5, -1, 1, 0, -4, 6, 1, 5, -2, 6, 2, -6, -1, -5, 3, 2, -4, 1, -6, 1, -5, 3, 6, -5, 2, -1, 2, -3, 5, 1, -1, 6, 3, 3, 6, -3, -2, -1, -6, -4, -3, 5, -4, 2, 3, 3, 3, -1, -3, 5, -6, 2, -3, -6, -3, 3, -5, -3, 1, 4, 2, -2, 3]
 
1.28471177017: [4, 5, -5, -5, 6, 6, 0, -1, 4, 2, 6, -6, 2, 6, -5, 1, 5, -2, -6, 3, -2, -2, -4, 4, -4, -4, 4, -2, -1, -2, -6, 0, -2, 4, -3, 1, -1, 6, -1, 6, -4, 0, -1, 0, -4, 0, -2, 5, 1, 3, -3, -6, 2, 6, 4, 6, -5, -5, -4, -2, 6, -3, 0, -4, 2, -2, 2, -5, 4, -6, -3, -5, -5, -1, 0, -2, 6, 3, 3, 4, 6, -1, 1, -6, 1, -5, 3, 6, -5, 2, -1, 2, -3, 5, 1, -1, 6, -1, 1, 0, -4, -3, -2, -5, -5, -1, 1, 1, -2, 4, 5, -4, -5, 6, -4, 0, 5, 3, -4, -4, 6, 6, 2, 3, 3, 6, -1, 2]
 
1.04630171906: [4, 5, -5, -5, 6, 6, 0, -1, 4, 2, 6, -6, 2, 6, -5, 1, 5, -2, -6, 3, -2, -2, -4, 4, -4, -4, 4, -2, -1, -2, -6, 0, -2, 4, -3, 1, -1, 6, -1, 6, -4, 0, -1, 0, -4, 0, -2, 5, 1, 3, -3, -6, 2, 6, 4, 6, -5, -2, 0, 6, 6, -6, -3, -6, 0, 1, 3, -4, -5, 3, -4, 0, -3, -6, -4, -4, 1, 6, 3, 3, -1, 5, -5, -5, -3, -6, 6, 5, -1, -2, -2, 4, 3, 4, 4, -1, -3, -5, -3, 1, -1, -3, 0, 2, 6, 2, 1, -4, 0, 5, 5, 4, -2, 6, -6, 0, -2, 2, 5, 5, -5, 1, 6, 1, 3, 5, -2, 1]
 
1.05791439444: [6, 0, 6, -1, -1, -6, 6, -2, -2, 5, 6, 2, -5, 6, 5, 1, 1, -2, -6, 3, 1, -2, 2, 4, -5, 3, 0, 5, -1, -6, -2, -1, -3, -5, -2, -3, -2, 0, 6, -5, 3, 6, 4, -1, 4, -3, 0, 1, 2, 0, 5, 5, 0, -2, -3, 6, 2, -5, -4, -2, 6, -3, 0, -4, 2, -2, 2, -5, 4, -6, -3, -5, -5, -1, 0, -2, 6, 3, 3, 4, 6, -1, 1, -6, 1, -5, 3, 6, -5, 2, -1, 2, -3, 5, 1, -1, 6, -1, 1, 0, -4, -3, -2, -5, -5, -1, 1, 1, -2, 4, 5, -4, -5, 6, -4, 0, 5, 3, -4, -4, 6, 6, 2, 3, 3, 6, -1, 2]
 
1.35510341444: [4, 5, -5, -5, 6, 6, 0, -1, 4, 2, 6, -6, 2, 6, -5, 1, 5, -2, -6, 3, -2, -2, -4, 4, -4, -4, 4, -2, -1, -2, -6, 0, -2, 4, -3, 1, -1, 6, -1, 6, -4, 0, -1, 0, -4, 0, -2, 5, 1, 3, -3, -6, 2, 6, 4, 6, -5, -5, -4, -2, 6, -3, 0, -6, -5, -1, 0, -5, -2, -6, -3, -5, -4, -1, -1, 1, 6, 3, -3, 4, -3, 3, 6, -6, 1, -5, 1, 6, -5, 2, -1, 2, -3, 5, 1, -1, 6, -1, -6, -4, -5, -3, -3, 2, 1, -2, 4, -4, 0, 5, 5, -1, -2, 6, 1, 0, -2, 2, 5, 5, -5, -4, 4, 1, 3, 6, 4, 1]
 
1.8094823208: [4, 5, -5, -5, 6, 6, 0, -1, 4, 2, 6, -6, 2, 6, -5, 1, 5, -2, -6, 3, -2, -2, -4, 4, -4, -4, 4, -2, -1, -2, -6, 0, -2, 4, -3, 1, -1, 6, -1, 6, -4, 0, -1, 0, -4, 0, -2, 5, 1, 3, -3, -6, 2, 6, 4, 6, -5, -5, -4, -2, 6, -3, 0, -6, 0, 1, 3, -4, -5, 3, -4, 0, -3, -6, -4, -4, 1, 6, 3, 3, -1, -4, 1, -6, 1, -5, 3, 6, -5, 2, -1, 2, -3, 5, 1, -1, 6, -1, -6, -4, -5, -1, -4, -6, -6, -4, -3, 1, -3, -3, 6, 1, -4, 5, 3, 6, 4, 0, -2, 2, 0, -5, 5, 0, -6, 4, -1, 5]
 
2.4084246789: [-3, 5, -5, -6, -5, -3, 0, -1, 4, 2, -3, -6, 2, -1, 4, -3, 3, -4, -6, 3, -2, -1, 3, 4, -5, -4, -3, -2, -1, -2, -6, 5, -2, 0, 4, 1, -1, 5, -3, 6, -4, 0, -1, 0, 0, 0, -2, -2, 1, -4, -3, -6, 2, 6, 2, 6, -5, -5, -4, -2, -3, -3, 1, -6, 0, -3, 2, -5, -6, 3, -4, -6, -3, 3, -4, 3, 1, 6, 3, -2, 0, -2, 1, -1, -4, -5, -1, 6, -5, 2, -1, 2, -3, 5, 1, 2, 6, -1, -6, -3, -2, -1, -4, -6, -6, -4, -4, 1, 2, -3, 6, 1, 5, 5, -6, 6, 4, 0, 4, 2, 0, 5, 2, 0, -5, 4, 4, 5]
 
1.81363569982: [4, 5, -5, -5, 6, 6, 0, -1, 4, 2, 6, -6, 2, 6, -5, 1, 5, -2, -6, 3, -2, -2, -4, 4, -4, -4, 4, -2, -1, -2, -6, 0, -2, 4, -3, 1, -1, 6, -1, 6, -4, 0, -1, 0, -4, 0, -2, 5, 1, 3, -3, -6, 2, 6, 4, 6, -5, -5, -4, -2, 6, -3, 0, -6, 0, 1, 3, -4, -5, 3, -4, 0, -3, -6, -4, -4, 1, 6, 3, 3, -1, -4, 1, -6, 1, -5, 3, 6, -5, 2, -1, 2, -3, 5, 1, -1, 6, -1, -6, -4, -5, -1, -4, -6, -6, -4, -3, 1, -3, -3, 6, 1, -4, 5, 3, 6, 4, 0, -2, 2, 0, -5, 5, 0, -6, 4, -1, 5]
 
0.456170122011: [-1, 5, -2, 1, 6, 6, 3, -1, 6, 2, 6, -6, 2, 6, -5, -5, -4, -2, -6, 3, -2, 4, -4, 4, -4, -4, 4, -6, -1, -2, 2, 2, -2, 4, -3, 6, -4, 6, -1, -5, -4, 0, -2, -3, -4, 5, 5, 3, 1, -3, -3, 3, 2, 6, 4, 6, -5, -5, -4, -2, 6, -3, 0, -6, -3, -5, 3, -4, -5, 3, -4, 0, -3, 6, -4, -4, 1, 6, -2, 3, -1, 5, -5, 6, -3, -6, -5, 2, -1, -2, -2, 4, 3, 4, 4, 1, -1, 0, 4, -6, -2, -1, -2, 2, 4, 1, 4, 5, 3, 5, 5, -1, 4, 2, -6, 1, -1, 6, 2, -5, -1, 2, 3, 2, -5, -3, 4, -4]
 
2.05508382569: [-6, 5, -1, 1, -5, -5, -6, -2, 5, 0, 1, -6, -4, -6, 1, 6, 5, 3, 2, -4, -2, -3, 4, 6, 0, -3, 6, 0, -4, -1, -1, 6, 4, 2, 0, -4, 1, -3, 0, -6, 5, -5, 1, 0, 1, -6, 4, -6, 0, 3, -4, 2, -4, 6, 4, 2, 6, -5, 4, -6, 6, -3, 0, -6, 3, 4, 3, -1, -5, 3, 4, 0, -3, -6, -4, -4, -1, 6, -4, 3, -1, -3, -4, -5, -3, -6, 6, 5, -1, -2, 3, 4, -6, -4, 1, 1, 0, -6, 3, -2, 0, 0, 0, -4, -4, -2, -3, -6, -3, -3, 6, 0, -5, 0, 4, 0, 3, 2, -2, 5, -5, 1, -6, 1, 3, -6, 3, -4]
 
