0.401008098597: [5, -3, -3, -3, 2, -5, 3, -2, 4, 0, 2, -4, -4, 6, 2, -3, 2, -6, -6, 3, 2, -6, -4, 4, -4, 1, -2, 6, -1, -2, -3, -3, -2, 0, -1, 6, -4, -5, -4, 0, 4, -6, 5, -3, -4, -2, 5, 1, -1, -6, 0, 0, 5, 6, 4, 2, -5, -5, -1, -2, 1, 3, 0, -6, 1, -2, 3, -5, -5, -3, -4, 0, 5, -3, -6, -2, 6, -6, -5, 6, 2, 2, 1, 2, 2, -6, -5, 3, -5, 2, -1, -5, -2, 5, 1, -1, 6, 3, 1, 0, 3, -1, 3, -2, -5, -1, 1, 4, -2, -4, 4, -4, -5, 6, -4, 0, 5, -5, 3, -4, -3, 6, 6, 4, 1, 6, 6, 2]
 
3.4158400262210313: [-6, 5, 4, 0, 2, 6, -6, -6, 4, 2, 6, -6, 2, 6, -5, 6, -5, 3, -1, 3, -6, 6, -2, 3, 2, -2, -4, 0, 5, 5, -2, -6, 4, -3, -5, -4, 1, -3, -6, -4, 5, 0, -1, 0, -4, 0, 4, 5, -6, 3, -4, -1, -4, 6, 4, 2, 6, -5, -4, -6, 6, -3, 0, -6, 0, 4, 3, -1, 3, 3, -5, 0, 1, -5, -4, -4, 3, 6, -1, 3, -4, 5, -5, -5, -3, -6, 1, 5, -1, -2, -2, -6, 3, 4, 4, 5, -3, 3, -3, -1, -1, -1, -4, -6, -6, -4, -3, 1, -3, -3, 6, 1, -4, 5, 3, 6, 4, 0, -2, 2, -2, 2, 3, 3, 6, -4, -5, 4]
 
2.5937276850771696: [-6, 5, 4, 0, 2, 6, -6, -6, 4, 2, 6, -6, 2, 6, -5, 6, -5, 3, -1, 3, -6, 6, -2, 3, 2, -2, -4, 0, 5, 5, -2, -6, 4, -3, -5, -4, 1, -3, -6, -4, 5, 0, -1, 0, -4, 0, 4, 5, -6, 3, -4, -1, -4, 6, 4, 2, 6, -5, -4, -6, 6, -3, 0, -6, 0, 4, 3, -1, 3, 3, -5, 0, 1, -5, -4, -4, 3, 6, -1, 3, -4, 5, -5, -5, -3, -6, 1, 5, -1, -2, -2, -6, 3, 4, -1, 0, 3, 6, -1, -4, 1, -6, 2, -5, -4, -4, -4, 4, 0, 1, 5, 2, 6, 4, -6, 2, 5, 1, 1, -1, 3, 2, 1, -5, 3, -5, -4, 6]
 
2.129484859485058: [4, 5, -5, -5, 6, 6, 6, -1, 4, 2, 4, -6, 2, 6, -5, 3, 5, -2, 0, 3, -3, -2, -4, 4, -4, -4, 1, -2, 0, -2, -6, 0, -2, 5, -3, 4, -1, 6, -5, 6, -4, 0, -1, 0, -4, 0, -2, 5, 1, 3, 0, -6, 2, -3, 4, 6, -5, 4, -4, -2, -2, -3, 0, 1, 0, 1, 3, -6, 6, 2, -4, -3, -3, -6, -2, -4, 1, 6, -2, 3, -1, 5, -6, 1, -2, -6, 6, 5, 4, -2, 1, 4, 3, 6, 4, -5, -3, -5, 4, -6, 6, -1, 2, -6, -2, -1, -6, -2, -6, 2, -3, 2, -3, 5, 5, -6, 2, -4, -6, -3, 3, -6, -3, 1, 4, 2, -2, 3]
 
3.7287832812726225: [-6, 5, 4, 0, 2, -5, -6, -2, 4, 0, 1, 2, -6, -6, -3, 4, 5, -4, 5, 1, -6, 6, -2, 2, 0, -3, -4, 0, -4, 5, -6, 0, -2, 5, -3, 4, -1, 6, -5, 6, -4, 0, -1, 0, -4, 0, -2, 5, 1, 3, 0, -6, 2, -3, 4, 6, -5, 4, -4, -2, -2, -3, 0, 1, 0, 1, 3, -6, 6, 2, -4, -3, -3, -6, -2, -4, 1, 6, -2, 3, -1, 5, -6, 1, -2, -6, 6, 5, 4, -2, 1, 4, 3, 6, 4, -5, -3, -5, 4, -6, 6, -1, 2, -6, -2, -1, -6, -2, -6, 2, -3, 2, -3, 5, 5, -6, 2, -4, -6, -3, 3, -6, -3, 1, 4, 2, -2, 3]
 
1.5305407501960646: [-6, 5, 4, 0, 2, -5, -6, -2, 4, 0, 1, 2, -6, -6, -3, 4, 5, -4, 5, 1, -6, 6, -2, 2, 0, -3, -4, 0, -4, 5, -5, -6, 4, 3, -5, 6, 1, 5, -6, -4, 5, 0, 6, 4, 0, 3, 0, 1, 2, 0, 5, 5, 0, -2, -3, 6, 2, -2, 0, 6, 6, -6, -3, 5, -5, -5, -1, 1, 0, -4, 6, 1, 5, -2, 6, 2, -6, -1, -5, 3, 2, -4, 1, -6, 1, -5, 3, 6, -5, 2, -1, 2, -3, 5, 1, -1, 6, 3, 1, 0, -4, -3, -2, -5, 6, 2, 1, 6, -3, 5, -6, 4, -2, 6, -6, -4, -2, 2, 5, 5, -5, 1, -2, 1, 0, 5, 1, 1]
 
1.9060459486879846: [-6, 5, 4, 0, 2, 6, -6, -6, 4, 2, 6, -6, 2, 6, -5, 6, -5, 3, -1, 3, -6, 6, -2, 3, 2, -2, -4, 0, 5, 5, -2, -6, 4, -3, -5, 2, 1, -5, -3, -4, 5, -2, -1, 5, -4, 0, 4, -1, -6, 4, -5, -1, -4, 6, 4, 2, 6, -5, -4, -6, 2, -4, 0, -6, 0, -2, -5, -1, 3, 3, 5, 0, 1, -5, -4, -4, 3, 6, -1, 3, -4, 5, -5, -5, 2, -6, 6, 5, 0, -2, -2, 4, -1, -5, 5, -1, 5, -3, -3, 1, -1, -3, 0, 2, 6, 2, 1, 6, -3, 5, -6, 4, -2, 6, -6, -4, -2, 2, 5, 5, -5, 1, -2, 1, 0, 5, 1, 1]
 
1.29840850142: [-5, 4, 2, -5, -1, 1, 4, 3, 3, 3, -2, -1, 0, -2, -4, 3, -2, -6, 1, -1, 2, -2, -3, -1, -4, 1, -6, 2, 6, -5, -2, 6, 1, -1, 6, -2, -3, -5, -2, 2, 2, -3, 2, -4, -4, 5, 4, -3, 1, 6, -1, -6, -6, -3, 4, -6, 1, 6, 4, -3, 6, -2, 0, -6, -3, -2, 3, -4, -2, 6, -3, -6, -5, 1, -6, -6, -6, -3, -5, 6, -4, -4, 1, -6, -1, 4, 3, 3, -6, 5, -1, 2, -3, 5, 1, -3, -4, -6, 2, 1, 0, 5, 3, -2, 4, -1, 1, 1, 4, 3, 0, -4, -4, 0, -4, 5, 5, 3, -6, -4, 6, 4, 4, 3, -4, 6, 2, 0]
 
0.622953647491: [6, -1, 5, -4, 6, 3, 4, -5, -6, -5, 6, -3, -6, 6, -2, 2, -5, 3, 4, 3, -2, 6, -4, 6, -3, 4, -4, -2, 2, 4, 6, 0, 1, 0, 1, -2, 4, -2, 3, 2, -4, 3, 1, -3, -1, -6, -6, 0, -6, -5, 4, 6, -2, -1, 6, 1, 3, 4, 4, -2, -4, 1, 2, 2, 4, 2, 1, -4, -1, -3, -2, 6, 1, 6, 5, 6, -3, 6, 4, 1, 0, -1, 3, 6, -2, -4, 3, -1, -1, 5, -4, 6, -5, -4, -4, 1, -6, 2, 2, 1, -4, -6, 6, -4, 5, 1, -5, 4, 4, -6, -1, 4, 4, -4, 2, -2, -1, 3, -1, 5, -1, 4, 2, -3, 2, -5, 5, -6]
 
2.7686371413982545: [-1, 3, -3, -2, 2, 6, -6, -6, 4, 2, 6, -6, 2, 6, -5, 6, -5, 3, -1, 3, -6, 6, -2, 3, 2, -2, -4, 0, 5, 5, -2, -6, 4, -3, -5, 2, 1, -5, -3, -4, 5, -2, -1, 5, -4, 0, 4, -1, -6, 4, -5, -1, -4, 6, 4, 2, 6, -5, -4, -6, 2, -4, 0, -6, 0, -2, -5, -1, 3, 3, 5, 0, 1, -5, -4, -4, 3, 4, -5, 3, -1, -1, -5, -2, 5, 4, -2, 0, -5, 3, 1, 0, 6, 1, 4, -4, -2, -6, 3, 4, -6, -2, -1, 3, -4, 4, -5, 0, 2, -1, 4, 3, -2, -3, -5, -6, -1, -1, -2, -3, 3, -5, -2, -6, 5, -1, 1, -2]
 
1.22128517444: [2, -6, -1, -3, 6, -5, -6, -6, 4, 2, 3, 2, -5, 6, -5, -5, 0, 0, -4, -3, 4, -4, -2, 4, -4, -4, -5, 0, -1, -2, 2, 2, -4, -6, -3, 6, -4, -5, -1, -6, -4, 0, -2, -3, -5, 5, 4, 3, -1, -1, 2, -4, -4, -5, -6, 6, 1, 2, -4, -2, 6, 1, -5, 1, -2, 0, 3, -1, -1, 3, -4, 0, -4, 3, -4, -5, 2, -6, 0, 1, 0, 3, 1, 2, -3, -6, 6, 1, -1, -4, 0, 1, 0, 4, -4, -3, -3, 4, -4, -1, -1, -2, 3, 4, 6, 2, 4, -6, 4, -6, -6, 3, 1, -4, -1, 4, 5, 5, 6, 5, -1, 6, 2, -5, 4, 5, 4, 4]
 
2.3124687391077674: [5, 5, 4, -1, 2, -5, -6, -2, 4, 0, 6, -6, 2, 6, -5, -5, -4, -2, -6, 3, -2, 4, -4, 4, -4, -4, 4, -6, -1, -2, 2, 2, -2, 4, -3, 6, -4, 6, -1, -5, -4, 0, -2, -3, -4, 5, 5, 3, 1, -3, -3, 3, 2, 6, 4, 6, -5, -5, -4, -2, 6, -3, 0, -6, -3, -5, 3, -4, -5, 3, -4, 0, -3, -3, 6, 2, -6, -1, -5, 3, 2, -4, 1, -6, 1, -5, 3, 6, -5, 2, -1, 2, -3, 5, 1, -1, 6, 3, 1, 0, -4, -3, -2, -5, -5, -1, 1, 1, -2, -3, 6, 1, -4, 5, 3, 6, 4, 0, -2, 2, -2, 2, 3, 3, 6, -4, -5, 4]
 
1.7104195358130094: [5, 5, 4, -1, 2, -5, -6, -2, 4, 0, 6, -6, 2, 6, -5, -5, -4, -2, -6, 3, -2, 4, -4, 4, -4, -4, 4, -6, -1, -2, 2, 2, -2, 4, -3, 6, -4, 6, -1, -5, -4, 0, -2, -3, -4, 5, 5, 3, 1, -3, -3, 3, 2, 6, 4, 6, -5, -5, -4, -2, 6, -3, 0, -6, -3, -5, 3, -4, -5, 3, -4, 0, -3, -3, 6, 2, -6, -1, -5, 3, 2, -4, 1, -6, 1, -5, 3, 6, -5, 2, -1, 2, -3, 5, 0, 1, 5, 3, 2, -5, 0, -6, -6, -4, -5, 1, 1, 4, 4, 5, -2, -4, -1, 6, -2, -5, -5, -3, -1, 5, -1, 4, 2, 2, 0, -1, 5, -1]
 
1.043730727285209: [-1, 5, -2, 1, 6, 6, 3, -1, 3, 6, -5, -6, -4, 6, -5, -1, 5, -4, 6, 3, -3, -2, -4, 4, -4, -4, 1, -2, 0, 1, 0, -6, -6, 0, 4, -5, -3, 1, 0, 6, 5, 0, 1, 0, -6, 0, 0, 5, -6, 1, 6, -1, 6, 5, -4, 6, 3, 1, -4, 3, -3, -4, 3, -1, 5, 4, 3, -4, 5, 3, 4, -2, -1, 0, -4, -5, 3, -2, -4, 4, 4, -5, -5, -5, 3, 0, 4, -5, 5, -4, -4, 0, -2, 1, -3, 2, -3, -6, 2, 4, -6, 6, 5, -4, 0, -5, 4, 6, -5, 1, 0, -2, -3, -6, 0, -4, -1, 0, -1, 6, 0, 4, -5, -4, 0, -3, -6, -1]
 
0.564311325395: [5, 0, 4, 3, 2, -5, -1, -2, 4, 1, 6, -6, 2, 6, 1, 3, -4, -6, -2, 3, -2, 4, 4, 0, -4, 0, 4, -6, -1, -2, 2, 2, -2, 3, -3, 6, 1, 6, -1, -5, -6, 0, -1, -4, -1, 2, -6, -5, -5, -5, 4, 5, -1, -1, 6, -5, 2, 4, 4, 5, 5, -1, 2, 5, 4, 2, 4, -4, 5, 3, -2, 5, -3, 1, 0, -5, 1, -5, 3, 4, 0, 6, -4, -3, -2, -4, -2, -1, 2, 5, 0, -2, 6, -5, -4, -3, -3, -6, -5, -2, -6, 6, 5, 2, 1, -5, 4, 6, -5, 1, 0, -2, -3, -6, 0, -4, -2, 0, -1, -3, 0, 4, -5, -5, 1, -1, -2, -4]
 
1.910658994517269: [6, 5, -1, -4, 6, -2, 4, -5, -6, 2, 6, 5, 4, -3, -1, 6, 4, 0, -3, -4, 2, -2, 1, 5, -6, -4, 0, -1, -1, -5, 3, 6, -2, 5, 2, 3, -1, 5, -6, 6, 4, -5, -1, 0, 3, -6, -1, 4, -4, 3, -6, -6, -6, 3, 6, 0, 5, 3, -4, 5, 6, -3, 0, 5, -5, 5, -2, -5, 5, -2, 2, 4, 4, 1, 4, -1, -1, -6, -6, 4, -4, -2, -5, 1, 2, 0, 4, 4, 3, 3, 6, 4, -5, -3, -1, 0, 3, 3, 2, -5, 0, -6, -6, -4, -5, 1, 1, 4, 4, 5, -2, -4, -1, 6, -2, -5, -5, -3, -1, 5, -1, 4, 2, 2, 0, -1, 5, -1]
 
1.5054639442283515: [-4, 3, -3, 1, -2, -6, -6, -2, -2, -5, 2, -4, -5, 6, 5, 1, 1, -4, 5, 3, 6, -4, -6, 4, -5, 1, -2, 5, -1, -6, -2, -4, -3, -5, 1, 2, -2, -1, 6, 6, -4, 0, 4, -1, 5, 0, 4, -2, 5, 3, -4, 3, -4, -1, 4, 1, 6, -5, -4, -6, -1, -6, 0, -6, -5, 4, -4, -1, 4, 5, 6, 0, 1, 3, -4, -4, 3, 6, -1, 3, -3, -2, -4, -5, -1, -6, -6, 5, -1, -2, -2, -6, 3, 4, -6, 5, -3, 3, -3, -1, -1, -3, -3, -5, 1, -2, -3, -1, 0, 5, 3, -6, -2, 6, 1, 0, -2, 0, -1, 5, -5, -2, 4, -1, 3, 6, 4, 1]
 
1.8927968279433867: [-1, 5, -2, 1, 6, 6, 3, -1, 6, 2, 2, -6, 6, -6, -3, 5, -5, 3, 2, -4, -6, 6, -2, 3, 0, -3, -1, 0, -4, 5, -5, -6, 4, -3, -5, -4, 6, 6, -6, -4, 5, 0, -1, -3, -4, 0, 4, 5, -6, 3, -4, -1, -2, 6, 2, 2, 6, 0, -4, -6, 6, -3, 0, -6, 6, 4, 3, -3, 1, -1, -5, 0, 1, 1, -4, 2, 3, 4, -2, -6, -6, 6, -5, -4, 2, -5, 6, 5, 0, -2, 1, 4, 6, 2, 5, -1, 5, -3, -3, 1, -1, -1, -3, -2, 6, 1, 1, 6, -3, 5, -6, 3, -2, 5, -6, -1, -2, 2, -3, 5, 2, -1, -2, -6, -6, 5, -6, -3]
 
0.7688248556387438: [4, 5, -5, -5, 6, 6, 6, -1, 4, 2, 4, -6, 2, 6, -5, 3, 5, -2, 0, 3, -3, -2, -4, 4, -4, -4, 1, -2, 0, -2, -5, -6, 4, 3, -5, 6, 1, 5, -6, -4, 5, 0, 6, 4, 0, 3, 0, 1, 2, 0, 5, 5, 0, -2, -3, 6, 2, -2, 0, 6, 6, -6, -3, 5, -5, -5, -1, 1, 0, -4, 6, 1, 5, -2, 6, 2, -6, -1, -5, 3, 2, -4, 1, -6, 1, -5, 3, 6, -5, 2, -1, 2, -3, 5, 1, -1, 6, 3, 1, 0, -4, -3, -2, -5, 6, 2, 1, 6, -3, 5, -6, 4, -2, 6, -6, -4, -2, 2, 5, 5, -5, 1, -2, 1, 0, 5, 1, 1]
 
2.6391908971587412: [5, 5, 4, -1, 2, -5, -6, -2, 4, 0, 6, -6, 2, 6, -5, -5, -4, -2, -6, 3, -2, 4, -4, 4, -4, -4, 4, -6, -1, -2, 2, 2, -2, 4, -3, 6, -4, 6, -1, -5, -4, 0, -2, -3, -4, 5, 5, 3, 1, -3, -3, 3, 2, 6, 4, 6, -5, -5, -4, -2, 6, -3, 0, -6, -3, -5, 3, -4, -5, 3, -4, 0, -3, -3, 6, 2, -6, -1, -5, 3, 2, -4, 1, -6, 1, -5, 3, 6, -5, 2, -1, 2, -3, 5, 0, 1, 5, 6, -1, -4, 1, -6, 2, -5, -4, -4, -4, 4, 0, 1, 5, 2, 6, 4, -6, 2, 5, 1, 1, -1, 3, 2, 1, -5, 3, -5, -4, 6]
 
1.8897079130006866: [-6, 5, -3, 0, 2, 1, 4, -6, 2, 2, 6, -6, -4, 6, -5, 6, -6, 4, -1, 3, 0, 6, -2, 4, -3, -3, -3, 2, 6, -6, 5, -2, 6, 2, -5, -4, -5, 5, -6, 5, -2, 5, 4, 6, 1, 4, 6, -2, 5, 4, -6, -3, -2, 5, 4, -1, 2, -2, -6, -4, -5, -4, 0, -4, -6, -2, 2, 0, 1, -6, -2, 6, -5, -1, -6, -2, -4, -5, 2, 4, -2, -1, 1, 5, -1, 3, -4, -4, -4, 2, -5, -1, -5, 5, 3, 1, -2, 3, -3, 2, -1, 6, 0, 4, 1, 5, -3, -4, -2, -6, -1, 1, 5, 6, 0, -2, 1, -2, -6, 5, -4, 1, 1, 1, 0, 5, 0, 1]
 
2.7217434838138876: [-6, 5, 4, 0, 2, 6, -6, -6, 4, 2, 6, -6, 2, 6, -5, 6, -5, 3, -1, 3, -6, 6, -2, 3, 2, -2, -4, 0, 5, 5, -2, -6, 4, -3, -5, 2, 1, -5, -3, -4, 5, -2, -1, 5, -4, 0, 4, -1, -6, 4, -5, -1, -4, 6, 4, 2, 6, -5, -4, -6, 2, -4, 0, -6, 0, -2, -5, -1, 3, 3, 5, 0, 1, -5, -4, -4, 3, 4, -5, 3, -1, -1, 1, -6, 1, -5, 3, 6, -5, 2, -1, 2, -3, 5, 1, -1, 6, -1, -6, -4, -5, -1, -4, -6, -6, -4, -3, 1, -3, -3, 6, 1, -4, 5, 3, 6, 4, 0, -2, 2, 0, -5, 5, 0, -6, 4, -1, 5]
 
1.5343096833047039: [-4, -3, -3, 3, -5, 6, 3, -5, 5, 2, 0, -6, -6, 3, -5, -6, -2, -2, -2, -1, -4, -5, -1, -3, 1, 5, 1, -5, -5, 6, -4, 2, -2, 4, -3, 6, -4, 6, -4, 3, 0, 0, -3, -3, -4, 5, 5, 3, 1, -3, -3, -2, 2, -5, -5, 0, -5, 2, 5, -2, 3, -3, 4, -6, 6, -5, 3, -4, 3, 4, -4, 3, 5, -3, -4, -5, 1, -1, -4, -5, 3, -4, 4, 5, 4, 4, -2, 5, 6, 2, 5, 1, -4, 4, -3, -3, -3, -4, -3, -1, -1, 6, 0, 2, 2, -3, 2, -6, 4, -6, 5, -5, -5, 6, -1, 5, 5, -1, 6, 5, 3, 4, 5, 6, 4, 5, -2, 1]
 
0.51650595566: [5, -3, 2, -4, -1, -1, 6, -2, -1, 5, 6, 5, -5, 5, -5, -4, 1, -2, 5, 3, 0, -2, 3, 4, -5, 1, 5, 5, -1, -6, 5, -1, 3, -5, 2, -3, -2, 0, 1, -5, 3, -3, 4, -3, -4, -5, 4, 5, -3, 3, 0, 3, -4, 6, 4, 2, 6, -5, -4, 3, 6, -3, 0, -6, 0, -6, 3, -1, -5, 3, -5, 0, 1, 2, -4, -1, 0, -4, -1, 3, -4, 5, 3, -5, -3, -2, 1, 5, -1, 2, 1, -6, 3, 4, 4, -3, -3, -2, -3, -1, 4, -3, -1, 5, 1, -4, 4, -4, 0, 5, 5, 2, -2, 6, 1, 0, -1, 3, 5, -5, -1, -4, 4, -3, 3, 6, 4, 1]
 
0.34585567393972594: [-4, 6, 6, 0, -1, 0, 6, 2, -2, 3, 4, 1, -6, -6, 6, 6, 3, 3, -6, -1, -3, 4, -1, 4, 0, -5, -6, 2, -2, -3, 6, -4, 1, -3, 1, -2, -3, -2, 2, -4, 3, 3, -5, 2, -1, -4, -6, 5, -6, 6, 4, -1, -1, -3, -6, -5, 4, 4, -5, 5, -3, -6, 2, 5, 4, 2, 1, 5, -3, -3, -2, 5, 4, 1, 6, -1, 5, 3, -1, 6, 0, 6, 2, 5, -2, -4, -2, 2, 2, -3, 5, 6, 6, -5, 0, 1, 5, 3, 2, -5, 0, 6, -6, -4, 4, 1, 1, 4, 4, -4, -2, -4, -1, 0, -4, -5, 6, -3, -1, 5, 4, 4, 2, -5, 0, -6, -1, -1]
 
1.44448460433: [-6, 5, 4, 0, 2, -5, 6, -2, 4, 0, 1, 2, -3, -1, -5, -4, 5, -4, 5, 0, -1, 6, -2, 2, 0, -1, 3, 2, -3, 5, -5, -5, 4, -1, -5, 6, 6, 6, -6, -4, 5, 0, -1, -3, -4, -3, 4, -5, -6, 3, -4, -5, 6, 6, 2, 2, 0, 0, -6, -6, -3, -2, 0, -6, 6, -2, 3, -3, 1, -1, -5, 0, 1, 1, -2, 2, 3, 4, -2, -6, -6, 6, -5, -4, 2, -3, 2, 5, 1, -2, 1, 4, 6, -4, -4, 1, -2, -3, -3, -3, -4, -1, -3, 4, 6, 1, 1, -3, -3, 5, -6, 3, -5, 5, -3, 3, -1, 2, 4, 5, 0, -2, -2, -6, -6, 5, -6, -3]
 
1.6621793179195872: [-1, 5, -2, 1, 6, 6, 3, -1, 3, 6, -5, -6, -4, 6, -5, -1, 5, -4, 6, 3, -3, -2, -4, 4, -4, -4, 1, -2, 0, 1, 0, -6, -6, 0, 4, -5, -3, 1, 0, 6, 5, 0, 1, 0, -6, 0, 0, 5, -6, 1, 6, -1, 6, 5, -4, 6, 3, 1, -4, 3, -3, -4, 3, -1, 5, 4, 3, -4, 5, 3, 4, -2, -1, 0, -4, -5, 3, -2, -4, 4, 4, -5, -5, -5, 3, 0, 4, -5, 5, -4, -4, 0, -2, 1, -3, 1, 5, 3, 2, -5, 0, -6, -6, -4, -5, 1, 1, 4, 4, 5, -2, -4, -1, 6, -2, -5, -5, -3, -1, 5, -1, 4, 2, 2, 0, -1, 5, -1]
 
0.3550302998266949: [1, 5, 5, 1, 0, 6, 6, 0, -4, -4, 2, -3, 6, -6, -3, 5, -5, 3, -5, -4, -2, -2, -2, 3, 0, -4, -4, 4, -4, 5, -5, -6, 0, 3, 5, 2, -3, 5, -6, -5, 5, -6, -4, 6, 0, 3, -3, 1, 6, 0, 5, -2, 0, -2, -3, 2, 2, -6, 4, 3, 6, -6, -3, 5, -5, -5, 5, 4, 0, -4, 6, 1, 5, 0, -4, 2, -6, -1, 4, 3, 2, -4, -6, -6, 1, -5, 3, 6, -5, -2, 4, 2, -3, 5, 1, -1, -5, -6, 3, -3, -4, -3, -2, -5, 6, 2, 1, -4, -3, 5, -4, 4, -2, -1, -6, -4, -5, 2, 3, 5, -5, 1, 3, -5, 0, 5, 1, -3]
 
1.837526091810032: [4, 5, 4, -5, -1, 3, -4, -1, 4, -6, 0, -6, -2, 4, -5, -2, 1, 5, -2, -5, -2, 0, 0, -4, -2, 0, -2, -2, 6, -2, -6, 0, -1, 4, -3, 2, -2, -2, -1, 3, 6, -3, -1, -2, -4, -6, 4, -1, 3, -6, -3, 1, 5, -3, 4, -5, 2, -4, -4, 3, -2, -3, -5, 4, -5, -5, -1, 3, -2, 2, -3, -3, 6, 5, -1, 1, 6, 3, -3, 4, -3, 2, 6, -6, 1, -5, -1, 6, -5, 2, -1, 2, -3, 3, 1, -1, 6, -1, -6, 5, 4, -3, -2, -6, 3, -1, -3, 1, -3, -3, -2, -1, -4, 5, 3, 6, 0, 0, -6, 2, -2, 5, 2, 3, 3, -4, -5, -3]
 
3.612169191673562: [6, 0, 6, 1, -1, -6, 6, -2, -2, 5, 5, 2, -5, 6, 6, 1, -4, -2, -6, 3, 1, 4, 2, 3, 6, -3, 4, 2, -4, 1, -6, 0, -2, 5, -3, 4, -1, 6, -5, 6, -4, 0, -1, 0, -4, 0, -2, 5, 1, 3, 0, -6, 2, -3, 4, 6, -5, 4, -4, -2, -2, -3, 0, 1, 0, 1, 3, -6, 6, 2, -4, -3, -3, -6, -2, -4, 1, 6, -2, 3, -1, 5, -6, 1, -2, -6, 6, 5, 4, -2, 1, 4, 3, 6, 4, -5, -3, -5, 4, -6, 6, -1, 2, -6, -2, -1, -6, -2, -6, 2, -3, 2, -3, 5, 5, -6, 2, -4, -6, -3, 3, -6, -3, 1, 4, 2, -2, 3]
 
1.5216956996085016: [5, 5, 4, -1, 2, -5, -6, -2, 4, 0, 2, -6, 6, -6, -3, 5, -5, 3, 2, -4, -6, 6, -2, 3, 0, -3, -4, 0, -4, 5, -5, -6, 4, 3, -5, 6, 1, 5, -6, -4, 5, 0, 6, 4, 0, 3, 0, 1, 2, 0, 5, 5, 0, -2, -3, 6, 2, -2, 0, 6, 6, -6, -3, 5, -5, -5, -1, 1, 0, -4, 6, 1, 5, -2, 6, 2, -6, -1, -5, 3, 2, -4, 1, -6, 1, -5, 3, 6, -5, 2, -1, 2, -3, 5, 1, -1, 6, 3, 3, 6, -3, -2, -1, -6, -4, -3, 5, -4, 2, 3, 3, 3, -1, -3, 5, -6, 2, -3, -6, -3, 3, -5, -3, 1, 4, 2, -2, 3]
 
2.0550838256896267: [-6, 5, -1, 1, -5, -5, -6, -2, 5, 0, 1, -6, -4, -6, 1, 6, 5, 3, 2, -4, -2, -3, 4, 6, 0, -3, 6, 0, -4, -1, -1, 6, 4, 2, 0, -4, 1, -3, 0, -6, 5, -5, 1, 0, 1, -6, 4, -6, 0, 3, -4, 2, -4, 6, 4, 2, 6, -5, 4, -6, 6, -3, 0, -6, 3, 4, 3, -1, -5, 3, 4, 0, -3, -6, -4, -4, -1, 6, -4, 3, -1, -3, -4, -5, -3, -6, 6, 5, -1, -2, 3, 4, -6, -4, 1, 1, 0, -6, 3, -2, 0, 0, 0, -4, -4, -2, -3, -6, -3, -3, 6, 0, -5, 0, 4, 0, 3, 2, -2, 5, -5, 1, -6, 1, 3, -6, 3, -4]
 
1.78705809844: [-6, 5, 4, 0, 2, -5, -6, -2, 4, 0, 1, 2, 2, 6, -5, -5, -4, -2, -6, 3, -2, 4, -4, 4, -4, -4, 4, -6, -1, -2, 2, 2, -2, 4, -3, 6, -4, 6, -1, -5, -4, 0, -2, -3, -4, 5, 5, 3, 1, -3, -3, 3, 2, 6, 4, 6, -5, -5, -4, -2, 6, -3, 0, -6, -3, -5, 3, -4, -5, 3, -4, 0, -3, -3, 6, 2, -6, -1, -5, 3, 2, -4, 1, -6, 1, -5, 3, 6, -5, 2, -1, 2, -3, 5, 1, -1, 6, 3, 1, 0, -4, -3, -2, -5, -5, -1, 1, 1, -2, 4, 5, -4, -5, 6, -4, 0, 5, 3, -4, -4, 6, 6, 2, 3, 3, 6, -1, 2]
 
0.871020210589: [5, 5, 4, 0, 3, 5, 0, 2, 1, 6, 1, -6, -6, 1, -3, 4, -3, -4, 5, 1, -4, 6, -2, 2, 0, -3, -4, 0, 5, 0, -6, 0, -2, 5, -3, -4, -4, -4, -4, 6, -4, -4, -1, 0, 5, 0, -2, -3, 1, -6, 0, 3, 5, -3, 4, 6, -4, 4, -4, -2, -2, -3, 0, -5, 0, 6, 3, -6, 6, 2, -4, -3, -3, -6, -2, -4, 3, 6, -2, 3, -6, 5, -6, -6, -2, -6, -3, 5, -6, 5, 1, 4, 0, 6, 4, -5, 5, -5, 4, 1, 4, -2, 2, -6, -3, -6, -6, -2, -6, 2, -3, 6, -1, 5, 5, -6, 2, -4, 2, -3, 5, -6, -3, 1, 4, 2, -2, 3]
 
1.2713505072: [-6, 5, 4, 0, 2, -5, -6, -2, 4, 0, 1, 2, -6, -6, -3, 4, 5, -4, 5, 1, -6, 6, -2, 2, 0, -3, -4, 0, -4, 5, -5, -6, 4, 3, -5, 6, 1, 5, -6, -4, 5, 0, 6, 4, 0, 3, 0, 1, 2, 0, 5, 5, 0, -2, -3, 6, 2, -2, 0, 6, 6, -6, -3, 5, -5, -5, -1, 1, 0, -4, 6, 1, 5, -2, 6, 2, -6, -1, -5, 3, 2, -4, 1, -6, 1, -5, 3, 6, -5, 2, -1, 2, -3, 5, 1, -1, 6, 3, 1, 0, -4, -3, -2, -5, 6, 1, 1, 4, 4, 5, -2, -4, -1, 6, -2, -5, -5, -3, -1, 5, -1, 4, 2, 2, 0, -1, 5, -1]
 
1.42791413781: [5, 5, 4, -1, 2, -5, -6, -2, 4, 0, 6, -6, 2, 6, -5, -5, -4, -2, -6, 3, -2, 4, -4, 4, -4, -4, 4, -6, -1, -2, 2, 2, -2, 4, -3, 6, -4, 6, -1, -5, -4, 0, -2, -3, -4, 5, 5, 3, 1, -3, -3, 3, 2, 6, 4, 6, -5, -5, -4, -2, 6, -3, 0, -6, -3, -5, 3, -4, -5, 3, -4, 0, -3, -3, 6, 2, -6, -1, -5, 3, 2, -4, 1, -6, 1, -5, 3, 6, -5, 2, -1, 2, -3, 5, 0, 1, 5, 3, 2, -5, 0, -6, -6, -4, -5, 2, 1, 6, -3, 5, -6, 4, -2, 6, -6, -4, -2, 2, 5, 5, -5, 1, -2, 1, 0, 5, 1, 1]
 
2.61607376787: [5, 5, 4, -1, 2, -5, -6, -2, 4, 0, 6, -6, 2, 6, -5, -5, -4, -2, -6, 3, -2, 4, -4, 4, -4, -4, 4, -6, -1, -2, 2, 2, -2, 4, -3, 6, -4, 6, -1, -5, -4, 0, -2, -3, -4, 5, 5, 3, 1, -3, -3, 3, 2, 6, 4, 6, -5, -5, -4, -2, 6, -3, 0, -6, -3, -5, 3, -4, -5, 3, -4, 0, -3, -3, 6, 2, -6, -1, -5, 3, 2, -4, 1, -6, 1, -5, 3, 6, -5, 2, -1, 2, -3, 5, 0, 1, 5, 3, 2, -5, 0, -6, -6, -4, -5, 1, 1, -4, 0, 5, 5, -1, -2, 6, 1, 0, -2, 2, 5, 5, -5, -4, 4, 1, 3, 6, 4, 1]
 
2.31311591208: [6, -3, 3, -1, 4, -6, -5, -2, -2, 3, -6, -4, -5, 6, 5, 1, 1, -5, -6, 1, 1, -2, 2, -3, -5, 3, 0, -2, -6, 4, 2, -1, -1, -5, -2, 4, -3, 0, -2, -5, 3, -3, 2, -1, -4, 0, 0, 5, -2, 3, -4, -1, -4, 6, 4, 2, 0, -2, -4, -3, 0, -3, 0, -6, 0, 4, 3, 3, 3, 3, -5, 0, -2, 1, -4, 1, -5, 6, 6, 3, -1, 5, -2, -5, -3, -6, 1, -2, -1, -2, -2, -6, 3, 4, 4, 5, -3, 3, 0, -1, 5, -3, -3, 4, 1, -2, 4, 4, 4, 5, 5, -4, -1, 6, -3, 1, 0, 0, 0, 5, 6, -4, 2, 0, 0, -1, 5, -1]
 
1.35161016803: [5, 5, 4, -1, 2, -5, -6, -2, 4, 0, 6, -6, 2, 6, -5, -5, -4, -2, -6, 3, -2, 4, -4, 4, -4, -4, 4, -6, -1, -2, 2, 2, -2, 4, -3, 6, -4, 6, -1, -5, -4, 0, -2, -3, -4, 5, 5, 3, 1, -3, -3, 3, 2, 6, 4, 6, -5, -5, -4, -2, 6, -3, 0, -6, -3, -5, 3, -4, -5, 3, -4, 0, -3, -3, 6, 2, -6, -1, -5, 3, 2, -4, 1, -6, 1, -5, 3, 6, -5, 2, -1, 2, -3, 5, 0, 1, 5, 3, 2, -5, 0, -6, -6, -4, -5, 1, 1, -4, -3, 5, -4, 4, -2, -1, -6, -4, -5, 2, 3, 5, -5, 1, 3, -5, 0, 5, 1, -3]
 
0.851081236698: [1, 5, 5, 1, 0, 6, 6, 0, -4, -4, 2, -3, 6, -6, -3, 5, -5, 3, -5, -4, -2, -2, -2, 3, 0, -4, -4, 4, -4, 5, -5, -6, 0, 3, 5, 2, -3, 5, -6, -5, 5, -6, -4, 6, 0, 3, -3, 1, 6, 0, 5, -2, 0, -2, -3, 2, 2, -6, 4, 3, 6, -6, -3, 5, -5, -5, 5, 4, 0, -4, 6, 1, 5, 0, -4, 2, -6, -1, 4, 3, 2, -4, -6, -6, 1, -5, 3, 6, -5, -2, 4, 2, -3, 5, 1, -1, -5, -6, 3, -3, -4, -3, -2, -5, 6, 2, 1, 4, 4, 5, -2, -4, -1, 6, -2, -5, -5, -3, -1, 5, -1, 4, 2, 2, 0, -1, 5, -1]
 
0.753313792267: [-3, 5, -3, -6, 2, 1, 4, 6, 2, 2, -3, -6, -6, 6, -2, 6, 2, -5, -3, 2, 0, 6, -2, -2, -3, 5, -2, 3, 6, -5, 5, -2, 6, 5, -5, -4, -5, 5, 0, 5, -2, 5, -4, -6, -1, -2, 6, -3, -6, -6, -4, -3, -2, 5, 4, -1, 2, -2, 4, -4, -5, -6, 0, -4, 3, -2, 0, 0, 1, 1, -2, -4, -5, -1, 1, -2, -4, -4, 2, 4, 6, -1, -3, -2, -1, 4, -4, -4, -4, 2, -5, -1, -5, 5, 3, 1, -2, 6, -3, -4, -3, -5, 0, 4, 1, -6, -3, 0, -2, 6, -6, 3, -5, -6, 4, -1, -2, 2, -3, -4, 2, 0, -2, -6, -6, 6, -4, -3]
 
1.93874519173: [-6, 5, 4, 0, 2, -5, -6, -2, 4, 0, 1, 2, -6, -6, -3, 4, 5, -4, 5, 1, -6, 6, -2, 2, 0, -3, -1, 0, -4, 5, -5, -6, 4, -3, -5, -4, 6, 6, -6, -4, 5, 0, -1, -3, -4, 0, 4, 5, -6, 3, -4, -1, -2, 6, 2, 2, 6, 0, -4, -6, 6, -3, 0, -6, 6, 4, 3, -3, 1, -1, -5, 0, 1, 1, -4, 2, 3, 4, -2, -6, -6, 6, -5, -4, 2, -5, 6, 5, 0, -2, 1, 4, 6, 2, 5, -1, 5, -3, -3, 1, -1, -1, -3, -2, 6, 1, 1, 6, -2, -6, -1, 1, 5, 6, 0, -2, 1, -2, -6, 5, -4, 1, 1, 1, 0, 5, 0, 1]
 
1.09814018735: [6, 4, 5, -4, 6, -2, 4, -5, -6, 2, 6, -3, -6, 3, -5, -6, -2, -2, -2, -1, -4, -5, -1, -3, 1, 5, 1, -5, -5, 6, -4, 2, -2, 4, -3, 6, -4, 6, -4, 3, 0, 0, -3, -3, -4, 5, 5, 3, 1, -3, -3, -2, 2, -5, -5, 0, -5, 2, 5, -2, 3, -3, 4, -6, 6, -5, 3, -4, 3, 4, -4, 3, 5, -3, -4, -5, 1, -1, -4, -5, 3, -4, 4, 5, 4, 4, -2, 5, 6, 2, 5, 1, -4, 4, -3, -3, -3, -4, -3, -1, -1, 6, 0, 2, 2, -3, 2, -6, 4, -6, 5, -5, -5, 6, -1, 5, 5, -1, 6, 5, 3, 4, 5, 6, 4, 5, -2, 1]
 
0.761622176913: [-4, -3, -3, 3, -5, 6, 3, -5, 5, 2, 0, -6, -6, 6, -2, 4, -3, -2, 4, 3, -2, 6, -4, 4, -3, -5, -6, -2, 2, 4, 6, 0, 6, 0, 1, -2, 4, -2, -6, 2, -4, 3, 1, -3, -1, -4, -6, 2, -6, -5, 0, -1, -1, -1, 6, -5, 5, 4, 4, -5, 1, 1, 2, 5, 4, 2, 1, -4, -1, -3, -2, 6, 4, 6, 0, 0, 6, 6, 4, 1, 0, -1, 5, 6, -2, -4, -2, -1, 2, 5, -5, 6, 4, -5, 0, 1, 5, -4, 2, -5, 0, -6, 6, -4, 5, 1, 1, 4, 4, 5, -1, 4, 2, 6, 5, 6, -5, -3, -1, 5, -1, 4, 2, -3, 0, 6, 5, -1]
 
0.748154676421: [-6, 5, -1, 1, -5, -5, -6, -2, 5, 0, 1, -6, -4, -6, 1, 6, 5, 3, 2, -4, -2, -3, 4, 4, -4, -4, 4, -6, -1, -2, 2, 2, -2, 4, -3, 6, -4, 6, -1, -5, -4, 0, -2, -3, -4, 5, 5, 3, 1, -3, -3, 3, 2, 6, 4, 6, -5, -5, -4, -2, 6, -3, 0, -6, -3, -5, 3, -4, -5, 3, -4, 0, -3, -3, 6, 2, -6, -1, -5, 3, 2, -4, 1, -6, 1, -5, 3, 6, -5, 2, -1, 2, -3, 5, 0, 1, 5, 3, 2, -5, 0, -6, -6, -4, -5, 1, 1, 4, 4, 5, -2, -4, -1, 6, -2, -5, -5, -3, -1, 5, -1, 4, 2, 2, 0, -1, 5, -1]
 
1.10312170673: [4, 5, 4, -3, 2, -5, 6, -2, 4, 0, 6, -6, 4, 6, -5, -5, -4, 1, -3, 5, -2, -2, -4, -3, 0, -3, 6, -6, -4, 2, -1, 6, 4, -2, 0, -2, 1, -4, 0, -6, 5, -1, 1, -5, 1, -6, 4, 1, 0, 3, -4, -4, -4, 6, 4, 2, 2, -5, 4, -5, 6, -3, 0, 4, -1, 4, 3, -4, -5, 3, 4, 0, 4, -6, -4, -4, -1, 0, -4, 3, 2, -3, -4, -5, -3, 6, -3, 5, -1, -2, 5, -6, -6, -6, 1, 1, 0, 5, -6, -2, 0, 0, 0, -4, 6, -2, 6, -6, -3, 3, 6, 0, -5, -3, 4, 0, 5, 2, -2, 5, 5, 1, -6, 5, -4, -6, 2, -1]
 
2.29967262176: [5, 5, 4, -1, 2, -5, -6, -2, 4, 0, 2, -6, 6, -6, -3, 5, -5, 3, 5, 1, -6, 6, -2, 2, 0, -3, -4, 0, -4, 5, -6, 0, -2, 5, -3, 4, -1, 6, -5, 6, -4, 0, -1, 0, -4, 0, -2, 5, 1, 3, 0, -6, 2, -3, 4, 6, -5, 4, -4, -2, -2, -3, 0, 1, 0, 1, 3, -6, 6, 2, -4, -3, -3, -6, -2, -4, 1, 6, -2, 3, -1, 5, -6, 1, -2, -6, 6, 5, 4, -2, 1, 4, 3, 6, 4, -5, -3, -5, 4, -6, 6, -1, 2, -6, -2, -1, -6, -2, -6, 2, -3, 2, -3, 5, 5, -6, 2, -4, -6, -3, 3, -6, -3, 1, 4, 2, -2, 3]
 
1.04011304287: [-6, 5, 4, 0, 2, -5, -6, -2, 4, 0, 1, 2, -6, -6, -3, 4, 5, -4, 2, -4, -6, 6, -2, 3, 0, -3, -4, 0, -4, 5, -5, -6, 4, 3, -5, 6, 1, 5, -6, -4, 5, 0, 6, 4, 0, 3, 0, 1, 2, 0, 5, 5, 0, -2, -3, 6, 2, -2, 0, 6, 6, -6, -3, 5, -5, -5, -1, 1, 0, -4, 6, 1, 5, -2, 6, 2, -6, -1, -5, 3, 2, -4, 1, -6, 1, -5, 3, 6, -5, 2, -1, 2, -3, 5, 1, -1, 6, 3, 3, 6, -3, -2, -1, -6, -4, -3, 5, -4, 2, 3, 3, 3, -1, -3, 5, -6, 2, -3, -6, -3, 3, -5, -3, 1, 4, 2, -2, 3]
 
1.09593699832: [5, -6, 4, -2, -1, -5, -6, -2, 4, 2, 6, -6, 2, 6, -5, -5, -4, -2, -6, 3, 2, 4, -1, 4, -5, -4, 4, -6, -1, -2, 2, 3, 5, -4, -2, 0, -4, -1, -6, -5, -4, 0, 4, 1, -4, 2, 5, 3, 1, -3, -3, 3, 2, 4, 4, -2, -5, -5, -4, -2, -4, -3, -2, -6, 6, 3, -6, 0, -5, 3, -4, 5, -3, -3, 6, 5, -1, 4, -2, 3, 2, 3, 5, -6, 1, -5, -4, 6, -6, 2, -1, 2, -3, 5, 3, 4, 6, 5, 1, 0, -4, -3, -2, 3, 0, 5, 3, 1, -3, 5, -4, 4, 3, -1, 6, 6, -5, 2, 3, 5, 0, 2, 3, -5, 5, 5, 1, -3]
 
2.00045898227: [1, -5, 4, 1, -4, 6, 6, 4, -4, -6, 0, 1, 6, 3, -3, 5, 4, 3, -5, 2, -2, -2, -4, -1, 0, -4, -4, 4, 5, 5, -5, -6, 0, 3, -3, -3, -3, 5, -6, 1, 5, -2, -1, 6, -3, 3, -3, 1, 6, 5, 0, -2, 0, -2, -3, 2, -2, -5, 4, 3, 6, -6, -3, 5, -5, 5, 5, 4, 0, 2, 6, 1, 5, 4, -4, -1, 5, -1, 4, 3, 2, -2, -6, -2, 1, 1, 3, -5, 5, -2, 4, 2, 2, 1, 1, -5, -5, -6, 1, -3, 5, -3, -2, -6, 6, 2, 1, -4, -2, -6, 5, -4, -5, 6, -5, 0, 2, 3, -5, -4, 6, 6, 2, 3, 6, 6, -1, 2]
 
1.08194922749: [-3, 5, 6, 0, 2, -5, -6, -2, 4, 0, 6, -6, -3, -6, -3, 4, 5, -4, 5, 1, -3, 2, -2, 2, 5, 6, -4, 0, 6, 5, -6, 0, -2, 5, -3, 1, -2, 6, 5, 6, -4, 0, -1, 0, 4, -4, 1, 2, -5, 3, 6, -1, 4, -3, 4, 6, -5, 4, -4, -2, -2, -3, 6, 1, 0, 2, 3, -6, 4, 2, -4, -3, -3, -6, 4, -5, 1, 6, 3, 3, -5, 1, -6, 1, -2, -2, -4, 0, 4, -2, 1, 2, 5, -3, 4, -5, -3, -5, 4, -6, 6, -1, 2, 0, -2, -1, 2, -3, -5, 2, 0, 2, 4, 2, 3, -6, 0, -4, 3, 4, 3, 1, 1, -5, 3, -5, -4, -6]
 
2.00613525031: [5, 5, 4, -1, 2, -5, -6, -2, 4, 0, 6, -6, 2, 6, -5, -5, -4, -2, -6, 3, -2, 4, -4, 4, -4, -4, 4, -6, -1, -2, 2, 2, -2, 4, -3, 6, -4, 6, -1, -5, -4, 0, -2, -3, -4, 5, 5, 3, 1, -3, -3, 3, 2, 6, 4, 6, -5, -5, -4, -2, 6, -3, 0, -6, -3, -5, 3, -4, -5, 3, -4, 0, -3, -3, 6, 2, -6, -1, -5, 3, 2, -4, 1, -6, 1, -5, 3, 6, -5, 2, -1, 2, -3, 5, 0, 1, 5, 6, -1, -4, 1, -6, 2, -5, -4, -4, -4, 4, 0, 1, 5, 2, 6, 4, -6, 2, 5, 1, -6, -3, 3, -6, -3, 1, 4, 2, -2, 3]
 
0.87293744245: [-6, 5, 4, 0, 2, 6, -6, -6, 4, 2, 6, -6, 2, 6, -5, 6, -5, 3, -1, 3, -6, 6, -2, 3, 2, -2, -4, 0, 5, 5, -2, -6, 4, -3, -5, -4, 1, -3, -6, -4, 5, 0, -1, 0, -4, 0, 4, 5, -6, 3, -3, 3, 2, 6, 4, 6, -5, -5, -4, -2, 6, -3, 0, -6, -3, -5, 3, -4, -5, 3, -4, 0, -3, -3, 6, 2, -6, -1, -5, 3, 2, -4, 1, -6, 1, -5, 3, 6, -5, 2, -1, 2, -3, 5, 0, 1, 5, 3, 2, -5, 0, -6, -6, -4, -5, 1, 1, -4, 0, 5, 5, -1, -2, 6, 1, 0, -2, 2, 5, 5, -5, -4, 4, 1, 3, 6, 4, 1]
 
1.27945437347: [5, 5, 4, -1, 2, -5, -6, -2, 4, 0, 6, -6, 2, 6, -5, -5, -4, -2, -6, 3, -2, 4, -4, 4, -4, -4, 4, -6, -1, -2, 2, 2, -2, 4, -3, 6, -4, 6, -1, -5, -4, 0, -2, -3, -4, 5, 5, 3, 1, -3, -4, -1, -4, 6, 4, 2, 6, -5, -4, -6, 6, -3, 0, -6, 0, 4, 3, -1, 3, 3, -5, 0, 1, -5, -4, -4, 3, 6, -1, 3, -4, 5, -5, -5, -3, -6, 1, 5, -1, -2, -2, -6, 3, 4, 4, 5, -3, 3, -3, -1, -1, -1, -4, -6, -6, -4, -3, 1, -3, -3, 6, 1, -4, 5, 3, 6, 4, 0, -2, 2, -2, 2, 3, 3, 6, -4, -5, 4]
 
1.12100088112: [-3, 5, 4, -1, 2, -5, -6, -6, 4, 2, 3, 3, -5, 6, -5, -5, -4, -2, -4, -6, 4, -4, -2, 4, -4, -4, 6, -4, -1, -2, 2, 2, -2, -2, -3, 6, -4, -1, -1, -5, -4, 0, -2, -3, -5, 5, -6, 3, 1, -3, 2, 0, -4, 6, 4, 6, -5, 4, -4, -2, -2, -3, 0, 1, 0, 1, 3, -6, 6, 2, -4, -3, -3, -6, -2, -4, 1, 6, -2, 3, -1, 5, -6, 1, -2, -6, 6, 5, 4, -2, 1, 4, 3, 6, 4, -5, -3, -5, 4, -6, 6, -1, 2, -6, -2, -1, -6, -2, -6, 2, -3, 2, -3, 5, 5, -6, 2, -4, 1, -1, 3, 2, 1, -5, 3, -5, -4, 6]
 
1.17207883315: [5, 1, 4, 6, 2, -5, 5, -2, 4, 0, 6, -6, -6, -6, -3, 4, 4, 6, 5, 1, -6, 6, -2, 2, -2, 3, -4, 2, 2, 5, -6, 0, -5, 5, -3, 0, 3, 1, 4, -6, -4, 0, -6, 0, -4, 0, -2, 5, 4, 1, 0, -6, 2, 2, -6, 6, 6, 2, 5, -2, 6, -2, 0, -3, -3, -5, 3, -4, -1, -2, -4, 0, -3, -3, -4, 6, -6, 4, 6, -4, 0, -4, 1, -2, 0, 0, -2, 1, 2, 5, 2, -1, 2, -4, -2, -6, -3, 2, -3, 3, -1, -2, 3, 4, 4, 2, 0, -6, 4, -6, 6, 0, 1, -4, -1, 2, 5, -1, 6, 5, 3, -1, -5, -1, 5, 5, 4, -5]
 
1.23803211379: [-3, 5, 4, -1, 2, -5, -6, -6, 4, 2, 3, 3, -5, 6, -5, -5, -4, -2, -4, -6, 4, -4, -2, 4, -4, -4, 6, -4, -1, -2, 2, 2, -2, -2, -3, 6, -4, -1, -1, -5, -4, 0, -2, -3, -5, 5, -6, 3, 1, -3, 2, 0, -4, 6, 4, 6, -5, 4, -4, -2, -2, -3, 0, 1, 0, 1, 3, -6, 6, 2, -4, -3, -3, -6, -2, -4, 1, 6, -2, 3, -1, 5, -6, 1, -2, -6, 6, 5, 4, -2, 1, 4, 3, 6, 4, -5, -3, -5, 4, -6, 6, -1, 2, -6, -2, -1, -6, -2, -6, 2, -3, 2, -3, 5, 5, -6, 2, -4, 1, -1, 3, 2, 1, -5, 3, -5, -4, 6]
 
1.2111560231: [-3, 5, 4, -1, 2, -5, -6, -6, 4, 2, 3, 3, -5, 6, -5, -5, -4, -2, -4, -6, 4, -4, -2, 4, -4, -4, 6, -4, -1, -2, 2, 2, -2, -2, -3, 6, -4, -1, -1, -5, -4, 0, -2, -3, -5, 5, -6, 3, 1, -3, 2, 0, -4, 6, 4, 6, -5, 4, -4, -2, -2, -3, 0, 1, 0, 1, 3, -6, 6, 2, -4, -3, -3, -6, -2, -4, 1, 6, -2, 3, -1, 5, -6, 1, -2, -6, 6, 5, 4, -2, 1, 4, 3, 6, 4, -5, -3, -5, 4, -6, 6, -1, 2, -6, -2, -1, -6, -2, -6, 2, -3, 2, -3, 5, 5, -6, 2, -4, 1, -1, 3, 2, 1, -5, 3, -5, -4, 6]
 
1.96977822588: [-6, 5, 4, 0, 2, -5, -6, -2, 4, 0, 1, 2, -6, -6, -3, 4, 5, -4, 5, 1, -6, 6, -2, 2, 0, -3, -4, 0, -4, 5, -5, -6, 4, 3, -5, 6, 1, 5, -6, -4, 5, 0, 6, 4, 0, 3, 0, 1, 2, 0, 5, 5, 0, -2, 4, 6, -5, -5, -4, -2, 6, -3, 0, -6, -3, -5, 3, -4, -5, 3, -4, 0, -3, -3, 6, 2, -6, -1, -5, 3, 2, -4, 1, -6, 1, -5, 3, 6, -5, 2, -1, 2, -3, 5, 0, 1, 5, 3, 2, -5, 0, -6, -6, -4, -5, 1, 1, -4, 0, 5, 5, -1, -2, 6, 1, 0, -2, 2, 5, 5, -5, -4, 4, 1, 3, 6, 4, 1]
 
0.258780091173: [5, 5, 4, -1, 2, -5, -6, -2, 4, 0, 6, -6, 2, 6, -5, -5, -4, -2, -6, 3, -2, 4, -4, 4, -4, -4, 4, -6, -1, -2, 2, 2, -2, 4, -3, 6, -4, 6, -1, -5, -4, 0, -2, -3, -4, 5, 5, 3, 1, -3, -3, 3, 2, 6, -3, 6, 2, -2, 0, 6, 6, -6, -3, 5, -5, -5, -1, 1, 0, -4, 6, 1, 5, -2, 6, 2, -6, -1, -5, 3, 2, -4, 1, -6, 1, -5, 3, 6, -5, 2, -1, 2, -3, 5, 1, -1, 6, 3, 1, 0, -4, -3, -2, -5, 6, 1, 1, 4, 4, 5, -2, -4, -1, 6, -2, -5, -5, -3, -1, 5, -1, 4, 2, 2, 0, -1, 5, -1]
 
0.381108173302: [6, 0, 6, -1, -1, -6, 6, -2, -2, 5, 6, 2, -5, 6, 5, 1, 1, -2, -6, 3, 1, -2, 2, 4, -5, 3, 0, 5, -1, -6, -2, -1, -3, -5, -2, -3, -2, 0, 6, -5, 3, 6, 4, -1, -4, 0, 4, 5, -6, 3, -4, -1, -4, 6, 4, 2, 6, -5, -4, 3, -3, -4, 3, -1, 5, 4, 3, -4, 5, 3, 4, -2, -1, 0, -4, -5, 3, -2, -4, 4, 4, -5, -5, -5, 3, 0, 4, -5, 5, -4, -4, 0, -2, 1, -3, 2, -3, -6, 2, 4, -6, 6, 5, -4, 0, -5, 4, 6, -5, 1, 0, -2, -3, -6, 0, -4, -1, 0, -1, 6, 0, 4, -5, -4, 0, -3, -6, -1]
 
1.64467170883: [-1, 5, -2, 1, 6, 6, 3, -1, 3, 6, -5, -6, -4, 6, -5, -1, 5, -4, 6, 3, -3, -2, -4, 4, -4, -4, 1, -2, 0, 1, 0, -6, -6, 0, 4, -5, -3, 1, 0, 6, 5, 0, 1, 0, -6, 0, 0, 5, -6, 1, 6, -1, 6, 5, -4, 6, 3, 1, -4, -6, 6, -3, 0, -6, 0, 4, 3, -1, 3, 3, -5, 0, 1, -5, -4, -4, 3, 6, -1, 3, -4, 5, -5, -5, -3, -6, 1, 5, -1, -2, -2, -6, 3, 4, 4, 5, -3, 3, -3, -1, -1, -3, -3, 2, 1, -2, 4, -4, 0, 5, 5, -1, -2, 6, 1, 0, -2, 2, 5, 5, -5, -4, 4, 1, 3, 6, 4, 1]
 
2.82375804511: [1, 5, 4, 0, 2, 6, -6, -6, 4, 2, 6, -6, 2, 6, -5, 6, -5, 3, -1, 3, -6, 6, -2, 3, 2, -2, -4, 0, 5, 5, -2, -6, 4, -3, -5, 2, 1, -5, -3, -4, 5, -2, -1, 5, -4, 0, 4, -1, -6, 4, -5, -1, -4, 6, 4, 2, 6, -5, -4, -6, 2, -4, 0, -6, 0, -2, -5, -1, 3, 3, 5, 0, 1, -5, -4, -4, 3, 4, -5, 3, -1, -1, 1, -6, 1, -5, 3, 6, -5, 2, -1, 2, -3, 5, 1, -1, 6, -1, -6, -4, -5, -1, -4, -6, -6, -4, -3, 1, -3, -3, 6, 1, -4, 5, 3, 6, 4, 0, -2, 2, 0, -5, 5, 0, -6, 4, -1, 5]
 
0.371890937119: [-6, 5, 5, 1, -4, -1, 6, -6, -4, 4, 2, -3, 4, -6, 6, 4, -5, 3, -5, 4, -2, -2, -2, 3, 0, -4, -4, 2, -4, 5, -5, -2, -2, 3, -3, 2, 3, 5, -6, -5, 5, -6, -4, 6, 0, 2, -3, 1, 6, 0, 5, -2, -1, -4, -3, 2, 2, -6, -6, 5, -6, -3, -3, 5, -5, -5, 5, 4, 6, 3, 6, 3, 5, -5, -4, 2, 4, -1, 3, 1, 2, -4, -6, 2, 1, -5, 3, -2, 4, -2, -2, 2, -4, 2, 1, -1, -5, -6, -2, 4, -3, -3, -2, -6, 1, 2, 1, -4, -2, 4, 5, 0, -5, 6, -4, 0, -2, 3, -4, -4, 6, 6, 1, -5, -3, 6, -2, 2]
 
