1.8574556614677493: [-1, -3, 4, 6, 6, -6, -6, -2, 6, -6, -6, 6, 3, 2, 0, 1, 3, 4, 0, -5, -1, 5, 1, 6, -2, -6, 4, -5, 6, 4, 5, 0, -6, -5, -1, -2, 5, 1, 3, -2, -5, 4, -2, -6, 3, 1, -1, -3, -5, 6, 4, -1, -4, 3, -2, 6, -6, -4, 5, -2, -3, -2, 0, 5, -6, -6, -4, -2, -4, -1, 6, 5, 5, -4, 5, -5, -4, 3, 6, -2, 1, -3, -4, 0, 1, 5, -3, -5, -3, 0, 3, 4, 5, 3, 2, -4, -2, -1, -6, 1, -4, 4, 2, 5, -4, 2, 0, 3, -6, 2, -3, 4, 6, 5, -3, 4, 6, -3, 0, 1, -6, 0, -5, -4, 0, 1, 5, 6]
 
1.2212317354115814: [5, -3, -1, -4, 4, -1, -1, -2, -4, 2, 0, -5, 4, -4, 0, 4, -2, 4, -3, -5, 3, 5, 1, 6, -2, -6, 2, 0, 2, 4, 5, 0, -3, -3, 1, -5, 2, 1, 3, -2, 6, -3, -2, -3, -6, -5, -4, 1, 6, 6, 3, 0, -3, 6, 5, -2, 6, -2, -3, -6, -5, -2, -2, 3, 4, -2, -6, -3, -2, -5, 3, 4, 4, -5, -2, 0, -4, -5, 1, 5, 6, -3, -3, -2, -4, 0, 6, -1, 0, 1, 4, 4, 5, -1, -4, -4, 2, 5, -6, 2, -4, 2, 6, 2, 3, 3, 1, 2, 6, -5, 5, 4, 3, 5, -3, -6, 1, -4, -2, 1, -4, 0, -5, 3, -1, -6, -5, -3]
 
1.7473649603643429: [-6, -3, 3, -5, 3, -6, 6, -2, 5, -6, 2, 1, 6, -4, 4, 2, 1, 2, 0, -4, -6, 5, 1, 6, -2, -6, 2, -5, 6, -5, -4, 0, -6, -2, -1, 5, 4, 1, 3, -5, 2, 4, -2, -6, -6, 1, 2, -3, 6, 6, 4, -5, -4, 3, -2, -2, 3, 3, 5, -1, -5, -2, 0, 5, -6, -6, -4, -2, -4, -1, 6, 5, 5, -4, 5, -5, -4, 3, 6, -2, 1, -3, 5, 5, 1, 5, 0, -5, 4, 0, 2, 4, 0, 3, 2, -4, 3, -1, 5, 1, -5, 4, 4, -5, 0, 2, 0, 4, 4, 0, -3, -1, 6, -5, -2, 4, -1, -3, 0, 5, -6, -5, 3, 6, 0, -2, 5, -3]
 
2.531866381279577: [6, 6, 5, -3, 0, -6, 4, -2, 4, -4, -6, 6, 3, 2, 0, 1, 3, 4, 0, -5, -1, 5, 1, 6, -2, -6, 4, -5, 6, 4, 5, 0, -6, -5, -1, -2, 5, 1, 3, -2, -5, 4, -2, -6, 3, 1, -1, -3, -5, 6, 4, -1, -4, 3, -2, 6, -6, -4, 5, -2, -3, -2, 0, 5, -6, -6, -4, -2, -4, -1, 6, 5, 5, -4, 5, -5, -4, 3, 6, -2, 1, -3, -4, 0, 1, 5, -3, -5, -3, 0, 3, 4, 5, 3, 2, -4, -2, -1, -6, 1, -4, 4, 2, 5, -4, 2, 0, 3, -6, 2, -3, 1, 0, 4, -6, -1, -4, -6, 6, -5, -1, 6, 4, -6, 4, -4, -6, -5]
 
3.581064974859619: [0, -3, -1, -5, 6, 4, 1, -2, 3, 4, -5, 5, 1, -4, -1, 4, -5, 4, 0, -2, -1, 5, 1, 6, -2, -6, 4, -4, 2, 4, 5, 1, -6, 5, 1, -2, 5, 1, 3, -2, 6, -3, 0, -2, 3, 1, -1, -3, -5, 6, 4, -1, -4, 3, -2, 6, -6, -4, 5, -2, -3, -2, 0, 5, -6, -6, -4, -2, -4, -1, 6, 5, 5, -1, 5, -5, 3, 3, 4, -2, -6, 6, 3, -5, 6, 5, -3, 2, 0, -1, 5, 5, 3, -1, 3, -5, -1, -2, -5, -6, 5, -2, 3, -1, -6, -2, -6, 6, 4, -3, 4, 1, 0, 4, 6, -1, -4, -6, 6, -5, -1, 6, 4, -6, -5, -4, -6, -6]
 
1.44735480151: [6, -3, -6, 3, 6, -6, 1, -2, 1, -6, 2, -3, -2, -5, 4, 2, -6, 2, -4, -4, -6, 5, 3, -4, -2, -6, -5, 4, 6, -3, 5, 0, -6, 1, -1, -2, 5, -3, 6, -2, 2, -6, -6, -5, 3, 1, 5, 5, -5, -2, 5, -1, 4, -3, 6, 3, 1, 5, 5, -6, 2, -2, 6, -3, -4, 2, -4, 1, -5, -3, -3, -2, -4, -1, 1, 5, -5, 6, -2, -2, -4, 5, 5, 5, 6, 5, 2, -5, -3, -6, 5, 5, -2, 0, 4, -5, -1, -2, -5, 4, 3, -4, -4, 6, 2, -2, 3, 3, 4, 3, -5, 1, 5, 0, 6, -1, -2, 6, -6, -4, -3, 6, 2, -6, 2, -4, -3, -3]
 
1.3285655809: [3, -1, 5, -3, 0, -6, 4, 2, 4, -6, 1, 6, 4, 2, 3, 1, -1, 4, 0, -4, -1, -3, 1, 6, -2, -6, 4, -1, 6, 4, 2, 5, -6, -5, 2, -2, 5, 1, 4, 1, -5, 4, -3, 0, 6, 1, 4, -3, -5, 6, 4, -1, -4, 3, -2, 6, 0, -4, 5, 0, -3, -2, 0, 5, -4, -6, -4, -2, 2, -1, 6, 5, 6, -4, 3, -5, -4, 3, -6, -2, 1, -5, 1, 0, 1, 5, -3, -5, -3, 0, 3, 4, 5, 3, -6, -4, -2, -5, -6, 1, 4, 4, -6, 5, -4, 2, 0, 3, 1, -4, -3, 5, 6, 5, -6, 4, -6, 5, 0, 1, -6, 0, -5, 2, 0, 1, -1, -3]
 
2.766199771706532: [0, -3, -5, -1, 6, -6, 3, -2, 1, -6, -5, 5, -4, -4, 4, -4, -5, 4, 0, -5, 4, 5, 1, 5, -4, -6, 4, 5, 6, 0, -3, 0, -5, -6, -4, 1, 5, -3, 3, -2, -5, -4, -2, -2, 5, 3, 2, -3, 4, -1, 4, -4, 5, -5, 3, 1, 1, 5, 5, -6, -6, -5, 0, 1, -2, -6, -5, -2, 3, -1, 6, 5, 5, -1, 5, -6, -4, 3, -5, 0, 6, -3, -4, 4, 3, 5, 0, -5, -3, 0, 3, 5, 3, -1, 3, -5, -1, -2, -5, -6, 5, -2, 3, -1, -6, -2, -6, 6, 4, -3, 4, 1, 0, 4, 6, -1, -4, -6, 6, -5, -1, 6, 4, -6, -5, -4, -6, -6]
 
0.3750731489518382: [-6, -3, -5, 3, 6, -6, 1, -4, 1, -5, -1, 1, -5, -4, 4, 0, -5, 4, 0, -5, 4, 5, 1, 4, -4, -6, 4, -5, 6, 4, 5, 0, -5, -4, -4, -2, 5, 3, 3, -2, -5, 4, -2, -2, 3, -2, -1, -3, 4, -1, 4, -6, -4, 4, 3, 1, 1, 2, 5, -6, -6, -3, 0, 1, -6, 4, 0, 3, 2, -5, -4, 5, 5, -1, -3, -5, -4, 3, 1, -2, -3, 2, -4, 1, -3, 5, -5, 3, -3, 0, 3, 4, -3, 3, -5, -2, -2, -1, -6, 3, -4, 4, 2, -1, 4, 2, 0, 3, -3, 2, 4, 5, 0, 4, 1, 4, 6, -3, 0, 1, -6, 3, -5, 6, 0, -2, 5, 4]
 
2.941000677317098: [0, -3, -1, -5, 2, 4, 1, -2, 3, 2, -5, 3, 1, 2, -1, 4, -3, -3, 0, -2, -1, 5, 1, 6, -2, -6, -5, -4, -6, -1, -6, 5, -6, 2, 1, -2, 5, 1, 3, 0, 2, -3, 3, -2, 4, -6, 6, -3, -3, -4, -2, -6, -4, -5, 1, -2, 3, -3, 5, 3, -3, -2, 0, 5, -6, -6, -4, 4, 1, -3, 6, 5, -4, 0, 4, 1, -4, 3, 2, -2, 1, -3, 5, -2, 3, -5, 1, -6, -4, 6, 6, 6, -1, -3, 6, -6, -2, -3, -1, -4, -2, 1, 2, -3, -4, 2, -2, 3, 2, 2, -1, 4, -4, -3, -2, 0, -1, 3, 3, 5, -6, 5, 3, -5, 0, -2, 0, -3]
 
1.0164364872480856: [6, -3, -4, 3, 6, -6, -6, -2, 5, -6, 2, 1, 6, -4, 4, 2, 1, 2, 0, -4, -6, 5, 1, 6, -2, -6, 2, -5, 6, -5, -4, 0, -6, -2, -1, 5, 4, 1, 3, -5, 2, 4, -2, -6, -6, 1, 2, -3, 6, 6, 4, -5, -4, 3, -2, -2, 3, 3, 5, -1, -5, -2, 0, 5, 4, -6, -6, -2, -4, -5, 6, 5, 5, -4, -5, -5, -4, 3, 6, -2, 1, -3, -4, 0, 1, 5, -3, -5, -3, 0, 3, 4, 5, 3, 2, -4, -2, -1, -6, 1, -4, 4, 2, 5, -4, 2, 0, 3, -6, 2, -3, 4, 6, 5, -3, 4, 6, -3, 0, 1, -6, 0, -5, -4, 0, 1, 5, 6]
 
0.483823218028: [2, 2, 5, -5, -3, 4, 3, -2, -6, -6, 1, -6, -4, 6, 3, -3, -3, 1, -5, -3, 4, -3, -2, 3, 6, 2, -4, -6, 3, -1, 2, -1, 5, 1, -6, -4, 3, 1, 0, 1, -4, -3, 0, -4, 3, -5, 5, -5, -5, 3, 1, 4, -2, -6, -2, -4, 6, 2, 3, -4, 3, -2, -6, -1, 5, 1, 2, 0, -5, 5, 2, -4, -2, -4, -4, -1, 5, -1, 1, -1, -5, 1, -3, 5, 1, -4, -2, 2, -3, 0, 2, 4, -5, 3, 0, 0, 4, -1, -6, 1, 5, 2, 2, 5, 2, 2, 2, -6, -3, 3, -3, -3, 6, 5, -3, -6, -4, -5, -6, 0, 5, -5, -3, -1, -5, 4, -5, -3]
 
1.3191403165566093: [0, -3, -5, -1, 6, -6, 3, -2, 1, -6, -5, 5, -4, -4, 4, -4, -5, 4, 0, -5, 4, 5, 1, 5, -4, -6, 4, 5, 6, 0, -3, 0, -5, -6, -4, 1, 5, -3, 3, -2, -5, -4, -2, -2, 5, 3, 2, -3, 4, -1, 4, -4, 5, -5, 3, 1, 1, 5, 5, -6, -6, -5, 0, 1, -2, -6, -5, -2, 3, -1, 6, 5, 5, -1, 5, -6, -4, 3, -5, 0, 6, -3, -4, 4, 3, 5, 0, -5, -3, 0, 3, 4, -4, 2, 2, 0, -1, 4, 2, 1, -4, 4, 2, -5, -2, 2, 0, 4, 4, 5, -3, -1, 6, -5, -2, 4, -5, -3, 0, 2, -3, -5, 3, 6, 0, -2, 2, 5]
 
0.8867581126940567: [-3, -3, -4, 3, 6, -6, -6, -2, -2, 6, 6, 1, 1, 5, -2, 2, 1, 2, 0, -4, 5, 5, 1, 3, -2, 3, 2, 2, -4, -5, -2, -6, -6, 5, -1, 2, 4, 1, 3, -5, 2, 4, 5, 1, 3, 1, -1, -3, -6, 6, 4, -6, -4, 2, 6, 6, 1, -1, 5, -2, -3, -2, 0, 5, -6, -6, -4, -2, -4, -5, 6, 5, 5, -4, -5, -5, -2, 3, 1, -2, 1, -3, 5, 5, 1, 5, 0, -5, 4, 0, 2, 4, 0, 3, 2, -4, 3, -1, 5, 1, -5, 4, 4, -5, 0, 2, 0, 4, 4, 0, -3, -1, 6, -5, -2, 4, -1, -3, 0, 5, -6, -5, 3, 6, 0, -2, 5, -3]
 
1.35678139876: [6, -3, 1, 3, -5, 6, -2, -2, -6, -6, 2, 6, -4, -4, 1, -4, -3, -2, 0, 6, 4, 5, -3, 5, 0, -4, 2, -5, 6, -6, 0, 0, -5, -6, -4, -5, 5, 4, -1, -2, -4, -4, 3, 4, -5, -5, 5, -4, -4, 5, 4, -4, 0, -5, -6, 4, 1, 4, 6, -4, -6, -5, 4, 0, -3, 4, -5, -2, 3, 0, -1, -5, -6, -1, 5, -6, -2, 3, -5, 0, 6, -3, -3, -6, 1, 1, 6, -5, -3, 3, -1, 4, 4, 1, 2, 6, -2, -4, -2, 1, -5, 0, 4, -2, 0, 2, 0, -6, 6, 0, 4, -1, 1, -5, -3, -4, 6, -3, -2, 1, -6, -5, 3, -4, 5, 1, 5, 0]
 
1.3025069680201211: [6, -3, -4, 3, 6, -6, -6, -2, 5, -6, 2, 1, 6, -4, 4, 2, 1, 2, 0, -4, -6, 5, 1, 6, -2, -6, 2, -5, 6, -5, -4, 0, -6, -2, -1, 5, 4, 1, 3, -5, 2, 4, -2, -6, -6, 1, 2, -3, 6, 6, 4, -5, -4, 3, -2, -2, 3, 3, 5, -1, -5, -2, 0, 5, 4, -6, -6, -2, -4, -5, 6, 5, 5, -4, -5, -5, -2, 3, 1, -2, 1, -3, 5, 5, 1, 5, 0, -5, 4, 0, 2, 4, 0, 3, 2, -4, 3, -1, 5, 1, -5, 4, 4, -5, 0, 2, 0, 4, 4, 0, -3, -1, 6, -5, -3, 4, 6, -3, 0, 1, -6, 0, -5, -4, 0, 1, 5, 6]
 
2.1714473728521297: [-6, -3, 3, -5, 3, -6, 6, 2, 3, 5, 5, 4, 4, 2, 4, 2, -1, 5, -1, -4, 3, 3, -1, -2, -3, 0, -2, 6, -3, 4, 6, 2, -2, 0, -2, 4, -1, -3, -3, 6, 4, -2, -2, -5, 6, -6, 6, 0, 4, 6, 1, -5, -3, 1, 2, -6, -2, -5, -5, -4, 4, -1, 5, -5, -6, 1, -1, 4, -2, -2, 6, -4, 5, 5, 5, -5, 3, 4, 1, -2, -6, 6, -1, -5, -3, 5, -3, 2, 0, -1, 5, -1, 4, -1, 3, -5, -1, 1, -5, -6, 4, -2, 3, 2, -6, 6, -6, -6, 1, 2, 0, 6, 6, -2, 4, -4, -6, 6, -6, 6, -2, 3, 1, 4, 0, -6, 4, 4]
 
2.34341277080658: [0, -3, -5, 3, 6, -6, 1, -2, 1, -6, 0, 5, -5, -4, 4, 0, -5, 4, 0, -5, 4, 5, 1, 4, -4, -6, 4, -5, 6, 4, 5, 0, -5, -4, -5, 5, 1, -6, 3, 2, -4, -2, -6, -3, -2, 0, -1, 6, 3, 6, 3, 1, -6, 5, -2, 6, -6, 0, 5, -6, -3, -2, 6, 1, -6, 2, -4, 3, -5, -3, 3, 1, 4, -1, 5, -5, -4, 1, 6, -2, 1, -3, 5, 5, 1, 5, 0, -5, 4, 0, 2, 4, 0, 3, 2, -4, 3, -1, 5, 1, -5, 4, 4, -5, 0, 2, 0, 4, 4, 0, -3, -1, 6, -5, -2, 4, -1, -3, 0, 5, -6, -5, 3, 6, 0, -2, 5, -3]
 
1.5995273171730062: [2, -4, 5, 3, 6, -6, 1, -2, -6, -6, -2, 5, -4, 0, 3, 0, 3, 4, 6, -5, 4, 5, 0, 4, -4, 2, 4, -5, 3, 4, 4, -1, -5, -4, -5, 5, 1, -6, -2, 2, -3, -2, -6, -3, 1, 0, -1, -2, 0, 6, 3, 1, -4, 5, -2, -3, 2, -2, -2, -6, 4, 6, 6, 1, -6, -3, -4, 4, 3, -3, 3, 3, -4, -1, 5, -5, -4, 2, 6, -5, -3, 2, 6, -4, -4, 5, 2, -5, 5, 2, -6, 4, 5, 3, 2, -4, -5, 5, -6, 1, -4, -6, 2, -5, -4, 2, -5, 3, -6, 0, -3, 4, -4, 5, -4, -3, 6, -3, 0, 1, -6, -3, -5, 5, -6, -1, 2, 5]
 
0.9077255270820009: [-6, -3, -5, 3, 6, -6, 1, -4, 1, -5, -1, 6, -4, -4, 0, 0, -5, 4, 4, -5, 4, 5, 1, 4, -4, 4, 4, -5, -1, 4, 2, 2, -2, 2, -5, 4, -6, 1, -1, -1, 0, -2, 3, 5, 4, 1, -3, 0, -5, 6, -5, -1, -4, 6, -6, -2, -6, -4, 5, 1, 4, 5, 6, 1, -6, 4, -4, -2, 3, -5, 3, 3, 5, 4, 0, -5, -4, 3, 6, -3, 1, -3, -4, 6, 1, 5, -3, -5, -3, -6, 3, 4, 5, -3, -6, 3, -3, -1, -2, 1, 5, -3, 2, 5, -4, 0, 0, -6, -6, 6, -3, 4, -4, -4, -3, 4, 6, -3, 0, 1, -6, 0, 6, 2, 0, 2, -2, -3]
 
0.6637755258336729: [0, -3, -1, -5, 6, 4, 1, -2, 3, -4, 0, -1, -6, -3, 4, 1, -5, 0, 5, 6, -1, 5, 1, 6, 6, 5, 4, 5, -5, -1, 5, 1, -6, 5, 2, -1, 5, 1, -3, 4, 6, -2, 0, -2, 3, -1, -1, 3, 2, -6, 4, -1, -4, 3, 1, 6, -4, -4, 5, -2, -2, -2, 0, 5, -6, -6, -4, -2, -4, -1, -3, 5, -1, -4, -6, -5, -4, -3, -6, -2, 1, -3, 5, 5, 1, 5, 0, -5, 4, 6, 2, 3, 1, 3, -3, -4, -4, -1, -2, 1, -5, -2, 4, -5, 0, 2, 0, 4, 4, 6, -5, -1, 6, 5, 6, 4, 6, -3, 0, 6, -1, 0, -6, 6, 0, 3, 5, -4]
 
1.01346966104: [0, 2, 1, -6, -5, -3, -2, -2, 5, 5, 1, 4, -4, 5, 5, 0, -5, -6, -6, 5, 1, -5, 3, 6, -5, -6, 1, 1, 1, -3, 5, 4, -6, -2, 1, -2, -4, -1, 3, -5, -5, 4, -2, -2, -1, 1, 6, -2, -5, 4, -4, -3, -3, -1, 4, 3, -6, -3, 5, -5, -5, -6, -5, -5, 1, 4, -1, 4, -1, -5, -5, 5, 1, 2, 5, -2, 5, 6, 2, -6, -1, -3, -1, 5, 3, -3, 5, 1, -5, 5, 5, 4, 2, -6, -2, -2, 4, -4, -6, -4, -4, -5, -4, 6, -2, 6, 1, 3, -6, 3, -1, 3, -3, 5, 4, 3, -1, -5, 4, -6, -6, -2, 0, -6, 4, -5, -3, -5]
 
1.7068353969596766: [-1, -3, 4, 6, 6, -6, -6, -2, 6, -6, -6, 6, 3, 2, 0, 1, 3, 4, 0, -5, -1, 5, 1, 6, -2, -6, 4, -5, 6, 4, 5, 0, -6, -5, -1, -2, 5, 1, 3, -2, -5, 4, -2, -6, 3, 1, -1, -3, -5, 6, 4, -1, -4, 3, -2, 6, -6, -4, 5, -2, -3, -2, 0, 5, -6, -6, -4, -2, -4, -1, 6, 5, 5, -4, 5, -5, -4, 3, 6, -2, 1, -3, -4, 0, 1, 5, -3, -5, -3, 0, 3, 4, 5, 3, 2, -4, -2, -1, -6, 1, -4, 4, 2, 5, -4, 2, 0, 3, -6, 2, -3, 4, 6, 5, -3, 4, 6, -3, 0, 1, -6, 0, -5, -4, 0, 1, 5, 6]
 
1.7382051103563168: [0, -3, -5, 3, 6, -6, 1, -2, 1, -6, 0, 5, 6, -4, 4, 2, 1, 2, 0, -4, -6, 5, 1, 6, -2, -6, 2, -5, 6, -5, -4, 0, -6, -2, -1, 5, 4, 1, 3, -5, 2, 4, -2, -6, 3, 1, -1, -3, -5, 6, 4, -1, -4, 3, -2, 6, -6, -4, 5, -2, -3, -2, 0, 5, 4, -6, -6, -2, -4, -5, 6, 5, 5, -4, -5, -5, -2, 3, 1, -2, 1, -3, 5, 5, 1, 5, 0, -5, 4, 0, 2, 4, 0, 3, 2, -4, 3, -1, 5, 1, -5, 4, 4, -5, 0, 2, 0, 4, 4, 0, -3, -1, 6, -5, -2, 4, -1, -3, 0, 5, -6, -5, 3, 6, 0, -2, 5, -3]
 
0.6871638496582393: [-3, -3, 5, -5, -2, 2, 6, 6, -5, 6, 5, -6, 3, -4, 1, -1, 4, 1, -1, -6, 4, -1, -3, -2, -3, 0, -2, -3, -2, 4, -4, 2, -2, 0, 1, 4, -2, -3, -3, 6, -3, -2, -1, 3, -4, 2, 6, 6, 3, 2, -2, -6, -4, 1, 2, 1, 0, 3, 0, 2, 0, -1, 2, -5, -6, 1, -1, -5, -2, -2, 6, -4, 0, 4, 1, -4, -5, 6, -5, 3, -1, 1, -4, 0, -1, 1, -1, 1, 5, -5, -2, -3, -5, 2, -2, 4, 3, -4, -1, 1, -1, 4, 0, 6, 6, -4, -3, 1, -2, -2, -3, 5, -5, 0, 1, 0, -3, 0, -2, 5, 3, 1, -6, 6, -1, 6, -5, -6]
 
1.8177380840800406: [-1, -3, 4, 6, 6, -6, -6, -2, 6, -6, -6, 6, 3, 2, 0, 1, 3, 4, 0, -5, -1, 5, 1, 6, -2, -6, 4, -5, 6, 4, 5, 0, -6, -5, -1, 5, 1, -6, -2, 2, -3, -2, -6, -3, 1, 0, -1, -2, 0, 6, 3, 1, -4, 5, -2, -3, 2, -2, -2, -6, 4, 6, 6, 1, -6, -3, -4, 4, 3, -3, 3, 3, -4, -1, 5, -5, -4, 2, 6, -5, -3, 2, 6, -4, -4, 5, 2, -5, 5, 2, -6, 4, 5, 3, 2, -4, -5, 5, -6, 1, -4, -6, 2, -5, -4, 2, -5, 3, -6, 0, -3, 4, -4, 5, -4, -3, 6, -3, 0, 1, -6, -3, -5, 5, -6, -1, 5, -3]
 
1.2439208597057778: [-6, -3, 3, -5, 3, -6, 6, -2, 5, -6, 2, 1, 6, -4, 4, 2, 1, 2, 0, -4, -6, 5, 1, 6, -2, -6, 2, -5, 6, -5, -4, 0, -6, -2, -1, 5, 4, 1, 3, -5, 2, 4, -2, -6, -6, 1, 2, -3, 6, 6, 4, -5, -4, 3, -2, -2, 3, 3, 5, -1, -5, -2, 0, 5, 4, -6, -6, -2, -4, -5, 6, 5, 5, -4, -5, -5, -2, 3, 1, -2, 1, -3, 5, 5, 1, 5, 0, -5, 4, 0, 2, 4, 0, 3, 2, -4, 3, -1, 5, 1, -5, 4, 4, -5, 0, 2, 0, 4, 4, 0, -3, -1, 6, -5, -2, 4, -1, -3, 0, 5, -6, -5, 3, 6, 0, -2, 5, -3]
 
2.264791153814971: [6, 6, 5, -3, 0, -6, 4, -2, 4, -4, -6, 6, 3, 2, 0, 1, 3, 4, 0, -5, -1, 5, 1, 6, -2, -6, 4, -5, 6, 4, 5, 0, -6, -5, -1, -2, 5, 1, 3, -2, -5, 4, -2, -6, 3, 1, -1, -3, -5, 6, 4, -1, -4, 3, -2, 6, -6, -4, 5, -2, -3, -2, 0, 5, -6, -6, -4, -2, -4, -1, 6, 5, 5, -4, 5, -5, -4, 3, 6, -2, 1, -3, -4, 0, 1, 5, -3, -5, -3, 0, 3, 4, 5, 3, 2, -4, -2, -1, -6, 1, -4, 4, 2, 5, -4, 2, 0, 3, -6, 2, -3, 4, 6, 5, -3, 4, 6, -3, 0, 1, -6, 0, -5, -4, 0, 1, 5, 6]
 
1.1455750738397392: [0, -3, -1, -5, 6, 4, 1, -2, 3, 4, -5, 5, 1, -4, -1, 4, -5, 4, 0, -2, -1, 5, 1, 6, -2, -6, 4, -4, 2, 4, 5, 1, -6, 5, 1, -2, 5, 1, 3, -2, 4, -2, -2, -5, 6, -6, 6, 0, 4, 6, 1, -5, -3, 1, 2, -6, -2, -5, -5, -4, 4, -1, 5, -5, -6, 1, -1, 4, -2, -2, 6, -4, 6, 5, -1, -4, -1, 6, 3, 0, 5, -5, -4, -6, 5, 6, -4, 5, -6, 2, 6, 5, -5, -5, -2, 4, 3, 2, 5, 3, -2, -1, 5, 6, 6, 3, -1, 2, -2, -4, 3, 5, 4, 0, 5, 0, -3, -4, -2, 5, 6, 1, -6, -1, -5, 6, -5, -6]
 
2.6780469739583554: [0, -3, -5, 3, 6, -6, -6, -2, 3, -6, 2, -1, -5, -4, 4, 1, -5, 4, 0, -5, -1, 5, 1, 6, -2, -6, 4, -5, 6, 4, 5, 0, -6, -5, -1, -2, 5, 1, 3, -2, -5, 4, -2, -6, 3, 1, -1, -3, -6, 6, 4, -6, -4, 3, 6, 1, 1, -4, 5, -6, -6, -2, 6, 1, -6, 4, -4, 3, -5, -5, 3, 5, 5, -1, 5, -5, 3, 3, 4, -2, -6, 6, 3, -5, 6, 5, -3, 2, 0, -1, 5, 5, 3, -1, 3, -5, -1, -2, -5, -6, 5, -2, 3, -1, -6, -2, -6, 6, 4, -3, 4, 1, 0, 4, 6, -1, -4, -6, 6, -5, -1, 6, 4, -6, -5, -4, -6, -6]
 
1.3770995699922803: [-1, -3, 1, -3, -6, -6, -1, -2, 4, 4, -5, 5, 1, -4, -1, 4, -5, 4, 0, -2, -1, 5, 1, 6, -2, -6, 4, -4, 2, 4, 5, 1, -6, 5, 1, -2, 5, 1, 3, -2, 4, -2, -2, -5, 6, -6, 6, 0, 4, 6, 1, -5, -3, 1, 2, -6, -2, -5, -5, -4, 4, -1, 5, -5, -6, 1, -1, 4, -2, -2, 6, -4, 6, 5, -1, -4, -1, 6, 3, 0, 5, -5, -4, -6, 5, 6, -4, 5, -6, 2, 6, 5, -5, -5, -2, 4, 3, 2, 5, 3, -2, -1, 5, 6, 6, 3, -1, 2, -2, -4, 3, 5, 4, 0, 5, 0, -3, -4, -2, 5, 6, 1, -6, -1, -5, 6, -5, -6]
 
0.422084142677: [2, 6, 5, -6, 0, 0, -4, 0, -1, -1, -6, 6, 3, -4, 0, -4, 4, 3, -1, 4, -1, 5, 1, 6, 1, 6, 4, -5, -4, 4, 0, 0, -6, -5, -1, -3, 5, 1, 2, 2, -5, 4, -2, -4, -3, -6, -6, 2, -5, 4, 4, -1, -6, 1, -2, -6, 1, -4, -6, -1, 2, -5, 0, -4, -6, -6, -4, -4, -4, -1, 2, 3, 5, -4, 4, 1, 4, 6, 6, 1, 1, 3, -2, 0, 3, 5, -3, 4, -3, 5, -5, 4, 6, -5, -5, 1, 3, -6, 0, 3, -2, -2, 5, 5, -6, 3, -1, 6, 6, -4, -4, 5, 4, 0, 5, 0, 5, 3, 5, 4, -1, 1, -4, 2, -1, 2, 2, 1]
 
1.26898375234: [6, -3, 5, -3, 0, -2, -4, -2, 4, 5, -6, 6, 3, -4, 0, 1, 3, 3, 0, -4, -1, 5, 1, 6, 1, -6, 4, -5, -4, 4, 0, 0, -6, -5, -1, -2, 5, 1, 3, -2, -5, 4, -2, -4, 3, -6, -1, 2, -5, 4, 4, -1, -4, 1, -2, 6, 1, -4, 5, -2, -3, -2, 0, -2, -6, -6, -4, -4, -4, -1, 2, 3, 5, -4, -5, 4, 4, 6, 6, 1, -2, 3, -4, 0, 6, 5, -3, -5, 0, -1, 5, 5, 3, -3, 4, -5, -1, -2, -5, -6, -6, -4, -4, 6, 2, -2, 3, 3, 4, -5, -5, 1, 0, 4, 6, -1, -4, 0, -6, -4, 3, 6, 4, -6, -5, -4, -3, -3]
 
0.254077909618: [0, -3, -6, 5, 6, -6, -4, -6, 0, -2, -1, 5, -2, -2, 4, -2, 6, 5, 3, -4, 2, 0, 1, -6, 0, -4, -3, -5, 6, -6, -1, 0, -6, 6, 0, -2, 5, 0, -4, 5, 3, -3, 4, -6, 6, 5, -2, 4, -5, 0, 3, -5, -2, -3, 0, 1, 6, 5, 1, -6, 2, -2, 6, 2, 1, 2, -2, -5, 2, -3, 3, 1, -5, 3, 6, 5, -5, 6, -4, -6, -6, 3, 5, 1, -2, 5, -1, -5, 4, 5, 6, 3, -4, -5, -5, -5, 0, -1, 0, -6, -2, 5, -5, 4, -4, -5, -2, 6, 4, 0, -4, -2, 4, -2, -4, -5, 4, -4, -5, 3, -1, 0, 0, -3, -5, 6, 1, -6]
 
0.97527656656: [6, -3, 3, -5, 3, -6, 6, -2, 5, -6, 2, 1, 6, -4, 4, 2, 0, 1, 4, -4, -6, 5, 1, 6, 0, -6, 3, -5, 5, -2, -4, 0, -6, -2, -1, 1, 4, 1, 3, -3, -5, 4, -2, -6, -6, 3, -5, -3, 4, -1, -5, 3, -4, 3, -2, -2, 2, 3, 3, -1, -5, -2, 0, 5, 2, -6, -4, -2, -4, -1, 6, -2, 5, -4, 5, -3, -4, 3, 6, -3, 1, -3, -3, 5, 1, 5, -4, -1, 4, 1, 2, 4, 0, 3, 2, -4, 3, 6, 5, 1, -5, 5, 0, 5, 6, 2, -4, 4, 4, 0, -6, -1, 4, -6, -2, -5, -1, -6, 0, 5, -6, -5, 3, 3, -1, 5, 5, 5]
 
0.921100502406: [0, -3, 1, -5, 1, 4, 1, -2, -5, -2, 0, -1, 0, -3, 4, 1, -5, 4, 5, -4, -1, -3, -5, 6, 6, 3, -5, 2, 1, -2, 5, 1, -1, 5, 2, -1, 5, -4, -3, 4, 5, 2, 0, 4, 3, 5, -1, 3, -4, -6, 0, -1, 5, 0, 0, 6, 1, 5, 5, -4, -2, -2, 0, 5, -1, -6, 1, -2, 2, -1, 3, -4, -1, -4, -6, -4, -4, -3, -6, -5, 1, -3, 3, 5, 1, -2, 0, -5, 4, 6, -2, 3, 2, 3, 1, -4, -4, -1, -2, 1, -5, -2, 4, -5, 0, 2, 0, 4, 4, 6, -5, 1, 6, 3, 6, -3, 3, -3, -3, 5, -1, 0, -6, 6, 0, 3, 5, 3]
 
0.79218189947: [0, -3, 1, 2, 6, -1, 1, -2, 3, -6, 0, -2, 6, -4, 4, 2, 1, 2, -4, -4, -6, 5, 1, -6, -2, -6, -5, -5, -2, -3, 5, 6, -6, 1, 2, 1, 5, -3, -2, -6, 3, -3, -6, -6, 3, -6, -1, 0, -5, 4, 6, -1, 3, -3, -2, 6, 1, 0, 5, -2, -3, -2, 0, -2, -5, -6, -4, -4, 5, -1, 2, 3, 5, -4, -5, -6, 4, -1, 6, 1, -2, 3, -4, -3, -6, 0, 2, -5, -3, 5, 6, -1, -5, -5, -5, 4, 1, 0, 0, 3, 6, 1, 5, -1, 6, 3, 3, 6, 4, 1, -4, 3, 2, -1, 5, 3, -3, 2, 5, -3, -1, -4, -4, -3, -5, -5, 2, -6]
 
0.719060345719: [6, -3, 5, -3, 0, -2, -4, -2, 4, 5, -6, 6, 3, -4, 0, 1, 3, 3, 0, -4, -1, 5, 1, 6, 1, -6, 4, -5, -4, 4, 0, 0, -6, -5, -1, -2, 5, 1, 3, -2, -5, 4, -2, -4, 3, 1, -1, -3, -5, -2, 4, -5, -2, -3, 6, 1, 1, 5, 5, -6, 2, -2, 6, 1, -6, 2, -4, 4, -5, -3, 3, 1, -5, -1, 1, 5, -5, 6, -2, -2, -6, 3, 5, 5, 6, 5, -3, -5, 0, -1, 5, 5, 3, -3, 4, -5, -1, -2, -5, -6, -6, -4, -4, 6, 2, -2, 3, 3, 4, -5, -5, 1, 0, 4, 6, -1, -4, 0, -6, -4, 3, 6, 4, -6, -5, -4, -3, -3]
 
2.68577420402: [-6, -3, -5, 3, 6, -6, 1, -4, 1, -5, -1, 6, -4, -4, 0, 0, -5, 4, 4, -2, -1, 5, 1, 6, -2, -6, -5, -4, -6, -1, -6, 5, -6, 2, 1, -2, 5, 1, 3, 0, 2, -3, 3, -2, 4, -6, 6, -3, -3, -4, -2, -6, -4, -5, 1, -2, 3, -3, 5, 3, -3, -2, 0, 5, -6, -6, -4, 4, 1, -3, 6, 5, -4, 0, 4, 1, -4, 3, 2, -2, 1, -3, 5, -2, 3, -5, 1, -6, -4, 6, 6, 6, -1, -3, 6, -6, -2, -3, -1, -4, -2, 1, 2, -3, -4, 2, -2, 3, 2, 2, -1, 4, -4, -3, -2, 0, -1, 3, 3, 5, -6, 5, 3, -5, 0, -2, 0, -3]
 
0.764370724961: [0, -3, -1, -5, 2, 4, 1, -2, 3, 2, -5, 3, 1, 2, -1, 4, -3, -3, 0, -5, 4, 5, 1, 4, -4, 4, 4, -5, -1, 4, 2, 2, -2, 2, -5, 4, -6, 1, -1, -1, 0, -2, 3, 5, 4, 1, -3, 0, -5, 6, -5, -1, -4, 6, -6, -2, -6, -4, 5, 1, 4, 5, 6, 1, -6, 4, -4, -2, 3, -5, 3, 3, 5, 4, 0, -5, -4, 3, 6, -3, 1, -3, -4, 6, 1, 5, -3, -5, -3, -6, 3, 4, 5, -3, -6, 3, -3, -1, -2, 1, 5, -3, 2, 5, -4, 0, 0, -6, -6, 6, -3, 4, -4, -4, -3, 4, 6, -3, 0, 1, -6, 0, 6, 2, 0, 2, -2, -3]
 
1.8819312469: [-6, -3, 3, -5, 3, -6, 6, -2, 5, -6, 2, 1, 6, -4, 4, 2, 1, 2, 0, -4, -6, 5, 1, 6, -2, -6, 2, -5, 6, -5, -4, 0, -6, -2, -1, 5, 4, 1, 3, -5, 2, 4, -2, -6, -6, 1, 2, -3, 6, 6, 4, -5, -4, 3, -2, -2, 3, 3, 5, -1, -5, -2, 0, 5, -6, -6, -4, -2, -4, -1, 6, 5, 5, -4, 5, -5, -4, 3, 6, -2, 1, 3, 5, 5, 6, 5, -3, -5, 0, -1, 5, 5, 3, -3, 4, -5, -1, -2, -5, -6, -6, -4, -4, 6, 2, -2, 3, 3, 4, -5, -5, 1, 0, 4, 6, -1, -4, 0, -6, -4, 3, 6, 4, -6, -5, -4, -3, -3]
 
0.789450771444: [0, -3, -5, 3, 6, -6, 1, -2, 1, -6, 0, 5, 6, -4, 4, 2, 1, 2, -4, -4, -6, 5, 1, -6, -2, -6, -5, -5, 6, -3, 5, 0, -6, 1, -1, -2, 5, -3, 6, -2, 3, -3, -6, -6, 3, 1, -1, -3, -5, -2, 4, -5, -2, -3, 6, 1, 1, 5, 5, -6, 2, -2, 6, 1, -6, 2, -4, 4, -5, -3, 3, 1, -5, -1, 1, 5, -5, 6, -2, -2, -6, -3, 5, 5, 1, 5, 0, -5, 4, 0, 2, 4, 0, 3, 2, -4, 3, -1, 5, 1, -5, 4, 4, -5, 0, 2, 0, 4, 4, 0, -3, -1, 6, -5, -2, 4, -1, -3, 0, 5, -6, -5, 3, 6, 0, -2, 5, -3]
 
2.31929750232: [-1, -3, 4, 0, 6, -2, -4, -2, 5, -6, -6, 6, 3, 2, -6, 1, 3, 4, -6, 3, 0, 5, 1, 6, -4, -6, 6, -5, 2, 4, 5, 0, -6, -5, -1, 2, -4, 1, 3, -2, 3, 4, 0, -6, 3, 1, -1, -3, -5, 6, -1, -1, -4, 3, -2, 6, -1, -4, 2, -2, -3, -5, 0, 5, 4, -6, -4, 5, -4, -1, 2, 1, 5, -4, 5, -5, -1, 6, -4, 2, 1, -3, -4, 0, 1, 5, -3, -5, -3, 0, 3, 5, 5, 3, 2, -3, -4, 4, -6, 6, -4, 4, 2, 5, 6, 2, -2, -1, -6, -1, 2, 4, 6, -1, -3, 4, 4, -3, 3, 1, -4, 0, -5, 2, -4, -5, 5, -5]
 
2.11886582257: [6, 6, 5, -3, 0, -6, 4, -2, 4, -4, -6, 6, 3, 2, 0, 1, 3, 4, 0, -5, -1, 5, 1, 6, -2, -6, 4, -5, 6, 4, 5, 0, -6, -5, -1, -2, 5, 1, 3, -2, -5, 4, -2, -6, 3, 1, -1, -3, -5, 6, 4, -1, -4, 3, -2, 6, -6, -4, 5, -2, -3, -2, 0, 5, -6, -6, -4, -2, -4, -1, 6, 5, 5, -4, 5, -5, -4, 3, 6, -2, 1, -3, -4, 0, 1, 5, -3, -5, -3, 0, 3, 4, 5, 3, 2, -4, -2, -1, -6, 1, -4, 4, 2, 5, -4, 2, 0, 3, -6, 2, -3, 4, 6, 5, -3, 4, 6, -3, 0, 1, -6, 0, -5, -4, 0, 1, 5, 6]
 
0.369056038555: [6, 6, 5, -3, 0, -6, 4, -2, 4, -4, -6, 6, 3, 2, 0, 1, 3, 4, 0, -5, -1, 5, 1, 6, -2, -6, 4, -5, 6, 4, 5, 0, -6, -5, -1, -2, 5, 1, 3, 6, -3, -2, -1, 3, -4, 2, 6, 6, 3, 2, -2, -6, -4, 1, 2, 1, 0, 3, 0, 2, 0, -1, 2, -5, -6, 1, -1, -5, -2, -2, 6, -4, 0, 4, 1, -4, -5, 6, -5, 3, -1, 1, -4, 0, -1, 1, -1, 1, 5, -5, -2, -3, -5, 2, -2, 4, 3, -4, -1, 1, -1, 4, 0, 6, 6, -4, -3, 1, -2, -2, -3, 5, -5, 0, 1, 0, -3, 0, -2, 5, 3, 1, -6, 6, -1, 6, -5, -6]
 
1.53665859664: [-3, -3, 5, -5, -2, 2, 6, 6, -5, 6, 5, -6, 3, -4, 1, -1, 4, 1, -1, -6, 4, -1, -3, -2, -3, 0, -2, -3, -2, 4, -4, 2, -2, 0, 1, 4, -2, -3, -3, -2, -5, 4, -2, -6, 3, 1, -1, -3, -5, 6, 4, -1, -4, 3, -2, 6, -6, -4, 5, -2, -3, -2, 0, 5, -6, -6, -4, -2, -4, -1, 6, 5, 5, -4, 5, -5, -4, 3, 6, -2, 1, -3, -4, 0, 1, 5, -3, -5, -3, 0, 3, 4, 5, 3, 2, -4, -2, -1, -6, 1, -4, 4, 2, 5, -4, 2, 0, 3, -6, 2, -3, 4, 6, 5, -3, 4, 6, -3, 0, 1, -6, 0, -5, -4, 0, 1, 5, 6]
 
0.937332271192: [6, -3, -4, 3, 6, -6, -6, -2, 5, -6, 2, 1, 6, -4, 4, 2, 1, 2, 0, -4, -6, 5, 1, 6, -2, -6, 2, -5, 6, -5, -4, 0, -6, -2, -1, 5, 4, 1, 3, -5, 2, 4, -2, -6, -6, 1, 2, -3, 6, 6, 4, -5, -4, 3, -2, -2, 3, 3, 5, -1, -5, -2, 0, 5, 4, -6, -6, -2, -4, -5, 6, 5, 5, -4, -5, -5, -2, 3, 1, -2, 1, -3, 5, 5, 1, 6, -4, 5, -6, 2, 6, 5, -5, -5, -2, 4, 3, 2, 5, 3, -2, -1, 5, 6, 6, 3, -1, 2, -2, -4, 3, 5, 4, 0, 5, 0, -3, -4, -2, 5, 6, 1, -6, -1, -5, 6, -5, -6]
 
1.10671453983: [0, -3, -1, -5, 6, 4, 1, -2, 3, 4, -5, 5, 1, -4, -1, 4, -5, 4, 0, -2, -1, 5, 1, 6, -2, -6, 4, -4, 2, 4, 5, 1, -6, 5, 1, -2, 5, 1, 3, -2, 4, -2, -2, -5, 6, -6, 6, 0, 4, 6, 1, -5, -3, 1, 2, -6, -2, -5, -5, -4, 4, -1, 5, -5, -6, 1, -1, 4, -2, -2, 6, -4, 6, 5, -1, -4, -1, 6, 3, 0, 5, -5, -4, -6, 5, 5, 0, -5, 4, 0, 2, 4, 0, 3, 2, -4, 3, -1, 5, 1, -5, 4, 4, -5, 0, 2, 0, 4, 4, 0, -3, -1, 6, -5, -3, 4, 6, -3, 0, 1, -6, 0, -5, -4, 0, 1, 5, 6]
 
1.39892366826: [3, -3, 3, -5, -4, -6, 6, -2, -3, -6, 2, 1, -2, -4, 6, 1, 3, 4, 0, -5, -1, -5, 1, -1, -2, -6, 4, -5, 6, 2, 5, -2, -6, -3, -4, -2, 5, 1, 3, -2, -5, 4, -2, 5, 5, -6, -2, -2, -5, -2, 4, -1, -4, -3, 4, 5, -3, -4, 5, 5, -5, -2, 0, 5, -3, -3, -3, -2, -2, -1, -2, -6, 5, -4, -5, -5, -4, 3, 4, 3, -3, -3, -4, 5, 1, -5, -3, -5, -2, 0, 3, 4, 5, 3, 2, -4, 5, -1, -6, 1, -4, 4, 2, -4, -5, 2, -5, 1, -6, 2, -3, 4, 6, 5, -3, 2, 6, -3, -2, 1, -4, -5, -5, 1, 0, 0, 3, -3]
 
0.257744320085: [2, 6, 5, -3, 0, -6, -2, -6, 4, 2, -6, -6, -6, -4, 0, 2, 1, 2, -2, -4, -6, 5, 1, 5, -2, 1, 2, -5, 6, 1, -4, 1, -6, -2, -2, 5, 4, 1, 4, -5, 2, 4, -2, -6, 6, 0, 2, -3, -4, 6, 4, -5, -4, 3, 6, -2, -4, -1, -1, -3, -5, -2, 0, 5, 4, -6, -6, -2, -4, 0, -3, 5, 5, -4, 0, 3, 1, 2, 0, -2, 1, -3, 5, 5, 1, 2, 0, 6, 4, 0, 2, -3, 0, 4, -2, -4, 3, -1, 5, 1, -5, 4, 4, -5, 0, -2, -2, 2, 4, 0, -3, -1, 6, -3, 4, 4, -1, -3, 0, 5, -6, -5, 2, 0, 0, 5, 3, 2]
 
1.2645562362: [0, 5, 1, -6, 2, 4, -2, -2, -5, 0, 4, 4, -4, 5, 5, -5, -5, -6, -6, 5, 1, -5, 3, 6, -6, -5, 1, 2, -1, -5, 5, 3, -6, -2, 1, -2, 5, -1, 3, -5, -5, 5, -2, 6, -5, 1, -3, -2, -5, 4, 6, -3, -3, 3, 4, 3, -6, -4, 5, -5, -3, -6, -4, 1, 1, 6, -1, -1, -1, -1, -5, 5, 1, 2, 5, -2, 5, 6, 2, 2, -1, -4, -1, 5, 3, 5, -3, -5, -3, 0, 3, 4, 5, 3, 2, -4, -2, -1, -6, 1, -4, 4, 2, 5, -4, 2, 0, 3, -6, 2, -3, 4, 6, 5, -3, 4, 6, -3, 0, 1, -6, 0, -5, 2, 0, -2, 5, -3]
 
2.21250920379: [-1, -3, 4, 6, 6, -6, -6, -2, 6, -6, -6, 6, 3, 2, 0, 1, 3, 4, 0, -5, -1, 5, 1, 6, -2, -6, 4, -5, 6, 4, 5, 0, -6, -5, -1, -2, 5, 1, 3, -2, -5, 4, -2, -6, 3, 1, -1, -3, -5, 6, 4, -1, -4, 3, -2, 6, -6, -4, 5, -2, -3, -2, 0, 5, -6, -6, -4, -2, -4, -1, 6, 5, 5, -4, 5, -5, -4, 3, 6, -2, 1, -3, -4, 0, 1, -3, 5, -4, -6, 5, -3, 4, 2, 6, -2, -2, -2, -1, -6, -4, -4, -5, -4, 5, -3, 6, 1, 3, -6, 3, 4, 4, 1, 5, 0, 4, 6, 3, 4, -6, -6, -2, 3, 6, -2, -2, -3, -3]
 
1.44575222936: [6, -3, 5, -3, 0, -2, -4, -2, 4, 5, -6, 6, 3, -4, 0, 1, 3, 3, 0, -4, -1, 5, 1, 6, 1, -6, 4, -5, -4, 4, 0, 0, -6, -5, -1, -2, 5, 1, 3, -2, -5, 4, -2, -4, 3, -6, -1, 2, -5, 4, 4, -1, -4, 1, -2, 6, 1, -4, 5, -2, -3, -2, 0, -2, -6, -6, -4, -4, -4, -1, 2, 5, 5, -4, 5, -5, -4, 3, 6, -2, 1, 3, 5, 5, 6, 5, -3, -5, 0, -1, 5, 5, 3, -3, 4, -5, -1, -2, -5, -6, -6, -4, -4, 6, 2, -2, 3, 3, 4, -5, -5, 1, 0, 4, 6, -1, -4, 0, -6, -4, 3, 6, 4, -6, -5, -4, -3, -3]
 
0.866391038801: [-6, -3, 3, -5, 3, -6, 6, -2, 5, -6, 2, 1, 6, -4, 4, 2, 1, 2, 0, -4, -6, 5, 1, 6, -2, -6, 2, -5, 6, -5, -4, 0, -6, -2, -1, 5, 4, 1, 3, -5, 2, 4, -2, -6, -6, 1, 2, -3, 6, 6, 4, -5, -4, 3, -2, -2, 3, 3, 5, -1, -5, -2, 0, 5, -6, -6, -4, -2, -4, -1, 6, 3, 5, -4, -5, 4, 4, 6, 6, 1, -2, 3, -4, 0, 6, 5, -3, -5, 0, -1, 5, 5, 3, -3, 4, -5, -1, -2, -5, -6, -6, -4, -4, 6, 2, -2, 3, 3, 4, -5, -5, 1, 0, 4, 6, -1, -4, 0, -6, -4, 3, 6, 4, -6, -5, -4, -3, -3]
 
0.540853459136: [6, -1, 2, -3, 0, -2, -2, -2, 4, 5, 0, 6, 3, 3, 0, 1, 5, 3, 3, 0, -1, 5, 1, 6, 1, 3, 4, -5, -6, 3, 0, 0, -6, -5, 0, 0, 5, -6, -5, -3, -5, 4, -2, -4, 3, 1, -1, 2, -5, 4, 4, -1, -1, -3, -5, -6, 1, -1, 3, -2, 3, -2, 0, -2, -6, -6, 0, -2, -4, -1, 2, 3, 5, -4, 5, 5, 4, 6, 6, 0, -2, 3, -5, 0, 6, 5, -3, -5, 0, -5, -3, 5, 4, -3, 4, -5, -1, -3, -5, -6, -6, -4, -1, 1, -2, -1, -1, 0, 4, -5, -5, 1, -5, 6, 6, 5, -4, 0, 4, 0, 3, 0, 4, 4, -4, -2, -2, 4]
 
2.06756158754: [-6, -3, 3, -5, 3, -6, 6, 2, 3, 5, 5, 4, 4, 2, 4, 2, -1, 5, -1, -4, 3, 3, -1, -2, -3, 0, -2, 6, -3, 4, 6, 2, -2, 0, -2, 4, -1, -3, -3, 6, 4, -2, -2, -5, 6, -6, 6, 0, 4, 6, 1, -5, -3, 1, 2, -6, -2, -5, -5, -4, 4, -1, 5, -5, -6, 1, -1, 4, -2, -2, 6, -4, 5, 5, 5, -5, 3, 4, 1, -2, -6, 6, -1, -5, -3, 5, -3, 2, 0, -1, 5, -1, 4, -1, 3, -5, -1, 1, -5, -6, 4, -2, 3, 2, -6, 6, -6, -6, 1, 2, 0, 6, 6, -2, 4, -4, -6, 6, -6, 6, -2, 3, 1, -6, -5, -4, -3, -3]
 
0.660935382544: [-6, -3, 3, -5, 3, -6, 6, -2, 5, -6, 2, 1, 6, -4, 4, 2, 1, 2, 0, -4, -6, 5, 1, 6, -2, -6, 2, -5, 6, -5, -4, 0, -6, -2, -1, 5, 4, 1, 3, -5, 2, 4, -2, -6, -6, 1, 2, -3, 6, 6, 4, -5, -4, 3, -2, -2, 3, 3, 5, -1, -5, -2, 0, 5, -6, -6, -4, -2, -4, -1, 6, 3, 5, 5, -1, -4, -1, 6, 3, 0, 5, -5, -4, -6, 5, 6, -4, 5, -6, 2, 6, 5, -5, -5, -2, 4, 3, 2, 5, 3, -2, -1, 5, 6, 6, 3, -1, 2, -2, -4, 3, 5, 4, 0, 5, 0, -3, -4, -2, 5, 6, 1, -6, -1, -5, 6, -5, -6]
 
1.35062897119: [0, -3, -1, -5, 6, 4, 1, -2, 3, 4, -5, 5, 1, -4, -1, 4, -5, 4, 0, -2, -1, 5, 1, 6, -2, -6, 4, -4, 2, 4, 5, 1, -6, 5, 1, -2, 5, 1, 3, -2, 4, -2, -2, -5, 6, -6, 6, 0, 4, 6, 1, -5, -3, 1, 2, -6, -2, -5, -5, -4, 4, -1, 5, -5, -6, 1, -1, 4, -2, -2, 6, -4, 6, -4, -5, 4, 4, 6, 6, 1, -2, 3, -4, 0, 6, 5, -3, -5, 0, -1, 5, 5, 3, -3, 4, -5, -1, -2, -5, -6, -6, -4, -4, 6, 2, -2, 3, 3, 4, -5, -5, 1, 0, 4, 6, -1, -4, 0, -6, -4, 3, 6, 4, -6, -5, -4, -3, -3]
 
1.8182969: [-6, -3, 3, 1, 4, -6, 6, -3, 5, -6, 4, 1, 6, -4, 4, -3, -6, 2, 0, -2, 3, 5, 1, 6, 1, 1, 0, -2, 6, -5, -4, 0, 6, -6, -1, -6, 4, 1, 3, -5, 2, 4, -3, -3, -6, 1, 2, 0, 6, 6, 1, -6, -2, 3, -4, 3, 4, 3, -1, -1, -5, -1, 0, 5, -6, 0, -4, -2, -4, -1, 6, 5, -5, 5, 5, 2, -4, -6, 6, 1, -2, -3, -6, 5, 1, 5, 4, -5, 4, -3, 2, 4, 0, 2, 1, -4, 0, 0, 5, 1, -5, 4, 1, -5, 1, 2, 0, 4, 4, 0, -3, -1, 6, -3, -2, -2, -6, -3, -4, 3, 4, -5, 3, 6, 4, -4, -6, -1]
 
0.913269193357: [4, 6, 5, -3, -5, 3, 4, -2, 4, -4, -6, 6, -2, -2, 0, 1, 3, 3, 0, -1, -1, 5, 1, 6, -2, -6, 5, -5, 6, -1, 5, -3, -6, -5, -4, 0, 5, -2, 3, 1, 1, -5, -2, -6, 4, 1, 6, -3, -5, 4, 0, 6, -4, 3, -2, 6, -3, -4, 5, -2, -3, -2, 0, 5, 0, -6, 3, 1, -4, -1, 2, 0, 5, -4, 5, -5, 5, -1, -1, -2, -6, -3, -4, 0, -1, 5, -3, 4, 0, 0, 3, 4, -4, 3, -6, -4, -6, 5, 2, 1, -4, 4, 2, 5, -4, 2, 0, 2, -4, 2, -3, 3, 0, -4, 6, 1, -4, -6, 6, -5, -1, 6, 4, -6, 0, 2, 5, -4]
 
0.776672547891: [0, -3, -5, 3, 6, -6, 1, -2, 1, -6, 0, 5, 6, -4, 4, 2, 1, 2, -4, -4, -6, 5, 1, -6, -2, -6, -5, -5, 6, -3, 5, 0, -6, 1, -1, -2, 5, -3, 6, -2, 3, -3, -6, -6, 3, 1, -1, -3, -5, -2, 4, -5, -2, -3, 6, 1, 1, 5, 5, -5, -3, -6, -4, 1, 1, 6, -1, -1, -1, -1, -5, 5, 1, 2, 5, -2, 5, 6, 2, 2, -1, -4, -1, 5, 3, 5, -3, -5, -3, 0, 3, 4, 5, 3, 2, -4, -2, -1, -6, 1, -4, 4, 2, 5, -4, 2, 0, 3, -6, 2, -3, 4, 6, 5, -3, 4, 6, -3, 0, 1, -6, 0, -5, 2, 0, -2, 5, -3]
 
0.493286909755: [0, 5, -1, -6, 1, 4, -2, -2, -5, 0, 5, 4, -4, 5, 0, -2, -5, -6, -6, 5, 2, 1, -3, 6, -6, -4, 2, -5, -1, -2, 5, 5, -5, 2, 1, -2, -6, 6, 3, -1, -4, 5, -2, 6, 5, 1, -2, 5, -5, 4, 3, -3, -6, 3, 4, 3, -6, 6, 5, -6, 1, -6, 6, 1, -6, 2, 6, 4, -5, 6, -4, 1, -5, -1, 1, 3, -5, 6, -2, -3, -6, 3, 2, 5, 3, 5, 2, -1, -3, -1, -1, -4, 6, 3, -5, -3, 3, 2, 0, -3, -2, 1, 5, -4, 6, 5, -1, 6, -2, -4, -4, 5, 6, -2, 5, 0, -3, 2, 5, 1, -1, 1, -4, -1, -5, 6, -1, 5]
 
0.268514137418: [6, -3, -4, 3, 6, -6, -6, -2, 5, -6, 2, 1, 6, -4, 4, 2, 1, 2, 0, -4, -6, 5, 1, 6, -2, -6, 2, -5, 6, -5, -4, 0, -6, -2, -1, 5, 4, 1, 3, -5, 2, 4, -2, -6, -6, 1, 2, -3, 6, 6, 4, -5, -4, 3, -2, -2, 3, 3, 5, -1, -5, -2, 0, 5, 4, 1, -1, 4, -2, -2, 6, -4, 6, 5, -1, -4, -1, 6, 3, 0, 5, -5, -4, -6, 5, 6, -4, 5, -6, 2, 6, 5, -5, -5, -2, 4, 3, 2, 5, 3, -2, -1, 5, 6, 6, 3, -1, 2, -2, -4, 3, 5, 4, 0, 5, 0, -3, -4, -2, 5, 6, 1, -6, -1, -5, 6, -5, -6]
 
0.761158207464: [0, -3, -1, -5, 6, 4, 1, -2, 3, 4, -5, 5, 1, -4, -1, 4, -5, 4, 0, -2, -1, 5, 1, 6, -2, -6, 4, -4, 2, 4, 5, 1, -6, 5, 1, -2, 5, 1, 3, -2, 4, -2, -2, -5, 6, -6, 6, 0, 4, 6, 1, -5, -3, 1, 2, -6, -2, -5, -5, -4, 4, -1, 5, -5, -6, -6, -6, -2, -4, -5, 6, 5, 5, -4, -5, -5, -4, 3, 6, -2, 1, -3, -4, 0, 1, 5, -3, -5, -3, 0, 3, 4, 5, 3, 2, -4, -2, -1, -6, 1, -4, 4, 2, 5, -4, 2, 0, 3, -6, 2, -3, 4, 6, 5, -3, 4, 6, -3, 0, 1, -6, 0, -5, -4, 0, 1, 5, 6]
 
