0.9482013524846141: [6, -3, -3, 4, 0, -6, 6, -6, -5, 2, -6, -4, -6, -6, -3, 5, 5, 0, 0, -2, 3, -4, -2, -2, 1, -3, 5, -4, -1, -2, 2, 2, -2, -2, -3, 5, 1, 1, 3, -4, -4, 4, -6, 0, -2, 3, -5, -1, 2, -6, 0, -6, 1, 1, 6, -4, -5, 5, -4, -1, 3, 4, 0, 3, 3, 5, 1, -6, -4, -5, 6, -3, -6, -4, 1, -5, 4, -1, -4, 4, -5, -4, -6, 6, -3, -5, 5, 6, 4, -2, 0, -3, 6, 6, 4, -4, -6, -2, 4, -6, 0, 3, 4, 1, -4, -1, 6, -5, 2, -4, -1, -6, 1, -1, 5, 3, -4, -3, -2, 4, 0, 0, -3, -2, 4, 3, 4, 3]
 
2.597810666479619: [6, -3, -3, 4, 0, -6, 6, -6, -5, 2, 3, 2, 4, 3, -5, 1, -4, 1, 4, -6, 5, 2, -2, -2, 1, -3, 5, -4, 1, -2, 5, -5, 4, -2, -1, -2, 1, 1, 3, -4, -4, 4, -6, 0, -2, 3, -5, -1, 2, -6, 0, -6, 1, 1, 6, -4, -5, 5, -4, -1, 3, 4, 0, 3, 3, 5, 1, -6, -2, 5, -4, 0, 6, -4, 6, -2, -1, -1, -1, 4, 2, -6, 0, -4, -4, -5, -4, 6, 2, 2, -1, 2, -2, -2, 1, -1, -1, 3, 4, -6, -5, 0, -6, -6, 1, -1, -3, -2, -6, -1, 4, 2, -3, 5, 5, -6, 2, -3, -2, 4, -6, -6, -3, -2, 4, 3, -1, 6]
 
2.5812454025673164: [6, -3, -3, 4, 0, -6, 6, -6, -5, 2, 3, 2, -2, -6, -3, 5, -6, 0, 5, 1, -6, 3, -2, 2, -3, -2, -2, -5, -4, 5, -5, 0, -6, 5, -5, 6, 1, -5, 1, -4, -1, -2, -1, 0, 2, -4, 1, 0, -6, 5, -5, 1, -4, 3, 0, -1, 6, 6, -4, -6, 6, -2, 0, 5, -6, -1, -2, -5, 2, -2, -2, 4, 4, 5, 1, -2, 1, 6, -2, 3, 1, 5, -4, -4, -2, -6, 6, 5, 4, -2, 1, 4, 3, 6, 4, -5, -3, -5, 4, -6, 6, -1, 2, -6, -2, -1, -6, -2, -3, 2, -3, 2, -3, 5, -3, 5, 2, -3, -2, 4, -6, 5, -3, -2, 4, 3, -1, 1]
 
3.511768423622156: [6, -3, -3, -1, 4, -6, -5, -2, 4, -4, 2, -6, -2, -6, -3, 5, -6, 0, 5, 1, -6, 3, -2, 2, -3, -2, -2, -5, -4, 5, -5, 0, -6, 5, -5, 6, 1, -5, 1, -4, -1, -2, -1, 0, 2, -4, 1, 0, -6, 5, -5, 1, -4, 3, 0, -1, 6, 6, -4, -6, 6, -2, 0, 5, -6, -1, -2, -5, -4, -5, 6, -3, -6, -4, 1, -5, 4, -1, -4, 4, -5, -4, -4, -4, -2, -6, 6, 5, 4, -2, 1, 4, 3, 6, 4, -5, -3, -5, 4, -6, 6, -1, 2, -6, -2, -1, -6, -2, -3, 2, -3, 2, -3, 5, -3, 5, 2, -3, -2, 4, -6, 5, -3, -2, 4, 3, -1, 1]
 
2.181119421836672: [6, -3, -3, 4, 0, -6, 6, -6, -5, 2, 3, 2, 4, 3, -5, 1, -4, 1, 4, -6, 5, 2, -2, -2, 1, -3, 5, -4, 1, -2, 5, -5, 4, -2, -1, -2, 1, 1, 3, -4, -4, 4, -6, 0, -2, 3, -5, -1, 2, -6, 0, -6, 1, 1, -6, 2, 6, -4, -4, -2, 6, -2, 0, 5, -6, -1, -2, -5, 2, -2, -2, 4, 4, 5, 1, -2, 1, 6, -5, -3, 1, 5, -4, -4, -2, -6, 5, 5, 4, 6, 1, 4, 3, 6, 4, -5, -3, -5, 4, -6, 6, -1, 2, -6, -2, -1, -6, -2, -6, 2, -3, 2, -3, 5, 5, -6, 2, -3, -2, 4, -6, -6, -3, -2, 4, 3, -1, 6]
 
1.3620931754008119: [6, -3, -3, -1, 2, -2, -3, -4, 2, -4, 3, -6, 4, 3, -5, 1, -6, 1, 4, -6, 5, 6, 3, -2, 1, 4, 5, -5, -4, 5, -6, 0, -2, -3, -4, 2, 1, 0, -3, -5, 2, 0, -3, 3, 0, 0, 4, -1, -6, 4, -5, -1, -4, 6, 4, 2, 6, -5, 3, -6, 2, -4, -6, 2, -3, 1, 3, -6, 6, -1, 5, -3, -4, 5, -4, 6, 0, -1, -5, -4, 2, -4, 2, -4, 1, 3, 3, 6, 1, 2, -1, 5, -5, 4, -4, -1, 5, 4, -2, -4, 5, -5, 6, 3, 4, -1, -6, -2, -6, 2, -3, 2, -3, 5, 5, -6, 2, -3, -2, 4, -6, -6, -3, -2, 4, 3, -1, 6]
 
0.84570749167: [6, -3, -5, 0, 0, 2, -2, -6, -5, 2, -1, 2, -4, -3, 6, -5, -4, -5, 4, -3, 5, 2, -6, -2, 5, -3, -1, -5, 1, -2, 5, -5, 4, -4, -5, 0, -4, 1, 3, -4, -4, 6, -6, 0, -2, -5, -1, -1, -6, 4, 2, -1, -4, 6, 4, -1, 6, -5, -3, -6, -3, -1, -6, -4, -6, -5, 3, -3, 4, 3, 6, 0, 5, 2, 6, -5, -6, -1, -5, 4, 2, 0, 3, -3, -4, -5, -2, 6, -5, -4, -1, 4, -6, 5, 1, -1, 5, 4, 5, -4, 5, -5, 0, 1, 0, -1, 3, -5, -6, 2, -3, -1, -3, 5, 1, -6, 2, -3, -3, 1, -6, 2, -4, -2, 4, 3, -1, 6]
 
0.608632682371: [6, 4, 3, 0, 1, 1, -6, 2, -5, -1, 2, 6, -4, -6, -3, 5, 0, 5, 6, 1, -3, -3, 0, 5, -6, -2, -2, 0, 1, 3, -5, 1, -1, -1, 2, 6, 5, 4, -3, -5, -1, 2, 0, 0, -5, -4, 1, -4, -5, 5, -4, 1, -4, -6, -4, -4, 6, 1, -6, -6, -5, -5, -5, -3, 6, -1, -3, -6, -3, 2, -2, -2, 2, 5, 1, -2, 1, -5, 3, -4, -4, 4, -3, -4, 0, -4, 3, -6, -4, 5, 1, 4, 3, -5, -1, 4, -2, 2, 4, 6, 6, -4, 2, 0, -2, -2, -6, -5, 5, -1, -3, 2, -2, 0, -4, 5, 2, -3, 5, 6, 3, 6, -3, 3, -6, 6, 4, 3]
 
1.1611357611826185: [-3, -4, -1, 0, -2, 4, 4, -2, 6, -2, -2, 4, -5, 6, -3, -3, -3, 0, -4, 1, -5, -5, -1, -2, 5, -4, 1, -2, 4, 0, 5, -5, 5, -2, -1, 2, 5, -4, -3, -2, 5, -2, -1, 6, 0, 0, 4, -1, 2, 6, 6, -6, -6, -3, 4, 5, 5, 5, -4, -6, -6, 1, 3, -4, -6, -5, 3, -5, -1, 1, -2, 6, -4, -5, 3, -4, -6, -2, 2, 4, 2, -6, 1, -3, 1, 4, 4, -3, -5, 5, -3, -3, -3, 5, 1, -1, 6, 1, 2, 2, -2, -1, 5, -6, 5, 2, -6, -2, -6, 2, -3, 2, 6, 2, 5, -6, 1, -3, -2, 4, -6, -1, -2, -4, 3, 3, 3, -5]
 
1.52597577098: [-3, -4, -1, 5, 1, 3, 4, 0, 4, 6, -1, -6, -2, 0, 3, 5, -2, 0, 1, 1, 2, 3, -2, -5, -3, -2, -5, 2, -4, 2, -5, 0, 1, 3, -4, 0, 6, 0, -3, -4, 2, -4, -3, -6, 0, 0, 4, 1, -1, 4, -5, 6, -4, -4, 1, -1, 6, -5, -4, -6, 2, -4, 0, 3, -3, -3, 3, -3, -4, 3, -4, 0, 0, -1, 6, -5, -6, 1, -5, 4, -6, 5, -6, -3, 1, -5, 1, 6, -5, 2, -1, -1, -3, 3, 1, -1, 6, -5, -3, -6, -2, 6, 2, -5, -4, 1, -6, 4, -6, 2, -3, 5, -4, 5, 5, -6, -2, -3, -2, 4, -6, -6, 1, -1, 4, 3, -1, 6]
 
3.7507205486962585: [6, -3, -3, 4, 0, -6, 6, -6, -5, 2, 3, 2, 4, 3, -5, 1, -4, 1, 4, -6, 5, 2, -2, -2, 1, -3, 5, -4, 1, -2, 5, -5, 4, -2, -1, -2, 1, 1, 3, -4, -4, 4, -6, 0, -2, 3, -5, -1, 2, -6, 0, -6, 1, 1, 6, -4, -5, 5, -4, -1, 3, 4, 0, 3, 3, 5, 1, -6, 2, -2, -4, 0, 5, -4, 6, -5, -6, -1, -5, 4, 2, -4, 1, -3, 1, -5, 3, 6, -5, 2, -1, 2, -3, 5, 1, -1, 6, -5, 4, -6, 6, -1, 2, -6, -2, -1, -6, -2, -4, 2, -3, 2, 6, -3, 5, -6, 2, -3, -2, 4, -6, -6, -3, -4, 3, 3, -1, 6]
 
0.3868037404903779: [6, 2, -3, -1, 4, 1, -3, -2, -1, 3, 4, 5, 3, 6, -5, 4, 0, 0, 5, -2, 3, -2, -4, 2, 4, -1, -3, -1, -1, 6, 2, 0, 2, -2, 4, 5, 4, 1, 2, -4, 3, 4, -6, 3, 1, 1, -5, -3, 2, -6, 6, -2, 1, 1, 6, -4, -5, 2, -1, 3, 0, 4, -4, 3, 1, 5, 6, 1, 4, -2, 1, 2, 3, -4, 6, 5, -6, -1, 2, -5, 2, -4, 1, 0, 6, -5, 3, -2, -5, -6, 5, 2, 0, 5, 1, -1, 5, -6, 4, 2, -2, 3, 3, 2, 1, -1, 1, 4, 1, 6, 4, 0, 1, -4, 5, -5, 0, -3, -3, 4, 6, -3, -3, 3, 4, 1, 1, -6]
 
0.31305209099935505: [6, 4, -3, -3, 1, 3, 5, -2, 4, -4, 2, -6, -2, -4, -3, 5, -6, 5, 5, 1, 0, 3, -2, -5, 4, -5, -2, -5, 6, 5, 2, 0, -2, 5, -5, 6, 4, -5, -2, 5, -1, -2, -1, 0, 2, -4, 1, -3, -6, 5, -5, 1, -4, 3, 0, -2, 6, 4, -4, -4, 6, -6, 4, 5, -6, -1, -3, 5, 1, -2, -2, 2, 3, 5, 1, -2, 1, 6, -2, -4, 1, 5, -3, -4, -2, -6, 2, 1, 4, -2, 3, -1, 3, 6, 4, -5, -2, -2, 4, -1, 6, -1, -3, -6, -3, -1, -5, -2, -3, 4, -3, 2, -3, 2, -3, 0, 2, -3, 5, -3, -6, 5, 1, 4, 4, -3, -1, 1]
 
2.1103500818680763: [6, -3, -3, -1, 4, -6, -5, -2, 2, 3, -6, -4, -6, -6, -3, 5, 5, 0, 0, -2, 3, -4, -2, -2, 1, -3, 5, -4, -1, -2, 2, 2, -2, -2, -3, 5, 1, 1, -2, -5, 2, 0, -3, 3, 0, 0, 4, -1, -6, 4, -5, -1, -4, 6, 4, 2, 6, -5, -4, -6, 2, -4, 0, -6, -3, -5, 3, -6, 6, -2, 6, -3, -3, 5, -2, 6, 1, 6, -2, 3, 1, 5, -4, -4, -2, -6, 6, 5, 4, -2, 1, 4, 3, 6, 4, -5, -3, -5, 4, -6, 6, -1, 2, -6, -2, -1, -6, -2, -6, 2, -3, 2, -3, 5, 5, -6, 2, -3, -2, 4, -6, -6, -3, -2, 4, 3, 4, 3]
 
2.350987954001364: [6, -3, -3, -1, 4, -6, -5, -2, 2, 3, -6, -4, -6, -6, -3, 5, 5, 0, 0, -2, 3, -4, -2, -2, 1, -3, 5, -4, -1, -2, 2, 2, -2, -2, -3, 5, 1, 1, -2, -5, 2, 0, -3, 3, 0, 0, 4, -1, -6, 4, -5, -1, -4, 6, 4, 2, 6, -5, -4, -6, 2, -4, 0, -6, -3, -5, 3, -6, 6, -2, 6, -3, -3, 5, -2, 6, 1, 6, -2, 3, 1, 5, -4, -4, -2, -6, 6, 5, 4, -2, 1, 4, 3, 6, 4, -5, -3, -5, 4, -6, 6, -1, 2, -6, -2, -1, -6, -2, -6, 2, -3, 2, -3, 5, -3, 5, 2, -3, -2, 4, -6, 5, -3, -2, 4, 3, -1, 1]
 
3.161190446045523: [6, -3, -3, -1, 4, -6, -5, -2, 2, 3, -6, -4, -6, -6, -3, 5, 5, 0, 0, -2, 3, -4, -2, -2, 1, -3, 5, -4, -1, -2, 2, 2, -2, -2, -3, 5, 1, 1, -2, -5, 2, 0, -3, 3, 0, 0, 4, -1, -6, 4, -5, -1, -4, 6, 4, 2, 6, -5, -4, -6, 2, -4, 0, -6, -3, -5, 3, -6, 6, -2, 6, -3, -3, 5, -2, 6, -6, -1, -5, 4, 2, -4, 1, -3, 1, -5, 3, 5, -6, 6, 1, -1, 3, 4, -2, -5, 5, 4, -6, -6, 4, -5, -3, 3, -2, -1, -6, -2, -4, 2, 2, 2, 3, -3, 5, -6, 1, -3, -2, 4, -6, -6, -3, -5, 3, 3, -1, 0]
 
3.0267623436322575: [6, -3, -3, 4, 0, -6, 6, -6, -5, 2, 3, 2, 4, 3, -5, 1, -4, 1, 4, -6, 5, 2, -2, -2, 1, -3, 5, -4, 1, -2, -6, -6, -1, 3, 6, 3, 1, 1, 3, -4, -4, 4, -6, 0, -2, 3, -5, -1, 2, 4, 1, -1, -4, 6, -6, 2, 6, -4, -4, -2, 3, 2, 0, 3, 3, 5, 1, -6, -5, -2, -2, 4, 4, 5, 1, 0, -4, 3, 3, -3, 1, 5, -4, -4, -2, -6, 5, 5, -6, 6, 1, -1, 3, 4, -2, -5, 5, 4, -6, -6, 4, -5, -3, 3, -2, -1, -6, -2, -4, 2, 2, 2, 3, -3, 5, -6, 1, -3, -2, 4, -6, -6, -3, -5, 3, 3, -1, 0]
 
3.85918913001854: [6, -3, -3, -1, 4, -6, -5, -2, 4, -4, 2, -6, -2, -6, -3, 5, -6, 0, 5, 1, -6, 3, -2, 2, -3, -2, -2, -5, -4, 5, -5, 0, -6, 5, -5, 6, 1, -5, 1, -4, -1, -2, -1, 0, 2, -4, 1, 0, -6, 5, -5, 1, -4, 3, 0, -1, 6, 6, -4, -6, 6, -2, 0, 5, -6, -1, -2, -5, -4, -5, 6, -3, -6, -4, 1, -5, 4, -1, -4, 4, -5, -4, -6, 6, -3, -5, 5, 6, 4, -2, 0, -3, 6, 6, 4, -4, -6, -2, 4, -6, 0, 3, 4, 1, -4, -1, -6, -2, -6, 2, -3, 2, -3, 5, 5, -6, 2, -3, -2, 4, -6, -6, -3, -2, 4, 3, -1, 6]
 
1.73207365148: [-2, -1, 3, 1, 4, -5, 1, -2, 0, -4, 2, -6, 6, -6, 1, 5, -6, -6, 0, 1, -6, -2, -1, -4, -3, 3, -2, -5, 0, 5, -5, 0, -3, 5, 3, 6, 1, 0, 1, -4, 2, -6, -1, 0, 2, -4, 1, 0, -6, 5, -5, 0, -4, 3, 3, -1, 6, 6, -4, -6, -3, -2, 0, 6, -2, -6, -2, 6, 0, 5, -2, -1, -1, 5, 1, -2, -5, 6, -5, -3, -5, 5, -4, 6, -2, -6, 5, 5, 4, -3, 1, 4, 3, 6, 0, -5, -3, -5, 4, 1, 1, -1, 3, -6, -5, -1, 6, -2, -1, 2, -4, 2, -3, 6, 5, -6, 2, 1, 6, 4, -6, -6, -2, 4, 4, 1, -1, 6]
 
2.7055918276269746: [6, -3, -3, 4, 0, -6, 6, -6, -5, 2, 3, 2, 4, 3, -5, 1, -4, 1, 4, -6, 5, 2, -2, -2, 1, -3, 5, -4, 1, -2, 5, -5, 4, -2, -1, -2, 1, 1, 3, -4, -4, 4, -6, 0, -2, 3, -5, -1, 2, -6, 0, -6, 1, 1, -6, 2, 6, -4, -4, -2, 3, 2, 0, 3, 3, 5, 1, -6, -5, -2, -2, 4, 4, 5, 1, 0, -4, 3, 3, -3, 1, 5, -4, -4, -2, -6, 5, 5, -6, 6, 1, -1, 3, 4, -2, -5, 5, 4, -6, -6, 4, -5, -3, 3, -2, -1, -6, -2, -4, 2, 2, 2, 3, -3, 5, -6, 1, -3, -2, 4, -6, -6, -3, -5, 3, 3, -1, 0]
 
0.912218579204: [6, 4, -6, -6, 0, -5, 6, -4, -5, 2, 3, 3, 6, 3, -5, 1, -4, -1, -2, -6, -4, 2, -2, -4, 0, 1, 5, 6, -1, 5, 5, -5, -5, -5, -1, -2, 4, 1, 3, -4, -4, 0, -6, 0, -2, 3, 4, -1, 6, -2, 0, -3, 1, 1, -6, 3, -3, -4, 2, -2, 3, 2, -1, 4, 3, 4, -3, -6, -5, 5, 4, 4, 2, 5, 1, 0, -4, 0, 3, -3, 1, 5, -4, 6, -2, -3, 5, 5, -6, 6, 1, -1, 3, 3, -2, -1, 5, 4, -6, 5, 4, -5, -3, 3, -4, -1, -5, -3, -4, 2, 2, 2, 0, -5, 5, -6, 2, -3, -2, 4, -6, -6, -3, -6, 4, 3, -1, 2]
 
2.5790858311385145: [6, -3, -3, -1, 4, -6, -5, -2, 2, 3, -6, -4, -6, -6, -3, 5, 5, 0, 0, -2, 3, -4, -2, -2, 1, -3, 5, -4, -1, -2, 2, 2, -2, -2, -3, 5, 1, 1, -2, -5, 2, 0, -3, 3, 0, 0, 4, -1, -6, 4, -5, -1, -4, 6, 4, 2, 6, -5, -4, -6, 2, -4, 0, -6, -3, -5, 3, -3, -4, 3, -4, 0, 5, -4, 6, -5, -6, -1, -5, 4, 2, -4, 1, -3, 1, -5, 3, 6, -5, 2, -1, 2, -3, 5, 1, -1, 6, -5, 4, -6, 6, -1, 2, -6, -2, -1, -6, -2, -6, 2, -3, 2, -3, 5, 5, -6, 2, -3, -2, 4, -6, -6, -3, -2, 4, 3, -1, 6]
 
3.46385562214972: [6, -3, -3, 4, 0, -6, 6, -6, -5, 2, 3, 2, 4, 3, -5, 1, -4, 1, 4, -6, 5, 2, -2, -2, 1, -3, 5, -4, 1, -2, 5, -5, 4, -2, -1, -2, 1, 1, 3, -4, -4, 4, -6, 0, -2, 3, -5, -1, 2, -6, 0, -6, 1, 1, 6, -4, -5, 5, -4, -1, 3, 4, 0, 3, 3, 5, 1, -6, 2, -2, -4, 0, 5, -4, 6, -5, -6, -1, -5, 4, 2, -4, 1, -3, 1, -5, 3, 6, -5, 2, -1, 2, -3, 5, 1, -1, 6, -5, 4, -6, 6, -1, 2, -6, -2, -1, -6, -2, -6, 2, -3, 2, -3, 5, 5, -6, 2, -3, -2, 4, -6, -6, -3, -2, 4, 3, -1, 6]
 
1.4857844783057388: [6, 2, 3, -1, -5, -5, 5, -2, 2, 3, -6, -4, -6, -6, -3, 5, 5, 0, 0, -2, 3, -4, 2, 2, -3, 2, -6, 6, 6, 1, 5, -5, 1, -2, -1, -1, 1, 1, 3, -4, -4, 4, -6, 0, -2, 5, -5, -4, 2, 2, 0, -6, -2, 1, 6, 2, -5, 5, -4, -1, 2, 4, 0, 3, -4, -6, -5, -6, -2, 5, -4, 0, 6, -4, 6, -2, -1, -1, -1, 4, 2, -6, 0, -4, -4, -5, -4, 6, 2, 2, -1, 2, -2, -2, 1, -1, -1, 3, 4, -6, -5, 0, -6, -6, 1, -1, -3, -2, -6, -1, 4, 2, -3, 5, 1, -6, 2, -3, -5, 0, -6, -6, -3, -2, 4, -2, -1, 4]
 
2.689460326146108: [6, 4, 3, -1, 1, -5, 5, -2, 4, -4, 2, -6, -2, -6, -3, 5, -6, 0, 5, 1, -6, 3, -2, 2, -3, -2, -2, -5, -4, 5, -6, 0, -2, -3, -4, 2, 1, 0, -3, -5, 2, 0, -3, 3, 0, 0, 4, -1, -6, 4, -5, -1, -4, 6, 4, 2, 6, -5, -4, -6, 2, -4, 0, -6, -3, -5, 3, -3, -4, 3, -4, 0, 5, -4, 6, -5, -6, -1, -5, 4, 2, -4, 1, -4, -2, -6, 6, 5, 4, -2, 1, 4, 3, 6, 4, -5, -3, -5, 4, -6, 6, -1, 2, -6, -2, -1, -6, -2, -6, 2, -3, 2, -3, 5, 5, -6, 2, -3, -2, 4, -6, -6, -3, -2, 4, 3, -1, 6]
 
0.578226433486: [-1, -3, 0, 4, -3, -6, 6, 3, 5, 5, 3, 2, 4, 3, -5, -5, -1, 1, 4, -6, 5, 5, -2, 6, 1, -6, 5, 5, 1, -2, 5, -5, 1, -2, -1, -2, 1, 1, 4, -4, -4, 0, -2, 0, -2, 3, -5, -1, 4, 4, -4, -4, -2, 1, 6, -4, -5, -2, -4, -1, 3, 4, 6, 3, -1, -3, -2, -6, 2, -2, -4, 0, 3, 2, 6, -5, 2, -1, -1, 4, 2, -4, 1, -3, 1, -5, 3, 6, 3, 2, 5, -1, -3, 5, 1, -1, 6, -5, 4, -6, 3, -1, -2, -4, 6, -1, -6, 0, -6, 2, -3, -2, -3, 3, 4, -6, -2, -3, -2, 4, -6, -6, 4, -2, 6, 2, -1, 6]
 
1.66042544749: [6, -3, 5, 4, 0, -6, 6, 5, -5, 2, 3, 2, 4, -5, 3, -3, -4, 1, 4, 4, -5, 2, -3, -2, 1, -1, 6, 3, -4, -2, -5, -6, 4, 3, -1, -2, 6, -4, 4, -4, 2, -6, -1, 5, -4, 0, 4, 0, -6, 4, -3, -1, -5, -4, 3, 2, -1, 6, 2, 3, 3, 5, -1, 3, 3, 5, -2, -6, 2, 4, -2, 4, -5, -1, 1, 0, -4, 3, 3, -3, 1, 5, -4, -4, -2, -1, -2, -1, 5, 2, -1, 2, 5, 5, -3, -1, 6, -5, -6, -6, 6, -1, 2, -6, -2, -1, -2, -2, -6, 4, -3, 2, 0, -3, 2, -1, 2, -3, -3, 4, -6, -6, -3, -4, 6, 3, -1, 6]
 
0.529102227116: [6, -3, -1, -1, 5, -2, -1, 2, 4, 0, 2, 5, -2, -6, -6, 5, -6, 0, 5, 1, -6, -4, -1, 4, -4, -2, 5, -5, -4, 5, -5, 0, -6, 5, 6, 6, 3, 4, 4, 2, -4, 0, -3, -1, 5, -5, -4, -1, -4, 1, -4, -4, 5, 6, -1, -4, 1, -5, -4, -6, 6, -1, 0, -1, -3, 6, 1, -5, -4, -5, 6, 2, -6, 6, 1, -5, 1, 6, 2, 5, 3, 5, 4, -4, -2, -6, 5, 5, -4, -4, 1, 4, 3, 6, 4, 2, -3, -5, 4, -4, 6, -3, -1, -6, -2, -2, -2, -2, -4, 2, -3, 2, 6, 3, -3, 5, 2, 3, -2, 4, 3, 5, -3, 3, 6, 2, -1, 0]
 
2.7000978077926496: [6, -3, -3, -1, 4, -6, -5, -2, 2, 3, -6, -4, -6, -6, -3, 5, 5, 0, 0, -2, 3, -4, -2, 2, -3, -1, -6, -2, -1, -4, -6, -6, -1, 3, 6, 3, 6, -5, -2, -4, 2, -2, -1, 5, -4, 0, 4, -6, -6, 4, 1, -1, -4, 6, -6, 2, 6, -4, -4, -2, 3, 2, 0, 3, 3, 5, 1, -6, -5, -2, -2, 4, 4, 5, 1, 0, -4, 3, 3, -3, 1, 5, -4, -4, -2, -6, 5, 5, -6, 6, 1, -1, 3, 4, -2, -5, 5, 4, -6, -6, 4, -5, -3, 3, -2, -1, -6, -2, -4, 2, 2, 2, 3, -3, 5, -6, 1, -3, -2, 4, -6, -6, -3, -5, 3, 3, -1, 0]
 
1.5810278660406163: [6, 2, 3, -1, -5, -5, 5, -2, 2, 3, -6, -4, -6, -6, -3, 5, 5, 0, 0, -2, 3, -4, 2, 2, -3, 2, -6, 6, 6, 1, 5, -5, 1, -2, -1, -1, 1, 1, 3, -4, -4, 4, -6, 0, -2, 5, -5, -4, 2, 2, 0, -6, -2, 1, 6, 2, -5, 5, -4, -1, 2, 4, 0, 3, -4, -6, -5, -6, -2, 5, -4, 0, 6, -4, 6, -2, -1, -1, -1, 4, 2, -6, 0, -4, -4, -5, -4, 6, 2, 2, -1, 2, -2, -2, 1, -1, -1, 3, 4, -6, -5, 0, -6, -6, 1, -1, -3, -2, -6, -1, 4, 2, -3, 5, 5, -6, 2, -3, -2, 4, -6, -6, -3, -2, 4, 3, -1, 6]
 
2.03893299171748: [6, 4, -6, -1, -3, 6, 5, -4, 4, -4, 2, -6, -2, -4, -3, 5, -4, 0, -2, 1, -6, 3, 3, 2, -3, -2, -2, -5, -4, 5, 2, 0, -6, 5, 0, 6, 1, -1, 1, -4, 0, -2, -1, 0, 2, -4, 1, -4, -6, 4, -5, -1, -4, 6, 4, -4, 6, -5, -4, -2, 2, 5, 0, -6, 4, 4, 3, -6, 6, -2, 6, -3, -5, 5, -2, 2, -6, -1, -5, 4, 2, 5, 5, -2, 1, -5, 0, 2, -5, -6, -3, 2, -3, 5, 1, -4, 3, 2, -3, -3, 6, -1, 2, -6, 0, -1, 1, -2, -6, -4, -3, 2, 6, 6, -2, -6, 2, 1, -2, 4, -6, 0, -3, -4, 3, 3, -1, 6]
 
1.4841163750658408: [6, 6, 0, -1, -3, 3, -5, 0, 3, 4, -1, 6, 5, 6, 3, 5, 4, 0, 4, 5, -6, -6, 1, 2, -6, -2, -1, -5, -5, 1, -1, 6, 0, 2, -5, 1, 1, 6, -3, -4, 5, -2, -4, 5, -4, -4, -3, -5, -3, -2, -5, 4, 0, 6, 4, 2, 1, 0, -6, 4, 0, 5, -2, 1, -6, -2, 3, -6, -6, 5, -4, -3, -5, -3, -3, 1, 2, 6, -2, 0, 0, -2, -5, -4, -2, -3, 6, -1, -3, 4, -6, 4, 5, 6, 4, 6, 5, -3, -6, 5, 3, 1, -2, -1, 2, -1, -6, 6, -6, 2, -3, -3, -5, -6, -1, -2, 2, 0, 3, 4, 4, -6, -3, -2, 6, 3, -6, 3]
 
2.9511417915: [6, -4, -1, -1, 1, 3, 5, 0, 4, 6, 2, -6, -2, 0, 3, 5, 4, 0, 4, 1, -6, 3, -2, 2, -3, -2, -2, -4, 1, -2, 5, -5, 4, -2, -1, -2, 1, 1, 3, -4, -4, 4, -6, 0, -2, 3, -5, -1, 2, -6, 0, -6, 1, 1, -6, 2, 6, -4, -4, -2, 3, 2, 0, 3, 3, 5, 1, -6, -5, -2, -2, 4, 4, 5, 1, 0, -4, 3, 3, -3, 1, 5, -4, -4, -2, -6, 5, 5, -6, 6, 1, -1, 3, 4, -2, -5, 5, 4, -6, -6, 4, -5, -3, 3, -2, -1, -6, -2, -4, 2, 2, 2, 3, -3, 5, -6, 2, -3, -2, 4, -6, -6, -3, -2, 4, 3, -1, 6]
 
0.576065754906: [6, -6, -3, 4, 5, -6, 6, 5, 2, 4, 3, -2, 4, 3, -1, 1, 0, 1, 4, 2, 5, 2, -2, 4, 1, -3, 5, -5, -4, 1, -5, 6, -2, 5, -4, 2, 1, 0, -5, 4, 2, 0, -3, 3, 0, 0, 0, -1, -6, 4, 1, -3, 6, -3, -2, 1, -1, -5, -4, 6, 2, -4, 0, -3, -3, 6, 3, -3, -3, 1, 0, 0, 5, -4, 2, -5, -6, 5, -2, 0, 2, -4, 2, -3, 0, -5, -6, 6, 6, 2, -1, 2, -4, 5, 1, -1, 6, 3, 4, -6, 5, -1, -6, -6, -2, -1, -6, -2, -6, 2, -3, 3, -3, 5, 0, -6, 2, -3, -2, 4, -6, -2, -3, -2, 4, 3, 6, -2]
 
1.04437442207: [6, -3, 6, 3, 0, -6, 6, -6, -5, 2, 3, 2, 4, 3, 6, 1, -4, -5, 4, 6, 5, 2, -6, -6, 1, -3, 2, -4, -3, 4, 2, -4, -6, -6, -6, -2, 1, 1, 3, 4, -4, 4, -6, -1, -2, 2, -3, -1, 2, 0, 0, -6, 6, 1, 6, 4, -5, 5, 2, -1, -1, 4, 0, 3, 3, 5, -2, -6, 2, -2, -3, 4, 5, -4, 2, -5, -6, -6, -5, 4, 2, -4, 1, -3, 4, -2, 3, -5, -5, 2, 6, -3, 5, 5, 1, 5, 6, 4, 4, -6, -6, -1, -4, -6, -2, -1, 1, -2, -4, 0, 0, -4, 6, -3, 5, -1, 2, 5, -2, -2, -6, 5, -6, -6, 6, 1, -1, 1]
 
3.55728645815: [6, -3, -3, -1, 4, -6, -5, -2, 4, -4, 2, -6, -2, -6, -3, 5, -6, 0, 5, 1, -6, 3, -2, 2, -3, -2, -2, -5, -4, 5, -5, 0, -6, 5, -5, 6, 1, -5, 1, -4, -1, -2, -1, 0, 2, -4, 1, 0, -6, 5, -5, 1, -4, 3, 0, -1, 6, 6, -4, -6, 6, -2, 0, 5, -6, -1, -2, -5, -4, -5, 6, -3, -6, -4, 1, -5, 4, -1, -4, 4, -5, -4, -4, -4, -2, -6, 6, 5, 4, -2, 1, 4, 3, 6, 4, -5, -3, -5, 4, -6, 6, -1, 2, -6, -2, -1, -6, -2, -3, 2, -3, 2, -3, 5, -3, 5, 2, -3, -2, 4, -6, -6, -3, -4, 3, 3, -1, 6]
 
2.77771278449: [6, 4, 3, -1, 1, -5, 5, -2, 4, -4, 2, -6, -2, -6, -3, 5, -6, 0, 5, 1, -6, 3, -2, 2, -3, -2, -2, -5, -4, 5, -6, 0, -2, -3, -4, 2, 1, 0, -3, -5, 2, 0, -3, 3, 0, 0, 4, -1, -6, 4, -5, -1, -4, 6, 4, 2, 6, -5, -4, -6, 2, -4, 0, -6, -3, -5, 3, -3, -4, 3, -4, 0, 5, -4, 6, -5, -6, -1, -5, 4, 2, -4, 1, -4, -2, -6, 6, 5, 4, -2, 1, 4, 3, 6, 4, -5, -3, -5, 4, -6, 6, -1, 2, -6, -2, -1, -6, -2, -6, 2, -3, 2, -3, 5, 5, -6, 2, -3, -2, 4, -6, -6, -3, -2, 4, 3, -1, 6]
 
2.1610168095: [6, -3, -3, 4, 0, -6, 6, -6, -5, 2, 3, 2, 4, 3, -5, 1, -4, 1, 4, -6, 5, 2, -2, -2, 1, -3, 5, -4, 1, -2, 5, -5, 4, -2, -1, -2, 1, 1, 3, -4, -4, 4, -6, 0, -2, 3, -5, -1, 2, -6, 0, -6, 1, 1, -6, 2, 6, -4, -4, -2, 6, -2, 0, 5, -6, -1, -2, -5, 2, -2, -2, 4, 4, 5, 1, -2, 1, 6, -5, -3, 1, 5, -4, -4, -2, -6, 5, 5, 4, 6, 1, 4, 3, 6, 4, -5, -3, -5, 4, -6, 6, -1, 2, -6, -2, -1, -6, -2, -6, 2, -3, 2, -3, 5, 5, -6, 2, -3, -2, 4, -6, -6, -3, -2, 4, 3, -1, 6]
 
1.57508985935: [6, -3, -3, -1, 4, -6, -5, -2, 2, 3, -6, -4, -6, -6, -3, 5, 5, 0, 0, -2, 3, -4, -2, -2, 1, -3, 5, -4, -1, -2, 2, 2, -2, -2, -3, 5, 1, 1, -2, -5, 2, 0, -3, 3, 0, 0, 4, -1, -6, 4, -5, -1, -4, 6, 4, 2, 6, -5, -4, -6, 2, -4, 0, -6, -3, -5, 3, -3, -4, 3, -4, 0, 5, -4, 6, -5, -6, -1, -5, 4, 2, -4, 1, -3, 1, -5, 3, 6, -5, 2, -1, 2, -3, 5, 1, -1, 5, 4, -2, -4, 5, -5, 6, 3, 4, -1, -6, -2, -6, 2, -3, 2, -3, 5, 5, -6, 2, -3, -2, 4, -6, -6, -3, -2, 4, 3, -1, 6]
 
2.81467747098: [6, -3, -3, 4, 0, -6, 6, -6, -5, 2, 3, 2, 4, 3, -5, 1, -4, 1, 4, -6, 5, 2, -2, -2, 1, -3, 5, -4, 1, -2, 5, -5, 4, -2, -1, -2, 1, 1, 3, -4, -4, 4, -6, 0, -2, 3, 4, -1, -6, 4, -5, -1, -4, 6, 4, 2, 6, -5, -4, -6, 2, -4, 0, -6, -3, -5, 3, -3, -4, 3, -4, 0, 5, -4, 6, -5, -6, -1, -5, 4, 2, -4, 1, -3, 1, -5, 3, 6, -5, 2, -1, 2, -3, 5, 1, -1, 6, -5, 4, -6, 6, -1, 2, -6, -2, -1, -6, -2, -6, 2, -3, 2, -3, 5, 5, -6, 2, -3, -2, 4, -6, -6, -3, -2, 4, 3, -1, 6]
 
3.15677931293: [6, 2, 3, -1, -5, -5, 5, -2, 2, 3, -6, -4, -6, -6, -3, 5, 5, 0, 0, -2, 3, -4, 2, 2, -3, 2, -6, 6, 6, 1, 5, -5, 1, -2, -1, -1, 1, 1, 3, -4, -4, 4, -6, 0, -2, 5, -5, -4, 2, 2, 0, -6, -2, 1, 6, 2, -5, 5, -4, -1, 2, 4, 0, 3, -4, -6, -5, -6, -2, 5, -4, 0, 6, -4, 6, -2, -1, -1, -1, 4, 2, -6, 0, -4, -4, -5, -4, 6, 4, -2, 1, 4, 3, 6, 4, -5, -3, -5, 4, -6, 6, -1, 2, -6, -2, -1, -6, -2, -6, 2, -3, 2, -3, 5, -3, 5, 2, -3, -2, 4, -6, 5, -3, -2, 4, 3, -1, 1]
 
2.09255721749: [6, -3, -3, -1, 4, -6, -5, -2, 2, 3, -6, -4, -6, -6, -3, 5, 5, 0, 0, -2, 3, -4, -2, -2, 1, -3, 5, -4, -1, -2, 2, 2, -2, -2, -3, 5, 1, 1, -2, -5, 2, 0, -3, 3, 0, 0, 4, -1, -6, 4, -5, -1, -4, 6, 4, 2, 6, -5, -4, -6, 2, -4, 0, -6, -3, -5, 3, -6, 6, -2, 6, -3, -3, 5, -2, 6, 1, 6, -2, 3, 1, 5, -4, -4, -2, -6, 6, 5, 2, 2, -1, 2, -2, -2, 1, -1, -1, 3, 4, -6, -5, 0, -6, -6, 1, -1, -3, -2, -6, -1, 4, 2, -3, 5, 1, -6, 2, -3, -5, 0, -6, -6, -3, -2, 4, -2, -1, 4]
 
2.92303708432: [6, 4, 3, -1, 1, -5, 5, -2, 4, -4, 2, -6, -2, -6, -3, 5, -6, 0, 5, 1, -6, 3, -2, 2, -3, -2, -2, -5, -4, 5, -6, 0, -2, -3, -4, 5, 1, 1, -2, -5, 2, 0, -3, 3, 0, 0, 4, -1, -6, 4, -5, -1, -4, 6, 4, 2, 6, -5, -4, -6, 2, -4, 0, -6, -3, -5, 3, -3, -4, 3, -4, 0, 5, -4, 6, -5, -6, -1, -5, 4, 2, -4, 1, -3, 1, -5, 3, 6, -5, 2, -1, 2, -3, 5, 1, -1, 6, -5, 4, -6, 6, -1, 2, -6, -2, -1, -6, -2, -6, 2, -3, 2, -3, 5, 5, -6, 2, -3, -2, 4, -6, -6, -3, -2, 4, 3, -1, 6]
 
2.26229858028: [6, -3, -3, -1, 4, -6, -5, -2, 2, 3, -6, -4, -6, -6, -3, 5, 5, 0, 0, -2, 3, -4, -2, -2, 1, -3, 5, -4, -1, -2, 2, 2, -2, -2, -3, 2, 1, 0, -3, -5, 2, 0, -3, 3, 0, 0, 4, -1, -6, 4, -5, -1, -4, 6, 4, 2, 6, -5, -4, -6, 2, -4, 0, -6, -3, -5, 3, -3, -4, 3, -4, 0, 5, -4, 6, -5, -6, -1, -5, 4, 2, -4, 1, -4, -2, -6, 6, 5, 4, -2, 1, 4, 3, 6, 4, -5, -3, -5, 4, -6, 6, -1, 2, -6, -2, -1, -6, -2, -6, 2, -3, 2, -3, 5, 5, -6, 2, -3, -2, 4, -6, -6, -3, -2, 4, 3, -1, 6]
 
0.815421147242: [-3, -3, 5, -1, -3, -6, -5, -5, 2, 3, -6, -4, 3, 1, 3, 1, 2, 1, 4, -6, 1, -3, -2, 2, 1, -3, -2, 3, 1, 6, 6, -3, -5, -3, 0, 3, 1, 2, 3, -4, -4, 4, -2, 3, 5, 3, -5, -1, 2, -6, -6, -1, 1, 6, -6, -4, 3, -1, -4, -3, 3, 4, 0, 3, -1, 5, -4, -1, -3, -2, -5, 4, 4, -3, -1, -5, -1, 6, -4, 4, 0, -6, 1, -3, 5, -3, -1, -1, 1, 6, -1, 5, -3, 0, 5, 6, 6, -5, 0, 3, 6, -1, -1, -5, 5, -1, -1, -6, -2, 4, -6, 2, -3, 4, 5, -6, -2, -4, 2, 4, -1, -6, 3, -1, -6, -6, -6, 6]
 
2.44327378487: [6, -3, -3, 4, 0, -6, 6, -6, -5, 2, 3, 2, 4, -6, -3, 5, 5, 0, 0, -2, 3, -4, -2, -2, 1, -3, 5, -4, -1, -2, 2, 2, -2, -2, -3, 5, 1, 1, -2, -5, 2, 0, -3, 3, 0, 0, 4, -1, -6, 4, -5, -1, -4, 6, 4, 2, 6, -5, -4, -6, 2, -4, 0, -6, -3, -5, 3, -6, 6, -2, 6, -3, -3, 5, -2, 6, 1, 6, -2, 3, 1, 5, -4, -4, -2, -6, 6, 5, 4, -2, 1, 4, 3, 6, 4, -5, -3, -5, 4, -6, 6, -1, 2, -6, -2, -1, -6, -2, -6, 2, -3, 2, -3, 5, 5, -6, 2, -3, -2, 4, -6, -6, -3, -2, 4, 3, 4, 3]
 
2.98455161343: [6, -3, -3, 4, 0, -6, 6, -6, -5, 2, 3, 2, 4, 3, -5, 1, -4, 1, 4, -6, 5, 2, -2, -2, 1, -3, 5, -4, 1, -2, 5, -5, 4, -2, -1, -2, 1, 1, 3, -4, -4, 4, -6, 0, -2, 3, -5, -1, 2, -6, 0, -6, 1, 1, 6, -4, -5, 5, -4, -1, 3, 4, 0, 3, -3, -5, 3, -3, -4, 3, -4, 0, 5, -4, 6, -5, -6, -1, -5, 4, 2, -4, 1, -3, 1, -5, 3, 6, -5, 2, -1, 2, -3, 5, 1, -1, 5, 4, -2, -4, 5, -5, 6, 3, 4, -1, -6, -2, -6, 2, -3, 2, -3, 5, 5, -6, 2, -3, -2, 4, -6, -6, -3, -2, 4, 3, -1, 6]
 
3.09266188305: [6, -3, -3, 4, 0, -6, 6, -6, -5, 2, 3, 2, 4, 3, -5, 1, -4, 1, 4, -6, 5, 2, -2, -2, 1, -3, 5, -4, 1, -2, 5, -5, 4, -2, -1, -2, 1, 1, 3, -4, -4, 4, -6, 0, -2, 3, 4, -1, -6, 4, -5, -1, -4, 6, 4, 2, 6, -5, -4, -6, 2, -4, 0, -6, 3, 5, 1, -6, 2, -2, -4, 0, 5, -4, 6, -5, -6, -1, -5, 4, 2, -4, 1, -3, 1, -5, 3, 6, -5, 2, -1, 2, -3, 5, 1, -1, 6, -5, 4, -6, 6, -1, 2, -6, -2, -1, -6, -2, -4, 2, -3, 2, 6, -3, 5, -6, 2, -3, -2, 4, -6, -6, -3, -4, 3, 3, -1, 6]
 
0.552607368214: [-6, -6, -1, 5, -4, -3, -2, -2, 4, 6, 2, -6, -2, -2, 1, -4, -6, 0, -5, 1, -6, 3, -2, 2, -3, -2, -2, -5, 6, 5, -6, 0, -2, 1, -4, 5, -2, 1, -2, -3, 2, 0, 6, 3, 0, 6, 4, -1, -2, 4, -5, 0, -4, 6, 4, 2, 6, 5, -4, -6, 5, -2, 0, -6, -3, -2, 3, -3, -4, 3, -4, -3, 4, -4, 0, -5, -6, -1, 4, 4, 2, 0, 1, -3, 1, -2, 1, 6, -5, -3, -4, 2, -3, -6, -1, -1, -5, -5, 3, -6, 0, -4, 2, -6, -6, -1, -6, 4, -6, 2, -3, 2, -3, 5, -2, -6, 2, -6, -2, -1, -1, -6, -3, -2, 4, 6, -1, 1]
 
0.360436063562: [6, 4, -3, -3, 1, 3, 5, -2, 4, -4, 2, -6, -2, -4, -3, 5, -6, 5, 5, 1, 0, 3, -2, -5, 4, -5, -2, -5, 6, 5, 2, 0, -2, 5, -5, 6, 4, -5, -2, 5, -1, -2, -1, 0, 2, -4, 1, -3, -6, 5, -5, 1, -4, 3, 0, -2, 6, 4, -4, -4, 6, -6, 4, 5, -6, -1, -3, 5, 1, -2, -2, 2, 3, 5, 1, -2, 1, 6, -2, -4, 1, 5, -3, -4, -2, -6, 2, 1, 4, -2, 3, -1, 3, 6, 4, -5, -2, -2, 4, -1, 6, -1, -3, -6, -3, -1, -5, -2, -3, 4, -3, 2, -3, 2, -3, 0, 2, -3, 5, -3, -6, 5, 1, 4, 4, -3, -1, 1]
 
0.690868103027: [6, 2, 3, -1, -5, -5, 5, -2, 2, 3, -6, -4, -6, -6, -3, 5, 5, 0, 0, -2, 3, -4, 2, 2, -3, 2, -6, 6, 6, 1, 5, -5, 1, -2, -1, -1, 1, 1, 3, -4, -4, 4, -6, 0, 2, -4, 1, -3, -6, 5, -5, 1, -4, 3, 0, -2, 6, 4, -4, -4, 6, -6, 4, 5, -6, -1, -3, 5, 1, -2, -2, 2, 3, 5, 1, -2, 1, 6, -2, -4, 1, 5, -3, -4, -2, -6, 2, 1, 4, -2, 3, -1, 3, 6, 4, -5, -2, -2, 4, -1, 6, -1, -3, -6, -3, -1, -5, -2, -3, 4, -3, 2, -3, 2, -3, 0, 2, -3, 5, -3, -6, 5, 1, 4, 4, -3, -1, 1]
 
1.11426782296: [6, 4, -3, -3, 1, 3, 5, -2, 4, -4, 2, -6, -2, -4, -3, 5, -6, 5, 5, 1, 0, 3, -2, -5, 4, -5, -2, -5, 6, 5, 2, 0, -2, 5, -5, 6, 4, -5, -2, 5, -1, -2, -1, 0, -2, 5, -5, -4, 2, 2, 0, -6, -2, 1, 6, 2, -5, 5, -4, -1, 2, 4, 0, 3, -4, -6, -5, -6, -2, 5, -4, 0, 6, -4, 6, -2, -1, -1, -1, 4, 2, -6, 0, -4, -4, -5, -4, 6, 2, 2, -1, 2, -2, -2, 1, -1, -1, 3, 4, -6, -5, 0, -6, -6, 1, -1, -3, -2, -6, -1, 4, 2, -3, 5, 1, -6, 2, -3, -5, 0, -6, -6, -3, -2, 4, -2, -1, 4]
 
1.51201545377: [6, -3, -3, 4, 6, 1, -2, -6, -5, -6, 3, -3, 4, 3, -6, 1, -4, 5, 4, 6, -3, 2, -4, -5, -6, 0, 4, -1, 1, 6, 5, -5, 6, -1, 5, 5, 0, -6, -5, -3, 2, 4, 1, -6, 6, 6, -1, -4, -2, -6, 4, 4, 3, 5, -6, -1, 6, -4, 2, -2, 3, -2, 0, 0, -4, 0, 1, 2, -5, 1, 3, 4, 4, -5, 0, 0, 1, 3, -3, 6, 1, -1, -4, 6, -2, -6, 5, -1, -6, -5, -4, -4, -1, -3, -2, -5, 0, 4, 0, -6, -5, 3, -3, -4, -6, 1, 4, -2, 0, -2, -5, 2, 4, -2, 5, -6, 1, 3, 5, -2, -6, -6, -6, -2, -2, -6, 6, 0]
 
2.09263771296: [6, -3, -3, 4, 0, -6, 6, -6, -5, 2, 3, 2, 4, 3, -5, 1, -4, 1, 4, -6, 5, 2, -2, -2, 1, -3, 5, -4, 1, -2, 5, -5, 4, -2, -1, -2, 1, 1, 3, -4, -4, 4, -6, 0, -2, 3, -5, -1, 2, -6, 0, -6, 1, 1, -6, 2, 6, -4, -4, -2, 6, -2, 0, 5, -6, -1, -2, -5, 2, -2, -2, 4, 4, 5, 1, -2, 1, 6, -5, -3, 1, 5, -4, -4, -2, -6, 5, 5, 4, 6, 1, 4, 3, 6, 4, -5, -3, -5, 4, -6, 6, -1, 2, -6, -2, -1, -6, -2, -6, 2, -3, 2, -3, 5, 5, -6, 2, -3, -2, 4, -6, -6, -3, -2, 4, 3, -1, 6]
 
2.44247079308: [6, -3, -3, -1, 4, -6, -5, -2, 2, 3, -6, -4, -6, -6, -3, 5, 5, 0, 0, -2, 3, -4, -2, -2, 1, -3, 5, -4, -1, -2, 2, -5, 4, -2, -1, -2, 1, 1, 3, -4, -4, 4, -6, 0, -2, 3, -5, -1, 2, -6, 0, -6, 1, 1, 6, -4, -5, 5, -4, -1, 3, 4, 0, 3, -3, -5, 3, -3, -4, 3, -4, 0, 5, -4, 6, -5, -6, -1, -5, 4, 2, -4, 1, -3, 1, -5, 3, 6, -5, 2, -1, 2, -3, 5, 1, -1, 5, 4, -2, -4, 5, -5, 6, 3, 4, -1, -6, -2, -6, 2, -3, 2, -3, 5, 5, -6, 2, -3, -2, 4, -6, -6, -3, -2, 4, 3, -1, 6]
 
3.02161763573: [6, -3, -3, 4, 0, -6, 6, -6, -5, 2, 3, 2, 4, 3, -5, 1, -4, 1, 4, -6, 5, 2, -2, -2, 1, -3, 5, -4, 1, -2, 5, 2, -2, -2, -3, 5, 1, 1, -2, -5, 2, 0, -3, 3, 0, 0, 4, -1, -6, 4, -5, -1, -4, 6, 4, 2, 6, -5, -4, -6, 2, -4, 0, -6, -3, -5, 3, -6, 6, -2, 6, -3, -3, 5, -2, 6, -6, -1, -5, 4, 2, -4, 1, -3, 1, -5, 3, 5, -6, 6, 1, -1, 3, 4, -2, -5, 5, 4, -6, -6, 4, -5, -3, 3, -2, -1, -6, -2, -4, 2, 2, 2, 3, -3, 5, -6, 1, -3, -2, 4, -6, -6, -3, -5, 3, 3, -1, 0]
 
1.17884334655: [6, 2, 3, -1, -5, -5, 5, -2, 2, 3, -6, -4, -6, -6, -3, 5, 5, 0, 0, -2, 3, -4, 2, 2, -3, 2, -6, 6, 6, 1, 5, -5, 1, -2, -1, -1, 1, 1, 3, -4, -4, 4, -6, 0, 2, -4, 1, -3, -6, 5, -5, 1, -4, 3, 0, -2, 6, 4, -4, -4, 6, -6, 4, 5, -6, -1, -3, 5, 1, -2, -2, 2, 3, 5, 1, -2, 1, 6, -2, -4, 1, 5, -3, -4, -2, -6, 5, 5, 4, 6, 1, 4, 3, 6, 4, -5, -3, -5, 4, -6, 6, -1, 2, -6, -2, -1, -6, -2, -6, 2, -3, 2, -3, 5, 5, -6, 2, -3, -2, 4, -6, -6, -3, -2, 4, 3, -1, 6]
 
1.30058496759: [6, -3, -3, 4, 0, -6, 6, -6, -5, 2, 3, 2, 4, 3, -5, 1, -4, 1, 4, -6, 5, 2, -2, -2, 1, -3, 5, -4, 1, -2, 5, -5, 4, -2, -1, -2, 1, 1, 3, -4, -4, 4, -6, 0, -2, 3, -5, -1, 2, -6, 0, -6, 1, 1, -6, 2, 6, -4, -4, -2, 6, -2, 0, 5, -6, -1, -2, -5, 2, -2, -2, 4, 4, 5, 1, -2, 1, 6, -5, -3, 1, 5, -4, -4, -2, -6, 2, 1, 4, -2, 3, -1, 3, 6, 4, -5, -2, -2, 4, -1, 6, -1, -3, -6, -3, -1, -5, -2, -3, 4, -3, 2, -3, 2, -3, 0, 2, -3, 5, -3, -6, 5, 1, 4, 4, -3, -1, 1]
 
2.00352788882: [6, -3, -3, -1, 4, -6, -5, -2, 4, -4, 2, -6, -2, -6, -3, 5, -6, 0, 5, 1, -6, 3, -2, 2, -3, -2, -2, -5, -4, 5, -5, 0, -6, 5, -5, 6, 1, -5, 1, -4, -1, -2, -1, 0, 2, -4, 1, 0, -6, 5, -5, 1, -4, 3, 0, -1, 6, 6, -4, -6, 6, -2, 0, 5, -6, -1, -2, -5, -4, -5, 6, -3, -6, -4, 1, -5, 4, -1, -2, 3, 1, 5, -4, -4, -2, -6, 6, 5, 2, 2, -1, 2, -2, -2, 1, -1, -1, 3, 4, -6, -5, 0, -6, -6, 1, -1, -3, -2, -6, -1, 4, 2, -3, 5, 1, -6, 2, -3, -5, 0, -6, -6, -3, -2, 4, -2, -1, 4]
 
2.03969486119: [-4, 5, -3, -6, 4, -6, 6, -2, 2, 3, -6, -4, -6, -6, -6, 6, 5, -3, 0, 5, -3, -4, 1, -5, 1, -3, 2, -4, -1, -2, 2, 1, 5, 3, 2, 3, 1, 1, -2, -5, 2, 2, -3, 3, 0, 2, -1, 6, -6, 4, -5, 0, -4, 6, 4, 2, 6, -5, -4, -6, 2, -4, 3, -5, -3, -5, 3, -6, -3, -2, -2, -3, -3, -4, -4, 6, 1, 6, -4, -5, 5, -6, 1, -2, 5, -6, 5, -3, 4, -5, 1, 1, 2, 2, 4, -5, -3, 2, 6, -6, 6, -1, 2, -1, -2, -3, 2, -2, -3, 2, -3, 4, -3, 5, -3, 5, 2, 3, -2, -3, -6, -6, -3, -4, 3, 3, -4, 6]
 
0.81631004345: [6, -3, -3, -1, 4, -6, -5, -2, 2, 3, -6, -4, -6, 3, -5, 1, -4, 1, 4, -6, 5, 2, -2, -2, 1, -3, 5, -4, 1, -2, 5, -5, 4, -2, -1, -2, 1, 1, 3, -4, -4, 4, -6, 0, -2, 3, -5, -1, 2, -6, 0, -6, 1, 1, 6, -4, -5, 5, -4, -1, 3, 4, 0, 3, 3, 5, 1, -6, 2, -2, -4, 0, 5, -4, 6, -5, 4, -1, -2, 3, 1, 5, -4, -4, -2, -6, 6, 5, 2, 2, -1, 2, -2, -2, 1, -1, -1, 3, 4, -6, -5, 0, -6, -6, 1, -1, -3, -2, -6, -1, 4, 2, -3, 5, 1, -6, 2, -3, -5, 0, -6, -6, -3, -2, 4, -2, -1, 4]
 
1.52174185297: [6, -3, -3, -1, 4, -6, -5, -2, 4, -4, 2, -6, -2, -6, -3, 5, -6, 0, 5, 1, -6, 3, -2, 2, -3, -2, -2, -5, -4, 5, -5, 0, -6, 5, -5, 6, 1, -5, 1, -4, -1, -2, -1, 0, 2, -4, 1, 0, -6, 5, -5, 1, -4, 3, 0, -1, 6, 6, -4, -6, 6, -2, 0, 5, -6, -1, -2, -5, -4, -5, 6, -3, -6, -4, 1, -5, -6, -1, -5, 4, 2, -4, 1, -3, 1, -5, 3, 6, -5, 2, -1, 2, -3, 5, 1, -1, 6, -5, 4, -6, 6, -1, 2, -6, -2, -1, -6, -2, -6, 2, -3, 2, -3, 5, 5, -6, 2, -3, -2, 4, -6, -6, -3, -2, 4, 3, -1, 6]
 
3.24055210711: [6, -3, -3, 4, 0, -6, 6, -6, -5, 2, 3, 2, 4, 3, -5, 1, -4, 1, 4, -6, 5, 2, -2, -2, 1, -3, 5, -4, 1, -2, -6, -6, -1, 3, 6, 3, 1, 1, 3, -4, -4, 4, -6, 0, -2, 3, -5, -1, 2, 4, 1, -1, -4, 6, -6, 2, 6, -4, -4, -2, 3, 2, 0, 3, 3, 5, 1, -6, -5, -2, -2, 4, 4, 5, 1, 0, -6, -1, -5, 4, 2, -4, 1, -3, 1, -5, 3, 6, -5, 2, -1, 2, -3, 5, 1, -1, 6, -5, 4, -6, 6, -1, 2, -6, -2, -1, -6, -2, -6, 2, -3, 2, -3, 5, 5, -6, 2, -3, -2, 4, -6, -6, -3, -2, 4, 3, -1, 6]
 
0.421544562303: [6, 4, -3, -6, 0, 4, -3, -6, -5, -2, 5, -1, 4, 3, -5, 3, 3, 1, 3, 2, -3, 2, -2, -2, 6, 1, 5, -4, 1, 1, 5, -1, 4, -2, 2, -1, 1, 1, 3, -4, -3, 4, -4, 3, -5, 3, -2, -1, 2, 4, -2, -4, -4, 2, 0, 5, -2, -6, -4, 3, 4, 2, 0, -3, -5, 3, -2, 0, -3, -6, -4, 0, -1, -4, 3, 5, 4, 3, -6, -5, 1, 5, 2, -4, -2, -6, 0, 5, -6, -1, 5, -3, -6, -5, 2, -1, -6, -2, -6, -6, 4, -5, 0, 3, 0, -5, -6, 5, 4, 6, 2, -2, 3, -3, 5, -6, -5, 2, -2, -2, -6, 1, 4, -5, 3, 3, -4, 0]
 
