2.6830227145185277: [-3, -6, 6, 1, -1, -6, -2, 2, 1, -4, -2, 1, -3, -4, 4, 4, 3, 2, 0, 4, 1, 0, -1, 6, -2, -4, 6, -1, 0, -6, 3, -6, 5, -5, 6, -4, 0, -1, 4, 5, -4, 4, -5, 5, -4, 0, -6, 6, -2, 6, 4, -1, -1, -6, -2, 6, -6, -4, 5, -2, -3, -2, 0, 6, -6, -6, -4, -6, 0, 3, -5, -2, 3, -1, -4, 1, -3, 4, 3, 4, 6, -3, 3, -6, 3, 4, -3, 2, 3, 0, -6, 6, 3, 4, 6, -4, 2, -1, -6, 1, -1, -6, 2, -1, -6, -2, -6, 6, 4, -3, 4, 1, 0, 4, 6, -1, -1, -5, 6, 4, -1, 5, 5, -6, 4, -6, 6, 4]
 
2.6294583662118405: [-3, -6, 6, 1, -1, -6, -2, 2, 1, -4, -2, 1, -3, -4, 4, 4, 3, 2, 0, 4, 1, 0, 1, 6, -2, -4, 6, -1, -5, 5, 5, 0, -6, -5, 6, -2, -4, -4, 6, 2, -6, 4, -3, 5, 4, 0, 6, 6, -5, 6, 4, -1, -4, 6, -2, 6, -6, -4, 5, -2, -3, -2, 0, 5, -6, -6, -4, -6, -6, 4, -5, -2, -2, 4, 2, 1, -3, 4, -3, 4, 6, -3, 3, -6, 3, 4, -3, 2, 3, 0, 5, 5, 3, 0, 6, -4, 2, -4, -6, -4, -4, -6, 2, -1, -6, -2, -6, 6, 4, -3, 4, 1, 0, 4, 6, -1, -1, -5, 6, 4, -1, 5, 5, -6, 4, -6, 6, 4]
 
2.271320178997788: [-1, -6, 6, -2, -1, -2, -2, 2, -5, -4, -2, 1, -3, 2, 4, -5, 5, 2, 0, 3, 1, 0, -5, 6, -6, -4, 6, -1, -5, -2, 5, 6, 5, -5, 6, -3, -6, -5, 4, -5, -4, 4, 2, 1, 2, 0, 3, -4, -5, 6, 2, -1, -4, -1, -2, 6, -6, -4, 5, -2, -3, -2, 0, 6, -6, -6, -4, -6, 0, 3, -5, -2, 5, -1, 2, 4, 2, 4, 3, -4, 6, -3, 3, -6, -2, 0, -3, 5, -1, 0, -6, 6, 3, -4, 6, -4, 2, -1, 1, 1, 6, -6, -3, -1, -1, -2, -6, 6, 3, -3, -3, -3, 0, 4, 2, -4, -1, -5, 6, 4, -1, 5, 5, -6, 4, -6, 6, 4]
 
2.1881224749902817: [-3, 3, 6, 1, -4, -6, -2, -5, 1, -1, 0, -6, -3, 3, 4, 4, 3, 2, 0, 4, 1, 0, -1, 6, -2, -4, 6, -1, 0, -6, 3, -6, 5, -5, 6, -4, 0, -1, 4, 5, -4, 4, -5, 5, -4, 0, -6, 6, -5, 6, 4, 5, 5, 3, -2, 6, 3, 1, 5, -5, -3, -1, 0, 5, -6, -6, 0, -1, -1, 4, -5, 1, 1, -5, 2, -2, -3, 4, -3, 4, 6, 5, 3, -6, 3, 4, -3, 2, 3, 0, 5, -3, 3, 0, 6, -4, 2, -5, -6, 1, -1, -6, 2, -2, 2, -2, -6, 6, 4, -3, 4, 1, 0, 4, 6, -1, -1, -5, 6, 4, -1, 5, 5, -6, 4, -6, 6, 4]
 
3.0330359158454954: [-3, -6, 6, 1, -1, -6, -2, 2, 1, -4, -2, 1, -3, -4, 4, 4, 3, 2, 0, 4, 1, 0, -1, 6, -2, -4, 6, -1, 0, -6, 3, -6, 5, -5, 6, -4, 0, -1, 4, 5, -4, 4, -5, 5, -4, 0, -6, 6, -5, 6, 4, 5, 5, -6, -2, 6, 0, -4, 5, -4, -3, -1, 0, 6, -6, -6, -4, 0, 0, 3, -5, 5, 5, 5, 2, -4, 2, 4, 3, -4, 6, -3, 3, -6, -2, 0, -3, 5, -1, 0, 5, -3, 3, 0, 6, -4, 2, -1, -6, 1, -1, -6, 2, -1, -6, -2, -6, 6, 4, -3, 4, 1, 0, 4, 6, -1, -1, -5, 6, 4, -1, 5, 5, -6, 4, -6, 6, 4]
 
2.2926620012351044: [-3, -3, 1, 1, -4, -5, -3, 6, -5, -4, 2, -4, 0, -4, 5, 4, -3, 2, 5, -3, 1, 0, -4, -1, -2, -4, 6, -1, -2, 5, 1, -5, -6, -5, 6, 2, 2, -4, 6, 2, -4, -3, -3, 5, -1, 0, -6, -1, -2, 5, 4, -3, 5, 6, -2, -3, -6, -4, 5, -2, -3, -2, 0, 6, 1, -5, 6, 4, -3, -2, 5, -2, 4, -1, 2, -3, -3, -1, -3, 4, 6, -3, 3, -6, 3, 4, -3, 2, 3, 0, 5, 5, 3, 0, 6, -4, 2, -1, -6, 1, -1, -6, 2, -1, -6, -2, -6, 6, 4, -3, 4, 1, 0, 4, 6, -1, -1, -5, 6, 4, -1, 5, 5, -6, 4, -6, 6, 4]
 
3.124419687548797: [-6, -6, 6, 1, 5, -6, -2, 2, 1, -4, 2, 1, 3, -4, 4, -2, 1, 0, -6, 4, 1, 0, 4, 6, -2, -4, 6, -1, 0, -6, 3, -6, 5, -5, 0, -4, 0, -1, -3, 5, 5, 4, -5, 5, -4, 0, -6, 6, 4, 4, 4, 5, -2, -6, -2, 6, -6, -4, 5, -2, 0, -2, 0, 5, -6, -6, -4, -6, -6, 4, -5, -2, -2, 4, 2, 1, -3, 4, -3, 4, 6, -3, 3, -6, 3, 4, -3, 2, 3, 0, 5, 5, 3, 0, 6, -4, 2, -4, -6, -4, -4, -6, 2, -1, -6, -2, -6, 6, 4, -3, 4, 1, 0, 4, 6, -1, -1, -5, 6, 4, -1, 5, 5, -6, 4, -6, 6, 4]
 
2.152819856649177: [6, -3, -4, -2, -4, -5, 3, 2, 1, -4, -2, 1, -3, -4, 4, 4, 3, 2, 0, 4, 1, -4, 1, 6, -6, -4, 3, -1, 0, -6, 3, -6, 5, -5, 6, -4, -6, -1, 4, 5, -6, 4, -2, 5, -6, 0, 6, 6, 3, 4, 4, 2, -4, 6, 5, 1, -6, 2, 1, -2, 1, -2, 0, 5, -6, -6, 5, -5, -6, 4, -5, -2, 3, -1, -4, 1, -3, 4, 3, 4, 6, -3, 3, -6, 3, 4, -3, 2, 3, 0, -6, 6, 3, 4, 6, -4, 2, -1, -6, 1, -1, -6, 2, -1, -6, -2, -6, 6, 4, -3, 4, 1, 0, 4, 6, -1, -1, -5, 6, 4, -1, 5, -3, -6, 4, -6, 6, 6]
 
1.9122304355200213: [4, -6, 6, -6, -1, -3, -2, 2, -6, -4, -2, 2, -3, -3, -6, 6, 2, 2, -4, 3, -6, 2, 1, 6, -2, -5, 3, -1, -5, 0, 6, -5, 0, 5, 6, 5, -4, -5, 4, 2, -2, 2, -1, 6, 5, -1, 1, 6, -3, 2, 4, -1, -4, 6, -2, 6, -5, 5, 5, -2, -3, 4, 0, -6, -6, -6, -4, -6, -6, 1, -5, 5, 5, -4, 1, 6, -2, 3, 1, 3, 6, -5, 4, 0, 2, -3, 5, -1, -1, 5, -3, 6, 2, 0, 2, -5, -2, -2, -6, -4, -1, 1, 2, 5, -1, 6, -2, 3, -6, 3, 4, 1, 0, 3, 3, -5, 0, -5, 6, -6, -5, 5, 5, -4, 4, -6, 0, -3]
 
2.342362601170418: [-3, -4, 6, 4, -1, -6, 2, 2, -6, -4, -2, 1, -2, -4, 4, 3, -2, 2, 3, 4, 4, 0, -1, 6, -2, -4, -5, -1, 0, -6, 3, -6, 5, -5, -4, -4, 0, -3, -1, 5, -4, 4, -5, 5, 5, 4, -6, -4, 4, 2, -3, 2, -4, 6, -2, -3, -6, -4, 5, -2, -5, 1, 3, 1, -1, -6, -4, -6, 4, 1, -5, -6, 5, -1, 6, -6, -4, 4, 1, -4, 6, -5, -1, 0, 2, -3, 5, -1, -1, 5, -3, 6, 2, 6, -2, -5, -2, -6, -6, -3, -4, 1, 2, 5, -1, 6, -2, 3, -6, 3, 4, 3, 0, -6, 6, -5, -4, -3, 6, -6, -1, 5, -2, -6, 4, 3, -3, -3]
 
2.6136426959866625: [-3, -6, 6, 1, -1, -6, -2, 2, 1, -4, -2, 1, -3, -4, 4, 4, 3, 2, 0, 4, 1, 0, -1, 6, -2, -4, 6, -1, 0, -6, 3, -6, 5, -5, 6, -4, 0, -1, 4, 5, -4, 4, -5, 5, -4, 0, -6, 6, -2, 6, 4, -1, -1, -6, -2, 6, -6, -4, 5, -2, -3, -2, 0, 6, -6, -6, -4, -6, 0, 3, -5, -2, 5, -1, 2, 4, 2, 4, 3, -4, 6, -3, 3, -6, -2, 0, -3, 5, -1, 0, -6, 6, 3, -4, 6, -4, 2, -1, 1, 1, 6, -6, -3, -1, -1, -2, -6, 6, 3, -3, -3, -3, 0, 4, 2, -4, -1, -5, 6, 4, -1, 5, 5, -6, 4, -6, 6, 4]
 
2.015996687476387: [-3, -6, 6, 1, -1, -6, -2, 2, 1, -4, -2, 1, -3, -4, 4, 4, 3, 2, 0, 4, 1, -4, 1, 6, -6, -4, 3, -1, 0, -6, 3, -6, 5, -5, 6, -4, -6, -1, 4, 5, -6, 4, -2, 5, -6, 0, 6, 6, 3, 4, 4, 2, -4, 6, 5, 1, -6, 2, 1, -2, 1, -2, 0, 5, -6, -6, 5, -5, -6, 4, -5, -2, 3, -1, -4, 1, -3, 4, 3, 4, 6, -3, 3, -6, 3, 4, -3, 2, 3, 0, -6, 6, 3, 4, 6, -4, 5, -1, 1, 1, 6, -6, 1, -1, -1, -2, -6, 6, -1, -3, -3, -3, 3, -5, 2, -4, -1, -1, 6, 4, 4, 5, -3, -6, 4, -6, 6, -2]
 
3.324451142853348: [-6, -6, 6, 1, 5, -6, -2, 2, 1, -4, 2, 1, 3, -4, 4, -2, 1, 0, -6, 4, 1, 0, 4, 6, -2, -4, 6, -1, 0, -6, 3, -6, 5, -5, 0, -4, 0, -1, -3, 5, 5, 4, -5, 5, -4, 0, -6, 6, 4, 4, 4, 5, -2, -6, -2, 6, -6, -4, 5, -2, 0, -2, 0, 5, -6, -6, -4, -6, -6, 4, -5, -2, -2, 4, 2, 1, -3, 4, -3, 4, 6, -3, 3, -6, 3, 4, -3, 2, 3, 0, 5, 5, 3, 0, 6, -4, 2, -4, -6, -4, -4, -6, 2, -1, -6, -2, -6, 6, 4, -3, 4, 1, 0, 4, 6, -1, -1, -5, 6, 4, -1, -4, 1, 1, 1, -3, -4, 2]
 
3.46727297191862: [4, -6, 6, -6, -1, -3, -2, 2, -6, -4, -2, 2, -3, -3, -6, 6, 2, 2, -4, 3, -6, 2, 1, 6, -2, -5, 3, -1, -5, 0, 6, -5, 0, 5, 6, 5, -4, 0, 4, 2, -2, 4, -1, 0, -4, -1, 1, 6, 1, 2, 4, -1, -4, 6, -2, 6, -6, 5, 5, -2, -3, 4, 0, -3, -6, -6, -4, -6, -6, 1, -5, 5, 5, -4, 5, -5, -4, 3, 1, -4, 6, -5, -4, 0, 2, -3, 5, -1, -1, 5, -3, 6, 2, 6, -2, -5, -2, -4, -6, -4, -4, 1, 2, 5, -1, 6, -2, 3, -6, 3, 4, 0, 0, -6, 6, -5, -4, -5, 6, -6, -1, 5, 5, -6, 4, -6, 0, -3]
 
0.461744560312: [-3, -6, 6, 1, -1, 0, -2, 2, 1, -4, 1, -4, -3, -4, 4, 4, 1, 2, -1, 4, 1, 0, -1, -1, -2, -4, 3, -1, 0, 0, 6, -5, -6, 4, -4, 5, -4, 0, 2, 2, -2, 4, -4, 3, 3, 0, -6, -2, -2, 6, 6, -1, 3, -5, -6, 6, -6, 5, 5, -2, 5, -2, 0, 5, -6, 0, -4, -6, -6, -2, -5, 5, 5, -4, 5, -5, 0, 3, 5, 2, 4, -5, -4, 0, 2, -3, 5, -1, 6, 5, -3, 6, 2, 6, -2, 1, -2, 0, -6, 1, 3, -6, 2, 5, 1, 1, -2, -4, -6, 3, 4, -6, 0, -3, 6, -5, -4, -5, 6, -6, -6, 5, 5, -6, 4, -3, 0, -3]
 
1.01280242043: [-3, -6, 2, 2, -2, -6, -2, -6, 1, 6, -2, 1, -3, -4, 4, 6, 3, 2, 0, 4, 1, 0, -1, 6, -2, -4, 0, 4, 0, 4, 3, -6, -2, 5, 6, -4, 0, -1, 4, 5, -4, 4, -6, 5, -6, 0, -6, 2, -5, 6, 4, 4, 3, -5, -6, 6, -6, 5, 5, -5, -3, -2, 5, 5, -6, -6, -4, -6, -6, -2, -5, -2, 0, 2, -5, -5, -3, 3, 3, -5, 6, 3, 3, -6, -4, 4, -4, 1, 3, -5, 4, -1, 2, 4, -3, 1, -1, -4, -6, -4, -4, 1, 1, 5, -1, 6, -1, 3, -6, -5, 4, 0, 0, -6, 6, -5, -4, -5, 6, -6, -1, -3, 5, -6, 4, -6, 0, -3]
 
2.7822605389333295: [-3, -6, 6, 1, -1, -6, -2, 2, 1, -4, -2, 1, -3, -4, 4, 4, 3, 2, 0, 4, 1, 0, -1, 6, -2, -4, 6, -1, 0, -6, 3, -6, 5, -5, 6, -4, 0, -1, 4, 5, -4, 4, -5, 5, -4, 0, -6, 6, -2, 6, 4, -1, -1, -6, -2, 6, -6, -4, 5, -2, -3, -2, 0, 6, -6, -3, -4, 0, 0, 3, 4, 5, 5, 5, 2, -4, 2, 3, 3, 2, 6, -3, 3, 3, 6, 0, -3, 5, -1, 0, 5, 3, 1, 0, 6, 1, 2, -5, -6, -5, -1, -1, 5, -2, 0, -2, -6, 1, 5, -3, -4, 0, -1, 0, -6, -1, -1, 2, 6, 3, 4, 5, 5, -6, 4, -6, 6, 4]
 
2.2951653308594597: [-3, 3, 6, 1, -4, -6, -2, -5, 1, -1, 0, -6, -3, -4, 4, 4, 3, 2, 0, 4, 1, 0, -1, 6, -2, -4, 6, -1, 0, -6, 3, -6, 5, -5, 6, -4, 0, -1, 4, 5, -4, 4, -5, 5, -4, 0, -6, 6, -5, 6, 4, 5, 5, 3, -2, 6, 3, 1, 5, -5, -3, -1, 0, 5, -6, -6, 0, -1, -1, 4, -5, 1, 1, -5, 2, -2, -3, 4, -3, 4, 6, 5, 3, -6, 3, 4, -3, 2, 3, 0, 5, -3, 3, 0, 6, -4, 2, -5, -6, 1, -1, -6, 2, -2, 2, -2, -6, 6, 4, -3, 4, 1, 0, 4, 6, -1, -1, -5, 6, 4, -1, 5, -3, -6, 4, -6, 6, 6]
 
0.371395844557: [-3, -3, -4, -3, 6, -4, 3, 2, 1, -2, -2, -6, -3, -4, 4, -4, 3, 2, 0, 0, 1, 5, 1, -2, -6, 4, -5, -1, 0, -6, 3, 5, 5, 4, 6, 6, -6, -5, -2, 5, 2, 4, -2, 5, 1, -2, 6, 6, -2, 5, -4, 2, 1, 6, 5, 1, -2, 2, 1, -2, 0, -2, 0, 5, -6, -6, 5, -5, -6, -4, -3, 0, 3, 5, -2, 1, 5, 1, -2, 4, 6, 0, -5, -6, 3, 4, -3, 2, 3, 5, -6, 4, -4, -6, 6, -4, 2, -1, -6, 1, -3, 1, 2, -2, 2, 5, -3, -6, -2, -1, 4, -6, 0, 4, 6, -1, 6, -5, 6, 0, -1, 5, 5, -6, 6, 4, 3, 4]
 
3.212712218806315: [-4, -5, 6, 1, 4, 0, -6, 2, -3, -4, 0, 1, -3, -4, 4, 4, 3, 2, 0, 4, 1, 0, 4, 6, -2, -4, 6, -1, 0, -6, 3, -6, 5, -5, 0, -4, 0, -1, -3, 5, 5, 4, -5, 5, -4, 0, -6, 6, 4, 4, 4, 5, -2, -6, -2, 6, -6, -4, 5, -2, 0, -2, 0, 5, -6, -6, -4, -6, -6, 4, -5, -2, -2, 4, 2, 1, -3, 4, -3, 4, 6, -3, 3, -6, 3, 4, -3, 2, 3, 0, 5, 5, 3, 0, 6, -4, 2, -4, -6, -4, -4, -6, 2, -1, -6, -2, -6, 6, 4, -3, 4, 1, 0, 4, 6, -1, -1, -5, 6, 4, -1, 5, -3, -6, 4, -6, 6, 6]
 
1.1200309061159355: [-3, -6, 6, 1, -1, -6, -2, 2, 1, -4, -2, 1, -3, -4, -6, 2, -4, 4, 0, 4, 1, -1, -1, -4, -2, -4, 3, -1, 0, -6, 6, -6, -2, 2, 0, -4, -3, -1, 4, 5, -4, 4, -5, 5, -4, 0, -6, 6, -2, 6, 4, -1, -1, -6, -2, 6, -6, -4, 5, -2, -3, -2, 0, 6, -6, -6, -4, -6, 0, 3, -5, -2, 3, -1, -4, 1, -3, 4, 3, 4, 6, -3, 3, -6, 3, 4, -3, 2, 3, 0, -6, 6, 3, 4, 6, -4, 2, -1, -6, 1, -1, -6, 2, -1, -6, -2, -6, 6, 4, -3, 4, 1, 0, 4, 6, -1, -1, -5, 6, 4, -1, 5, -3, -6, 4, -6, 6, 6]
 
0.456848657778: [-3, -6, 6, 1, -1, -6, -2, 2, 1, -4, -2, 1, -3, -4, 5, 4, 4, -3, 0, 4, 3, 0, -1, 6, 0, -4, 6, -1, 0, -6, 5, -2, 5, -5, 6, 1, 0, -1, 4, 5, -2, 4, -5, 2, -4, 0, -6, -3, 3, 6, 4, -1, -1, 2, -2, 6, -6, -2, 5, -2, -3, -2, 1, 6, -6, -6, -4, 2, 0, 3, -5, -2, 5, -1, 2, 4, 2, -1, 3, 5, 3, -5, 3, -6, 0, -4, 1, 4, -1, 5, -6, 6, 3, -4, 0, -4, -3, -1, 1, -3, -2, -6, -3, -1, -1, -2, 3, 6, 3, -3, -4, -3, 0, 4, 2, -4, 3, -5, 6, 4, -1, 1, 5, -6, 4, -6, 6, 4]
 
2.633756810342345: [4, -6, 6, -6, -1, -2, -2, 2, -6, -4, -2, 1, 6, -4, 3, -3, 5, 2, 1, 3, 1, 2, -6, 6, -2, -4, 6, -1, -5, -4, -4, 0, -6, -4, 6, -1, -6, -6, 4, 5, -4, 4, -1, 6, -2, -1, 1, 6, -3, 2, 4, -1, 1, 6, -2, 5, -5, 5, 5, -2, -3, 4, 0, -3, -6, 4, -5, -6, -6, 6, -5, 5, 5, -4, 1, 6, -2, 3, 1, 3, -5, -5, -5, 0, 0, -5, 5, -1, -1, 5, -3, 6, -6, 0, 2, -6, -2, 3, -6, -1, -1, 1, 2, 5, 2, 6, -2, 3, -6, 3, 4, 1, 0, 6, 3, -5, 0, -5, 6, -6, -5, -6, 5, -2, -6, -6, 0, -3]
 
1.6820589424420995: [-2, -6, 0, 1, -1, -6, -3, 2, 5, -4, 3, 1, -2, 4, 2, -6, 3, 2, 5, 4, -3, -1, 1, -3, -2, -5, 3, -5, -5, 0, 6, 0, 0, -2, -1, 0, -4, -6, 4, 2, -2, 3, -1, -3, -4, -1, 1, 3, -5, 2, 4, -1, -4, -3, 3, 6, -6, 3, 5, -2, -3, -4, 0, -3, -6, -1, -4, 3, -6, 1, -5, 5, 5, -4, -1, -5, -4, 3, 3, -4, 6, -5, -4, 0, 2, -3, 5, -1, 4, 3, -3, 6, 2, 6, -2, -5, -2, -4, -6, -4, -4, 1, 2, 5, -1, 6, -2, 3, -6, 3, 4, 0, 0, -3, -4, 3, -4, -5, -6, -6, -1, 5, 5, -6, 2, -6, 5, -3]
 
2.526162448150703: [-3, -6, 6, 1, -1, -6, -2, 2, 1, -4, -2, 1, -3, -4, 4, 4, 3, 2, 0, 4, 1, 0, -1, 6, -2, -4, 6, -1, 0, -6, 3, -6, 5, -5, 6, -4, 0, -1, 4, 5, -4, 4, -5, 5, -4, 0, -6, 6, -2, 6, 4, -1, -1, -6, -2, 6, -6, -4, 5, -2, -3, -2, 0, 6, -6, -6, -4, -6, 0, 3, -5, -2, 3, -1, -4, 1, -3, 4, 3, 4, 6, -3, 3, -6, 3, 4, -3, 2, 3, 0, -6, 6, 3, 4, 6, -4, 2, -1, -6, 1, -1, -6, 2, -1, -6, -2, -6, 6, 4, -3, 4, 1, 0, 4, 6, -1, -1, -5, 6, 4, -1, 5, -3, -6, 4, -6, 6, 6]
 
2.147380028759968: [-3, -6, 6, 1, -1, -6, -2, 2, 1, -4, -2, 1, -3, -4, 4, 4, 3, 2, 0, 4, 1, 0, -1, 6, -2, -4, 6, -1, 0, -6, 3, -6, 5, -5, 6, -4, 0, -1, 4, 5, -4, 4, -5, 5, -4, 0, -6, 6, -2, 6, 4, -1, -1, -6, -2, -4, -1, -4, -2, -2, 0, 3, 0, -3, -6, -4, -4, -6, -6, 5, -5, 5, 5, -2, 5, -2, -4, 5, 1, 0, 6, -5, -4, 0, 2, -3, 5, -1, -6, 5, -3, 1, -5, 6, -6, -5, -2, -4, -6, 1, 2, 1, 2, 2, -1, 6, -2, 6, -6, 3, 4, 0, 0, -6, 5, -5, -4, -5, 6, 5, -1, 5, 5, -6, -4, -6, 0, -3]
 
2.4795846928631704: [-3, -6, 6, 1, -1, -6, -2, 2, 1, -4, -2, 1, -3, -4, 4, 4, 3, 2, 0, 4, 1, 0, -1, 6, -2, -4, 6, -1, 0, -6, 3, -6, 5, -5, 6, -4, 0, -1, 4, 5, -4, 4, -5, 5, -4, 0, -6, 6, -2, 6, 4, -1, -1, -6, -2, 6, -6, -4, 5, -2, -3, -2, 0, 6, -6, -6, -4, -6, 0, 3, -5, -2, 3, -1, -4, 1, -3, 4, 3, 4, 6, -3, 3, -6, 3, 4, -3, 2, 3, 0, -6, 6, 3, 4, 6, -4, 2, -1, -6, 1, -1, -6, 2, -1, -6, -2, -6, 6, 4, -3, 4, 1, 0, 4, 6, -1, -1, -5, 6, 4, -1, 5, 5, -6, 4, -6, 6, 4]
 
2.8563738564169956: [-3, -6, 6, 1, -1, -6, -2, 2, 1, -4, -2, 1, -3, -4, 4, 4, 3, 2, 0, 4, 1, 0, -1, 6, -2, -4, 6, -1, 0, -6, 3, -6, 5, -5, 6, -4, 0, -1, 4, 5, -4, 4, -5, 5, -4, 0, -6, 6, -5, 6, 4, 5, 5, 3, -2, 6, 3, 1, 5, -5, -3, -1, 0, 5, -6, -6, 0, -1, -1, 4, -5, 1, 1, -5, 2, -2, -3, 4, -3, 4, 6, 5, 3, -6, 3, 4, -3, 2, 3, 0, 5, -3, 3, 0, 6, -4, 2, -1, -6, 1, -1, -6, 2, -1, -6, -2, -6, 6, 4, -3, 4, 1, 0, 4, 6, -1, -1, -5, 6, 4, -1, 5, -3, -6, 4, -6, 6, 6]
 
2.013061618918278: [4, -6, 6, -6, -1, -2, -2, 2, -6, -4, -2, 1, -3, -4, 4, -5, 5, 2, 1, 3, 1, 2, -6, 6, -2, -4, 6, -1, -5, -2, -2, 0, -6, -4, 6, -1, -6, -6, 4, 5, -4, 4, -1, 6, 5, -1, 1, 6, -3, 2, 4, -1, -4, 6, -2, 6, -5, 5, 5, -2, -3, 4, 0, -6, -6, -6, -4, -6, -6, 1, -5, 5, 5, -4, 1, 6, -2, 3, 1, 4, 6, -3, 3, -6, 3, 4, -3, 2, 3, 0, 5, 5, 3, 0, 6, -4, 2, -4, -6, -4, -4, -6, 2, -1, -6, -2, -6, 6, 4, -3, 4, 1, 0, 4, 6, -1, -1, -5, 6, 4, -1, 5, 5, -6, 4, -6, 6, 4]
 
0.9533380509303764: [-3, -6, 6, 1, -1, -6, -2, 2, 1, -4, -2, 1, -3, -4, 4, 4, 3, 2, 0, 4, 1, 0, -1, 6, -2, -4, 6, -1, 0, -6, 3, -6, 5, -5, 6, -4, 0, -1, 4, 5, -6, 4, -2, 5, 5, 0, 6, 6, 4, 1, -4, 2, 6, 6, 5, 1, -6, 0, 1, 2, 1, -6, 0, 5, -6, 5, 5, -5, 5, -3, -5, -2, 3, 5, 2, -4, 2, 3, 3, 2, 6, -3, 3, 3, 6, 0, -3, 5, -1, 0, 5, 3, 1, 0, 6, 1, 2, -5, -6, -5, -1, -1, 5, -2, 0, -2, -6, 1, 5, -3, -4, 0, -1, 0, -6, -1, -1, 2, 6, 3, 4, -4, 1, 1, 1, -3, -4, 2]
 
0.6835048583989558: [-3, -6, 6, 1, -1, -6, -2, 2, 5, -4, 3, 1, -3, 4, 2, -6, 3, 2, 5, 4, -3, -1, 1, 6, -2, -5, 3, -1, -5, 0, 6, -5, 0, 5, 6, 5, -4, 0, 4, 2, -2, 4, -1, 0, -4, 0, -1, 1, -5, 5, 4, 4, -5, 5, 5, 6, -4, 2, 5, -4, -6, -1, 0, 6, -6, -3, -4, 0, 0, 3, 4, 5, 5, 5, 2, -4, 2, 3, 3, 2, 6, -3, 3, 3, 6, 0, -3, 5, -1, 0, 5, 3, 1, 0, 6, 1, 2, -5, -6, -5, -1, -1, 5, -2, 0, -2, -6, 1, 5, -3, -4, 0, -1, 0, -6, -1, -1, 2, 6, 3, 4, 5, 5, -6, 4, -6, 6, 4]
 
2.212819314570397: [-4, -5, 6, -2, 0, 0, 1, 5, -3, -4, 0, 1, -3, -4, 4, 4, 3, -2, 0, 4, 1, 0, -6, -5, -2, -5, 2, -1, 0, 0, -1, 3, -3, 0, -3, 5, -6, 0, 6, -6, -6, -6, 5, 5, -4, 0, -1, 1, -5, 5, 4, 4, -5, 5, 5, 6, -4, 2, 5, -4, -6, -1, 0, 6, -6, -3, -4, 0, 0, 3, 4, 5, 5, -1, -4, -2, -3, 4, 3, 2, -2, -6, 3, -6, 3, 2, -3, 2, 3, -5, 5, -6, 3, 4, 6, -4, 2, -1, -6, 1, -1, -6, 2, -1, -6, -2, -6, 6, 4, -3, 4, 1, 0, 4, 6, 6, -1, -5, 6, 4, -1, 5, 5, -6, 4, -6, 6, 4]
 
3.24127269134: [-6, -6, 6, 1, 5, -6, -2, 2, -3, -4, 0, 1, -3, -4, 4, 4, 3, 2, 0, 4, 1, 0, 4, 6, -2, -4, 6, -1, 0, -6, 3, -6, 5, -5, 0, -4, 0, -1, -3, 5, 5, 4, -5, 5, -4, 0, -6, 6, 4, 4, 4, 5, -2, -6, -2, 6, -6, -4, 5, -2, 0, -2, 0, 5, -6, -6, -4, -6, -6, 4, -5, -2, -2, 4, 2, 1, -3, 4, -3, 4, 6, -3, 3, -6, 3, 4, -3, 2, 3, 0, 5, 5, 3, 0, 6, -4, 2, -4, -6, -4, -4, -6, 2, -1, -6, -2, -6, 6, 4, -3, 4, 1, 0, 4, 6, -1, -1, -5, 6, 4, -1, 5, -3, -6, 4, -6, 6, 6]
 
3.02462654684: [-4, -5, 6, 1, 4, 0, -6, 2, 1, -4, 2, 1, 3, -4, 4, -2, 1, 0, -6, 4, 1, 0, 4, 6, -2, -4, 6, -1, 0, -6, 3, -6, 5, -5, 0, -4, 0, -1, -3, 5, 5, 4, -5, 5, -4, 0, -6, 6, 4, 4, 4, 5, -2, -6, -2, 6, -6, -4, 5, -2, 0, -2, 0, 5, -6, -6, -4, -6, -6, 4, -5, -2, -2, 4, 2, 1, -3, 4, -3, 4, 6, -3, 3, -6, 3, 4, -3, 2, 3, 0, 5, 5, 3, 0, 6, -4, 2, -4, -6, -4, -4, -6, 2, -1, -6, -2, -6, 6, 4, -3, 4, 1, 0, 4, 6, -1, -1, -5, 6, 4, -1, 5, 5, -6, 4, -6, 6, 4]
 
1.91800914132: [-3, -6, 6, 1, -1, -6, -2, 2, 1, -4, -2, 1, -3, -4, 4, 4, 3, 2, 0, 4, 1, 0, -1, 6, -2, -4, -5, -1, 0, -6, 3, -6, 5, -5, -4, -4, 0, -3, -1, 5, -4, 4, -5, 5, 5, 4, -6, -4, 4, 2, -3, 2, -4, 6, -2, -3, -6, -4, 5, -2, -5, 1, 3, 1, -1, -6, -4, -6, 4, 1, -5, -6, 5, -1, 6, -6, -4, 4, 1, -4, 6, -5, -1, 0, 2, -3, 5, -1, -1, 5, -3, 6, 2, 6, -2, -5, -2, -6, -6, -3, -4, 1, 2, 5, -1, 6, -2, 3, -6, 3, 4, 3, 0, -6, 6, -5, -4, -3, 6, -6, -1, 5, -2, -6, 4, 3, -3, -3]
 
2.50525988781: [-3, -4, 6, 4, -1, -6, 2, 2, -6, -4, -2, 1, -2, -4, 4, 3, -2, 2, 3, 4, 4, 0, -1, 6, -2, -4, 6, -1, 0, -6, 3, -6, 5, -5, 6, -4, 0, -1, 4, 5, -4, 4, -5, 5, -4, 0, -6, 6, -2, 6, 4, -1, -1, -6, -2, -4, -1, -4, -2, -2, 0, 3, 0, -3, -6, -4, -4, -6, -6, 5, -5, 5, 5, -2, 5, -2, -4, 5, 1, 0, 6, -5, -4, 0, 2, -3, 5, -1, -6, 5, -3, 1, -5, 6, -6, -5, -2, -4, -6, 1, 2, 1, 2, 2, -1, 6, -2, 6, -6, 3, 4, 0, 0, -6, 5, -5, -4, -5, 6, 5, -1, 5, 5, -6, -4, -6, 0, -3]
 
0.695697454283: [6, -3, -4, -2, -4, -5, 3, 2, 1, -4, -2, 1, -6, -4, 4, 4, 3, 2, -1, 3, 1, -4, 1, 6, -6, -4, 3, -1, -1, -6, 3, -6, 5, -2, 6, -2, 0, 6, 4, 5, -6, 2, -2, 5, -6, 1, 6, 6, 3, 4, 4, 6, -4, -5, -1, 1, -6, 5, 1, -2, -1, -2, 2, 0, -6, -6, -3, -5, -2, 4, -5, -2, 3, -1, -5, 1, 3, 4, 3, 4, 4, -4, 3, -6, -5, 4, 3, 2, 3, 0, -6, 6, 3, 4, 4, -4, 2, -5, 5, 1, -1, -6, 2, -2, 2, -2, -6, 6, 4, -3, -3, 1, 0, 4, 1, -1, -3, -5, -3, 4, -1, 5, 6, -1, 4, -6, 6, 4]
 
3.026590442: [4, -6, 6, -6, -1, -3, -2, 2, -6, -4, -2, 2, -3, -3, -6, 6, 2, 2, -4, 3, -6, 2, 1, 6, -2, -5, 3, -1, -5, 0, 6, -5, 0, 5, 6, 5, -4, 0, 4, 2, -2, 4, -1, 0, -4, -1, 1, 6, 1, 2, 4, -1, -4, 6, -2, 6, -6, 5, 5, -2, -3, 4, 0, -3, -6, -6, -4, -6, -6, 1, -5, 5, 5, -4, 5, -5, -4, 3, 1, -4, 6, -5, -4, 0, 2, -3, 5, -1, -1, 5, -3, 6, 2, 6, -2, -5, -2, -4, -6, -4, -4, 1, 2, 5, -1, 6, -2, 3, -6, 3, 4, 0, 0, -6, 6, -5, -4, -5, 6, -6, -1, 5, 5, -6, 4, -6, 0, -3]
 
0.675421435018: [-3, -6, 6, 1, -1, -6, -2, 2, 5, -4, 3, 1, -3, 4, 2, -6, 3, 2, 5, 4, -3, -1, 1, 6, -2, -5, 3, -1, -5, 0, 6, -5, 0, 5, 6, 5, -4, 0, 4, 2, -2, 4, -1, 0, -4, 0, -1, 1, -5, 5, 4, 4, -5, 5, 5, 6, -4, 2, 5, -4, -6, -1, 0, 6, -6, -6, -4, -6, 0, 3, -5, -2, 3, -1, -4, 1, -3, 4, 3, 4, 6, -3, 3, -6, 3, 4, -3, 2, 3, 0, -6, 6, 3, 4, 6, -4, 2, -1, -6, 1, -1, -6, 2, -1, -6, -2, -6, 6, 4, -3, 4, 1, 0, 4, 6, -1, -1, -5, 6, 4, -1, 5, -3, -6, 4, -6, 6, 6]
 
2.70009636752: [-3, -6, 6, 1, -1, -6, -2, 2, 1, -4, -2, 1, -3, -4, 4, 4, 3, 2, 0, 4, 1, 0, -1, 6, -2, -4, 6, -1, 0, -6, 3, -6, 5, -5, 6, -4, 0, -1, 4, 5, -4, 4, -5, 5, -4, 0, -6, 6, -2, 6, 4, -1, -1, -6, -2, 6, -6, -4, 5, -2, -3, -2, 0, 6, -6, -3, -4, 0, 0, 3, 4, 5, 5, 5, 2, -4, 2, 3, 3, 2, 6, -3, 3, 3, 6, 0, -3, 5, -1, 0, 5, 3, 1, 0, 6, 1, 2, -5, -6, -5, -1, -1, 5, -2, 0, -2, -6, 1, 5, -3, -4, 0, -1, 0, -6, -1, -1, 2, 6, 3, 4, 5, 5, -6, 4, -6, 6, 4]
 
1.72155308619: [-2, -6, 0, 1, -1, -6, -3, 2, 5, -4, 3, 1, -2, 4, 2, -6, 3, 2, 5, 4, -3, -1, 1, -3, -2, -5, 3, -5, -5, 0, 6, 0, 0, -2, -1, 0, -4, -6, 4, 2, -2, 3, -1, -3, -4, -1, 1, 3, -5, 2, 4, -1, -4, -3, 3, 6, -6, 3, 5, -2, -3, -4, 0, -3, -6, -1, -4, 3, -6, 1, -5, 5, 5, -4, -1, -5, -4, 3, 3, -4, 6, -5, -4, 0, 2, -3, 5, -1, 4, 3, -3, 6, 2, 6, -2, -5, 2, -4, -6, -4, -4, -6, 2, -1, -6, -2, -6, 6, 4, -3, 4, 1, 0, 4, 6, -1, -1, -5, 6, 4, -1, 5, 5, -6, 4, -6, 6, 4]
 
2.66608274439: [-3, -6, 6, 1, -1, -6, -2, 2, 1, -4, -2, 1, -3, -4, 4, 4, 3, 2, 0, 4, 1, 0, 1, 6, -2, -4, 6, -1, -5, 5, 5, 0, -6, -5, 6, -2, -4, -4, 6, 2, -6, 4, -3, 5, 4, 0, 6, 6, -5, 6, 4, -1, -4, 6, -2, 6, -6, -4, 5, -2, -3, -2, 0, 5, -6, -6, -4, -6, -6, 4, -5, -2, -2, 4, 2, 1, -3, 4, -3, 4, 6, -3, 3, -6, 3, 4, -3, 2, 3, 0, 5, 5, 3, 0, 6, -4, -2, -4, -6, -4, -4, 1, 2, 5, -1, 6, -2, 3, -6, 3, 4, 0, 0, -3, -4, 3, -4, -5, -6, -6, -1, 5, 5, -6, 2, -6, 5, -3]
 
0.920841535398: [-3, -6, 6, 1, -1, -6, -2, -6, 1, -4, -2, 1, -3, -4, 4, 4, -6, 2, 0, 4, 1, 0, -4, 6, -2, -1, -5, -2, -2, -6, -4, -1, 5, -5, -4, -4, 0, -3, -1, 5, -4, 4, -5, 5, -4, 5, -6, 6, -2, 6, 4, -6, -1, -6, -2, 6, -6, -4, 5, 3, 3, -2, 1, 5, -6, -6, 3, -6, 0, 3, -5, -5, 5, -1, 2, 4, 2, 4, 3, -4, 6, -3, 3, -6, 5, 2, -3, 1, -3, 0, -6, -4, 3, -6, 6, -4, 2, -1, 3, 1, 6, -6, -6, -1, -1, -1, 4, 5, 3, -3, -3, 1, 0, 4, 1, -4, 0, -5, 6, 4, 1, 5, 3, -6, 5, -6, 6, 4]
 
3.14261408706: [-3, -6, 6, 1, -1, -6, -2, 2, 1, -4, -2, 1, -3, -4, 4, 4, 3, 2, 0, 4, 1, 0, -1, 6, -2, -4, 6, -1, 0, -6, 3, -6, 5, -5, 6, -4, 0, -1, 4, 5, -4, 4, -5, 5, 5, 4, -6, -4, 4, 2, -3, 2, -4, 6, -2, -3, -6, -4, 5, -2, -5, 1, 3, 1, -1, -6, -4, -6, 4, 1, -5, -6, 5, -1, 6, -6, -4, 4, 1, -4, 6, -5, -1, 0, 2, -3, 5, -1, -1, 5, -3, 6, 2, 6, -2, -5, -2, -6, -6, -3, -4, 1, 2, 5, -1, 6, -2, 3, -6, 3, 4, 3, 0, -6, 6, -5, -4, -3, 6, -6, -1, 5, -2, -6, 4, 3, -3, -3]
 
2.58303506277: [-2, -6, 0, 1, -1, -6, -3, 2, 5, -4, 3, 1, -2, 4, 2, -6, 3, 2, 5, 4, -3, -1, 1, -3, -2, -5, 3, -5, -5, 0, 6, 0, 0, -2, -1, 0, -4, -6, 4, 2, -2, 3, -1, -3, -4, -1, 1, 3, -5, 2, 4, -1, -4, -3, 3, 6, -6, 3, 5, -2, -3, -4, 0, -3, -6, -1, -4, 3, -6, 1, -5, 5, 5, -4, -1, -5, -4, 3, 3, -4, 6, -5, -4, 0, 2, -3, 5, -1, 4, 3, -3, 6, 2, 6, -2, -5, -2, -4, -6, -4, -4, 1, 2, 5, -1, 6, -2, 3, -6, 3, 4, 0, 0, -6, 6, -5, -4, -5, 6, -6, -1, 5, 5, -6, 4, -6, 0, -3]
 
1.47565332716: [4, -6, 6, -6, -1, -3, -2, 2, -6, -4, -2, 2, -3, -3, -6, 6, 2, 2, -4, 3, -6, 2, 1, 6, -2, -5, 3, -1, -5, 0, 6, -5, 0, 5, 6, 5, -4, 0, 4, 2, -2, 4, -1, 0, -4, -1, 1, 6, 1, 2, 4, -1, -4, 6, -2, 6, -6, 5, 5, -2, -3, 4, 0, -3, -6, -6, -4, -6, -6, 1, -5, 5, 5, -4, 5, -5, -4, 3, 1, -4, 6, -5, -4, 0, 2, -3, 5, -1, -1, 5, -3, 6, 2, 6, -2, -5, -2, -4, -6, -4, -4, 1, 2, 5, -1, 6, -2, 3, -6, 3, 4, 0, 0, -3, -4, 3, -4, -5, -6, -6, -1, 5, 5, -6, 2, -6, 5, -3]
 
3.02788008884: [-3, -6, 6, 1, -1, -6, -2, 2, 1, -4, -2, 1, -3, -4, 4, 4, 3, 2, 0, 4, 1, -4, 1, 6, -6, -4, 3, -1, 0, -6, 3, -6, 5, -5, 6, -4, -6, -1, 4, 5, -6, 4, -2, 5, -6, 0, 6, 6, 3, 4, 4, 5, -2, -6, -2, 6, -6, -4, 5, -2, 0, -2, 0, 5, -6, -6, -4, -6, -6, 4, -5, -2, -2, 4, 2, 1, -3, 4, -3, 4, 6, -3, 3, -6, 3, 4, -3, 2, 3, 0, 5, 5, 3, 0, 6, -4, 2, -4, -6, -4, -4, -6, 2, -1, -6, -2, -6, 6, 4, -3, 4, 1, 0, 4, 6, -1, -1, -5, 6, 4, -1, 5, 5, -6, 4, -6, 6, 4]
 
0.337352996395: [-4, -2, 6, 1, 4, 0, -6, 2, 1, -4, -2, 1, 3, -4, 4, -2, 1, 0, 3, 4, 1, 0, -2, 5, -2, -4, 3, 5, 0, -6, 3, -6, 5, -5, 0, -4, -2, -1, 5, 5, 5, 4, -5, 3, -4, 4, -6, 6, 4, 4, 4, -2, 1, 6, 5, 1, -6, 2, 1, 5, -5, -2, 0, 5, 2, -6, 5, -5, 6, 4, -5, -1, 4, -1, -4, 1, -3, 4, 3, 4, -2, -3, 3, -6, 3, 4, -3, 2, 3, 0, -6, 6, 3, 4, 6, -4, 5, -1, -2, 1, 6, -6, -1, -1, -1, -2, -6, -4, -1, 6, -5, -3, 3, -5, 2, -4, -1, -1, 3, 4, 4, 5, -3, -6, -5, -6, 6, 4]
 
2.46779036991: [-2, -6, 0, 1, -1, -6, -3, 2, 5, -4, 3, 1, -2, 4, 2, -6, 3, 2, 5, 4, -3, -1, 1, -3, -2, -5, 3, -5, -5, 0, 6, 0, 0, -2, -1, 0, -4, -6, 4, 2, -2, 3, -1, -3, -4, -1, 1, 3, -5, 2, 4, 2, -4, 6, -2, -3, -6, -4, 5, -2, -5, 1, 3, 1, -1, -6, -4, -6, 4, 1, -5, -6, 5, -1, 6, -6, -4, 4, 1, -4, 6, -5, -1, 0, 2, -3, 5, -1, -1, 5, -3, 6, 2, 6, -2, -5, -2, -6, -6, -3, -4, 1, 2, 5, -1, 6, -2, 3, -6, 3, 4, 3, 0, -6, 6, -5, -4, -3, 6, -6, -1, 5, -2, -6, 4, 3, -3, -3]
 
0.651709758816: [-3, -4, -1, 4, -1, -6, 2, 2, -6, -4, -2, 1, -1, -4, 4, 3, -2, 2, 3, 3, 4, 6, -1, -5, -3, -4, -5, 0, 6, -6, 3, -6, 5, -5, -4, 3, 0, -1, -1, 5, -4, 4, -5, 3, 5, 4, -6, -4, 4, 2, -3, -1, 6, -3, 3, 6, -6, 3, 3, -2, -3, -4, 0, -3, 2, -1, -1, 3, 1, 1, -5, 5, -2, -4, -1, 1, -4, 3, 1, -4, -4, -5, -1, 0, 2, -3, -3, -1, 5, 3, -3, 6, 2, 6, -2, -5, -2, -4, -6, -4, -4, 6, 2, 5, -1, 6, -2, 3, -6, 3, 4, 0, 0, -3, -4, 5, -4, -5, -2, -6, -1, 5, -4, -6, 2, 5, 5, 0]
 
1.10831652456: [-3, -4, 6, 4, -1, -6, 2, 2, -6, -4, -2, 1, -2, -4, 4, 3, -2, 2, 3, 4, 4, 0, -1, 6, -2, -4, -5, -1, 0, -6, 3, -6, 5, -5, -4, -4, 0, -3, -1, 5, -4, 4, -5, 5, 5, 4, -6, -4, 4, 2, -3, -1, -4, -3, 3, 6, -6, 3, 5, -2, -3, -4, 0, -3, -6, -1, -4, 3, -6, 1, -5, 5, 5, -4, -1, -2, -4, 5, 1, 0, 6, -5, -4, 0, 2, -3, 5, -1, -6, 5, -3, 1, -5, 6, -6, -5, -2, -4, -6, 1, 2, 1, 2, 2, -1, 6, -2, 6, -6, 3, 4, 0, 0, -6, 5, -5, -4, -5, 6, 5, -1, 5, 5, -6, -4, -6, 0, -3]
 
2.62608605403: [-3, -4, 6, 4, -1, -6, 2, 2, -6, -4, -2, 1, -2, -4, 4, 3, -2, 2, 3, 4, 4, 0, -1, 6, -2, -4, 6, -1, 0, -6, 3, -6, 5, -5, 6, -4, 0, -1, 4, 5, -4, 4, -5, 5, -4, 0, -6, 6, -2, 6, 4, -1, -1, -6, -2, -4, -1, -4, -2, -2, 0, 3, 0, -3, -6, -4, -4, -6, -6, 5, -5, 5, 5, -2, 5, -5, -4, 3, 3, -4, 6, -5, -4, 0, 2, -3, 5, -1, 4, 3, -3, 6, 2, 6, -2, -5, -2, -4, -6, -4, -4, 1, 2, 5, -1, 6, -2, 3, -6, 3, 4, 0, 0, -3, -4, 3, -4, -5, -6, -6, -1, 5, 5, -6, 2, -6, 5, -3]
 
1.01476921111: [-2, -6, 2, -2, -1, -6, -3, 6, -3, -4, 3, 1, -2, 4, 2, -6, -4, 2, 5, 4, -3, -1, 1, 6, -2, -5, -2, -1, -5, 0, 6, -5, 0, 5, 6, 4, -4, 0, 4, 2, 6, 5, -1, 0, -2, 0, -1, 1, -5, 5, 4, 4, -5, 5, 5, 6, -4, 2, 5, -4, -6, -1, 0, 3, -6, -3, -4, 0, 0, 3, 4, 6, 6, 5, 2, -4, 2, 3, 3, -1, 6, 0, 3, 3, 6, -3, -3, 5, -2, -3, 2, 0, 1, 0, 6, -5, -2, -6, 2, -5, -4, -1, 5, -2, 0, -6, -6, 1, 5, -3, -4, 0, -1, 6, -6, 2, -1, 2, 6, -2, 4, -4, 5, -4, 4, -6, 6, 4]
 
2.01919780412: [-3, -6, 6, 1, -1, -6, -2, 2, 5, -4, 3, 1, -3, 4, 2, -6, 3, 2, 5, 4, -3, -1, 1, -3, -2, -5, 3, -5, -5, 0, 6, 0, 0, -2, -1, 0, -4, -6, 4, 2, -2, 3, -1, -3, -4, -1, 1, 3, -5, 2, 4, -1, -4, -3, 3, 6, -6, 3, 5, -2, -3, -4, 0, -3, -6, -1, -4, 3, -6, 1, -5, 5, 5, -4, -1, -5, -4, 3, 3, -4, 6, -5, -4, 0, 2, -3, 5, -1, 4, 3, -3, 6, 2, 6, -2, -5, -2, -4, -6, -4, -4, 1, 2, 5, -1, 6, -2, 3, -6, 3, 4, 0, 0, -3, -4, 3, -4, -5, -6, -6, -1, 5, 5, -6, 2, -6, 5, -3]
 
1.21352134657: [-5, -2, -4, -4, -3, -3, -2, 2, -5, 1, 6, 1, -3, 2, -4, -2, -1, 2, 5, 3, 1, 4, -5, 1, -6, -4, 6, -1, 2, -2, 5, 6, -6, -5, 6, 6, -6, -3, 4, 1, -4, 4, 2, 1, 6, -5, 3, -3, 1, 6, 2, -1, 2, -1, 1, 6, -6, -4, 5, -3, 2, -2, 0, 1, 2, -6, -4, 1, 4, 3, -2, -2, -2, -1, 2, -6, 2, 4, 3, 2, 6, -2, 3, -6, -2, -6, -3, -2, 5, 0, -6, -1, 3, -4, 6, -3, 2, 6, 1, 6, 2, -6, -2, -1, -1, 2, -6, 6, 1, 3, -3, 0, 5, -6, 1, -5, -4, -5, 6, -2, -1, -3, 5, -5, 6, -6, 0, -3]
 
2.13031228629: [4, -6, 6, -6, -1, -3, -2, 2, -6, -4, -2, 2, -3, -3, -6, 6, 2, 2, -4, 3, -6, 2, 1, 6, -2, -5, 3, -1, -5, 0, 6, -5, 0, 5, 6, 5, -4, 0, 4, 2, -2, 4, -1, 0, -4, -1, 1, 6, 1, 2, 4, -1, -4, 6, -2, 6, -6, 5, 5, -2, -3, 4, 0, -3, -6, -6, -4, -6, -6, 1, -5, 5, 5, -4, 5, -5, -4, 3, 1, -4, 6, -5, -4, 0, 2, -3, 5, -1, -1, 5, -3, 6, 2, 6, -2, -5, -2, -4, -6, -4, -4, 1, 2, 5, -1, 6, -2, 3, 3, -3, -3, -3, 0, 4, 2, -4, -1, -5, 6, 4, -1, 5, 5, -6, 4, -6, 6, 4]
 
2.62471963186: [-3, -6, 6, 1, -1, -6, -2, 2, 1, -4, -2, 1, -3, -4, 4, 4, 3, 2, 0, 4, 1, 0, -1, 6, -2, -4, 6, -1, 0, -6, 3, -6, 5, -5, 6, -4, 0, -1, 4, 5, -4, 4, -5, 5, -4, 0, -6, 6, -5, 6, 4, 5, 5, -6, -2, 6, -6, -4, 5, -2, 0, -2, 0, 5, -6, -6, -4, -6, -6, 4, -5, -2, -2, 4, 2, 1, -3, 4, -3, 4, 6, -3, 3, -6, 3, 4, -3, 2, 3, 0, 5, 5, 3, 0, 6, -4, 2, -4, -6, -4, -4, -6, 2, -1, -6, -2, -6, 6, 4, -3, 4, 1, 0, 4, 6, -1, -1, -5, 6, 4, -1, 5, 5, -6, 4, -6, 6, 4]
 
1.99926867512: [-3, -6, 6, 1, -1, -6, -2, 2, 1, -4, -2, 1, -3, -4, 4, 4, 3, 2, 0, 4, 1, -4, 1, 6, -6, -4, 3, -1, 0, -6, 3, -6, 5, -5, 6, -4, -6, -1, 4, 5, -6, 4, -2, 5, -6, 0, 6, 6, 3, 4, 4, 5, -2, 3, -2, 6, 3, 1, 5, -5, -3, -1, 0, 5, -6, -6, 0, -1, -1, 4, -5, 1, 1, -5, 2, -2, -3, 4, -3, 4, 6, 5, 3, -6, 3, 4, -3, 2, 3, 0, 5, -3, 3, 0, 6, -4, 2, -1, -6, 1, -1, -6, 2, -1, -6, -2, -6, 6, 4, -3, 4, 1, 0, 4, 6, -1, -1, -5, 6, 4, -1, 5, -3, -6, 4, -6, 6, 6]
 
1.88596587441: [-6, -6, 6, 1, 5, -6, -2, 2, 1, -4, 2, 1, 3, -4, 4, -2, 1, 0, -6, 4, 1, 0, 4, 6, -2, -4, 6, -1, 0, -6, 3, -6, 5, -5, 0, -4, 0, -1, -3, 5, 5, 4, -5, 5, -4, 0, -6, 6, 4, 4, 4, 5, -2, -6, -2, 6, -6, -4, 5, -2, 0, -2, 0, -3, -6, -1, -4, 3, -6, 1, -5, 5, 5, -4, -1, -5, -4, 3, 3, -4, 6, -5, -4, 0, 2, -3, 5, -1, 4, 3, -3, 6, 2, 6, -2, -5, -2, -4, -6, -4, -4, 1, 2, 5, -1, 6, -2, 3, -6, 3, 4, 0, 0, -3, -4, 3, -4, -5, -6, -6, -1, 5, 5, -6, 2, -6, 5, -3]
 
3.17380061614: [-2, -6, 0, 1, -1, -6, -3, 2, 5, -4, 3, 1, -2, 4, 2, -6, 3, 2, 5, 4, -3, -1, 1, -3, -2, -5, 3, -5, -5, 0, 6, 0, 0, -2, -1, 0, -4, -6, 4, 2, -2, 3, -1, -3, -4, -1, 1, 3, -5, 2, 4, -1, -4, -3, 3, 6, -6, 3, 5, -2, -3, -4, 0, 5, -6, -6, -4, -6, -6, 4, -5, -2, -2, 4, 2, 1, -3, 4, -3, 4, 6, -3, 3, -6, 3, 4, -3, 2, 3, 0, 5, 5, 3, 0, 6, -4, 2, -4, -6, -4, -4, -6, 2, -1, -6, -2, -6, 6, 4, -3, 4, 1, 0, 4, 6, -1, -1, -5, 6, 4, -1, 5, 5, -6, 4, -6, 6, 4]
 
3.26087957806: [-3, -6, 6, 1, -1, -6, -2, 2, 1, -4, -2, 1, -3, -4, 4, 4, 3, 2, 0, 4, 1, 0, -1, 6, -2, -4, 6, -1, 0, -6, 3, -6, 5, -5, 6, -4, 0, -1, 4, 5, -4, 4, -5, 5, -4, 0, -6, 6, -5, 6, 4, 5, 5, -6, -2, 6, 0, -4, 5, -4, -3, -1, 0, 6, -6, -6, -4, 0, 0, 3, -5, 5, 5, 5, 2, -4, 2, 4, 3, -4, 6, -3, 3, -6, 3, 4, -3, 2, 3, 0, 5, 5, 3, 0, 6, -4, 2, -4, -6, -4, -4, -6, 2, -1, -6, -2, -6, 6, 4, -3, 4, 1, 0, 4, 6, -1, -1, -5, 6, 4, -1, 5, 5, -6, 4, -6, 6, 4]
 
2.5702612795: [-6, -6, 6, 1, 5, -6, -2, 2, 1, -4, 2, 1, 3, -4, 4, -2, 1, 0, -6, 4, 1, 0, 4, 6, -2, -4, 6, -1, 0, -6, 3, -6, 5, -5, 0, -4, 0, -1, -3, 5, 5, 4, -5, 5, -4, 0, -6, 6, 4, 4, 4, 5, -2, -6, -2, 6, -6, -4, 5, -2, 0, -2, 0, 5, -6, -6, -4, -6, -6, 4, -5, -2, -2, 4, 2, 1, -3, 4, -3, 4, 6, -3, 3, -6, -2, 0, -3, 5, -1, 0, 5, -3, 3, 0, 6, -4, 2, -1, -6, 1, -1, -6, 2, -1, -6, -2, -6, 6, 4, -3, 4, 1, 0, 4, 6, -1, -1, -5, 6, 4, -1, 5, 5, -6, 4, -6, 6, 4]
 
2.06149343933: [-3, -6, 6, -6, -1, -3, -2, 2, -6, -4, -2, 2, -3, -3, -6, 6, 2, 2, -4, 3, -6, 2, 1, 6, -2, -5, 3, -1, -5, 0, 6, -5, 0, 5, 6, 5, -4, 0, 4, 2, -2, 4, -1, 0, -4, -1, 1, 6, 1, 2, 4, -1, -4, 6, -2, 6, -6, 5, 5, -2, -3, 4, 0, -3, -6, -6, -4, -6, -6, 1, -5, 5, 5, -4, 5, -5, -4, 3, 1, -4, 6, -5, -4, 0, 2, -3, 5, -1, -1, 5, -3, 6, 2, 6, -2, -5, -2, -4, -6, -4, -4, 1, 2, 5, -1, 6, -2, 3, 3, -3, -3, -3, 0, 4, 2, -4, -1, -5, 6, 4, -1, 5, 5, -6, 4, -6, 6, 4]
 
2.11146676815: [4, 3, 6, 1, -4, -6, -2, -5, 1, -1, 0, -6, -3, -4, 4, 4, 3, 2, 0, 4, 1, 0, -1, 6, -2, -4, 6, -1, 0, -6, 3, -6, 5, -5, 6, -4, 0, -1, 4, 5, -4, 4, -5, 5, -4, 0, -6, 6, -5, 6, 4, 5, 5, 3, -2, 6, 3, 1, 5, -5, -3, -1, 0, 5, -6, -6, 0, -1, -1, 4, -5, 1, 1, -5, 2, -2, -3, 4, -3, 4, 6, 5, 3, -6, 3, 4, -3, 2, 3, 0, 5, -3, 3, 0, 6, -4, 2, -5, -6, 1, -1, -6, 2, -2, 2, -2, -6, 6, 4, -3, 4, 1, 0, 4, 6, -1, -1, -5, 6, 4, -1, 5, -3, -6, 4, -6, 6, 6]
 
