3.1439732638192037: [6, 6, 5, -3, 0, -6, 4, -2, 4, -4, -6, 6, 3, 2, 0, 1, 3, 4, 0, -5, -1, 5, 1, 6, -2, -6, 4, -5, 6, 4, 5, 0, -6, -5, -1, -2, 5, 1, 3, -2, -5, 4, -2, -6, 3, 1, -1, -3, -5, 6, 4, -1, -4, 3, -2, 6, -6, -4, 5, -2, -3, -2, 0, 5, -6, -6, -4, -2, -4, -1, 6, 5, 5, -4, 5, -5, 3, 3, 4, -2, -6, 6, 3, -5, 6, 5, -3, 2, 0, -1, 5, 5, 3, -1, 3, -5, -1, -2, -5, -6, 5, -2, 3, -1, -6, -2, -6, 6, 4, -3, 4, 1, 0, 4, 6, -1, -4, -6, 6, -5, -1, 6, 4, -6, -5, -4, -6, -6]
 
0.588670722439: [0, -3, -5, 3, 6, -6, 3, -4, 3, -3, 2, -1, -5, -4, 4, -1, -2, 4, 0, -5, -1, -5, -1, 6, -3, -6, 4, -5, 1, -3, -3, 0, -6, -5, -2, -2, 5, 2, -4, -5, -6, -2, -4, 5, 5, 3, -3, -1, 3, -5, 4, -1, -4, 0, 6, -1, 0, 3, -3, 1, -2, -2, 0, 5, 4, -6, 4, -2, -4, -3, 6, 5, 5, -2, -5, -3, -4, 3, 1, -2, 1, -4, 5, 5, -5, 5, 0, -5, 4, 0, 2, 4, 0, 3, 1, 2, -6, -6, 5, 1, -5, -3, -2, -1, -2, 2, 0, 4, 4, 0, -3, -1, 6, -5, -4, -5, -1, -3, 0, 5, -3, -5, 1, 6, 3, -2, 5, -3]
 
0.279791103397: [0, -4, -3, 3, 6, -6, 5, -2, 1, -6, 3, 5, -6, -1, 4, 0, -5, -6, 0, 6, 4, 5, 1, 4, -4, -6, 4, 1, 6, 4, 0, -3, -1, -4, -4, -4, 5, 3, 3, -2, -1, 6, 3, -3, -4, -2, 6, -3, 4, -3, 4, -6, -1, 4, -3, 1, -2, 2, -2, -6, -6, -3, -4, 1, -6, -2, 0, 4, 2, -3, 6, 5, 4, -1, -3, -5, 3, -1, 1, -2, -3, 5, -4, 4, -3, 5, -5, 3, 2, 0, 3, 4, -3, 3, -5, -2, -2, -1, -6, 3, 6, -5, 2, -1, 1, -3, 0, -2, -3, -1, 4, 0, 0, 4, 1, -1, -4, -1, 6, 3, 4, 4, -5, -6, 3, 3, 0, -6]
 
2.264791153814971: [6, 6, 5, -3, 0, -6, 4, -2, 4, -4, -6, 6, 3, 2, 0, 1, 3, 4, 0, -5, -1, 5, 1, 6, -2, -6, 4, -5, 6, 4, 5, 0, -6, -5, -1, -2, 5, 1, 3, -2, -5, 4, -2, -6, 3, 1, -1, -3, -5, 6, 4, -1, -4, 3, -2, 6, -6, -4, 5, -2, -3, -2, 0, 5, -6, -6, -4, -2, -4, -1, 6, 5, 5, -4, 5, -5, -4, 3, 6, -2, 1, -3, -4, 0, 1, 5, -3, -5, -3, 0, 3, 4, 5, 3, 2, -4, -2, -1, -6, 1, -4, 4, 2, 5, -4, 2, 0, 3, -6, 2, -3, 4, 6, 5, -3, 4, 6, -3, 0, 1, -6, 0, -5, -4, 0, 1, 5, 6]
 
1.6685820011187107: [0, -3, -5, 3, 6, -6, 1, -2, 1, -6, 0, 5, -5, -4, 4, 0, -5, 4, 0, -5, 4, 5, 1, 4, -4, -6, 4, -5, 6, 4, 5, 0, -5, -4, -5, 5, 1, -6, 3, 2, -4, -2, -6, -3, -2, 0, -1, 6, 3, 6, 3, 1, -6, 5, -2, 6, -6, 0, 5, -6, -3, -2, 0, 5, -6, -6, -4, -2, -4, -3, 6, 5, 5, -4, 5, -5, -4, 3, 6, -2, 1, -3, -4, -2, 3, -5, 1, -6, -4, 6, 6, 6, 5, -3, 4, -4, -2, -3, -1, 4, -2, -6, 2, 5, -4, 2, 0, 3, -6, 2, -3, 4, 6, 5, -3, 4, 6, -3, 0, 1, -6, 0, -5, -4, 0, 1, 5, 6]
 
2.370062445448587: [-5, -1, 0, 4, 4, -6, -6, -2, 4, -4, 2, -6, 2, -5, 4, 1, 0, 0, 2, 0, 4, -4, 3, -2, 1, 0, 5, 4, -3, 4, 6, 2, -2, 2, -5, 4, 2, -5, -1, -1, 0, -2, -1, 5, 6, 1, 6, 0, -6, 6, -5, -1, 6, 1, -1, -6, -2, 1, 6, -4, -6, 6, 0, 4, -2, 6, -4, 6, -6, -4, 6, -4, -3, 5, 2, -4, 5, 6, -3, 2, -4, -5, -4, -6, 5, -5, -4, -6, -6, 2, 6, 5, -5, -5, -2, 1, 0, 2, 6, 3, 6, -1, 5, -4, 6, -6, -1, 2, -2, 2, -3, 5, 6, 5, 5, -1, 6, -4, -3, -2, -4, 1, -6, -1, -5, 5, -1, 0]
 
1.88983233409: [0, 2, 0, 3, 1, 0, 4, -2, 3, 6, 2, -5, 6, 2, 1, -2, 6, 4, -1, 3, -6, 5, 6, -1, -2, -3, -6, -2, -4, 5, 1, 0, -3, 6, -1, -2, -3, 1, 3, -2, 3, 3, -2, 0, 3, 4, -1, -1, -5, 1, 4, 4, -4, 1, 0, 1, -1, -6, 5, -2, -3, 6, -4, -1, -6, -5, -4, -2, -4, -1, 6, 5, 5, -4, 3, -5, 2, 3, 1, -2, 1, -3, -4, 6, 1, 5, -1, -5, -3, 0, 1, 4, 5, 4, 2, 3, -2, -1, 4, 1, -4, 4, 2, 5, -4, 2, 0, 0, -6, 2, -3, 4, 6, 5, -3, 4, 6, -3, 0, 4, 6, 6, 1, 2, 3, -6, 5, -3]
 
1.7554671998617164: [-6, -5, 0, -1, -5, -6, -6, -5, 3, -4, 2, 5, -6, 2, 1, 1, -5, -2, 0, -5, -1, 0, 1, 6, -6, -3, 4, -5, -6, 5, 1, -6, -6, -5, -1, 5, 5, -2, 3, 2, 2, 4, -2, 1, 3, 1, 0, 6, 3, 6, 4, -5, -4, 3, -2, -2, 3, 3, 5, -1, -5, -2, 0, 5, 4, -6, -6, -2, -4, -5, 6, 5, 5, -4, -5, -5, -2, 3, 1, -2, 1, -3, 5, 5, 1, 5, 0, -5, 4, 0, 2, 4, 0, 3, 2, -4, 3, -1, 5, 1, -5, 4, 4, -5, 0, 2, 0, 4, 4, 0, -3, -1, 6, -5, -2, 4, -1, -3, 0, 5, -6, -5, 3, 6, 0, -2, 5, -3]
 
2.0850178420963914: [6, 6, 5, -3, 0, -6, 4, -2, 4, -4, -6, 6, 3, 2, 0, 1, 3, 4, 0, -5, -1, 5, 1, 6, -2, -6, 4, -5, 6, 4, 5, 0, -6, -5, -1, -2, 5, 1, 3, -2, -5, 4, -2, -6, 3, 1, -1, -3, -5, 6, 4, -1, -4, 3, -2, 6, -6, -4, 5, -2, -3, -2, 0, 5, -6, -6, -4, -2, -4, -1, 6, 5, 5, -4, 5, -5, -4, 3, 6, -2, 1, -3, -4, 0, 1, 5, -3, -5, -3, 0, 3, 4, 5, 3, 2, -4, -2, -1, -6, 1, -4, 4, 2, 5, -4, 2, 0, 3, -6, 2, -3, 4, 6, 5, -3, 4, 6, -3, 0, 1, -6, 0, -5, 2, 0, -2, 5, -3]
 
1.9861526105690765: [1, -5, -3, -3, 0, -6, 4, -2, 4, -4, -6, 6, 3, 2, 0, 1, 3, 4, 0, -5, -1, 5, 1, 6, -2, -6, 4, -5, 6, 4, 5, 0, -6, -5, -1, -2, 5, 1, 3, -2, -5, 4, -2, -6, 3, 1, -1, -3, -5, 6, 4, -1, -4, 3, -2, 6, -6, -4, 5, -2, -3, -2, 0, 5, -6, -6, -4, -2, -4, -1, 6, 5, 5, -4, 5, -5, -4, 3, 6, -2, 1, -3, -4, 0, 1, 5, -3, -5, -3, 0, 3, 4, 5, 3, 2, -4, -2, -1, -6, 1, -4, 4, 2, 5, -4, 2, 0, 3, -6, 2, -3, 4, 6, 5, -3, 4, 6, -3, 0, 1, -6, 0, -5, -4, 0, 1, 5, 6]
 
2.6780469739583554: [0, -3, -5, 3, 6, -6, -6, -2, 3, -6, 2, -1, -5, -4, 4, 1, -5, 4, 0, -5, -1, 5, 1, 6, -2, -6, 4, -5, 6, 4, 5, 0, -6, -5, -1, -2, 5, 1, 3, -2, -5, 4, -2, -6, 3, 1, -1, -3, -6, 6, 4, -6, -4, 3, 6, 1, 1, -4, 5, -6, -6, -2, 6, 1, -6, 4, -4, 3, -5, -5, 3, 5, 5, -1, 5, -5, 3, 3, 4, -2, -6, 6, 3, -5, 6, 5, -3, 2, 0, -1, 5, 5, 3, -1, 3, -5, -1, -2, -5, -6, 5, -2, 3, -1, -6, -2, -6, 6, 4, -3, 4, 1, 0, 4, 6, -1, -4, -6, 6, -5, -1, 6, 4, -6, -5, -4, -6, -6]
 
1.9873654465813668: [1, -5, -3, -3, 0, -6, 4, -2, 4, -4, -6, 6, 3, 2, 0, 1, 3, 4, 0, -5, -1, 5, 1, 6, -2, -6, 4, -5, 6, 4, 5, 0, -6, -5, -1, -2, 5, 1, 3, -2, -5, 4, -2, -6, 3, 1, -1, -3, -5, 6, 4, -1, -4, 3, -2, 6, -6, -4, 5, -2, -3, -2, 0, 5, -6, -6, -4, -2, -4, -1, 6, 5, 5, -4, 5, -5, -4, 3, 6, -2, 1, -3, -4, 0, 1, 5, -3, -5, -3, 0, 3, 4, 5, 3, 2, -4, -2, -1, -6, 1, -4, 4, 2, 5, -4, 2, 0, 3, -6, 2, -3, 4, 6, 5, -3, 4, 6, -3, 0, 1, -6, 0, -5, -4, 0, 1, 5, 6]
 
0.9751146557975741: [1, -5, -3, -3, 0, -6, 4, -2, 4, -4, -6, 6, 3, 2, 0, 1, 3, 4, 0, -5, -1, 5, 1, 6, -2, -6, 4, -5, 6, 4, 5, 0, -6, -5, -1, -2, 5, 1, 3, -2, -5, 4, -2, -6, 3, 1, -1, -3, -5, 6, 4, -1, -4, 3, -2, 1, 1, -4, 5, -6, -6, -2, 6, 1, -6, 4, -4, 3, -5, -5, 3, 5, 5, -1, 5, -5, -4, 3, 6, -2, 1, -3, -4, 0, 1, 5, -3, -5, -3, 0, 3, 4, 5, 3, 2, -4, -2, -1, -6, 1, -4, 4, 2, 5, -4, 2, 0, 3, -6, 2, -3, 4, 6, 5, -3, 4, 6, -3, 0, 1, -6, 0, -5, 2, 0, -2, 5, -3]
 
1.6371571107507248: [-6, -3, 3, -5, 3, -6, 6, 2, 3, 5, 5, 4, 4, 2, 4, 2, -1, 5, -1, -4, 3, 3, -1, -2, -3, 0, -2, 6, -3, 4, 6, 2, -2, 0, -2, 4, -1, -3, -3, 6, 4, -2, -2, -5, 6, -6, 6, 0, 4, 6, 1, -5, -3, 1, 2, -6, -2, -5, -5, -4, 4, -1, 5, -5, -6, 1, -1, 4, -2, -2, 6, -4, 6, 5, -1, -4, -1, 6, 3, 0, 5, -5, -4, -6, 5, 6, -4, 5, -6, 2, 6, 5, -5, -5, -2, 4, 3, 2, 5, 3, -2, -1, 5, 6, 6, 3, -1, 2, -2, -4, 3, 5, 4, 0, 5, 0, -3, -4, -2, 5, 6, 1, -6, -1, -5, 6, -5, -6]
 
0.7933130169676395: [-5, -1, 0, 4, 4, -6, -6, -2, 4, -4, 2, -6, 2, -5, 4, 1, 0, 0, 2, 0, 4, -4, 3, -2, 1, 6, 5, -5, 4, -1, 5, 0, -6, 0, 6, 5, 4, 0, 3, 0, 3, -5, 6, -6, 6, 0, 5, -3, -5, 0, -4, -1, -4, 2, 4, 3, -6, 6, -2, 6, 3, 1, 5, 0, -5, -6, -4, -4, 5, -1, 6, 5, 6, -4, -1, -6, 3, 3, -2, 0, 1, 0, 0, -6, 2, -5, -5, 1, 0, -1, 1, 1, -2, 3, -3, -4, 3, 5, 2, -5, 6, 4, -5, 5, 2, 0, -1, 2, 4, -4, 4, -6, 6, -4, -3, -4, -2, -4, 0, 5, 3, 3, -3, -5, -2, 2, 5, 5]
 
0.631203974461: [6, 6, -3, -3, 0, -6, 1, -2, -1, -4, -6, 6, 6, 2, 0, 4, 2, -3, 0, -5, -1, 5, 1, 6, -2, -6, 4, -5, 5, 2, 0, 0, -6, -5, -3, -2, 5, -1, 3, -2, -5, 4, -4, -6, -4, -1, -1, 6, -5, 6, 4, -1, -4, 6, -6, -2, -6, -4, 5, -2, -3, -2, 0, 5, -6, -6, -4, -2, -4, -6, 6, 6, 5, 5, 5, -5, 3, 4, 1, -2, -6, 6, -1, -5, -3, 5, -3, 2, 0, -1, 5, -1, 4, -1, 3, -5, -1, 1, -5, -6, 4, -2, 3, 2, -6, 6, -6, -6, 1, 2, 0, 6, 6, -2, 4, -4, -6, 6, -6, 6, -2, 3, 1, 4, 0, -6, 4, 4]
 
1.9278399551316405: [-1, -1, 6, -4, 0, -6, 3, 2, 6, -6, 1, -1, -5, -2, 4, -3, 0, -5, 5, -1, -5, 4, 1, 5, -4, 2, 4, 0, 6, 3, 5, 4, -1, 1, -1, -2, 5, -3, 4, 1, 2, 6, -2, -2, 4, 3, 6, 1, 0, -2, 4, -1, -4, 2, -2, 6, -3, 3, 3, -5, 3, -6, -6, -5, -5, -3, -3, 4, -4, -4, 0, 1, -6, 2, -5, 2, -6, 1, 3, 5, -2, 0, 1, -1, -3, 6, 2, 4, -5, 1, -3, -5, -2, 3, -3, -6, 3, -5, 4, 4, -2, -5, 4, 4, -2, 2, -5, -6, -1, 2, 0, 6, 3, -3, -4, 0, -6, 5, -5, 6, -4, -6, -4, 0, 0, 3, 4, -6]
 
0.903815360754427: [-1, -3, 4, 6, 6, -6, -6, -2, 6, -6, -2, -1, -5, -4, 4, 1, -5, 0, 5, 6, -1, 5, 1, 6, -2, -6, 4, -5, 6, 4, 5, 0, -6, -5, -1, -2, 5, 1, 3, -2, -5, 4, -2, -6, 3, 1, -1, -3, -5, 6, 4, -1, -4, 3, -2, 6, -6, -4, 5, -2, -3, -2, 0, 5, -6, -6, -4, -2, -4, -1, 6, 5, 5, -4, 5, -2, 2, 6, 2, 6, 1, -3, -4, -4, 3, -5, 1, -6, -4, 3, -1, 1, 5, -3, -2, -4, -2, -1, -6, 1, -4, -1, 5, -4, 2, 0, -1, 2, 4, -4, 4, 4, 6, 5, -3, 4, 6, -3, 0, 1, -6, 0, -5, 2, 0, -2, 5, -3]
 
3.080867162049459: [6, 6, 5, -3, 0, -6, 4, -2, 4, -4, -6, 6, 3, 2, 0, 1, 3, 4, 0, -5, -1, 5, 1, 6, -2, -6, 4, -5, 6, 4, 5, 0, -6, -5, -1, -2, 5, 1, 3, -2, -5, 4, -2, -6, 3, 1, -1, -3, -5, 6, 4, -1, -4, 3, -2, 6, -6, -4, 5, -2, -3, -2, 0, 5, -6, -6, -4, -2, -4, -1, 6, 5, 5, -4, 5, -5, 3, 3, 4, -2, -6, 6, 3, -5, 6, 5, -3, 2, 0, -1, 5, 5, 3, -1, 3, -5, -1, -2, -5, -6, 5, -2, 3, -1, -6, -2, -6, 6, 4, -3, 4, 1, 0, 4, 6, -1, -4, -6, 6, -5, -1, 6, 4, -6, -5, -4, -6, -6]
 
1.54286607444: [0, -3, -5, 2, 6, -6, -6, -2, 5, -6, -6, -3, -5, -4, 4, 1, -5, 4, 1, -5, -2, -3, 1, 6, -2, -6, 4, -1, 6, -3, 5, 0, -6, -5, 5, -2, 5, -3, 3, -2, -1, 4, -2, 0, 3, 1, -1, -3, -6, -2, 4, -6, -4, 6, 0, 0, 1, 2, 5, -6, -6, -2, 5, 1, -6, 4, -2, 3, -5, 3, 3, -1, 5, -1, 5, 3, 3, 3, 3, 4, -6, 6, 3, -5, 4, 5, -3, 2, 2, -1, 5, 4, 3, -4, 3, -3, -1, -2, -5, -6, -2, -3, 3, -1, -2, -2, 0, 6, 4, 1, -3, -6, 6, -4, -2, 6, -2, -1, 1, 3, 3, 3, -3, 6, -5, 2, 4, 5]
 
1.2287531027112788: [0, -3, -5, 3, 6, -6, -6, -2, 3, -6, 2, -1, -5, -4, 4, 1, -5, 4, 0, -5, -1, 5, 1, 6, -2, -6, 4, -5, 6, 4, 5, 0, -6, -5, -1, -2, 5, 1, 3, -2, -5, 4, -2, -6, 3, 1, -1, -3, -6, 6, 4, -6, -4, 3, 6, 1, 1, -4, 5, -6, -6, -2, 6, 1, -6, 4, -4, 3, -5, -5, 3, 5, 5, -1, 5, -5, 3, 3, 4, -2, -6, 0, 1, -1, -3, 2, 2, 4, -6, 1, -3, 0, -2, 3, 2, -6, 3, -1, 4, 4, -2, -2, 4, 4, -5, 3, -6, 6, 4, -3, 4, 1, 0, 4, 6, -1, -4, -6, 6, -5, -1, 6, 4, -6, -5, -4, -6, -6]
 
2.0369373496288974: [0, -3, -5, 3, 6, -6, -6, -2, 3, -6, 2, -1, -5, -4, 4, 1, -5, 4, 0, -5, -1, 5, 1, 6, -2, -6, 4, -5, 6, 4, 5, 0, -6, -5, -1, -2, 5, 1, 3, -2, -5, 4, -2, -6, 3, 1, -1, -3, -5, 6, 4, -1, -4, 3, -2, 6, -6, -4, 5, -2, -3, -2, 0, 5, -6, -6, -4, -2, -4, -1, 6, 5, 5, -4, 5, -5, -4, 3, 6, -2, 1, -3, -4, 0, 1, 5, -3, -5, -3, 0, 3, 4, 5, 3, 2, -4, -2, -1, -6, 1, -4, 4, 2, 5, -4, 2, 0, 3, -6, 2, -3, 4, 6, 5, -3, 4, 6, -3, 0, 1, -6, 0, -5, -4, 0, 1, 5, 6]
 
1.30474181040575: [6, -5, -5, 3, 5, 1, -6, -3, 3, 6, 3, 6, -5, -3, 4, -5, -5, 4, 0, -5, 6, 2, 1, 6, -2, -6, 4, 5, 6, 4, -4, 0, -6, 5, -1, -2, 5, 3, 3, -2, -5, 4, -5, -6, 3, 1, -1, 3, 5, 6, 4, -1, -4, 5, -6, 6, -6, -4, 5, -2, -3, -3, 0, 5, -6, -6, -4, -2, -4, -1, 6, 5, 5, -4, 5, -5, -4, 3, 6, -2, 1, -3, -4, 0, 1, -5, 1, -6, -4, 3, -1, 1, 5, -3, -2, -4, -2, -3, -1, 1, -2, 4, 2, 5, -4, 2, 0, 3, -5, -1, -3, -1, 6, -5, -2, 4, 3, -3, 0, 1, -6, 0, 3, 2, 0, 1, 5, 6]
 
0.755276936634631: [1, 6, -1, -2, 4, -6, -4, -2, 5, -4, 5, 2, -2, -1, 4, 4, 4, -5, -4, 0, 4, -4, 2, 6, 3, -2, 4, -5, 6, 4, 5, -2, -5, -5, 6, -2, 5, 1, 3, -2, -5, 3, 3, -1, 2, 1, -1, -3, -5, 2, 1, -1, -4, 3, 4, 6, -6, -4, 5, -1, -3, -2, 0, 0, -4, -6, -4, -2, -4, 1, 6, -4, -4, -4, 5, -6, -1, -1, 6, -4, 1, -3, -4, -2, 3, -5, 1, 0, -4, 6, 1, 6, -6, -3, -6, -4, 6, -3, -2, -2, -2, 3, 4, -4, -4, 2, 6, 3, -6, 2, -3, 4, -2, 5, -4, 4, 6, -3, 0, 1, -3, 0, -5, 2, -1, 4, 5, 6]
 
1.6478293835711222: [0, -3, -1, -5, 6, 4, 1, -2, 3, 4, -5, 5, 1, -4, -1, 4, -5, 4, 0, -2, -1, 5, 1, 6, -2, -6, 4, -4, 2, 4, 5, 1, -6, 5, 1, -2, 5, 1, 3, -2, 6, -3, 0, -2, 4, 1, 6, -3, 4, 6, -5, -6, -4, 3, 1, -2, 3, -3, 5, 4, -6, -2, 6, 1, -6, 2, -4, 3, -5, -3, 3, 1, 4, -1, 5, -5, -4, 1, 6, -5, 1, -3, -4, 6, -4, 5, 6, -5, -3, 2, 0, 4, 5, 3, 2, -4, -5, 5, -6, 1, -4, -6, 2, 5, -4, 2, -5, 3, -6, -5, -3, 4, -4, 5, 0, 4, 6, -3, 0, 1, -6, 3, -5, 6, 0, -2, 5, 4]
 
0.183560012023: [1, -5, -6, 0, 5, -3, 2, -2, 1, -4, 2, -3, -6, 2, 0, 1, 0, 1, 1, 3, 3, -4, 1, -2, 2, 6, 3, 5, -4, 2, -2, -2, 4, -5, -1, -2, 1, 5, -6, 2, -4, -4, 3, -3, -2, -6, -1, 6, 3, 6, 3, 0, -6, 6, 0, 6, 1, 4, 6, -3, 1, -2, 0, 1, -6, -6, -4, -2, -2, -4, 6, 5, 4, -4, 4, 6, -4, 3, -5, -2, 1, -2, -4, -6, 3, 0, -3, -6, -4, 3, 6, 5, 5, 4, 4, 4, -2, -3, -1, 4, -2, 2, 2, -5, -4, 2, 0, 4, 4, 0, -3, -5, 6, 0, -2, 4, -6, 2, -2, 5, -5, -3, 2, 2, 0, -2, 5, -6]
 
0.6448013332530547: [5, -5, 1, -4, -4, -6, -6, 5, 3, -3, 2, -6, 6, 2, -6, 1, 0, 1, 4, 3, 2, -4, 0, 4, 2, 4, 1, 5, -6, 2, 0, -1, 6, 4, -2, -2, 1, 2, -2, -1, 0, 4, 5, -6, 6, 6, -5, 2, -5, 6, -5, -1, 6, 4, -2, -6, -2, 1, 6, -4, -4, -1, 5, 4, -2, 6, -3, 6, -6, -4, 6, -4, 5, -3, 6, 4, 2, -3, 2, 6, 1, -3, 2, -2, 3, -5, 1, -6, 4, 3, 0, 1, 5, -3, -2, -4, -2, -1, -6, 1, -4, 6, -4, 2, 6, -6, -1, 2, 0, 3, -6, 5, 6, -2, 6, -1, 2, -1, 6, -5, -2, -5, 4, 4, -5, -4, -2, 5]
 
0.9604029973954478: [5, -5, 1, -4, 6, -6, -2, 5, 1, -3, -6, -6, 6, -3, -5, -5, 0, 0, 3, 3, 4, 5, 3, -4, 1, 0, 5, 4, -3, 4, 6, 2, -2, -2, -3, 4, 2, -6, -1, -1, 0, -5, -1, 5, -1, 4, 6, 0, -6, 6, -5, -1, 6, 1, 6, -1, -2, 6, 6, -4, -6, 6, 0, 4, -2, -2, -4, -4, -6, -4, 6, -1, 5, -5, 2, -4, 5, 6, 1, -4, -4, -6, -4, 6, 5, -5, -4, -6, -6, 2, 0, -3, 2, -5, -2, 1, 0, 2, 6, -6, 6, 6, -2, -4, 6, -6, -1, 2, 0, 2, -3, 5, 6, 2, 1, 2, 6, -3, -3, -5, -4, 5, -6, -1, -2, 5, -5, 0]
 
1.369591396950764: [6, -3, -4, 3, 6, -6, -6, -2, 5, -6, 2, 1, 6, -4, 4, 2, 1, 2, 0, -4, -6, 5, 1, 6, -2, -6, 2, -5, 6, -5, -4, 0, -6, -2, -1, 5, 4, 1, 3, -5, 2, 4, -2, -6, 3, 1, -1, -3, -6, 6, 4, -6, -4, 3, 6, 1, 1, -4, 5, -6, -6, -2, 6, 1, -6, 4, -4, 3, -5, -5, 3, 5, 5, -1, 5, -5, -4, 3, 6, -2, 1, -3, -4, 0, 1, 5, -3, -5, -3, 0, 3, 4, 5, 3, 2, -4, -2, -1, -6, 1, -4, 4, 2, 5, -4, 2, 0, 3, -6, 2, -3, 4, 6, 5, -3, 4, 6, -3, 0, 1, -6, 0, -5, 2, 0, -2, 5, -3]
 
0.522834800687: [6, -2, 5, 3, 0, -5, 2, -2, 1, -4, -6, 5, 3, 1, 0, -1, -5, 4, 6, 4, -6, -5, 1, 3, -2, 3, -3, 0, 6, 4, 5, 0, 4, 1, -1, -1, 5, 6, -4, -3, -5, 4, 4, -3, 5, 0, -1, -5, -5, 0, 4, -6, -4, 5, -6, 6, -2, -5, 2, -5, -5, 6, -5, 5, -6, -2, 0, -2, -3, -5, -1, 6, 5, 5, -4, -4, -1, 1, 3, -2, -4, -3, -4, 0, 4, 5, 6, -4, -3, 0, -2, 3, -4, -4, -2, -3, -3, -1, 3, 1, -4, 4, 2, -2, 2, 1, 3, -5, -6, -1, -2, -1, -3, 5, -6, -3, 6, 6, -5, 2, 0, -1, -5, -4, -4, 1, 3, 6]
 
3.0222942455647432: [1, -5, -3, -3, 0, -6, 4, -2, 4, -4, -6, 6, 3, 2, 0, 1, 3, 4, 0, -5, -1, 5, 1, 6, -2, -6, 4, -5, 6, 4, 5, 0, -6, -5, -1, -2, 5, 1, 3, -2, -5, 4, -2, -6, 3, 1, -1, -3, -5, 6, 4, -1, -4, 3, -2, 6, -6, -4, 5, -2, -3, -2, 0, 5, -6, -6, -4, -2, -4, -1, 6, 5, 5, -4, 5, -5, 3, 3, 4, -2, -6, 6, 3, -5, 6, 5, -3, 2, 0, -1, 5, 5, 3, -1, 3, -5, -1, -2, -5, -6, 5, -2, 3, -1, -6, -2, -6, 6, 4, -3, 4, 1, 0, 4, 6, -1, -4, -6, 6, -5, -1, 6, 4, -6, -5, -4, -6, -6]
 
1.253824796667837: [6, -3, -4, 3, 6, -6, -6, -2, 5, -6, 2, 1, 6, -4, 4, 2, 1, 2, 0, -4, -6, 5, 1, 6, -2, -6, 2, -5, 6, -5, -4, 0, -6, -2, -1, 5, 4, 1, 3, -5, 2, 4, -2, -6, -6, 1, 2, -3, 6, 6, 4, -5, -4, 3, -2, -2, 3, 3, 5, -1, -5, -2, 0, 5, 4, -6, -6, -2, -4, -5, 6, 5, 5, -4, -5, -5, -2, 3, 1, -2, 1, -3, 5, 5, 1, 5, 0, -5, 4, 0, 2, 4, 0, 3, 2, -4, 3, -1, 5, 1, -5, 4, 4, -5, 0, 2, 0, 4, 4, 0, -3, -1, 6, -5, -2, 4, -1, -3, 0, 5, -6, -5, 3, 6, 0, -2, 5, -3]
 
1.86526344041: [-6, -3, 3, -5, 3, -6, 6, 2, 3, 5, 5, 4, 4, 2, 4, 2, -1, 5, -1, -4, 3, 3, -1, -2, -3, 0, -2, 6, -3, 4, 6, 2, -2, 0, -2, 4, -1, -3, -3, 6, 4, -2, -2, -5, 6, -6, 6, 0, 4, 6, 1, -5, -3, 1, 2, -6, -2, -5, -5, -4, 4, -1, 5, -5, -6, 1, -1, 4, -2, -2, 6, -4, 6, 5, -1, -4, -1, 6, 3, 0, 5, -5, -4, -6, 5, 6, -4, 5, -6, 0, 3, 4, 5, 3, 2, -4, -2, -1, -6, 1, -4, 4, 2, 5, -4, 2, 0, 3, -6, 2, -3, 4, 6, 5, -3, 4, 6, -3, 0, 1, -6, 0, -5, 2, 0, -2, 5, -3]
 
1.76741820183: [6, 6, 5, -3, 0, -6, 4, -2, 4, -4, -6, 6, 3, 2, 0, 1, 3, 4, 0, -5, -1, 5, 1, 6, -2, -6, 4, -5, 6, 4, 5, 0, -6, -5, -1, -2, 5, 1, 3, -2, -5, 4, -2, -6, 3, 1, -1, -3, -5, 6, 4, -1, -4, 3, -2, 6, -6, -4, 5, -2, -3, -2, 0, 5, -6, -6, -4, -2, -4, -1, 6, 5, 5, -4, 5, -5, -4, 3, 6, -2, 1, -3, -4, 0, 1, 5, -3, -5, -3, 2, 6, 5, -5, -5, -2, 4, 3, 2, 5, 3, -2, -1, 5, 6, 6, 3, -1, 2, -2, -4, 3, 5, 4, 0, 5, 0, -3, -4, -2, 5, 6, 1, -6, -1, -5, 6, -5, -6]
 
1.14467459372: [0, -3, -5, 3, 6, -5, 3, -2, 3, -6, 2, 5, -5, 6, 6, 6, 5, 5, 0, 2, -1, 5, 1, 4, -2, -6, 4, -5, -1, 5, 5, 6, -6, -5, -1, -1, 5, 1, 3, -2, -1, 4, -2, -6, 3, 1, 4, -3, -6, -6, 0, -6, -4, 3, 4, -2, -5, 3, 5, -1, -5, -2, 0, 1, 4, 1, -6, -2, -4, -5, -5, -6, 3, -4, -5, -5, -2, 3, 4, -2, -4, 2, 6, 5, 1, 5, 5, 5, -5, 0, 2, -5, 0, 5, 2, -4, -1, -1, -5, 1, -5, 4, 4, -5, 0, 2, -5, 4, 4, 0, -3, -1, 1, -4, -2, 4, 1, -2, -4, 4, 6, -5, -2, 0, 0, 1, 5, 6]
 
2.0167076789: [1, -5, -3, -3, 0, -6, 4, -2, 4, -4, -6, 6, 3, 2, 0, 1, 3, 4, 0, -5, -1, 5, 1, 6, -2, -6, 4, -5, 6, 4, 5, 0, -6, -5, -1, -2, 5, 1, 3, -2, -5, 4, -2, -6, 3, 1, -1, -3, -5, 6, 4, -1, -4, 3, -2, 6, -6, -4, 5, -2, -3, -2, 0, 5, -6, -6, -4, -2, -4, -1, 6, 5, 5, -4, 5, -5, -4, 3, 6, -2, 1, -3, -4, 0, 1, 5, -3, -5, -3, 0, 3, 4, 5, 3, 2, -4, -2, -1, -6, 1, -4, 4, 2, 5, -4, 2, 0, 3, -6, 2, -3, 4, 6, 5, -3, 4, 6, -3, 0, 1, -6, 0, -5, 6, 0, -2, 5, -3]
 
2.0742140804: [0, -3, -1, -5, 6, 4, 1, -2, 3, 4, -5, 5, 1, -4, -1, 4, -5, 4, 0, -2, -1, 5, 1, 6, -2, -6, 4, -4, 2, 4, 5, 1, -6, 5, 1, -2, 5, 1, 3, -2, 6, -3, 0, -2, 4, 1, 6, -3, 4, 6, -5, -6, -4, 3, 1, -2, 3, -3, 5, 4, -6, -2, 6, 1, -6, 2, -4, 3, -5, -3, 3, 1, 4, -1, 5, -5, -4, 1, 6, -5, 1, -3, -4, 6, -4, 5, 6, -5, -3, 2, 0, 4, 5, 3, 2, -4, -5, 5, -6, 1, -4, -6, 2, 5, -4, 2, -5, 3, -6, -5, -3, 4, -4, 5, 0, -1, -4, -6, 6, -5, 0, 4, 4, -6, -5, 3, 0, -6]
 
0.555627831071: [0, -3, -5, 3, 6, -6, 1, -2, 1, -6, 0, 5, -5, -4, 4, 0, -5, 4, 0, -5, 4, 5, 1, 4, -4, -6, 4, -5, 6, 4, 5, 0, -5, -4, -4, -2, 5, 3, 3, -2, -5, 4, -2, -2, 3, -2, -1, -3, 4, -1, 4, -6, -4, 4, 3, 1, 1, 2, 5, -6, -6, -3, 0, 1, -6, 4, 0, 3, 2, -5, -4, 5, 5, -1, -3, -5, -4, 3, 1, -2, -3, 2, -4, 1, -3, 5, -5, 3, -3, 0, 3, 4, -3, 3, -5, -2, -2, -1, -6, 3, -4, 4, 2, -1, 4, 2, 0, 3, -3, 2, 4, 5, 0, 4, 1, 4, 6, -3, 0, 1, -6, 3, -5, 6, 0, -2, 5, 4]
 
1.5190020514: [1, -5, -3, -3, 0, -6, 4, -2, 4, -4, -6, 6, 3, 2, 0, 1, 3, 4, 0, -5, -1, 5, 1, 6, -2, -6, 4, -5, 6, 4, 5, 0, -6, -5, -1, -2, 5, 1, 3, -2, -5, 4, -2, -6, 4, 1, 6, -3, 4, 6, -5, -6, -4, 3, 1, -2, 3, -3, 5, 4, -6, -2, 6, 1, -6, 2, -4, 3, -5, -3, 3, 1, 4, -1, 5, -5, -4, 1, 6, -5, 1, -3, -4, 6, -4, 5, 6, -5, -3, 2, 0, 4, 5, 3, 2, -4, -5, 5, -6, 1, -4, -6, 2, 5, -4, 2, -5, 3, -6, -5, -3, 4, -4, 5, 0, 4, 6, -3, 0, 1, -6, 3, -5, 6, 0, -2, 5, 4]
 
2.08169003823: [0, -3, -1, -5, 6, 4, 1, -2, 3, 4, -5, 5, 1, -4, -1, 4, -5, 4, 0, -2, -1, 5, 1, 6, -2, -6, 4, -4, 2, 4, 5, 1, -6, 5, 1, -2, 5, 1, 3, -2, 6, -3, 0, -2, 3, 1, -1, -3, -5, 6, 4, -1, -4, 3, -2, 6, -6, -4, 5, -2, -3, -2, 0, 5, -6, -6, -4, -2, -4, -1, 6, 5, 5, -4, 5, -5, -4, 3, 6, -2, 1, -3, -4, 0, 1, 5, -3, -5, -3, 0, 3, 4, 5, 3, 2, -4, -2, -1, -6, 1, -4, 4, 2, 5, -4, 2, 0, 3, -6, 2, -3, 4, 6, 5, -3, 4, 6, -3, 0, 1, -6, 0, -5, -4, 0, 1, 5, 6]
 
0.820052308358: [0, -3, -5, 3, 6, -6, -6, -2, 3, -6, 2, -1, -5, -4, 4, 1, -5, 4, 0, -5, -1, 5, 1, 6, -2, -6, 4, -5, 6, 4, 5, 0, -6, -5, -1, -2, 5, 1, 3, -2, -5, 4, -2, -6, 3, 1, -1, -3, -6, 6, 4, -6, -4, 3, 6, 1, 1, -4, 5, -6, -6, -2, 6, 1, -6, 4, -4, 3, -5, -5, 3, 5, 5, -1, 5, -5, 3, 3, 4, -2, -6, 0, 1, -1, -3, 2, 2, 4, -6, 1, -3, 0, -2, 3, -5, -2, -2, -1, -6, 3, -4, 4, 2, -1, 4, 2, 0, 3, -3, 2, 4, 5, 0, 4, 1, -1, -4, -6, 6, -5, 0, 4, 4, -6, -5, 3, 0, -6]
 
0.514339603686: [1, -5, 0, 3, 6, -6, 1, -1, 1, 6, 0, 5, -5, -6, 5, -3, -3, 4, 5, -5, 4, 3, 1, 4, -4, -6, 4, -5, 6, 4, 1, -1, -5, -4, -4, -2, 5, 3, 3, 0, -1, 4, 6, -2, 6, 0, -4, 1, -3, -1, 4, -6, -4, 4, 3, 6, 1, 2, 5, -6, -6, -3, 0, -4, -6, 1, 0, 3, -2, -5, -5, 5, 5, 2, -3, -5, -5, 3, -6, 4, -3, 2, 1, 2, -4, 5, -5, 3, -3, -2, 3, 4, -3, 3, 2, -6, -2, -1, 4, 4, -2, 3, 4, 4, 2, 4, -6, -1, 4, -3, 1, 1, 0, 4, -6, -1, -4, -6, 6, -5, -1, 6, 4, -6, 4, -4, -6, -5]
 
0.94961945743: [1, -5, -3, -3, -1, 2, -1, -2, 3, -5, -6, 6, 3, 2, -6, 1, 3, 2, 2, -5, 6, -6, 1, 6, -2, -6, 4, -5, 6, -1, 5, 0, -6, -1, -1, -4, 5, 5, 3, -2, -5, 4, -4, -1, 3, 1, -3, -3, -5, 6, -3, -2, -4, 3, -5, 1, 1, 2, 5, -6, -2, -1, 6, 1, -6, -4, 1, 3, -5, -5, 3, 5, 2, -6, 5, -5, -4, 3, 6, 5, 1, -3, -6, 0, 0, 6, 0, 5, -6, 2, 6, -3, -5, -5, -2, -2, 2, 2, 0, 3, -2, -4, 5, 6, 6, 3, -1, -6, -2, -4, 3, 5, 6, 0, 5, 0, -1, -4, -2, 3, -4, 1, -6, -1, -5, 6, 6, 0]
 
1.24487874032: [-6, -3, 3, 4, 4, -6, 6, 1, 1, 5, 1, 4, 4, 2, 0, 2, -1, 0, -1, -4, 0, 2, 0, -2, -3, 0, -2, -2, -3, 4, 0, 2, -2, 0, -2, 3, -2, 3, 2, 6, 4, -2, -2, -5, -2, 3, -5, 0, -2, 6, 1, 1, -3, 1, -1, -6, -2, 5, -4, -4, 4, -1, 5, -5, -6, 1, 0, 2, -2, -2, 6, -1, 6, -6, 4, -4, 4, 0, 3, 6, 6, -5, -4, -6, -1, 6, 2, -5, -2, 6, 3, 4, 4, 0, 1, 2, -2, -1, -6, -5, -4, 4, 1, 5, -6, 2, 0, -6, -6, 2, -3, 4, 6, 5, -3, 4, 3, -3, 0, 4, -6, 5, 0, -3, 0, 2, 5, -3]
 
0.832208813624: [-3, -3, -4, 3, 6, -6, -6, -2, -2, 6, 6, 1, 1, 5, -2, 2, 1, 2, 0, -4, 5, 5, 1, 3, -2, 3, 2, 2, -4, -5, -2, -6, -6, 5, -1, 2, 4, 1, 3, -5, 2, 4, 5, 1, 3, 1, -1, -3, -6, 6, 4, -6, -4, 2, 6, 6, 1, -1, 5, 1, 4, 5, 6, 1, -6, 4, -4, -2, 3, -5, 3, 3, 5, 4, 0, -5, -4, 3, 6, -3, 1, -3, -4, 6, 1, 5, -3, -5, -3, -6, 3, 4, 5, -3, -6, 3, -3, -1, -2, 1, 5, -3, 2, 5, -4, 0, 0, -6, -6, 6, -3, 4, -4, -4, -3, 4, 6, -3, 0, 1, -6, 0, 6, 2, 0, 2, -2, -3]
 
1.91048883768: [6, 6, 5, -3, 0, -6, 4, -2, 4, -4, -6, 6, 3, 2, 0, 1, 3, 4, 0, -5, -1, 5, 1, 6, -2, -6, 4, -5, 6, 4, 5, 0, -6, -5, -1, -2, 5, 1, 3, -2, -5, 4, -2, -6, 3, 1, -1, -3, -5, 6, 4, -1, -4, 3, -2, 6, -6, -4, 5, -2, -3, -2, 0, 5, -6, -6, -4, -2, -4, -1, 6, 5, 5, -4, 5, -5, -4, 3, 6, -2, 1, -3, -4, 0, 1, 5, -3, -5, -3, 0, 3, 4, 5, 3, 2, -4, -2, -1, -6, 1, -4, 4, 2, 5, -4, 2, 0, 3, -6, 2, -3, 4, 6, 5, -3, 4, 6, -3, 0, 1, -6, 0, -5, 2, 0, -2, 5, -3]
 
0.519324614627: [-5, -1, 0, 4, 4, -6, -6, -2, 4, -4, 2, -6, 2, -5, 4, 1, 0, 0, 2, 0, 4, -4, 3, -2, 1, 0, 5, 4, -3, 4, 6, 2, -2, 2, -5, 4, 2, -5, -1, -1, 0, -2, -1, 5, 6, 1, 6, 0, -6, 6, -5, -1, 6, 1, -1, -6, -2, 1, 6, -4, -6, 6, 0, 4, -2, 6, -4, 6, -6, -4, 6, -4, -3, 5, 2, -4, 5, 3, 1, -2, 1, -3, 5, 5, 1, 5, 0, -5, 4, 0, 2, 4, 0, 3, 2, -4, 3, -1, 5, 1, -5, 4, 4, -5, 0, 2, 0, 4, 4, 0, -3, -1, 6, -5, -2, 4, -1, -3, 0, 5, -6, -5, 3, 6, 0, -2, 5, -3]
 
-1000: [4, -3, 3, -1, -5, -6, -5, -5, -6, -4, 2, 5, -6, 2, 1, 1, -5, -2, 0, -5, -1, 5, 0, -3, -6, -3, -2, -5, -6, 5, 1, -6, -4, -5, -1, -5, 6, -2, 3, 2, 3, 4, -2, 1, -4, 1, 5, 6, -2, 5, 4, -5, -2, 3, -2, 5, 3, 1, 1, -1, -5, -2, 0, 5, 4, 0, -6, -2, -3, -5, -5, 5, 5, -4, -5, -5, -2, 6, -3, -4, -4, -3, 2, 3, 5, 3, -4, -3, -6, 2, 5, 5, -5, -5, -2, 1, -2, 2, 3, -2, 6, -5, 3, -4, 6, 1, -3, 2, -2, 3, -4, 5, 6, -1, 5, -1, 6, -4, -1, -2, 6, -2, -6, -1, -5, 5, -1, -3]
 
0.780339187731: [6, -1, -3, 3, 6, -6, -6, -2, 5, -6, -4, 0, 6, 3, 4, 1, 1, 2, 0, -4, -6, 0, -1, -3, 5, -6, -2, -3, 6, -5, -4, 0, -6, 2, -1, 5, 4, 0, 6, -2, 2, 4, -2, 6, -6, -4, 2, -4, 6, 6, 5, -5, -4, 3, -2, -2, -5, 3, 5, -2, -2, -2, 0, 5, 4, -6, -3, -2, -4, -5, 6, 5, 5, -4, -5, -5, -5, 3, -1, -2, 1, 6, -4, 5, -1, 5, -3, -5, -3, 0, 3, 4, 5, 3, 5, -4, -6, 2, -6, 1, -4, 4, 2, 0, 0, -4, 0, -5, -4, 2, 5, 3, 6, 5, 0, 4, 6, -2, -5, -4, -6, 0, -5, -4, 0, 4, 5, 6]
 
1.94800045015: [0, -3, -1, -5, 6, 4, 1, -2, 3, 4, -5, 5, 1, -4, -1, 4, -5, 4, 0, -2, -1, 5, 1, 6, -2, -6, 4, -4, 2, 4, 5, 1, -6, 5, 1, -2, 5, 1, 3, -2, 6, -3, 0, -2, 3, 1, -1, -3, -5, 6, 4, -1, -4, 3, -2, 6, -6, -4, 5, -2, -3, -2, 0, 5, -6, -6, -4, -2, -4, -1, 6, 5, 5, -4, 5, -5, -4, 3, 6, -2, 1, -3, 5, 5, 1, 5, 0, -5, 4, 0, 2, 4, 0, 3, 2, -4, 3, -1, 5, 1, -5, 4, 4, -5, 0, 2, 0, 4, 4, 0, -3, -1, 6, -5, -2, 4, -1, -3, 0, 5, -6, -5, 3, 6, 0, -2, 5, -3]
 
1.49013397049: [-1, -3, 4, 6, 6, -6, -6, -2, 6, -6, -2, -1, -5, -4, 4, 1, -5, 0, 5, 6, -1, 5, 1, 6, -2, -6, 4, -5, 6, 4, 5, 1, -6, 5, 1, -2, 5, 1, 3, -2, 6, -3, 0, -2, 3, 1, -1, -3, -5, 6, 4, -1, -4, 3, -2, 6, -6, -4, 5, -2, -3, -2, 0, 5, -6, -6, -4, -2, -4, -1, 6, 5, 5, -4, 5, -5, -4, 3, 6, -2, 1, -3, 5, 5, 1, 5, 0, -5, 4, 0, 2, 4, 0, 3, 2, -4, 3, -1, 5, 1, -5, 4, 4, -5, 0, 2, 0, 4, 4, 0, -3, -1, 6, -5, -2, 4, -1, -3, 0, 5, -6, -5, 3, 6, 0, -2, 5, -3]
 
0.154456148384: [2, 5, 1, -5, -3, 4, -2, -2, 3, -4, -5, 5, 3, 5, -1, 4, -5, 4, 2, -2, -1, -2, 3, 6, -2, -5, 1, 1, 2, -3, 5, 0, -6, -5, 6, -2, 5, 1, 3, -2, -5, 4, -2, 1, 3, 1, -3, -3, -5, 6, 4, -1, -3, 3, 2, 3, -6, -4, 5, 4, -3, -2, 0, 5, -6, -6, -1, 6, -4, -1, -5, 5, 0, -4, 5, -2, 2, 6, 2, 6, 5, -3, -4, -3, 3, -5, 5, -4, 5, 3, -1, 1, 5, -3, -2, -2, -2, -1, -6, 1, -4, 1, 5, 6, -6, 6, -1, 2, 4, -1, 3, 4, 5, 5, -3, 1, 1, -3, 0, 1, -6, 0, -5, 2, 0, -2, -4, -3]
 
1.33810062704: [-6, -3, 3, -5, 3, -6, 6, -2, 5, -6, 2, 1, 6, -4, 4, 2, 1, 2, 0, -4, -6, 5, 1, 6, -2, -6, 2, -5, 6, -5, -4, 0, -6, -2, -1, 5, 4, 1, 3, -5, 2, 4, -2, -6, -6, 1, 2, -3, 6, 6, 4, -5, -4, 3, -2, -2, 3, 3, 5, -1, -5, -2, 0, 5, 4, -6, -6, -2, -4, -5, 6, 5, 5, -4, -5, -5, -2, 3, 1, -2, 1, -3, 5, 5, 1, 5, 0, -5, 4, 0, 2, 4, 0, 3, 2, -4, 3, -1, 5, 1, -5, 4, 4, -5, 0, 2, 0, 4, 4, 0, -3, -1, 6, -5, -2, 4, -1, -3, 0, 5, -6, -5, 3, 6, 0, -2, 5, -3]
 
0.488722714231: [6, 3, -4, 3, -6, 4, -6, 2, -3, -2, 5, 4, -3, 2, 1, 2, -1, 2, -1, -4, -3, 3, -1, 2, 2, 0, -2, 6, -3, 4, 6, 2, -2, 0, -2, 3, 0, 3, -3, -1, 4, 2, -3, -5, -5, -6, 3, 0, 3, -5, -1, 2, -3, 2, 2, -6, -2, -5, -5, 1, 3, -1, 5, -5, 0, 1, -1, -2, 3, -2, 6, -4, 6, 2, 1, -4, -1, 6, 3, 0, 5, -5, -4, -6, 5, 6, -3, 1, -6, 0, 0, 4, -5, 3, 2, 0, 3, -6, 1, 1, -4, 4, 2, 5, -4, 2, 0, 3, -4, 2, -3, -1, -6, 5, -3, -4, 4, -3, 0, 1, -1, 0, -5, 2, 0, -3, 5, -3]
 
1.66549965788: [-1, -1, 6, -4, 0, -6, 3, 2, 6, -6, 1, -1, -5, -2, 4, -3, 0, -5, 5, -1, -5, 4, 1, 5, -4, 2, 4, 0, 6, 3, 5, 4, -1, 1, -1, -2, 5, -3, 4, 1, 2, 6, -2, -2, 4, 3, 6, 1, 0, -2, 4, -1, -4, 2, -2, 6, -3, 3, 3, -5, 3, -6, -6, -5, -5, -3, -3, 4, -4, -4, 0, 1, -6, 2, -5, 2, -6, 1, 3, 5, -2, 0, 1, -1, -3, 6, 2, 4, -5, 1, -3, -5, -2, 3, -3, -6, 3, -5, 4, 4, -2, -5, 4, 4, -2, 2, -5, -6, -1, 2, 0, 6, 3, -3, -4, 0, -6, 5, -5, 6, -4, -6, -4, 0, 0, 3, 4, -6]
 
0.429557204282: [0, -3, -5, 3, 6, -6, 1, -2, 1, -6, 0, 5, -5, -4, 4, 0, -5, 4, 0, -5, 4, 5, 1, 4, -4, -6, 4, -5, 6, 4, 5, 0, -5, -4, -4, -2, 5, 3, 3, -2, -5, 4, -2, -2, 3, -2, -1, -3, 4, -1, 4, -6, -4, 4, 3, 1, 1, 2, 5, -6, -6, -3, 0, 1, -6, 4, 0, 3, 2, -5, -4, 5, 5, -1, -3, -5, -4, 3, 1, -2, -3, 2, -4, 1, -3, 5, -5, 3, -3, 0, 3, 4, -3, 3, 2, -6, 3, -1, 4, 4, -2, -2, 4, 4, -5, 3, -6, 6, 4, -3, 4, 1, 0, 4, 6, -1, -4, -6, 6, -5, -1, 6, 4, -6, -5, -4, -6, -6]
 
0.399682825679: [0, -3, -5, 3, 6, -6, -6, -2, 3, -6, 2, -1, -5, -4, 4, 1, -5, 4, 0, -5, -1, 5, 1, 6, -2, -6, 4, -5, 6, 4, 5, 0, -6, -5, -1, -2, 5, 1, 3, -2, -5, 4, -2, -6, 3, 1, -1, -3, -6, 6, 4, -5, -4, 3, -2, -2, 3, 3, 5, -1, -5, -2, 0, 5, 4, -6, -6, -2, -4, -5, 6, 5, 5, -4, -5, -5, -2, 3, 1, -2, 1, -3, 5, 5, 1, 5, 0, -5, 4, 0, 2, 4, 0, 3, 2, -4, 3, -1, 5, 1, -5, 4, 4, -5, 0, 2, 0, 4, 4, 0, -3, -1, 6, -5, -2, 4, -1, -3, 0, 5, -6, -5, 3, 6, 0, -2, 5, -3]
 
1.24392085971: [-6, -3, 3, -5, 3, -6, 6, -2, 5, -6, 2, 1, 6, -4, 4, 2, 1, 2, 0, -4, -6, 5, 1, 6, -2, -6, 2, -5, 6, -5, -4, 0, -6, -2, -1, 5, 4, 1, 3, -5, 2, 4, -2, -6, -6, 1, 2, -3, 6, 6, 4, -5, -4, 3, -2, -2, 3, 3, 5, -1, -5, -2, 0, 5, 4, -6, -6, -2, -4, -5, 6, 5, 5, -4, -5, -5, -2, 3, 1, -2, 1, -3, 5, 5, 1, 5, 0, -5, 4, 0, 2, 4, 0, 3, 2, -4, 3, -1, 5, 1, -5, 4, 4, -5, 0, 2, 0, 4, 4, 0, -3, -1, 6, -5, -2, 4, -1, -3, 0, 5, -6, -5, 3, 6, 0, -2, 5, -3]
 
3.58106497486: [0, -3, -1, -5, 6, 4, 1, -2, 3, 4, -5, 5, 1, -4, -1, 4, -5, 4, 0, -2, -1, 5, 1, 6, -2, -6, 4, -4, 2, 4, 5, 1, -6, 5, 1, -2, 5, 1, 3, -2, 6, -3, 0, -2, 3, 1, -1, -3, -5, 6, 4, -1, -4, 3, -2, 6, -6, -4, 5, -2, -3, -2, 0, 5, -6, -6, -4, -2, -4, -1, 6, 5, 5, -1, 5, -5, 3, 3, 4, -2, -6, 6, 3, -5, 6, 5, -3, 2, 0, -1, 5, 5, 3, -1, 3, -5, -1, -2, -5, -6, 5, -2, 3, -1, -6, -2, -6, 6, 4, -3, 4, 1, 0, 4, 6, -1, -4, -6, 6, -5, -1, 6, 4, -6, -5, -4, -6, -6]
 
0.453554146152: [-5, -3, -5, 3, 6, -5, 3, 5, 3, -6, 2, -3, 3, -6, -5, 1, -2, 4, 0, 2, -1, 5, -2, 6, -2, -5, 0, -5, -2, -5, 0, 0, -6, -1, 0, -2, 4, -5, 3, -4, -5, 1, -2, -3, -4, 1, 6, -3, 3, 5, 5, 5, -4, 1, 2, -2, 2, 2, 5, 4, -2, -2, -2, 1, 4, 4, -4, 2, -5, 0, 5, 5, 5, -4, 3, -5, -3, -5, -6, -2, -2, 4, 6, -2, 5, 5, -1, -2, 5, -1, 2, -4, 3, -2, 2, -4, 3, -6, 3, 6, -6, -5, 4, 5, 0, 3, 0, 4, -3, 1, 0, -6, -4, -3, -2, 4, 0, -4, 0, 5, -6, 5, -1, 6, 5, -3, 5, 0]
 
1.80007009098: [0, -3, -5, 3, 6, -6, 1, -2, 1, -6, 0, 5, -5, -4, 4, 0, -5, 4, 0, -5, 4, 5, 1, 4, -4, -6, 4, -5, 6, 4, 5, 0, -5, -4, -5, 5, 1, -6, 3, 2, -4, -2, -6, -3, -2, 0, -1, 6, 3, 6, 3, 1, -6, 5, -2, 6, -6, 0, 5, -6, -3, -2, 6, 1, -6, 2, -4, 3, -5, -3, 3, 1, 4, -1, 5, -5, -4, 1, 6, -5, 1, -3, -4, 6, -4, 5, 6, -5, -3, 2, 0, 4, 5, 3, 2, -4, -5, 5, -6, 1, -4, -6, 2, 5, -4, 2, -5, 3, -6, -5, -3, 4, -4, 5, 0, 4, 6, -3, 0, 1, -6, 3, -5, 6, 0, -2, 5, 4]
 
1.27182447369: [0, -3, -1, -5, 6, 4, 1, -2, 3, 4, -5, 5, 1, -4, -1, 4, -5, 4, 0, -2, -1, 5, 1, 6, -2, -6, 4, -4, 2, 4, 5, 1, -6, 5, 1, -2, 5, 1, 3, -2, 6, -3, 0, -2, 4, 1, 6, -3, 4, 6, -5, -6, -4, 3, 1, -2, 3, -3, 5, 4, -6, -2, 0, 5, -6, -6, -4, -2, -4, -3, 6, 5, 5, -4, 5, -5, -4, 3, 6, -2, 1, -3, -4, -2, 3, -5, 1, -6, -4, 6, 6, 6, 5, -3, 4, -4, -2, -3, -1, 4, -2, -6, 2, 5, -4, 2, 0, 3, -6, 2, -3, 4, 6, 5, -3, 4, 6, -3, 0, 1, -6, 0, -5, -4, 0, 1, 5, 6]
 
0.410937622383: [-6, -3, -5, 3, 6, -6, 1, -4, 1, -5, -1, 6, -4, -4, 0, 0, -5, 4, 4, -5, 4, 5, 1, 4, -4, 4, 4, -5, -1, 4, 2, 2, -2, 2, -5, 4, -6, 1, -1, -1, 0, -2, 3, 5, 4, 1, -3, 0, -5, 6, -5, 0, 6, 1, -1, -4, 0, 1, 2, 2, -5, 6, 3, 4, -4, 6, -4, 6, -6, -6, -2, -4, -2, 5, -5, -4, 5, 3, 1, 2, 1, -3, 3, -5, 0, 5, -1, -5, 4, -3, 2, 4, 0, -5, 1, -4, 3, -1, 5, 1, -5, 2, -5, 3, 0, 2, 0, 4, 4, 0, -6, -1, 6, -5, -1, 5, -1, 6, 0, -4, -6, -5, 3, 6, 0, 1, 5, -3]
 
0.549812364301: [-5, -1, 0, 4, 4, -6, -6, -2, 4, -4, 2, -6, 2, -5, 4, 1, 0, 0, 2, 0, 4, -4, 3, -2, 1, 0, 5, 4, 6, 4, 5, 0, -5, -4, -4, -2, 5, 3, 3, -2, -5, 4, -2, -2, 3, -2, -1, -3, 4, -1, 4, -6, -4, 4, 3, 1, 1, 2, 5, -6, -6, -3, 0, 1, -6, 4, 0, 3, 2, -5, -4, 5, 5, -1, -3, -5, -4, 3, 1, -2, -3, 2, -4, 1, -3, 5, -5, 3, -3, 0, 3, 4, -3, 3, -5, -2, -2, -1, -6, 3, -4, 4, 2, -1, 4, 2, 0, 3, -3, 2, 4, 5, 0, 4, 1, 4, 6, -3, 0, 1, -6, 3, -5, 6, 0, -2, 5, 4]
 
