1.1715885110940274: [0, 0, 3, -4, 0, -6, 1, -1, 3, 4, -5, -2, 4, -6, -2, -4, -2, 1, -5, -1, -1, -3, -1, 6, 6, 1, 3, -6, 2, 5, -4, 1, -4, -6, -3, 1, 3, 6, 6, -1, 0, 1, -2, -6, -6, -5, -5, -3, 5, 0, 0, 3, -2, 3, -2, -2, 2, 0, 5, 0, -5, -2, -6, -6, -6, 6, 4, -2, -4, -1, 6, -1, 5, -2, -3, -5, -4, 6, 4, -2, 1, -3, 1, 0, 1, 5, -3, -5, -3, 6, 3, 4, 5, -6, 6, -4, 2, -1, -6, 1, -4, -6, 2, 5, -4, -1, -4, 3, -6, -6, -3, -2, 0, 4, 5, -1, -4, -5, 6, -5, -1, 6, 4, -6, 4, -6, -3, 4]
 
1.526074841823444: [0, -3, -3, 2, 3, -6, 0, -2, 3, -4, -2, 6, -2, 2, 0, 1, 3, -6, 0, -5, -1, -6, 1, 5, -6, 0, 4, -6, 6, 2, -1, 3, -5, 2, 6, 5, -6, 1, 6, -5, -5, 4, 4, 6, -4, 1, 0, -3, 2, -6, -3, 5, 4, 3, 4, 6, -6, -6, 5, 6, -3, -2, 3, 2, 1, -6, -4, 2, 3, -6, 3, 5, 0, 3, -1, -6, -5, 2, -5, 0, -2, -3, -4, 4, -4, 5, -1, 6, 4, 0, 3, -2, 2, -6, 3, 5, -5, 5, -4, -6, 5, -2, -4, -6, -2, -2, -5, 1, -6, -6, -5, 2, 0, 4, 5, -5, -4, -4, -6, -1, 3, 6, -2, 4, -6, -6, 4, 4]
 
2.456789198736747: [0, -3, -1, -5, 6, 4, 1, -2, 5, -6, 2, 1, 6, -4, 4, 2, 1, 2, 2, -5, 3, 5, -1, 6, -2, -6, 6, -1, 6, 5, 5, 0, -6, -5, -1, -2, 5, -4, 3, -2, -5, 4, -3, -6, -5, 1, -1, -2, 1, 6, 3, -1, -4, 3, -2, 6, -6, -4, 5, -2, -3, -2, 0, 5, -6, -6, 0, -2, -4, -1, 6, 5, 5, 4, 4, -5, -4, 3, -5, -2, 2, 3, 5, -5, 6, 5, -3, -1, 4, 4, 5, -4, 3, -4, 4, -5, -1, -2, -5, -6, -6, -3, -4, 6, -3, 2, 3, 3, -6, -5, -3, 3, 0, 4, 5, -1, -4, 0, -6, -4, 3, 6, -4, -6, -5, -4, -3, -3]
 
1.9487403902738003: [-1, -3, 4, 6, 6, -6, -6, -2, 6, -6, -6, 6, 3, 2, 0, 1, 3, 4, 0, -5, -1, 5, 1, 5, -4, 3, 4, 5, -2, 0, 5, 0, -6, -5, -1, -2, 5, -4, 3, -2, -5, 4, -3, -6, -5, 1, -1, -2, 1, 6, 3, -1, -4, 3, -2, 6, -6, -4, 5, -2, -3, -2, 0, 5, -6, -6, -4, -2, -4, -1, 6, 5, 5, -4, 5, -5, -4, 3, 6, -2, 1, -3, -4, 0, 1, -3, 5, -4, -6, 5, -3, 4, 2, 6, -2, -2, -2, -1, -6, -4, -4, -5, -4, 5, -3, 6, 1, 3, -6, 3, 4, 4, 1, 5, 0, 4, 6, 3, 4, -6, -6, -2, 3, 6, -2, -2, -3, -3]
 
1.0929768352127027: [0, 0, 3, 6, 3, -6, 1, -1, 5, -2, 0, 6, 0, 6, 4, 2, 1, 2, 2, 4, 3, 5, -1, 2, -2, -6, 6, -1, -5, 5, 5, -6, 0, -5, -4, -2, 5, -4, 3, -2, 0, -2, 2, 3, 0, 1, -3, -3, 0, 6, 4, -1, -4, 2, -2, 6, -3, -4, 5, -2, -6, -2, 0, 5, 0, -6, -6, -6, -1, -2, 6, 4, -2, 4, -3, -5, -4, 6, 4, -2, 1, -3, 1, -6, 1, 5, -3, -5, -3, 6, -6, 1, 5, -6, 6, -4, -3, -1, -2, 1, -4, 1, 2, 5, -4, -1, -4, -4, 3, -6, -3, -2, 0, -3, -1, -1, 6, -5, 6, -5, -1, 6, 4, -6, 4, -6, -3, -2]
 
1.859750824888495: [0, -3, 2, 6, -6, -6, -6, 2, 3, -6, 2, 1, 6, -4, 4, 2, -2, 2, 2, -4, 3, 5, -1, 6, -2, -6, 4, -4, 2, 5, 5, 0, -6, -5, -1, -2, 5, -4, 3, -2, -5, 4, -3, -6, -5, 1, -1, -2, 1, 6, 3, -1, -4, 6, 4, -6, 3, 2, 5, -1, -6, -2, 0, 5, -6, -6, -4, 3, -4, -1, 2, 5, 5, -4, 5, -5, -4, 3, 6, -2, 1, -3, -4, 0, 1, -3, 5, -4, -6, 5, -3, 4, 2, 6, -2, -2, -2, -1, -6, -4, -4, -5, -4, 5, -3, 6, 1, 3, -6, 3, 4, 4, 1, 5, 0, 4, 6, 3, 4, -6, -6, -2, 3, 6, -2, -2, -3, -3]
 
2.4206640039791893: [0, -3, -1, -5, 6, 4, 1, -2, 5, -6, 2, 1, 6, -4, 4, 2, 1, 2, 2, -5, 3, 5, -1, 6, -2, -6, 6, -1, 6, 5, 5, 0, -6, -5, -1, -2, 5, -4, 3, -2, -5, 4, -3, -6, -5, 1, -1, -2, 1, 6, 3, -1, -4, 3, -2, 6, -6, -4, 5, -2, -3, -2, 0, 5, -6, -6, -4, -2, -4, -1, 6, 5, 5, -1, 5, -3, 3, 6, -5, -6, 3, 5, -6, -3, 3, 5, 0, -5, -3, 0, 3, 5, 3, -1, 3, -5, -1, -2, -5, -6, 5, -2, 3, -1, -6, -2, -6, 6, 4, -3, 4, 1, 0, 4, 6, -1, -4, -6, 6, -5, -1, 6, 4, -6, -5, -4, -6, -6]
 
3.002316992055702: [0, 3, 4, -5, -4, -6, 3, -2, -3, -6, -4, -1, -5, 0, 0, 1, -1, 4, 0, -5, -1, 5, -1, 6, -6, 4, 2, -5, 0, -4, -4, 0, 0, -2, -1, 2, 4, 1, 3, -5, 6, -3, -2, 5, -6, 1, 2, 6, -6, 6, 4, 3, -4, 6, 4, -6, 3, 2, 5, -1, -6, -2, 0, 5, -6, -6, -4, 3, -4, -1, 2, -1, 5, 4, 4, -5, -4, 3, -5, -2, 2, 3, 5, -5, 6, 5, -3, -1, 4, 4, 5, -4, 3, -4, 4, -5, -1, -2, -5, -6, -6, -3, -4, 6, -3, 2, 3, 3, -6, -5, -3, 3, 0, 4, 5, -1, -4, 0, -6, -4, 3, 6, -4, -6, -5, -4, -3, -3]
 
1.7749098874689455: [1, -1, 3, -5, -1, -6, 5, -6, -2, 4, 4, -5, 0, 4, -2, 3, 0, 2, 1, 1, -5, 5, -5, 4, -5, 0, -2, 0, -6, 1, 5, -4, -4, 5, -1, 4, 0, 1, 4, 0, 0, 1, -4, 0, -2, 6, -5, 3, -1, 6, 4, -1, -4, 3, -2, 6, -6, -4, 5, -2, -3, -2, 0, 5, -6, -6, 0, -2, -4, -1, 6, 5, 5, -4, 5, 0, -5, 3, 4, -2, 1, -3, 1, 0, 1, 5, -3, -5, -3, 6, 3, 4, 5, -6, 6, -4, 2, -1, -6, 1, -4, -6, 2, 5, -4, -1, -4, 3, -6, -6, -3, -2, 0, 4, 5, -1, -4, -5, 6, -5, -1, 6, 4, -6, 4, -6, -3, 4]
 
1.53839662811: [-1, 6, -5, 2, 0, -6, 0, 5, -6, -4, -6, 6, 3, 2, 0, 1, 3, 4, 0, -5, -1, -6, 1, 6, 1, 0, -1, -5, 6, 3, -5, 3, -5, 2, 6, 5, -6, -5, 6, 0, -1, -5, -2, -1, 4, 0, 3, -3, -5, 5, 5, -5, -4, 3, -2, 6, 4, 2, 5, -2, -3, -2, 0, -5, -5, -6, -4, -3, -4, -1, 6, 5, 5, -1, -5, -5, -5, -5, 4, -2, -6, 6, 3, -5, -6, 5, -1, 2, 0, -1, 5, 1, 3, -1, 3, -5, -1, -2, -5, -6, -4, 1, 3, -1, -6, -2, -6, 6, 4, -4, 4, 1, -6, -2, 1, 2, 6, 6, -2, -5, -3, 6, 2, -6, 1, -4, 2, -3]
 
1.7806012751570908: [0, -3, 1, -5, 6, -5, 1, -3, 5, -6, 1, 6, 3, 2, 0, 1, 3, -2, 0, -5, -1, 1, 1, -1, -2, -6, 4, -5, 6, 4, 5, 0, -6, -5, -1, -2, 5, 1, 3, -2, -5, 4, -2, -6, -6, 1, -1, -5, -5, 6, 4, -1, 2, 3, -2, 4, -6, -4, 5, 5, 4, -2, 0, 5, -6, -6, -4, -2, -3, -1, 6, 1, 5, -4, 5, -5, -4, -5, 6, -2, 3, -3, -4, -2, -5, -6, -3, 2, -5, -4, 3, -6, 3, 4, 3, -5, -1, -2, -5, -6, 5, -2, -3, -1, -6, -2, -6, 5, 4, -3, 4, 1, 0, -2, 0, 0, -4, 5, 2, -6, -1, -4, -4, 1, -5, 6, -2, -4]
 
1.6689079732001084: [0, -3, -1, -5, 6, 4, 1, -2, 5, -6, 2, 1, 6, -4, 4, 2, 1, 2, 2, -5, 3, 5, -1, 6, -2, -6, 6, -1, 6, 5, -3, 5, -5, -6, -4, 1, 5, -3, 3, -2, -5, -4, -2, -2, 5, 3, 2, -3, 4, -1, 4, -4, 5, -5, 3, 1, 1, 5, 5, -6, -6, -5, 0, 1, -2, -6, -5, -2, 3, -1, 6, 5, 5, -1, 5, -5, 3, 3, 4, -2, -6, 6, 3, -5, 6, 5, -3, 2, 0, -1, 5, 5, 3, -1, 3, -5, -1, -2, -5, -6, 5, -2, 3, -1, -6, -2, -6, 6, 4, -3, 4, 1, -6, -2, 0, 4, 6, 6, 5, -5, -3, 6, 2, -6, 1, -4, 2, -3]
 
1.1864670691027936: [5, 6, -3, 2, 0, -6, 0, -2, 4, -4, -6, 6, 3, 2, 0, 1, 3, 4, 0, -5, -1, -6, 1, -4, -6, 0, 4, -5, 6, 2, -1, 3, -5, 2, 6, 5, -6, 1, 6, 0, -5, 4, -2, -6, -4, 1, 0, -3, -5, -6, 4, 5, 4, 3, 4, 6, -6, -4, 5, 6, -3, -2, 3, 5, 1, -6, -4, 2, 3, -6, 6, 5, 0, -1, 5, -3, -4, 3, -5, 0, 6, -3, -4, 4, 2, 5, -1, 6, 4, 0, 3, -2, -5, -1, 3, 5, -5, 5, -2, -6, 5, -2, -4, -6, -4, -2, -5, 1, -6, -6, 1, 2, 0, 4, -5, -5, -4, -4, 6, -1, -1, 6, 6, 4, 6, -6, 4, 4]
 
0.516394282306: [-1, -1, 3, -5, -1, 6, 5, -6, -2, 4, 4, -5, 0, 4, -2, -3, 0, 2, 1, 1, 4, 5, -5, 4, -5, 0, -2, -2, -6, 1, -6, -4, -2, 3, 4, 4, 2, 1, 4, 0, -3, 4, -2, -6, -4, 1, -4, 1, -5, -6, 4, 5, 4, 4, 4, -5, -6, -4, 4, 6, -3, -1, 3, 5, 1, -6, -4, 2, 5, 6, 6, 5, -3, 3, 5, -3, -4, 3, -5, -2, 6, -3, -4, 4, 2, -4, -1, 6, 4, 0, 3, -2, 1, 0, 3, 5, -5, 5, -2, -6, 6, -2, -4, -6, -4, -2, -5, 2, -6, -6, 1, 2, 0, 2, -5, 5, -3, -4, 6, -4, -6, 6, 6, 4, 6, -5, 4, 4]
 
0.330617660923: [1, -1, -3, 6, -4, -1, 4, -6, 1, -1, 4, -4, 0, 4, -1, 1, 0, 2, 5, 0, -5, 5, 1, 4, -5, -4, 0, 0, -6, 1, -2, -4, 6, 5, -1, 3, 0, 1, -6, -5, 1, 2, 3, 0, 6, -4, -5, 5, -1, 1, -1, 4, -4, 3, -6, -4, -6, -1, 6, 4, 0, -2, 0, 5, -6, 5, -4, -2, -2, 1, -2, 5, 0, 6, 1, 2, 3, 3, 4, -2, 5, 4, 3, -5, 6, -4, -3, 2, 0, -1, 5, 5, -1, 2, 0, -5, -1, -2, -1, 6, 5, -2, 3, 6, -3, -2, 3, 3, 6, -1, 4, 1, -3, 0, 6, -2, -2, 3, 3, 2, 4, 6, 2, -6, 1, -6, 2, -3]
 
2.5117710010284378: [0, 0, 3, -4, 0, -6, 1, -1, 3, -2, -6, 6, 3, 6, 4, 2, 1, 2, 2, -5, 3, 5, -1, 6, -2, -6, 6, -1, 6, 5, 5, 0, -6, -5, -1, -2, 5, -4, 3, -2, -5, 4, -3, -6, -5, 1, -1, -2, 1, 6, 3, -1, -4, 3, -2, 6, -6, -4, 5, -2, -3, -2, 0, 5, -6, -6, -4, -2, -4, -1, 6, 5, 5, -1, 5, -3, 3, 6, -5, -6, 3, 5, -6, -3, 3, 5, 0, -5, -3, 0, 3, 5, 3, -1, 3, -5, -1, -2, -5, -6, 5, -2, 3, -1, -6, -2, -6, 6, 4, -3, 4, 1, 0, 4, 6, -1, -4, -6, 6, -5, -1, 6, 4, -6, -5, -4, -6, -6]
 
1.48362871401: [0, 0, 3, 6, 3, -6, 1, -4, 5, -2, 0, 6, -3, 6, 0, 2, -2, 0, 2, 6, -1, 2, -1, -5, 2, -6, -1, 5, 6, 4, -3, 6, -6, -5, -5, 4, -4, -2, 5, -2, 1, 4, 1, 3, 0, 1, -3, -3, 0, -2, 4, -1, -4, 2, 5, 6, -3, -2, 5, -2, -6, -2, 0, -5, 0, -6, -6, -5, -4, -2, 6, 4, -1, 4, -3, -5, -4, 6, 4, -2, -6, 3, 3, -5, 6, 5, 2, -3, 0, -1, 5, 6, -6, -1, 3, -6, -6, -2, -6, -6, 5, -2, 2, -1, -6, -2, -6, -5, 4, -3, 4, 1, -6, -2, 0, 0, 6, 6, 5, -3, -3, 6, 1, -6, 1, -4, 2, -3]
 
2.3924063855704434: [0, -3, 2, 6, -6, -6, -6, 2, 3, -6, 2, 1, 6, -4, 4, 2, -2, 2, 2, -4, 3, 5, -1, 6, -2, -6, 4, -4, 2, 5, 5, 1, -6, 5, 1, -2, 5, 1, 3, -2, 6, -3, 0, -2, 3, 1, -1, -3, -5, 6, 4, -1, -4, 3, -2, 6, -6, -4, 5, -2, -3, -2, 0, 5, -6, -6, 0, -2, -4, -1, 6, 5, 5, -4, 5, 0, -5, 3, 4, -2, 1, -3, 1, 0, 1, 5, -3, -5, -3, 6, 3, 4, 5, -6, 6, -4, 2, -1, -6, 1, -4, -6, 2, 5, -4, -1, -4, 3, -6, -6, -3, -2, 0, 4, 5, -1, -4, -5, 6, -5, -1, 6, 4, -6, 4, -6, -3, 4]
 
2.3546767573140257: [0, -3, 1, -5, 6, -5, 1, -3, 5, -6, 1, 6, 3, 2, 0, 1, 3, -2, 0, -5, -1, 1, 1, -1, -2, -6, 4, -5, 6, 4, 5, 0, -6, -5, -1, -2, 5, 1, 3, -2, 6, -3, 0, -2, 3, 1, -1, -3, -5, 6, 4, -1, -4, 3, -2, 6, -6, -4, 5, -2, -3, -2, 0, 5, -6, -6, 0, -2, -4, -1, 6, 5, 5, -4, 5, 0, -5, 3, 4, -2, 1, -3, 1, 0, 1, 5, -3, -5, -3, 6, 3, 4, 5, -6, 6, -4, 2, -1, -6, 1, -4, -6, 2, 5, -4, -1, -4, 3, -6, -6, -3, -2, 0, 4, 5, -1, -4, -5, 6, -5, -1, 6, 4, -6, 4, -6, -3, 4]
 
0.158675248906: [0, 0, -3, 3, 3, 5, 1, 0, -3, -2, 0, 6, 0, -6, 4, 2, -2, 0, 2, -1, 4, 2, 1, -5, 2, -6, -1, -1, 3, 4, 3, 0, -6, -5, 4, -3, 2, 3, 5, -2, -5, -2, -2, 3, 0, 1, -3, -3, 0, 6, -2, -3, -3, -3, -2, -2, 1, -4, 5, -2, -6, -3, 0, 2, -4, -5, 1, 6, -1, -2, -6, 1, -3, -1, -3, 1, -5, 6, 4, 0, 1, -3, 6, 5, 6, 5, 4, -3, -3, 6, 0, 4, 5, -6, 2, -4, -3, -1, -2, 1, -4, -4, 2, 5, 6, 2, -4, -4, 3, 2, -3, -2, 0, -3, 1, -1, -4, -5, 6, 3, 5, 6, 4, -6, 1, 1, -3, -4]
 
1.7927824808986257: [0, -3, -1, -5, 6, 4, 1, -2, 5, -6, 2, 1, 6, -4, 4, 2, 1, 2, 2, -5, 3, 5, -1, 6, -2, -6, 6, -1, 6, 5, 5, 0, -6, -5, -1, -2, 5, -4, 3, -2, -5, 4, -3, -6, -5, 1, -1, -2, 1, 6, 3, -1, -4, 3, -2, 6, -6, -4, 5, -2, -3, -2, 0, 5, -6, -6, -4, -2, -4, -1, 6, 5, 5, -4, 5, -5, -4, 3, 6, -2, 1, -3, -4, 0, 1, -3, 5, -4, -6, 5, -3, 4, 2, 6, -2, -2, -2, -1, -6, -4, -4, -5, -4, 5, -3, 6, 1, 3, -6, 3, 4, 4, 1, 5, 0, 4, 6, 3, 4, -6, -6, -2, 3, 6, -2, -2, -3, -3]
 
1.9546819011663792: [-3, 1, 6, 1, -1, -6, -6, 2, 2, -4, 2, 1, 6, -4, 4, 2, -2, 2, 2, -4, 3, 5, -1, 6, -2, -6, 6, -1, 4, 5, 5, 0, -6, -4, 5, -2, 5, -4, 3, -4, -3, 4, -2, -6, 3, 1, -1, -3, -5, 6, 4, -1, -4, 3, -2, 6, -6, -4, 5, -2, -3, -2, 0, 5, -6, -6, -4, -2, -4, -1, 6, 5, 5, -4, 5, -5, 3, 3, 4, -2, -6, 6, 3, -5, 6, 5, -3, 2, 0, -1, 5, 5, 3, -1, 3, -5, -1, -2, -5, -6, 5, -2, 3, -1, -6, -2, -6, 3, 2, -1, -5, 4, 1, 5, 0, 4, 6, 3, 4, -6, -6, -2, 3, 6, -2, -2, -3, -3]
 
2.000628300471667: [6, 5, -4, 3, -4, -6, -6, -2, 5, -6, -1, 1, -2, 5, 4, 2, 1, 2, 0, -4, -6, 5, 1, 6, -2, -6, 4, -4, 2, 4, 5, 1, -6, 5, 1, -2, 5, 1, 3, -2, 6, -3, 0, -2, 3, 1, -1, -3, -5, 6, 4, -1, -4, 3, -2, 6, -6, -4, 5, -2, -3, -2, 0, 5, -6, -6, 0, -2, -4, -1, 6, 5, 5, -4, 5, 0, -5, 3, 4, -2, 1, -3, 1, 0, 1, 5, -3, -5, -3, 6, 3, 4, 5, -6, 6, -4, 2, -1, -6, 1, -4, -6, 2, 5, -4, -1, -4, 3, -6, -6, -3, -2, 0, 4, 5, -1, -4, -5, 6, -5, -1, 6, 4, -6, 4, -6, -3, 4]
 
1.274828919962173: [5, -6, -3, 0, 0, -4, -6, -2, -3, -2, 6, -3, 0, 1, 0, 2, -3, 6, 2, -5, -3, -4, 1, 6, 5, -6, 6, -4, 6, 5, -3, 0, -6, -4, 0, 4, -3, 5, 3, -2, -2, -1, -3, -6, -5, 1, -1, 0, 1, -1, -3, -1, -4, 3, -2, -3, -6, -4, -6, -2, 5, 6, -6, 5, -6, -6, 5, -2, 1, 1, -5, 5, 5, 1, 5, 6, 2, 3, -3, -5, 2, -2, -3, -5, 6, -5, -1, 2, 4, -1, 5, 5, 0, -5, 1, -5, -2, 5, -5, 0, 5, 3, 3, 2, -6, -2, -6, 6, 4, -3, 0, 1, -1, -2, 0, 4, 6, 1, 5, -6, -3, -2, -2, -6, 0, 4, 6, 4]
 
0.604230768462: [-6, -3, 1, 3, 2, 0, 1, -3, 2, -6, -5, -1, 6, -4, 4, 1, -2, 2, -6, -4, -2, 0, 1, 2, 6, -3, 0, -5, -2, -6, -4, -4, -6, -4, -5, -2, 0, -4, 5, 4, -1, 4, -3, -6, -4, 1, -5, -4, 6, 6, -6, 4, -4, 3, 2, 6, -6, -6, -3, 4, -3, 5, 3, -4, 5, -6, -6, 4, -5, -6, -3, 5, 6, 4, 3, -6, -4, 0, 1, -1, 6, 5, -1, -3, -4, 6, -6, -5, 3, -1, -6, -3, 4, 0, -4, -5, -3, 6, -2, -1, 3, 0, 3, -1, 3, -2, -3, 2, -3, -3, -4, -1, -3, -4, 5, -1, 4, -3, -2, -3, 6, -1, 4, -3, 4, 6, -6, -2]
 
1.981406770551576: [0, -3, -1, -5, 6, 4, 1, -2, 5, -6, 2, 1, 6, -4, 4, 2, 1, 2, 2, -5, 3, 5, -1, 6, -2, -6, 6, -1, 6, 5, 5, 0, -6, -5, -1, -2, 5, -4, 3, -2, -5, 4, -3, -6, -5, 1, -1, -2, 1, 6, 3, -1, -4, 3, -2, 6, -6, -4, 5, -2, -3, -2, 0, 5, -6, -6, -4, -2, -4, -1, 6, 5, 5, -1, 5, -5, 3, 3, 4, -2, -6, 6, 3, -5, 6, 5, -3, 2, 0, -1, 5, 5, 3, -1, 3, -5, -1, -2, -5, -6, 5, -2, 3, -1, -6, -2, -6, 3, 2, -1, -5, 4, 1, 5, 0, 4, 6, 3, 4, -6, -6, -2, 3, 6, -2, -2, -3, -3]
 
2.2355632376140697: [5, 6, -3, 2, 0, -6, 0, -2, 4, -4, -6, 6, 3, 2, 0, 1, 3, 4, 0, -5, -1, -6, 1, -4, -6, 0, 4, -5, 6, 2, -1, 3, -5, 2, 6, 5, -6, 1, 6, 0, -5, -5, -2, -2, 3, 1, -1, -3, -5, 6, 4, -1, -4, 3, -2, 6, -6, -4, 5, -2, -3, -2, 0, 5, -6, -6, -4, -2, -4, -1, 6, 5, 5, -1, 5, -5, 3, 3, 4, -2, -6, 6, 3, -5, 6, 5, -3, 2, 0, -1, 5, 5, 3, -1, 3, -5, -1, -2, -5, -6, 5, -2, 3, -1, -6, -2, -6, 6, 4, -3, 4, 1, -6, -2, 0, -1, 4, 0, -6, 6, -2, 0, 5, -6, -3, 6, 4, -3]
 
1.208549145842213: [3, 6, -3, 2, -2, -6, 0, -2, 4, 6, -2, 6, 3, 2, 5, -4, 3, 4, 0, -5, -1, -1, 1, -4, -1, 0, 4, -5, -1, 2, -1, 3, -5, 2, 1, 5, -6, 1, 6, 0, -5, 4, -2, -6, -4, 1, 0, -3, -5, -6, 5, 4, 4, 1, 4, 6, -6, -4, 5, 6, -3, -2, 3, 5, 1, 2, 2, 6, 1, 5, 4, 5, 0, -1, 5, -3, -4, 1, -5, -5, 6, -3, 3, 4, 1, -6, -3, 6, 4, 0, -1, -2, 0, 4, 3, 4, -5, 5, -2, -6, 5, -2, -4, -6, -4, -2, -5, 1, -6, -6, 1, 3, 0, 4, -5, -5, -4, -4, 6, -1, -1, 6, 6, 4, 6, -6, 1, 4]
 
1.9720484826892946: [0, -3, 1, -5, 5, -5, 1, 4, -2, -6, 2, 1, 6, -4, 4, 2, -2, 0, 2, 6, -1, 2, 1, -5, 2, -6, -1, -5, 6, 4, 3, 0, -6, -5, -1, 4, 6, 3, 5, -2, 1, 4, -2, 3, 0, 1, -3, -3, 0, 6, 4, -1, -4, 2, -2, 6, -3, -4, 5, -2, -6, -2, 0, 5, 0, -6, -6, -2, -4, -1, 6, -1, 5, -2, -3, -5, -4, 6, 4, -2, 1, -3, 1, 0, 1, 5, -3, -5, -3, 6, 3, 4, 5, -6, 6, -4, 2, -1, -6, 1, -4, -6, 2, 5, -4, -1, -4, 3, -6, -6, -3, -2, 0, 4, 5, -1, -4, -5, 6, -5, -1, 6, 4, -6, 4, -6, -3, 4]
 
1.7063666722720718: [0, -3, 1, -5, 5, -5, 1, 4, -2, -6, 2, 1, 6, -4, 4, 2, -2, 0, 2, 6, -1, 2, 1, -5, 2, -6, -1, -5, 6, 4, 3, 0, -6, -5, -1, 4, 6, 3, 5, -2, 1, 4, -2, -6, -5, 1, -2, -2, 6, 6, 3, -1, -4, 0, -2, -2, 1, -1, 5, -2, -3, -2, 0, 5, -6, 2, -4, -1, -4, -2, 6, -3, -1, 2, 4, -5, -4, 3, 6, -2, 4, 1, -3, -6, -6, 1, -3, 3, -6, -5, 5, -4, 3, -1, -3, -5, 4, -2, 2, -6, 5, -2, 3, -1, -6, -2, -6, 2, 4, -3, 4, 1, -6, -6, 0, 0, -3, 5, 5, 6, -1, -5, 3, 6, -2, -2, -3, -3]
 
2.7622452167638225: [-3, 1, -5, 1, -1, 3, -6, -6, 5, -4, 1, -4, -6, 0, 0, 1, 0, -2, 0, -5, -5, 1, 1, -1, -2, -6, 4, -5, 6, 4, -4, 0, 4, -5, -1, 3, 5, 6, -3, -2, -5, 4, -2, -6, -6, 5, 2, -5, 1, 0, 6, -1, 4, -6, -2, 4, -1, -6, 5, 5, 4, -2, -1, 5, -6, -6, 3, 5, -3, -1, 0, -1, 5, -5, -2, -5, -4, -5, 0, -1, -3, 5, -4, -3, -5, -6, -3, 2, -6, -4, 3, -6, 3, 1, 3, 5, -1, -2, -5, -6, 5, -2, 3, -5, -2, -2, -6, 6, 4, -3, 4, 1, -6, -5, -6, 4, -5, -5, 4, 6, -2, -5, 2, -6, 1, 5, 2, -3]
 
1.9271176675512947: [0, -3, 2, 6, -6, -6, -6, 2, 3, -6, 2, -5, 0, 4, -2, 3, 0, 2, 1, 1, -5, 5, -5, 4, -5, 0, -2, 0, -6, 1, 5, -4, -4, 5, -1, 4, 0, 1, 4, 0, 0, 1, -4, 0, -2, 6, -5, 3, -1, 6, 4, -1, -4, 3, -2, 6, -6, -4, 5, -2, -3, -2, 0, 5, -6, -6, 0, -2, -4, -1, 6, 5, 5, -4, 5, 0, -5, 3, 4, -2, 1, -3, 1, 0, 1, 5, -3, -5, -3, 6, 3, 4, 5, -6, 6, -4, 2, -1, -6, 1, -4, -6, 2, 5, -4, -1, -4, 3, -6, -6, -3, -2, 0, 4, 5, -1, -4, -5, 6, -5, -1, 6, 4, -6, 4, -6, -3, 4]
 
0.876495538874: [5, -6, -3, 0, 0, -4, -6, -2, -3, -2, 6, -3, 0, 1, 0, 2, -3, 6, 2, -5, -3, -4, 1, 6, 5, -6, 6, -4, 6, 5, -3, 0, -6, -4, 0, 4, -3, 5, 3, -2, -2, -1, -3, -6, -5, 1, -1, 0, 1, -1, -3, -1, -4, 3, -2, -3, -6, -4, -6, -2, 5, 6, -6, 5, -6, -6, 5, -2, 1, 1, -5, 5, 5, 1, 5, 6, 2, 3, -3, -5, 2, -2, -3, -3, 3, 5, 0, -5, -3, 0, 3, 5, 3, -1, 3, -5, -1, -2, -5, -6, 5, -2, 3, -1, -6, -2, -6, 6, 4, -3, 4, 1, 0, 4, 6, -1, -4, -6, 6, -5, -1, 6, 4, -6, -5, -4, -6, -6]
 
1.24029699901: [0, -3, -1, -5, 6, 4, 1, -2, 5, -6, 2, 1, 6, -4, 4, 2, 1, 2, 2, -5, 3, 5, -1, 6, -2, -6, 6, -1, 6, 5, 5, 0, -6, -5, -1, -2, 5, -4, 3, -2, -5, 4, -3, -6, -5, 1, -1, -2, 1, 6, 3, -1, -4, 3, -2, 6, -6, -4, 5, -2, -3, -2, 0, 5, -6, -6, -4, -2, -4, -1, 6, 5, 5, -1, 5, -3, 3, 6, -5, -6, 3, 5, -6, -5, 6, -5, -1, 2, 4, -1, 5, 5, 0, -5, 1, -5, -2, 5, -5, 0, 5, 3, 3, 2, -6, -2, -6, 6, 4, -3, 0, 1, -1, -2, 0, 4, 6, 1, 5, -6, -3, -2, -2, -6, 0, 4, 6, 4]
 
1.97804669295: [0, -3, 1, -5, 5, -5, 1, 4, -2, -6, 2, 1, 6, -4, 4, 2, 1, 2, 2, -5, 3, 5, -1, 6, -2, -6, 6, -1, 6, 5, -3, 5, -5, -6, -4, 1, 5, -3, 3, -2, -5, -4, -2, -2, 5, 3, 2, -3, 4, -1, 4, -4, 5, -5, 3, 1, 1, 5, 5, -6, -6, -5, 0, 1, -2, -6, -5, -2, 3, -1, 6, 5, 5, -1, 5, -5, 3, 3, 4, -2, -6, 6, 3, -5, 6, 5, -3, 2, 0, -1, 5, 5, 3, -1, 3, -5, -1, -2, -5, -6, 5, -2, 3, -1, -6, -2, -6, 6, 4, -3, 4, 1, -6, -2, 0, 4, 6, 6, 5, -5, -3, 6, 2, -6, 1, -4, 2, -3]
 
2.06605234001: [0, -3, -1, -5, 6, 4, 1, -2, 5, -6, 2, 1, 6, -4, 4, 2, -2, 0, 2, 6, -1, 2, 1, -5, 2, -6, -1, -5, 6, 4, 3, 0, -6, -5, -1, 4, 6, 3, 5, -2, 1, 4, -2, 3, 0, 1, -3, -3, 0, 6, 4, -1, -4, 2, -2, 6, -3, -4, 5, -2, -6, -2, 0, 5, 0, -6, -6, -2, -4, -1, 6, -1, 5, -2, -3, -5, -4, 6, 4, -2, 1, -3, 1, 0, 1, 5, -3, -5, -3, 6, 3, 4, 5, -6, 6, -4, 2, -1, -6, 1, -4, -6, 2, 5, -4, -1, -4, 3, -6, -6, -3, -2, 0, 4, 5, -1, -4, -5, 6, -5, -1, 6, 4, -6, 4, -6, -3, 4]
 
1.85180636919: [5, 6, -3, 2, 0, -6, 0, -2, 4, -4, -6, 6, 3, 2, 0, 1, 3, 4, 0, -5, -1, -6, 1, -4, -6, 0, 4, -5, 6, 2, -1, 3, -5, 2, 6, 5, -6, 1, 6, 0, -5, -5, -2, 5, 4, 0, 6, -3, -5, 6, 4, -1, -4, 3, -2, 6, -6, -4, 5, -2, -3, -2, 0, 5, -6, -6, -4, -2, -4, -1, 6, 5, 5, -4, 5, -5, -4, 3, 6, -2, 1, -3, -4, 0, 1, -3, 5, -4, -6, 5, -3, 4, 2, 6, -2, -2, -2, -1, -6, -4, -4, -5, -4, 5, -3, 6, 1, 3, -6, 3, 4, 4, 1, 5, 0, 4, 6, 3, 4, -6, -6, -2, 3, 6, -2, -2, -3, -3]
 
0.578810955753: [-1, -3, 4, 6, 6, -6, -6, -2, 6, -2, -4, -6, -5, 2, 0, 1, 3, -6, 0, -5, -1, 5, 1, 5, -4, 1, 4, 5, -2, 0, 5, 0, -6, -5, -1, -2, 4, -4, 3, -2, 5, 4, -3, -2, -5, -6, -1, -2, 1, 6, 3, -1, -5, 3, -3, 6, -6, 6, 5, -2, -3, -2, 2, 5, -6, 2, -4, -2, -4, -1, 6, 5, 5, 4, 5, -5, 3, 3, 4, -2, -6, 6, 3, -5, 1, 5, -3, 2, 0, -1, 5, 1, 3, -1, 3, -5, -1, 4, -5, 6, 5, -6, 6, -1, -2, -2, -6, -1, 4, -3, -3, 1, -6, -2, 0, -5, 6, 6, 5, -5, -6, 1, 2, 4, 1, -4, -6, -3]
 
1.13291425806: [0, 6, 3, -2, 3, -6, 1, -1, 5, -2, 0, -2, 1, 6, 4, 2, -2, 0, 2, 6, -1, 2, -6, -5, -4, -6, -1, -5, 6, 4, 3, 0, -6, -5, -1, 4, -2, 3, 5, 5, 1, 4, -2, 3, 0, 1, -3, -3, 0, 0, 4, -1, -4, 5, -2, 6, -3, -4, 4, -2, -6, 1, 0, 5, -5, 1, -6, -6, -1, -2, 6, 4, -2, 4, 3, -5, -4, 6, 4, -2, 1, -3, -6, -6, 1, 5, -3, -2, -5, -3, -5, 1, 5, -6, 6, -4, -3, -1, -2, 1, -5, 6, 5, 5, -4, -1, -6, 5, 3, -6, 5, 1, -5, -3, -1, -1, -1, -5, 6, -5, -1, 6, 4, -6, -5, 6, 4, -3]
 
0.861994106896: [0, -3, 1, 3, 6, -5, 1, -3, 2, -6, 3, 1, 6, -4, 4, 2, -2, 2, 5, -4, -2, 5, -1, -5, 6, -6, 6, -1, 4, 5, -4, 0, -6, -4, 5, -2, 5, -4, 3, -4, -3, 4, -3, -6, -4, -6, -5, -2, 6, 6, 3, -2, -4, 3, -6, 6, -3, -6, 5, -2, -3, -2, 3, 5, -6, -6, -6, 4, -5, -6, -3, 5, -6, 4, -1, -6, -4, 6, 1, 0, 6, 5, -1, 4, -4, 1, -5, -5, -3, -1, -3, -3, 4, -1, -1, -5, -3, 5, -2, -1, 5, 0, 3, -1, 3, -2, -3, 2, -3, -3, 5, 3, -3, 4, -4, -1, 4, 0, -6, -3, -2, 0, 4, -6, 4, -6, -3, -2]
 
1.46461648252: [5, 6, -3, 2, 0, -6, 0, -2, 4, -4, -6, 6, 3, 2, 0, 1, 3, 4, 0, -5, -1, -6, 1, -4, -6, 0, 4, -5, 6, 2, -1, 3, -5, 2, 6, 5, -6, 1, 6, 0, -5, -5, -2, -2, 3, 1, -1, -3, -5, 6, 4, -1, -4, 3, -2, 6, -6, -4, 5, -2, -3, -2, 0, 5, -6, -6, -4, -2, -4, -1, 6, 5, 5, -1, 5, -5, 3, 3, 4, -2, -6, 6, 3, -5, 6, 5, -3, 2, 0, -1, 5, 5, 3, -1, 3, -5, -1, -2, -5, 1, -4, 1, 2, 5, -4, -1, -4, -4, 3, -6, -3, -2, 0, -3, -1, -1, 6, -5, 6, -5, -1, 6, 4, -6, 4, 6, 4, -3]
 
0.793044550573: [0, 0, 3, 6, 3, -6, 1, -1, 5, -2, 0, -3, -6, 6, 4, 6, -2, 0, 2, 6, -5, 2, 1, -5, 2, 6, -1, -5, 3, 4, 3, 0, -6, -2, -1, 4, 6, 3, 5, -1, 1, 3, -2, -6, -3, 1, -3, -3, 0, 6, 4, -1, -4, 2, -2, 6, 3, -4, 5, 6, -6, -2, 0, 5, 2, -6, -6, -6, 5, -2, 5, 3, -2, 4, -3, -5, -4, -5, 4, -6, 1, -3, 1, -6, 1, 5, -3, -1, -3, 6, -6, 1, 5, -6, 3, -2, -3, -1, -6, -6, 5, -2, 5, 4, -3, -2, -6, 6, 4, 1, 4, 1, 0, 2, 0, -1, 3, 0, 6, 6, -2, -3, 5, -4, -3, 6, 4, -3]
 
2.02229956661: [0, -3, 2, 6, -6, -6, -6, 2, 3, -6, 2, 1, 6, -4, 4, 2, -2, 2, 2, -4, 3, 5, -1, 6, -2, -6, 4, -4, 2, 5, 5, 0, -6, -5, -1, -2, 5, -4, 3, -2, -5, 4, -3, -6, -5, 1, -1, -2, 1, 6, 3, -1, -4, 6, 4, -6, 2, 0, 5, 0, -5, -2, -6, -6, -6, 6, 4, -2, -4, -1, 6, -1, 5, -2, -3, -5, -4, 6, 4, -2, 1, -3, 1, 0, 1, 5, -3, -5, -3, 6, 3, 4, 5, -6, 6, -4, 2, -1, -6, 1, -4, -6, 2, 5, -4, -1, -4, 3, -6, -6, -3, -2, 0, 4, 5, -1, -4, -5, 6, -5, -1, 6, 4, -6, 4, -6, -3, 4]
 
1.60307663094: [0, 0, 3, -4, 0, -6, 1, -1, 3, 4, -5, -2, 4, -6, -2, -4, -2, 1, -5, -1, -1, -3, -1, 6, 6, 1, 3, -6, 2, 5, -4, 1, -4, -6, -3, 1, 3, 6, 6, -1, 0, 1, -2, -6, -6, -5, -5, -3, 5, 0, 0, 3, -2, 3, -2, -2, 3, 2, 5, -1, -6, -2, 0, 5, -6, -6, -4, 3, -4, -1, 2, 5, 5, -4, 5, -5, -4, 3, 6, -2, 1, -3, -4, 0, 1, -3, 5, -4, -6, 5, -3, 4, 2, 6, -2, -2, -2, -1, -6, -4, -4, -5, -4, 5, -3, 6, 1, 3, -6, 3, 4, 4, 1, 5, 0, 4, 6, 3, 4, -6, -6, -2, 3, 6, -2, -2, -3, -3]
 
1.49259037578: [0, -3, 2, 6, -6, -6, -6, 2, 3, -6, 2, 1, 6, -4, 4, 2, -2, 2, 2, -4, 3, 5, -1, 6, -2, -6, 4, -4, 2, 5, 5, 0, -6, -5, -1, -2, 5, -4, 3, -2, -5, 4, -3, -6, -5, 1, -1, -2, 1, 6, 3, -1, -4, 6, 4, -6, 2, 0, 5, 0, -5, -2, -6, -6, -6, 6, 4, -2, -4, -1, 6, -1, 5, -2, -3, -5, -4, 6, 4, -2, 1, -3, 1, 0, 1, 5, -3, -5, 0, -1, 5, 5, 3, -1, 3, -5, -1, -2, -5, -6, 5, -2, 3, -1, -6, -2, -6, 3, 2, -1, -5, 4, 1, 5, 0, 4, 6, 3, 4, -6, -6, -2, 3, 6, -2, -2, -3, -3]
 
2.49536659255: [0, -3, -1, -5, 6, 4, 1, -2, 5, -6, 2, 1, 6, -4, 4, 2, 1, 2, 2, -5, 3, 5, -1, 6, -2, -6, 6, -1, 6, 5, 5, 0, -6, -5, -1, -2, 5, -4, 3, -2, -5, 4, -3, -6, -5, 1, -1, -2, 1, 6, 3, -1, -4, 3, -2, 6, -6, -4, 5, -2, -3, -2, 0, 5, -6, -6, -4, -2, -4, -1, 6, 5, 5, -1, 5, -5, 3, 3, 4, -2, -6, 6, 3, -5, 6, 5, -3, 2, -3, 6, 3, 4, 5, -6, 6, -4, 2, -1, -6, 1, -4, -6, 2, 5, -4, -1, -4, 3, -6, -6, -3, -2, 0, 4, 5, -1, -4, -5, 6, -5, -1, 6, 4, -6, 4, -6, -3, 4]
 
1.09606113894: [5, 6, -3, 2, 0, -6, 0, -2, 4, -4, -6, 6, 3, 2, 0, 1, 3, 4, 0, -5, -1, -6, 1, -4, -6, 0, 4, -5, 6, 2, -1, 3, -5, 2, 6, 5, -6, 1, 6, 0, -5, -5, 4, 6, -4, 1, 0, -3, 2, -6, -3, 5, 4, 3, 4, 6, -6, -6, 5, 6, -3, -2, 3, 2, 1, -6, -4, 2, 3, -6, 3, 5, 0, 3, -1, -6, -5, 2, -5, 0, -2, -3, -4, 4, -4, 5, -1, 6, 4, 0, 3, -2, 2, -6, 3, 5, -5, 5, -4, -6, 5, -2, -4, -6, -2, -2, -5, 1, -6, -6, -5, 2, 0, 4, 5, -5, -4, -4, -6, -1, 3, 6, -2, 4, -6, -6, 4, 4]
 
1.12468694473: [0, -3, -3, 2, 3, -6, 0, -2, 3, -4, -2, 6, -2, 2, 0, 1, 3, -6, 0, -5, -1, -6, 1, 5, -6, 0, 4, -6, 6, 2, -1, 3, -5, 2, 6, 5, -6, 1, 6, -5, -5, 4, -2, -2, 3, 1, -1, -3, -5, 6, 4, -1, -4, 3, -2, 6, -6, -4, 5, -2, -3, -2, 0, 5, -6, -6, -4, -2, -4, -1, 6, 5, 5, -1, 5, -5, 3, 3, 4, -2, -6, 6, 3, -5, 6, 5, -3, 2, 0, -1, 5, 5, 3, -1, 3, -5, -1, -2, -5, 1, -4, 1, 2, 5, -4, -1, -4, -4, 3, -6, -3, -2, 0, -3, -1, -1, 6, -5, 6, -5, -1, 6, 4, -6, 4, 6, 4, -3]
 
1.91355409664: [0, -3, -1, -5, 6, 4, 1, -2, 5, -6, 2, 1, 6, -4, 4, 2, 1, 2, 2, -5, 3, 5, -1, 6, -2, -6, 6, -1, 6, 5, 5, 0, -6, -5, -1, -2, 5, -4, 3, -2, -5, 4, -3, -6, -5, 1, -1, -2, 1, 6, 3, -1, -4, 3, -2, 6, -6, -4, 5, -2, -3, -2, 0, 5, -6, -6, -4, -2, -4, -1, 6, 5, 5, -1, 5, -3, 3, 6, -5, -6, 3, 5, -6, -3, 3, 5, 0, -5, -3, 0, 3, 5, 3, -1, 3, -5, -1, -2, -5, -6, 5, -2, 3, -1, -6, -2, -6, 6, 4, -3, 4, 1, 0, 4, 6, -1, -4, -6, 6, -5, -1, 6, 4, -6, -5, -4, -6, -3]
 
0.492316596432: [0, -3, 1, 3, 6, -5, 1, -3, 2, -6, 3, 1, 6, -4, 4, 2, -2, 2, 5, -4, -2, 5, -1, -5, 6, -6, 6, -1, 4, 5, -4, 0, -6, -4, 5, -2, 5, -4, 3, -4, -3, 4, -3, -6, -4, -6, -5, -2, 6, 6, 3, -2, -4, 3, -6, 6, -3, -6, 5, -2, -3, -2, 3, 5, -6, -6, -6, 4, -5, -6, -3, 5, -6, 4, -1, -6, -4, 6, 1, 0, 6, 5, -1, 4, -4, 1, -5, -5, -3, -1, -3, -3, 4, -1, -1, -5, -3, 5, -2, -1, 5, 0, 3, -1, 3, -2, -3, 2, -3, -3, 5, 3, -3, 4, -4, -1, 4, 0, -6, -3, -2, 0, 4, -6, 4, 6, 4, -6]
 
1.22585714918: [0, -3, 1, -5, 5, -5, 1, 4, -2, -6, 2, 1, 6, -4, 4, 2, -2, 0, 2, 6, -1, 2, 1, -5, 2, -6, -1, -5, 6, 4, 3, 0, -6, -5, -1, 4, 6, 3, 5, -2, 1, 4, -2, 3, 0, 1, -3, -3, 0, 6, 4, -1, -4, 2, -2, 6, -3, -4, 5, -2, -6, -2, 0, 5, 0, -6, -6, -6, -1, -2, 6, 4, -2, 4, -3, -5, -4, 6, 4, -2, 1, -3, 1, -6, 1, 5, -3, -5, -3, 6, -6, 1, 5, -6, 6, -4, -3, -1, -2, 1, -4, 1, 2, 5, -4, -1, -4, -4, 3, -6, -3, -2, 0, -3, -1, -1, 6, -5, 6, -5, -1, 6, 4, -6, 4, -6, -3, -2]
 
1.83603460161: [0, 0, 3, 6, 3, -6, 1, -1, 5, -2, 0, 6, 0, 6, 4, 2, 1, 2, 2, 4, 3, 5, -1, 2, -2, -6, 6, -1, -5, 5, 5, -6, 0, -5, -4, -2, 5, -4, 3, -2, 0, -2, 2, 3, 0, 1, -3, -3, 0, 6, 4, -1, -4, 2, -2, 6, -3, -4, 5, -2, -6, -2, 0, 5, 0, -6, -6, -2, -4, -1, 6, -1, 5, -2, -3, -5, -4, 6, 4, -2, 1, -3, 1, 0, 1, 5, -3, -5, -3, 6, 3, 4, 5, -6, 6, -4, 2, -1, -6, 1, -4, -6, 2, 5, -4, -1, -4, 3, -6, -6, -3, -2, 0, 4, 5, -1, -4, -5, 6, -5, -1, 6, 4, -6, 4, -6, -3, 4]
 
1.63034381699: [0, -3, 1, -5, 5, -5, 1, 4, -2, -6, 2, 1, 6, -4, 4, 2, -2, 0, 2, 6, -1, 2, 1, 6, -2, -6, 4, -4, 2, 5, 5, 0, -6, -5, -1, -2, 5, -4, 3, -2, -5, 4, -3, -6, -5, 1, -1, -2, 1, 6, 3, -1, -4, 6, 4, -6, 3, 2, 5, -1, -6, -2, 0, 5, -6, -6, -4, 3, -4, -1, 2, 5, 5, -4, 5, -5, -4, 3, 6, -2, 1, -3, -4, 0, 1, -3, 5, -4, -6, 5, -3, 4, 2, 6, -2, -2, -2, -1, -6, -4, -4, -5, -4, 5, -3, 6, 1, 3, -6, 3, 4, 4, 1, 5, 0, 4, 6, 3, 4, -6, -6, -2, 3, 6, -2, -2, -3, -3]
 
2.15171322417: [0, -3, 2, 6, -6, -6, -6, 2, 3, -6, 2, 1, 6, -4, 4, 2, -2, 2, 2, -4, 3, 5, -1, -5, 2, -6, -1, -5, 6, 4, 3, 0, -6, -5, -1, 4, 6, 3, 5, -2, 1, 4, -2, 3, 0, 1, -3, -3, 0, 6, 4, -1, -4, 2, -2, 6, -3, -4, 5, -2, -6, -2, 0, 5, 0, -6, -6, -2, -4, -1, 6, -1, 5, -2, -3, -5, -4, 6, 4, -2, 1, -3, 1, 0, 1, 5, -3, -5, -3, 6, 3, 4, 5, -6, 6, -4, 2, -1, -6, 1, -4, -6, 2, 5, -4, -1, -4, 3, -6, -6, -3, -2, 0, 4, 5, -1, -4, -5, 6, -5, -1, 6, 4, -6, 4, -6, -3, 4]
 
1.94247210642: [0, 0, 3, 6, 3, -6, 1, -1, 5, -2, 0, 6, 0, -4, 4, 2, 1, 2, 2, -5, 3, 5, -1, 6, -2, -6, 6, -1, 6, 5, -3, 5, -5, -6, -4, 1, 5, -3, 3, -2, -5, -4, -2, -2, 5, 3, 2, -3, 4, -1, 4, -4, 5, -5, 3, 1, 1, 5, 5, -6, -6, -5, 0, 1, -2, -6, -5, -2, 3, -1, 6, 5, 5, -1, 5, -5, 3, 3, 4, -2, -6, 6, 3, -5, 6, 5, -3, 2, 0, -1, 5, 5, 3, -1, 3, -5, -1, -2, -5, -6, 5, -2, 3, -1, -6, -2, -6, 6, 4, -3, 4, 1, -6, -2, 0, 4, 6, 6, 5, -5, -3, 6, 2, -6, 1, -4, 2, -3]
 
2.17197944594: [0, -3, -1, -5, 6, 4, 1, -2, 5, -6, 2, 1, 6, 6, 4, 2, -2, 0, 2, 6, -1, 2, 1, -5, 2, -6, -1, -5, 6, 4, 3, 0, -6, -5, -1, 4, 6, 3, 5, -2, 1, 4, -2, 3, 0, 1, -3, -3, 0, 6, 4, -1, -4, 2, -2, 6, -3, -4, 5, -2, -6, -2, 0, 5, 0, -6, -6, -6, -1, -2, 6, 4, -2, 4, -3, -5, -4, 6, 4, -2, 1, -3, 1, -6, 1, 5, -3, -5, -3, 6, -6, 1, 5, -6, 6, -4, -3, -1, -2, -6, 5, -2, 3, -1, -6, -2, -6, 6, 4, -3, 4, 1, -6, -2, 0, -1, 4, 0, -6, 6, -2, 0, 5, -6, -3, 6, 4, -3]
 
0.651620955995: [0, -3, 1, 3, 6, -5, 1, -3, 2, -6, 3, 1, 6, -4, 4, 2, -2, 2, 5, -4, -2, 5, -1, -5, 6, -6, 6, -1, 4, 5, -4, 0, -6, -4, 5, -2, 5, -4, 3, -4, -3, 4, -3, -6, -4, -6, -5, -2, 6, 6, 3, -2, -4, 3, -6, 6, -3, -6, 5, -2, -3, -2, 3, 5, -6, -6, -6, 4, -5, -6, -3, 5, -6, 4, -1, -6, -4, 6, 1, 0, 1, -3, 1, -6, 1, 5, -3, -5, -3, 6, -6, 1, 5, -6, 6, -4, -3, -1, -2, 1, -4, 1, 2, 5, -4, -1, -4, -4, 3, -6, -3, -2, 0, -3, -1, -1, 6, -5, 6, -5, -1, 6, 4, -6, 4, -6, -3, -2]
 
0.701465807278: [0, 0, 3, 6, 3, -6, 1, -1, 5, -2, 0, 6, 0, 6, 4, 2, 1, 2, 2, 4, 3, 5, -1, 2, -2, -6, 6, -1, -5, 5, 5, -6, 0, -5, -4, -2, 5, -4, 3, -2, 0, -2, 2, 3, 0, 1, -3, -3, 0, 6, 4, -1, -4, 2, -2, 6, -3, -4, 5, -2, -6, -2, 0, 5, 0, -6, -6, -6, -1, -2, 6, 4, -2, 4, -3, -5, -4, 6, 4, -2, 6, 5, -1, 4, -4, 1, -5, -5, -3, -1, -3, -3, 4, -1, -1, -5, -3, 5, -2, -1, 5, 0, 3, -1, 3, -2, -3, 2, -3, -3, 5, 3, -3, 4, -4, -1, 4, 0, -6, -3, -2, 0, 4, -6, 4, -6, -3, -2]
 
0.464780848892: [-3, 1, -5, 1, -1, 3, -6, -6, 5, -4, 1, 4, -6, 0, 0, 1, 0, 4, 0, -5, 5, -5, -2, -1, 1, -6, 4, -5, 6, 4, -4, 0, 4, -5, 4, 3, 5, 6, -3, 2, -4, 4, 2, 6, -6, 6, -2, -5, 1, 0, 6, -1, 4, -3, -2, 4, -1, -6, 5, -6, 4, -2, -1, 5, -6, 5, 3, 5, -3, -1, 0, -4, -6, -5, -2, -5, -4, -5, 0, -1, 2, 5, 5, -3, -5, -6, -3, 2, -6, -4, 4, -6, 3, 1, 4, 5, -1, -2, -5, -6, 5, 3, 1, -5, -2, -2, -6, 6, 4, -5, 1, -5, 6, -5, 2, 4, -5, -5, -4, 6, -2, -5, -4, 4, 3, -6, 4, 4]
 
0.778859612475: [5, 6, -3, 2, 0, -6, 0, -2, 4, -4, -6, 6, 3, 2, 0, 1, 3, 4, 0, -5, -1, -6, 1, -4, -6, 0, 4, -5, 6, 2, -1, 3, -5, 2, 6, 5, -6, 1, 6, 0, -5, -5, 4, 6, -4, 1, 0, -3, 2, -6, -3, 5, 4, 3, 4, 6, -6, -6, 5, 6, -3, -2, 3, 2, 1, -6, -4, 2, 3, -6, 3, 5, 0, 3, -1, -6, -5, 2, -5, 0, -2, -3, -4, 4, -4, 5, -1, 6, 4, 0, 3, -2, 2, -6, 3, 5, -5, 5, -4, -6, 5, -2, -4, -6, -2, -2, -5, 1, -6, -6, -5, 2, 0, 4, 5, -5, -4, -4, -6, -1, 3, 6, 2, -6, 1, 5, 2, -3]
 
1.53144461216: [5, 6, -3, 2, 0, -6, 0, -2, 4, -4, -6, 6, 3, 2, 0, 1, 3, 4, 0, -5, -1, -6, 1, -4, -6, 0, 4, -5, 6, 2, -1, 3, -5, -6, -4, 1, 5, -3, 3, -2, -5, -4, -2, -2, 5, 3, 2, -3, 4, -1, 4, -4, 5, -5, 3, 1, 1, 5, 5, -6, -6, -5, 0, 1, -2, -6, -5, -2, 3, -1, 6, 5, 5, -1, 5, -5, 3, 3, 4, -2, -6, 6, 3, -5, 6, 5, -3, 2, 0, -1, 5, 5, 3, -1, 3, -5, -1, -2, -5, -6, 5, -2, 3, -1, -6, -2, -6, 6, 4, -3, 4, 1, -6, -2, 0, 4, 6, 6, 5, -5, -3, 6, 2, -6, 1, -4, 2, -3]
 
1.79607471852: [0, -3, 1, -5, 5, -5, 1, 4, -2, -6, 2, 1, 6, -4, 4, 2, 1, 2, 2, -5, 3, 5, -1, 6, -2, -6, 6, -1, 6, 5, -3, 5, -5, 2, 6, 5, -6, 1, 6, 0, -5, -5, 4, 6, -4, 1, 0, -3, 2, -6, -3, 5, 4, 3, 4, 6, -6, -6, 5, 6, -3, -2, 3, 2, 1, -6, -4, 2, 3, -6, 3, 5, 0, 3, -1, -6, -5, 2, -5, 0, -2, -3, -4, 4, -4, 5, -1, 6, 4, 0, 3, -2, 2, -6, 3, 5, -5, 5, -4, -6, 5, -2, -4, -6, -2, -2, -5, 1, -6, -6, -5, 2, 0, 4, 5, -5, -4, -4, -6, -1, 3, 6, -2, 4, -6, -6, 4, 4]
 
0.991710265515: [0, -3, -1, -5, 6, 4, 1, -2, 5, -6, 2, 1, 6, -4, 4, 2, -2, 0, 2, 6, -1, -4, 1, 6, 5, -6, 6, -4, 6, 5, -3, 0, -6, -4, 0, 4, -3, 5, 3, -2, -2, -1, -3, -6, -5, 1, -1, 0, 1, -1, -3, -1, -4, 3, -2, -3, -6, -4, -6, -2, 5, 6, -6, 5, -6, -6, 5, -2, 1, 1, -5, 5, 5, 1, 5, 6, 2, 3, -3, -5, 2, -2, -3, -3, 3, 5, 0, -5, -3, 0, 3, 5, 3, -1, 3, -5, -1, -2, -5, -6, 5, -2, 3, -1, -6, -2, -6, 6, 4, -3, 4, 1, 0, 4, 6, -1, -4, -6, 6, -5, -1, 6, 4, -6, -5, -4, -6, -6]
 
1.90108840623: [5, -6, -3, 0, 0, -4, -6, -2, -3, -2, 6, -3, 0, 1, 0, 2, -3, 6, 2, -5, -3, 2, 1, -5, 2, -6, -1, -5, 6, 4, 3, 0, -6, -5, -1, 4, 6, 3, 5, -2, 1, 4, -2, 3, 0, 1, -3, -3, 0, 6, 4, -1, -4, 2, -2, 6, -3, -4, 5, -2, -6, -2, 0, 5, 0, -6, -6, -2, -4, -1, 6, -1, 5, -2, -3, -5, -4, 6, 4, -2, 1, -3, 1, 0, 1, 5, -3, -5, -3, 6, 3, 4, 5, -6, 6, -4, 2, -1, -6, 1, -4, -6, 2, 5, -4, -1, -4, 3, -6, -6, -3, -2, 0, 4, 5, -1, -4, -5, 6, -5, -1, 6, 4, -6, 4, -6, -3, 4]
 
