1.3877730615208872: [6, -1, -6, -2, -4, -5, 3, 0, 5, -4, 3, 1, -5, 1, -3, 1, 3, 2, 0, -1, 5, 4, 1, 6, 1, -4, 6, -2, -5, 5, 5, -5, -6, -5, 6, -2, -6, 3, 4, 5, -4, 4, -3, 5, 4, -3, -6, -4, 2, 6, 4, 2, -1, 6, 5, 6, 4, -5, 5, -2, -3, -2, 3, 5, -2, 1, -4, 2, 2, 4, -5, -6, -2, -2, 0, 1, -3, 4, -6, 4, 2, -3, 3, 3, 3, 4, 5, 0, 2, 6, 5, 5, -2, 0, -3, -1, 2, 6, 3, 4, -4, -6, 6, -4, -6, -5, 4, 6, -6, -3, -1, 1, 0, 4, 2, -4, -1, -5, -5, -1, -1, 2, 5, -2, 4, -4, 5, 4]
 
3.1323823075392134: [6, -3, -4, -2, -4, -5, 3, 2, 5, -4, 3, 1, -3, 4, 0, 1, 3, 2, 0, -1, 3, 4, -1, 6, -2, -4, 6, -1, -5, 5, 5, 0, -6, -5, 6, -2, -4, -4, 6, 2, -6, 4, -3, 5, 4, 0, 6, 6, -5, 6, 4, -1, -4, 6, -2, 6, -6, -4, 5, -2, -3, -2, 0, 5, -6, -6, -4, -6, -6, 4, -5, -2, -2, 4, 2, 1, -3, 4, -3, 4, 6, -3, 3, -6, 3, 4, -3, 2, 3, 0, 5, 5, 3, 0, 6, -4, 2, -1, -6, 1, -4, -6, 2, -1, -6, -2, -6, 6, 4, -3, 4, 1, 0, 4, 6, -1, -1, -5, 6, 4, -1, 5, 5, -6, 4, -6, 6, 4]
 
1.8700099000894517: [6, -3, -4, -2, -4, -5, 3, 2, 5, -4, 3, 1, -3, 4, 0, 1, 3, 2, 0, -1, 3, 4, -1, 6, -2, -4, 6, -1, -5, 5, 5, 0, -6, -5, 6, -2, -6, -1, 4, 5, -4, 4, -3, 5, 4, 0, -6, -1, -5, 6, 4, -1, -4, 6, -2, 6, -6, -4, 5, -2, -3, -2, 0, 5, -6, -6, -4, -6, -6, 4, -5, -2, -2, 4, 2, 1, -3, 4, -3, 4, 0, 6, 1, -6, 3, 1, 2, -4, -6, -6, -3, 4, -3, -6, 6, -3, 2, 4, -6, -3, -1, 1, 2, -2, -6, -2, -6, 2, -6, 3, 4, 4, 4, 4, 6, -1, -1, -5, 6, 4, -1, 5, 5, -6, 4, -6, 6, 4]
 
1.672107661807895: [-3, -6, 6, 1, -4, -6, 5, -2, 5, -1, -6, 1, -5, 4, 0, -1, -4, 2, 2, -4, 3, 5, -4, 6, -2, 0, 2, 5, -1, -4, 5, 0, -6, 1, -3, -2, -6, -1, 4, 5, -4, 4, -6, 5, 4, 0, -6, -1, -1, 6, 4, -1, 4, -5, -2, 6, -6, 6, 5, 3, -3, -2, 0, 5, -6, -6, -4, -6, 2, 4, -5, -4, -2, 4, 2, 1, -3, -4, 3, 4, 6, -3, -6, -4, 3, -1, -3, 2, 3, 0, 5, 5, 3, 0, 3, -2, -6, -1, -5, 1, 5, -2, 2, -6, -6, -2, -6, -2, 2, -1, -5, 3, 6, 5, 0, 6, -1, 3, 0, 3, -6, -2, 3, 4, 2, 4, 2, -2]
 
3.053799720137584: [-3, -6, 6, 1, -1, -6, -2, 2, 1, -4, -2, 1, -3, 4, 0, 1, 3, 2, 0, -1, 3, 4, -1, 6, -2, -4, 6, -1, -5, 5, 5, 0, -6, -5, 6, -2, -4, -4, 6, 2, -6, 4, -3, 5, 4, 0, 6, 6, -5, 6, 4, -1, -4, 6, -2, 6, -6, -4, 5, -2, -3, -2, 0, 5, -6, -6, -4, -6, -6, 4, -5, -2, -2, 4, 2, 1, -3, 4, -3, 4, 6, -3, 3, -6, 3, 4, -3, 2, 3, 0, 5, 5, 3, 0, 6, -4, 2, -1, -6, 1, -4, -6, 2, -1, -6, -2, -6, 6, 4, -3, 4, 1, 0, 4, 6, -1, -1, -5, 6, 4, -1, 5, 5, -6, 4, -6, 6, 4]
 
2.5330063282206123: [6, -3, -4, -2, -4, -5, 3, 2, 5, -4, 3, 1, -3, -4, 4, 4, 3, 2, 0, 4, 1, 0, 1, 6, -2, -4, 6, -1, -5, 5, 5, 0, -6, -5, 6, -2, -6, -1, 4, 5, -4, 4, -3, 5, 4, 0, -6, -1, -5, 6, 4, -1, -4, 6, -2, 6, -6, -4, 5, -2, -3, -2, 0, 5, -6, -6, -4, -6, -6, 4, -5, -2, -2, 4, 2, 1, -3, 4, -3, 4, 6, -3, 3, -6, 3, 4, -3, 2, 3, 0, 5, 5, 3, 0, 6, -4, 2, -1, -6, 1, -1, -6, 2, -1, -6, -2, -6, 6, 4, -3, 4, 1, 0, 4, 6, -1, -1, -5, 6, 4, -1, 5, 5, -6, 4, -6, 6, 4]
 
2.314921690391435: [6, -3, -4, 4, -4, 2, 5, 2, 2, -4, -4, 1, -3, 2, 4, 4, 3, 2, 0, -1, 3, 4, -1, 6, -2, -4, 6, -1, -5, 5, 5, 0, -6, -5, 6, -2, -6, -1, 4, 5, -4, 4, -3, 5, 4, 0, -6, -1, -5, 6, 4, -1, -4, 6, -2, 6, -6, -4, 5, -2, -3, -2, 0, 5, -6, -6, -4, -6, -6, 4, -5, -2, -2, 4, 2, 1, -3, 4, -3, 4, 0, 6, 1, -6, 3, 1, 2, -4, -6, -6, -3, 4, -3, -6, 6, -3, 2, 4, -6, -3, -1, 1, 2, -2, -6, -2, -6, 2, -6, 3, 4, 4, 4, 4, 6, -1, -1, -5, 6, 4, -1, 5, 5, -6, 4, -6, 6, 4]
 
1.71398572257: [-3, -6, 0, 1, 2, -6, -2, 2, -6, -4, -2, 1, -3, -4, 4, 4, 3, 2, 0, 5, 1, 0, 1, 6, 2, -4, -4, 5, 3, 5, 5, 0, -6, -5, -6, 3, 0, -1, 4, 5, 6, 4, -3, -5, 4, 0, -6, -1, -5, 6, 2, -1, -4, 6, -2, -6, -6, -4, 5, -2, -3, -2, 0, 5, -6, -6, -4, -6, -6, 4, -5, 1, -2, 4, 0, -1, -3, 4, -3, 4, 6, -3, 3, -4, 0, 2, -3, 2, 1, 0, -3, 5, -2, 0, 6, -4, 2, -1, -6, 1, 5, 1, -4, 5, -2, 6, -3, 3, -6, 3, 4, 1, 0, 5, -6, -1, -1, -3, 6, 4, -1, -3, -3, -6, -3, -6, 6, 4]
 
1.5053195078384147: [6, -3, -4, 1, -1, 0, -2, 2, -3, -4, 0, -6, -3, -4, 4, 6, -2, 2, 2, -4, 3, 4, -1, 6, 3, -6, 2, -1, -1, 5, 5, 0, -6, 6, 6, -2, 5, -2, 6, 5, -4, 4, 0, -3, -1, 0, 2, 4, 1, -5, 6, -1, -4, 3, -6, 1, 0, -4, 5, 4, -6, 4, 5, 6, -6, -6, -4, -6, -4, -1, 6, -1, 5, -4, 5, -5, -4, 3, 6, -2, 1, -3, -4, 0, 4, -3, 5, 0, -6, 3, -2, 4, 2, 6, -2, -2, -2, 5, -3, -4, -4, 1, -4, -5, -3, -1, 1, 3, 4, 6, -1, 1, 0, 3, 6, -1, 6, -5, 4, -6, -5, -5, 3, 6, 0, -6, -6, 6]
 
2.7144243092980753: [6, -3, -4, -2, -4, -5, 3, 2, 5, -4, 3, 1, -3, 4, 0, 1, 3, 2, 0, -1, 3, 4, -1, 6, -2, -4, 6, -1, -5, 5, 5, 0, -6, -5, 6, -2, -6, -1, 4, 5, -4, 4, -3, 5, 4, 0, -6, -1, -5, 6, 4, -1, -4, 6, -2, 6, -6, -4, 5, -2, -3, -2, 0, 5, -6, -6, -4, -6, -6, 4, -5, -2, -2, 4, 2, 1, -3, 4, -3, 4, 6, -3, 3, -6, 3, 4, -3, 2, 3, 0, 5, 5, 3, 0, 6, -4, 2, -1, -6, 1, -4, -6, 2, -1, -6, -2, -6, 6, 4, -3, 4, 1, 0, 4, 6, -1, -1, -5, 6, 4, -1, 5, 5, -6, 4, -6, 6, 4]
 
1.9152179538779779: [-3, -6, 6, 1, -1, -6, -2, 2, 1, -4, -2, 1, -3, -4, 4, 4, 3, 2, 0, 4, 1, 0, 1, 6, -2, -4, 6, -1, -5, 5, 5, 0, -6, -5, 6, -2, -4, -4, 6, 2, -6, 4, -3, 5, 4, 0, 6, 6, -5, 6, 4, -1, -4, 3, -2, -5, -6, -6, 5, -2, 4, -2, -6, 5, -6, -3, -4, -2, -4, -1, 6, 5, 5, -4, 5, -5, -4, 3, -4, -2, 1, -3, -4, 0, 1, -3, 5, 2, -1, 5, -3, 6, 2, 6, -2, -2, -2, -1, -6, -4, -4, 1, -4, 5, -2, 6, -2, 3, -6, 3, 4, -1, 1, 4, 6, -1, -1, -5, 6, 4, -1, -2, -5, -6, 4, -6, 6, 4]
 
1.52659061626: [-3, -6, 6, 1, -1, 0, -5, 2, 2, -1, -2, 1, -3, -4, 4, 4, -2, 2, -2, -4, -1, 4, -1, 6, -2, 4, 2, -1, -1, 6, 5, 0, -6, 6, -1, -2, 5, -4, 3, -2, -6, 4, 0, -6, -5, 0, -1, 2, 5, 6, 1, -3, 0, 1, 3, -3, -6, -4, 5, -2, 3, -2, -6, 5, -6, -1, -4, 2, 5, -1, 2, 5, 5, -4, 3, -5, -4, 3, -4, -2, 1, -1, -4, 0, 1, -3, -5, 2, -1, 5, 1, 6, 2, 6, -4, -2, -2, -1, 1, -4, -4, 1, -4, 5, -6, -4, -2, 6, -6, 3, 4, -3, -1, 4, 6, -1, -1, -5, 1, 4, -1, 5, 5, -6, -1, -6, 6, 4]
 
1.3674986182501612: [-3, -6, 6, 1, -1, -6, -2, 2, 1, -4, -2, 1, -3, 4, 0, 1, 3, 2, 0, -1, 3, 4, 1, 6, -2, -4, 6, -1, -5, 5, 5, 0, -6, -5, 6, -2, -6, -1, 4, 5, -4, 4, -3, 5, 4, 0, -6, -1, -5, 6, 4, -1, -4, 6, -2, 6, -6, -4, 5, -2, -3, -2, 0, 5, -6, -6, -4, -6, -6, 4, -5, -2, -2, 4, 2, 1, -3, 4, -3, 4, 0, 6, 1, -6, 3, 1, 2, -4, -6, -6, -3, 4, -3, -6, 6, -3, 2, 4, -6, -3, -1, 1, 2, -2, -6, -2, -6, 6, 4, -3, 4, 1, 0, 4, 6, -1, -1, -5, 6, 4, -1, 5, 5, -6, 4, -6, 6, 4]
 
2.7159540136357765: [-3, -6, 6, 1, -1, -6, -2, 2, 1, -4, -2, 1, -3, -4, 4, 4, 3, 2, 0, 4, 1, 0, 1, 6, -2, -4, 6, -1, -5, 5, 5, 0, -6, -5, 6, -2, -6, -1, 4, 5, -4, 4, -3, 5, 4, 0, -6, -1, -5, 6, 4, -1, -4, 6, -2, 6, -6, -4, 5, -2, -3, -2, 0, 5, -6, -6, -4, -6, -6, 4, -5, -2, -2, 4, 2, 1, -3, 4, -3, 4, 6, -3, 3, -6, 3, 4, -3, 2, 3, 0, 5, 5, 3, 0, 6, -4, 2, -1, -6, 1, -4, -6, 2, -1, -6, -2, -6, 6, 4, -3, 4, 1, 0, 4, 6, -1, -1, -5, 6, 4, -1, 5, 5, 4, 2, 4, 2, -2]
 
1.73694974389: [-3, -6, 6, 1, -1, -6, 3, 2, 1, 3, -2, 1, -3, 4, 0, 1, -2, -6, -3, -4, -1, -2, -6, 6, -2, 4, 6, -3, -1, 5, -6, 0, -6, -2, 1, 6, 5, -4, 3, -2, 4, 6, 0, 3, -5, 0, -1, -2, 6, 6, 0, -1, -3, 3, 3, 6, 6, -1, 5, -4, 5, -2, 0, 5, -6, 5, 2, -2, -4, -6, 2, 5, 5, -6, 6, 6, -6, 3, -4, -2, 2, -6, -4, 0, 3, -3, 5, 0, -3, 5, -3, 6, -3, 6, -1, 4, -2, -2, -6, 0, -4, 4, -2, -6, -5, -3, -2, 3, -6, 2, 4, 1, 1, 4, 1, -1, -1, -5, 6, -4, -1, -1, 5, -6, 1, 4, 6, 0]
 
1.9860766866348392: [6, -3, -4, -2, -4, -5, 3, 2, 5, -4, 3, 1, -3, 4, 0, 1, 3, 2, 0, -1, 3, 4, -1, 6, -2, -4, 6, -1, -5, 5, 5, 0, -6, -5, 6, -2, -6, -1, 4, 5, -4, 4, -3, 5, 4, 0, -6, -1, -5, 6, 4, -1, -4, 6, -2, 6, -6, -4, 5, -2, -3, -2, 0, 5, -6, -6, -4, -6, -6, 4, -5, -2, -2, 4, 2, 1, -3, 4, -3, 4, 0, 6, 1, -6, 3, 1, 2, -4, 3, 0, 5, 5, 3, 0, 6, -4, 2, -1, -6, 1, -4, -6, 2, -1, -6, -2, -6, 6, 4, -3, 4, 1, 0, 4, 6, -1, -1, -5, 6, 4, -1, 5, 5, -6, 4, -6, 6, 4]
 
3.415036713799576: [6, -3, -4, -2, -4, -5, 3, 2, 5, -4, 3, 1, -3, 4, 0, 1, 3, 2, 0, 4, 1, 0, 1, 6, -2, -4, 6, -1, -5, 5, 5, 0, -6, -5, 6, -2, -6, -1, 4, 5, -4, 4, -3, 5, 4, 0, -6, -1, -5, 6, 4, -1, -4, 6, -2, 6, -6, -4, 5, -2, -3, -2, 0, 5, -6, -6, -4, -6, -6, 4, -5, -2, -2, 4, 2, 1, -3, 4, -3, 4, 6, -3, 3, -6, 3, 4, -3, 2, 3, 0, 5, 5, 3, 0, 6, -4, 2, -1, -6, 1, -4, -6, 2, -1, -6, -2, -6, 6, -2, -3, -3, 1, 0, 4, 6, -4, -1, -5, 6, 4, -1, 5, 5, -6, 4, -6, 6, 4]
 
2.747650191117091: [-3, -6, 6, 1, -1, -6, -2, 2, 1, -4, -2, 1, -3, -4, 4, 4, 3, 2, 0, 4, 1, 0, 1, 6, -2, -4, 6, -1, -5, 5, 5, 0, -6, -5, 6, -2, -6, -1, 4, 5, -4, 4, -3, 5, 4, 0, -6, -1, -5, 6, 4, -1, -4, 6, -2, 6, -6, -4, 5, -2, -3, -2, 0, 5, -6, -6, -4, -6, -6, 4, -5, -2, -2, 4, 2, 1, -3, 4, -3, 4, 6, -3, 3, -6, 3, 4, -3, 2, 3, 0, 5, 5, 3, 0, 6, -4, 2, -1, -6, 1, -1, -6, 2, -1, -6, -2, -6, 6, 4, -3, 4, 1, 0, 4, 6, -1, -1, -5, 6, 4, -1, 5, 5, -6, 4, -6, 6, 4]
 
2.5199004947049213: [6, -3, -4, 3, -4, -6, 5, -2, 5, -4, -2, 1, -3, 4, 0, 1, 3, 2, 0, 4, -1, -6, 1, 6, -2, 4, 6, -1, -5, 5, 5, 0, -6, -5, 6, -2, -4, -4, 6, 2, -6, 4, -3, 5, 4, 0, 6, 6, -5, 6, 4, -1, -4, 6, -2, 6, -6, -4, 5, -2, -3, -2, 0, 5, -6, -6, -4, -6, -6, 4, -5, -2, -2, 4, 2, 1, -3, 4, -3, 4, 6, -3, 3, -6, 3, 4, -3, 2, 3, 0, 5, 5, 3, 0, 6, -4, 2, -1, -6, 1, -4, -6, 2, -1, -6, -2, -6, 6, 4, -3, 4, 1, 0, 4, 6, -1, -1, -5, 6, 4, -1, 5, 5, -6, 4, -6, 6, 4]
 
2.11469660255: [-3, -6, 6, -6, 6, -6, -2, 2, 1, -4, -2, 1, -1, -4, 4, 4, 6, 2, 0, 4, 1, -6, 1, 6, 3, -4, 6, 3, -5, 5, 5, 0, -6, 0, 6, -4, -6, -1, 6, 5, -4, 4, -2, 5, 4, 0, -6, -3, -5, 6, 2, -1, -3, 6, -2, 6, -6, -4, 3, -2, -3, -2, 0, 5, -6, 2, -4, -2, -6, 0, -5, -2, 0, 0, 2, 0, -1, 4, -3, 1, 6, -3, 3, -6, 3, 2, 6, 2, 3, 0, 5, 5, 3, 0, -2, 1, 2, -1, -6, 1, -4, -6, 2, -1, -2, -2, -6, 6, -2, -4, -3, 1, 0, -6, 6, 6, -1, -5, 6, 4, -1, 5, 5, -6, 4, -6, 6, -6]
 
1.6829567168: [-3, -6, 6, 1, 2, -6, -2, 2, 1, -4, -2, 1, -3, 4, 2, 4, 3, -5, 0, -3, 1, 0, 1, -2, -2, -4, 6, 5, -5, 5, 5, 0, -6, -5, -1, -2, -6, -1, 4, 5, -4, -6, -3, 5, 3, -1, -6, -1, 4, -2, 4, -1, -4, 6, -2, 6, -6, -4, 5, -2, 0, -2, 1, 5, -6, -6, -4, -5, -6, 4, -5, -2, -2, 0, 2, 3, 5, 2, -1, -2, -1, -3, 3, -6, 3, 3, -3, 2, 3, 0, 5, 1, 3, 0, -3, -4, 2, -1, 2, 1, -3, -6, 2, -1, -1, -2, -6, 6, -1, -3, 4, 1, 0, 4, 6, -1, -1, -5, 6, 4, -1, 5, 5, -6, 4, -6, -5, 4]
 
3.207640672942867: [6, -3, -4, -2, -4, -5, 3, 2, 5, -4, 3, 1, -3, 4, 0, 1, 3, 2, 0, -1, 3, 4, -1, 6, -2, -4, 6, -1, -5, 5, 5, 0, -6, -5, 6, -2, -4, -4, 6, 2, -6, 4, -3, 5, 4, 0, 6, 6, -5, 6, 4, -1, -4, 6, -2, 6, -6, -4, 5, -2, -3, -2, 0, 5, -6, -6, -4, -6, -6, 4, -5, -2, -2, 4, 2, 1, -3, 4, -3, 4, 6, -3, 3, -6, 3, 4, -3, 2, 3, 0, 5, 5, 3, 0, 6, -4, 2, -1, -6, 1, -4, -6, 2, -1, -6, -2, -6, 2, -6, 3, 4, 4, 4, 4, 6, -1, -1, -5, 6, 4, -1, 5, 5, -6, 4, -6, 6, 4]
 
1.6815480546414867: [6, -3, -4, -2, -4, -5, 3, 2, 5, -4, 3, 1, -3, 4, 0, 1, 3, 2, 0, -1, 3, 4, -1, 6, -2, -4, 6, -1, -5, 5, 5, 0, -6, -5, 6, -2, -6, -1, 4, 5, -4, 4, -3, 5, 4, 0, -6, -1, -5, 6, 4, -1, -4, 6, -2, 6, -6, -4, 5, -2, -3, -2, 0, 5, -6, -6, -4, -6, -6, 4, -5, -2, -2, 4, 2, 1, -3, 4, -3, 4, 0, 6, 1, -6, 3, 1, 2, -4, -6, -6, -3, 4, -3, -6, 6, -3, 2, 4, -6, -3, -1, 1, 2, -2, -6, -2, -6, 2, -6, 3, 4, 4, 4, 4, 6, -1, -1, -5, 6, 4, -1, 5, 5, -6, 4, -6, 6, 4]
 
2.24562338650422: [-3, -6, 6, 1, -1, -6, -2, 2, 1, -4, -2, 1, -3, -4, 4, 4, 3, 2, 0, 4, 1, 0, 1, 6, -2, -4, 6, -1, -5, 5, 5, 0, -6, -5, 6, -2, -6, -1, 4, 5, -4, 4, -3, 5, 4, 0, -6, -1, -5, 6, 4, -1, -4, 6, -2, 6, -6, -4, 5, -2, -3, -2, 0, 5, -6, -6, -4, -6, -6, 4, -5, -2, -2, 4, 2, 1, -3, 4, -3, 4, 0, 6, 1, -6, 3, 1, 2, -4, -6, -6, -3, 4, -3, -6, 6, -3, 2, 4, -6, -3, -1, 1, 2, -2, -6, -2, -6, 2, -6, 3, 4, 4, 4, 4, 6, -1, -1, -5, 6, 4, -1, 5, 5, -6, 4, -6, 6, 4]
 
2.9095771582399053: [-3, -6, 6, 1, -1, -6, -2, 2, 1, -4, -2, 1, -3, -4, 4, 4, 3, 2, 0, 4, 1, 0, 1, 6, -2, -4, 6, -1, -5, 5, 5, 0, -6, -5, 6, -2, -6, -1, 4, 5, -4, 4, -3, 5, 4, 0, -6, -1, -5, 6, 4, -1, -4, 6, -2, 6, -6, -4, 5, -2, -3, -2, 0, 5, -6, -6, -4, -6, -6, 4, -5, 5, 5, -4, 5, -5, -4, 3, -4, -2, 1, -3, -4, 0, 1, -3, 5, 2, -1, 5, -3, 6, 2, 6, -2, -2, -2, -1, -6, -4, -4, 1, -4, 5, -2, 6, -2, 3, -6, 3, 4, -1, 1, 4, 6, -1, -1, -5, 6, 4, -1, -2, -5, -6, 4, -6, 6, 4]
 
1.4461380951341696: [-3, -6, 6, 1, -1, -6, -2, 2, 1, -4, -2, 1, -3, -4, 4, 4, 3, 2, 0, 4, 1, 0, 1, 6, -2, -4, 6, -1, -5, 5, 5, 0, -6, -5, 6, -2, -4, -4, 6, 2, -6, 4, -3, 5, 4, 0, 6, 6, -5, 6, 4, -1, -4, 3, -2, -5, -6, -6, 5, -2, 4, -2, -6, 5, -6, -3, -4, -2, -4, -1, 6, -2, -2, 4, 2, 1, -3, 4, -3, 4, 6, -3, 3, -6, 3, 4, -3, 2, 3, 0, 5, 5, 3, 0, 6, -4, 2, -1, -6, 1, -4, -6, 2, -1, -6, -2, -6, 6, -2, -3, -3, 1, 0, 4, 6, -4, -1, -5, 6, 4, -1, 5, 5, -6, 4, -6, 6, 4]
 
3.2468194532296346: [6, -3, -4, 4, -4, 2, 5, 2, 2, -4, -4, 1, -3, 2, 4, 4, 3, 2, 0, 4, 1, 0, 1, 6, -2, -4, 6, -1, -5, 5, 5, 0, -6, -5, 6, -2, -6, -1, 4, 5, -4, 4, -3, 5, 4, 0, -6, -1, -5, 6, 4, -1, -4, 6, -2, 6, -6, -4, 5, -2, -3, -2, 0, 5, -6, -6, -4, -6, -6, 4, -5, -2, -2, 4, 2, 1, -3, 4, -3, 4, 6, -3, 3, -6, 3, 4, -3, 2, 3, 0, 5, 5, 3, 0, 6, -4, 2, -1, -6, 1, -4, -6, 2, -1, -6, -2, -6, 6, -2, -3, -3, 1, 0, 4, 6, -4, -1, -5, 6, 4, -1, 5, 5, -6, 4, -6, 6, 4]
 
0.950700848181: [6, -3, 2, 2, -4, -5, 5, 2, 5, -6, 3, -2, -6, 4, 0, 0, -1, 5, 3, -1, 3, -4, -3, -4, -2, -6, 6, -1, -5, -4, 6, 0, -6, -6, 6, -2, -6, 2, -4, 5, 2, -3, 1, -4, 6, -3, 5, -2, -5, -5, 4, -1, 6, 1, -2, -5, -6, -6, 5, -2, -4, -1, 3, -3, -6, -3, 5, -2, -4, 3, -1, 5, 5, -4, -6, -5, -1, 3, 2, -2, 1, 2, -4, 0, 1, 5, 5, 2, -1, 5, -3, 6, 2, 6, -2, -2, -2, -1, -6, 3, -4, 4, -4, 5, -2, 3, -2, 3, -6, 3, -1, -1, 2, 1, 6, 1, 1, 5, 6, 3, 1, -2, -5, 1, 1, -6, 6, 4]
 
2.8011460271129183: [-3, -6, 6, 1, -1, -6, -2, 2, 1, -4, -2, 1, -3, -4, 4, 4, 3, 2, 0, 4, 1, 0, -1, 6, -2, -4, 6, -1, -5, 5, 5, 0, -6, -5, 6, -2, -4, -4, 6, 2, -6, 4, -3, 5, 4, 0, 6, 6, -5, 6, 4, -1, -4, 6, -2, 6, -6, -4, 5, -2, -3, -2, 0, 5, -6, -6, -4, -6, -6, 4, -5, -2, -2, 4, 2, 1, -3, 4, -3, 4, 6, -3, 3, -6, 3, 4, -3, 2, 3, 0, 5, 5, 3, 0, 6, -4, 2, -1, -6, 1, -4, -6, 2, -1, -6, -2, -6, 6, 4, -3, 4, 1, 0, 4, 6, -1, -1, -5, 6, 4, -1, 5, 5, -6, 4, -6, 6, 4]
 
2.03204274133941: [6, -3, -4, -2, -4, -5, 3, 2, 5, -4, 3, 1, -3, 4, 0, 1, 3, 2, 0, -1, 3, 4, -1, 6, -2, -4, 6, -1, -5, 5, 5, 0, -6, -5, 6, -2, -6, -1, 4, 5, -4, 4, -3, 5, 4, 0, -6, -1, -5, 6, 4, -1, -4, 6, -2, 6, -6, -4, 5, -2, -3, -2, 0, 5, -6, -6, -4, -6, -6, 4, -5, -2, -2, 4, 2, 1, -3, 4, -3, 4, 0, 6, 1, -6, 3, 1, 2, -4, -6, -6, -3, 4, -3, -6, 6, -3, 2, 4, -6, -3, -1, 1, 2, -2, -6, -2, -6, 2, -6, 3, 4, 4, 4, 4, 6, -1, -1, -5, 6, 4, -1, 5, 5, -6, 4, -6, 6, 4]
 
1.5712773251776841: [-3, -6, 6, 1, -1, -6, -2, 2, 1, -4, -2, 1, -3, -4, 4, 4, 3, 2, 0, 4, 1, 0, 1, 6, -2, -4, 6, -1, -5, 5, 5, 0, -6, -5, 6, -2, -6, -1, 4, 5, -4, 4, -3, 5, 4, 0, -6, -1, -5, 6, 4, -1, -4, 6, -2, 6, -6, -4, 5, -2, -3, -2, 0, 5, -6, -6, -4, -6, -6, 4, -5, -2, -2, 4, 2, 1, -3, 4, -3, 4, 0, 6, 1, -6, 3, 1, 2, -4, -6, -6, -3, 4, -3, -6, 6, -3, 2, 4, -6, -3, -1, 1, 2, -2, -6, -2, -6, 6, 4, -3, 4, 1, 0, 4, 6, -1, -1, -5, 6, 4, -1, 5, 5, -6, 4, -6, 6, 4]
 
1.1745814173727056: [2, -3, -4, 3, -4, -6, -6, -2, 5, 6, -2, 1, -3, 0, -3, -3, 3, 2, 0, 4, -1, -5, 1, 6, -2, 4, -3, -6, -5, 5, 5, 0, -6, 0, 6, -2, 6, 0, 4, 5, -4, 4, -3, 6, 4, 0, -6, 0, -5, 6, 4, -1, 3, 6, -2, 6, -3, 1, 5, -2, -3, 6, 6, 6, -6, -6, -4, 5, -6, 4, -5, -2, -2, 4, 2, 1, -3, 4, 1, 4, 6, -3, 3, 4, 3, 4, -3, -6, 3, 0, 5, 5, 3, 0, 6, -6, 2, -1, 5, 1, -4, 6, -5, -1, -6, -6, -6, 6, 4, -3, 4, 1, -1, 4, 6, -1, -1, -5, 6, 3, -1, 5, 5, -6, 2, -1, 2, 4]
 
3.23400526062: [-3, -6, 6, 1, -1, -6, -2, 2, 5, -4, 3, 1, -3, 4, 0, 1, 3, 2, 0, -1, 3, 4, -1, 6, -2, -4, 6, -1, -5, 5, 5, 0, -6, -5, 6, -2, -4, -4, 6, 2, -6, 4, -3, 5, 4, 0, 6, 6, -5, 6, 4, -1, -4, 6, -2, 6, -6, -4, 5, -2, -3, -2, 0, 5, -6, -6, -4, -6, -6, 4, -5, -2, -2, 4, 2, 1, -3, 4, -3, 4, 6, -3, 3, -6, 3, 4, -3, 2, 3, 0, 5, 5, 3, 0, 6, -4, 2, -1, -6, 1, -4, -6, 2, -1, -6, -2, -6, 2, -6, 3, 4, 4, 4, 4, 6, -1, -1, -5, 6, 4, -1, 5, 5, -6, 4, -6, 6, 4]
 
1.51892558499: [6, 4, -4, -2, -4, -5, 3, 0, 1, -4, -2, 1, -3, -4, 4, 2, 3, 2, 5, 4, 3, 3, -1, 6, 4, -4, 6, -1, -5, 5, 5, 0, -6, 6, -6, -2, -4, -4, 4, 2, -6, 4, -3, 5, 4, 0, 3, 4, -5, 3, 5, -1, 1, 6, -2, 6, -2, -4, 5, -6, -3, -2, 0, 5, -6, -6, 1, -6, -6, 4, -5, -5, -2, 4, 2, 1, 1, 4, 5, 4, 6, -1, 1, -6, 3, 4, -3, 2, 3, 0, 5, 5, -3, 0, 6, -4, 2, 6, -6, 1, -4, -6, 2, -1, -6, -2, -6, 6, 4, -3, 4, 2, 0, 5, 6, -1, -1, -5, -3, 4, -1, 5, 5, -6, 4, -6, 3, 4]
 
1.93087690122: [-3, -6, 6, 1, -1, -6, -2, 2, 5, -4, 3, 1, -3, 4, 0, 4, 3, 2, 0, -1, 3, 4, -1, 6, -2, -4, 6, -1, -5, 5, 5, 0, -6, -5, 6, -2, -6, -1, 4, 5, -4, 4, -3, 5, 4, 0, -6, -1, -5, 6, 4, -1, -4, 6, -2, 6, -6, -4, 5, -2, -3, -2, 0, 5, -6, -6, -4, -6, -6, 4, -5, -2, -2, 4, 2, 1, -3, 4, -3, 4, 0, 6, 1, -6, 3, 1, 2, -4, -6, -6, -3, 4, -3, -6, 6, -3, 2, 4, -6, -3, -1, 1, 2, -2, -6, -2, -6, 2, -6, 3, 4, 4, 4, 4, 6, -1, -1, -5, 6, 4, -1, 5, 5, -6, 4, -6, 6, 4]
 
2.93928660739: [6, -3, -4, 4, -4, 2, 5, 2, 2, -4, -4, 1, -3, 2, 4, 1, 3, 2, 0, -1, 3, 4, -1, 6, -2, -4, 6, -1, -5, 5, 5, 0, -6, -5, 6, -2, -4, -4, 6, 2, -6, 4, -3, 5, 4, 0, 6, 6, -5, 6, 4, -1, -4, 6, -2, 6, -6, -4, 5, -2, -3, -2, 0, 5, -6, -6, -4, -6, -6, 4, -5, -2, -2, 4, 2, 1, -3, 4, -3, 4, 6, -3, 3, -6, 3, 4, -3, 2, 3, 0, 5, 5, 3, 0, 6, -4, 2, -1, -6, 1, -4, -6, 2, -1, -6, -2, -6, 2, -6, 3, 4, 4, 4, 4, 6, -1, -1, -5, 6, 4, -1, 5, 5, -6, 4, -6, 6, 4]
 
1.707007666: [-3, -6, 6, 1, -1, -6, -2, 2, 1, -4, -2, 1, -3, -4, 4, 4, 3, 2, 0, 4, 1, 0, 1, 6, -2, -4, 6, -1, -5, 5, 5, 0, -6, -5, 6, -2, -6, -1, 4, 5, -4, 4, -3, 5, 4, 0, -6, -1, -5, 6, 4, -1, -4, 6, -2, 6, -6, -4, 5, -2, -3, -2, 0, 5, -6, -6, -4, -6, -6, 4, -5, -2, -2, 4, 2, 1, -3, 4, -3, 4, 0, 6, 1, -6, 3, 1, 2, -4, -6, -6, -3, 4, -3, -6, 6, -3, 2, 4, -6, -3, -1, 1, 2, -2, -6, -2, -6, 6, 4, -3, 4, 1, 0, 4, 6, -1, -1, -5, 6, 4, -1, 5, 5, -6, 4, -6, 6, 4]
 
2.28530445467: [-3, -6, 6, 1, -1, -6, -2, 2, 1, -4, -2, 1, -3, 4, 0, 1, 3, 2, 0, -1, 3, 4, 1, 6, -2, -4, 6, -1, -5, 5, 5, 0, -6, -5, 6, -2, -6, -1, 4, 5, -4, 4, -3, 5, 4, 0, -6, -1, -5, 6, 4, -1, -4, 6, -2, 6, -6, -4, 5, -2, -3, -2, 0, 5, -6, -6, -4, -6, -6, 4, -5, -2, -2, 4, 2, 1, -3, 4, -3, 4, 0, 6, 1, -6, 3, 1, 2, -4, -6, -6, -3, 4, -3, -6, 6, -3, 2, 4, -6, -3, -1, 1, 2, -2, -6, -2, -6, 2, -6, 3, 4, 4, 4, 4, 6, -1, -1, -5, 6, 4, -1, 5, 5, -6, 4, -6, 6, 4]
 
1.23247601168: [6, -3, -4, -2, -4, -5, 3, 2, 1, -4, 6, 1, -3, 4, -1, 4, -5, 2, -6, 2, 1, 5, -1, 6, -2, -5, 6, -1, -5, 5, 5, 0, -6, -5, 5, -6, -3, -4, -4, 5, -6, 4, -3, 5, 4, 0, 6, 6, 0, 6, 4, -1, -4, 5, -2, 6, -6, -4, 5, -2, -3, -3, -4, 5, 6, -6, -1, -6, -6, 2, -5, -2, -2, 1, 2, 1, -3, 4, -3, 4, 0, -5, 1, -6, 3, 1, 2, -4, 3, -2, -3, 4, -3, -6, 6, -3, 2, 4, -6, -3, -1, 1, 2, -2, 6, -2, -6, 6, 4, 6, 4, 1, -4, 4, 2, -3, -1, -5, 4, 4, -1, -3, 5, -6, -1, -6, 6, 4]
 
2.78013775816: [-3, -6, 6, 1, -1, -6, -2, 2, 1, -4, -2, 1, -3, -4, 4, 4, 3, 2, 0, 4, 1, 0, 1, 6, -2, -4, 6, -1, -5, 5, 5, 0, -6, -5, 6, -2, -6, -1, 4, 5, -4, 4, -3, 5, 4, 0, -6, -1, -5, 6, 4, -1, -4, 6, -2, 6, -6, -4, 5, -2, -3, -2, 0, 5, -6, -6, -4, -6, -6, 4, -5, -2, -2, 4, 2, 1, -3, 4, -3, 4, 6, -3, 3, -6, 3, 4, -3, 2, 3, 0, 5, 5, 3, 0, 6, -4, 2, -1, -6, 1, -4, -6, 2, -1, -6, -2, -6, 6, 4, -3, 4, 1, 0, 4, 6, -1, -1, -5, 6, 4, -1, 5, 5, -6, 4, -6, 6, 4]
 
2.72935862918: [-3, -6, 6, 1, -1, -6, -2, 2, 1, -4, -2, 1, -3, -4, 4, 4, 3, 2, 0, 4, 1, 0, -1, 6, -2, -4, 6, -1, -5, 5, 5, 0, -6, -5, 6, -2, -4, -4, 6, 2, -6, 4, -3, 5, 4, 0, 6, 6, -5, 6, 4, -1, -4, 6, -2, 6, -6, -4, 5, -2, -3, -2, 0, 5, -6, -6, -4, -6, -6, 4, -5, -2, -2, 4, 2, 1, -3, 4, -3, 4, 6, -3, 3, -6, 3, 4, -3, 2, 3, 0, 5, 5, 3, 0, 6, -4, 2, -1, -6, 1, -4, -6, 2, -1, -6, -2, -6, 6, 4, -3, 4, 1, 0, 4, 6, -1, -1, -5, 6, 4, -1, 5, 5, -6, 4, -6, 6, 4]
 
1.21984802703: [-3, -6, 6, 1, -1, -6, -2, 2, 1, -4, -2, 1, -3, 4, 0, 1, 3, 2, -3, -4, -1, -6, -6, 6, -2, 4, 6, 2, -1, 5, -6, 0, -6, 3, -1, -2, 5, -4, 2, -2, 0, -2, 0, -6, -5, 0, -1, 1, 1, 6, 0, -1, -3, 3, 3, -5, 6, -1, 5, -4, 5, -2, 0, 5, -6, 5, 2, -2, -4, -6, 2, 5, 5, -6, 5, -5, -6, 3, -4, -2, 1, -6, -4, 0, 3, -3, 5, 2, -1, 5, -3, 6, -3, 6, -2, 4, -2, 6, -6, 0, -4, 1, -4, 5, -5, -6, -2, 3, -6, 3, 4, 1, 1, 4, 1, -1, -1, -5, 6, 4, -1, -1, 5, -6, 1, -6, 1, 0]
 
0.848794065699: [-3, -6, 3, 1, -1, -6, -2, 2, 1, -4, -2, 1, -3, 4, -2, 0, 3, 2, 0, 4, 3, 4, 1, 5, -2, -4, 6, -1, -5, 5, 5, 2, -6, 0, 6, -2, -6, 1, 4, 5, -4, -2, 6, 5, 4, 4, -6, -1, -5, -4, 4, 3, -4, 1, -2, 6, -6, -4, 5, -2, -4, -2, -6, 3, -4, -5, -4, -2, -4, -1, 6, 5, 5, -4, -5, -5, -4, 1, -4, -2, 1, -3, -3, 0, 2, -3, 5, 2, -1, 5, -3, -3, 2, 2, -2, 1, -2, -1, -6, -6, -2, 1, -4, 5, 2, 6, -2, 3, -6, 3, 4, -1, -4, 4, 6, -3, -2, -5, 6, 4, -1, -2, -1, -6, 4, -6, 6, 4]
 
1.18398161205: [6, -3, -4, -2, -4, -5, 3, 2, 5, -4, 3, 1, -3, 4, 0, 1, 3, 2, 0, -1, 3, 4, -1, 6, -2, -4, 6, -1, -5, 5, 5, 0, -6, -5, 6, -2, -6, -1, 4, 5, -4, 4, -3, 5, 4, 0, -6, -1, -5, 6, 4, -1, -4, 6, -2, -5, -6, -6, 5, -2, -3, -2, 0, 5, -6, -6, -4, -6, -6, 4, -5, -2, -2, 4, 2, 1, -3, 4, -3, 4, 0, 6, 1, -6, 3, 1, 2, -4, -6, -6, -3, 4, -3, -6, 6, -3, 2, 4, -6, -3, -1, 1, 2, -2, -6, -2, -6, 6, 4, -3, 4, 1, 0, 4, 6, -1, -1, -5, 6, 4, -1, 5, 5, -6, 4, -6, 6, 4]
 
2.96529105385: [6, -3, -4, -2, -4, -5, 3, 2, 5, -4, 3, 1, -3, 4, 0, 1, 3, 2, 0, -1, 3, 4, -1, 6, -2, -4, 6, -1, -5, 5, 5, 0, -6, -5, 6, -2, -6, -1, 4, 5, -4, 4, -3, 5, 4, 0, -6, -1, -5, 6, 4, -1, -4, 6, -2, 6, -6, -4, 5, -2, -3, -2, 0, 5, -6, -6, -4, -6, -6, 4, -5, -2, -2, 4, 2, 1, -3, 4, -3, 4, 6, -3, 3, -6, 3, 4, -3, 2, 3, 0, 5, 5, 3, 0, 6, -4, 2, -1, -6, 1, -1, -6, 2, -1, -6, -2, -6, 6, 4, -3, 4, 1, 0, 4, 6, -1, -1, -5, 6, 4, -1, 5, 5, -6, 4, -6, 6, 4]
 
1.6401254557: [6, -3, -4, -2, -4, -5, 3, 2, 5, -4, 3, 1, -3, -4, 4, 4, 3, 2, 0, 4, 1, 0, 1, 6, -2, -4, 6, -1, -5, 5, 5, 0, -6, -5, 6, -2, -6, -1, 4, 5, -4, 4, -3, 5, 4, 0, -6, -1, -5, 6, 4, -1, -4, 6, -2, 6, -6, -4, 5, -2, -3, -2, 0, 5, -6, -6, -4, -6, -6, 4, -5, -2, -2, 4, 2, 1, -3, 4, -3, 4, 0, 6, 1, -6, 3, 1, 2, -4, 3, 0, 5, 5, 3, 0, 6, -4, 2, -1, -6, 1, -4, -6, 2, -1, -6, -2, -6, 6, 4, -3, 4, 1, 0, 4, 6, -1, -1, -5, 6, 4, -1, 5, 5, -6, 4, -6, 6, 4]
 
2.8031598647: [-3, -6, 6, 1, -1, -6, -2, 2, 1, -4, -2, 1, -3, -4, 4, 4, 3, 2, 0, 4, 1, 0, 1, 6, -2, -4, 6, -1, -5, 5, 5, 0, -6, -5, 6, -2, -6, -1, 4, 5, -4, 4, -3, 5, 4, 0, -6, -1, -5, 6, 4, -1, -4, 6, -2, 6, -6, -4, 5, -2, -3, -2, 0, 5, -6, -6, -4, -6, -6, 4, -5, 5, 5, -4, 5, -5, -4, 3, -4, -2, 1, -3, -4, 0, 1, -3, 5, 2, -1, 5, -3, 6, 2, 6, -2, -2, -2, -1, -6, -4, -4, 1, -4, 5, -2, 6, -2, 3, -6, 3, 4, -1, 1, 4, 6, -1, -1, -5, 6, 4, -1, -2, -5, -6, 4, -6, 6, 4]
 
2.75272471104: [-3, -6, 6, 1, -1, -6, -2, 2, 1, -4, -2, 1, -3, -4, 4, 4, 3, 2, 0, 4, 1, 0, 1, 6, -2, -4, 6, -1, -5, 5, 5, 0, -6, -5, 6, -2, -6, -1, 4, 5, -4, 4, -3, 5, 4, 0, -6, -1, -5, 6, 4, -1, -4, 6, -2, 6, -6, -4, 5, -2, -3, -2, 0, 5, -6, -6, -4, -6, -6, 4, -5, -2, -2, 4, 2, 1, -3, 4, -3, 4, 6, -3, 3, -6, 3, 4, -3, 2, 3, 0, 5, 5, 3, 0, 6, -4, 2, -1, -6, 1, -4, -6, 2, -1, -6, -2, -6, 6, 4, -3, 4, 1, 0, 4, 6, -1, -1, -5, 6, 4, -1, 5, 5, -6, 4, -6, 6, 4]
 
2.81806359471: [-3, -6, 6, 1, -1, -6, -2, 2, 1, -4, -2, 1, -3, -4, 4, 4, 3, 2, 0, 4, 1, 0, 1, 6, -2, -4, 6, -1, -5, 5, 5, 0, -6, -5, 6, -2, -6, -1, 4, 5, -4, 4, -3, 5, 4, 0, -6, -1, -5, 6, 4, -1, -4, 6, -2, 6, -6, -4, 5, -2, -3, -2, 0, 5, -6, -6, -4, -6, -6, 4, -5, 5, 5, -4, 5, -5, -4, 3, -4, -2, 1, -3, -4, 0, 1, -3, 5, 2, -1, 5, -3, 6, 3, 0, 6, -4, 2, -1, -6, 1, -4, -6, 2, -1, -6, -2, -6, 6, 4, -3, 4, 1, 0, 4, 6, -1, -1, -5, 6, 4, -1, 5, 5, -6, 4, -6, 6, 4]
 
0.935169554295: [1, -3, -2, -1, 3, -6, 1, -3, 5, -4, 3, 4, -3, -4, 4, 4, 3, 2, 0, 4, 1, 0, 1, -4, -2, -4, -6, -1, -5, 6, 5, 2, 1, -5, 6, -4, -6, -1, -2, -1, -4, 4, -3, -4, 4, 0, -6, 2, -5, -2, 4, 0, -4, 6, -2, 6, -6, 3, 5, -2, 4, -2, 0, -3, -6, -6, -6, -6, -2, 0, -5, -3, -2, 4, 2, 0, 3, 4, 2, 4, 0, 2, -2, -6, 3, 1, 2, -4, 0, 0, 2, -1, -1, 6, -2, 3, -2, -1, 2, -4, -4, 1, -4, -5, 2, 6, -2, 3, -5, 1, -4, 1, 3, 0, 6, 3, 5, 3, 6, 4, -1, -2, -5, -6, 4, -6, 6, -4]
 
3.40340002872: [-3, -6, 6, 1, -1, -6, -2, 2, 5, -4, 3, 1, -3, 4, 0, 1, 3, 2, 0, 4, 1, 0, 1, 6, -2, -4, 6, -1, -5, 5, 5, 0, -6, -5, 6, -2, -6, -1, 4, 5, -4, 4, -3, 5, 4, 0, -6, -1, -5, 6, 4, -1, -4, 6, -2, 6, -6, -4, 5, -2, -3, -2, 0, 5, -6, -6, -4, -6, -6, 4, -5, -2, -2, 4, 2, 1, -3, 4, -3, 4, 6, -3, 3, -6, 3, 4, -3, 2, 3, 0, 5, 5, 3, 0, 6, -4, 2, -1, -6, 1, -4, -6, 2, -1, -6, -2, -6, 6, -2, -3, -3, 1, 0, 4, 6, -4, -1, -5, 6, 4, -1, 5, 5, -6, 4, -6, 6, 4]
 
2.65076001365: [6, -3, -4, -2, -4, -5, 3, 2, 1, -4, -2, 1, -3, -4, 4, 4, 3, 2, 0, 4, 1, 0, 1, 6, -2, -4, 6, -1, -5, 5, 5, 0, -6, -5, 6, -2, -6, -1, 4, 5, -4, 4, -3, 5, 4, 0, -6, -1, -5, 6, 4, -1, -4, 6, -2, 6, -6, -4, 5, -2, -3, -2, 0, 5, -6, -6, -4, -6, -6, 4, -5, 5, 5, -4, 5, -5, -4, 3, -4, -2, 1, -3, -4, 0, 1, -3, 5, 2, -1, 5, -3, 6, 3, 0, 6, -4, 2, -1, -6, 1, -4, -6, 2, -1, -6, -2, -6, 6, 4, -3, 4, 1, 0, 4, 6, -1, -1, -5, 6, 4, -1, 5, 5, -6, 4, -6, 6, 4]
 
3.60500643249: [-3, -6, 6, 1, -1, -6, -2, 2, 1, -4, -2, 1, -3, -4, 4, 4, 3, 2, 0, 4, 1, 0, 1, 6, -2, -4, 6, -1, -5, 5, 5, 0, -6, -5, 6, -2, -6, -1, 4, 5, -4, 4, -3, 5, 4, 0, -6, -1, -5, 6, 4, -1, -4, 6, -2, 6, -6, -4, 5, -2, -3, -2, 0, 5, -6, -6, -4, -6, -6, 4, -5, -2, -2, 4, 2, 1, -3, 4, -3, 4, 6, -3, 3, -6, 3, 4, -3, 2, 3, 0, 5, 5, 3, 0, 6, -4, 2, -1, -6, 1, -4, -6, 2, -1, -6, -2, -6, 6, -2, -3, -3, 1, 0, 4, 6, -4, -1, -5, 6, 4, -1, 5, 5, -6, 4, -6, 6, 4]
 
2.901851156: [-3, -6, 6, 1, -1, -6, -2, 2, 1, -4, -2, 1, -3, -4, 4, 4, 3, 2, 0, 4, 1, 0, 1, 6, -2, -4, 6, -1, -5, 5, 5, 0, -6, -5, 6, -2, -6, -1, 4, 5, -4, 4, -3, 5, 4, 0, -6, -1, -5, 6, 4, -1, -4, 6, -2, 6, -6, -4, 5, -2, -3, -2, 0, 5, -6, -6, -4, -6, -6, 4, -5, -2, -2, 4, 2, 1, -3, 4, -3, 4, 6, -3, 3, -6, 3, 4, -3, 2, 3, 0, 5, 5, 3, 0, 6, -4, 2, -1, -6, 1, -4, -6, 2, -1, -6, -2, -6, 6, 4, -3, 4, 1, 0, 4, 6, -1, -1, -5, 6, 4, -1, 5, 5, -6, 4, -6, 6, 4]
 
1.98076028688: [6, -3, -4, -2, -4, -5, 3, 2, 5, -4, 3, 1, -3, -4, 4, 4, 3, 2, 0, 4, 1, 0, 1, 6, -2, -4, 6, -1, -5, 5, 5, 0, -6, -5, 6, -2, -6, -1, 4, 5, -4, 4, -3, 5, 4, 0, -6, -1, -5, 6, 4, -1, -4, 6, -2, 6, -6, -4, 5, -2, -3, -2, 0, 5, -6, -6, -4, -6, -6, 4, -5, -2, -2, 4, 2, 1, -3, 4, -3, 4, 0, 6, 1, -6, 3, 1, 2, -4, -6, -6, -3, 4, -3, -6, 6, -3, 2, 4, -6, -3, -1, 1, 2, -2, -6, -2, -6, 2, -6, 3, 4, 4, 4, 4, 6, -1, -1, -5, 6, 4, -1, 5, 5, -6, 4, -6, 6, 4]
 
2.10727807543: [6, -3, -4, -2, -4, -5, 3, 2, 5, -4, 3, 1, -3, 4, 0, 1, 3, 2, 0, -1, 3, 4, -1, 6, -2, -4, 6, -1, -5, 5, 5, 0, -6, -5, 6, -2, -6, -1, 4, 5, -4, 4, -3, 5, 4, 0, -6, -1, -5, 6, 4, -1, -4, 6, -2, 6, -6, -4, 5, -2, -3, -2, 0, 5, -6, -6, -4, -6, -6, 4, -5, -2, -2, 4, 2, 1, -3, 4, -3, 4, 0, 6, 1, -6, 3, 1, 2, -4, 3, 0, 5, 5, 3, 0, 6, -4, 2, -1, -6, 1, -4, -6, 2, -1, -6, -2, -6, 6, 4, -3, 4, 1, 0, 4, 6, -1, -1, -5, 6, 4, -1, 5, 5, -6, 4, -6, 6, 4]
 
2.64774449625: [-3, -6, 6, 1, -1, -6, -2, 2, 1, -4, -2, 1, -3, -4, 4, 4, 3, 2, 0, 4, 1, 0, 1, 6, -2, -4, 6, -1, -5, 5, 5, 0, -6, -5, 6, -2, -6, -1, 4, 5, -4, 4, -3, 5, 4, 0, -6, -1, -5, 6, 4, -1, -4, 6, -2, 6, -6, -4, 5, -2, -3, -2, 0, 5, -6, -6, -4, -6, -6, 4, -5, 5, 5, -4, 5, -5, -4, 3, -4, -2, 1, -3, -4, 0, 1, -3, 5, 2, -1, 5, -3, 6, 3, 0, 6, -4, 2, -1, -6, 1, -4, -6, 2, -1, -6, -2, -6, 6, 4, -3, 4, 1, 0, 4, 6, -1, -1, -5, 6, 4, -1, 5, 5, -6, 4, -6, 6, 4]
 
2.6700648367: [-3, -6, 6, 1, -1, -6, -2, 2, 1, -4, -2, 1, -3, -4, 4, 4, 3, 2, 0, 4, 1, 0, 1, 6, -2, -4, 6, -1, -5, 5, 5, 0, -6, -5, 6, -2, -6, -1, 4, 5, -4, 4, -3, 5, 4, 0, -6, -1, -5, 6, 4, -1, -4, 6, -2, 6, -6, -4, 5, -2, -3, -2, 0, 5, -6, -6, -4, -6, -6, 4, -5, 5, 5, -4, 5, -5, -4, 3, -4, -2, 1, -3, -4, 0, 1, -3, 5, 2, -1, 5, -3, 6, 3, 0, 6, -4, 2, -1, -6, 1, -4, -6, 2, -1, -6, -2, -6, 6, 4, -3, 4, 1, 0, 4, 6, -1, -1, -5, 6, 4, -1, 5, 5, -6, 4, -6, 6, 4]
 
3.00963077565: [-3, -6, 6, 1, -1, -6, -2, 2, 1, -4, -2, 1, -3, 4, 0, 1, 3, 2, -3, -4, -1, -6, -6, 6, -2, 4, 6, 2, -1, 5, -6, 0, -6, 3, -1, -2, 5, -4, 2, -2, 0, -2, 0, -6, -5, 0, -6, -1, -5, 6, 4, -1, -4, 6, -2, 6, -6, -4, 5, -2, -3, -2, 0, 5, -6, -6, -4, -6, -6, 4, -5, -2, -2, 4, 2, 1, -3, 4, -3, 4, 6, -3, 3, -6, 3, 4, -3, 2, 3, 0, 5, 5, 3, 0, 6, -4, 2, -1, -6, 1, -4, -6, 2, -1, -6, -2, -6, 6, 4, -3, 4, 1, 0, 4, 6, -1, -1, -5, 6, 4, -1, 5, 5, -6, 4, -6, 6, 4]
 
1.77333022487: [6, -3, -4, -2, -4, -5, 3, 2, 5, -4, 3, 1, -3, 4, 0, 1, 3, 2, 0, -1, 3, 4, -1, 6, -2, -4, 6, -1, -5, 5, 5, 0, -6, -5, 6, -2, -6, -1, 4, 5, -4, 4, -3, 5, 4, 0, -1, 1, 1, 6, 0, -1, -3, 3, 3, -5, 6, -1, 5, -4, 5, -2, 0, 5, -6, 5, 2, -2, -4, -6, 2, 5, 5, -6, 5, -5, -6, 3, -4, -2, 1, -6, -4, 0, 3, -3, 5, 2, -1, 5, -3, 6, -3, 6, -2, 4, -2, 6, -6, 0, -4, 1, -4, 5, -5, -6, -2, 3, -6, 3, 4, 1, 1, 4, 1, -1, -1, -5, 6, 4, -1, -1, 5, -6, 1, -6, 1, 0]
 
1.24433681778: [-3, -6, 6, 1, -1, -6, -2, 2, 1, -4, -2, 1, -3, -4, 4, 4, 3, 2, 2, -4, 3, 4, -1, 6, 3, -6, 2, -1, -1, 5, 5, 0, -6, 6, 6, -2, 5, -2, 6, 5, -4, 4, 0, -3, -1, 0, 2, 4, 1, -5, 6, -1, -4, 3, -6, 1, 0, -4, 5, 4, -6, 4, 5, 6, -6, -6, -4, -6, -4, -1, 6, -1, 5, -4, 5, -5, -4, 3, 6, -2, 1, -3, -4, 0, 4, -3, 5, 0, -6, 3, -2, 4, 2, 6, -2, -2, -2, 5, -3, -4, -4, 1, -4, -5, -3, -1, 1, 3, 4, 6, -1, 1, 0, 3, 6, -1, 6, -5, 4, -6, -5, -5, 3, 6, 0, -6, -6, 6]
 
2.49901769044: [6, -3, -4, 1, -1, 0, -2, 2, -3, -4, 0, -6, -3, -4, 4, 6, -2, 2, 0, 4, 1, 0, -1, 6, -2, -4, 6, -1, -5, 5, 5, 0, -6, -5, 6, -2, -4, -4, 6, 2, -6, 4, -3, 5, 4, 0, 6, 6, -5, 6, 4, -1, -4, 6, -2, 6, -6, -4, 5, -2, -3, -2, 0, 5, -6, -6, -4, -6, -6, 4, -5, -2, -2, 4, 2, 1, -3, 4, -3, 4, 6, -3, 3, -6, 3, 4, -3, 2, 3, 0, 5, 5, 3, 0, 6, -4, 2, -1, -6, 1, -4, -6, 2, -1, -6, -2, -6, 6, 4, -3, 4, 1, 0, 4, 6, -1, -1, -5, 6, 4, -1, 5, 5, -6, 4, -6, 6, 4]
 
1.59770483787: [-3, -6, 6, 1, -1, -6, -2, 2, 1, -4, -2, 1, -3, -4, 4, 4, 3, 2, 0, 4, 1, 0, -1, 6, -2, -4, 6, -1, -5, 5, 5, 0, -6, -5, 6, -2, -4, -4, 6, 2, -6, 4, -3, 5, 4, 0, 6, 6, -5, 6, 4, -1, -4, 6, -2, 6, -6, -4, 5, -2, -3, -2, 0, 5, -6, -6, -4, -6, -6, 4, -5, -2, -2, 4, 2, 1, -3, 4, -3, 4, 0, 6, 1, -6, 3, 1, 2, -4, -6, -6, -3, 4, -3, -6, 6, -3, 2, 4, -6, -3, -1, 1, 2, -2, -6, -2, -6, 6, 4, -3, 4, 1, 0, 4, 6, -1, -1, -5, 6, 4, -1, 5, 5, -6, 4, -6, 6, 4]
 
2.68514242435: [6, -3, -4, -2, -4, -5, 3, 2, 1, -4, -2, 1, -3, -4, 4, 4, 3, 2, 0, 4, 1, 0, 1, 6, -2, -4, 6, -1, -5, 5, 5, 0, -6, -5, 6, -2, -6, -1, 4, 5, -4, 4, -3, 5, 4, 0, -6, -1, -5, 6, 4, -1, -4, 6, -2, 6, -6, -4, 5, -2, -3, -2, 0, 5, -6, -6, -4, -6, -6, 4, -5, 5, 5, -4, 5, -5, -4, 3, -4, -2, 1, -3, -4, 0, 1, -3, 5, 2, -1, 5, -3, 6, 3, 0, 6, -4, 2, -1, -6, 1, -4, -6, 2, -1, -6, -2, -6, 6, 4, -3, 4, 1, 0, 4, 6, -1, -1, -5, 6, 4, -1, 5, 5, -6, 4, -6, 6, 4]
 
