0.521288674274: [-6, -3, -6, -3, 0, -1, 6, -2, 5, 5, 6, -6, 1, 3, -6, -3, 6, 1, -5, 3, -4, -1, -3, 3, 2, -2, 1, 1, -4, 2, 4, 2, 6, 3, 2, -2, -5, -3, -2, 5, -4, 3, -2, -3, 5, 6, -5, 2, -6, 4, 1, 0, 0, 1, 0, -6, -4, 1, 6, 3, 0, -1, 0, 3, 4, -2, 4, -2, -4, -4, 6, -4, 5, 6, -5, -2, 6, 6, 2, 6, 1, -3, -4, -4, 2, 6, 1, -6, -4, 3, -2, 1, 3, 3, -2, -1, -2, -2, -6, 1, 5, 4, 2, -5, -3, 2, -3, 3, -6, 1, -3, 4, -2, 5, -6, 4, 6, -1, 0, 1, -6, -2, -5, -4, 1, 1, -3, 6]
 
1.2778873587130564: [6, 3, 5, -6, 0, -1, 6, -2, -1, -1, 2, -6, -6, 3, -3, -3, 0, 1, -5, 3, -4, -1, -3, 3, 2, -2, -5, 5, -4, 2, 4, 3, 6, -5, 2, -2, 1, 2, -2, 5, -4, 4, -6, -6, 5, 6, -5, 4, -6, 6, -6, 0, 6, 1, -1, -6, -4, 1, 6, -4, -6, -1, 0, -2, 4, -2, 4, -2, -6, -4, 6, -1, 5, 6, 6, 6, -1, 6, -4, -4, 6, -5, -4, -4, -3, -5, 5, -1, 4, 2, -3, -3, -1, 6, 2, -1, 5, 0, 1, 1, -4, 4, 2, 5, -4, 2, 0, 3, -6, 2, -3, 4, 6, 5, -3, 4, 6, -3, 0, 1, -6, 0, -5, -4, 0, 1, 5, 6]
 
0.238319423901: [-1, -2, -5, -6, 4, -6, -5, -5, 6, 1, -1, -6, 1, 3, -3, 4, 3, 0, -4, 3, 0, -4, -2, -2, -4, 2, -5, -1, 3, 2, 6, -4, 6, -5, -4, 6, 3, -6, -2, 1, -4, -2, 6, -6, -4, 6, -5, 6, -2, 6, -2, -3, 4, 1, 2, -2, -4, 1, 6, -4, 2, -1, 4, 1, 0, -4, -5, -1, 3, -4, 6, -3, 1, -1, 4, 3, -2, -6, -3, 0, -4, 6, 1, -6, 5, 2, -4, -6, 6, 2, -4, 5, 4, -5, -2, 1, 0, 2, 2, 3, -3, -1, 3, -4, -1, -6, -1, 3, -2, 0, 4, 5, 6, 5, 5, -4, 6, -4, -3, -6, 5, 1, -6, 1, 6, -3, 0, -5]
 
1.2747137727434619: [6, 3, 5, -6, 0, -1, 6, -2, -1, -1, 2, -6, -6, 3, -3, -3, 0, 1, -5, 3, -4, -1, -3, 3, 2, -2, -5, 5, -4, 2, 4, 3, 6, -5, 2, -2, 1, 2, -2, 5, -4, 4, -6, -6, 5, 6, -5, 4, -6, 6, -6, 0, 6, 1, -1, -6, -4, 1, 6, -4, -6, -1, 0, -2, 4, -2, 4, -2, -6, -4, 6, -4, 5, 6, 6, -2, 2, 6, 2, 6, 1, -3, -4, -4, 3, -5, 1, -6, -4, 3, -1, 1, 5, -3, -2, -4, -2, -1, -6, 1, -4, -5, 1, -6, 1, -1, 4, 5, 1, -3, 6, 6, 0, 4, -3, 2, -5, -2, 6, 1, -6, 0, -5, -4, 0, 1, 5, 6]
 
1.1874058497522326: [-3, 0, -5, -1, 0, -6, 4, -2, 3, 1, -3, 2, 2, -6, 4, 3, -2, 0, 0, -6, 5, -3, 3, 1, -3, -4, 1, -2, -4, 3, 2, 4, 2, -5, -4, -2, -3, 0, -1, 4, 5, -2, 0, -2, -4, 6, 2, -1, 2, -2, -5, -6, -6, -3, 2, 6, -3, 6, -1, 5, -4, 3, 0, 4, -1, 6, 0, 6, 6, 1, 2, -1, 5, -3, 3, 0, 2, -2, 2, 1, 2, -5, 0, 5, 6, 5, 4, -3, -5, 3, -6, 5, 0, 5, -6, -1, 1, 4, -3, -2, 2, 3, -1, -1, -6, 2, 4, 5, 0, -3, 3, 3, -1, -3, -2, -6, 4, 4, -3, 5, -2, 2, 1, -2, 5, 1, -3, 1]
 
1.8710568898032172: [6, 3, 5, -6, 0, -1, 6, -2, -1, -1, 2, -6, -6, 3, -3, -3, 0, 1, -5, 3, -4, -1, -3, 3, 2, -2, -5, 5, -4, 2, 4, 3, 6, -5, 2, -2, 1, 2, -2, 5, -4, 4, -6, -6, 5, 6, -5, 4, -6, 6, -6, 0, 6, 1, -1, -6, -4, 1, 6, -4, -6, -1, 0, -2, 4, -2, 4, -2, -6, -4, 6, -1, 5, 6, 6, 6, -1, 6, -4, -4, 6, -5, -4, -4, -3, -5, 5, -1, 4, 2, -3, -3, -1, 6, 2, -1, 5, 0, 1, -1, 0, -5, 4, 0, 2, 2, -4, -1, -6, -6, 6, 5, 3, 2, 3, -2, 2, -6, 4, 1, -4, 1, 5, -3, 4, 3, 2, 6]
 
0.9508335285018401: [0, -3, -5, -6, -5, 3, 2, -5, 3, -4, 2, -6, 2, 2, 3, -5, -2, 2, -4, -6, -3, 6, -2, 2, 3, 2, 0, -1, 6, 6, -2, 3, 4, -5, -1, -2, 2, 1, -2, -5, 3, -2, 3, 0, -4, 6, -1, 2, 4, 4, -3, -5, -2, 5, 4, -6, 6, -2, 3, -6, -6, -1, 6, 4, -1, -6, -4, 2, 0, -4, -2, 6, 5, 4, -3, -6, 1, 5, 1, 6, -2, -1, -3, -4, -2, -1, -3, -4, -6, -3, -6, -2, -1, 1, 3, 5, 3, -4, -4, 5, 6, -2, -5, 6, -6, -2, 2, 0, -2, 2, 3, 3, -4, 4, -5, -5, -6, -6, 2, -6, 5, -3, 1, -1, 1, 6, 5, -1]
 
0.3617596823775844: [6, 3, 5, -6, 4, -6, -6, -2, 4, -4, 2, -6, -6, 2, 4, 1, 0, 1, 4, 3, 3, -4, -2, -2, 2, -6, 3, 5, -4, 5, -2, 2, 4, -5, 6, -2, -3, 2, -3, 6, 6, -2, -6, -6, 6, 6, -1, 0, -5, 6, -5, -1, -1, 1, -2, -6, 3, 1, 6, -1, -6, 6, 0, 4, 1, -5, -4, -2, 5, -4, -5, 6, 1, -4, -1, -5, 4, 6, -6, 0, -5, -2, -5, -4, 3, 4, 1, 6, -6, -2, -1, 5, 0, -3, -2, -4, -5, -1, -6, 2, -6, 1, 1, -6, 1, -1, 5, 5, -5, -3, -2, 6, -2, -2, -3, -3, 5, -5, 6, 1, 0, 1, -5, -3, 4, -2, 2, 6]
 
1.6979752770009129: [-4, -2, -4, -5, 1, -5, 2, 4, 4, -6, -4, 5, -1, -6, -2, 1, 3, -1, 4, -6, 6, 6, -1, 2, 3, -3, 5, -4, 6, 2, -6, 6, 6, -4, -1, -2, 1, 0, -2, 4, -4, -3, -6, -6, 6, 3, -5, 0, -6, 0, -5, -5, 6, -6, -1, -6, -4, 1, 6, 4, -6, 6, 0, 4, -2, 6, -4, -1, -6, -4, -1, 6, 5, -6, 6, 6, -1, 1, 1, -4, -1, -6, -4, -4, 0, -5, 5, -2, 4, 2, 1, -3, 0, 6, -5, 3, 2, 0, -1, -1, 5, 4, 4, 0, 2, 2, -4, -1, -6, 6, 6, 5, 3, -3, -5, -2, -4, -5, 4, 1, -4, 1, 5, 1, 4, 1, 2, 6]
 
0.446285793212: [-1, -4, 0, -6, -1, -2, -1, 6, 1, 6, 1, -2, 3, 3, -5, 1, 6, -1, -3, 5, -1, -3, -1, -2, 2, 0, -3, -3, -4, -3, -1, 0, -1, -1, 3, 1, -2, -2, -3, 5, 3, -4, 2, -4, -5, -5, 1, -3, 5, -6, 4, -1, -6, -1, 5, -6, 4, 6, 6, 5, -6, 6, 0, 4, 3, -1, -3, -3, 0, -4, 6, 4, 5, 6, 5, -5, 1, -3, -4, -5, 5, -1, 0, -6, -5, -1, 0, 1, -3, -3, -2, 5, 1, 6, -3, 1, 1, -6, 5, -6, 2, 2, 4, -1, 5, 2, 0, -3, -6, -3, 6, 3, -4, 4, 5, -3, -4, 3, -2, 2, 1, -6, -5, 1, 4, 5, 6, 2]
 
1.35264574144: [-6, -4, 4, 1, 4, 5, 2, 5, 4, -5, 5, -6, -5, -6, -6, 1, -3, -1, 4, -6, 6, -5, -1, 2, -4, -3, 5, 6, 5, 2, 6, 5, -2, 2, 3, 0, 2, 6, 5, -6, -1, -2, -1, 5, 4, 4, 6, 4, 2, -6, 0, 3, -3, -6, -4, 0, -4, 3, -5, 0, -2, -5, -1, 2, -6, -5, -4, -5, 5, -3, 6, -3, 6, 4, 5, 4, -6, -1, -4, -2, -4, -3, -5, 1, 3, -4, -2, 2, 4, 0, 0, 2, 3, 6, 5, -5, -4, 2, -2, -6, -2, -1, -3, -2, 0, 2, 0, -6, -6, 2, -4, 4, 6, 5, -3, -1, 6, 4, 0, -2, -4, 1, -4, 5, -3, 5, -1, -1]
 
0.28275684603823303: [1, -5, -4, -1, -4, 5, -5, 6, 4, 4, -4, 2, 5, -6, -1, -5, -1, 6, 6, 2, 3, 1, 0, -2, -3, 2, -2, -5, 0, 5, -2, 2, 4, -5, 6, -2, 1, 2, -2, 5, -4, 4, -6, -6, 6, 6, -4, 0, -5, 6, -5, -1, 6, 1, -1, -6, -2, 1, 6, -4, -6, 6, 0, 4, -2, 6, -4, 6, -6, -4, 6, -1, 5, 6, 6, 0, 2, 6, -4, 6, 1, -4, 3, 2, 5, -6, 1, -4, -2, 3, -5, 6, -5, -5, 1, 3, -4, 0, 6, -2, 6, -5, 5, -4, 5, -1, 3, 3, 6, 6, -6, 2, -4, 5, 6, 0, 1, -4, 6, -2, -4, 5, 4, 4, 4, -5, 2, 2]
 
2.4500614443646: [6, 3, 5, -6, 4, -6, -6, -2, 4, -4, 2, -6, -6, 2, 4, 1, 0, 1, 4, 3, 3, -4, -2, -2, 2, -6, 3, 5, -4, 2, -2, -4, 6, -5, -1, -2, 1, 2, -2, 5, -4, 4, -6, -6, 6, 6, -5, 0, -6, 6, -5, -1, 6, 1, -1, -6, -2, 1, 6, -4, -6, 6, 0, 4, -2, 6, -4, 6, -6, -4, 6, -4, 5, 6, 6, -2, 2, 6, 2, 6, 1, -3, -4, -4, 3, -5, 1, -6, -4, 3, -1, 1, 5, -3, -2, -4, -2, -1, -6, -1, 0, -5, 4, 0, 2, 2, -4, -1, -6, -6, 6, 5, 3, 2, 3, -2, 2, -6, 4, 1, -4, 1, 5, -3, 4, 3, 2, 6]
 
1.8190303336080191: [5, 1, -5, -6, 2, -3, -4, -2, 4, -4, 2, -6, -2, 4, -3, 5, -6, 0, 5, 1, 1, 3, -2, -3, 1, 0, -2, -5, -4, 3, 2, -2, -6, -2, -1, -2, 1, 1, 3, -4, -4, 4, -6, -6, 6, 1, 1, -3, 2, -6, -3, -1, -4, 3, 0, -1, 6, 6, -4, -6, 6, -2, 3, 5, -6, -6, -1, -1, -4, -5, 5, 0, 2, -4, 1, -5, 4, 6, -4, 0, 0, -1, -5, -4, 3, 4, 1, 1, -6, 3, -1, 5, 0, -3, -2, -4, -6, -1, -6, 2, -6, -5, 1, -6, 1, -1, 4, 5, 1, -3, 6, 6, 0, 4, -3, 2, -5, -2, 6, 1, -4, 1, 5, -3, 4, 3, 2, 6]
 
1.04410433364: [-5, 6, -1, -4, 4, -6, 1, -2, 3, 4, 2, -4, -5, 2, 4, 1, 0, -1, -1, -5, 4, -5, -5, -4, 4, -1, 1, -4, 6, 3, 4, -2, -4, 3, -6, -5, -2, 1, 6, 2, 5, 2, -4, 3, 1, 3, 3, -2, -2, -3, 4, -2, -1, 5, -1, -6, 5, 3, -2, 5, -5, 0, 0, -3, 2, 6, 1, 6, 0, -1, 5, 3, 0, 6, 0, -4, 5, -4, -3, 4, -5, -6, 1, -6, -2, 6, 3, 2, -6, 5, 5, 2, 3, 0, -3, 2, 4, -1, 6, -3, -6, -1, -2, 5, 5, -3, -5, -4, -1, 2, -6, -5, 1, 4, 6, 3, -3, -4, -2, -2, 2, 0, -3, 0, 4, 6, -2, 5]
 
2.1062557962857604: [6, 3, 5, -6, 4, -6, -6, -2, 4, -4, 2, -6, -6, 2, 4, 1, 0, 1, 4, 3, 3, -4, -2, -2, 2, -6, 3, 5, -4, 2, -2, -4, 6, -5, -1, -2, 1, 2, -2, 5, -4, 4, -6, -6, 6, 6, -5, 0, -6, 6, -5, -1, 6, 1, -1, -6, -2, 1, 6, -4, -6, 6, 0, 4, -2, 6, -4, 6, -6, -4, 6, -1, 5, 6, 6, 6, -1, 6, -4, -4, 6, -5, -4, -4, -3, -5, 5, -1, 4, 2, -3, -3, -1, 6, 2, -1, 5, 0, 1, -1, 0, -5, 4, 0, 2, 2, -4, -1, -6, -6, 6, 5, 3, 2, 3, -2, 2, -6, 4, 1, -4, 1, 5, -3, 4, 3, 2, 6]
 
0.9006592297663556: [-5, 1, -4, -5, -4, 3, -5, -2, 4, -4, -1, -4, 3, -1, 6, -4, 0, 1, 6, 2, -6, -1, -1, 2, 4, 3, 4, -5, 4, 4, -1, 0, -3, 4, -5, 3, 1, 2, -2, 5, -4, -5, -6, -6, 1, 0, -5, -5, 5, -1, -5, -4, 6, 1, -5, -6, -5, -2, 6, 1, 0, 6, -3, 0, -1, 2, 0, 6, -6, -4, 3, -1, -4, -4, -1, 3, -4, -6, -3, -6, 1, 0, -4, -4, 1, -5, 2, 0, 4, 3, -3, 5, -2, 0, 0, 5, -5, -1, -4, -6, -4, 4, 1, 3, 5, -1, 5, -4, 1, -3, -4, -5, -3, 4, -3, 0, -6, 4, 1, 5, -1, 3, -2, -3, -2, 1, -2, -2]
 
1.4740536588589097: [0, 3, -5, 3, 2, 2, -6, -1, 4, -4, 1, -6, -2, 2, 2, 1, 0, 5, -4, 3, 3, -4, -2, -2, 2, -6, -5, 5, -4, 2, 3, -4, 6, -2, 1, -6, -3, 2, -2, 5, 2, 4, -6, -6, 6, 6, -5, -3, 2, -6, -3, -1, -4, 3, 0, -1, 6, 1, -4, -6, 4, -2, 1, 1, -6, -6, -1, -1, 4, -5, 5, 0, 2, -4, 1, -5, 4, 6, -4, 0, 0, -1, -5, -4, 3, 4, 1, 1, -6, 3, -1, 5, 0, -3, -2, -4, -6, -1, -6, 2, -6, -5, 1, -6, 1, -1, 4, 5, 1, -3, 6, 6, 0, 4, -3, 2, -5, -2, 6, 1, -6, 0, -5, -4, 0, 1, 5, 6]
 
1.916385785141421: [1, -5, 0, -1, 4, 2, -3, 6, 4, 4, -4, 2, -5, 2, -1, -2, -1, 4, 6, -2, -2, -3, 5, -5, -2, 2, -2, -6, 0, 2, -2, -4, 6, -5, -1, -2, 1, 2, -2, 5, -4, 4, -6, -6, 6, 6, -5, 0, -6, 6, -5, -1, 6, 1, -1, -6, -2, 1, 6, -4, -6, 6, 0, 4, -2, 6, -4, 6, -6, -4, 6, -4, 5, 6, 6, -2, 2, 6, 2, 6, 1, -3, -4, -4, 3, -5, 1, -6, -4, 3, -1, 1, 5, -3, -2, -4, -2, -1, -6, 1, -4, 4, 2, 5, -4, 2, 0, 3, -6, 2, -3, 4, 6, 5, -3, 4, 6, -3, 0, 1, -6, 0, -5, -4, 0, 1, 5, 6]
 
1.5348613380866882: [-4, -6, -1, -1, -6, 1, 1, 5, 4, -5, 0, 5, -4, -4, 4, -6, -3, 4, -4, 2, -6, -6, -3, -1, -3, 3, 3, 0, 1, 5, -2, 0, 4, -1, 5, -2, 2, -3, -6, -4, 4, -2, 0, -4, 4, -2, 2, 0, 1, 3, -6, -5, -1, 1, -6, -4, -6, -1, -1, 1, 5, -5, 1, -2, 0, 3, -2, -6, 0, -6, 3, -3, 3, -4, 5, -5, -1, 3, 6, -2, 1, -3, 3, 1, 6, 5, -3, 2, 6, 1, 3, -1, -2, -2, 4, -5, -6, -2, -6, -6, 0, -3, 3, -3, -6, -1, -6, 5, 1, -3, -2, 3, 0, 3, 3, -2, 0, -4, 6, 1, -1, -5, 4, -6, 4, -6, 1, 2]
 
0.457827601279: [0, -6, 3, 1, -1, -1, 5, -1, -3, 2, -6, 4, -6, -6, -2, 2, -1, 1, 4, -4, 6, -1, -2, -2, -3, -3, 4, 1, 0, 4, -5, -2, 6, 4, -1, -2, 5, 1, -2, 2, -2, 4, -6, -6, 2, 1, 1, -3, 6, 6, 4, -3, -4, 3, -3, 6, 2, -1, 0, 6, 3, -2, -3, 6, -6, -6, -4, -1, -3, -5, 6, 5, 6, -4, 3, -5, -3, 6, -4, 0, -2, 0, 6, -4, 3, -3, 0, -2, -1, 2, -1, -1, 6, -5, 6, 2, -6, 4, -1, 4, -3, -5, 1, 4, -2, 2, 4, 5, -6, 6, 0, -3, 0, 4, -3, -4, 1, -1, -1, -5, -4, 3, 1, -5, -3, -6, -4, 2]
 
1.43671241402: [2, -2, 5, 2, 4, -1, 6, -2, -1, 6, 2, -6, 2, -3, -3, -3, 0, 1, -5, 3, -4, -1, 4, 3, 2, 1, 6, 5, -4, 2, 4, 5, 6, -5, 6, -6, 1, 2, -2, 5, 3, 0, -6, -6, 5, 6, 3, 4, 1, 6, -6, 2, 6, -1, -1, -6, -4, -3, 6, -4, 3, -1, 4, -2, 4, -2, 4, 5, -6, 2, -2, -4, 5, 0, 6, -2, 5, -5, 6, 6, 3, -3, -4, -4, 3, -5, 1, -6, -4, 3, -1, 1, -1, -3, -2, -4, -2, -1, -6, 0, -3, 0, 2, 5, -4, 2, 0, 3, -6, 2, -3, 4, 6, 5, -4, 4, 1, 1, 4, 1, -5, 0, -6, -4, -4, 1, 5, -6]
 
0.9872483731854553: [6, 3, 5, -6, 4, -6, -6, -2, 4, -4, 2, -6, -6, 2, 4, 1, 0, 1, 4, 3, 3, -4, -2, -2, 2, -6, 3, 5, -4, 2, -2, -4, 6, -5, -1, -2, 1, 2, -2, 5, -4, 4, -6, -6, 6, 6, -5, 0, -6, 6, -5, -1, 6, 1, -1, -6, -2, 1, 6, -4, -6, 6, 0, 4, -2, 6, -4, 6, -6, -4, 6, -1, 5, 6, 6, 0, 2, 6, -4, 6, 1, -4, 3, 2, 5, -6, 1, -4, -2, 3, -5, 6, -5, -5, 1, 3, -4, -4, -2, -1, 5, 4, 1, 6, -6, -3, 2, 5, 1, -2, 3, 3, 5, 4, -3, 4, 1, -4, 0, 5, 5, 3, 1, -6, -5, 5, 2, 2]
 
1.7465919461262702: [6, 3, 5, -6, 4, -6, -6, -2, 4, -4, 2, -6, -6, 2, 4, 1, 0, 1, 4, 3, 3, -4, -2, -2, 2, -6, 3, 5, -4, 2, -2, -4, 6, -5, -1, -2, 1, 2, -2, 5, -4, 4, -6, -6, 6, 6, -5, 0, -6, 6, -5, -1, 6, 1, -1, -6, -2, 1, 6, -4, -6, 6, 0, 4, -2, 6, -4, 6, -6, -4, 6, -4, 5, 6, 6, -2, 2, 6, 2, 6, 1, -3, -4, -4, 3, -5, 1, -6, -4, 3, -1, 1, 5, -3, -2, -4, -2, -1, -6, 1, -4, 4, 2, 5, -4, 2, 0, 3, -6, 2, -3, 4, 6, 5, -3, 4, 6, -3, 0, 1, -6, 0, -5, -4, 0, 1, 5, 6]
 
0.5197170982650188: [-1, 1, -2, 5, 4, 0, -4, -2, 4, -4, 0, 0, -2, 4, -6, 5, 4, 1, -5, 3, 1, -4, -6, 2, 3, 0, -1, -6, 2, 3, 2, -2, 3, 3, -1, 0, -2, -2, 1, -1, 5, -4, 0, 0, -2, 3, 3, 0, -6, -2, 4, 3, -4, -5, -1, -6, -2, 3, -4, -4, -6, 0, 0, -3, 2, 6, 2, 6, 2, -5, 6, 6, -3, 5, 4, -5, -3, -3, -5, 4, -1, -2, 1, 6, -3, 6, 0, 2, -6, -5, 0, 4, -4, 0, 2, 2, 5, 0, 3, 0, -3, 6, 4, 1, 1, -6, 4, 6, -2, 2, -3, 4, 6, 5, -3, -1, 6, 4, 0, -2, -4, 1, -6, 5, 6, 5, -1, -1]
 
1.86614987737: [-6, -2, -5, -5, 2, 5, -5, 2, 4, -4, 5, -6, -6, 5, 4, -3, 0, 0, -5, 4, -4, 5, 2, 5, -4, -6, 3, 1, -3, -1, -5, 0, -1, -5, -4, -2, 1, 1, -2, 5, -4, -2, -6, -6, 5, 6, 2, 4, -6, 0, -6, 0, 6, 1, -1, -6, -4, 5, 6, -4, 3, -1, 6, -2, 3, -2, 4, -2, -6, -4, 0, 3, 5, 1, 6, -2, 2, -4, -5, -3, 6, -6, -3, -4, 3, -1, 1, -3, -4, 3, -6, 1, 5, -3, -2, 2, 6, -1, -6, 5, -4, -5, 1, -6, 1, -1, -4, 5, 1, -3, 6, 3, 0, 4, -3, 2, -5, -2, 4, 1, -6, 0, -5, -4, -3, 1, 5, -4]
 
1.5269508354206542: [5, 1, -5, -6, 2, -3, -4, -2, 4, -4, 2, -6, -2, 4, -3, 5, -6, 0, 5, 1, 1, 3, -2, -3, 1, 0, -2, -5, -4, 3, 2, -2, -6, -2, -1, -2, 1, 1, 3, -4, -4, 4, -6, -6, 6, 1, 1, -3, 2, -6, -3, -1, -4, 3, 0, -1, 6, 6, -4, -6, 6, -2, 3, 5, -6, -6, -1, -1, -4, -5, 5, 0, 2, -4, 1, -5, 4, 6, -4, 0, 0, -1, -5, -4, 3, 4, 1, 1, -6, 3, -1, 5, 0, -3, -2, -4, -6, -1, -6, 2, -6, -5, 1, -6, 1, -1, 4, 5, 1, -3, 6, 6, 0, 4, -3, 2, -5, -2, 6, 1, -6, 0, -5, -4, 0, 1, 5, 6]
 
0.3186353945057885: [-1, 1, -2, 5, 4, 0, -4, -2, 4, -4, 0, 0, -2, 4, -6, 5, 4, 1, -5, 3, 1, -4, -6, 2, 3, 0, -1, -6, 2, 3, 2, -2, 3, 3, -1, 0, -2, -2, 1, -1, 5, -4, 0, 0, -2, 3, 3, 0, -6, -2, 4, 3, -4, -5, -1, -6, -2, 3, -4, -4, -6, 0, 0, -3, 2, 6, 2, 6, 2, -5, 6, 6, -3, 5, 4, -5, -3, -3, -5, 4, -1, -2, 1, 6, -3, 6, 0, 2, -6, -5, 0, 4, -4, 0, 2, 2, 5, 0, 3, 0, -3, 6, 4, 1, 5, -1, 3, 3, 6, 6, -6, 2, -4, 5, 6, 0, 1, -4, 6, -2, -4, 5, 4, 4, 4, -5, 2, 2]
 
0.3700144177238843: [1, -5, -4, -1, -4, 5, -5, 6, 4, 4, -4, 2, 5, -6, -1, -5, -1, 6, 6, 2, 3, 1, 0, -2, -3, 2, -2, -5, 0, 5, -2, 2, 4, -5, 6, -2, 1, 2, -2, 5, -4, 4, -6, -6, 6, 6, -4, 0, -5, 6, -5, -1, 6, 1, -1, -6, -2, 1, 6, -4, -6, 6, 0, 4, -2, 6, -4, 6, -6, -4, 6, -1, 5, 6, 6, 0, 2, 6, -4, 6, 1, -4, 3, 2, 5, -6, 1, -4, -2, 3, -5, 6, -5, -5, 1, 3, -4, 0, 6, -2, 6, -5, 5, -4, 1, -6, 4, 6, -2, 2, -3, 4, 6, 5, -3, -1, 6, 4, 0, -2, -4, 1, -6, 5, 6, 5, -1, -1]
 
0.5518275224471497: [6, -4, 0, -6, 0, -1, 0, -2, -1, -1, 2, 4, -6, 3, 4, -3, 0, 2, -5, 3, -4, -1, -3, 3, 2, -2, -1, 5, -4, 2, 4, 3, 6, -5, -5, -2, 1, 2, -3, -5, -1, 4, -6, 6, -1, 1, -5, 4, -6, 6, -6, 0, 1, -6, 1, 2, 5, 1, 6, -4, -1, 3, 4, -2, 4, -1, -6, -6, 5, -6, 6, -4, 5, -1, 6, -2, 2, 4, 5, 6, 1, 2, -6, -4, 3, -6, -3, -6, -4, 1, -1, -2, 5, 6, -2, -4, -2, 4, 1, 1, -4, 4, -1, 5, -2, 2, 0, -1, -6, 2, -1, 4, 6, 5, -6, -4, -4, -3, 0, 1, 4, 0, 2, -2, 0, 4, 5, -6]
 
1.126756805658871: [-6, -2, -1, -1, 4, 5, -5, 2, 4, -4, 5, -6, 4, 2, 4, 4, 0, 0, -4, 3, 3, -4, -2, -2, 2, 2, 3, 5, -4, 2, -2, -4, 6, -5, -1, -2, 1, 2, -2, 1, -4, -2, -6, -6, -4, 6, -5, 4, -6, 6, -5, -1, 4, 1, -1, -1, 6, 1, 6, -4, -6, -1, 4, 4, -2, 6, -5, 6, -4, -4, 6, -1, 5, 4, 4, -2, 2, 0, 4, 6, 1, -5, -4, -4, 5, -5, 1, -6, -6, 2, 6, 5, 0, 1, -2, -4, 0, -4, -2, -1, 5, 4, 1, 6, -6, -3, 2, 5, 1, -2, 3, 3, 5, 4, -3, 4, 1, -4, 0, 5, 5, 3, 1, -6, -5, 5, 2, 2]
 
0.47068794316328694: [1, 3, -5, 6, -4, -3, -5, -5, 4, -2, 1, 2, -2, -6, -1, -5, -1, 6, 6, 0, 3, 1, 6, -2, 6, 2, 1, -5, 0, -2, -2, 2, 4, 5, 3, 1, -4, 6, 4, 1, -5, -2, 2, -5, -2, -4, 1, -6, -5, -4, 5, -5, 6, -6, 5, 2, -4, 0, 5, -4, -6, 6, 0, 4, -2, -4, -3, 5, 4, -4, 4, 4, 5, 6, 0, 1, 6, 6, 0, -2, 5, -5, 0, -4, 5, -1, -4, 1, 0, 6, 3, 5, -2, -3, -3, -6, -2, -5, 0, -6, -3, 2, 1, -1, 5, 5, 0, -2, 1, -3, 6, 3, -4, 4, -3, -3, 3, 3, -2, -2, -5, -6, 4, 1, 3, 5, 5, 0]
 
0.490463293385: [-1, 1, -2, 5, 4, 0, -4, -2, 4, -4, 0, 0, -2, 4, -6, 5, 4, 1, -5, 3, 1, -4, -6, 2, 3, 0, -1, -6, 2, 3, 2, -2, 3, 3, -1, 0, -2, -2, 1, -1, 5, -4, 0, 0, -2, 3, 3, 0, -6, -2, 4, 3, -4, -5, -1, -6, -2, 3, -4, -4, 4, -2, 1, 1, -6, -6, -1, -1, 4, -5, 5, 0, 2, -4, 1, -5, 4, 6, -4, 0, 0, -1, -5, -4, 3, 4, 1, 1, -6, 3, -1, 5, 0, -3, -2, -4, -6, -1, -6, 2, -6, -5, 1, -6, 1, -1, 4, 5, 1, -3, 6, 6, 0, 4, -3, 2, -5, -2, 6, 1, -6, 0, -5, -4, 0, 1, 5, 6]
 
0.423267800363: [0, 3, -5, 3, 2, 2, -6, -1, 4, -4, 1, -6, -2, 2, 2, 1, 0, 5, -4, 3, 3, -4, -2, -2, 2, -6, -5, 5, -4, 2, 3, -4, 6, -2, 1, -6, -3, 2, -2, 5, 2, 4, -6, -6, 6, 6, -5, -3, 2, -6, -3, -1, -4, 3, 0, -1, 6, 1, -4, -6, -6, 0, 0, -3, 2, 6, 2, 6, 2, -5, 6, 6, -3, 5, 4, -5, -3, -3, -5, 4, -1, -2, 1, 6, -3, 6, 0, 2, -6, -5, 0, 4, -4, 0, 2, 2, 5, 0, 3, 0, -3, 6, 4, 1, 5, -1, 3, 3, 6, 6, -6, 2, -4, 5, 6, 0, 1, -4, 6, -2, -4, 5, 4, 4, 4, -5, 2, 2]
 
0.670847869624: [6, 3, -5, -5, 4, -3, -6, -2, 4, -4, 2, -6, -6, 2, 4, 1, 0, 3, 4, 6, 3, -4, -2, -2, 2, 2, -4, -6, -4, 5, -2, 2, -3, -5, 4, -2, -6, 4, 3, 6, 2, 1, 2, -6, 6, 4, -1, -3, -5, 6, -5, -1, -2, 1, -5, 1, 3, 1, 6, -1, -6, -3, 0, 4, 1, -5, 5, -2, 5, -4, -5, 6, 1, 5, -1, -5, -3, 6, -6, 0, 3, -2, -5, 0, 3, 4, 0, 6, -4, -2, -1, 4, 5, -1, -2, -4, 0, 2, 6, 3, 6, 1, 5, -4, 6, -6, -3, 2, 6, 2, -4, 5, 2, -2, 5, -1, 6, 1, -6, -2, -1, -1, -6, -1, -5, 5, -1, 0]
 
0.610491603905: [-3, -4, -5, -6, 4, -6, -5, -5, 4, -4, 0, -6, -6, 3, 4, 4, 5, -5, -4, 3, 2, -4, 0, -2, 2, 2, 1, 5, -4, 2, -1, -4, 6, -5, -1, -2, 1, -6, -2, 1, -4, -2, 6, -6, -4, 6, -5, 1, -2, 6, -5, 6, 4, 1, 2, -2, -4, 1, 6, -4, -5, -1, 4, 1, 0, 6, -5, -1, -3, -4, 6, -1, 1, -1, 4, 3, 2, -6, -3, 2, -4, -5, -4, -6, 5, -5, -4, -6, -6, 2, 6, 5, 0, -3, -2, -4, -5, -1, -6, 2, -6, 1, 1, -6, 1, -1, 5, 5, -5, -3, -2, 6, -2, -2, -3, -3, 5, -5, 6, 1, 0, 1, -5, -3, 4, -2, 2, 6]
 
0.620479371661: [6, 3, 5, -6, 4, -6, -6, -2, 4, -4, 2, -6, -6, 2, 4, 1, 0, 1, 4, 3, 3, -4, -2, -2, 2, -6, 3, 5, -4, 5, -2, 2, 4, -5, 6, -2, -3, 2, -3, 6, 6, -2, -6, -6, 6, 6, -1, 0, -5, 6, -5, -1, -1, 1, -2, -6, 3, 1, 6, -1, -6, 6, 0, 4, 1, -5, -4, -2, 5, -4, -5, 6, 1, -4, -1, -5, 4, 6, -6, 0, -5, -2, -5, -4, 3, 4, 1, 6, -6, -2, -1, 5, 0, -3, -2, -4, -5, 2, 4, -6, -2, -1, -1, -2, 0, 2, 0, 0, -6, 2, -3, 4, 6, 5, -3, -1, 6, 4, 0, -2, -4, 1, -6, 5, 6, 5, -1, -1]
 
0.275952246588: [2, 1, -1, -1, 4, -3, -5, 2, 4, -4, 2, 5, 2, -6, 4, -6, 3, -1, -5, -6, 6, 6, -1, 2, 3, 1, 5, -4, -2, 1, -6, 0, 4, 2, -6, 0, 2, 6, 5, 5, 5, -3, 5, 5, 6, 5, 6, 4, 2, -6, 2, 2, -6, 3, -4, 0, 1, 6, -4, -3, 3, 2, -1, -2, -2, -5, -4, -2, -2, 6, 6, -3, -2, 4, -5, 5, 0, -1, -4, -3, -4, -3, -5, -4, 1, 1, 2, 2, 4, 0, -4, 1, 3, 0, 4, -5, -2, 6, -3, 2, -6, 1, 6, -2, 1, 0, 4, 5, -5, -3, -2, 3, -2, -2, -3, -3, 5, -5, -5, 1, 0, 1, -5, -3, 4, -2, 2, 6]
 
0.812954790261: [-1, -4, 2, -6, -2, -2, 2, 6, 5, -4, 3, -2, -2, 3, -5, 1, 6, -4, 3, 5, 0, -5, -1, -2, 2, 0, -6, -6, -3, -3, -5, -5, 5, -2, -5, 1, -2, 2, 3, 5, 3, -4, 2, -4, -5, 0, 2, 2, -2, 2, 4, 2, 2, -3, -2, -6, 3, 6, 6, -1, -6, 6, 0, 4, 1, 2, -6, -2, 0, 2, 3, 6, 1, -4, -1, -2, 4, 6, -6, 0, -5, 6, -5, -4, 3, 4, 1, 0, -6, -2, 4, 5, -5, -1, -2, 6, 0, 2, 0, -3, 6, 6, 5, -4, 1, -6, -1, 2, -2, 5, 0, 5, 1, 5, 5, 3, 1, -4, -3, -2, 0, 1, 1, -1, 6, 5, -1, 0]
 
0.39026639204: [6, 3, 5, -6, 4, -6, -6, -2, 4, -4, 2, -6, -6, 2, 4, 1, 0, 1, 4, 3, 3, -4, -2, -2, 2, -6, 3, 5, -4, 5, -2, 2, 4, -5, 6, -2, -3, 2, -3, 6, 6, -2, -6, -6, 6, 6, -1, 0, -5, 6, -5, -1, 6, -1, 5, -3, 4, 6, 6, -4, -6, 6, 0, 4, -2, -4, -3, 5, -6, -4, 6, 4, 5, 6, 0, 1, 1, 6, -4, -5, 5, -5, 5, -4, -2, -1, -4, 1, -6, -3, -2, 5, -2, -3, -3, -6, -2, -6, -3, -6, -4, 2, 1, -1, -4, 5, 0, -1, 1, -3, 6, 3, -4, 4, -3, -3, 3, 3, -2, 2, -4, -6, -4, 1, 4, 5, 2, 2]
 
1.67612558807: [1, -5, -4, -1, -4, 5, -5, 6, 4, 4, -4, 2, 5, -6, -1, -5, -1, 6, 6, 2, 3, 1, 0, -2, -3, 2, -2, -5, 0, 5, -2, 2, 4, -5, 6, -2, 1, 2, -2, 5, -4, 4, -6, -6, 6, 6, -4, 0, -5, 6, -5, -1, 6, 1, -1, -1, 6, 1, 6, -4, -6, -1, 4, 4, -2, 6, -5, 6, -4, -4, 6, -1, 5, 4, 4, -2, 2, 0, 4, 6, 1, -5, -4, -4, 5, -5, 1, -6, -6, 2, 6, 5, 0, 1, -2, -4, 0, -4, -2, -1, 5, 4, 1, 6, -6, -3, 2, 5, 1, -2, 3, 3, 5, 4, -3, 4, 1, -4, 0, 5, 5, 3, 1, -6, -5, 5, 2, 2]
 
0.841482605235: [-6, -2, -1, -1, 4, 5, -5, 2, 4, -4, 5, -6, 4, 2, 4, 4, 0, 0, -4, 3, 3, -4, -2, -2, 2, 2, 3, 5, -4, 2, -2, -4, 6, -5, -1, -2, 1, 2, -2, 1, -4, -2, -6, -6, -4, 6, -5, 4, -6, 6, -5, -1, 4, 1, -1, -6, -2, 1, 6, -4, -6, 6, 0, 4, -2, 6, -4, 6, -6, -4, 6, -1, 5, 6, 6, 0, 2, 6, -4, 6, 1, -4, 3, 2, 5, -6, 1, -4, -2, 3, -5, 6, -5, -5, 1, 3, -4, 0, 6, -2, 6, -5, 5, -4, 1, -6, 4, 6, -2, 2, -3, 4, 6, 5, -3, -1, 6, 4, 0, -2, -4, 1, -6, 5, 6, 5, -1, -1]
 
1.47523665932: [6, -3, -5, -4, 4, 2, -6, -2, 3, 6, 2, -1, -5, 2, 4, 1, 0, -1, 0, -5, 4, -6, -5, 4, 4, 3, 4, 0, 6, 3, 4, -2, -4, 3, -1, -5, -1, -2, 6, -1, 5, 0, 0, 3, 4, -6, 3, -3, -2, -3, 4, -2, -4, 5, -1, -6, 4, 2, -2, 5, -5, 0, 0, -3, 2, 6, 1, 6, 2, -1, 5, 3, -3, 5, 2, -4, 5, 6, -3, 2, -4, -5, -4, -6, 5, -5, -4, -6, -6, 2, 6, 5, -5, -5, -2, 1, 0, 2, 6, 3, 6, -1, 5, -4, 6, -6, -1, 2, -2, 2, -3, 5, 6, 5, 5, -1, 6, -4, -3, -2, -4, 1, -6, -1, 6, 5, -1, 0]
 
0.86921508433: [-3, -4, -5, -6, 4, -6, -5, -5, 4, -4, 0, -6, -6, 3, 4, 4, 5, -5, -4, 3, 2, -4, 0, -2, 2, 2, 1, 5, -4, 2, -1, -4, 6, -5, -1, -2, 1, -6, -2, 1, -4, -2, 6, -6, -4, 6, -5, 1, -2, 6, -5, 6, 4, 1, 2, -2, -4, 1, 6, -4, -5, -1, 4, 1, 0, 6, -5, -1, -3, -4, 6, -1, 1, -1, 4, 3, 2, -6, -3, 4, -5, -6, 1, -6, -3, 6, 3, 2, -6, 5, 5, -3, -4, 6, -3, 2, -2, 0, 6, 0, -6, 6, 4, 5, 5, -3, -5, -4, -5, 2, -6, -5, 1, 6, 6, 4, -6, -4, -2, -2, 2, -1, 4, 3, 4, 6, -2, 5]
 
1.18324379752: [-1, 1, -2, 5, 4, 0, -4, -2, 4, -4, 0, 0, -2, 4, -6, 5, 4, 1, -5, 3, 1, -4, -6, 2, 3, 0, -1, -6, 2, 3, 2, -2, 3, 3, -1, 0, -2, -2, 1, -1, 5, -4, 0, 0, -2, 3, 3, 0, -6, -2, 4, 3, -4, -5, -1, -6, -2, 3, -4, -4, -6, 0, 0, -3, 2, 6, 2, 6, 2, -5, 6, 6, -3, 5, 4, -5, -3, -3, -5, 6, 1, -3, -4, -4, 3, -5, 1, -6, -4, 3, -1, 1, 5, -3, -2, -4, -2, -1, -6, 1, -4, 4, 2, 5, -4, 2, 0, 3, -6, 2, -3, 4, 6, 5, -3, 4, 6, -3, 0, 1, -6, 0, -5, -4, 0, 1, 5, 6]
 
0.26658271969: [-6, 3, 5, 6, 0, -1, 6, -2, -1, 4, 2, -6, -1, 3, -3, -3, 0, 1, 2, 3, -4, -1, -3, 3, 2, -2, -5, 5, -4, 2, 4, 3, 6, -5, 2, -5, -2, 2, -2, 5, -4, 4, -6, -6, 5, 4, -5, 4, -6, -3, -6, 4, -5, 2, -6, -3, -4, 4, 6, 5, -6, -1, -4, 3, 4, -2, 2, -1, -1, -4, -3, -4, 2, 6, 6, -2, 0, 6, 3, 4, -1, -2, 1, 6, 3, 3, 0, 2, -6, -5, 0, 3, -1, 0, 2, 2, -1, 0, 3, 5, -3, 6, 4, 2, -4, 0, -3, -2, 6, 2, 0, 4, 0, -5, -2, -1, 6, -6, 0, -2, -4, 4, -6, 5, 6, 5, -1, -1]
 
0.27856664326: [-3, -4, -5, -6, 4, -6, -5, -5, 4, -4, 0, -6, -6, 3, 4, 4, 5, -5, -4, 3, 2, -4, 0, -2, 2, 2, 1, 5, -4, 2, -1, -4, 6, -5, -1, -2, 1, -6, -3, 6, 6, -2, -6, -6, 6, 6, -1, 0, -5, 6, -5, -1, 6, -1, 5, -3, 4, 6, 6, -4, -6, 6, 0, 4, -2, -4, -3, 5, -6, -4, 6, 4, 5, 6, 0, 1, 1, 6, -4, -5, 5, -5, 5, -4, -2, -1, -4, 1, -6, -3, -2, 5, -2, -3, -3, -6, -2, -6, -3, -6, -4, 2, 1, -1, -4, 5, 0, -1, 1, -3, 6, 3, -4, 4, -3, -3, 3, 3, -2, 2, -4, -6, -4, 1, 4, 5, 2, 2]
 
0.859231472396: [6, 3, 5, -6, 4, -6, -6, -2, 4, -4, 2, -6, -6, 2, 4, 1, 0, 1, 4, 3, 3, -4, -2, -2, 2, -6, 3, 5, -4, 5, -2, 2, 4, -5, 6, -2, -3, 2, -2, 1, -4, -2, 6, -6, -4, 6, -5, 1, -2, 6, -5, 6, 4, 1, 2, -2, -4, 1, 6, -4, -5, -1, 4, 1, 0, 6, -5, -1, -3, -4, 6, -1, 1, -1, 4, 3, 2, -6, -3, 4, -5, -6, 1, -6, -3, 6, 3, 2, -6, 5, 5, -3, -4, 6, -3, 2, -2, 0, 6, 0, -6, 6, 4, 5, 5, -3, -5, -4, -5, 2, -6, -5, 1, 6, 6, 4, -6, -4, -2, -2, 2, -1, 4, 3, 4, 6, -2, 5]
 
0.801531393533: [6, 3, -3, -6, 0, -1, -2, -3, -1, 1, 2, -6, -6, 3, -3, -3, 1, 1, -5, 3, -4, -6, -3, 3, 2, 1, -5, 5, -4, -2, 4, -1, -1, -5, 2, -4, 1, 2, -3, 5, -4, 4, 6, -6, 6, -5, -5, 4, -6, 2, -4, 4, 6, 2, -1, -3, -5, 1, 1, -4, -6, -1, 0, -2, 5, -2, 4, -1, 2, -1, 6, -2, 4, 5, 6, -2, 1, 6, -1, 6, 1, -4, 0, -5, -4, -5, -3, 0, -4, 2, -1, 3, 5, 2, 6, 4, -2, -1, 3, 1, -6, 4, 6, 5, -4, 2, 0, 3, 3, -3, -3, 4, 6, -1, -3, 4, 6, -3, -6, -3, -6, 0, -5, -4, 5, 1, -2, 5]
 
1.75888432596: [1, -4, 0, -1, 4, 2, -2, 6, 4, 4, -3, 2, -5, 2, -3, -2, -1, 4, -1, -2, -2, 6, 5, -3, 3, 2, -2, -6, 3, -6, -2, -4, 6, 1, -1, -2, 1, -4, -4, -5, -6, 4, -6, 0, -4, 6, -5, 5, -5, 6, -4, -1, 6, 4, -1, -6, -2, 1, 6, -6, -6, 1, -3, 4, -2, -1, -4, 6, 3, 1, -5, -4, 5, 6, 6, -2, 6, 6, -1, 6, 1, -3, -4, -4, 3, -5, 2, -6, -1, 3, 6, 4, -4, -2, -2, -4, -2, -1, -6, 1, -2, 4, 2, 2, -4, 5, 5, 3, 4, 2, -3, 2, 6, 5, -1, 3, -6, -3, 0, 1, -6, -2, -1, -2, 0, 1, -3, -5]
 
0.260016889007: [6, 3, 5, -6, 4, -6, -6, -2, 4, -4, 2, -6, -6, 2, 4, 1, 0, 1, 4, 3, 3, -4, -2, -2, 2, -6, 3, 5, -4, 5, -2, 2, 4, -5, 6, -2, -3, 2, -3, 6, 6, -2, -6, -6, 6, 6, -1, 0, -5, 6, -5, -1, 6, -1, 5, -3, 4, 6, 6, -4, -6, 6, 0, 4, -2, -4, -3, 6, -4, -4, 6, -1, 5, 4, 4, -2, 2, 0, 4, 6, 1, -5, -4, -4, 5, -5, 1, -6, -6, 2, 6, 5, 0, 1, -2, -4, 0, -4, -2, -1, 5, 4, 1, 6, -6, -3, 2, 5, 1, -2, 3, 3, 5, 4, -3, 4, 1, -4, 0, 5, 5, 3, 1, -6, -5, 5, 2, 2]
 
0.789556005225: [1, -5, -4, -1, -4, 5, -5, 6, 4, 4, -4, 2, 5, -6, -1, -5, -1, 6, 6, 2, 3, 1, 0, -2, -3, 2, -2, -5, 0, 5, -2, 2, 4, -5, 6, -2, 1, 2, -2, 5, -4, 4, -6, -6, 6, 6, -4, 0, -5, 6, -5, -1, 6, 1, -1, -1, 6, 1, 6, -4, -6, -1, 4, 4, -2, 6, -5, 5, -6, -4, 6, 4, 5, 6, 0, 1, 1, 6, -4, -5, 5, -5, 5, -4, -2, -1, -4, 1, -6, -3, -2, 5, -2, -3, -3, -6, -2, -6, -3, -6, -4, 2, 1, -1, -4, 5, 0, -1, 1, -3, 6, 3, -4, 4, -3, -3, 3, 3, -2, 2, -4, -6, -4, 1, 4, 5, 2, 2]
 
1.17906359789: [6, 3, 5, -6, 0, -1, 6, -2, -1, -1, 2, -6, -6, 3, -3, -3, 0, 1, -5, -5, 4, -6, -5, 4, 4, 3, 4, 0, 6, 3, 4, -2, -4, 3, -1, -5, -1, -2, 6, -1, 5, 0, 0, 3, 4, -6, 3, -3, -2, -3, 4, -2, -4, 5, -1, -6, 4, 2, -2, 5, -5, 0, 0, -3, 2, 6, 1, 6, 2, -1, 5, 3, -3, 5, 2, -4, 5, 6, -3, 2, -4, -5, -4, -6, 5, -5, -4, -6, -6, 2, 6, 5, -5, -5, -2, 1, 0, 2, 6, 3, 6, -1, 5, -4, 6, -6, -1, 2, -2, 2, -3, 5, 6, 5, 5, -1, 6, -4, -3, -2, -4, 1, -6, -1, 6, 5, -1, 0]
 
1.68559804516: [6, -3, -5, -4, 4, 2, -6, -2, 3, 6, 2, -1, -5, 2, 4, 1, 0, -1, 0, 3, -4, -1, -3, 3, 2, -2, -5, 5, -4, 2, 4, 3, 6, -5, 2, -2, 1, 2, -2, 5, -4, 4, -6, -6, 5, 6, -5, 4, -6, 6, -6, 0, 6, 1, -1, -6, -4, 1, 6, -4, -6, -1, 0, -2, 4, -2, 4, -2, -6, -4, 6, -1, 5, 6, 6, 6, -1, 6, -4, -4, 6, -5, -4, -4, -3, -5, 5, -1, 4, 2, -3, -3, -1, 6, 2, -1, 5, 0, 1, -1, 0, -5, 4, 0, 2, 2, -4, -1, -6, -6, 6, 5, 3, 2, 3, -2, 2, -6, 4, 1, -4, 1, 5, -3, 4, 3, 2, 6]
 
0.938167250985: [6, 3, 5, -6, 4, -6, -6, -2, 4, -4, 2, -6, -6, 2, 4, 1, 0, 1, 4, 3, 3, -4, -2, -2, 2, -6, 3, 5, -4, 5, -2, 2, 4, -5, 6, -2, -3, 2, -3, 6, 6, -2, -6, -6, 6, 6, -1, 0, -5, 6, -5, -1, -1, 1, -1, -6, -4, 1, 6, -4, -6, -1, 0, -2, 4, -2, 4, -2, -6, -4, 6, -4, 5, 6, 6, -2, 2, 6, 2, 6, 1, -3, -4, -4, 3, -5, 1, -6, -4, 3, -1, 1, 5, -3, -2, -4, -2, -1, -6, 1, -4, 4, 2, 5, -4, 2, 0, 3, -6, 2, -3, 4, 6, 5, -3, 4, 6, -3, 0, 1, -6, 0, -5, -4, 0, 1, 5, 6]
 
0.88287062065: [6, 3, 5, -6, 0, -1, 6, -2, -1, -1, 2, -6, -6, 3, -3, -3, 0, 1, -5, 3, -4, -1, -3, 3, 2, -2, -5, 5, -4, 2, 4, 3, 6, -5, 2, -2, 1, 2, -2, 5, -4, 4, -6, -6, 5, 6, -5, 4, -6, 6, -6, 0, 6, 1, -2, -6, 3, 1, 6, -1, -6, 6, 0, 4, 1, -5, -4, -2, 5, -4, -5, 6, 1, -4, -1, -5, 4, 6, -6, 0, -5, -2, -5, -4, 3, 4, 1, 6, -6, -2, -1, 5, 0, -3, -2, -4, -5, -1, -6, 2, -6, 1, 1, -6, 1, -1, 5, 5, -5, -3, -2, 6, -2, -2, -3, -3, 5, -5, 6, 1, 0, 1, -5, -3, 4, -2, 2, 6]
 
0.423871012391: [-6, 3, 5, 5, 0, -2, 3, 6, -1, 0, 2, -1, -6, 3, -2, -5, 0, 1, -5, 3, -4, -1, -3, 3, 2, -4, 4, 0, -4, 6, 4, 3, -5, 1, 2, -2, 1, 2, -2, 5, -4, -4, -6, -6, -6, 6, -5, 4, -6, 6, 5, 5, 6, -1, -4, 3, -6, 1, -4, -4, -6, -1, 0, -4, 4, -2, 4, 6, -6, -4, 6, -5, -1, 6, 6, -5, 4, 6, 3, 1, 2, -2, 6, -5, 1, 2, 0, 0, -1, 2, 6, -1, 0, -5, 6, 1, 6, -4, 6, 4, -6, -5, -6, -6, 1, -4, 4, 5, 1, 1, 0, -2, 0, 4, -3, 4, 6, -3, -5, 5, -1, 4, 1, -5, -3, 6, -3, 2]
 
0.65180706273: [0, -6, 3, -6, 5, -6, -5, -1, -3, 4, 0, 4, -6, -6, -1, 2, -1, 5, 4, -6, -6, -6, -2, -2, -3, 3, 4, -5, 0, 5, -6, -5, 6, -5, -1, -2, 5, 1, -2, 1, -5, 4, -6, -6, 2, 1, 1, -3, -5, 6, 4, -1, -4, 3, -2, 6, 2, -4, 5, -6, 6, -2, -3, 1, -6, -6, -4, -1, -4, -1, 6, 5, 5, -4, 1, -2, 2, 6, 2, 6, 1, -3, -4, -4, 3, -5, 1, -6, -4, 3, -1, 1, 5, -3, -2, -4, -2, -1, -6, 1, -4, 4, 2, 5, -4, 2, 0, 3, -6, 2, -3, 4, 6, 5, -3, 4, 6, -3, 0, 1, -6, 0, -5, -4, 0, 1, 5, 6]
 
0.708376977356: [6, 3, 5, -6, 4, -6, -6, -2, 4, -4, 2, -6, -6, 2, 4, 1, 0, 1, 4, 3, 3, -4, -2, -2, 2, -6, 3, 5, -4, 2, -2, -4, 6, -5, -1, -2, 1, 2, -2, 5, -4, 4, -6, -6, 6, 6, -5, 0, -6, 6, -5, -2, -4, 5, -1, -6, 4, 2, -2, 5, -5, 0, 0, -3, 2, 6, 1, 6, 2, -1, 5, 3, -3, 5, 2, -4, 5, 6, -3, 4, -5, -6, 1, -6, -3, 6, 3, 2, -6, 5, 5, -3, -4, 6, -3, 2, -2, 0, 6, 0, -6, 6, 4, 5, 5, -3, -5, -4, -5, 2, -6, -5, 1, 6, 6, 4, -6, -4, -2, -2, 2, -1, 4, 3, 4, 6, -2, 5]
 
1.28584472069: [-6, 3, -5, 5, -3, 2, -6, -2, 3, 3, 2, 0, 3, -4, 4, 1, 0, -1, 0, 1, 4, -6, -3, 4, -6, 3, 4, 0, 5, 3, 5, -2, 6, -2, -1, 6, -1, -2, 6, 4, -2, 0, 0, 3, 4, -5, -5, 2, 4, -3, 4, -1, 6, 3, 5, -6, -3, 0, 1, -6, -6, 6, -4, -1, -2, 6, -4, 6, -6, -4, 6, -1, 4, 6, -3, 6, 4, -4, -4, -4, 6, 0, 1, -4, -3, -5, -5, -1, 4, -3, -1, 5, -1, 6, 5, -1, 5, 0, 1, -1, 0, 5, 4, 5, 2, 2, -4, -1, -6, -1, 6, 5, 3, -4, 3, 1, 2, -6, 4, 1, -4, 1, 5, -3, 4, 3, 2, -6]
 
0.543203021846: [6, 3, 5, -6, 4, -6, -6, -2, 4, -4, 2, -6, -6, 2, 4, 1, 0, 1, 4, 3, 3, -4, -2, -2, 2, -6, 3, 5, -4, 5, -2, 2, 4, -5, 6, -2, -3, 2, -3, 6, 6, -2, -6, -6, 6, 6, -1, 0, -5, 6, -5, -1, 6, -1, 5, -3, 4, 6, 6, -4, -6, 6, 0, 4, -2, -4, -3, 6, -4, -4, 6, -1, 5, 4, 4, -2, 2, 0, 4, 6, 1, -5, -4, -4, 5, -5, 1, -6, -6, 2, 6, 5, 0, 1, -2, -4, 0, -4, -2, -1, 5, 4, 1, 6, -6, -3, 2, 5, 1, -2, 3, 3, 6, 5, 5, -1, 6, -4, -3, -2, -4, 1, -6, -1, 6, 5, -1, 0]
 
0.936280048052: [6, 3, 5, -6, 4, -6, -6, -2, 4, -4, 2, -6, -6, 2, 4, 1, 0, 1, 4, 3, 3, -4, -2, -2, 2, -6, 3, 5, -4, 5, -2, 2, 4, -5, 6, -2, -3, 2, -3, 6, 6, -2, -6, -6, 6, 6, -1, 0, -5, 6, -5, -1, -1, 1, -2, -6, 3, 1, 6, -1, -6, 6, 0, 4, 1, -5, -4, -2, 5, -4, -5, 6, 1, -4, -1, -5, 4, 6, -6, 0, -5, -2, -5, -4, 3, 4, 1, 6, -6, -2, -1, 5, -5, -5, -2, 1, 0, 2, 6, 3, 6, -1, 5, -4, 6, -6, -1, 2, -2, 2, -3, 5, 5, 4, -3, 4, 1, -4, 0, 5, 5, 3, 1, -6, -5, 5, 2, 2]
 
0.432736901966: [3, -6, 2, 5, 1, 0, 4, -2, -1, 1, -2, 0, -2, -6, 0, 5, 3, -2, -5, 0, 3, -5, -6, 4, -1, 0, -1, -4, -5, 2, 6, 2, 3, 0, 4, -5, 0, 0, 1, -1, 5, -4, 5, 0, -2, -3, -1, 0, -4, 4, -1, 4, -4, -5, -1, 2, -2, 5, -6, -4, -5, -2, -6, -3, 1, -5, 0, -2, -1, 1, 0, 6, -5, -6, 1, -5, 0, -2, -2, -6, 1, -5, -2, 1, 6, -2, 1, 3, -6, -2, 6, 5, 0, -1, -2, -4, -3, 1, 4, -5, -6, -2, -6, -2, 1, 2, -6, 4, -6, 5, -6, 4, -2, 2, 1, 5, 6, 4, 0, -2, 3, 2, 0, 5, 2, 5, -2, 4]
 
0.149645798391: [6, 3, 5, 0, 4, -6, 4, -2, 4, 5, 2, -6, -3, 6, -3, 1, 0, 1, 4, -1, 3, -4, -2, -1, -6, -6, 5, 5, -4, 5, -4, 2, 4, -5, 6, -2, -1, 5, -3, 6, 6, -3, -6, -6, 6, -4, -1, 3, -5, 6, -5, -1, -1, 1, -4, -6, 3, -1, 6, -4, -6, 5, 0, -1, 2, 3, 0, 6, 2, -5, 6, 6, -3, 2, 4, -5, -5, -3, -5, 4, 5, 6, 1, 6, -3, 6, 0, 2, -6, -5, 1, 6, -3, 0, -5, 2, 5, 0, 6, 0, -3, -1, 5, -6, 5, -1, -5, -6, 6, 6, -6, 2, -4, 5, 6, -1, 1, 4, 6, -2, -4, 5, 4, 4, 4, -5, 2, 2]
 
