2.8820998134013793: [-3, -6, 6, 1, -1, -6, -2, 2, 1, -4, -2, 1, -3, -4, 4, 4, 3, 2, 0, 4, 1, 0, -1, 6, -2, -4, 6, -1, 0, -6, 3, -6, 5, -5, 6, -4, 0, -1, 4, 5, -4, 4, -5, 5, -4, 0, -6, 6, -2, 6, 4, -1, -1, -6, -2, 6, -6, -4, 5, -2, -3, -2, 0, 6, -6, -6, -4, -6, 0, 3, -5, -2, 5, -1, 2, 4, 2, 4, 3, -4, 6, -3, 3, -6, -2, 0, -3, 5, -1, 0, -6, 6, 3, -4, 6, -4, 2, -1, 1, 1, 6, -6, -3, -1, -1, -2, -6, 6, 3, -3, -3, -3, 0, 4, 2, -4, -1, -5, 6, 4, -1, 5, 5, -6, 4, -6, 6, 4]
 
1.04146444393: [-2, -6, 6, 1, -1, 4, -2, 2, 1, -4, -2, 1, -3, 6, 4, 4, -6, 2, 3, 4, 1, 0, 4, -3, -2, -4, 6, -1, -5, 5, 5, 0, -6, 3, 6, -2, -4, 6, 1, 4, -6, 2, -6, 5, 5, 5, 3, 6, 4, 6, -1, -1, -4, 6, -2, 6, 0, -4, 5, -2, -3, -2, 0, 0, -6, -6, 3, 4, -6, 4, -5, -2, -2, 4, 4, 1, -3, 4, -3, 4, 4, 6, 3, -6, 3, 2, 4, 2, 3, 2, 5, 5, 3, -4, 6, -4, 0, -1, -6, 1, -6, -6, 2, -1, -6, -2, 1, 6, 4, -3, 4, 1, 0, 4, 6, -1, -1, -5, 6, 4, -3, 5, 5, -6, 4, -3, 6, 4]
 
2.6361413610594857: [-3, -6, 6, 1, -1, -6, -2, 2, 1, -4, -2, 1, -3, -4, 4, 4, 3, 2, 0, 4, 1, 0, 1, 6, -2, -4, 6, -1, -5, 5, 5, 0, -6, -5, 6, -2, -4, -4, 6, 2, -6, 4, -3, 5, 4, 0, 6, 6, -5, 6, 4, -1, -4, 6, -2, 6, -6, -4, 5, -2, -3, -2, 0, 5, -6, -6, -4, -6, -6, 4, -5, -2, -2, 4, 2, 1, -3, 4, -3, 4, 6, -3, 3, -6, 3, 4, -3, 2, 3, 0, 5, 5, 3, 0, 6, -4, 2, -4, -6, -4, -4, -6, 2, -1, -6, -2, -6, 6, 4, -3, 4, 1, 0, 4, 6, -1, -1, -5, 6, 4, -1, 5, 5, -6, 4, -6, 6, 4]
 
0.389754740777: [1, 5, -4, -5, -1, 2, -4, 2, 1, -4, -2, -5, -3, -3, 4, 4, 3, -4, 1, 4, 1, 0, 4, 6, -2, -4, 6, -1, 6, 2, 5, 4, -6, 0, 4, -1, 1, -4, 6, 2, -6, 4, 0, 5, 1, 0, -5, -1, -2, -6, 1, -1, -4, 6, -2, 2, -6, -4, -1, -2, -3, -2, 0, 2, -6, -6, 6, -6, 0, -2, 0, -2, -5, -3, 6, 3, -3, 4, 2, -3, 6, 4, 2, -6, 0, 5, 6, 2, 6, -6, 5, 3, 3, -1, -3, -4, 6, -4, 2, 1, -5, -6, -1, -1, 0, -3, -5, 6, -5, -3, 4, -5, 0, -5, -5, -1, 2, -5, 6, 0, 1, -5, 5, -6, 4, -6, 6, 1]
 
4.0039898507106955: [4, -6, 6, -6, -1, -2, -2, 2, 1, -4, -2, 1, -3, -2, 4, -5, 5, 2, 0, 3, 1, 0, -1, 6, -2, -4, 6, -1, -5, -2, 5, 0, -6, -5, 6, -2, -6, -5, 4, 5, -4, 4, -3, 1, 4, 0, 3, 3, -5, 6, 2, -1, -4, -1, -2, 6, -1, -4, -2, -2, 0, 4, 0, -3, -6, -6, -4, -6, -6, 1, -5, 5, 5, -4, 5, -5, -4, 3, 1, -4, 6, -5, -4, 0, 2, -3, 5, -1, -1, 5, -3, 6, 2, 6, -2, -5, -2, -4, -6, -4, -4, 1, 2, 5, -1, 6, -2, 3, -6, 3, 4, 0, 0, -6, 6, -5, -4, -5, 6, -6, -1, 5, 5, -6, 4, -6, 0, -3]
 
1.4407371545559475: [-3, -6, 6, 1, -1, -6, -2, 2, 1, -4, -2, 1, -3, -4, 4, 4, 3, 2, 0, 4, 1, 0, 1, 6, -2, -5, 2, -1, -5, -6, 5, 3, -6, -2, 6, 5, -4, 0, 6, 2, -6, 4, 4, 5, 1, 1, 6, 6, 1, 6, 4, -1, -4, 6, -2, 6, -6, 5, 5, -2, -3, -2, 0, 5, -6, -6, -4, -6, -6, 1, -5, 5, 5, -4, 5, -5, -4, 3, 1, -4, 6, -5, -4, 0, 2, -3, 5, -1, -1, 5, -3, 6, 3, 4, 6, -4, 2, -1, 1, 1, -1, -6, -3, -1, -1, -2, 4, 6, 3, -3, -3, 4, 0, -6, 5, -4, -1, -1, 6, 4, -1, 5, 5, -6, 4, -6, 6, 4]
 
1.28174462155: [-1, -3, -4, -2, -4, -6, -2, 5, 1, -4, -6, 1, -3, -4, 4, 4, 3, 2, 0, 0, 2, -4, 4, -6, -6, -4, 5, -1, 0, -6, -1, -6, 5, -5, 6, -4, 3, -1, -6, 5, -6, 4, -2, 5, -6, 0, 0, 6, 3, 4, 6, 4, -4, -5, 5, 1, -6, -6, 1, 2, 1, -2, 0, 5, -6, -6, 5, -5, -6, 4, -5, 1, 3, -1, 1, 1, -3, 4, -4, 4, 6, -3, 3, -6, 3, 4, -3, 4, 3, -1, -6, 6, 3, 4, 6, -4, 5, -1, 1, 1, 6, -6, 1, -1, 4, -5, -6, 6, -1, -3, 3, -3, 3, -5, 2, 0, 3, -1, 6, 4, 4, 5, -3, -6, 4, -6, -6, -2]
 
1.9513207406185087: [-6, -1, 6, 1, -1, -6, -2, 2, 1, -4, -2, 1, -3, -4, 4, 4, 3, 2, 0, 4, 1, -4, 1, 6, -6, -4, 3, -1, 0, -6, 3, -6, 5, -5, 6, -4, -6, -1, 4, 5, -6, 4, -2, 5, -6, 0, 6, 6, 3, 4, 4, 2, -4, 6, 5, 1, -6, 2, 1, -2, 1, -2, 0, 5, -6, -6, 5, -5, -6, 4, -5, -2, 3, -1, -4, 1, -3, 4, 3, 4, 6, -3, 3, -6, 3, 4, -3, 2, 3, 0, -6, 6, 3, 4, 6, -4, 2, -1, -6, 1, -1, -6, 2, -1, -6, -2, -6, 6, 4, -3, 4, 1, 0, 4, 6, -1, -1, -5, 6, 4, -1, 5, -3, -6, 4, -6, 6, 6]
 
3.8745287573724307: [-3, -6, 6, 1, -1, -6, -2, 2, 1, -4, -2, 1, -3, -4, 4, 4, 3, 2, 0, 4, 1, 0, -1, 6, -2, -4, 6, -1, 0, -6, 3, -6, 5, -5, 6, -4, 0, -1, 4, 5, -4, 4, -5, 5, -4, 0, -6, 6, -5, 6, 4, -1, 3, -5, -6, 6, -6, 5, 5, -2, -3, -2, 0, 5, -6, -6, -4, -6, -6, 1, -5, 5, 5, -4, 5, -5, -4, 3, 1, -4, 6, -5, -4, 0, 2, -3, 5, -1, -1, 5, -3, 6, 2, 6, -2, -5, -2, -1, -6, 1, -4, -6, 2, 5, -1, 6, -2, 3, -6, 3, 4, 0, 0, -6, 6, -5, -4, -5, 6, -6, -1, 5, 5, -6, 4, -6, 0, -3]
 
2.2926620012351044: [-3, -3, 1, 1, -4, -5, -3, 6, -5, -4, 2, -4, 0, -4, 5, 4, -3, 2, 5, -3, 1, 0, -4, -1, -2, -4, 6, -1, -2, 5, 1, -5, -6, -5, 6, 2, 2, -4, 6, 2, -4, -3, -3, 5, -1, 0, -6, -1, -2, 5, 4, -3, 5, 6, -2, -3, -6, -4, 5, -2, -3, -2, 0, 6, 1, -5, 6, 4, -3, -2, 5, -2, 4, -1, 2, -3, -3, -1, -3, 4, 6, -3, 3, -6, 3, 4, -3, 2, 3, 0, 5, 5, 3, 0, 6, -4, 2, -1, -6, 1, -1, -6, 2, -1, -6, -2, -6, 6, 4, -3, 4, 1, 0, 4, 6, -1, -1, -5, 6, 4, -1, 5, 5, -6, 4, -6, 6, 4]
 
1.8931595755627597: [-3, -6, 6, 1, -1, -6, -2, 2, 1, -4, -2, 1, -3, -4, 4, 4, 3, 2, 0, 4, 1, -4, 1, 6, -6, -4, 3, -1, 0, -6, 3, -6, 5, -5, 6, -4, -6, -1, 4, 5, -6, 4, -2, 5, -6, 0, 6, 6, 3, 4, 4, 2, -4, 6, 5, 1, -6, 2, 1, -2, 1, -2, 0, 5, -6, -6, 5, -5, -6, 4, -5, -2, 3, -1, -4, 1, -3, 4, 3, 4, 6, -3, 3, -6, 3, 4, -3, 2, 3, 0, -6, 6, 3, 4, 6, -4, 2, -1, -6, 1, -1, -6, 2, -1, -6, -2, -6, 6, 4, -3, 4, 1, 0, 4, 6, -1, -1, -5, 6, 4, -1, 5, -3, -6, 4, -6, 6, 4]
 
2.2846139236836143: [2, 2, 6, 1, -1, -6, 0, 2, 1, -4, -2, -6, -3, -4, 4, 4, 3, 2, 0, 4, 1, 0, -4, -1, -2, -4, 6, -1, 4, 5, 5, 0, -6, -5, -6, -2, 2, -4, 6, 2, -4, 4, -4, 1, 1, 0, -6, -4, -2, 5, 4, 3, -4, 6, -2, 6, -6, -4, 5, -2, -3, -2, 3, 2, -6, -6, -4, -6, -6, -2, -5, -2, -5, -5, -5, 4, -3, 4, 3, 4, 6, 1, -5, -2, 2, 4, 5, 2, 3, 0, -6, 6, 3, 4, 6, 4, 2, -1, 1, 1, 5, 6, -3, -1, -1, -2, -6, 6, 3, -2, -3, -3, -1, 1, 4, -4, -1, -1, 6, 4, 4, 5, -3, -6, 4, -6, 6, -2]
 
1.2680108857121644: [-4, -5, 6, 1, 4, 0, -6, 2, -3, -4, 0, 1, -3, -4, 4, 4, 3, 2, 0, 4, 1, 0, 4, 6, -2, -4, 6, -1, 0, -6, 3, -6, 5, -5, 0, -4, 0, -1, -3, 5, 5, 4, -5, 5, -4, 0, -6, 6, 4, 4, 4, 5, -2, -6, -2, 6, -6, -4, 5, -2, 0, -2, 0, 5, -2, -6, -4, -6, 0, 3, 0, -2, 5, -1, -3, 4, 2, 4, 3, -4, 4, -4, 3, -6, -2, 2, 5, 5, 6, -6, 5, 5, 3, 5, -3, 4, 2, -2, 0, 1, -4, 2, 0, -1, 5, -3, -6, 6, -5, -3, -4, 3, -5, -6, -2, -2, -1, -5, 6, 4, -5, 5, 5, -6, 4, -6, 6, 4]
 
2.855181285597481: [-3, -3, 6, 1, -4, -6, -2, -5, 1, 4, 0, -6, -3, 3, -6, 2, -4, 4, 0, 4, 1, 0, -1, 6, -2, -4, 3, -1, 0, -6, 3, -6, 5, -5, 6, -4, -6, -1, 4, 5, -6, 4, -2, 5, -6, 0, 6, 6, 3, 4, 4, 2, -4, 6, 5, 1, -6, 2, 1, -2, 1, -2, 0, 5, -6, -6, 5, -5, -6, 4, -5, -2, 3, -1, -4, 1, -3, 4, 3, 4, 6, -3, 3, -6, 3, 4, -3, 2, 3, 0, -6, 6, 3, 4, 6, -4, 2, -1, -6, 1, -1, -6, 2, -1, -6, -2, -6, 6, 4, -3, 4, 1, 0, 4, 6, -1, -1, -5, 6, 4, -1, 5, 5, -6, 4, -6, 6, 4]
 
2.5277792645892943: [-3, -6, 6, 1, -1, -6, -2, 2, 1, -4, -2, 1, -3, -4, 4, 4, 3, 2, 0, 4, 1, -4, 1, 6, -6, -4, 3, -1, 0, -6, 3, -6, 5, -5, 6, -4, -6, -1, 4, 5, -6, 4, -2, 5, -6, 0, 6, 6, 3, 4, 4, 2, -4, 6, 5, 1, -6, 2, 1, -2, 1, -2, 0, 5, -6, -6, 5, -5, -6, 4, -5, -2, 3, -1, -4, 1, -3, 4, 3, 4, 6, -3, 3, -6, 3, 4, -3, 2, 3, 0, -6, 6, 3, 4, 6, 4, 2, -1, 1, 1, 5, 6, -3, -1, -1, -2, -6, 6, 3, -2, -3, -3, -1, 1, 4, -4, -1, -1, 6, 4, 4, 5, -3, -6, 4, -6, 6, -2]
 
2.9514007266641653: [2, -6, 6, 1, -1, -6, 0, 2, 1, -4, -2, -6, -3, -4, 4, 0, 3, 2, 0, 4, 1, 0, 1, 6, -2, -5, 3, -1, -5, 2, 6, -5, -1, 5, 6, 5, -4, 0, 6, 2, -2, 4, -1, 0, -4, -1, 6, 6, 1, 6, 4, -1, -4, 6, -2, 6, -6, 5, 5, -2, -3, 4, 0, -3, -6, -6, -4, -6, -6, 1, -5, 5, 5, -4, 5, -5, -4, 3, 1, -4, 6, -5, -4, 0, 2, -3, 5, -1, -1, 5, -3, 6, 2, 6, -2, -5, -2, -4, -6, -4, -4, 1, 2, 5, -1, 6, -2, 3, -6, 3, 4, 0, 0, -6, 6, -5, -4, -5, 6, -6, -1, 5, 5, -6, 4, -6, 0, -3]
 
1.5949345925442113: [6, -3, -4, -2, -4, -5, 3, 2, 5, -4, 3, 1, -3, 4, 2, -6, 3, 2, 5, 4, -3, -1, 1, 6, -2, -5, 3, -1, -5, 0, 6, -5, 0, 5, 6, 5, -4, 0, 4, 2, -2, 4, -1, 0, -4, -1, 1, 6, 1, 2, 4, -1, -4, 2, 3, 6, -6, 1, 5, -2, -3, 4, 0, -1, -6, 1, 4, 3, -6, 2, -4, 5, 4, -4, 5, -5, -4, 5, 1, -4, 6, -5, 6, -3, 5, 3, 5, -1, -1, -4, -3, 6, 2, 6, -3, 3, -2, -4, 0, 2, -6, 4, 2, -6, -1, 5, -2, 3, -1, 3, 4, 2, 0, -6, 6, -1, -1, 5, -1, 4, -3, 4, -1, -6, 2, -6, 4, 6]
 
1.948244502956868: [-3, -6, 6, 1, -1, -6, -2, 2, 5, -4, 3, 1, -3, 4, 2, -6, 3, 2, 5, 4, -3, -1, 1, 6, -2, -5, 3, -1, -5, 0, 6, -5, 0, 5, 6, 5, -4, 0, 4, 2, -2, 4, -1, 0, -4, -1, 1, 6, 1, 2, 4, -1, -4, 2, 3, 6, -6, 1, 5, -2, -3, 4, 0, -1, -6, 1, 4, 3, -6, 2, -4, 5, 4, -4, 5, -5, -4, 5, 1, -4, 6, -5, 6, -3, 5, 3, 5, -1, -1, -4, -3, 6, 2, 6, -3, 3, -2, -4, 0, 2, -6, 4, 2, -6, -1, 5, -2, 3, -1, 3, 4, 2, 0, -6, 6, -1, -1, 5, -1, 4, -3, 4, -1, -6, 2, -6, 4, 6]
 
2.3393889457374284: [-3, -6, 6, 1, -1, -6, -2, 2, 1, -4, -2, 1, -3, -4, 4, 4, 3, 2, 0, 4, 1, -4, 1, 6, -6, -4, 3, -1, 0, -6, 3, -6, 5, -5, 6, -4, -6, -1, 4, 5, -6, 4, -2, 5, -6, 0, 6, 6, 3, 4, 4, 2, -4, 6, 5, 1, -6, 2, 1, -2, 1, -2, 0, 5, -6, -6, 5, -5, -6, 4, -5, -2, 3, -1, -4, 1, -3, -1, 3, 4, 5, -3, -1, -6, 3, -1, -6, 1, 3, -1, -6, 6, 3, 0, 6, -4, 2, -2, 1, 3, -1, 1, -3, -2, -1, -2, -1, 6, 5, -3, -3, -3, -5, 4, 2, -6, -1, -1, -1, -1, -1, -3, -2, 6, 4, -6, 3, -2]
 
2.42332864934: [5, -6, -2, 1, -1, -6, -2, 2, 6, 4, -6, 1, -3, 5, -3, 2, 3, -3, 0, 4, 1, 0, -1, 6, -4, -4, 6, -1, 0, -6, 5, -6, 5, -5, 6, -1, 0, -1, 5, 4, -4, 4, -5, 5, -5, 0, -6, 6, -5, 2, 4, 5, 5, 3, -2, 6, 3, 1, 5, -5, -3, -1, 0, 5, -4, -6, 0, -1, -1, -3, -5, -1, 5, -5, 2, -2, -3, 4, -3, 4, 6, 1, 4, -6, 3, 4, 4, -5, 3, -2, 0, -3, 3, 0, 6, -4, 2, -6, -6, 1, -6, -6, -4, -2, 2, -2, -1, 6, -5, -3, -5, 1, 0, 4, 6, -1, -1, -5, 6, -6, -1, 5, 5, -6, 4, -6, 0, -3]
 
1.4143592548855204: [-3, -6, 6, 1, -1, -6, -2, 4, 1, 0, -3, 1, -3, -4, 4, 4, 3, 2, -5, 4, -5, 0, 1, 6, -2, -4, 6, -1, -5, 5, 5, 0, 1, -5, 6, -1, -6, 3, 4, 5, -4, 4, -3, 5, 4, 0, -6, -2, -5, 6, 4, -1, -4, -3, -2, 6, -6, -4, -5, -2, -3, -2, 2, 5, 4, 1, -4, 1, -5, 4, -5, -2, -2, 4, 0, 1, -3, 4, -3, 4, 6, 5, 3, -6, 3, 4, -3, 2, 3, 0, -6, 6, 3, 2, 6, -4, 2, -1, 1, 1, -1, -6, 2, -2, 2, -2, -6, 6, 4, -3, -4, 1, 0, 4, 6, -1, -1, -5, 6, 4, -1, -4, -3, 1, 2, -6, 6, 6]
 
1.7670562117663566: [-3, -6, 6, 1, -1, -6, -2, 2, 1, -4, -2, 1, -3, -4, 4, 4, 3, 2, 0, 4, 1, -4, 1, 6, -6, -4, 3, -1, 0, -6, 3, -6, 5, -5, 6, -4, -6, -1, 4, 5, -6, 4, -2, 5, -6, 0, 6, 6, 3, 4, 4, 2, -4, 6, 5, 1, -6, 2, 1, -2, 1, -2, 0, 5, -6, -6, 5, -5, -6, 4, -5, -2, 3, -1, -4, 1, -3, 4, 3, 4, 6, -3, 3, -6, 3, 4, -3, 2, 3, 0, -6, 6, 3, 4, 6, -4, 5, -1, 1, 1, 6, -6, 1, -1, -1, -2, -6, 6, -1, -3, -3, -3, 3, -5, 2, -4, -1, -1, 6, 4, 4, 5, -3, -6, 4, -6, 6, -2]
 
2.8017455208755853: [-3, 6, 6, -6, -4, -6, -6, 2, 1, 6, -2, 1, -3, -4, 4, -6, 3, 2, 2, 4, 1, 0, -1, 6, 4, -5, 5, -2, -5, 2, 5, 3, -2, -5, 4, 3, -6, -1, 5, 5, -4, 4, -4, 6, 4, 0, -6, -1, 4, 6, 6, -1, 3, -5, -6, 6, -6, 5, 5, -2, -3, -2, 0, 5, -6, -6, -4, -6, -6, 1, -5, 5, 5, -4, 5, -5, -4, 3, 1, -4, 6, -5, -4, 0, 2, -3, 5, -1, -1, 5, -3, 6, 2, 6, -2, -5, -2, -1, -6, 1, -4, -6, 2, 5, -1, 6, -2, 3, -6, 3, 4, 0, 0, -6, 6, -5, -4, -5, 6, -6, -1, 5, 5, -6, 4, -6, 0, -3]
 
0.5951705644882276: [2, 2, 6, 1, -1, -6, 0, 2, 1, -4, -2, -6, -3, -4, 4, -4, 3, 2, 0, -4, 1, 0, -4, -1, -2, 4, -4, -1, 4, 4, 5, 5, -3, -5, -6, -2, -1, -4, 6, 2, -4, 4, -4, 5, 1, 4, -6, -4, 4, 2, -5, 3, -4, 6, -2, 6, -6, -4, 5, -2, -5, 1, 3, 1, -1, 0, -4, -6, -6, -2, -5, -2, -5, -5, -5, -5, -3, 4, 3, 4, 6, 1, -5, -2, 2, 4, 5, 2, 3, 0, -6, 6, 3, 0, 6, -4, 5, -1, 1, 1, 6, -1, 1, 3, -1, -2, 6, 6, 4, -3, -2, -3, 3, -5, 2, -4, -3, -1, 6, 4, 0, 5, -3, -6, 4, -6, 6, -2]
 
2.9866021562038387: [4, -6, 6, -6, -1, -2, -2, 2, 1, -4, -2, 1, -3, -2, 4, -5, 5, 2, 0, 3, 1, 0, -1, 6, -2, -4, 6, -1, -5, -2, 5, 0, -6, -5, 6, -2, -6, -5, 4, 5, -4, 4, -3, 1, 4, 0, 3, 3, -5, 6, 2, -1, -4, -1, -2, 6, -1, -4, -2, -2, 0, 4, 0, -3, -6, -6, -4, -6, -6, 1, -5, 5, 5, -4, 5, -5, -4, 3, 1, -4, 6, -5, -4, 0, 2, -3, 5, -1, -1, 5, -3, 6, 2, 6, -2, -5, -2, -4, -6, -4, -4, 1, 2, -1, -6, -2, -6, 6, 4, -3, 4, 1, 0, 4, 6, -1, -1, -5, 6, 4, -1, 5, 5, -6, 4, -6, 6, 4]
 
4.009387721159369: [-4, -6, 6, -6, -1, -2, -2, 2, 1, -4, -2, 1, -3, -2, 4, -5, 5, 2, 0, 3, 1, 0, -1, 6, -2, -4, 6, -1, -5, -2, 5, 0, -6, -5, 6, -2, -6, -5, 4, 5, -4, 4, -3, 1, 4, 0, 3, 3, -5, 6, 2, -1, -4, -1, -2, 6, -1, -4, -2, -2, 0, 4, 0, -3, -6, -6, -4, -6, -6, 1, -5, 5, 5, -4, 5, -5, -4, 3, 1, -4, 6, -5, -4, 0, 2, -3, 5, -1, -1, 5, -3, 6, 2, 6, -2, -5, -2, -4, -6, -4, -4, 1, 2, 5, -1, 6, -2, 3, -6, 3, 4, 0, 0, -6, 6, -5, -4, -5, 6, -6, -1, 5, 5, -6, 4, -6, 0, -3]
 
1.8026776876518795: [-3, -6, 6, 1, -1, -6, -2, 2, 1, -4, 4, 1, 3, -4, 4, 4, 3, 2, 0, 4, 1, 0, 1, 6, -2, -5, 2, -1, 4, 0, 5, 3, -3, 5, -5, 5, -6, 0, 6, -6, -6, 2, 4, 5, -4, 0, -1, 1, -5, 5, 4, -4, -1, -6, -2, 6, 0, -4, 5, -4, -3, -1, 0, 6, -6, -6, -4, 0, 0, 3, -5, 5, 5, 5, 2, -4, 2, 4, 3, -4, 6, -3, 3, -6, -2, 0, -3, 5, -1, 0, 5, -3, 3, 0, 6, -4, 2, -1, -6, 1, -1, -6, 2, -1, -6, -2, -6, 6, 4, -3, 4, 1, 0, 4, 6, -1, -1, -5, 6, 4, -1, 5, 5, -6, 4, -6, 6, 4]
 
1.4156565387315414: [1, -3, 6, 1, -4, -6, -2, -5, 1, 4, 0, 4, -3, 3, -6, 1, 6, 4, 0, 4, 6, 1, -1, 6, -2, -4, 6, -1, 4, 5, 5, -1, -6, 0, 6, 2, 1, -4, -2, 2, -6, 4, -5, 5, 1, -4, -6, -1, -2, 2, 1, -1, -4, 6, -2, 3, -5, -4, -1, -2, -3, -2, -5, 4, -6, -6, 6, -6, -2, -2, 0, -2, -5, -1, 4, 3, -3, 4, 2, -3, 6, 4, 4, -6, 0, 1, 6, -2, 6, -6, 1, 5, 5, -1, -3, -4, 5, 5, 5, 1, -4, -5, 0, -6, 0, -5, -5, 6, -5, 1, 4, 3, -3, -5, -5, -1, -4, -5, -3, 4, -1, 5, 5, -6, 4, -6, -1, -4]
 
1.20049392443: [-3, -6, 6, 1, -4, 3, -2, -4, -4, 0, 2, 3, -5, -4, 2, 0, 3, 1, 0, 4, 1, 0, -1, -5, 1, -4, 6, -1, -4, 5, 5, -5, 5, 4, -6, -3, 5, -4, -3, 5, -5, 4, 5, 5, 4, 0, -3, -1, -5, 6, 4, -1, 0, 3, -5, 4, 6, -4, 5, -2, -4, -1, 2, 5, -6, 3, 4, -6, -6, 4, -5, -2, -2, 4, -1, 0, 1, 2, -3, 6, 6, -6, 3, -2, 3, -3, 2, 2, -1, -5, 5, 0, 3, -5, -5, -4, -3, 6, -4, 1, -4, 2, 0, 0, 2, 6, -6, 6, -5, -3, 5, -1, 6, -5, -5, -5, -1, 3, 5, 4, 4, 5, 3, 1, 4, -4, 6, 4]
 
2.232711009068746: [-3, -6, 6, 1, -1, -6, -2, 2, 1, -4, -2, 1, -3, -4, 4, 4, 3, 2, 0, 4, 1, -4, 1, 6, -6, -4, 3, -1, 0, -6, 3, -6, 5, -5, 6, -4, -6, -1, 4, 5, -6, 4, -2, 5, -6, 0, 6, 6, 3, 4, 4, 2, -4, 6, 5, 1, -6, 2, 1, -2, 1, -2, 0, 5, -6, -6, 5, -5, -6, 4, -5, -2, 3, -1, -4, 1, -3, 4, 3, 4, 6, -3, 3, -6, 3, 4, -3, 2, 3, 0, -6, 6, 3, 4, 6, -4, 2, -1, -6, 1, -1, -6, 2, -1, -6, -2, -6, 6, 4, -3, 4, 1, 0, 4, 6, -1, -1, -5, 6, 4, -1, 5, -3, -6, 4, -6, 6, 6]
 
2.015996687476387: [-3, -6, 6, 1, -1, -6, -2, 2, 1, -4, -2, 1, -3, -4, 4, 4, 3, 2, 0, 4, 1, -4, 1, 6, -6, -4, 3, -1, 0, -6, 3, -6, 5, -5, 6, -4, -6, -1, 4, 5, -6, 4, -2, 5, -6, 0, 6, 6, 3, 4, 4, 2, -4, 6, 5, 1, -6, 2, 1, -2, 1, -2, 0, 5, -6, -6, 5, -5, -6, 4, -5, -2, 3, -1, -4, 1, -3, 4, 3, 4, 6, -3, 3, -6, 3, 4, -3, 2, 3, 0, -6, 6, 3, 4, 6, -4, 5, -1, 1, 1, 6, -6, 1, -1, -1, -2, -6, 6, -1, -3, -3, -3, 3, -5, 2, -4, -1, -1, 6, 4, 4, 5, -3, -6, 4, -6, 6, -2]
 
0.689737133736132: [-6, -6, 6, 1, 5, -6, -2, 2, 1, -4, 2, 1, 3, -4, 4, -2, 1, 0, -6, 4, 1, 0, 1, -5, -2, -5, 2, -1, 2, 0, -1, 3, -3, 5, -5, 5, -6, 0, 6, -6, -6, 0, 5, 5, -4, 0, -1, 3, -5, 5, 4, -2, -1, -6, -2, 6, -1, 2, 5, -4, -6, -1, 0, 6, -6, 2, -4, 0, 0, 3, -5, 5, 5, 5, 2, -4, 2, 3, 3, -4, 6, -3, 3, 3, 6, 0, -3, 5, -1, 0, 5, 3, 1, 0, 6, -4, 2, -5, -6, 1, -1, -6, 6, -2, 2, -2, -6, 5, 5, -3, -4, 1, -1, 4, 6, -1, -1, 2, 6, 3, 4, -4, -3, 1, 1, -6, 6, 2]
 
2.13838372102: [-3, -6, 6, 1, -1, -6, -2, 2, 1, -4, 4, 1, 3, -4, 4, 4, 3, 2, 0, 4, 1, 0, 1, 6, -2, -5, 2, -1, 4, 0, 5, 3, -3, 5, -5, 5, -6, 0, 6, -6, -6, 2, 4, 5, -4, 0, -1, 1, -5, 5, 4, -4, -1, -6, -2, 6, 0, -4, 5, -4, -3, -1, 0, 6, -6, -6, -4, 0, 0, 3, -5, 5, 5, 5, 2, -4, 2, 4, 3, -4, 6, -3, 3, -6, -2, 0, -3, 5, -1, 0, 5, -3, 3, 0, 6, -4, 2, -1, -6, 1, -1, -6, 2, -1, -6, -2, -6, 6, 4, -3, 4, 1, 0, 4, 6, -1, -1, -5, 6, 4, -1, 5, 5, -6, 4, -6, 6, 4]
 
1.48604699327: [-3, 0, 6, 1, -1, -6, -2, 2, 1, -4, -2, 1, -3, -4, 4, 4, 3, 2, 0, 4, 1, 0, -1, -6, -2, 4, 6, -1, 0, -6, 1, -6, 5, -5, 3, -4, 0, -1, 4, -5, -4, 4, -5, 5, -4, 0, -6, 6, -2, 6, -6, -1, -2, -6, -2, 6, 6, 0, 5, 0, -3, -2, 0, 1, -6, 0, -1, -6, 0, 3, -5, -2, 5, -1, 2, -4, -2, 4, 3, -1, 6, -5, 3, -6, -2, 0, -3, 5, -1, 0, -6, -5, 3, -4, 3, -4, 2, -6, -1, 1, 6, -6, -3, -1, -1, -4, -6, 6, 6, -3, 1, 4, -2, 4, 2, -4, -1, -5, 6, 4, -1, -5, 5, -6, 4, 0, 6, 4]
 
2.52616244815: [-3, -6, 6, 1, -1, -6, -2, 2, 1, -4, -2, 1, -3, -4, 4, 4, 3, 2, 0, 4, 1, 0, -1, 6, -2, -4, 6, -1, 0, -6, 3, -6, 5, -5, 6, -4, 0, -1, 4, 5, -4, 4, -5, 5, -4, 0, -6, 6, -2, 6, 4, -1, -1, -6, -2, 6, -6, -4, 5, -2, -3, -2, 0, 6, -6, -6, -4, -6, 0, 3, -5, -2, 3, -1, -4, 1, -3, 4, 3, 4, 6, -3, 3, -6, 3, 4, -3, 2, 3, 0, -6, 6, 3, 4, 6, -4, 2, -1, -6, 1, -1, -6, 2, -1, -6, -2, -6, 6, 4, -3, 4, 1, 0, 4, 6, -1, -1, -5, 6, 4, -1, 5, -3, -6, 4, -6, 6, 6]
 
2.73348744561: [-3, -6, 6, 1, -1, -6, -2, 2, 1, -4, -2, 1, -3, -4, 4, 4, 3, 2, 0, 4, 1, -4, 1, 6, -6, -4, 3, -1, 0, -6, 3, -6, 5, -5, 6, -4, -6, -1, 4, 5, -6, 4, -2, 5, -6, 0, 6, 6, 3, 4, 4, 2, -4, 6, 5, 1, -6, 2, 1, -2, 1, -2, 0, 5, -6, -6, 5, -5, -6, 4, -5, -2, 5, -1, 2, 4, 2, 4, 3, -4, 6, -3, 3, -6, -2, 0, -3, 5, -1, 0, -6, 6, 3, -4, 6, -4, 2, -1, 1, 1, 6, -6, -3, -1, -1, -2, -6, 6, 3, -3, -3, -3, 0, 4, 2, -4, -1, -5, 6, 4, -1, 5, 5, -6, 4, -6, 6, 4]
 
2.63067108977: [-3, -6, 6, 1, -1, -6, -2, 2, 1, -4, -2, 1, -3, -4, 4, 4, 3, 2, 0, 4, 1, 0, -1, 6, -2, -4, 6, -1, 0, -6, 3, -6, 5, -5, 6, -4, 0, -1, 4, 5, -4, 4, -5, 5, -4, 0, -6, 6, -5, 6, 4, 5, 5, 3, -2, 6, 3, 1, 5, -5, -3, -1, 0, 5, -6, -6, 0, -1, -1, 4, -5, 1, 1, -5, 2, -2, -3, 4, -3, 4, 6, 5, 3, -6, 3, 4, -3, 2, 3, 0, 5, -3, 3, 4, 6, -4, 2, -1, -6, 1, -1, -6, 2, -1, -6, -2, -6, 6, 4, -3, 4, 1, 0, 4, 6, -1, -1, -5, 6, 4, -1, 5, -3, -6, 4, -6, 6, 6]
 
1.37828241969: [-6, 5, 6, 0, -1, -6, -2, 2, 1, -4, -2, 1, -3, -4, 4, -5, -6, 2, 0, 4, 1, -4, 1, 3, -6, -4, 3, -3, 0, -6, 3, -6, 5, -5, 6, 6, -6, -1, 2, 5, -4, -3, -2, 5, -6, 0, 2, -3, 3, 4, 4, 5, -4, 6, 5, 1, -6, 4, 4, -2, 1, -2, 6, 5, -6, -6, 5, -5, -6, 4, -5, -2, 1, -1, -4, 6, -3, 4, -3, 4, 6, -3, 3, -6, 3, 4, -3, 2, 3, 0, -6, 6, 3, 0, 6, -4, 2, -5, 2, 1, 0, -6, 2, 6, 2, -2, -6, -6, -5, -3, -4, 1, 0, 4, 6, 2, 6, -5, 3, -6, -1, 5, 5, -5, 4, -1, 0, -3]
 
0.588365202323: [2, 2, 6, 1, -1, -6, 0, 2, 1, -4, -2, -6, -3, -4, 4, -4, 3, 2, 0, -4, 1, 0, -4, -1, -2, 4, -4, -1, 4, 4, 5, 5, -3, -5, -6, -2, -1, -4, 6, 2, -4, 4, -4, 5, 1, 4, -6, -4, 4, 2, -5, 3, -4, 6, -2, 6, -6, -4, 5, -2, -5, 1, 3, 1, -1, 0, -4, -6, -6, -2, -5, -2, -5, -5, -5, -5, -3, 4, 3, 4, 6, 1, -5, -2, 2, 4, 5, 2, 3, 0, -6, 6, 3, 0, 6, -4, 5, -1, 1, 1, 6, -1, 1, 3, -1, -2, 6, 6, 4, -3, -2, -3, 3, -5, 2, -1, -1, -5, 6, -6, -1, 5, 5, -6, 4, -6, 0, -3]
 
1.95947956151: [-3, -6, 6, 1, -1, -6, -2, 2, 1, -4, -2, 1, -3, -4, 4, 4, 3, 2, 0, 4, 1, 0, -1, 6, -2, -4, 6, -1, 0, -6, 3, -6, 5, -5, 6, -4, 0, -1, 4, 5, -4, 4, -5, 5, -4, 0, -6, 6, -5, 6, 4, 5, 5, 3, -2, 6, 3, 1, 5, -5, -3, -1, 0, 5, -6, -6, 0, -1, -1, 4, -5, 1, 1, -5, 2, -2, -3, 4, -3, 4, 6, 5, 3, -6, 3, 4, -3, 2, 3, 0, 5, -3, 3, 0, 6, -4, 2, -5, -6, 1, -1, -6, 2, -2, 2, -2, -6, 6, 4, -3, -4, 1, 0, 4, 6, -4, -3, -1, 6, 4, 0, 5, -3, -6, 4, -6, 6, -2]
 
1.50992276531: [2, 2, 6, 1, -1, -6, 0, 2, 1, -4, -2, -6, -3, -4, 4, -4, 3, 2, 0, -4, 1, 0, -4, -1, -2, 4, -4, -1, 4, 4, 5, 5, -3, -5, -6, -2, -1, -4, 6, 2, -4, 4, -4, 5, 1, 4, -6, -4, 4, 2, -5, 3, -4, 6, -2, 6, -6, -4, 5, -2, -5, 1, 3, 1, -1, 0, -4, -6, -6, -2, -5, -2, -5, -5, -5, -5, -3, 4, 3, 4, 6, -3, 3, -6, 3, 4, -3, 2, 3, 0, -6, 6, 3, 4, 6, -4, 2, -1, -6, 1, -1, -6, 2, -1, -6, -2, -6, 6, 4, -3, 4, 1, 0, 4, 6, -1, -1, -5, 6, 4, -1, 5, -3, -6, 4, -6, 6, 6]
 
0.944862013414: [-3, -4, -5, -2, -1, -4, -2, -5, 1, 5, -4, 1, 5, -5, -2, 5, 3, 2, -1, 4, 1, 0, -1, 6, -2, -4, 6, -1, 0, -6, 3, -6, 5, -5, 6, -4, 0, -3, 4, -6, -4, 4, 3, 5, -4, 0, 3, 6, -2, 1, 4, -1, -1, -6, -2, 6, -6, 2, 5, 6, -2, -2, -5, 6, -6, -6, -4, -6, -1, 3, -3, -2, 1, -1, -4, 1, -1, 3, -4, 1, -2, 1, -5, 5, 6, 5, 0, -4, 1, 0, -6, -5, 4, 0, 6, -4, 5, -1, 4, 3, -5, 4, 5, 3, -6, 5, -6, -4, 4, -4, -2, -3, 3, -5, 2, -4, -3, -1, 6, 3, 0, -2, -1, 2, 4, -6, -5, -2]
 
2.95242727254: [6, -3, -4, -2, -4, -5, 3, 2, 5, -4, 3, 1, -3, 4, 2, -6, 3, 2, 5, 4, -3, -1, 1, 6, -2, -5, 3, -1, -5, 0, 6, -5, 0, 5, 6, 5, -4, 0, 4, 2, -2, 4, -4, 6, 4, 0, -6, -1, 4, 6, 6, -1, 3, -5, -6, 6, -6, 5, 5, -2, -3, -2, 0, 5, -6, -6, -4, -6, -6, 1, -5, 5, 5, -4, 5, -5, -4, 3, 1, -4, 6, -5, -4, 0, 2, -3, 5, -1, -1, 5, -3, 6, 2, 6, -2, -5, -2, -1, -6, 1, -4, -6, 2, 5, -1, 6, -2, 3, -6, 3, 4, 0, 0, -6, 6, -5, -4, -5, 6, -6, -1, 5, 5, -6, 4, -6, 0, -3]
 
1.14522656772: [-3, 6, 6, -6, -4, -6, -6, 2, 1, 6, -2, 1, -3, -4, 4, -6, 3, 2, 2, 4, 1, 0, -1, 6, 4, -5, 5, -2, -5, 2, 5, 3, -2, -5, 4, 3, -6, -1, 5, 5, -4, 4, -1, 0, -4, -1, 1, 6, 1, 2, 4, -1, -4, 2, 3, 6, -6, 1, 5, -2, -3, 4, 0, -1, -6, 1, 4, 3, -6, 2, -4, 5, 4, -4, 5, -5, -4, 5, 1, -4, 6, -5, 6, -3, 5, 3, 5, -1, -1, -4, -3, 6, 2, 6, -3, 3, -2, -4, 0, 2, -6, 4, 2, -6, -1, 5, -2, 3, -1, 3, 4, 2, 0, -6, 6, -1, -1, 5, -1, 4, -3, 4, -1, -6, 2, -6, 4, 6]
 
1.84344107403: [2, 2, 6, 1, -1, -6, 0, 2, 1, -4, -2, -6, -3, -4, 4, -4, 3, 2, 0, -4, 1, 0, -4, -1, -2, -4, 6, -1, -5, 5, 5, 0, -6, -5, 6, -2, -4, -4, 6, 2, -6, 4, -3, 5, 4, 0, 6, 6, -5, 6, 4, -1, -4, 6, -2, 6, -6, -4, 5, -2, -3, -2, 0, 5, -6, -6, -4, -6, -6, 4, -5, -2, -2, 4, 2, 1, -3, 4, -3, 4, 6, -3, 3, -6, 3, 4, -3, 2, 3, 0, 5, 5, 3, 0, 6, -4, 2, -1, -6, 1, -1, -6, 2, -1, -6, -2, -6, 6, 4, -3, 4, 1, 0, 4, 6, -1, -1, -5, 6, 4, -1, 5, 5, -6, 4, -6, 6, 4]
 
1.56506700942: [-3, -6, 6, 1, -1, -6, -2, 2, 1, -4, -2, 1, -3, -4, 4, 4, 3, 2, 0, 4, 1, 0, 1, 6, -2, 4, -4, -1, 4, 4, 5, 5, -3, -5, -6, -2, -1, -4, 6, 2, -4, 4, -4, 5, 1, 4, -6, -4, 4, 2, -5, 3, -4, 6, -2, 6, -6, -4, 5, -2, -5, 1, 3, 1, -1, 0, -4, -6, -6, -2, -5, -2, -5, -5, -5, -5, -3, 4, 3, 4, 6, -3, 3, -6, 3, 4, -3, 2, 3, 0, -6, 6, 3, 4, 6, -4, 2, -1, -6, 1, -1, -6, 2, -1, -6, -2, -6, 6, 4, -3, 4, 1, 0, 4, 6, -1, -1, -5, 6, 4, -1, 5, -3, -6, 4, -6, 6, 6]
 
1.4113935746: [-3, -6, 6, 1, -1, -6, -2, 4, 1, 0, -3, 1, -3, -4, 4, 4, 3, 2, -5, 4, -5, 0, 1, 6, -2, -4, 6, -1, -5, 5, 5, 0, 1, -5, 6, -1, -6, 3, 4, 5, -4, 4, -3, 5, 4, 0, -6, -2, -5, 6, 4, -1, -4, -3, -2, 6, -6, -4, -5, -2, -3, -2, 2, 5, 4, 1, -4, 1, -5, 4, -5, -2, -2, 4, 0, 1, -3, 4, -3, 4, 6, 5, 3, -6, 3, 4, -3, 2, 3, 0, -6, 6, 3, 2, 6, -4, 2, -1, 1, 1, -1, -6, 2, -2, -6, -2, -6, 6, 4, -3, 4, 1, 0, 4, 6, -1, -1, -5, 6, 4, -1, 5, -3, -6, 4, -6, 6, 6]
 
1.16297756395: [-3, -6, 6, 1, -1, -6, -2, 2, 1, -4, -2, 1, -3, -4, 4, 4, 3, 2, 0, 4, 1, 0, 1, 6, -2, 4, -4, -1, 4, 4, 5, 5, -3, -5, -6, -2, -1, -4, 6, 2, -4, 4, -4, 5, 1, 4, -6, -4, 4, 2, -5, 3, -4, 6, -2, 6, -6, -4, 5, -2, -5, 1, 3, 1, -1, 0, -4, -6, -6, -2, -5, -2, -5, -5, -5, -5, -3, 4, 3, 4, 6, -3, 3, -6, 3, 4, -3, 2, 3, 0, -6, 6, 3, 4, 6, -4, 2, -1, -6, 1, -1, -6, 2, -1, 2, -2, -6, 6, 4, -3, -4, 1, 0, 4, 6, -1, -1, -5, 6, 4, -1, -4, -3, 1, 2, -6, 6, 6]
 
2.15281985665: [6, -3, -4, -2, -4, -5, 3, 2, 1, -4, -2, 1, -3, -4, 4, 4, 3, 2, 0, 4, 1, -4, 1, 6, -6, -4, 3, -1, 0, -6, 3, -6, 5, -5, 6, -4, -6, -1, 4, 5, -6, 4, -2, 5, -6, 0, 6, 6, 3, 4, 4, 2, -4, 6, 5, 1, -6, 2, 1, -2, 1, -2, 0, 5, -6, -6, 5, -5, -6, 4, -5, -2, 3, -1, -4, 1, -3, 4, 3, 4, 6, -3, 3, -6, 3, 4, -3, 2, 3, 0, -6, 6, 3, 4, 6, -4, 2, -1, -6, 1, -1, -6, 2, -1, -6, -2, -6, 6, 4, -3, 4, 1, 0, 4, 6, -1, -1, -5, 6, 4, -1, 5, -3, -6, 4, -6, 6, 6]
 
1.26156523797: [2, -5, 6, 1, -1, 2, 0, 1, 3, -4, -2, -6, -3, 4, 3, -4, 3, 6, 0, -4, 1, 0, -4, -1, -2, -1, -2, -1, 4, 4, 5, -5, -3, -5, -6, -2, -1, -4, 6, 2, -4, 4, 0, 5, 2, 4, -6, -4, 4, 2, -4, 3, -4, 6, 6, 6, -4, -4, 5, -2, 4, 1, 3, 1, -1, 0, 5, -6, -6, -2, -5, -2, -5, -5, -5, -5, -3, 4, 3, 0, 6, 3, 3, -6, -4, 4, -3, 2, 3, -5, 4, 4, 3, 4, -3, -4, 6, -1, 1, 1, 2, -6, 1, -6, -1, -2, -6, 6, -1, -3, -3, -3, 3, -5, 2, -4, -1, -1, 6, 4, -4, 5, -3, -6, 4, -6, -6, -2]
 
1.60610789296: [2, 2, 6, 1, -1, -6, 0, 2, 1, -4, -2, -6, -3, -4, 4, -4, 3, 2, 0, -4, 1, 0, -4, -1, -2, 4, -4, -1, 4, 4, 5, 5, -3, -5, -6, -2, -1, -4, 6, 2, -4, 4, -4, 5, -4, 0, -1, 1, -5, 5, 4, -4, -1, -6, -2, 6, 0, -4, 5, -4, -3, -1, 0, 6, -6, -6, -4, 0, 0, 3, -5, 5, 5, 5, 2, -4, 2, 4, 3, -4, 6, -3, 3, -6, -2, 0, -3, 5, -1, 0, 5, -3, 3, 0, 6, -4, 2, -1, -6, 1, -1, -6, 2, -1, -6, -2, -6, 6, 4, -3, 4, 1, 0, 4, 6, -1, -1, -5, 6, 4, -1, 5, 5, -6, 4, -6, 6, 4]
 
0.95673985627: [-3, -6, 6, 1, -1, -6, -2, 2, 1, -4, 4, 1, 3, -4, 4, 4, 3, 2, 0, 4, 1, 0, 1, 6, -2, -5, 2, -1, 4, 0, 5, 3, -3, 5, -5, 5, -6, 0, 6, -6, -6, 2, 4, 5, 1, 4, -6, -4, 4, 2, -5, 3, -4, 6, -2, 6, -6, -4, 5, -2, -5, 1, 3, 1, -1, 0, -4, -6, -6, -2, -5, -2, -5, -5, -5, -5, -3, 4, 3, 4, 6, -3, 3, -6, 3, 4, -3, 2, 3, 0, -6, 6, 3, 4, 6, -4, 5, -1, 1, 1, 6, -6, 1, -1, -1, -2, -6, 6, -1, -3, -3, -3, 3, -5, 2, -4, -1, -1, 6, 4, 4, 5, -3, -6, 4, -6, 6, -2]
 
1.02182428264: [-5, -6, 6, 6, -3, -6, -2, 2, 1, -4, -2, 1, -2, -4, 4, -1, 3, 4, 0, 6, 1, -4, 1, 6, -6, -4, 3, -4, 0, -6, 3, 6, 5, -5, 6, -4, -1, -3, 6, -3, -4, 4, -4, 5, 1, 4, -6, -4, 4, -2, -5, 3, 2, 6, -2, 6, -6, -4, 5, -2, -5, 1, 3, 1, -1, -2, -4, -6, -6, -2, -5, 4, -4, -5, -5, -2, -3, 4, 3, 4, -6, -3, 3, -6, 3, 4, -3, 2, 3, 0, 4, 6, 3, 4, 6, -4, 6, -1, -6, 1, 2, -6, 2, -1, 3, -2, 6, 6, 4, -3, -1, 4, 0, 5, 6, -1, -1, -5, 3, 4, -1, -4, 5, 1, 2, -6, 6, 6]
 
2.1488368098: [-3, -6, 6, 1, -1, -6, -2, 2, 1, -4, -2, 1, -3, -4, 4, 4, 3, 2, 0, 4, 1, 0, 1, 6, -2, 4, -4, -1, 4, 4, 5, 5, -3, -5, -6, -2, -6, -1, 4, 5, -6, 4, -2, 5, -6, 0, 6, 6, 3, 4, 4, 2, -4, 6, 5, 1, -6, 2, 1, -2, 1, -2, 0, 5, -6, -6, 5, -5, -6, 4, -5, -2, 5, -1, 2, 4, 2, 4, 3, -4, 6, -3, 3, -6, -2, 0, -3, 5, -1, 0, -6, 6, 3, -4, 6, -4, 2, -1, 1, 1, 6, -6, -3, -1, -1, -2, -6, 6, 3, -3, -3, -3, 0, 4, 2, -4, -1, -5, 6, 4, -1, 5, 5, -6, 4, -6, 6, 4]
 
1.98065100468: [-6, 3, 6, 1, -1, -6, -4, 4, 0, -4, 5, 5, -3, -4, 5, 4, 3, 2, 0, 5, 1, -4, 1, 6, -6, -4, 3, -1, 0, -6, 3, 6, 3, -5, 6, -4, -5, -1, 4, 5, -6, 4, -2, 5, 1, 0, 0, 5, 3, 4, 4, 2, -4, 6, 5, 1, -6, 1, 4, -5, -3, -1, 0, 4, -6, -6, 0, -1, -1, -6, -4, -2, 1, -5, 2, -2, -3, -3, -3, 4, 6, 6, 3, 2, 3, 4, -2, -1, 3, 2, 5, -3, 3, 0, 6, -4, 6, -5, 4, 1, -5, -6, 2, -2, 2, -2, -6, 6, 4, -3, -4, -1, 0, 4, 6, -4, -3, -1, 6, 4, 0, 5, -3, -6, -5, -6, -1, -2]
 
2.87199313465: [-3, -6, 6, 1, -1, -6, -2, 2, 1, -4, -2, 1, -3, -4, 4, 4, 3, 2, 0, 4, 1, 0, -1, 6, -2, -4, 6, -1, 0, -6, 3, -6, 5, -5, 6, -4, 0, -1, 4, 5, -4, 4, -5, 5, -4, 0, -6, 6, -5, 6, 4, 5, 5, 3, -2, 6, 3, 2, 1, -2, 1, -2, 0, 5, -6, -6, 5, -5, -6, 4, -5, -2, 3, -1, -4, 1, -3, 4, 3, 4, 6, -3, 3, -6, 3, 4, -3, 2, 3, 0, -6, 6, 3, 4, 6, -4, 2, -1, -6, 1, -1, -6, 2, -1, -6, -2, -6, 6, 4, -3, 4, 1, 0, 4, 6, -1, -1, -5, 6, 4, -1, 5, -3, -6, 4, -6, 6, 6]
 
1.39608583041: [-3, -6, 6, 1, -1, -6, -2, 4, 1, 0, -3, 1, -3, -4, 4, 4, 3, 2, -5, 4, -5, 0, 1, 6, -2, -4, 6, -1, -5, 5, 5, 0, 1, -5, 6, -1, -6, 3, 4, 5, -4, 4, -3, 5, 4, 0, -6, -2, -5, 6, 4, -1, -4, -3, -2, 6, -6, -4, -5, -2, -3, -2, 2, 5, 4, 1, -4, 1, -5, 4, -5, -2, -2, 4, 0, 1, -3, 4, -3, 4, 6, 5, 3, -6, 3, 4, -3, 2, 3, 0, -6, 6, 3, 2, 6, -4, 2, -1, 1, 1, -1, -6, 2, -1, -6, -2, -6, 6, 4, -3, 4, 1, 0, 4, 6, -1, -1, -5, 6, 4, -1, 5, -3, -6, 4, -6, 6, 6]
 
1.32690926699: [-3, -6, 6, 1, -1, -6, -2, 2, 1, -4, -2, 1, -3, -4, 4, 4, 3, 2, 0, 4, 1, 0, 1, 6, -2, 4, -4, -1, 4, 4, 5, 5, -3, -5, -6, -2, -1, -4, 6, 2, -4, 4, -4, 5, 1, 4, -6, -4, 4, 2, -5, 3, -4, 6, -2, 6, -6, -4, 5, -2, -5, 1, 3, 1, -1, 0, -4, -6, -6, -2, -5, -2, -5, -5, -5, -5, -3, 4, 3, 4, 6, -3, 3, -6, 3, 4, -3, 2, 3, 0, -6, 6, 3, 4, 6, -4, 2, -1, -6, 1, -1, -6, 2, -2, 2, -2, -6, 6, 4, -3, -4, 1, 0, 4, 6, -1, -1, -5, 6, 4, -1, -4, -3, 1, 2, -6, 6, 6]
 
0.413994823323: [2, 2, 6, 1, -1, -6, 0, 2, 1, -4, -2, -6, -3, -4, 4, -4, 3, 2, 0, -4, 1, 0, -4, -1, -2, 4, -4, -1, 4, 4, 5, 5, -3, -5, -6, -2, -1, -4, 6, 2, -4, 4, -4, 5, -4, 0, -1, 1, -5, 5, 4, -4, -1, 3, -2, 6, 3, 1, 5, -5, -3, -1, 0, 5, -6, -6, 0, -1, -1, 4, -5, 1, 1, -5, 2, -2, -3, 4, -3, 4, 6, 5, 3, -6, 3, 4, -3, 2, 3, 0, 5, -3, 3, 0, 6, -4, 2, -5, -6, 1, -1, -6, 2, -2, 2, -2, -6, 6, 4, -3, -4, 1, 0, 4, 6, -4, -3, -1, 6, 4, 0, 5, -3, -6, 4, -6, 6, -2]
 
3.03303591585: [-3, -6, 6, 1, -1, -6, -2, 2, 1, -4, -2, 1, -3, -4, 4, 4, 3, 2, 0, 4, 1, 0, -1, 6, -2, -4, 6, -1, 0, -6, 3, -6, 5, -5, 6, -4, 0, -1, 4, 5, -4, 4, -5, 5, -4, 0, -6, 6, -5, 6, 4, 5, 5, -6, -2, 6, 0, -4, 5, -4, -3, -1, 0, 6, -6, -6, -4, 0, 0, 3, -5, 5, 5, 5, 2, -4, 2, 4, 3, -4, 6, -3, 3, -6, -2, 0, -3, 5, -1, 0, 5, -3, 3, 0, 6, -4, 2, -1, -6, 1, -1, -6, 2, -1, -6, -2, -6, 6, 4, -3, 4, 1, 0, 4, 6, -1, -1, -5, 6, 4, -1, 5, 5, -6, 4, -6, 6, 4]
 
1.51380917502: [-3, -6, 6, 1, -1, -6, -2, 2, 1, -4, -2, 1, -3, -4, 4, 4, 3, 2, 0, 4, 1, 0, 1, 6, -2, -4, 6, -1, -5, 5, 5, 0, -6, -5, 6, -2, -4, -4, 6, 2, -6, 4, -3, 5, 4, 0, 6, 6, -5, 6, 4, -1, -4, 6, -2, 6, -6, -4, 5, -2, -3, -2, 0, 5, -2, -6, -4, -6, 0, 3, 0, -2, 5, -1, -3, 4, 2, 4, 3, -4, 4, -4, 3, -6, -2, 2, 5, 5, 6, -6, 5, 5, 3, 5, -3, 4, 2, -2, 0, 1, -4, 2, 0, -1, 5, -3, -6, 6, -5, -3, -4, 3, -5, -6, -2, -2, -1, -5, 6, 4, -5, 5, 5, -6, 4, -6, 6, 4]
 
3.12943347395: [-4, -5, 6, 1, 4, 0, -6, 2, -3, -4, 0, 1, -3, -4, 4, 4, 3, 2, 0, 4, 1, 0, 4, 6, -2, -4, 6, -1, 0, -6, 3, -6, 5, -5, 0, -4, 0, -1, -3, 5, 5, 4, -5, 5, -4, 0, -6, 6, 4, 4, 4, 5, -2, -6, -2, 6, -6, -4, 5, -2, 0, -2, 0, 5, -6, -6, -4, -6, -6, 4, -5, -2, -2, 4, 2, 1, -3, 4, -3, 4, 6, -3, 3, -6, 3, 4, -3, 2, 3, 0, 5, 5, 3, 0, 6, -4, 2, -4, -6, -4, -4, -6, 2, -1, -6, -2, -6, 6, 4, -3, 4, 1, 0, 4, 6, -1, -1, -5, 6, 4, -1, 5, 5, -6, 4, -6, 6, 4]
 
2.38729654827: [-3, -6, 6, 1, -1, -6, -2, 2, 1, -4, -2, 1, -3, -4, 4, 4, 3, 2, 0, 4, 1, -4, 1, 6, -6, -4, 3, -1, 0, -6, 3, -6, 5, -5, 6, -4, -6, -1, 4, 5, -6, 4, -2, 5, -6, 0, 6, 6, 3, 4, 4, 2, -4, 6, 5, 1, -6, 2, 1, -2, 1, -2, 0, 6, 1, -5, 6, 4, -3, -2, 5, -2, 4, -1, 2, -3, -3, -1, -3, 4, 6, -3, 3, -6, 3, 4, -3, 2, 3, 0, 5, 5, 3, 0, 6, -4, 2, -1, -6, 1, -1, -6, 2, -1, -6, -2, -6, 6, 4, -3, 4, 1, 0, 4, 6, -1, -1, -5, 6, 4, -1, 5, 5, -6, 4, -6, 6, 4]
 
1.92893873145: [-3, -3, 1, 1, -4, -5, -3, 6, -5, -4, 2, -4, 0, -4, 5, 4, -3, 2, 5, -3, 1, 0, -4, -1, -2, -4, 6, -1, -2, 5, 1, -5, -6, -5, 6, 2, 2, -4, 6, 2, -4, -3, -3, 5, -1, 0, -6, -1, -2, 5, 4, -3, 5, 6, -2, -3, -6, -4, 5, -2, -3, -2, 0, 5, -6, -6, 5, -5, -6, 4, -5, -2, 3, -1, -4, 1, -3, 4, 3, 4, 6, -3, 3, -6, 3, 4, -3, 2, 3, 0, -6, 6, 3, 4, 6, 4, 2, -1, 1, 1, 5, 6, -3, -1, -1, -2, -6, 6, 3, -2, -3, -3, -1, 1, 4, -4, -1, -1, 6, 4, 4, 5, -3, -6, 4, -6, 6, -2]
 
