2.6713473923826023: [6, -3, -3, 4, 0, -6, 6, -6, -5, 2, 3, 2, 4, 3, -5, 1, -4, 1, 4, -6, 5, 2, -2, -2, 1, -3, 5, -4, 1, -2, 5, -5, 4, -2, -1, -2, 1, 1, 3, -4, -4, 4, -6, 0, -2, 3, 4, -1, -6, 4, -5, -1, -4, 6, 4, 2, 6, -5, -4, -6, 2, -4, 0, -6, -3, -5, 3, -3, -4, 3, -4, 0, 5, -4, 6, -5, -6, -1, -5, 4, 2, -4, 1, -3, 1, -5, 3, 6, -5, 2, -1, 2, -3, 5, 1, -1, 6, -5, 4, -6, 6, -1, 2, -6, -2, -1, -6, -2, -6, 2, -3, 2, -3, 5, 5, -6, 2, -3, -2, 4, -6, -6, -3, -2, 4, 3, -1, 6]
 
2.5790858311385145: [6, -3, -3, -1, 4, -6, -5, -2, 2, 3, -6, -4, -6, -6, -3, 5, 5, 0, 0, -2, 3, -4, -2, -2, 1, -3, 5, -4, -1, -2, 2, 2, -2, -2, -3, 5, 1, 1, -2, -5, 2, 0, -3, 3, 0, 0, 4, -1, -6, 4, -5, -1, -4, 6, 4, 2, 6, -5, -4, -6, 2, -4, 0, -6, -3, -5, 3, -3, -4, 3, -4, 0, 5, -4, 6, -5, -6, -1, -5, 4, 2, -4, 1, -3, 1, -5, 3, 6, -5, 2, -1, 2, -3, 5, 1, -1, 6, -5, 4, -6, 6, -1, 2, -6, -2, -1, -6, -2, -6, 2, -3, 2, -3, 5, 5, -6, 2, -3, -2, 4, -6, -6, -3, -2, 4, 3, -1, 6]
 
1.4857844783057388: [6, 2, 3, -1, -5, -5, 5, -2, 2, 3, -6, -4, -6, -6, -3, 5, 5, 0, 0, -2, 3, -4, 2, 2, -3, 2, -6, 6, 6, 1, 5, -5, 1, -2, -1, -1, 1, 1, 3, -4, -4, 4, -6, 0, -2, 5, -5, -4, 2, 2, 0, -6, -2, 1, 6, 2, -5, 5, -4, -1, 2, 4, 0, 3, -4, -6, -5, -6, -2, 5, -4, 0, 6, -4, 6, -2, -1, -1, -1, 4, 2, -6, 0, -4, -4, -5, -4, 6, 2, 2, -1, 2, -2, -2, 1, -1, -1, 3, 4, -6, -5, 0, -6, -6, 1, -1, -3, -2, -6, -1, 4, 2, -3, 5, 1, -6, 2, -3, -5, 0, -6, -6, -3, -2, 4, -2, -1, 4]
 
0.937221388489: [-5, 2, 3, -4, 1, -5, 5, -2, -3, -4, 2, -2, -3, -6, -4, -6, -6, 0, 5, 1, -6, 3, -2, 2, -3, -2, -6, -1, -4, 5, -1, 0, -2, -1, -4, 2, 1, 2, -3, -5, 2, 2, 4, 3, 6, 0, 4, -1, 5, 0, -5, -1, -6, 5, 4, 4, 4, 4, -4, -6, 2, -4, 0, -6, -3, -5, 3, -3, -4, -3, -4, 0, 5, -4, 6, 6, -6, -1, -5, 4, 2, -4, 1, -3, 6, 0, -3, 6, -5, 1, 0, 4, -3, 5, 4, -4, 6, -5, 3, -1, 4, 1, -5, -6, -2, -1, 0, -2, 0, 2, -3, 2, 6, 5, 5, -5, 2, -3, 4, -1, -6, 3, -3, -2, 4, 3, -1, 6]
 
3.0267623436322575: [6, -3, -3, 4, 0, -6, 6, -6, -5, 2, 3, 2, 4, 3, -5, 1, -4, 1, 4, -6, 5, 2, -2, -2, 1, -3, 5, -4, 1, -2, -6, -6, -1, 3, 6, 3, 1, 1, 3, -4, -4, 4, -6, 0, -2, 3, -5, -1, 2, 4, 1, -1, -4, 6, -6, 2, 6, -4, -4, -2, 3, 2, 0, 3, 3, 5, 1, -6, -5, -2, -2, 4, 4, 5, 1, 0, -4, 3, 3, -3, 1, 5, -4, -4, -2, -6, 5, 5, -6, 6, 1, -1, 3, 4, -2, -5, 5, 4, -6, -6, 4, -5, -3, 3, -2, -1, -6, -2, -4, 2, 2, 2, 3, -3, 5, -6, 1, -3, -2, 4, -6, -6, -3, -5, 3, 3, -1, 0]
 
1.28643882496: [-2, -3, -6, 1, -5, 2, 6, -3, -5, -6, -6, 2, -5, 3, 1, -2, 5, 0, 0, 1, 3, -4, -2, 0, 3, -3, 5, -4, -1, -5, -6, 2, -2, 1, -5, -2, 1, -5, -3, -4, 5, -6, -1, -3, -4, 0, -4, -1, 2, 4, -5, -2, -4, 4, -2, 2, 6, 1, 2, -6, 2, 2, 0, -6, -3, -5, 3, -6, -3, -6, 6, -3, -3, 5, -2, 5, -6, -1, -5, 4, 5, -3, 1, -3, 3, 1, 3, 6, -5, -3, 3, 2, -3, 5, 5, -1, 6, -5, 5, -6, -2, -1, -1, -6, 6, -1, 1, -2, -6, -4, -3, 2, 6, -3, -1, 0, 2, 1, -2, -6, 0, -6, -3, 0, 3, 3, -1, 4]
 
3.7507205486962585: [6, -3, -3, 4, 0, -6, 6, -6, -5, 2, 3, 2, 4, 3, -5, 1, -4, 1, 4, -6, 5, 2, -2, -2, 1, -3, 5, -4, 1, -2, 5, -5, 4, -2, -1, -2, 1, 1, 3, -4, -4, 4, -6, 0, -2, 3, -5, -1, 2, -6, 0, -6, 1, 1, 6, -4, -5, 5, -4, -1, 3, 4, 0, 3, 3, 5, 1, -6, 2, -2, -4, 0, 5, -4, 6, -5, -6, -1, -5, 4, 2, -4, 1, -3, 1, -5, 3, 6, -5, 2, -1, 2, -3, 5, 1, -1, 6, -5, 4, -6, 6, -1, 2, -6, -2, -1, -6, -2, -4, 2, -3, 2, 6, -3, 5, -6, 2, -3, -2, 4, -6, -6, -3, -4, 3, 3, -1, 6]
 
3.85918913001854: [6, -3, -3, -1, 4, -6, -5, -2, 4, -4, 2, -6, -2, -6, -3, 5, -6, 0, 5, 1, -6, 3, -2, 2, -3, -2, -2, -5, -4, 5, -5, 0, -6, 5, -5, 6, 1, -5, 1, -4, -1, -2, -1, 0, 2, -4, 1, 0, -6, 5, -5, 1, -4, 3, 0, -1, 6, 6, -4, -6, 6, -2, 0, 5, -6, -1, -2, -5, -4, -5, 6, -3, -6, -4, 1, -5, 4, -1, -4, 4, -5, -4, -6, 6, -3, -5, 5, 6, 4, -2, 0, -3, 6, 6, 4, -4, -6, -2, 4, -6, 0, 3, 4, 1, -4, -1, -6, -2, -6, 2, -3, 2, -3, 5, 5, -6, 2, -3, -2, 4, -6, -6, -3, -2, 4, 3, -1, 6]
 
2.1103500818680763: [6, -3, -3, -1, 4, -6, -5, -2, 2, 3, -6, -4, -6, -6, -3, 5, 5, 0, 0, -2, 3, -4, -2, -2, 1, -3, 5, -4, -1, -2, 2, 2, -2, -2, -3, 5, 1, 1, -2, -5, 2, 0, -3, 3, 0, 0, 4, -1, -6, 4, -5, -1, -4, 6, 4, 2, 6, -5, -4, -6, 2, -4, 0, -6, -3, -5, 3, -6, 6, -2, 6, -3, -3, 5, -2, 6, 1, 6, -2, 3, 1, 5, -4, -4, -2, -6, 6, 5, 4, -2, 1, 4, 3, 6, 4, -5, -3, -5, 4, -6, 6, -1, 2, -6, -2, -1, -6, -2, -6, 2, -3, 2, -3, 5, 5, -6, 2, -3, -2, 4, -6, -6, -3, -2, 4, 3, 4, 3]
 
1.20836058457: [6, 0, 3, -1, -2, -1, 2, -2, 4, -4, 2, -5, -2, -6, -3, 5, 2, 0, 3, 1, -6, 3, -2, 2, -3, -2, -2, -6, 2, 5, -5, -4, -6, 5, -5, -3, 1, -5, 5, -4, -1, -2, -4, 0, 5, -5, 1, 0, -4, 5, -6, 1, 0, 5, 0, 1, -3, -1, -4, -6, 6, -2, 0, 5, -2, -1, 1, -2, 5, -2, -2, -4, 4, 5, 1, -2, 6, 6, 4, -3, 4, 5, -4, -6, -2, -6, 3, 5, 4, 6, 1, 0, 3, -6, 1, -2, -2, -5, 3, -6, 6, -1, 2, 3, 6, -1, -6, -2, -3, -2, 0, 2, -3, 5, -3, 5, 2, -3, 6, 4, -6, 5, 5, 0, 4, 1, -1, 1]
 
2.2595398662377857: [6, 4, 3, -1, 1, -5, 5, -2, 4, -4, 2, -6, -2, -6, -3, 5, -6, 0, 5, 1, -6, 3, -2, 2, -3, -2, -2, -5, -4, 5, -5, 0, -6, 5, -5, 6, 1, -5, 1, -5, -4, 0, -3, -1, 5, 0, -5, -1, -6, 1, 2, -4, 5, 6, -5, 2, 6, -5, -4, -6, 6, -4, 0, -1, -3, 6, 1, -6, -4, -5, 6, 4, -6, 6, 1, -5, 4, -1, -6, 4, -5, 2, -6, 6, -3, -5, -1, 6, 4, 1, 0, -3, 6, 6, -3, 4, -6, -2, -4, -6, 0, 0, 6, 1, -1, 3, 6, -5, -6, -4, -3, 2, -2, 5, -3, -2, 2, -3, 4, 4, -6, -4, -3, -6, 4, 3, -1, 1]
 
2.03893299172: [6, 4, -6, -1, -3, 6, 5, -4, 4, -4, 2, -6, -2, -4, -3, 5, -4, 0, -2, 1, -6, 3, 3, 2, -3, -2, -2, -5, -4, 5, 2, 0, -6, 5, 0, 6, 1, -1, 1, -4, 0, -2, -1, 0, 2, -4, 1, -4, -6, 4, -5, -1, -4, 6, 4, -4, 6, -5, -4, -2, 2, 5, 0, -6, 4, 4, 3, -6, 6, -2, 6, -3, -5, 5, -2, 2, -6, -1, -5, 4, 2, 5, 5, -2, 1, -5, 0, 2, -5, -6, -3, 2, -3, 5, 1, -4, 3, 2, -3, -3, 6, -1, 2, -6, 0, -1, 1, -2, -6, -4, -3, 2, 6, 6, -2, -6, 2, 1, -2, 4, -6, 0, -3, -4, 3, 3, -1, 6]
 
2.9802697719091182: [6, 4, 3, -1, 1, -5, 5, -2, 4, -4, 2, -6, -2, -6, -3, 5, -6, 0, 5, 1, -6, 3, -2, 2, -3, -2, -2, -5, -4, 5, -5, 0, -2, -3, -4, 2, 1, 0, -3, -5, 2, 0, -3, 3, 0, 0, 4, -1, -6, 4, -5, -1, -4, 6, 4, 2, 6, -5, -4, -6, 2, -4, 0, -6, -3, -5, 3, -3, -4, 3, -4, 0, 5, -4, 6, -5, -6, -1, -5, 4, 2, -4, 1, -3, 1, -5, 3, 6, -5, 2, -1, 2, -3, 5, 1, -1, 6, -5, 4, -6, 6, -1, 2, -6, -2, -1, -6, -2, -6, 2, -3, 2, -3, 5, 5, -6, 2, -3, -2, 4, -6, -6, -3, -2, 4, 3, -1, 6]
 
3.325834492603682: [6, 4, 3, -1, 1, -5, 5, -2, 4, -4, 2, -6, -2, -6, -3, 5, -6, 0, 5, 1, -6, 3, -2, 2, -3, -2, -2, -5, -4, 5, -5, 0, -6, 5, -5, 6, 1, -5, 1, -4, -1, -2, -1, 0, 2, -4, 1, 0, -6, 5, -5, 1, -4, 3, 0, -1, 6, 6, -4, -6, 6, -2, 0, 5, -6, -1, -2, -5, 2, -2, -2, 4, 4, 5, 1, -2, 1, 6, -5, -3, 1, 5, -4, -4, -2, -6, 5, 5, 4, 6, 1, 4, 3, 6, 4, -5, -3, -5, 4, -6, 6, -1, 2, -6, -2, -1, -6, -2, -6, 2, -3, 2, -3, 5, 5, -6, 2, -3, -2, 4, -6, -6, -3, -2, 4, 3, -1, 6]
 
2.9684816272768013: [6, 4, 3, -1, 1, -5, 5, -2, 4, -4, 2, -6, -2, -6, -3, 5, -6, 0, 5, 1, -6, 3, -2, 2, -3, -2, -2, -5, -4, 5, -5, 0, -2, -3, -4, 2, 1, 0, -3, -5, 2, 0, -3, 3, 0, 0, 4, -1, -6, 4, -5, -1, -4, 6, 4, 2, 6, -5, -4, -6, 2, -4, 0, -6, -3, -5, 3, -3, -4, 3, -4, 0, 5, -4, 6, -5, -6, -1, -5, 4, 2, -4, 1, -3, 1, -5, 3, 6, -5, 2, -1, 2, -3, 5, 1, -1, 6, -5, 4, -6, 6, -1, 2, -6, -2, -1, -6, -2, -6, 2, -3, 2, -3, 5, 5, -6, 2, -3, -2, 4, -6, -6, -3, -2, 4, 3, -1, 6]
 
2.796576072687537: [6, -4, -1, -1, 1, 3, 5, 0, 4, 6, 2, -6, -2, 0, 3, 5, 4, 0, 4, 1, -6, 3, -2, 2, -3, -2, -2, -5, -4, 5, -6, 0, -2, -3, -4, 2, 1, 0, -3, -5, 2, 0, -3, 3, 0, 0, 4, -1, -6, 4, -5, -1, -4, 6, 4, 2, 6, -5, -4, -6, 2, -4, 0, -6, -3, -5, 3, -3, -4, 3, -4, 0, 5, -4, 6, -5, -6, -1, -5, 4, 2, -4, 1, -4, -2, -6, 6, 5, 4, -2, 1, 4, 3, 6, 4, -5, -3, -5, 4, -6, 6, -1, 2, -6, -2, -1, -6, -2, -6, 2, -3, 2, -3, 5, 5, -6, 2, -3, -2, 4, -6, -6, -3, -2, 4, 3, -1, 6]
 
2.7000978077926496: [6, -3, -3, -1, 4, -6, -5, -2, 2, 3, -6, -4, -6, -6, -3, 5, 5, 0, 0, -2, 3, -4, -2, 2, -3, -1, -6, -2, -1, -4, -6, -6, -1, 3, 6, 3, 6, -5, -2, -4, 2, -2, -1, 5, -4, 0, 4, -6, -6, 4, 1, -1, -4, 6, -6, 2, 6, -4, -4, -2, 3, 2, 0, 3, 3, 5, 1, -6, -5, -2, -2, 4, 4, 5, 1, 0, -4, 3, 3, -3, 1, 5, -4, -4, -2, -6, 5, 5, -6, 6, 1, -1, 3, 4, -2, -5, 5, 4, -6, -6, 4, -5, -3, 3, -2, -1, -6, -2, -4, 2, 2, 2, 3, -3, 5, -6, 1, -3, -2, 4, -6, -6, -3, -5, 3, 3, -1, 0]
 
1.9708269335497552: [6, -3, -3, 4, 0, -6, 6, -6, -5, 2, 3, 2, 4, 3, -5, 1, -4, 1, 4, -6, 5, 2, -2, -2, 1, -3, 5, -4, 1, -2, 5, -5, 4, -2, -1, -2, 1, 1, 3, -4, -4, 4, -6, 0, -2, 3, 4, -1, -6, 4, -5, -1, -4, 6, 4, 2, 6, -5, -4, -6, 2, -4, 0, -6, -3, -5, 3, -3, -4, 3, -4, 0, 5, -4, 6, -5, -6, -1, -5, 4, 2, -4, 1, -3, 1, -5, 3, 6, -5, 2, -1, 2, -3, 5, 1, -1, 5, 4, -2, -4, 5, -5, 6, 3, 4, -1, -6, -2, -6, 2, -3, 2, -3, 5, 5, -6, 2, -3, -2, 4, -6, -6, -3, -2, 4, 3, -1, 6]
 
1.5224582865025602: [6, -3, -3, 4, 0, -6, 6, -6, -5, 2, 3, 2, 4, 3, -5, 1, -4, 1, 4, -6, 5, 2, -2, -2, 1, -3, 5, -4, 1, -2, -6, -6, -1, 3, 6, 3, 6, -5, -2, -4, 2, -2, -1, 5, -4, 0, 4, -6, -6, 4, 1, -1, -4, 6, 6, -4, -5, 5, -4, -1, 3, 4, 0, 3, 3, 5, 1, -6, 2, -2, -4, 0, 5, -4, 6, -5, -6, -1, -5, 4, 2, -4, 1, -3, 1, -5, 3, 6, -5, 2, -1, 2, -3, 5, 1, -1, 6, -5, 4, -6, 6, -1, 2, -6, -2, -1, -6, -2, -6, 2, -3, 2, -3, 5, 5, -6, 2, -3, -2, 4, -6, -6, -3, -2, 4, 3, -1, 6]
 
0.9482013524846141: [6, -3, -3, 4, 0, -6, 6, -6, -5, 2, -6, -4, -6, -6, -3, 5, 5, 0, 0, -2, 3, -4, -2, -2, 1, -3, 5, -4, -1, -2, 2, 2, -2, -2, -3, 5, 1, 1, 3, -4, -4, 4, -6, 0, -2, 3, -5, -1, 2, -6, 0, -6, 1, 1, 6, -4, -5, 5, -4, -1, 3, 4, 0, 3, 3, 5, 1, -6, -4, -5, 6, -3, -6, -4, 1, -5, 4, -1, -4, 4, -5, -4, -6, 6, -3, -5, 5, 6, 4, -2, 0, -3, 6, 6, 4, -4, -6, -2, 4, -6, 0, 3, 4, 1, -4, -1, 6, -5, 2, -4, -1, -6, 1, -1, 5, 3, -4, -3, -2, 4, 0, 0, -3, -2, 4, 3, 4, 3]
 
0.313052090999: [6, 4, -3, -3, 1, 3, 5, -2, 4, -4, 2, -6, -2, -4, -3, 5, -6, 5, 5, 1, 0, 3, -2, -5, 4, -5, -2, -5, 6, 5, 2, 0, -2, 5, -5, 6, 4, -5, -2, 5, -1, -2, -1, 0, 2, -4, 1, -3, -6, 5, -5, 1, -4, 3, 0, -2, 6, 4, -4, -4, 6, -6, 4, 5, -6, -1, -3, 5, 1, -2, -2, 2, 3, 5, 1, -2, 1, 6, -2, -4, 1, 5, -3, -4, -2, -6, 2, 1, 4, -2, 3, -1, 3, 6, 4, -5, -2, -2, 4, -1, 6, -1, -3, -6, -3, -1, -5, -2, -3, 4, -3, 2, -3, 2, -3, 0, 2, -3, 5, -3, -6, 5, 1, 4, 4, -3, -1, 1]
 
1.16113576118: [-3, -4, -1, 0, -2, 4, 4, -2, 6, -2, -2, 4, -5, 6, -3, -3, -3, 0, -4, 1, -5, -5, -1, -2, 5, -4, 1, -2, 4, 0, 5, -5, 5, -2, -1, 2, 5, -4, -3, -2, 5, -2, -1, 6, 0, 0, 4, -1, 2, 6, 6, -6, -6, -3, 4, 5, 5, 5, -4, -6, -6, 1, 3, -4, -6, -5, 3, -5, -1, 1, -2, 6, -4, -5, 3, -4, -6, -2, 2, 4, 2, -6, 1, -3, 1, 4, 4, -3, -5, 5, -3, -3, -3, 5, 1, -1, 6, 1, 2, 2, -2, -1, 5, -6, 5, 2, -6, -2, -6, 2, -3, 2, 6, 2, 5, -6, 1, -3, -2, 4, -6, -1, -2, -4, 3, 3, 3, -5]
 
1.12143950953: [6, 1, 3, 4, 3, -2, 6, 3, -5, 3, -1, -4, -6, 5, 1, 0, 6, 0, 1, -6, -2, 6, -2, -2, 0, -1, 5, 0, -3, -2, 2, 1, 3, 4, -4, 1, 4, 3, 0, 6, -1, 0, 2, 3, 0, 3, -2, -1, -6, 4, -5, -1, 6, 6, 4, 2, -4, -2, -4, -3, -3, -1, 0, -6, 3, -5, -2, -3, -4, 3, -5, 0, 0, -4, 1, -5, -6, 1, 2, 0, 4, -4, 6, 4, 5, 1, -6, 1, 3, -2, -2, -5, 3, 6, 4, -5, 4, -2, 6, 2, -4, -1, -1, -6, 4, 6, -6, -2, -5, 3, 4, 2, -3, -1, -5, -6, 2, 1, 4, 1, 0, -6, -6, 2, 4, -1, 1, 1]
 
0.38680374049: [6, 2, -3, -1, 4, 1, -3, -2, -1, 3, 4, 5, 3, 6, -5, 4, 0, 0, 5, -2, 3, -2, -4, 2, 4, -1, -3, -1, -1, 6, 2, 0, 2, -2, 4, 5, 4, 1, 2, -4, 3, 4, -6, 3, 1, 1, -5, -3, 2, -6, 6, -2, 1, 1, 6, -4, -5, 2, -1, 3, 0, 4, -4, 3, 1, 5, 6, 1, 4, -2, 1, 2, 3, -4, 6, 5, -6, -1, 2, -5, 2, -4, 1, 0, 6, -5, 3, -2, -5, -6, 5, 2, 0, 5, 1, -1, 5, -6, 4, 2, -2, 3, 3, 2, 1, -1, 1, 4, 1, 6, 4, 0, 1, -4, 5, -5, 0, -3, -3, 4, 6, -3, -3, 3, 4, 1, 1, -6]
 
2.5940431298110265: [6, -3, -3, 4, 0, -6, 6, -6, -5, 2, 3, 2, 4, 3, -5, 1, -4, 1, 4, -6, 5, 2, -2, -2, 1, -3, 5, -4, 1, -2, -6, -6, -1, 3, 6, 3, 6, -5, -2, -4, 2, -2, -1, 5, -4, 0, 4, -6, -6, 4, 1, -1, -4, 6, -6, 2, 6, -4, -4, -2, 3, 2, 0, 3, 3, 5, 1, -6, -5, -2, -2, 4, 4, 5, 1, 0, -4, 3, 3, -3, 1, 5, -4, -4, -2, -6, 5, 6, -5, 2, -1, 2, -3, 5, 1, -1, 6, -5, 4, -6, 6, -1, 2, -6, -2, -1, -6, -2, -6, 2, -3, 2, 6, -3, 5, -6, 2, -3, -2, 4, -6, -6, -3, -4, 3, 3, -1, 6]
 
0.204024308136: [6, -3, 4, 1, 0, -6, -3, -4, -5, 2, 0, 2, 3, 3, 1, 0, 5, -5, -4, 2, -2, -3, -2, 2, 1, 1, -3, -4, -1, -2, 3, 6, -2, -2, -5, 1, 3, -1, -2, -2, 5, -1, 3, 4, -4, -4, 4, 6, 0, 0, -5, 5, -4, 6, 4, 2, -5, -5, 6, 1, 0, -4, -4, -5, 3, -4, 0, -5, -5, 1, 6, -3, -3, 5, 4, 6, -4, -1, -5, 4, -6, -4, 1, 5, 0, -3, 3, 2, -6, 3, 1, -1, -2, -4, 1, -2, 5, 4, -6, 0, -6, 6, 3, 2, 1, -1, -4, -2, -2, -3, 0, 2, 3, -3, 6, -5, 6, 0, -4, 4, -6, -6, -3, 3, 6, 5, 6, 0]
 
1.48411637507: [6, 6, 0, -1, -3, 3, -5, 0, 3, 4, -1, 6, 5, 6, 3, 5, 4, 0, 4, 5, -6, -6, 1, 2, -6, -2, -1, -5, -5, 1, -1, 6, 0, 2, -5, 1, 1, 6, -3, -4, 5, -2, -4, 5, -4, -4, -3, -5, -3, -2, -5, 4, 0, 6, 4, 2, 1, 0, -6, 4, 0, 5, -2, 1, -6, -2, 3, -6, -6, 5, -4, -3, -5, -3, -3, 1, 2, 6, -2, 0, 0, -2, -5, -4, -2, -3, 6, -1, -3, 4, -6, 4, 5, 6, 4, 6, 5, -3, -6, 5, 3, 1, -2, -1, 2, -1, -6, 6, -6, 2, -3, -3, -5, -6, -1, -2, 2, 0, 3, 4, 4, -6, -3, -2, 6, 3, -6, 3]
 
2.5812454025673164: [6, -3, -3, 4, 0, -6, 6, -6, -5, 2, 3, 2, -2, -6, -3, 5, -6, 0, 5, 1, -6, 3, -2, 2, -3, -2, -2, -5, -4, 5, -5, 0, -6, 5, -5, 6, 1, -5, 1, -4, -1, -2, -1, 0, 2, -4, 1, 0, -6, 5, -5, 1, -4, 3, 0, -1, 6, 6, -4, -6, 6, -2, 0, 5, -6, -1, -2, -5, 2, -2, -2, 4, 4, 5, 1, -2, 1, 6, -2, 3, 1, 5, -4, -4, -2, -6, 6, 5, 4, -2, 1, 4, 3, 6, 4, -5, -3, -5, 4, -6, 6, -1, 2, -6, -2, -1, -6, -2, -3, 2, -3, 2, -3, 5, -3, 5, 2, -3, -2, 4, -6, 5, -3, -2, 4, 3, -1, 1]
 
1.3620931754008119: [6, -3, -3, -1, 2, -2, -3, -4, 2, -4, 3, -6, 4, 3, -5, 1, -6, 1, 4, -6, 5, 6, 3, -2, 1, 4, 5, -5, -4, 5, -6, 0, -2, -3, -4, 2, 1, 0, -3, -5, 2, 0, -3, 3, 0, 0, 4, -1, -6, 4, -5, -1, -4, 6, 4, 2, 6, -5, 3, -6, 2, -4, -6, 2, -3, 1, 3, -6, 6, -1, 5, -3, -4, 5, -4, 6, 0, -1, -5, -4, 2, -4, 2, -4, 1, 3, 3, 6, 1, 2, -1, 5, -5, 4, -4, -1, 5, 4, -2, -4, 5, -5, 6, 3, 4, -1, -6, -2, -6, 2, -3, 2, -3, 5, 5, -6, 2, -3, -2, 4, -6, -6, -3, -2, 4, 3, -1, 6]
 
2.7055918276269746: [6, -3, -3, 4, 0, -6, 6, -6, -5, 2, 3, 2, 4, 3, -5, 1, -4, 1, 4, -6, 5, 2, -2, -2, 1, -3, 5, -4, 1, -2, 5, -5, 4, -2, -1, -2, 1, 1, 3, -4, -4, 4, -6, 0, -2, 3, -5, -1, 2, -6, 0, -6, 1, 1, -6, 2, 6, -4, -4, -2, 3, 2, 0, 3, 3, 5, 1, -6, -5, -2, -2, 4, 4, 5, 1, 0, -4, 3, 3, -3, 1, 5, -4, -4, -2, -6, 5, 5, -6, 6, 1, -1, 3, 4, -2, -5, 5, 4, -6, -6, 4, -5, -3, 3, -2, -1, -6, -2, -4, 2, 2, 2, 3, -3, 5, -6, 1, -3, -2, 4, -6, -6, -3, -5, 3, 3, -1, 0]
 
1.2500225024329046: [-2, 3, -3, 5, 4, -6, 6, -6, -5, -5, -1, 6, -6, -6, 2, 6, 0, 2, 0, -5, 3, 1, 4, -2, 0, -3, 5, -4, -3, -2, 2, -3, 4, 2, -1, 5, -3, 1, -2, 5, 2, 0, -3, 4, -6, 5, 4, 2, -6, -2, 4, -5, -4, -2, 4, -6, -4, -5, -4, -6, -6, 0, 5, -6, 4, 1, -2, -6, 6, -1, 2, -5, -3, 4, -3, -2, 0, 6, -4, -1, 1, 0, -4, 1, -2, 6, 6, 5, -1, -2, 6, 4, 3, -4, 4, -5, -2, -1, 4, 5, 6, -1, 3, -6, -3, -3, 3, -3, -6, 2, -2, -5, -3, -1, -4, -6, -1, -3, -2, 4, -5, -6, -3, -2, 4, -3, 5, -3]
 
3.4564479082627404: [6, -3, -3, 4, 0, -6, 6, -6, -5, 2, 3, 2, 4, 3, -5, 1, -4, 1, 4, -6, 5, 2, -2, -2, 1, -3, 5, -4, 1, -2, 5, -5, 4, -2, -1, -2, 1, 1, 3, -4, -4, 4, -6, 0, -2, 3, -5, -1, 2, -6, 0, -6, 1, 1, 6, -4, -5, 5, -4, -1, 3, 4, 0, 3, 3, 5, 1, -6, 2, -2, -4, 0, 5, -4, 6, -5, -6, -1, -5, 4, 2, -4, 1, -3, 1, -5, 3, 6, -5, 2, -1, 2, -3, 5, 1, -1, 6, -5, 4, -6, 6, -1, 2, -6, -2, -1, -6, -2, -6, 2, -3, 2, -3, 5, 5, -6, 2, -3, -2, 4, -6, -6, -3, -2, 4, 3, -1, 6]
 
3.16119044605: [6, -3, -3, -1, 4, -6, -5, -2, 2, 3, -6, -4, -6, -6, -3, 5, 5, 0, 0, -2, 3, -4, -2, -2, 1, -3, 5, -4, -1, -2, 2, 2, -2, -2, -3, 5, 1, 1, -2, -5, 2, 0, -3, 3, 0, 0, 4, -1, -6, 4, -5, -1, -4, 6, 4, 2, 6, -5, -4, -6, 2, -4, 0, -6, -3, -5, 3, -6, 6, -2, 6, -3, -3, 5, -2, 6, -6, -1, -5, 4, 2, -4, 1, -3, 1, -5, 3, 5, -6, 6, 1, -1, 3, 4, -2, -5, 5, 4, -6, -6, 4, -5, -3, 3, -2, -1, -6, -2, -4, 2, 2, 2, 3, -3, 5, -6, 1, -3, -2, 4, -6, -6, -3, -5, 3, 3, -1, 0]
 
3.16551526295: [6, -3, -3, 4, 0, -6, 6, -3, -5, 2, 0, 2, -5, 3, -5, -6, 5, 0, 0, -2, 3, -4, -2, -2, 1, -3, 5, -4, -1, -2, 2, 2, -2, -2, -5, 2, 1, -5, -3, -4, 5, -2, -1, 5, -4, 0, 4, -1, -6, 4, -5, -1, -4, 6, 4, 2, 6, -5, -4, -6, 2, -4, 0, -6, -3, -5, 3, -3, -4, 3, -4, 0, 5, -4, 6, -5, -6, -1, -5, 4, 2, -4, 1, -3, 1, -5, 3, 6, -5, 2, -1, 2, -3, 5, 1, -1, 6, -5, 4, -6, 6, -1, 2, -6, -2, -1, -6, -2, -6, 2, -3, 2, -3, 5, 5, -6, 2, -3, -2, 4, -6, -6, -3, -2, 4, 3, -1, 6]
 
2.29362798262: [6, 4, 3, -1, 1, -5, 5, -2, 4, -4, 2, -6, -2, -6, -3, 5, -6, 0, 5, 1, -6, 3, -2, 2, -3, -2, -2, -5, -4, 5, -5, 0, -6, 5, -5, 6, 1, -5, 1, -4, -1, -2, -1, 0, 2, -4, 1, 0, -6, 5, -5, 1, -4, 3, 0, -1, 6, 6, -4, -6, 6, -2, 0, 5, -6, -1, -2, -5, 2, -2, -2, 4, 4, 5, 1, -2, 1, 6, -2, 3, 1, 5, -6, 6, -3, -5, 5, 6, 4, -2, 0, -3, 6, 6, 4, -4, -6, -2, 4, -6, 0, 3, 4, 1, -4, -1, -6, -2, -6, 2, -3, 2, -3, 5, 5, -6, 2, -3, -2, 4, -6, -6, -3, -2, 4, 3, -1, 6]
 
3.51176842362: [6, -3, -3, -1, 4, -6, -5, -2, 4, -4, 2, -6, -2, -6, -3, 5, -6, 0, 5, 1, -6, 3, -2, 2, -3, -2, -2, -5, -4, 5, -5, 0, -6, 5, -5, 6, 1, -5, 1, -4, -1, -2, -1, 0, 2, -4, 1, 0, -6, 5, -5, 1, -4, 3, 0, -1, 6, 6, -4, -6, 6, -2, 0, 5, -6, -1, -2, -5, -4, -5, 6, -3, -6, -4, 1, -5, 4, -1, -4, 4, -5, -4, -4, -4, -2, -6, 6, 5, 4, -2, 1, 4, 3, 6, 4, -5, -3, -5, 4, -6, 6, -1, 2, -6, -2, -1, -6, -2, -3, 2, -3, 2, -3, 5, -3, 5, 2, -3, -2, 4, -6, 5, -3, -2, 4, 3, -1, 1]
 
2.55305915528: [6, -3, -3, 4, 0, -6, 6, -6, -5, 2, 3, 2, 4, 3, -5, 1, -4, 1, 4, -6, 5, 2, -2, -2, 1, -3, 5, -4, 1, -2, 5, -5, 4, -2, -1, -2, 1, 1, 3, -4, -4, 4, -6, 0, -2, 3, -5, -1, 2, -6, 0, -6, 1, 1, -6, 2, 6, -4, -4, -2, 3, 2, 0, 3, 3, 5, 1, -6, -5, -2, -2, 4, 4, 5, 1, 0, -4, 3, 3, -3, 1, 5, -4, -4, -2, -6, 5, 5, -6, 6, 1, -1, 3, 4, -2, -5, 5, 4, -6, -6, 4, -5, -3, 3, -2, -1, -6, -2, -4, 2, 2, 2, 3, -3, 5, -6, 2, -3, -2, 4, -6, -6, -3, -2, 4, 3, -1, 6]
 
2.68874769578: [6, 4, 3, -1, 1, -5, 5, -2, 4, -4, 2, -6, -2, -6, -3, 5, -6, 0, 5, 1, -6, 3, -2, 2, -3, -2, -2, -5, -4, 5, -5, 0, -2, -3, -4, 2, 1, 0, -3, -5, 2, 0, -3, 3, 0, 0, 4, -1, -6, 4, -5, -1, -4, 6, 4, 2, 6, -5, -4, -6, 2, -4, 0, -6, -3, -5, 3, -3, -4, 3, -4, 0, 5, -4, 6, -5, -6, -1, -5, 4, 2, -4, 1, -3, 1, -5, 3, 6, -5, 2, -1, 2, -3, 5, 1, -1, 6, -5, 4, -6, 6, -1, 2, -6, -2, -1, -6, -2, -6, 2, -3, 2, -3, 5, 5, -6, 1, -3, -2, 4, -6, -6, -3, -5, 3, 3, -1, 0]
 
3.31480048005: [6, 4, 3, -1, 1, -5, 5, -2, 4, -4, 2, -6, -2, -6, -3, 5, -6, 0, 5, 1, -6, 3, -2, 2, -3, -2, -2, -5, -4, 5, -5, 0, -6, 5, -5, 6, 1, -5, 1, -4, -1, -2, -1, 0, 2, -4, 1, 0, -6, 5, -5, 1, -4, 3, 0, -1, 6, 6, -4, -6, 6, -2, 0, 5, -6, -1, -2, -5, 2, -2, -2, 4, 4, 5, 1, -2, 1, 6, -2, 3, 1, 5, -4, -4, -2, -6, 6, 5, 4, -2, 1, 4, 3, 6, 4, -5, -3, -5, 4, -6, 6, -1, 2, -6, -2, -1, -6, -2, -3, 2, -3, 2, -3, 5, 5, -6, 2, -3, -2, 4, -6, -6, -3, -2, 4, 3, 4, 3]
 
2.350987954: [6, -3, -3, -1, 4, -6, -5, -2, 2, 3, -6, -4, -6, -6, -3, 5, 5, 0, 0, -2, 3, -4, -2, -2, 1, -3, 5, -4, -1, -2, 2, 2, -2, -2, -3, 5, 1, 1, -2, -5, 2, 0, -3, 3, 0, 0, 4, -1, -6, 4, -5, -1, -4, 6, 4, 2, 6, -5, -4, -6, 2, -4, 0, -6, -3, -5, 3, -6, 6, -2, 6, -3, -3, 5, -2, 6, 1, 6, -2, 3, 1, 5, -4, -4, -2, -6, 6, 5, 4, -2, 1, 4, 3, 6, 4, -5, -3, -5, 4, -6, 6, -1, 2, -6, -2, -1, -6, -2, -6, 2, -3, 2, -3, 5, -3, 5, 2, -3, -2, 4, -6, 5, -3, -2, 4, 3, -1, 1]
 
2.08947514501: [6, -3, -3, -1, 4, -6, -5, -2, 2, 3, -6, -4, -6, -6, -3, 5, 5, 0, 0, -2, 3, -4, -2, -2, 1, -3, 5, -4, -1, -2, 2, 2, -2, -2, -3, 5, 1, 1, -2, -5, 2, 0, -3, 3, 0, 0, 4, -1, -6, 4, -5, -1, -4, 6, 4, 2, 6, -5, -4, -6, 2, -4, 0, -6, -3, -5, 3, -3, -4, 3, -4, 0, 5, -4, 6, -5, -6, -1, -5, 4, 2, -4, 1, -3, 1, -5, 3, 6, -5, 2, -1, 2, -3, 6, 4, -5, -3, -5, 4, -6, 6, -1, 2, -6, -2, -1, -6, -2, -3, 2, -3, 2, -3, 5, -3, 5, 2, -3, -2, 4, -6, 5, -3, -2, 4, 3, -1, 1]
 
3.22915622544: [6, 4, 3, -1, 1, -5, 5, -2, 4, -4, 2, -6, -2, -6, -3, 5, -6, 0, 5, 1, -6, 3, -2, 2, -3, -2, -2, -5, -4, 5, -5, 0, -6, 5, -5, 6, 1, -5, 1, -4, -1, -2, -1, 0, 2, -4, 1, 0, -6, 5, -5, 1, -4, 3, 0, -1, 6, 6, -4, -6, 6, -2, 0, 5, -6, -1, -2, -5, 2, -2, -2, 4, 4, 5, 1, -2, 1, 6, -5, -3, 1, 5, -4, -4, -2, -6, 5, 5, 4, 6, 1, 4, 3, 5, 1, -1, 6, -5, 4, -6, 6, -1, 2, -6, -2, -1, -6, -2, -6, 2, -3, 2, -3, 5, 5, -6, 2, -3, -2, 4, -6, -6, -3, -2, 4, 3, -1, 6]
 
0.404411017755: [3, 1, 0, -1, 1, 1, 5, 3, -2, -3, 2, 1, -2, 3, -1, -2, 4, 0, 5, -6, -6, 3, -2, -1, 5, 1, -6, -5, 6, 1, -5, 4, -6, -1, 3, 6, 1, -5, -6, 4, -4, 4, -2, 1, 3, -2, 1, -1, 6, 5, -2, -3, -4, -4, 4, -1, 6, 6, -4, 0, -4, 2, 5, 3, 3, 3, -4, 0, -3, -3, -2, 2, -4, -4, 1, 6, -4, -2, -6, -3, 6, 5, 5, 4, 4, 1, -4, 6, -6, 3, -2, -1, 6, 4, -2, 5, 5, 3, -2, -6, -3, -5, 1, 3, -2, -1, -6, -1, -4, 2, 2, 2, 5, -3, 5, -6, 4, 4, -2, 4, -6, 6, -3, 5, 4, 6, -1, 6]
 
2.18111942184: [6, -3, -3, 4, 0, -6, 6, -6, -5, 2, 3, 2, 4, 3, -5, 1, -4, 1, 4, -6, 5, 2, -2, -2, 1, -3, 5, -4, 1, -2, 5, -5, 4, -2, -1, -2, 1, 1, 3, -4, -4, 4, -6, 0, -2, 3, -5, -1, 2, -6, 0, -6, 1, 1, -6, 2, 6, -4, -4, -2, 6, -2, 0, 5, -6, -1, -2, -5, 2, -2, -2, 4, 4, 5, 1, -2, 1, 6, -5, -3, 1, 5, -4, -4, -2, -6, 5, 5, 4, 6, 1, 4, 3, 6, 4, -5, -3, -5, 4, -6, 6, -1, 2, -6, -2, -1, -6, -2, -6, 2, -3, 2, -3, 5, 5, -6, 2, -3, -2, 4, -6, -6, -3, -2, 4, 3, -1, 6]
 
3.09391574523: [6, -3, -3, -1, 4, -6, -5, -2, 2, 3, -6, -4, -6, -6, -3, 5, 5, 0, 0, -2, 3, -4, -2, 2, -3, -1, -6, -2, -1, -4, 5, -5, 4, -2, -1, -2, 1, 1, 3, -4, -4, 4, -6, 0, -2, 3, -5, -1, 2, -6, 0, -6, 1, 1, -6, 2, 6, -4, -4, -2, 3, 2, 0, 3, 3, 5, 1, -6, -5, -2, -2, 4, 4, 5, 1, 0, -4, 3, 3, -3, 1, 5, -4, -4, -2, -6, 5, 5, -6, 6, 1, -1, 3, 4, -2, -5, 5, 4, -6, -6, 4, -5, -3, 3, -2, -1, -6, -2, -4, 2, 2, 2, 3, -3, 5, -6, 2, -3, -2, 4, -6, -6, -3, -2, 4, 3, -1, 6]
 
3.46385562215: [6, -3, -3, 4, 0, -6, 6, -6, -5, 2, 3, 2, 4, 3, -5, 1, -4, 1, 4, -6, 5, 2, -2, -2, 1, -3, 5, -4, 1, -2, 5, -5, 4, -2, -1, -2, 1, 1, 3, -4, -4, 4, -6, 0, -2, 3, -5, -1, 2, -6, 0, -6, 1, 1, 6, -4, -5, 5, -4, -1, 3, 4, 0, 3, 3, 5, 1, -6, 2, -2, -4, 0, 5, -4, 6, -5, -6, -1, -5, 4, 2, -4, 1, -3, 1, -5, 3, 6, -5, 2, -1, 2, -3, 5, 1, -1, 6, -5, 4, -6, 6, -1, 2, -6, -2, -1, -6, -2, -6, 2, -3, 2, -3, 5, 5, -6, 2, -3, -2, 4, -6, -6, -3, -2, 4, 3, -1, 6]
 
2.96653430732: [6, 4, 3, -1, 1, -5, 5, -2, 4, -4, 2, -6, -2, -6, -3, 5, -6, 0, 5, 1, -6, 3, -2, 2, -3, -2, -2, -5, -4, 5, -5, 0, -6, 5, -5, 6, 1, -5, 1, -4, -1, -2, -1, 0, 2, -4, 1, 0, -6, 5, -5, 1, -4, 3, 0, -1, 6, 6, -4, -6, 6, -2, 0, 5, -6, -1, -2, -5, 2, -2, -2, 4, 4, 5, 1, -2, 1, 6, -5, -3, 1, 5, -4, -4, -2, -6, 5, 5, 4, 6, 1, 4, 3, 6, 4, -5, -3, -5, 4, -6, 6, -1, 2, -6, -2, -1, -6, -2, -6, 2, -3, 2, -3, 5, 5, -6, 2, -3, -2, 4, -6, -6, -3, -2, 4, 3, -1, 6]
 
3.0101308914: [6, 4, 3, -1, 1, -5, 5, -2, 4, -4, 2, -6, -2, -6, -3, 5, -6, 0, 5, 1, -6, 3, -2, 2, -3, -2, -2, -5, -4, 5, -5, 0, -2, -3, -4, 2, 1, 0, -3, -5, 2, 0, -3, 3, 0, 0, 4, -1, -6, 4, -5, -1, -4, 6, 4, 2, 6, -5, -4, -6, 2, -4, 0, -6, -3, -5, 3, -3, -4, 3, -4, 0, 5, -4, 6, -5, -6, -1, -5, 4, 2, -4, 1, -3, 1, -5, 3, 6, -5, 2, -1, 2, -3, 5, 1, -1, 6, -5, 4, -6, 6, -1, 2, -6, -2, -1, -6, -2, -6, 2, -3, 2, -3, 5, 5, -6, 2, -3, -2, 4, -6, -6, -3, -2, 4, 3, -1, 6]
 
2.86069581527: [6, -3, -3, 4, 0, -6, 6, -6, -5, 2, 3, 2, 4, 3, -5, 1, -4, 1, 4, -6, 5, 2, -2, -2, 1, -3, 5, -4, 1, -2, 5, -5, 4, -2, -1, -2, 1, 1, 3, -4, -4, 4, -6, 0, -2, 3, -5, -1, 2, -6, 0, -6, 1, 1, 6, -4, -5, 5, -4, -1, 3, 4, 0, 3, 3, 5, 1, -6, 2, -2, -4, 0, 5, -4, 6, -5, -6, -1, -5, 4, 2, -4, 1, -3, 1, -5, 3, 6, -5, 2, -1, 2, -3, 5, 1, -1, 6, -5, 4, -6, 6, -1, 2, -6, -2, -1, -6, -2, -6, 2, -3, 2, -3, 5, 5, -6, 2, -3, -2, 4, -5, -6, -3, -2, 4, -3, 5, -3]
 
1.01546855698: [-2, 3, -3, 5, 4, -6, 6, -6, -5, -5, -1, 6, -6, -6, 2, 6, 0, 2, 0, -5, 3, 1, 4, -2, 0, -3, 5, -4, -3, -2, 2, -3, 4, 2, -1, 5, -3, 1, -2, 5, 2, 0, -3, 4, -6, 5, 4, 2, -6, -2, 4, -5, -4, -2, 4, -6, -4, -5, -4, -6, -6, 0, 5, -6, 4, 1, -2, -6, 6, -1, 2, -5, -3, 4, -3, -2, 0, 6, -4, -1, 1, 0, -4, 1, -2, 6, 6, 5, -1, -2, 6, 4, 3, -4, 4, -5, -2, -1, 4, 5, 6, -1, 3, -6, -3, -3, 3, -3, -6, 2, -2, -5, -3, -1, -4, -6, -1, -3, -2, 4, -6, -6, -3, -2, 4, 3, -1, 6]
 
2.67263370597: [6, -3, -3, 4, 0, -6, 6, -6, -5, 2, 3, 2, 4, 3, -5, 1, -4, 1, 4, -6, 5, 2, -2, -2, 1, -3, 5, -4, 1, -2, 5, -5, 4, -2, -1, -2, 1, 1, 3, -4, -4, 4, -6, 0, -2, 3, 4, -1, -6, 4, -5, -1, -4, 6, 4, 2, 6, -5, -4, -6, 2, -4, 0, -6, -3, -5, 3, -3, -4, 3, -4, 0, 5, -4, 6, -5, -6, -1, -5, 4, 1, 5, -4, -4, -2, -6, 5, 5, -6, 6, 1, -1, 3, 4, -2, -5, 5, 4, -6, -6, 4, -5, -3, 3, -2, -1, -6, -2, -4, 2, 2, 2, 3, -3, 5, -6, 1, -3, -2, 4, -6, -6, -3, -5, 3, 3, -1, 0]
 
0.577029449695: [3, 3, -3, -1, 4, -6, -5, -2, 6, 3, -6, -4, 6, 5, -3, 5, -3, 0, 0, -2, 6, -4, -2, -3, -3, -3, -4, -2, -1, -4, -1, 4, -1, 3, -2, 3, 2, 4, -2, 4, 2, -2, -1, 5, 0, 0, -2, -6, -4, -1, 1, 0, -4, 6, 0, 2, 6, -4, -2, -2, 3, 2, 0, 3, -5, 5, 5, 0, -5, -2, -2, 4, -1, 5, 1, 0, -1, 3, 3, -3, 2, 1, 1, -3, -2, -5, -4, 6, -5, 2, -1, 2, 2, 5, 1, 2, 5, 4, -2, 2, -2, 6, -5, 3, -4, -1, -6, -2, -6, 2, 2, 6, -1, 5, 5, -6, 6, 1, -1, -3, 6, -6, -3, 4, -6, 3, -1, 6]
 
1.58102786604: [6, 2, 3, -1, -5, -5, 5, -2, 2, 3, -6, -4, -6, -6, -3, 5, 5, 0, 0, -2, 3, -4, 2, 2, -3, 2, -6, 6, 6, 1, 5, -5, 1, -2, -1, -1, 1, 1, 3, -4, -4, 4, -6, 0, -2, 5, -5, -4, 2, 2, 0, -6, -2, 1, 6, 2, -5, 5, -4, -1, 2, 4, 0, 3, -4, -6, -5, -6, -2, 5, -4, 0, 6, -4, 6, -2, -1, -1, -1, 4, 2, -6, 0, -4, -4, -5, -4, 6, 2, 2, -1, 2, -2, -2, 1, -1, -1, 3, 4, -6, -5, 0, -6, -6, 1, -1, -3, -2, -6, -1, 4, 2, -3, 5, 5, -6, 2, -3, -2, 4, -6, -6, -3, -2, 4, 3, -1, 6]
 
2.85591006198: [6, -3, -3, 4, 0, -6, 6, -3, -5, 2, 0, 2, -5, 3, -5, -6, 5, 0, 0, -2, 3, -4, -2, -2, 1, -3, 5, -4, -1, -2, 2, 2, -2, -2, -5, 2, 1, -5, -3, -4, 5, -2, -1, 5, -4, 0, 4, -1, -6, 4, -5, -1, -4, 6, 4, 2, 6, -5, -4, -6, 2, -4, 0, -6, -3, -5, 3, -3, -4, 3, -4, 0, 5, -4, 6, -5, -6, -1, -5, 4, 2, -4, 1, -3, 1, -5, 3, 6, -5, 2, -1, 2, -3, 5, 1, -1, 6, -5, 4, -6, 6, -1, 2, -6, -2, -1, -6, -2, -6, 2, -3, 2, -3, 5, 1, -6, 2, -3, -5, 0, -6, -6, -3, -2, 4, -2, -1, 4]
 
0.935651746034: [-2, 3, -3, 5, 4, -6, 6, -6, -5, -5, -1, 6, -6, -6, 2, 6, 0, 2, 0, -5, 3, 1, 4, -2, 0, -3, 5, -4, -3, -2, 2, -3, 4, 2, -1, 5, -3, 1, -2, 5, 2, 0, -3, 4, -6, 5, 4, 2, -6, -2, 4, -5, -4, -2, 4, -6, -4, -5, -4, -6, -6, 0, 5, -6, 4, 1, -2, -6, 6, -1, 2, -5, -3, 4, -3, -2, 0, 6, -4, -1, 1, 0, -4, 1, -2, 6, 6, 5, -1, -2, 6, 4, 3, -4, 4, -5, -2, -1, 4, 5, 6, -1, 3, -6, -3, -3, 3, -3, -6, 2, -2, -5, -3, -1, 5, -6, 1, -3, -2, 4, -6, -6, -3, -5, 3, 3, -1, 0]
 
1.75208355695: [6, -3, -3, -1, 4, -6, -5, -2, 2, 3, -6, -4, -6, -6, -3, 5, 5, 0, 0, -2, 3, -4, -2, 2, -3, -1, -6, -2, -1, -4, -6, -6, -1, 3, 6, 3, 6, -5, -2, -4, 2, -2, -1, 5, -4, 0, 4, -6, -6, 4, 1, -1, -4, 6, -6, 2, 6, -4, -4, -2, 3, 2, 0, 3, 3, 5, 1, -6, -5, -2, -2, 4, 4, 5, 1, 0, -4, 3, 3, -3, 1, 5, -4, -4, -2, -6, 5, 5, -6, 6, 1, -1, 3, 4, -2, -5, 5, 4, -6, -6, 4, -5, -3, 3, -2, -1, -6, -2, -4, 2, 2, 2, 3, -3, -4, -6, -1, -3, -2, 4, -5, -6, -3, -2, 4, -3, 5, -3]
 
1.47550352284: [6, 2, 3, -1, -5, -5, 5, -2, 2, 3, -6, -4, -6, -6, -3, 5, 5, 0, 0, -2, 3, -4, 2, 2, -3, 2, -6, 6, 6, 1, 5, -5, 1, -2, -1, -1, 1, 1, 3, -4, -4, 4, -6, 0, -2, 5, -5, -4, 2, 2, 0, -6, -2, 1, 6, 2, -5, 5, -4, -1, 2, 4, 0, 3, -4, -6, -5, -6, 2, -2, -4, 0, 5, -4, 6, -5, -6, -1, -5, 4, 2, -4, 1, -3, 1, -5, 3, 6, -5, 2, -1, 2, -3, 5, 1, -1, 6, -5, 4, -6, 6, -1, 2, -6, -2, -1, -6, -2, -4, 2, -3, 2, 6, -3, 5, -6, 2, -3, -2, 4, -6, -6, -3, -4, 3, 3, -1, 6]
 
2.59781066648: [6, -3, -3, 4, 0, -6, 6, -6, -5, 2, 3, 2, 4, 3, -5, 1, -4, 1, 4, -6, 5, 2, -2, -2, 1, -3, 5, -4, 1, -2, 5, -5, 4, -2, -1, -2, 1, 1, 3, -4, -4, 4, -6, 0, -2, 3, -5, -1, 2, -6, 0, -6, 1, 1, 6, -4, -5, 5, -4, -1, 3, 4, 0, 3, 3, 5, 1, -6, -2, 5, -4, 0, 6, -4, 6, -2, -1, -1, -1, 4, 2, -6, 0, -4, -4, -5, -4, 6, 2, 2, -1, 2, -2, -2, 1, -1, -1, 3, 4, -6, -5, 0, -6, -6, 1, -1, -3, -2, -6, -1, 4, 2, -3, 5, 5, -6, 2, -3, -2, 4, -6, -6, -3, -2, 4, 3, -1, 6]
 
2.9201521153: [6, -4, -1, -1, 1, 3, 5, 0, 4, 6, 2, -6, -2, 0, 3, 5, 4, 0, 4, 1, -6, 3, -2, 2, -3, -2, -2, -5, -4, 5, -5, 0, -2, -3, -4, 2, 1, 0, -3, -5, 2, 0, -3, 3, 0, 0, 4, -1, -6, 4, -5, -1, -4, 6, 4, 2, 6, -5, -4, -6, 2, -4, 0, -6, -3, -5, 3, -3, -4, 3, -4, 0, 5, -4, 6, -5, -6, -1, -5, 4, 2, -4, 1, -3, 1, -5, 3, 6, -5, 2, -1, 2, -3, 5, 1, -1, 6, -5, 4, -6, 6, -1, 2, -6, -2, -1, -6, -2, -6, 2, -3, 2, -3, 5, 5, -6, 2, -3, -2, 4, -6, -6, -3, -2, 4, 3, -1, 6]
 
2.68946032615: [6, 4, 3, -1, 1, -5, 5, -2, 4, -4, 2, -6, -2, -6, -3, 5, -6, 0, 5, 1, -6, 3, -2, 2, -3, -2, -2, -5, -4, 5, -6, 0, -2, -3, -4, 2, 1, 0, -3, -5, 2, 0, -3, 3, 0, 0, 4, -1, -6, 4, -5, -1, -4, 6, 4, 2, 6, -5, -4, -6, 2, -4, 0, -6, -3, -5, 3, -3, -4, 3, -4, 0, 5, -4, 6, -5, -6, -1, -5, 4, 2, -4, 1, -4, -2, -6, 6, 5, 4, -2, 1, 4, 3, 6, 4, -5, -3, -5, 4, -6, 6, -1, 2, -6, -2, -1, -6, -2, -6, 2, -3, 2, -3, 5, 5, -6, 2, -3, -2, 4, -6, -6, -3, -2, 4, 3, -1, 6]
 
2.23988740224: [6, 4, 3, -1, 1, -5, 5, -2, 4, -4, 2, -6, -2, -6, -3, 5, -6, 0, 5, 1, -6, 3, -2, 2, -3, -2, -2, -5, -4, 5, -5, 0, -6, 5, -5, 6, 1, -5, 1, -5, -4, 0, -3, -1, 5, 0, -5, -1, -6, 1, 2, -4, 5, 6, -5, 2, 6, -5, -4, -6, 6, -4, 0, -1, -3, 6, 1, -6, -4, -5, 6, 4, -6, 6, 1, -5, 1, 6, -5, -3, 1, 5, -4, -4, -2, -6, 5, 5, 4, 6, 1, 4, 3, 6, 4, -5, -3, -5, 4, -6, 6, -1, 2, -6, -2, -1, -6, -2, -3, 2, -3, 2, -3, 5, -3, 5, 2, -3, -2, 4, -6, 5, -3, -2, 4, 3, -1, 1]
 
0.349526430289: [6, 2, 3, 6, 1, -5, 5, -1, 4, -4, -6, -6, -2, -6, -3, -4, -4, 0, 5, 1, -6, 1, -2, 3, -3, 4, 4, -5, 6, 3, -5, 0, -1, 5, -5, 6, 5, -6, 1, 2, 2, -2, -1, -5, -5, -4, 5, 3, -6, 5, -5, 3, 3, 3, 0, -3, 6, 6, -2, -6, -6, -2, 0, 4, -2, -1, 6, 3, 3, -2, -2, -1, 4, 5, 1, -2, 4, 0, -6, 4, -5, -1, -6, 3, -3, -5, -1, -5, 4, 2, 0, -3, 6, -3, -3, 4, -1, -2, -4, -6, 0, 0, -4, 1, -1, -3, 6, -5, -1, -5, -3, -3, -2, 5, -3, -2, 6, -2, 2, 4, 5, 0, -3, -6, -1, 3, -1, 1]
 
0.622923965828: [-3, 2, 3, -1, -5, -5, 1, -6, 2, 3, -6, -3, -6, -4, 2, 2, 5, 0, 5, -2, -5, -2, -2, -2, 1, -3, -4, 4, -2, -1, 4, -6, -1, -4, -3, 3, 5, 1, 3, -4, -2, 3, -6, 3, -2, 3, -5, -1, 2, 5, 1, -6, -4, -3, -6, 2, 6, 3, -4, -1, 4, 2, -4, -1, 3, 5, 4, 3, -5, 2, -2, 4, 4, 5, 1, 0, -2, -1, 5, -3, 6, 5, -4, -4, -2, -6, 5, 3, -6, 1, 1, -1, 3, 1, -3, -5, 5, -2, -6, 2, 4, -5, -3, 3, -2, -1, -6, -6, -4, 2, 2, 2, 3, -3, 5, -6, -6, -3, -4, -2, -6, -6, -1, -5, 3, 3, 2, 0]
 
1.77565591684: [6, -3, 3, -4, -1, -6, 6, -6, -4, 2, 3, 2, 4, 3, 3, 1, -4, 1, 4, -6, -6, 2, 2, 2, -3, 2, -6, 4, 6, 2, -1, -5, 1, -2, -1, 3, 1, 1, 3, -4, -3, 4, -6, 1, -2, 5, -5, -4, 2, 2, 6, 4, -2, -2, 4, -6, -3, 5, -4, -1, -4, -5, 2, 3, -4, -6, -4, -6, -3, 5, -4, 0, 6, -4, 6, -5, -1, 4, -1, -3, 2, 5, -4, -2, -6, -5, -4, 6, -4, 2, 4, 2, -2, 1, 5, -1, -1, 1, 4, -2, 6, -6, -6, -5, 3, -1, -3, 0, -1, -1, -5, 2, -3, 6, 4, -1, 2, -2, -2, 4, -6, 5, -3, -2, 4, 1, 5, -6]
 
