2.9664592474250906: [6, -3, -4, 3, -4, -6, 5, -2, 5, -4, -2, 1, -3, 4, 0, 1, 3, 2, 0, 4, -1, -6, 1, 6, -2, 4, 6, -1, -5, 5, 5, 0, -6, -5, 6, -2, -6, -1, 4, 5, -4, 4, -3, 5, 4, 0, -6, -1, -5, 6, 4, -1, -4, 6, -2, 6, -6, -4, 5, -2, -3, -2, 0, 5, -6, -6, -4, -6, -6, 4, -5, -2, -2, 4, 2, 1, -3, 4, -3, 4, 6, -3, 3, -6, 3, 4, -3, 2, 3, 0, 5, 5, 3, 0, 6, -4, 2, -1, -6, 1, -4, -6, 2, -1, -6, -2, -6, 6, 4, -3, 4, 1, 0, 4, 6, -1, -1, -5, 6, 4, -1, 5, 5, -6, 4, -6, 6, 4]
 
1.9515596881181045: [-3, -6, 6, 1, -1, 0, -2, 2, 2, -4, -2, 1, -3, -4, 4, 4, -2, 2, 2, -4, 3, 4, -1, 6, -2, -6, 2, -1, -1, 5, 5, 0, -6, 6, -1, -2, 5, -4, 3, -2, -6, 4, 0, -6, -5, 0, -1, 1, 1, 6, -1, -1, -4, 3, 3, -3, -6, -4, 5, -2, -3, -2, 0, 5, -6, -6, -4, -2, -4, -1, 6, 5, 5, -4, 5, -5, -4, 3, -4, -2, 1, -3, -4, 0, 1, -3, 5, 2, -1, 5, -3, 6, 2, 6, -2, -2, -2, -1, -6, -4, -4, 1, -4, 5, -2, 6, -2, 3, -6, 3, 4, 1, 0, 4, 6, -1, -1, -5, 6, 4, -1, 5, 5, -6, 4, -6, 6, 4]
 
2.4285726711300595: [-3, -6, 6, 1, -1, -6, -2, 2, 1, -4, -2, 1, -3, -4, 4, 4, 3, 2, 0, 4, 1, 0, 1, 6, -2, -4, 6, -1, -5, 5, 5, 0, -6, -5, 6, -2, -6, -1, 4, 5, -4, 4, -3, 5, 4, 0, -6, -1, -5, 6, 4, -1, -4, 6, -2, 6, -6, -4, 5, -2, -3, -2, 0, 5, -6, -6, -4, -6, -6, 4, -5, -2, -2, 4, 2, 1, -3, 4, -3, 4, 6, -3, 3, -6, 3, 4, -3, 2, 3, 0, 5, 5, 3, 0, 6, -4, 2, -1, -6, 1, -4, 1, -4, 5, -2, 6, -2, 3, -6, 3, 4, 1, 0, 4, 6, -1, -1, -5, 6, 4, -1, 5, 5, -6, 4, -6, 6, 4]
 
2.7170653884030718: [6, -3, -4, -2, -4, -5, 3, 2, 5, -4, 3, 1, -3, 4, 0, 1, 3, 2, 0, -1, 3, 4, -1, 6, -2, -4, 6, -1, -5, 5, 5, 0, -6, -5, 6, -2, -4, -4, 6, 2, -6, 4, -3, 5, 4, 0, 6, 6, -5, 6, 4, -1, -4, 6, -2, 6, -6, -4, 5, -2, -3, -2, 0, 5, -6, -6, -4, -6, -6, 4, -5, -2, -2, 4, 2, 1, -3, 4, -3, 4, 6, -3, 3, -6, 3, 4, -3, 2, 3, 0, 5, 5, 3, 0, 6, -4, 2, -1, -6, 1, -4, -6, 2, -1, -6, -2, -6, 6, 4, -3, 4, 1, 0, 4, 6, -1, -1, -5, 6, 4, -1, 5, 5, -6, 4, -6, 6, 4]
 
1.6615208721039227: [-3, -6, 6, 1, -1, 0, -2, 2, 2, -4, -2, 1, -3, -4, 4, 4, -2, 2, 2, -4, 3, 4, -1, 6, -2, -6, 2, -1, -1, 5, 5, 0, -6, 6, 6, -2, 5, -2, 6, 5, -4, 4, 0, -3, -1, 0, 2, 4, 1, -5, 6, -1, -4, 3, -6, 1, 0, -4, 5, 4, -6, 4, 5, 6, -6, -6, -4, -6, -4, -1, 6, -1, 5, -4, 5, -5, -4, 3, 6, -2, 1, -3, -4, 0, 4, -3, 5, 0, -6, 3, -2, 4, 2, 6, -2, -2, -2, 5, -3, -4, -4, 1, -4, -5, -3, -1, 1, 3, 4, 6, -1, 1, 0, 3, 6, -1, 6, -5, 4, -6, -5, -5, 3, 6, 0, -6, -6, 6]
 
1.9690849039124332: [-3, -6, 6, 1, -1, 0, -2, 2, 2, -4, -2, 1, -3, -4, 4, 4, -2, 2, 2, -4, 3, 4, -1, 6, -2, -6, 2, -1, -1, 5, 5, 0, -6, 6, -1, -2, 5, -4, 3, -2, -6, 4, 0, -6, -5, 0, -1, 1, 1, 6, -1, -1, -4, 3, 3, -3, -6, -4, 5, -2, -3, -2, 0, 5, -6, -6, -4, -2, -4, -1, 6, 5, 5, -4, 5, -5, -4, 3, -4, -2, 1, -3, -4, 0, 1, -3, 5, 2, -1, 5, -3, 6, 2, 6, -2, -2, -2, -1, -6, -4, -4, 1, -4, 5, -6, -2, -6, 2, -6, 3, 4, 4, 4, 4, 6, -1, -1, -5, 6, -1, -5, 5, 5, -6, 4, -6, -5, 4]
 
1.9433263940394787: [-3, -6, 6, 1, -1, -6, -2, 2, 1, -4, -2, 1, -3, -4, 4, 4, 3, 2, 0, 4, 1, 0, 1, 6, -2, -4, 6, -1, -5, 5, 5, 0, -6, -5, 6, -2, -4, -4, 6, 2, -6, 4, -3, 5, 4, 0, 6, 6, -5, 6, 4, -1, -4, 6, -2, 6, -6, -4, 5, -2, -3, -2, 0, 5, -6, -6, -4, -6, -6, 4, -5, -2, -2, 4, 2, 1, -3, 4, -3, 4, 0, 6, 1, -6, 3, 1, 2, -4, -6, -6, -3, 4, -3, -6, 6, -3, 2, 4, -6, -3, -1, 1, 2, -2, -6, -2, -6, 2, -6, 3, 4, 4, 4, 4, 6, -1, -1, -5, 6, -1, -5, 5, 5, -6, 4, -6, -5, 4]
 
2.8768533929012152: [-3, -6, 6, 1, -1, -6, -2, 2, 1, -4, -2, 1, -3, -4, 4, 4, 3, 2, 0, 4, 1, 0, 1, 6, -2, -4, 6, -1, -5, 5, 5, 0, -6, -5, 6, -2, -4, -4, 6, 2, -6, 4, -3, 5, 4, 0, 6, 6, -5, 6, 4, -1, -4, 6, -2, 6, -6, -4, 5, -2, -3, -2, 0, 5, -6, -6, -4, -6, -6, 4, -5, -2, -2, 4, 2, 1, -3, 4, -3, 4, 6, -3, 3, -6, 3, 4, -3, 2, 3, 0, 5, 5, 3, 0, 6, -4, 2, -1, -6, 1, -4, -6, 2, -1, -6, -2, -6, 6, 4, -3, 4, 1, 0, 4, 6, -1, -1, -5, 6, 4, -1, 5, 5, -6, 4, -6, 6, 4]
 
2.819520498721615: [-3, -6, 6, 1, -1, 0, -2, 2, 2, -4, -2, 1, -3, -4, 4, 4, 3, 2, 0, -1, 3, 4, -1, 6, -2, -4, 6, -1, -5, 5, 5, 0, -6, -5, 6, -2, -6, -1, 4, 5, -4, 4, -3, 5, 4, 0, -6, -1, -5, 6, 4, -1, -4, 6, -2, 6, -6, -4, 5, -2, -3, -2, 0, 5, -6, -6, -4, -6, -6, 4, -5, -2, -2, 4, 2, 1, -3, 4, -3, 4, 6, -3, 3, -6, 3, 4, -3, 2, 3, 0, 5, 5, 3, 0, 6, -4, 2, -1, -6, 1, -4, -6, 2, -1, -6, -2, -6, 6, 4, -3, 4, 1, 0, 4, 6, -1, -1, -5, 6, 4, -1, 5, 5, -6, 4, -6, 6, 4]
 
2.269688618080897: [-3, -6, 6, 1, -1, 0, -2, 2, 2, -4, -2, 1, -3, -4, 4, 4, -2, 2, 2, -4, 3, 4, -1, 6, -2, -6, 2, -1, -1, 5, 5, 0, -6, 6, -1, -2, 5, -4, 3, -2, -6, 4, 0, -6, -5, 0, -1, 1, 1, 6, -1, -1, -4, 3, 3, -3, -6, -4, 5, -2, -3, -2, 0, 5, -6, -6, -4, -2, -4, -1, 6, 5, 5, -4, 5, -5, -4, 3, 6, -2, 1, -3, -4, 0, 1, -3, 5, -4, -6, 5, -3, 4, 5, -6, 3, -2, -6, -1, -5, 1, 5, -2, 5, -6, -6, -2, -6, -2, 2, -1, -5, -5, 1, 5, 0, 6, -1, 3, -4, 3, -6, -2, 3, 4, 2, 4, 2, -2]
 
0.775913250276: [6, -3, -4, -2, -2, -5, 5, -2, 3, -4, -2, 1, 2, 4, 0, 1, 3, 2, 3, 1, -1, -6, 1, 3, -2, 4, 6, 4, -3, 5, -5, -4, -6, -5, 0, -2, 2, -1, 4, 4, -4, 4, 6, 5, 4, 0, -6, -3, 0, -2, 4, -1, -4, 6, -2, 0, -6, -4, -4, -2, -1, 0, 2, 5, -4, -6, -4, -6, -6, 4, -5, -2, -5, 4, 2, 2, 1, -4, -3, 3, 2, -2, 3, 0, 3, 4, 5, 4, 3, 0, 4, 5, -2, 1, 6, 4, -5, -1, -6, 1, 0, 4, -2, -1, -3, -4, 1, 3, -6, 3, -1, -1, 1, 1, 5, 3, -1, -6, 6, 4, -5, 5, 5, -6, 4, -2, -5, -4]
 
2.2669627258595555: [-3, -6, 6, 1, -1, -6, -2, 2, 1, -4, -2, 1, -3, 4, 0, 1, 3, 2, 0, 4, -1, -6, 1, 6, -2, 5, 6, -1, -5, 5, 5, 0, -6, -5, 6, -2, 5, -4, 6, 5, -4, 4, -3, 5, 4, 0, 6, -3, -5, 6, 4, -1, -4, 3, -2, 6, -6, -4, 5, -2, -3, -2, 0, 5, -6, -6, -4, -2, -4, -1, 6, 5, 5, -4, 5, -5, -4, 3, -4, -2, 1, -3, -4, 0, 1, -3, 5, 2, -1, 5, -3, 6, 2, 6, -2, -2, -2, -1, -6, -4, -4, 1, -4, 5, -3, 3, 2, 6, -2, -3, -3, 1, 0, 4, 6, -4, -1, -4, 6, 1, -1, 5, 5, -6, 5, -1, 6, -6]
 
1.6960492578709392: [3, -3, 6, -6, 0, -1, 2, 2, 5, -1, 4, 1, 6, 4, 0, 1, -2, -1, -3, -4, -1, -6, -6, 6, -2, 4, 6, 2, -1, 5, -6, 0, -6, 3, -1, -2, 5, -4, 2, -2, 0, -2, 0, -6, -5, 0, -1, 1, 1, 6, 0, -1, -3, 3, 3, -3, -6, -4, 5, -2, -3, 4, -3, 5, -6, 6, -4, -6, -4, -1, 6, 5, 5, 3, 5, -5, -4, 3, 4, -2, 1, -3, -6, 0, 1, -3, 5, -4, -6, 1, -3, -6, 5, -6, 6, -4, 2, -1, -6, 1, -4, -6, 2, -1, -6, -2, -6, 6, 4, -3, 4, 1, 0, 4, 6, -1, -1, -5, 6, 4, -1, 5, 5, -6, 4, -6, -5, 4]
 
2.0149542921036057: [6, -3, -4, -2, -4, -5, 3, 2, 5, -4, 3, 1, -3, 4, 0, 1, 3, 2, 0, -1, 3, 4, -1, 6, -2, -4, 6, -1, -5, 5, 5, 0, -6, -5, 6, -2, -6, -1, 4, 5, -4, 4, -3, 5, 4, 0, -6, -1, -5, 6, 4, -1, -4, 6, -2, 6, -6, -4, 5, -2, -3, -2, 0, 5, -6, -6, -4, -6, -6, 4, -5, -2, -2, 4, 2, 1, -3, 4, -3, 4, 0, 6, 1, -6, 3, 1, 2, -4, -6, -6, -3, 4, -3, -6, 6, -3, 2, 4, -6, -3, -1, 1, 2, -2, -6, -2, -6, 2, -6, 3, 4, 4, 4, 4, 6, -1, -1, -5, 6, 4, -1, 5, 5, -6, 4, -6, 6, 4]
 
2.845485934725135: [-3, -6, 6, 1, -1, -6, -2, 2, 1, -4, -2, 1, -3, -4, 4, 4, 3, 2, 0, 4, 1, 0, 1, 6, -2, -4, 6, -1, -5, 5, 5, 0, -6, -5, 6, -2, -6, -1, 4, 5, -4, 4, -3, 5, 4, 0, -6, -1, -5, 6, 4, -1, -4, 6, -2, 6, -6, -4, 5, -2, -3, -2, 0, 5, -6, -6, -4, -6, -6, 4, -5, -2, -2, 4, 2, 1, -3, 4, -3, 4, 6, -3, 3, -6, 3, 4, -3, 2, 3, 0, 5, 5, 3, 0, 6, -4, 2, -1, -6, 1, -4, -6, 2, -1, -6, -2, -6, 6, 4, -3, 4, 1, 0, 4, 6, -1, -1, -5, 6, 4, -1, 5, 5, -6, 4, -6, 6, 4]
 
1.4346953487373224: [6, -3, 6, 1, -1, -6, -2, 2, 1, -4, -2, 1, -3, -4, 4, 4, 3, 2, 2, -4, 3, 4, -1, 6, 4, -5, 1, 1, 2, 4, 5, 1, -6, 5, 1, 1, 5, 1, 3, -2, 6, 0, 0, -2, -4, 1, -1, -3, -5, 6, 4, -1, -6, 3, -2, 6, -6, -4, 5, -3, -3, 4, 0, 5, -6, 3, 0, -2, -4, -1, -4, 5, 5, -4, 5, 0, -5, 3, 4, -2, 1, -3, -4, 0, 1, -3, 5, -4, -6, 5, -3, 4, 2, 6, -2, -2, -2, -1, -6, -4, -4, 1, -4, 5, -3, -6, 1, 3, -6, 3, 4, 4, 1, 4, 6, -1, -1, -5, 6, 4, -1, 5, 5, -6, 4, -6, 6, 4]
 
1.7964208353112938: [-3, -6, 6, 1, -1, -6, -2, 2, 1, -4, -2, 1, -3, -4, 4, 4, 3, 2, 0, 4, 1, 0, 1, 6, -2, -4, 6, -1, -5, 5, 5, 0, -6, -5, 6, -2, -4, -4, 6, 2, -6, 4, -3, 5, 4, 0, 6, 6, -5, 6, 4, -1, -4, 3, -2, -5, -6, -6, 5, -2, 4, -2, -6, 5, -6, -3, -4, -2, -4, -1, 6, 5, 5, -4, 5, -5, -4, 3, -4, -2, 1, -3, -4, 0, 1, -3, 5, 2, -1, 5, -3, 6, 2, 6, -2, -2, -2, -1, -6, -4, -4, 1, -4, 5, -2, 6, -2, 3, -6, 3, 4, -1, 1, 4, 6, -1, -1, -5, 6, 4, -1, -2, -5, -6, 4, -6, 6, 4]
 
2.1288298289531977: [6, -3, -4, -2, -4, -5, 3, 2, 5, -4, 3, 1, -3, 4, 0, 1, -2, 2, 2, -4, 3, 4, -1, 6, -2, -6, 2, -1, -1, 5, 5, 0, -6, 6, -1, -2, 5, -4, 3, -2, -6, 4, 0, -6, -5, 0, -1, 1, 1, 6, -1, -1, -4, 3, 3, -3, -6, -4, 5, -2, -3, -2, 0, 5, -6, -6, -4, -2, -4, -1, 6, 5, 5, -4, 5, -5, -4, 3, 6, -2, 1, -3, -4, 0, 1, -3, 5, -4, -6, 5, -3, 4, 5, -6, 6, -4, 2, -1, -6, 1, -4, -6, 2, -1, -6, -2, -6, 6, 4, -3, 4, 1, 4, 4, 6, -1, -1, -4, 6, 1, -1, 5, 5, -6, 5, -1, 6, -6]
 
1.36245925563: [5, -3, -4, 1, 3, 3, 3, 4, -2, -3, 0, 1, -3, 1, 0, 3, -1, 2, 0, 4, -3, 4, -5, -1, -2, 0, 3, -1, -3, 5, 3, 3, -6, -2, 0, 1, -6, -2, 4, 5, -4, -1, -3, 5, 2, -5, -4, -1, -5, 5, 4, -1, -4, 6, 5, 6, -6, -4, 2, 1, -3, -2, 3, 5, -1, -6, -1, -6, -6, 4, -5, -2, -6, 4, 3, -2, -3, 1, -3, 4, 6, -3, 4, -6, 3, 4, -3, 2, -1, 0, 5, 3, 5, 0, 6, 0, 2, -1, -6, 1, -6, -2, 2, -1, -6, -2, -6, 2, 1, -6, 4, -4, 0, 4, -3, -1, -1, -4, 6, 4, -1, -1, 5, -6, -4, -6, 6, 4]
 
3.5961919924554184: [-3, -6, 6, 1, -1, -6, -2, 2, 1, -4, -2, 1, -3, -4, 4, 4, 3, 2, 0, 4, 1, 0, 1, 6, -2, -4, 6, -1, -5, 5, 5, 0, -6, -5, 6, -2, -6, -1, 4, 5, -4, 4, -3, 5, 4, 0, -6, -1, -5, 6, 4, -1, -4, 6, -2, 6, -6, -4, 5, -2, -3, -2, 0, 5, -6, -6, -4, -6, -6, 4, -5, -2, -2, 4, 2, 1, -3, 4, -3, 4, 6, -3, 3, -6, 3, 4, -3, 2, 3, 0, 5, 5, 3, 0, 6, -4, 2, -1, -6, 1, -4, -6, 2, -1, -6, -2, -6, 6, -2, -3, -3, 1, 0, 4, 6, -4, -1, -4, 6, 1, -1, 5, 5, -6, 5, -1, 6, -6]
 
0.463674772747: [6, -3, -4, -2, 3, -5, 3, 2, 5, -4, 3, 1, 4, 6, -1, -6, 3, 2, 0, -1, 3, 3, -1, 6, -2, -4, 3, 1, 2, 4, -2, 0, -6, 5, 1, 5, -6, -4, -1, -2, 2, 5, 2, -2, 4, 1, -4, -3, -5, 0, 4, -2, -1, 3, 1, -1, -5, -4, 5, -2, -3, -1, 0, 5, -3, -1, 0, -2, -4, -1, 6, 5, 5, -1, 5, -5, 3, 3, -4, -2, 1, -3, -4, 0, 4, -3, 5, 2, -1, 5, -6, 6, 2, 6, -2, -2, 5, -1, -6, -3, -4, 1, 0, 5, -2, 6, 3, 0, 0, 6, 4, -1, 1, 4, 6, -1, -1, -5, 6, 4, -1, -2, -5, -6, 4, -6, 6, -4]
 
2.227855440737782: [6, -3, -4, 3, -4, -6, 5, 2, 2, -4, -2, 1, -3, -4, 4, 4, -2, 2, 2, -4, 3, 4, -1, 6, -2, -6, 2, -1, -5, 5, 5, 0, -6, -5, 6, -2, -4, -4, 6, 2, -6, 4, -3, 5, 4, 0, 6, 6, -5, 6, 4, -1, -4, 3, -2, 6, -6, -4, 5, -2, -3, -2, 0, 5, -6, -6, -4, -2, -4, -1, 6, 5, 5, -4, 5, -5, -4, 3, -4, -2, 1, -3, -4, 0, 1, -3, 5, 2, -1, 5, -3, 6, 2, 6, -2, -2, -2, -1, -6, -4, -4, 1, -4, 5, -2, 6, -2, 3, -6, 3, 4, -1, 1, 4, 6, -1, -1, -5, 6, 4, -1, -2, -5, -6, 4, -6, 6, 4]
 
0.6173619724039866: [6, -3, -4, -2, -4, -5, 3, 2, 5, -4, 3, 1, -3, 4, 0, 1, 3, 2, 0, -1, 3, 4, -1, 6, -2, -4, 3, 1, 2, 4, 5, 1, -6, 5, 1, 5, 5, 1, 3, -2, 6, -5, 0, -2, -3, 1, 1, -3, -5, 0, 4, -2, -4, 3, 1, 6, -5, -4, 5, -2, -3, -1, 0, 5, 1, -1, 0, -2, -4, -1, 6, 5, 5, -4, 5, -5, -4, 3, -4, -2, 1, -3, -4, 0, 1, -3, 5, -4, -6, 5, -3, 4, 2, 6, -2, -2, -2, -1, -6, -4, -4, 1, -4, 5, -3, -6, 1, 3, -6, 3, 4, 4, 1, 4, 6, -1, -1, -5, 6, 4, -1, 5, 5, -6, 4, -6, 6, 4]
 
3.0445694308971003: [-3, -6, 6, 1, -4, -6, 5, -2, 5, -4, -2, 1, -3, 4, 0, 4, -2, 2, 2, -4, 3, 4, 4, 6, -2, 1, 2, 5, -1, -4, 5, 0, -6, -5, 6, -2, -6, -1, 4, 5, -4, 4, -3, 5, 4, 0, -6, -1, -5, 6, 4, -1, -4, 6, -2, 6, -6, -4, 5, -2, -3, -2, 0, 5, -6, -6, -4, -6, -6, 4, -5, -2, -2, 4, 2, 1, -3, 4, -3, 4, 6, -3, 3, -6, 3, 4, -3, 2, 3, 0, 5, 5, 3, 0, 3, -2, -6, -1, -5, 1, 5, -2, 5, -6, -6, -2, -6, -2, 2, -1, -5, -5, 1, 5, 0, 6, -1, 3, -4, 3, -6, -2, 3, 4, 2, 4, 2, -2]
 
1.685629638313447: [6, -3, 6, 1, -1, -6, -2, 2, 1, -4, -2, 1, -3, -4, 4, 4, 3, 2, 2, -4, 3, 4, -1, 6, 4, -5, 1, 1, 2, 4, 5, 1, -6, 5, 1, 1, 5, 1, 3, -2, 6, 0, 0, -2, -4, 1, -1, -3, -5, 6, 4, -1, -6, 3, -2, 6, -6, -4, 5, -3, -3, 4, 0, 5, -6, 3, 0, -2, -4, -1, -4, 5, 5, -4, 5, 0, -5, 3, 4, -2, 1, -3, -4, 0, 1, -3, 5, -4, -6, 5, -3, 4, 2, 6, -2, -2, -2, -1, -6, -4, -4, 1, 0, -1, 4, 6, -2, 3, -6, 3, 4, -1, 4, 4, 6, -1, -6, -5, 6, 4, -1, -2, 4, -6, 4, -6, 6, 4]
 
1.9291566334214183: [6, -3, -4, -2, -4, -5, 3, 2, 5, -4, 3, 1, -3, 4, 0, 1, 3, 2, 0, -1, 3, 4, -1, 6, -2, -4, 6, -1, -5, 5, 5, 0, -6, -5, 6, -2, -6, -1, 4, 5, -4, 4, -3, 5, 4, 0, -6, -1, -5, 6, 4, -1, -4, 6, -2, 6, -6, -4, 5, -2, -3, -2, 0, 5, -6, -6, -4, -6, -6, 4, -5, -2, -2, 4, 2, 1, -3, 4, -3, 4, 0, 6, 1, -6, 3, 1, 2, -4, -6, -6, -3, 4, -3, -6, 6, -3, 2, 4, -6, -3, -1, 1, 2, -2, -6, -2, -6, 2, -6, 3, 4, 4, 4, 4, 6, -1, -1, -5, 6, -1, -5, 5, 5, -6, 4, -6, -5, 4]
 
1.3629246359607212: [-3, 6, -4, 4, -3, -3, 5, 2, -4, -4, 2, -3, -3, -4, 5, 4, -2, 5, 0, -3, -5, 5, 3, 6, -2, 6, 2, 0, 5, -1, 4, 6, -6, 6, 2, -5, -6, -3, 3, -6, 4, 2, 0, 4, -5, -6, -1, -3, 1, -6, 5, -1, -4, 3, 3, -3, -3, -4, 5, 6, -2, -2, 5, 5, -2, -2, 5, 0, -4, -2, 6, 5, 5, -4, 5, -5, -4, 3, 1, 3, 5, 5, -4, 0, 1, -2, -1, -4, -6, 2, -3, 4, -6, -6, 5, -2, 6, -6, -5, -6, 3, -2, -6, 5, -6, 3, 6, 4, 1, -1, -5, 1, -5, 5, -4, 3, -1, -6, 6, -3, 4, -2, 4, -6, 1, -5, 4, 2]
 
1.5061945700277848: [3, -3, 2, -6, -4, -6, 5, -5, -2, -4, -2, 1, -4, 4, 2, -1, 3, 2, 0, 4, -2, 1, 6, -3, -3, -3, -5, -1, -5, 4, 5, 0, 5, -5, 1, 6, -6, -1, 4, 4, -6, 4, -3, 5, 4, 5, 6, -1, -5, -2, -6, -4, 4, 2, -2, 5, -6, -4, -5, -6, -3, -2, 0, -6, -2, -6, -2, -6, -6, 4, -5, -1, -2, 2, -4, 0, -6, -2, -3, 6, 6, -3, 3, 4, 3, 4, -3, 2, 3, -6, 5, 5, -2, 0, 3, 6, -6, 1, -3, 6, 5, -4, 6, -6, -6, 1, -6, -2, 2, -1, -5, -5, 1, 5, 0, 6, 6, 3, -4, -3, 5, -2, 3, 4, 4, 4, 2, -6]
 
3.3023044249603224: [-3, -6, 6, 1, -1, -6, -2, 2, 1, -4, -2, 1, -3, -4, 4, 4, 3, 2, 0, 4, 1, 0, 1, 6, -2, -4, 6, -1, -5, 5, 5, 0, -6, -5, 6, -2, -6, -1, 4, 5, -4, 4, -3, 5, 4, 0, -6, -1, -5, 6, 4, -1, -4, 6, -2, 6, -6, -4, 5, -2, -3, -2, 0, 5, -6, -6, -4, -6, -6, 4, -5, -2, -2, 4, 2, 1, -3, 4, -3, 4, 6, -3, 3, -6, 3, 4, -3, 2, 3, 0, 5, 5, 3, 0, 6, -4, 2, -1, -6, 1, -4, -6, 2, -1, -6, -2, -6, 6, -2, -3, -3, 1, 0, 4, 6, -4, -1, -5, 6, 4, -1, 5, 5, -6, 4, -6, 6, 4]
 
3.1484104563581474: [6, -3, -4, 3, -4, -6, 5, -2, 5, -4, -2, 1, -3, 4, 0, 1, 3, 2, 0, 4, -1, -6, 1, 6, -2, 4, 6, -1, -5, 5, 5, 0, -6, -5, 6, -2, -6, -1, 4, 5, -4, 4, -3, 5, 4, 0, -6, -1, -5, 6, 4, -1, -4, 6, -2, 6, -6, -4, 5, -2, -3, -2, 0, 5, -6, -6, -4, -6, -6, 4, -5, -2, -2, 4, 2, 1, -3, 4, -3, 4, 6, -3, 3, -6, 3, 4, -3, 2, 3, 0, 5, 5, 3, 0, 6, -4, 2, -1, -6, 1, -1, 1, 2, -2, -6, -2, -6, 2, -6, 3, 4, 4, 4, 4, 6, -1, -1, -5, 6, -1, -5, 5, 5, -6, 4, -6, -5, 4]
 
2.0982663137285678: [-3, -6, 6, 1, -1, 0, -2, 2, 2, -4, -2, 1, -3, -4, 4, 4, -2, 2, 2, -4, 3, 4, -1, 6, -2, -6, 2, -1, -5, 5, 5, 0, -6, -5, 6, -2, -4, -4, 6, 2, -6, 4, -3, 5, 4, 0, 6, 6, -5, 6, 4, -1, -4, 3, -2, 6, -6, -4, 5, -2, -3, -2, 0, 5, -6, -6, -4, -2, -4, -1, 6, 5, 5, -4, 5, -5, -4, 3, -4, -2, 1, -3, -4, 0, 1, -3, 5, 2, -1, 5, -3, 6, 2, 6, -2, -2, -2, -1, -6, -4, -4, 1, -4, 5, -2, 6, -2, 3, -6, 3, 4, -1, 1, 4, 6, -1, -1, -5, 6, 4, -1, -2, -5, -6, 4, -6, 6, 4]
 
1.26266645324: [4, -3, -4, 1, -1, 0, 2, 2, -3, -4, 0, -6, -5, -4, 4, 4, 4, 4, 2, -4, 6, 4, -1, 1, 3, -3, 2, 4, -1, -2, 5, 0, 4, 6, -1, -2, -5, -4, 3, -6, -1, 4, 0, -6, -5, -3, 0, 1, 6, -4, 1, -1, -4, 3, -5, -5, 6, 4, 5, -5, -3, -2, 0, -5, -6, -4, -5, -2, -4, 5, 2, 5, 5, -6, 5, -5, 5, 3, -4, -2, 1, -2, -5, 0, -5, -3, 5, 2, -1, -2, -3, -1, -3, -2, 5, 1, -2, -1, -6, -1, -4, 1, -4, 5, -4, -6, -2, 3, -6, 3, 4, 1, 1, 4, 1, 3, -1, -5, 6, 4, -1, 5, 5, -6, 1, -6, -5, 0]
 
1.64770901668: [-3, -6, 6, 1, -1, 0, -2, 2, 2, -4, -2, 1, -3, -4, 4, 4, -2, 2, 2, -4, 3, 4, -1, 6, -2, -6, 2, -1, -1, 5, 5, 0, -6, 6, -1, -2, 5, -4, 3, -2, -6, 4, 0, -6, -5, 0, -1, 1, 1, 6, -1, -1, -4, 3, 3, -3, -6, -4, 5, -2, -3, -2, 0, 5, -6, -6, -4, -2, -4, -1, 6, 5, 5, -4, 5, -5, -4, 3, -4, -2, 1, -3, -4, 0, 1, -3, 5, 2, -1, 5, -3, 6, 2, 6, -2, -2, -2, -1, -6, -4, -4, 1, -4, 5, -3, -6, 1, 3, -6, 3, 4, 4, 1, 4, 6, -1, -1, -5, 6, 4, -1, 5, 5, -6, 4, -6, 6, 4]
 
0.746990882666: [6, -3, -4, -2, -4, -5, 3, 2, 5, -4, 3, 1, -3, 4, 0, 1, 3, 2, 0, -1, 3, 4, -1, 6, -2, -4, 3, 1, 2, 4, 5, 1, -6, 5, 1, 5, 5, 1, 3, -2, 6, -5, 0, -2, -3, 1, 1, -3, -5, 0, 4, -2, -4, 3, 1, 6, -5, -4, 5, -2, -3, -1, 0, 5, 1, -1, 0, -2, -4, -1, 6, 5, 5, -4, 5, -5, -4, 3, -4, -2, 1, -3, -4, 0, 1, -3, 5, -4, -6, 5, -3, 4, 2, 6, -2, -2, -2, -1, -6, -4, -4, 1, -4, 5, -2, 6, -2, 3, -6, 3, 4, 1, 0, 4, 6, -1, -1, -5, 6, 4, -1, 5, 5, -6, 4, -6, 6, 4]
 
1.43688112394: [-3, -6, 6, 1, 1, 4, -2, 2, 2, -4, -2, 1, -3, -4, 4, 4, -2, 2, 2, -4, 3, 2, -1, 6, -2, -5, 2, -1, -1, 5, 6, 0, -6, 1, -1, -2, -3, 5, 3, -2, -6, 4, -1, -2, -5, 0, -1, 1, 1, 6, -1, -1, -3, 6, 3, -3, -6, -4, -5, -2, -3, -2, 0, 1, -6, -6, -4, 6, -6, 4, -5, -3, -2, 4, 2, 1, -3, -2, -3, 4, 6, -3, 3, -6, 3, 4, 0, 4, 5, 0, 5, 5, 3, 0, 6, -4, -4, -2, -6, -5, -4, -5, 2, -1, -6, -4, -6, 3, 4, -3, 4, 1, 0, 4, 6, -1, -1, -5, 6, 4, -1, 5, 5, -6, 4, -4, 6, 4]
 
1.45852674692: [6, -3, -4, -2, -4, -5, 3, 2, 5, -4, 3, 1, -3, 4, 0, 1, 3, 2, 0, -1, 3, 4, -1, 6, -2, -4, 6, -1, -5, 5, 5, 0, -6, -5, 6, -2, -6, -1, 4, 5, -4, 4, -3, 5, 4, 0, -6, -1, -5, 6, 4, -1, -4, 6, -2, 6, -6, -4, 5, -2, -3, -2, 0, 5, -6, -6, -4, -6, -4, -1, 6, 5, 5, -4, 5, -5, -4, 3, -4, -2, 1, -3, -4, 0, 1, -3, 5, 2, -1, 5, -3, 6, 2, 6, -2, -2, -2, -1, -6, -4, -4, 1, -4, 5, -3, -6, 1, 3, -6, 3, 4, 4, 1, 4, 6, -1, -1, -5, 6, 4, -1, 5, 5, -6, 4, -6, 6, 4]
 
1.71567989737: [6, -3, 6, 1, -1, -6, -2, 2, 1, -4, -2, 1, -3, -4, 4, 4, 3, 2, 2, -4, 3, 4, -1, 6, 4, -5, 1, 1, 2, 4, 5, 1, -6, 5, 1, 1, 5, 1, 3, -2, 6, 0, 0, -2, -4, 1, -1, -3, -5, 6, 4, -1, -6, 3, -2, 6, -6, -4, 5, -3, -3, 4, 0, 5, -6, 3, 0, -2, -4, -1, -4, 5, 5, -4, 5, 0, -5, 3, 4, -2, 1, -3, -4, 0, 1, -3, 5, -4, -6, 5, -3, 4, 2, 6, -2, -2, -2, -1, -6, -4, -4, 1, 0, -1, 4, 6, -2, 3, -6, 3, 4, 1, 0, 4, 6, -1, -1, -5, 6, 4, -1, 5, 5, -6, 4, -6, -5, 4]
 
1.67860569431: [3, -3, 6, -6, 0, -1, 2, 2, 5, -1, 4, 1, 6, 4, 0, 1, -2, -1, -3, -4, -1, -6, -6, 6, -2, 4, 6, 2, -1, 5, -6, 0, -6, 3, -1, -2, 5, -4, 2, -2, 0, -2, 0, -6, -5, 0, -1, 1, 1, 6, 0, -1, -3, 3, 3, -3, -6, -4, 5, -2, -3, 4, -3, 5, -6, 6, -4, -6, -4, -1, 6, 5, 5, 3, 5, -5, -4, 3, 4, -2, 1, -3, -6, 0, 1, -3, 5, -4, -6, 1, -3, -6, 5, -6, 6, -4, 2, -1, -6, 1, -4, -6, 2, -1, -6, -2, -6, 6, 4, -3, 4, -1, 4, 4, 6, -1, -6, -5, 6, 4, -1, -2, 4, -6, 4, -6, 6, 4]
 
1.42732249247: [-3, -6, 6, 1, -1, -6, -2, 2, 1, -4, -2, 1, -3, -4, 4, 4, 3, 2, 0, 4, 1, 0, 1, 6, -2, -4, 6, -1, -5, 5, 5, 0, -6, -5, 6, -2, -4, -4, 6, 2, -6, 4, -3, 5, 4, 0, 6, 6, -5, 6, 4, -1, -4, 3, -2, -5, -6, -6, 5, -2, 4, -2, -6, 5, -6, -3, -4, -2, -4, -1, 6, 5, 5, -4, 5, -5, -4, 3, -4, -2, 6, -3, 3, -6, 3, 4, -3, 2, 3, 0, 5, 5, 3, 0, 6, -4, 2, -1, -6, 1, -4, -6, 2, -1, -6, -2, -6, 6, 4, -3, 4, 1, 0, 4, 6, -1, -1, -5, 6, 4, -1, 5, 5, -6, 4, -6, 6, 4]
 
0.901283846294: [6, -2, -4, -2, -4, -5, 3, 2, -6, 1, 2, 1, -5, 4, -5, 1, 3, 2, 0, -6, -6, 4, 5, 6, -2, -4, 6, -1, 5, 5, 5, 0, 1, -5, 6, -2, -5, -4, 6, 2, -6, 4, -3, 6, -4, 0, 6, 6, -5, 6, 4, -1, -4, 6, -2, 6, -6, -4, 5, -2, -3, -2, 0, 5, -6, -6, -4, -6, -2, 4, -5, -3, -2, 4, 1, 1, -3, 4, -3, 4, 1, -3, -4, 0, 1, -3, 5, 2, -1, -3, -3, 6, 2, 6, 5, -2, -1, 3, -6, -4, 4, 1, -4, 5, -3, 6, -4, 3, -6, 3, 4, -1, -2, 4, 6, -1, -1, -5, 6, 3, -1, 0, -6, -6, -6, -6, 6, 4]
 
0.860941498087: [3, -3, 6, 1, 0, -1, 4, 2, 5, -1, -5, 1, 6, 1, -3, 3, -5, 4, -3, -4, -1, -6, 2, 6, -2, 3, 6, 2, -1, 5, -6, 0, -6, 3, -1, -2, -4, -4, 2, -2, 0, -2, 3, -6, -5, 3, -1, 1, 1, 6, 0, -1, -3, 3, 3, -3, -6, 5, 5, -2, -3, 4, -3, -3, 3, 6, -4, -3, 2, -5, 6, 5, 5, 3, 6, -6, -4, -2, -3, 6, 6, 4, 3, 4, 3, 4, -3, 2, 3, 0, 5, 4, -2, -1, 3, 6, -6, 1, -3, 6, 5, 4, 6, -6, 0, 6, -6, -2, 2, -1, -5, -5, 1, -1, 2, 6, 4, 3, -4, -3, 5, -2, -5, 4, 4, 4, 2, -6]
 
1.76343959777: [3, -3, 2, -6, -4, -6, 5, -5, -2, -4, -2, 1, -4, 4, 2, -1, 3, 2, 0, 4, -2, 1, 6, -3, -3, -3, -5, -1, -5, 4, 5, 0, 5, -5, 1, 6, -6, -1, 4, 4, -6, 4, -3, 5, 4, 5, 6, -1, -5, -2, -6, -4, 4, 2, -2, 5, -6, -4, -5, -6, -3, -2, 0, -6, -2, -6, -2, -6, -6, 4, -5, -1, -2, 2, -4, 0, -6, 3, 4, -2, 1, -3, -6, 0, 1, -3, 5, -4, -6, 1, -3, -6, 5, -6, 6, -4, 2, -1, -6, 1, -4, -6, 2, -1, -6, -2, -6, 6, 4, -3, 4, -1, 4, 4, 6, -1, -6, -5, 6, 4, -1, -2, 4, -6, 4, -6, 6, 4]
 
1.01601506141: [-3, -6, 0, 1, -1, 0, -2, -3, 6, -4, -6, 1, -3, -4, 4, -6, -2, -6, 2, -4, 3, 4, -6, 6, -2, -6, 2, -1, -1, 5, 5, 0, -6, 6, 4, -2, 5, -5, 3, -2, -2, -2, 0, 5, -5, 0, 3, 1, 1, 6, -1, -1, -4, 3, 3, -5, -6, -4, 5, -2, -3, -2, 1, 5, -6, -6, -3, -2, -4, -1, -4, 6, 5, -4, 5, 0, -4, 3, 6, -2, 1, -3, -4, 0, 1, -1, -6, -4, -6, 6, -3, 4, 5, -6, 3, -2, -1, -6, -5, 6, 5, -4, 6, -6, -6, 6, -6, -4, 2, -1, -2, -5, 1, 5, 0, 6, 6, 3, -5, -3, 5, -2, 3, 2, 4, 5, -2, 1]
 
0.646134180292: [3, -3, 6, -6, 0, -1, 2, 2, 5, -1, 4, 1, 6, 4, 0, 1, -2, -1, -3, -4, -1, -6, -6, 6, -2, 4, 6, 2, -1, 5, -6, 0, -6, 3, -1, -2, 5, -4, 2, -2, 0, -2, 0, -6, -5, 0, -1, 1, 1, 6, 0, -1, -3, 3, 3, -3, -6, -4, 5, -2, -3, 4, -3, 5, -6, 6, -4, -6, -4, -1, 6, 5, 5, 3, 5, -5, -4, -2, -3, 6, 6, -3, 3, 4, 3, 4, -3, 2, 3, -6, 5, 5, -2, 0, 3, 6, -6, 1, -3, 1, 5, -2, 5, -6, -6, -2, -6, -2, 2, -1, -5, -5, 1, 5, 0, 6, -1, 3, -4, 3, -6, -2, 3, 4, 2, 4, 2, -2]
 
2.51848476608: [-3, -6, 6, 1, -1, -6, -2, 2, 1, -4, -2, 1, -3, -4, 4, 4, 3, 2, 0, 4, 1, 0, 1, 6, -2, -4, 6, -1, -5, 5, 5, 0, -6, -5, 6, -2, -6, -1, 4, 5, -4, 4, -3, 5, 4, 0, -6, -1, -5, 6, 4, -1, -4, 6, -2, 6, -6, -4, 5, -2, -3, -2, 0, 5, -6, -6, -4, -6, -6, 4, -5, -2, -2, 4, 2, 1, -3, 4, -3, 4, 6, -3, 3, -6, 3, 4, -3, 2, 3, 0, 5, 5, 3, 0, 6, -4, 2, -1, -6, 1, -4, 1, -4, 5, -2, 6, -2, 3, -6, 3, 4, 1, 0, 4, 6, -1, -1, -5, 6, 4, -1, 5, 5, -6, 4, -6, 6, 4]
 
2.71488474203: [-3, -6, 6, 1, -1, -6, -2, 2, 1, -4, -2, 1, -3, -4, 4, 4, 3, 2, 0, 4, 1, 0, 1, 6, -2, -4, 6, -1, -5, 5, 5, 0, -6, -5, 6, -2, -4, -4, 6, 2, -6, 4, -3, 5, 4, 0, 6, 6, -5, 6, 4, -1, -4, 6, -2, 6, -6, -4, 5, -2, -3, -2, 0, 5, -6, -6, -4, -6, -6, 4, -5, -2, -2, 4, 2, 1, -3, 4, -3, 4, 6, -3, 3, -6, 3, 4, -3, 2, 3, 0, 5, 5, 3, 0, 6, -4, 2, -1, -6, 1, -4, -6, 2, -1, -6, -2, -6, 6, 4, -3, 4, 1, 0, 4, 6, -1, -1, -5, 6, 4, -1, 5, 5, -6, 4, -6, 6, 4]
 
0.262282541881: [-3, -6, 6, 1, -1, 0, -2, 2, 2, 5, -2, 1, -3, -4, 4, 4, -2, 2, 2, -4, -2, 4, -1, 6, -2, -6, 2, -1, 1, -3, -5, -6, 4, 6, 6, -2, 5, -4, 3, -2, 5, 4, 0, -6, -5, -5, 0, 3, 1, 6, 4, -1, -4, 3, -5, -5, 6, 6, 4, -4, -3, -2, 0, 6, 4, -6, 1, -1, 5, -3, 2, 5, 5, 2, 5, -5, 3, 3, -4, -2, 1, 3, -4, 0, 1, -2, 2, -5, 3, 5, -3, 6, -6, 6, -2, 3, -2, 5, -6, 1, -4, 6, -4, 4, -3, -6, -2, 3, -6, 3, 4, 5, 1, 4, 1, 4, -1, -5, 6, 4, -1, 5, 5, -6, 3, -6, -5, 0]
 
1.50531950784: [6, -3, -4, 1, -1, 0, -2, 2, -3, -4, 0, -6, -3, -4, 4, 6, -2, 2, 2, -4, 3, 4, -1, 6, 3, -6, 2, -1, -1, 5, 5, 0, -6, 6, 6, -2, 5, -2, 6, 5, -4, 4, 0, -3, -1, 0, 2, 4, 1, -5, 6, -1, -4, 3, -6, 1, 0, -4, 5, 4, -6, 4, 5, 6, -6, -6, -4, -6, -4, -1, 6, -1, 5, -4, 5, -5, -4, 3, 6, -2, 1, -3, -4, 0, 4, -3, 5, 0, -6, 3, -2, 4, 2, 6, -2, -2, -2, 5, -3, -4, -4, 1, -4, -5, -3, -1, 1, 3, 4, 6, -1, 1, 0, 3, 6, -1, 6, -5, 4, -6, -5, -5, 3, 6, 0, -6, -6, 6]
 
1.95946871485: [-3, -6, 6, 1, -1, -6, -2, 2, 1, -4, -2, 1, -3, -4, 4, 4, 3, 2, 0, 4, 1, 0, 1, 6, -2, -4, 6, -1, -5, 5, 5, 0, -6, -5, 6, -2, -4, -4, 6, 2, -6, 4, -3, 5, 4, 0, 6, 6, -5, 6, 4, -1, -4, 3, -2, -5, -6, -6, 5, -2, 4, -2, -6, 5, -6, -6, -4, -2, -4, -1, 6, 5, 5, -4, 5, -5, -4, 3, -4, -2, 1, -3, -4, 0, 1, -3, 5, 2, -1, 5, -3, 6, 2, 6, -2, -2, -2, -1, -6, -4, -4, 1, -4, 5, -2, 6, -2, 3, -6, 3, 4, -1, 1, 4, 6, -1, -1, -5, 6, 4, -1, -2, -5, -6, 4, -6, 6, 4]
 
2.30850328874: [6, -3, -4, 3, -4, -6, 5, 2, 2, -4, -2, 1, -3, -4, 4, 4, -2, 2, 2, -4, 3, 4, -1, 6, -2, -6, 2, -1, -5, 5, 5, 0, -6, -5, 6, -2, -4, -4, 6, 2, -6, 4, -3, 5, 4, 0, 6, 6, -5, 6, 4, -1, -4, 3, -2, 6, -6, -4, 5, -2, -3, -2, 0, 5, -6, -3, -4, -2, -4, -1, 6, 5, 5, -4, 5, -5, -4, 3, -4, -2, 1, -3, -4, 0, 1, -3, 5, 2, -1, 5, -3, 6, 2, 6, -2, -2, -2, -1, -6, -4, -4, 1, -4, 5, -2, 6, -2, 3, -6, 3, 4, -1, 1, 4, 6, -1, -1, -5, 6, 4, -1, -2, -5, -6, 4, -6, 6, 4]
 
1.86817853139: [-3, -6, 6, 1, -1, 0, -2, 2, 2, -4, -2, 1, -3, -4, 4, 4, -2, 2, 2, -4, 3, 4, -1, 6, -2, -6, 2, -1, -1, 5, 5, 0, -6, 6, -1, -2, 5, -4, 3, -2, -6, 4, 0, -6, -5, 0, -1, 1, 1, 6, -1, -1, -4, 3, 3, -3, -6, -4, 5, -2, -3, -2, 0, 5, -6, -6, -4, -2, -4, -1, 6, 5, 5, -4, 5, -5, -4, 3, -4, -2, 1, -3, -4, 0, 1, -3, 5, 2, -1, 5, -3, 6, 2, 6, -2, -2, -2, -1, -6, -4, -4, 1, -4, 5, -2, 6, -2, 3, -6, 3, 4, 1, 0, 4, 6, -1, -1, -5, 6, 4, -1, 5, 5, -6, 4, -6, 6, 4]
 
1.94931753161: [-6, -6, 6, 1, -2, 0, -2, 2, -1, -4, -2, 1, -3, -4, 3, 4, -6, 2, 3, -4, 3, -2, 2, 6, -2, -3, 1, -1, -1, -2, 5, -6, -6, 6, -1, 0, 3, -2, 3, -2, -1, 2, 0, -6, -5, -3, 6, 3, -2, 3, 4, -1, -4, 3, -5, -5, 6, -1, 5, -4, 5, -2, 0, 5, -6, 5, 2, -2, -4, -6, 2, 5, 5, -6, 5, -5, -6, 3, -4, -2, 1, -6, -4, 0, 3, -3, 5, 2, -1, 5, -3, 6, -3, 6, -2, 4, -2, 6, -6, 0, -4, 1, -4, 5, -5, -6, -2, 3, -6, 3, 4, 1, 1, 4, 1, -1, -1, -5, 6, 4, -1, -1, 5, -6, 1, -6, 1, 0]
 
2.92813139008: [-3, -6, 6, 1, -1, -6, -2, 2, 1, -4, -2, 1, -3, -4, 4, 4, 3, 2, 0, 4, 1, 0, 1, 6, -2, -4, 6, -1, -5, 5, 5, 0, -6, -5, 6, -2, -6, -1, 4, 5, -4, 4, -3, 5, 4, 0, -6, -1, -5, 6, 4, -1, -4, 6, -2, 6, -6, -4, 5, -2, -3, -2, 0, 5, -6, -6, -4, -6, -6, 4, -5, -2, -2, 4, 2, 1, -3, 4, -3, 4, 6, -3, 3, -6, 3, 4, -3, 2, 3, 0, 5, 5, 3, 0, 6, -4, 2, -1, -6, 1, -1, 1, 2, -2, -6, -2, -6, 2, -6, 3, 4, 4, 4, 4, 6, -1, -1, -5, 6, -1, -5, 5, 5, -6, 4, -6, -5, 4]
 
2.5199004947: [6, -3, -4, 3, -4, -6, 5, -2, 5, -4, -2, 1, -3, 4, 0, 1, 3, 2, 0, 4, -1, -6, 1, 6, -2, 4, 6, -1, -5, 5, 5, 0, -6, -5, 6, -2, -4, -4, 6, 2, -6, 4, -3, 5, 4, 0, 6, 6, -5, 6, 4, -1, -4, 6, -2, 6, -6, -4, 5, -2, -3, -2, 0, 5, -6, -6, -4, -6, -6, 4, -5, -2, -2, 4, 2, 1, -3, 4, -3, 4, 6, -3, 3, -6, 3, 4, -3, 2, 3, 0, 5, 5, 3, 0, 6, -4, 2, -1, -6, 1, -4, -6, 2, -1, -6, -2, -6, 6, 4, -3, 4, 1, 0, 4, 6, -1, -1, -5, 6, 4, -1, 5, 5, -6, 4, -6, 6, 4]
 
2.45039000467: [6, -3, -4, -2, -4, -5, 3, 2, 5, -4, 3, 1, -3, 4, 0, 1, 3, 2, 0, -1, 3, 4, -1, 6, -2, -4, 6, -1, -5, 5, 5, 0, -6, -5, 6, -2, -4, -4, 6, 2, -6, 4, -3, 5, 4, 0, 6, 6, -5, 6, 4, -1, -4, 6, -2, 6, -6, -4, 5, -2, -3, -2, 0, 5, -6, -6, -4, -6, -6, 4, -5, -2, -2, 4, 2, 1, -3, 4, -3, 4, 1, -3, -4, 0, 1, -3, 5, -4, -6, 5, -3, 4, 2, 6, -2, -2, -2, -1, -6, -4, -4, 1, -4, 5, -2, 6, -2, 3, -6, 3, 4, 1, 0, 4, 6, -1, -1, -5, 6, 4, -1, 5, 5, -6, 4, -6, 6, 4]
 
0.909213174885: [6, -3, -4, -2, -4, -5, 3, 2, 5, -4, 3, 1, -3, 4, 0, 1, 3, 2, 0, -1, 3, 4, -1, 6, -2, -4, 3, 1, 2, 4, 5, 1, -6, 5, 1, 5, 5, 1, 3, -2, 6, -5, 0, -2, -3, 1, 1, -3, -5, 0, 4, -2, -4, 3, 1, 6, -5, -4, 5, -2, -3, -1, 0, 5, 1, -1, 0, -2, -4, -1, 6, 5, 5, -4, 5, -5, -4, 3, -4, -2, 6, -3, 3, -6, 3, 4, -3, 2, 3, 0, 5, 5, 3, 0, 6, -4, 2, -1, -6, 1, -4, -6, 2, -1, -6, -2, -6, 6, 4, -3, 4, 1, 0, 4, 6, -1, -1, -5, 6, 4, -1, 5, 5, -6, 4, -6, 6, 4]
 
2.69963999959: [3, -3, 6, -6, 0, -1, 2, 2, 5, -1, 4, 1, 6, 4, 0, 1, -2, -1, 0, -1, 3, 4, -1, 6, -2, -4, 6, -1, -5, 5, 5, 0, -6, -5, 6, -2, -6, -1, 4, 5, -4, 4, -3, 5, 4, 0, -6, -1, -5, 6, 4, -1, -4, 6, -2, 6, -6, -4, 5, -2, -3, -2, 0, 5, -6, -6, -4, -6, -6, 4, -5, -2, -2, 4, 2, 1, -3, 4, -3, 4, 6, -3, 3, -6, 3, 4, -3, 2, 3, 0, 5, 5, 3, 0, 6, -4, 2, -1, -6, 1, -4, -6, 2, -1, -6, -2, -6, 6, 4, -3, 4, 1, 0, 4, 6, -1, -1, -5, 6, 4, -1, 5, 5, -6, 4, -6, 6, 4]
 
0.695041580793: [6, -3, -4, -2, -4, -5, 3, 2, 5, -4, 3, 1, -3, 4, 0, 1, 3, 2, -3, -4, -1, -6, -6, 6, -2, 4, 6, 2, -1, 5, -6, 0, -6, 3, -1, -2, 5, -4, 2, -2, 0, -2, 0, -6, -5, 0, -1, 1, 1, 6, 0, -1, -3, 3, 3, -3, -6, -4, 5, -2, -3, 4, -3, 5, -6, 6, -4, -6, -4, -1, 6, 5, 5, 3, 5, -5, -4, -2, -3, 6, 6, -3, 3, 4, 3, 4, -3, 2, 3, -6, 5, 5, -2, 0, 3, 6, -6, 1, -3, 1, 5, -2, 5, -6, -6, -2, -6, -2, 2, -1, -5, -5, 1, 5, 0, 6, -1, 3, -4, 3, -6, -2, 3, 4, 2, 4, 2, -2]
 
0.692125427027: [3, -3, 6, -6, 0, -1, 2, 2, 5, -1, 4, 1, 6, 4, 0, 1, -2, -1, -3, -4, -1, -6, -6, 6, -2, 4, 6, 2, -5, 4, 5, 0, 5, -5, 1, 6, -6, -1, 4, 4, -6, 4, -3, 5, 4, 5, 6, -1, -5, -2, -6, -4, 4, 2, -2, 5, -6, -4, -5, -6, -3, -2, 0, -6, -2, -6, -2, -6, -6, 4, -5, -1, -2, 2, -4, 0, -6, 3, 4, -2, 1, -3, -6, 0, 1, -3, 5, -4, -6, 1, -3, -6, 5, -6, 6, -4, 2, -1, -6, 1, -4, -6, 2, -1, -6, -2, -6, 6, 4, -3, 4, -1, 4, 4, 6, -1, -6, -5, 6, 4, -1, -2, 4, -6, 4, -6, 6, 4]
 
0.787853289675: [3, -3, 2, -6, -4, -6, 5, -5, -2, -4, -2, 1, -4, 4, 2, -1, 3, 2, 0, 4, -2, 1, 6, -3, -3, -3, -5, -1, -1, 5, -6, 0, -6, 3, -1, -2, 5, -4, 2, -2, 0, -2, 0, -6, -5, 0, -1, 1, 1, 6, 0, -1, -3, 3, 3, -3, -6, -4, 5, -2, -3, 4, -3, 5, -6, 6, -4, -6, -4, -1, 6, 5, 5, 3, 5, -5, -4, -2, -3, 6, 6, -3, 3, 4, 3, 4, -3, 2, 3, -6, 5, 5, -2, 0, 3, 6, -6, 1, -3, 6, 5, -4, 6, -6, -6, 1, -6, -2, 2, -1, -5, -5, 1, 5, 0, 6, 6, 3, -4, -3, 5, -2, 3, 4, 4, 4, 2, -6]
 
1.28089822908: [3, -3, 2, -6, -4, -6, 5, -5, -2, -4, -2, 1, -4, 4, 2, -1, 3, 2, 0, 4, -2, 1, 6, -3, -3, -3, -5, -1, -1, 5, -6, 0, -6, 6, 6, -2, 5, -2, 6, 5, -4, 4, 0, -3, -1, 0, 2, 4, 1, -5, 6, -1, -4, 3, -6, 1, 0, -4, 5, 4, -6, 4, 5, 6, -6, -6, -4, -6, -4, -1, 6, -1, 5, -4, 5, -5, -4, 3, 6, -2, 1, -3, -4, 0, 4, -3, 5, 0, -6, 3, -2, 4, 2, 6, -2, -2, -2, 5, -3, -4, -4, 1, -4, -5, -3, -1, 1, 3, 4, 6, -1, 1, 0, 3, 6, -1, 6, -5, 4, -6, -5, -5, 3, 6, 0, -6, -6, 6]
 
0.463323228121: [-3, -6, 6, 1, -1, 0, -2, 2, 2, -4, -2, 1, -3, -4, 4, 4, -2, 2, 2, -4, 3, 4, -1, 6, -2, -6, 2, -1, -1, 5, 5, 0, -6, 3, -1, -2, 5, -4, 2, -2, 0, -2, 0, -6, -5, 0, -1, 1, 1, 6, 0, -1, -3, 3, 3, -3, -6, -4, 5, -2, -3, 4, -3, 5, -6, 6, -4, -6, -4, -1, 6, 5, 5, 3, 5, -5, -4, -2, -3, 6, 6, -3, 3, 4, 3, 4, -3, 2, 3, -6, 5, 5, -2, 0, 3, 6, -6, 1, -3, 6, 5, -4, 6, -6, -6, 1, -6, -2, 2, -1, -5, -5, 1, 5, 0, 6, 6, 3, -4, -3, 5, -2, 3, 4, 4, 4, 2, -6]
 
3.13238230754: [6, -3, -4, -2, -4, -5, 3, 2, 5, -4, 3, 1, -3, 4, 0, 1, 3, 2, 0, -1, 3, 4, -1, 6, -2, -4, 6, -1, -5, 5, 5, 0, -6, -5, 6, -2, -4, -4, 6, 2, -6, 4, -3, 5, 4, 0, 6, 6, -5, 6, 4, -1, -4, 6, -2, 6, -6, -4, 5, -2, -3, -2, 0, 5, -6, -6, -4, -6, -6, 4, -5, -2, -2, 4, 2, 1, -3, 4, -3, 4, 6, -3, 3, -6, 3, 4, -3, 2, 3, 0, 5, 5, 3, 0, 6, -4, 2, -1, -6, 1, -4, -6, 2, -1, -6, -2, -6, 6, 4, -3, 4, 1, 0, 4, 6, -1, -1, -5, 6, 4, -1, 5, 5, -6, 4, -6, 6, 4]
 
2.7144243093: [6, -3, -4, -2, -4, -5, 3, 2, 5, -4, 3, 1, -3, 4, 0, 1, 3, 2, 0, -1, 3, 4, -1, 6, -2, -4, 6, -1, -5, 5, 5, 0, -6, -5, 6, -2, -6, -1, 4, 5, -4, 4, -3, 5, 4, 0, -6, -1, -5, 6, 4, -1, -4, 6, -2, 6, -6, -4, 5, -2, -3, -2, 0, 5, -6, -6, -4, -6, -6, 4, -5, -2, -2, 4, 2, 1, -3, 4, -3, 4, 6, -3, 3, -6, 3, 4, -3, 2, 3, 0, 5, 5, 3, 0, 6, -4, 2, -1, -6, 1, -4, -6, 2, -1, -6, -2, -6, 6, 4, -3, 4, 1, 0, 4, 6, -1, -1, -5, 6, 4, -1, 5, 5, -6, 4, -6, 6, 4]
 
