1.36851697207: [5, 1, 5, -6, 1, -3, -3, -2, 4, -4, 2, -6, 6, 4, -3, -2, -6, 2, -2, 1, 1, -5, -2, 4, -3, -2, 0, 4, -6, 5, -3, 0, -4, 5, -5, 1, 1, 0, -5, -4, -6, 5, -5, 0, -2, -2, 5, 4, -6, 0, -5, 1, 6, 5, -2, 1, 6, -2, -4, -6, 5, 2, 0, 6, -1, -6, -4, 2, 2, -3, 6, -1, -6, -4, 0, -5, 3, -6, -4, 1, -6, -3, 1, 0, -3, -1, -1, -5, 4, 0, 0, 4, 0, 1, 6, -5, -1, 6, 4, -3, -4, 3, 2, -6, -1, 0, -6, 4, -6, 2, 5, -5, 6, 1, 2, 1, -4, -1, 0, 4, -6, -5, -2, -3, 4, -6, -4, 4]
 
0.724403975611: [6, -3, -3, -6, 4, 4, -3, 4, -6, -4, 2, -6, -2, -6, -2, -4, -6, 0, -6, 1, -6, -2, -2, 2, -3, 2, 2, -5, -4, 5, -2, 0, -6, 5, -6, 6, 5, -3, -3, 1, -6, 4, -6, -3, -2, -5, -5, -1, -6, 5, -5, 5, 6, 1, 1, 0, 6, 6, -4, -6, 6, -5, -5, 5, 4, -1, -2, 1, -3, -6, -3, 1, 0, -4, 4, -6, -3, -1, -4, 3, -5, -4, -6, 0, -5, -5, 5, 6, 3, -2, 0, -3, -6, 6, 4, -4, 5, 0, 4, -6, 1, -1, 0, 5, 4, 2, -6, 2, -6, 1, 6, 2, 0, 0, -3, 1, 2, -3, -5, 4, -6, 1, -3, 5, 4, 3, -2, 1]
 
2.211328103045739: [6, -3, -3, -1, 4, -6, -5, -2, 4, -4, 2, -6, -6, -6, 4, 1, 0, 1, 4, 3, 6, -4, -2, 2, -3, -3, 3, -2, -4, 2, -2, 0, -6, 5, 4, -3, 2, 3, -6, 5, -1, -2, -1, 0, 2, -4, 1, 0, 2, -6, 0, -6, -4, 3, 0, -1, 6, 6, -4, -6, 6, -2, 0, 5, -6, -1, -2, -5, -4, -5, 6, -3, -6, -4, 1, -5, 4, -1, -4, 4, -5, -4, -6, 6, -3, -5, 5, 6, 4, -2, 0, -3, 6, 6, 4, -4, -6, -2, 4, -6, 0, 3, 4, 1, -4, -1, -6, -2, -6, 2, -3, 2, -3, 5, 5, -6, 2, -3, -2, 4, -6, -6, -3, -2, 4, 3, -1, 6]
 
1.2531984072: [6, 4, 4, -1, 1, 2, 4, -2, -4, -4, 5, 0, 6, 3, -4, 3, 2, -4, -6, -3, 3, 3, -2, 2, 2, -5, 2, 1, -6, -3, -5, -2, 4, 0, 5, 1, -4, 0, -5, -6, 0, 4, 0, 6, 1, 0, 3, 6, -1, 6, -5, 1, -4, 1, 1, -1, 1, -1, 6, -6, 5, -3, -1, -1, 3, -5, 2, -6, -1, 3, 6, 6, 3, 4, -2, -5, 3, 0, -4, 0, 5, -4, -5, 2, -4, -1, -1, 1, 3, -2, 6, -5, 4, 6, 3, -5, -6, -5, 2, 6, -2, 6, -2, -5, -6, 6, -1, -2, -6, -3, -3, 0, -3, 5, 6, -1, 1, -5, -1, -6, -4, -1, -3, -2, -1, 0, 2, 4]
 
0.680005741845: [3, -3, -1, 5, 6, -4, 4, -6, -4, 3, -1, -4, 4, 5, -3, -6, 1, 6, -2, -5, -1, 0, -1, -6, 3, 1, -2, -5, 5, 0, -5, -5, -4, 0, -1, -2, -2, 1, -4, 4, -4, 3, 4, -2, 4, -3, -1, 0, 0, 5, -5, 1, 3, 3, -6, -3, -3, 6, -2, 3, 3, -6, 6, 6, -6, 4, -2, 5, -4, -5, -4, 2, 0, 6, 1, -4, -1, -6, 2, 4, -5, -4, 1, 5, 5, -5, -5, 4, 4, 4, 0, 4, 0, -6, -4, -3, 3, -3, 4, -6, -3, -6, 6, 6, 6, 2, -5, -6, 0, 2, -3, 2, 5, 4, -5, 4, -1, 2, 0, -2, -6, 4, 3, 0, 1, 3, -3, 0]
 
0.749710721229: [5, 1, -5, 4, 5, -3, -4, -2, 4, 2, -4, -6, 0, 4, -3, 5, 5, 0, -1, 1, 1, -5, -1, -4, 1, 1, -2, 1, -5, 3, 2, 5, -6, -2, 2, -6, -2, 6, 6, 3, 4, 0, 2, 1, 2, -2, -2, 0, 4, -2, 4, -1, -4, 4, -1, -6, -2, -4, -3, 2, 6, -2, 0, -3, -1, 6, -5, -5, -4, -6, 5, 3, -6, 6, 6, 0, 4, -3, -5, 6, -3, -5, -6, -5, 3, -5, 5, -2, 5, -3, -5, 4, 6, -6, 4, -4, 6, 4, 3, -6, -4, 1, 3, -2, -1, 1, -4, 5, -6, -3, -2, 1, -5, 2, -3, -3, 3, -5, -1, 5, -4, 2, 6, 3, 3, 3, -1, 2]
 
1.6093842491104928: [-3, 5, -3, -5, -2, -5, 1, -2, -5, 3, -6, -4, 4, 0, -4, 3, -2, 2, -2, 2, 3, -1, 5, -2, 3, 1, 6, -4, 1, 0, 4, -5, 6, 6, 3, 3, -3, 4, 6, 5, -4, -5, -1, -6, -2, 2, 1, 2, 3, 5, -5, 2, -4, -5, 0, 0, 6, 5, 1, -6, 4, -3, 1, -1, -3, -6, 3, -5, -5, -6, -1, -3, 3, -5, -2, 1, 3, -6, -4, 0, -5, -4, -5, 4, -2, -6, -1, 5, 4, 2, 1, 1, -4, 6, 4, 6, -3, -5, 4, -5, -5, 6, 2, -1, -2, 0, -2, -3, -6, 2, -3, 4, -2, -2, -3, 5, 5, 2, 0, 4, 6, -3, -3, -2, 5, -4, 4, 6]
 
1.4041413929410278: [3, -4, 6, 2, 0, -6, 6, -2, -2, -5, -1, 5, 3, 2, -3, 2, -6, 0, -4, 5, -1, 3, -2, -3, 1, 0, -3, -5, -4, 3, 2, -4, -6, -2, 3, -6, -2, -2, -1, 2, 6, 0, 2, -3, 2, 6, -3, -2, 4, 2, 4, -1, 0, 1, -1, -6, -2, 1, 6, -4, -6, 2, 0, -3, 6, 6, -4, -5, -6, -4, 5, -1, 5, 6, 6, 0, 4, 6, -4, 6, -3, -5, -4, -5, 3, -5, 5, -2, -5, 3, -5, 5, 6, 5, -2, -4, -3, -2, -6, -6, -4, 6, 3, 6, 0, -1, 4, 5, -6, -3, -2, 3, 0, -6, -3, -2, 3, 3, 6, 2, -4, -6, 4, -3, 4, 5, 2, 2]
 
1.9167301466239055: [5, 1, -5, -6, 2, -3, -4, -2, 4, -4, 2, -6, -2, 4, -3, 5, -6, 0, 5, 1, 1, 3, -2, 4, -3, -2, -2, -3, -6, 5, -3, 0, -4, 1, -1, 4, 1, 1, -2, 6, -4, 4, -6, 0, -2, 3, -5, 0, 0, 5, -5, 1, -4, 3, 0, 5, 6, -6, -4, -6, 6, -2, 0, 6, -6, 5, -3, -5, 6, 3, -1, -3, 5, 4, 1, -4, -1, -1, -4, 4, -5, -4, -4, 0, -2, 2, 6, 5, 0, -2, 1, 4, 3, 6, -5, 4, -3, -5, 4, -6, 6, -1, 2, -1, -2, -1, 3, -2, -6, 2, 3, 2, -6, -2, 3, 0, 1, -3, -5, 5, -1, 3, 1, -5, 2, 1, -2, 6]
 
0.717841087026462: [2, 1, -4, 0, -3, -6, -5, -6, -4, 2, 3, 3, -1, 2, -2, -4, 6, -3, 4, -3, 6, 2, -2, 0, 5, 6, -6, -5, -4, 5, -5, -4, -6, -2, 3, 5, -6, -1, 6, 2, -4, -5, -1, 6, -2, -6, -6, 0, 3, 5, -5, -5, -4, 3, 0, -4, 6, 6, 1, -6, 3, -3, 0, -2, -3, -5, -2, -6, 0, -3, 6, -3, 5, -3, -2, -5, 0, 2, -4, 4, -5, 0, -5, -5, -2, -6, -1, -2, 5, 2, 1, 1, -2, 5, 4, 3, -3, -5, 4, -5, -2, 6, 2, 5, -1, 2, -2, -2, -6, 1, -1, 4, 0, 5, -3, 4, 1, -1, 0, -3, -4, 3, -3, 6, 4, 3, -1, -6]
 
0.8430476763508903: [6, -3, -3, 5, -5, 3, -3, -4, -5, 6, 0, -6, 4, 6, -5, -2, -4, 1, 4, 2, -5, 4, 4, 2, -3, -5, 4, -5, -4, -4, -5, -1, -1, 5, 4, 6, 2, 2, -1, 3, -6, 0, -6, -5, 1, 0, -1, -1, -6, 5, 2, 4, -5, -3, 2, 0, 2, 6, -2, -6, -5, -5, 5, -1, 6, 0, 4, 1, 6, 0, -6, -2, -6, -6, -4, -2, 3, -2, -4, 4, -1, -4, 5, -5, -2, 6, 4, 5, 4, -2, 0, 4, 3, 6, -2, -5, 2, -5, 4, -6, 4, -1, 3, -6, -2, -1, -6, -2, -6, 2, -2, 2, -3, -5, -6, 5, 2, -3, -2, 4, -6, -6, -3, -4, 0, 3, -2, 1]
 
0.5043760308102362: [2, 1, -4, 0, -3, -6, -5, -6, -4, 2, 3, 3, -1, 2, -2, -4, 6, -3, 4, -3, 6, 2, -2, 0, 5, 6, -6, -5, -4, 5, -5, -4, -6, -2, 3, 5, -6, -1, 6, 2, -4, -5, -1, 6, -2, -6, -6, 0, 3, 5, -5, -5, -4, 3, 0, -4, 6, 6, 1, -6, 3, -3, 0, -2, -3, -5, -2, -6, 0, -3, 6, -3, 5, -3, -2, -5, 0, 2, -4, 4, -5, 0, -5, -5, -2, -6, -1, -2, 5, 2, 1, 1, -2, 5, 4, 3, -3, -5, 4, -5, -2, 6, 2, 5, -1, 2, -2, -2, -6, 1, -1, 4, -3, 5, -3, 5, 1, -3, 0, 4, -4, 0, -3, -2, 4, -4, -1, 6]
 
0.949970423977: [1, 1, -3, 3, 0, -6, 6, -1, -2, 3, 3, 3, 4, -6, 1, -1, 3, -6, 3, 1, 2, -4, -3, -4, -3, 0, 1, 5, -4, -3, -2, -1, 3, 5, -4, 3, 1, -4, 2, -6, 2, 6, 6, 0, 0, -1, 3, -4, 4, -5, 4, 2, 1, 4, 0, -2, 1, 4, 5, -6, 0, -2, 6, 5, -6, -3, -2, 5, 6, -3, 6, 1, -6, -6, -6, -2, -2, -1, -4, 4, -1, 4, 4, -2, -3, -5, -2, -4, 4, -4, 0, -4, 2, -3, -5, 2, -6, -2, 4, 1, 6, 3, -3, 1, 0, 2, 4, 4, -6, 2, -2, 1, -6, 5, 2, -4, 1, 5, 6, 6, -4, 5, -3, 0, 6, -3, -4, 5]
 
1.0157320879192238: [6, -4, -3, 5, 0, -6, 6, -2, 4, -5, -5, -2, 3, -6, -3, 5, -6, 0, 5, 1, -6, 3, -2, 2, -3, 0, 1, -5, -4, 3, -4, -2, -6, 3, -2, -6, 6, -5, 1, 2, -3, -4, -1, 1, 2, 6, -3, -4, 4, 4, 4, -1, -5, 2, -1, -6, -2, 4, -4, 0, 6, -6, 0, 6, -4, -1, -2, -5, -6, -2, -1, -3, -3, -4, -4, 4, 1, 1, -5, 4, 1, -4, -6, 6, -3, -5, 5, -6, -5, -2, 0, -3, 6, -6, 4, 3, 6, -2, 4, -6, 6, -1, 0, 4, 4, -1, -3, -2, -3, -1, -2, 2, -3, 1, -3, 6, -6, 5, 3, -1, -4, 5, -3, 6, -1, 0, 3, 1]
 
2.1236870967964148: [-4, -2, -1, -1, -4, 5, -5, -2, 4, 3, 0, -6, 4, -6, -1, -6, -1, 6, 0, 1, -6, -3, -2, 2, -3, 6, 5, -5, 0, 5, -5, -5, -6, -5, -1, -2, 1, 1, 3, -4, -4, 4, -6, 0, -2, 3, -5, 0, -6, 5, -5, 1, -4, 3, 0, -1, 6, 6, -4, -6, 6, -2, 0, 5, -6, -1, -2, -5, -4, -5, 6, -3, -6, -4, 1, -5, 4, -1, -4, 4, -5, -4, -4, -4, -2, -6, 6, 5, 4, -2, 1, 4, 3, 6, 4, -5, -3, -5, 4, -6, 6, -1, 2, -6, -2, -1, -6, -2, -6, 2, -3, 2, -3, 5, 1, -6, 2, -3, -5, 0, -6, -6, -3, -2, 4, -2, -1, 4]
 
2.390093560983535: [3, 4, 6, 5, 0, -6, 6, -2, 4, -5, -1, 5, 3, 2, -3, 2, -6, 0, -4, 0, -1, 3, -2, 4, -3, -2, -2, -3, -6, 5, -3, 0, -4, 5, -5, 1, 1, 0, -3, -5, 4, 4, -5, 0, -2, 0, 5, -1, -6, 5, -5, 1, -4, 5, -2, -1, 6, 6, -4, -6, 5, -2, 0, 6, 1, 6, -4, 2, 3, -3, 6, -3, -6, -4, 1, -5, 0, -4, -4, 1, -6, -4, 1, 0, -3, -5, 5, -5, 4, -2, 0, 4, 0, 1, 6, -5, -1, -5, 5, -6, 6, -1, 2, -6, -1, 0, -6, 4, -6, 2, 5, 2, 2, 1, -3, 1, 2, -3, 0, 4, -6, -5, -3, -3, 4, 3, -4, 4]
 
2.3994852750335554: [1, 5, -4, -1, -4, 5, -5, -2, 4, 2, 0, -6, 4, -6, -1, -6, -1, 6, -5, 6, -6, -3, -2, 0, -3, 6, 5, -6, 0, 0, -5, -5, -6, 1, -1, 4, 1, 1, -2, 6, -4, 4, -6, 0, -2, 3, -5, 0, 0, 5, -5, 1, -4, 3, 0, 5, 6, -6, -4, -6, 6, -2, 0, 6, -6, 5, -3, -5, 6, 3, -1, -3, 5, 4, 1, -4, -1, -1, -4, 4, -5, -4, -4, 0, -2, 2, 6, 5, 0, -2, 1, 4, 3, 6, -5, 4, -3, -5, 4, -6, 6, -1, 2, -1, -2, -1, 3, -2, -6, 2, 3, 2, -6, -2, 3, 0, 1, -3, -5, 5, -1, 3, 1, -5, 2, 1, -2, 6]
 
1.08858765706: [6, 2, -6, 3, -6, 6, 4, -2, 1, 2, 2, -6, 6, -2, 2, -6, -1, 0, -2, 1, -3, 3, 0, 6, 1, 5, -5, -5, 2, 5, -5, 4, 0, 5, 4, 6, 2, 3, 6, -2, 4, -4, -3, -5, -4, 0, -6, -1, 5, 4, -2, 4, 3, 6, 1, 2, 6, 6, -4, 3, -2, -2, -3, 4, -5, -3, -2, 5, 3, -2, -4, 6, -4, -1, 1, -1, 4, -1, -4, 3, -1, -4, 2, -2, 6, -5, -3, 6, -6, -3, 3, -3, 6, 0, 6, -4, 5, -3, -6, 6, 6, -1, 0, -4, 3, 2, -3, -1, -1, -1, 1, 0, -3, -1, 4, 1, 3, -5, 4, 6, 1, 0, 4, 0, 4, -1, -4, 4]
 
1.3158036096232433: [1, -3, -3, -5, -2, 0, 1, -2, -5, -5, -6, 1, 4, 0, -4, -3, -2, 2, 5, 2, 5, 1, -2, -2, 1, 1, 6, -4, 1, 0, 4, -5, 4, -2, 3, 0, -6, 4, 6, 2, -4, -5, -1, 6, 2, 2, 1, 0, 3, 5, -5, 1, -4, 3, 0, -1, 6, 6, 2, -6, 5, -3, 0, -2, -3, -5, 3, -6, 0, -3, 6, -3, 3, -3, -2, -5, 3, -1, -4, 4, -5, -4, -5, -4, -2, -6, -1, 5, 4, 2, 1, 1, 3, 6, 4, -5, -3, -5, 4, -5, -2, 6, 2, 5, -4, 2, -2, -2, -6, 2, -3, 4, 0, 5, -3, 4, 1, -1, 0, -3, -4, 3, -3, 6, 4, 3, -1, -6]
 
0.8831628024404283: [1, -3, -3, -5, -2, 0, 1, -2, -5, -5, -6, 1, 4, 0, -4, -3, -2, 2, 5, 2, 5, 1, -2, -2, 1, 1, 6, -4, 1, 0, 4, -5, 4, -2, 3, 0, -6, 4, 6, 2, -4, -5, -1, 6, 2, 2, 1, 0, 3, 5, -5, 1, -4, 3, 0, -1, 6, 6, 2, -6, 5, -3, 0, -2, -3, -5, 3, -6, 0, -3, 6, -3, 3, -3, -2, -5, 3, -1, -4, 4, -5, -4, -5, -4, -2, -6, -1, 5, 4, 2, 1, 1, 3, 6, 4, -5, -3, -5, 4, -5, -2, 6, 2, 5, -4, 2, -2, -2, -6, 2, -3, 4, 6, 5, -3, -2, 6, -4, -1, -5, 3, 5, -1, -4, 0, 1, 6, -2]
 
0.939817726973807: [-5, 4, -3, 4, 6, 5, 2, 4, 2, 0, -3, 2, 3, 0, -5, -1, 1, 3, 4, -6, -3, 2, -6, -3, -1, 3, 6, 2, 6, 1, 5, -5, -2, -4, -1, 4, 1, -1, 6, 2, -4, -5, -1, 6, -2, -6, -6, 0, 3, 5, -5, -5, -4, 3, 0, -4, 6, 6, 1, -6, 3, -3, 0, -2, -3, -5, -2, -6, 0, -3, 6, -3, 5, -3, -2, -5, 0, 2, -4, 4, -5, 0, -5, -5, -2, -6, -1, -2, 5, 2, 1, 1, -2, 5, 4, 3, -3, -5, 4, -5, -2, 6, 2, 5, -1, 2, -2, -2, -6, 1, -1, 4, -3, 5, -3, 5, 1, -3, 0, 4, -4, 0, -3, -2, 4, -4, -1, 6]
 
1.547309373147504: [6, -3, -3, -1, 4, -6, -5, -2, 4, -4, 2, -6, -2, -6, -3, 5, -6, 0, 5, 1, -6, 3, -2, 2, -3, -2, -2, -5, -4, 5, -5, 0, -6, -2, 3, 0, -6, 4, 6, 2, -4, -5, -1, 6, 2, 2, 1, -4, 4, -3, 2, -4, -6, -4, 6, 4, -3, 4, -2, -5, 2, 1, 3, -6, -3, 4, 3, 3, 6, -6, 6, -6, -5, 5, -2, 6, -5, 6, -6, 3, -4, 5, -3, -4, 4, -5, -4, 5, -1, -3, 1, 4, -3, 1, 6, -3, -3, -5, 1, -3, 6, 3, 2, -6, -1, -1, 4, -2, -6, 2, -5, 2, -3, 0, -4, 1, 1, 5, 6, 4, 4, 3, -3, -5, 2, 3, -1, 1]
 
0.39785095659884795: [1, 3, -5, -1, 6, -3, -2, -1, -3, 5, 4, -5, 1, -3, -5, -6, 4, -4, -3, -1, 0, 2, 1, -1, -1, -3, -3, -3, -5, 5, 2, -3, -4, 0, 6, -6, 3, -1, 1, 5, -4, -2, 1, -2, -2, -1, -3, 0, -5, 2, -5, -4, 3, 5, 0, -2, 5, 2, -2, -6, -5, -5, 5, -1, 6, 0, 4, 1, 6, 0, -6, -2, -6, -6, -4, -2, 3, -2, -4, 4, -1, -4, 5, -5, 2, 4, -4, 2, 6, 5, 0, -3, -3, 4, -2, 6, 6, -6, -3, -4, -6, 1, 5, 0, -5, -6, 3, 2, 0, 4, 0, 3, -3, 5, -3, 5, 1, -3, 0, 4, -4, 0, -3, -2, 4, -4, -1, 6]
 
2.1274884429265697: [2, 1, -4, 0, -3, -6, -5, -6, -4, 2, 3, 3, -1, 2, -2, -4, 6, -3, 4, -3, 6, 2, -2, 0, 5, 6, -6, -5, -4, 5, -5, -4, -6, -2, 3, 5, -6, -1, 6, 2, 6, 0, 2, 1, 2, 6, -3, -4, 4, -2, 4, -1, -4, -5, -1, -6, -2, 1, -4, -6, -6, -2, 0, -3, -4, 6, -4, -5, -6, -4, 5, -3, -6, 6, 1, 0, 4, -1, -5, 6, -3, -5, -6, -5, 3, -5, 5, -2, -5, -3, -5, 4, 6, -6, -2, -4, 6, -2, -6, -6, -4, -3, 3, 4, 0, -1, -4, 5, -6, -3, -2, 3, -5, 2, -3, -2, 3, -4, 6, 1, -4, 1, 4, -3, 4, 3, -1, 2]
 
1.2342209167622986: [1, 3, -5, -1, 6, -3, -2, -1, -3, 5, 4, -5, 1, -3, -5, -6, 4, -4, -3, -1, 0, 2, 1, -1, -1, -3, -3, -3, -5, 5, 2, -3, -4, 0, 6, -6, 3, -1, 1, 5, -4, -2, 1, -2, -2, -1, -3, 0, -5, 2, -5, -4, 3, 5, 0, -2, 5, 2, -3, -6, 6, -2, 0, 5, -6, -1, 1, -5, -3, -2, 6, -3, 1, 1, 5, -6, 1, -4, -4, -6, -4, -6, -5, 2, -3, -5, 5, 6, -6, -2, 0, -3, 6, 1, -6, -5, -6, -2, 4, 4, -4, 5, -4, 4, 4, 5, -3, -1, 3, -2, -2, 2, -3, -2, -6, -4, 3, 6, 0, 6, 0, 5, -3, 1, -5, -1, -4, 6]
 
1.0432013419945136: [4, 1, -3, -6, -6, -6, 6, -6, -5, 6, 3, 3, -5, -3, -1, 1, -2, -3, -3, -5, -6, -4, -2, -6, 1, 1, 2, -4, 1, 0, 4, -5, 4, 2, -5, 0, 1, 0, -3, 1, -4, 4, -6, -2, -3, 3, 0, 4, -6, 5, -5, 1, 4, 3, 0, 4, 1, 6, 5, -6, 6, 3, 0, 5, -1, -1, -3, -5, -4, -5, 4, -6, -1, -4, 1, -5, 4, 0, -4, 4, -5, -4, -6, 6, 5, -5, 5, 6, -2, -2, 1, 4, 3, -2, -3, -5, 0, -5, -4, -6, 6, -1, 2, -6, 4, -1, -6, 6, -6, -6, -3, 2, 2, -6, 0, 1, 2, -3, 0, 4, -6, 1, 3, -2, 4, -5, -1, 2]
 
0.349357104107: [6, -3, -3, -2, 0, -6, 6, -6, -5, 2, 3, 2, -6, 3, -5, 3, -4, 1, 4, -2, -5, 4, 2, -2, -3, 2, 0, -6, -6, 5, -5, 0, -6, 5, 4, 6, 2, 4, 5, 3, -6, 0, -6, 0, 0, 0, 4, -5, -6, 4, -5, 2, 5, -3, 4, -6, 6, 6, -4, -6, 6, -2, 0, 5, 3, 5, 0, -5, -3, -6, -2, -3, -3, 3, -4, 6, 1, 2, 5, -3, -1, -5, -6, 6, -3, -5, 4, 2, 4, -2, 0, -3, 6, 6, -4, -4, 2, -2, 4, -4, 6, 0, 4, 4, 0, -1, -3, 0, -5, 2, 0, 2, -3, 5, -3, 2, 1, 5, -4, 3, -6, -6, 5, -1, 2, 4, -1, -6]
 
0.7025325908097617: [-5, 4, -3, 4, 6, 5, 2, 4, 2, 0, -3, 2, 3, 0, -5, -1, 1, 3, 4, -6, -3, 2, -6, -3, -1, 3, 6, 2, 6, 1, 5, -5, -2, -4, -1, 4, 1, 3, 3, -1, 5, 4, -6, 6, 6, 3, -2, -1, 5, 2, -6, -5, 5, 6, -5, 2, 3, -5, 4, 3, 6, 6, 0, -4, -2, -2, -2, 6, -4, -2, 5, -3, 3, 0, 3, 3, 4, 3, -4, 4, -5, -4, 1, 6, 2, -5, 1, -2, -2, -2, 0, -5, -3, -5, 5, -6, -3, 5, 4, 1, 1, 5, -2, 1, 3, 5, -3, -4, 3, -2, -2, 2, -3, 2, 4, -4, 1, 5, -3, 6, 0, 5, -3, -2, -3, 3, -5, 6]
 
0.713031838373: [-4, -2, -1, -1, 4, -5, -5, -2, 4, -5, -4, -6, 4, -6, -1, -5, -1, 6, 4, 2, -6, -6, -2, -2, -3, 3, 4, -5, 0, 5, -2, -5, 6, -5, -1, -2, 1, 2, -2, 5, -4, 4, -6, -6, 6, 6, -5, 0, -6, 6, -5, 4, -4, 3, 0, -1, 6, 6, -4, -6, 6, 0, 0, 5, 5, -5, -2, 4, -2, -1, 6, -3, 6, -4, 1, -5, 4, -1, 3, 4, -5, -4, -4, -4, -2, -6, 6, 5, -2, 3, 1, 4, 3, 6, 4, -5, -3, 0, 4, 2, 1, -1, 2, -6, -2, -1, -6, 4, -6, 2, 4, 2, 3, 4, 1, -6, 4, 5, 2, 4, -6, -6, 0, -4, 0, 3, 0, 0]
 
1.00353558404: [6, -6, -3, 4, 0, -6, -1, 2, -3, 2, 2, 5, -2, 4, -1, 5, -4, 0, -1, -1, -6, 3, -2, -5, -3, -5, -2, -3, -4, 3, 2, -6, 3, 3, 5, -1, 1, 0, -4, 2, -4, 1, -1, -2, 2, -4, 4, 0, 3, -2, 3, -6, 3, 6, 1, -1, 6, -5, -5, -6, 6, -2, 0, 0, -5, 6, -4, -6, 3, 4, -5, -4, -5, 4, -3, 1, 5, -4, -1, -1, 1, -1, 4, -3, -6, -3, 3, 0, -6, -4, 4, -3, 6, -3, 4, -4, 5, -5, 5, -5, -6, 3, -2, 1, -1, 0, -6, 3, -1, 2, -2, 5, -3, 0, -3, -4, 6, 6, 6, 4, 5, 6, 1, -2, -6, -1, -4, 6]
 
1.16261759613: [1, -4, 4, 5, 0, -2, -1, -3, 1, 4, 1, 2, 6, 6, 4, -3, -6, 0, -5, 5, -6, -2, 6, 2, -3, 0, 1, -3, 0, -1, -6, -6, -6, 1, 3, 0, 1, 1, -5, -4, -4, 4, -6, 0, -2, 3, -1, -5, -6, -3, -3, 0, 2, 1, 1, -5, -2, 5, -3, -6, 6, 5, 0, 6, -6, 5, -3, -5, -5, 3, -1, 3, 0, 5, 4, 5, -1, 1, 2, -3, 0, 2, 5, 4, 0, 3, 2, 5, 0, 3, -2, 1, 0, 6, -5, 4, -3, -5, 4, -6, 6, 2, 6, -1, 4, -6, -4, 6, -6, 2, 1, -3, -6, -2, -5, -1, 1, 2, -5, 5, -6, -5, -5, 5, 2, 1, 2, 6]
 
0.3010000565777261: [6, -5, -3, 5, 0, -6, -3, -2, 4, -1, -5, -6, 3, -6, -3, -1, -2, 0, 0, 1, -6, 3, -2, 2, -3, 0, 1, 4, -2, 3, 5, -2, -6, -5, -2, 3, -3, -3, -2, -2, -3, -4, 3, 2, 2, -5, -3, -5, 4, -2, -3, 0, -5, -3, 3, -6, -2, -3, 1, 0, 4, -6, 0, 6, 2, -1, -2, -5, -3, 6, 3, -3, 1, 3, 4, 1, 5, -4, -1, -6, 5, 1, 1, -2, -2, -6, 0, -4, 0, 4, 1, -3, -3, 6, 5, -4, 5, -2, -2, -3, 6, -1, 0, 4, 2, 2, -3, -2, -6, 2, -2, 5, 1, 5, -5, -4, 4, 4, 6, 0, -6, 5, -3, -2, 0, 3, 5, 1]
 
1.89490415757: [-4, -2, -1, -1, -4, 5, -5, -2, 4, 3, 0, -6, 4, -6, -1, -6, -1, 6, 0, 1, -6, -3, -2, 2, -3, 6, 5, -5, 0, 5, -5, -5, -6, -5, -1, -2, 1, 1, 3, -4, -4, 4, -6, 0, -2, 3, -5, 0, -6, 5, -5, 1, -4, 3, 0, -1, 6, 6, -4, -6, 6, -2, 0, 5, -6, -1, -2, -5, -4, -5, 6, -3, -6, -4, 1, -5, 4, -1, -4, 4, -5, -4, -4, -4, -2, -6, 6, 5, 4, -2, 1, 4, 3, 6, 4, -5, -3, -5, 4, -6, 6, -1, 2, -6, -2, -1, -6, -2, -6, 2, -3, 2, -3, 5, 1, -6, 2, -3, -5, 0, -6, -6, -3, -2, 4, -2, -1, 4]
 
1.0364503163: [-6, -4, 0, 6, 4, 6, -4, -2, 1, 1, 2, 6, 1, 6, -3, -3, -6, 0, -5, 5, -3, -2, 2, 2, -1, -2, -3, -5, 0, -1, -4, -5, -6, 1, -1, -3, 1, 1, -2, -4, -6, -5, -6, 0, -2, 5, -5, 0, -6, 5, 4, -3, -5, 2, 0, 3, -2, 5, 1, -6, 6, -2, 5, 5, -6, 5, 3, -5, -2, 5, -1, -3, 4, 4, 1, 5, -1, -6, -4, 2, 1, 5, -4, 4, -5, 2, 6, -3, 0, 2, 0, 3, 3, 6, -5, 0, -3, -5, 6, 5, 6, 2, 6, -1, -3, -4, 3, -3, -6, -6, 3, -3, -6, 4, -5, 6, 1, -3, 3, 5, -1, -3, -6, 5, 2, 1, 5, -6]
 
0.739302656577: [6, -3, -3, -1, 4, -6, -5, -2, 4, -4, 2, -6, -6, -6, 4, 1, 0, 1, 4, 3, 6, -4, -2, 2, -3, -3, 3, -2, -4, 2, -2, 0, -6, 5, 4, -3, 2, 3, -6, 5, -1, -2, -1, 0, 2, -4, 1, 0, 2, -6, 0, -6, -4, 3, 0, -1, 6, 6, -4, -6, 6, -2, 0, 5, -6, -1, -2, -5, -4, -5, 6, -3, -6, -4, 1, -5, 4, -1, -4, 4, -5, -4, -6, 6, 3, -5, 5, -2, -5, -3, -5, 4, 6, -6, -2, -4, 6, -2, -6, -6, -4, -3, 3, 4, 0, -1, -4, 5, -6, -3, -2, 3, -5, 2, -3, -2, 3, -4, 6, 1, -4, 1, 4, -3, 4, 3, -1, 2]
 
0.662523998565: [2, 1, -4, 0, -3, -6, -5, -6, -4, 2, 3, 3, -1, 2, -2, -4, 6, -3, 4, -3, 6, 2, -2, 0, 5, 6, -6, -5, -4, 5, -5, -4, -6, -2, 3, 5, -6, -1, 6, 2, 6, 0, 2, 1, 2, 6, -3, -4, 4, -2, 4, -1, -4, -5, -1, -6, -2, 1, -4, -6, -6, -2, 0, -3, -4, 6, -4, -5, -6, -4, 5, -3, -6, 6, 1, 0, 4, -1, -5, 6, -3, -5, -6, -5, -3, -5, 5, 6, 4, -2, 0, -3, 6, 6, 4, -4, -6, -2, 4, -6, 0, 3, 4, 1, -4, -1, -6, -2, -6, 2, -3, 2, -3, 5, 5, -6, 2, -3, -2, 4, -6, -6, -3, -2, 4, 3, -1, 6]
 
1.1247875766: [-4, 1, -2, -1, 1, -1, 4, 5, 4, 5, 4, -6, -5, -6, 5, -6, -5, 6, -4, 1, 6, -3, -2, -3, -3, -2, 0, -5, 0, 2, -5, -5, -6, 1, 4, -2, 3, 2, -3, -4, -3, 4, 5, 0, -2, 3, -6, 0, 6, -1, 3, -5, -1, 5, 3, 6, -1, 6, 3, -3, -5, -5, 0, 5, 6, -4, -2, 6, 0, 2, 4, -1, -6, -4, 6, -5, -5, -1, 5, -1, 3, -1, -6, 1, 6, -1, 5, 4, -2, -5, -6, 1, 6, -6, -5, -2, 3, -2, 1, -6, -4, -3, 3, -6, 0, -1, -5, 1, 1, -3, -2, -6, -3, 2, -3, 6, 5, 4, 6, -4, -4, 1, 3, -3, 2, 5, 0, -1]
 
2.06735248974: [6, -3, -3, -1, 4, -6, -5, -2, 4, -4, 2, -6, -6, -6, 4, 1, 0, 1, 4, 3, 6, -4, -2, 2, -3, -3, 3, -2, -4, 2, -2, 0, -6, 5, 4, -3, 2, 3, -6, 5, -1, -2, -1, 0, 2, -4, 1, 0, 2, -6, 0, -6, -4, 3, 0, -1, 6, 6, -4, -6, 6, -2, 0, 5, -6, -1, -2, -5, -4, -5, 6, -3, -6, -4, 1, -5, 4, -1, -4, 4, -5, -4, -4, -4, -2, -6, 6, 5, 4, -2, 1, 4, 3, 6, 4, -5, -3, -5, 4, -6, 6, -1, 2, -6, -2, -1, -6, -2, -6, 2, -3, 2, -3, 5, 1, -6, 4, 5, 1, 4, -6, -6, 1, -4, 0, 3, 0, 1]
 
1.73941670358: [-5, -4, 4, -1, -4, -4, -3, -6, 4, 2, -5, -6, -5, -6, -1, -6, -1, -1, 0, 1, -6, -3, -2, 2, -3, 6, 5, 2, 6, 0, -5, -5, 6, -3, -1, -2, 1, 1, -3, 1, -4, 4, -1, -6, -3, 0, -5, 4, -2, -6, -5, 1, -4, -5, 0, -4, 2, 6, -4, 1, 6, -2, 0, 5, -6, 0, -2, 2, 2, 0, 5, 0, -6, -4, 1, 2, 4, -1, -4, 4, -5, 5, -4, 2, -2, -6, 3, -4, 4, -2, 1, 4, 3, 6, -2, -5, -3, -4, 0, -6, -3, 2, 2, 0, -2, -1, 1, -2, -6, 2, -3, 2, -5, 5, 6, -6, 2, 6, -5, 0, -6, -6, -3, -2, -4, 4, -1, 4]
 
1.1654347197: [-4, -2, -1, -1, -4, 5, -5, -2, 4, 3, 0, -6, 4, -6, -1, -6, -1, 6, -5, 6, -6, -3, -2, 0, -3, 6, 5, -6, 0, 0, -5, -5, -6, 1, -1, 4, 1, 1, -2, 6, -4, 4, -6, 0, -2, 3, -5, 0, 0, 5, -5, 1, -4, 3, 0, 5, 6, -6, -4, -6, 6, -2, 0, 6, -6, 5, -3, -5, 6, 3, -1, -3, 5, 4, 1, -4, -1, -1, -4, 4, -5, -4, -4, 0, -2, 2, 6, 5, 0, -2, 1, 4, 3, 6, -5, 4, -3, -5, 4, -6, 6, -1, 2, -1, -2, -1, 3, -2, -6, 2, 3, 2, -6, -2, 3, 0, 1, -3, -5, 5, -1, 3, 1, -5, 2, 1, -2, 6]
 
0.721231746551: [6, -3, -3, -1, 4, -6, -5, -2, 4, -4, 2, -6, -6, -6, 4, 1, 0, 1, 4, 3, 6, -4, -2, -2, 1, 1, 6, -4, 1, 0, 4, -5, 4, -2, 3, 0, -6, 4, 6, 2, -4, -5, -1, 6, 2, 2, 1, 0, 3, 5, -5, 1, -4, 3, 0, -1, 6, 6, 2, -6, 5, -3, 0, -2, -3, -5, 3, -6, 0, -3, 6, -3, 3, -3, -2, -5, 3, -1, -4, 4, -5, -4, -5, -4, -2, -6, -1, 5, 4, 2, 1, 1, 3, 6, 4, -5, -3, -5, 4, -5, -2, 6, 2, 5, -4, 2, -2, -2, -6, 2, -3, 4, 6, 5, -3, -2, 6, -4, -1, -5, 3, 5, -1, -4, 0, 1, 6, -2]
 
2.19999562821: [1, -3, -3, -5, -2, 0, 1, -2, -5, -5, -6, 1, 4, 0, -4, -3, -2, 2, 5, 2, 5, 1, -2, 2, -3, -3, 3, -2, -4, 2, -2, 0, -6, 5, 4, -3, 2, 3, -6, 5, -1, -2, -1, 0, 2, -4, 1, 0, 2, -6, 0, -6, -4, 3, 0, -1, 6, 6, -4, -6, 6, -2, 0, 5, -6, -1, -2, -5, -4, -5, 6, -3, -6, -4, 1, -5, 4, -1, -4, 4, -5, -4, -4, -4, -2, -6, 6, 5, 4, -2, 1, 4, 3, 6, 4, -5, -3, -5, 4, -6, 6, -1, 2, -6, -2, -1, -6, -2, -6, 2, -3, 2, -3, 5, 1, -6, 4, 5, 1, 4, -6, -6, 1, -4, 0, 3, 0, 1]
 
0.672323444445: [-4, -2, -1, -1, 4, -6, -5, -2, 4, -4, 2, -6, -6, -6, 4, 1, 0, 1, 4, 3, 6, -4, -2, -2, 1, 1, 6, -4, 1, 0, 4, -5, 4, -2, 3, 0, -6, 4, 6, 2, -4, -5, -1, 6, 2, 2, 1, 0, 3, 5, -5, 1, -4, 3, 0, -1, 6, 6, 2, -6, 5, -3, 0, -2, -3, -5, 3, -6, 0, -3, 6, -3, 3, -3, -2, -5, 3, -1, -4, 4, -5, -4, -5, -4, -2, -6, -1, 5, 4, 2, 1, 1, 3, 6, 4, -5, -3, -5, 4, -5, -2, 6, 2, 5, -4, 2, -2, -2, -6, 2, -3, 4, 6, 5, -3, -2, 6, -4, -1, -5, 3, 5, -1, -4, 0, 1, 6, -2]
 
1.38002301754: [-3, 3, -3, -1, -4, 5, -5, -6, -5, -6, -4, -6, -5, -6, -1, 4, -1, 6, 0, 1, -6, -3, 2, 2, -5, 6, 2, -5, 0, 2, -5, -5, -6, 6, 1, -2, 1, -5, 3, -3, -4, 3, -6, 0, 0, 3, -5, -1, -6, 5, -5, 1, -4, -5, -5, -1, 6, 6, -3, 0, 6, 2, 2, 5, 5, 1, -2, 3, -2, -5, 6, -3, -6, -4, -1, -5, -6, 0, -4, 4, -1, -4, -3, -4, -1, 6, -1, 5, 4, -2, 1, 4, 3, 6, 6, -5, -3, -5, 2, -6, 6, -1, -1, -6, -1, -4, -6, 3, -6, 1, 2, -4, -3, 5, 1, -5, 4, -6, 1, 4, 6, -3, 1, -4, 0, 3, 0, 1]
 
1.01913175055: [2, 1, -4, 0, -3, -6, -5, -6, -4, 2, 3, 3, 4, 0, -4, -3, -2, 2, 5, 2, 5, 1, -2, -2, 1, 1, 6, -4, 1, 0, 4, -5, 4, -2, 3, 0, -6, 4, 6, 2, -4, -5, -1, 6, 2, 2, 1, 0, 3, 5, -5, 1, -4, 3, 0, -1, 6, 6, 2, -6, 5, -3, 0, -2, -3, -5, 3, -6, 0, -3, 6, -3, 3, -3, -2, -5, 3, -1, -4, 4, -5, -4, -5, -4, -2, -6, -1, 5, 4, 2, 1, 1, 3, 6, 4, -5, -3, -5, 4, -5, -2, 6, 2, 5, -4, 2, -2, -2, -6, 2, -3, 4, 0, 5, -3, 4, 1, -1, 0, -3, -4, 3, -3, 6, 4, 3, -1, -6]
 
0.834211232826: [1, -3, -3, -5, -2, -4, -5, -2, -5, 3, -6, -4, 4, 2, 5, -3, -2, -3, 4, -3, -5, 2, -2, 0, 5, -6, -6, -5, -4, 5, -1, -6, -6, -6, -3, 4, 0, 4, 6, 2, 6, 3, 3, -3, -3, 0, -3, -4, 4, -2, 4, -1, -4, 2, -5, 5, -2, 1, -4, -6, -2, -6, 0, -3, 2, 0, -4, 2, -6, -1, 5, -5, -6, 6, 1, 0, -3, -1, -5, 6, -3, -5, -6, -5, -3, -5, 5, 3, 4, -2, 0, -3, 3, 6, -3, -4, -6, -1, 4, -6, 0, 3, 3, 5, -5, -1, -6, 3, 5, 1, -3, 2, -3, 5, 5, 0, 2, -3, -2, 4, -6, -6, -3, 5, 6, 3, -1, 6]
 
1.33214019075: [1, 3, -3, -1, 6, -3, 6, -1, -3, -6, 4, -5, 1, 6, -5, -6, 4, -4, -3, -1, 3, 0, 1, -1, 2, -3, -3, -3, 0, 5, 4, -3, 2, 0, 6, 3, -6, -4, 1, 5, -4, -5, 1, 3, 6, -5, -3, 0, -5, 2, -3, -4, 3, 3, 0, -2, -6, -6, -3, -6, 6, -2, 0, -5, 3, -5, 1, -2, -1, -2, 6, 3, -1, -6, 5, -6, -2, -4, -4, -5, -6, -6, -1, 4, -3, -4, -2, 6, -6, 3, 0, -3, 4, 1, -6, -5, 6, -3, 4, 4, -1, 5, -6, 1, 4, -5, 0, -1, 3, -2, -2, 2, -2, -2, -6, -4, 3, 6, 0, 0, -2, -6, -1, 0, 4, -2, -1, 4]
 
2.02555126712: [-4, -2, -1, -1, -4, 5, -5, -2, 4, 3, 0, -6, 4, -6, -1, -6, -1, 6, 0, 1, -6, -3, -2, 2, -3, 6, 5, -5, 0, 5, -5, -5, -6, -5, -1, -2, 1, 1, 3, -4, -4, 4, -6, 0, -2, 3, -5, 0, -6, 5, -5, 1, -4, 3, 0, -1, 6, 6, -4, -6, 6, -2, 0, 5, -6, -1, -2, -5, -4, -5, 6, -3, -6, -4, 1, -5, 4, -1, -4, 4, -5, -4, -4, -4, -2, -6, 6, 5, 4, -2, 1, 4, 3, 6, 4, -5, -3, -5, 4, -6, 6, -1, 2, -6, -2, -1, -6, -2, -6, 2, -3, 2, -3, 5, 1, -6, 2, -3, -5, 6, 0, 5, -3, 1, -5, -1, -4, 6]
 
0.938295819187: [-4, -2, -1, -1, 4, -6, -5, -2, 4, -4, 2, -6, -6, -6, 4, 1, 0, 1, 4, 3, 6, -4, -2, -2, 1, 1, 6, -4, 1, 0, 4, -5, 4, -2, 3, 0, -6, 4, 6, 2, -4, -5, -1, 6, 2, 2, 1, 0, 3, 5, -5, 1, -4, 3, 0, -1, 6, 6, 2, -6, 5, -2, 0, 5, -6, -1, -2, -5, -4, -5, 6, -3, -6, -4, 1, -5, 4, -1, -4, 4, -5, -4, -6, 6, 3, -5, 5, -2, -5, -3, -5, 4, 6, -6, -2, -4, 6, -2, -6, -6, -4, -3, 3, 4, 0, -1, -4, 5, -6, -3, -2, 3, -5, 2, -3, -2, 3, -4, 6, 1, -4, 1, 4, -3, 4, 3, -1, 2]
 
1.12835623157: [6, -3, -3, -1, 4, -6, -5, -2, 4, -4, 2, -6, -6, -6, 4, 1, 0, 1, 4, 3, 6, -4, -2, 2, -3, -3, 3, -2, -4, 2, -2, 0, -6, 5, 4, -3, 2, 3, -6, 5, -1, -2, -1, 0, 2, -4, 1, 0, 2, -6, 0, -6, -4, 3, 0, -1, 6, 6, -4, -6, 6, -3, 0, -2, -3, -5, 3, -6, 0, -3, 6, -3, 3, -3, -2, -5, 3, -1, -4, 4, -5, -4, -5, -4, -2, -6, -1, 5, 4, 2, 1, 1, 3, 6, 4, -5, -3, -5, 4, -5, -2, 6, 2, 5, -4, 2, -2, -2, -6, 2, -3, 4, 6, 5, -3, -2, 6, -4, -1, -5, 3, 5, -1, -4, 0, 1, 6, -2]
 
0.530987609017: [6, -3, -3, -1, 4, -6, -5, -2, 4, -4, 2, -6, -6, -6, 4, 1, 0, 1, 4, 3, 6, -4, -2, 2, -3, -3, 3, -2, -4, 2, -2, 0, -6, 5, 4, -3, 2, 3, -6, 5, -1, -2, -1, 0, 2, -4, 1, 0, 2, -6, 0, -6, -4, 3, 0, -1, 6, 6, -4, -6, 6, -2, 0, 5, -6, -1, -2, -5, -4, -5, 6, -3, 3, -3, -2, -5, 3, -1, -4, 4, -5, -4, -5, -4, -2, -6, -1, 5, 4, 2, 1, 1, 3, 6, 4, -5, -3, -5, 4, -5, -2, 6, 2, 5, -4, 2, -2, -2, -6, 2, -3, 4, 6, 5, -3, -2, 6, -4, -1, -5, 3, 5, -1, -4, 0, 1, 6, -2]
 
1.34208224734: [6, -3, -3, -1, 4, -6, -5, -2, 4, -4, 2, -6, -6, -6, 4, 1, 0, 1, 4, 3, 6, -4, -2, -2, 1, 1, 6, -4, 1, 0, 4, -5, 4, -2, 3, 0, -6, 4, 6, 2, -4, -5, -1, 6, 2, 2, 1, 0, 3, 5, -5, 1, -4, 3, 0, -1, 6, 6, 2, -6, 5, -3, 0, -2, -3, -5, 3, -6, 0, -3, 6, -3, -6, -4, 1, -5, 4, -1, -4, 4, -5, -4, -4, -4, -2, -6, 6, 5, 4, -2, 1, 4, 3, 6, 4, -5, -3, -5, 4, -6, 6, -1, 2, -6, -2, -1, -6, -2, -6, 2, -3, 2, -3, 5, 1, -6, 4, 5, 1, 4, -6, -6, 1, -4, 0, 3, 0, 1]
 
0.338788223108: [1, -4, -3, 5, 0, -2, 6, -2, 1, 1, -5, -2, 2, 6, -3, -3, -6, 0, -5, 5, -6, -2, 6, 2, -3, 0, 1, -5, 0, -1, -4, -5, -6, 1, -1, 4, 1, 1, -2, -4, -4, 4, -6, 0, -2, 3, -5, 0, -6, 5, 4, 1, -4, 2, 0, -5, -2, 5, 6, -6, 6, -2, 0, 6, -6, 5, 3, -5, -2, 3, -1, -3, 0, 4, 1, 5, -1, -1, -4, 2, 0, 5, -4, 4, -2, 2, -6, 5, 0, 3, 0, 1, 3, 6, -5, 4, -3, -5, 4, -6, 6, 2, 6, -1, -2, -1, 3, -3, -6, 2, 3, -3, -6, -2, -5, -1, 1, -3, -5, 5, -1, -3, -6, 5, 2, 1, 5, 6]
 
0.608993070285: [6, -3, -3, -5, -2, 0, 1, -2, -5, -5, -6, 1, 4, 0, -4, -3, -2, 2, 5, 2, 5, 1, -2, -2, 1, 1, 6, -4, 1, 0, 4, -5, 4, -2, 3, 0, -6, 4, 6, 2, -4, -5, -1, 6, 2, 2, 1, 0, 3, 5, -5, 1, -4, 3, 0, -1, 6, 6, 2, -6, 5, -3, 0, -2, -3, -5, 3, -6, 0, -3, 6, -3, 3, -3, -2, -5, 3, -1, -4, 4, -5, -4, -5, -4, -2, -6, -1, 5, 4, 2, 1, 1, 3, 6, 4, -5, -3, -5, 4, -5, -2, 6, 2, 5, -4, 2, -2, -2, -6, 2, -3, 4, 6, 5, -3, -2, 6, -4, -1, -5, 3, 5, -1, -4, 0, 1, 6, -2]
 
1.27944223124: [1, 5, -4, -1, -4, 5, -5, -2, 4, 2, 0, -6, 4, -6, -1, -6, -1, 6, -5, 6, -6, -3, -2, 0, -3, 6, 5, -6, 0, 0, -5, -5, -6, 1, 3, -6, -2, -5, 6, 2, 6, 0, 2, 1, 2, 6, -3, -4, 4, -2, 4, -1, -4, -5, -1, -6, -2, 1, -4, -6, -6, -2, 0, -3, -4, 6, -4, -5, -6, -4, 5, -3, -6, 6, 1, 0, 4, -1, -5, 6, -3, -5, -6, -5, 3, -5, 5, -2, -5, -3, -5, 4, 6, -6, -2, -4, 6, -2, -6, -6, -4, -3, 3, 4, 0, -1, -4, 5, -6, -3, -2, 3, -5, 2, -3, -2, 3, -4, 6, 1, -4, 1, 4, -3, 4, 3, -1, 2]
 
1.47558153209: [5, 1, -5, -6, 2, -3, -4, -2, 4, -4, 2, -6, -2, 4, -3, 5, -6, 0, 5, 1, 1, 3, -2, -3, 1, 0, -2, -5, -4, 3, 2, -2, -6, -2, -1, 4, 1, 1, -2, 6, -4, 4, -6, 0, -2, 3, -5, 0, 0, 5, -5, 1, -4, 3, 0, 5, 6, -6, -4, -6, 6, -2, 0, 6, -6, 5, -3, -5, 6, 3, -1, -3, 5, 4, 1, -4, -1, -1, -4, 4, -5, -4, -4, 0, -2, 2, 6, 5, 0, -2, 1, 4, 3, 6, -5, 4, -3, -5, 4, -6, 6, -1, 2, -1, -2, -1, 3, -2, -6, 2, 3, 2, -6, -2, 3, 0, 1, -3, -5, 5, -1, 3, 1, -5, 2, 1, -2, 6]
 
0.597212779249: [6, -3, -3, -1, 4, -6, -5, -2, 4, -4, 2, -6, -6, -6, 4, 1, 0, 1, 4, 3, 6, -4, -2, 2, -3, -3, 3, -2, -4, 2, -2, 0, -6, 5, 4, -3, 2, 3, -6, 5, -1, -2, -1, 0, 2, -4, 1, 0, 2, -6, 0, -6, -4, 3, 0, -1, 6, 6, -4, -6, 6, -3, 0, -2, -3, -5, 3, -6, 0, -3, 6, -3, 3, -3, -2, -5, 3, -1, -4, 4, -5, -4, -5, -4, -2, -6, -1, 5, 4, 3, -5, 5, 6, 5, -2, -4, -3, -2, -6, -6, -4, 6, 3, 6, 0, -1, 4, 5, -6, -3, -2, 3, 0, -6, -3, -2, 3, 3, 6, 2, -4, -6, 4, -3, 4, 5, 2, 2]
 
0.919472503104: [5, -4, 4, 2, 0, -5, 6, -1, -2, -5, -1, 5, 5, 6, -3, -5, -6, 2, -6, 5, -1, 3, -2, 2, 5, 0, -3, -5, -4, 3, 2, -4, -6, -6, 3, 2, 4, -2, -1, 2, 6, -4, 2, 4, 2, -6, -3, -2, 4, 2, 4, -1, 0, 2, -2, -6, -2, -4, 6, -4, -6, 2, 0, -3, 6, 6, -4, -5, -6, -4, 5, -1, 5, 6, 3, -5, 4, -1, -5, 4, -3, -2, 6, -5, -6, 2, -1, -3, 2, 2, 3, 1, -5, 6, 4, 2, -3, -5, 4, -5, -2, 6, 3, 5, 0, 2, -2, 3, -6, -1, -3, 4, 3, 5, 0, -2, 6, -4, -1, 3, 3, 5, -1, 6, 0, -3, -4, 2]
 
3.24132783421: [6, -3, -3, 4, 0, -6, 6, -6, -5, 2, 3, 2, 4, 3, -5, 1, -4, 1, 4, -6, -5, 4, -5, 2, -3, -5, -2, -5, -4, 5, -5, 0, -6, 5, 4, 6, 2, -5, -3, 3, -6, 0, -6, -5, 0, 0, 4, -1, -6, 4, -5, 4, 3, -3, 4, 2, 6, 6, -4, -6, 6, -2, 0, 5, -6, -1, -2, -5, -4, -5, 6, -3, -6, -4, 1, -5, 4, -1, -4, 4, -5, -4, -4, -4, -2, -6, 6, 5, 4, -2, 1, 4, 3, 6, 4, -5, -3, -5, 4, -6, 6, -1, 2, -6, -2, -1, -6, -2, -6, 2, -3, 2, -3, 5, 1, -6, 4, 5, 1, 4, -6, -6, 1, -4, 0, 3, 0, 1]
 
0.299670007008: [1, -3, -3, -5, -2, 0, 1, -2, -5, -5, -6, 1, 4, 0, -4, -3, -2, 2, 5, 2, 5, 1, -2, 2, -3, -3, 3, -2, -4, 2, -2, 0, -6, 5, 4, -3, 2, 3, -6, 5, -1, -2, -1, 0, 2, -4, 1, 0, 2, -6, 0, -6, -4, 3, 0, -1, 6, 6, -4, -6, 6, -2, 0, 5, -6, -1, -2, -5, -3, -2, -2, -3, -3, -4, -4, 6, 1, 6, -4, 4, -5, -4, -6, 6, -3, -5, 5, 6, 4, -2, 0, -3, 6, 6, 4, -4, -6, -2, 4, -6, 6, -1, 0, 4, 4, 2, -3, -2, -6, 2, -2, 2, -3, 5, -3, -4, 1, 5, 6, 4, -6, -6, -3, 2, 4, 4, -1, -6]
 
0.906152824359: [2, 1, -4, 0, -3, -6, -5, -6, -4, 2, 3, 3, -1, 2, -2, -4, 6, -3, 4, -3, 6, 2, -2, 0, 5, 6, -6, -5, -4, 5, -5, -4, -6, -2, 3, 5, -6, -1, 6, 2, 6, 0, 2, 1, 2, 6, -3, -4, 4, -2, 4, -1, -4, -5, -1, -6, -2, 1, -4, -6, -6, -2, 0, -3, -4, 6, -4, -5, -6, -4, 5, -3, 5, -3, -2, -5, 0, 2, -4, 4, -5, 0, -5, -5, -2, -6, -1, -2, 5, 2, 1, 1, -2, 5, 4, 3, -3, -5, 4, -5, -2, 6, 2, 5, -1, 2, -2, -2, -6, 1, -1, 4, -3, 5, -3, 5, 1, -3, 0, 4, -4, 0, -3, -2, 4, -4, -1, 6]
 
0.729450489298: [-5, 4, -3, 4, 6, 5, 2, 4, 2, 0, -3, 2, 3, 0, -5, -1, 1, 3, 4, -6, -3, 2, -6, -3, -1, 3, 6, 2, 6, 1, 5, -5, -2, -4, -1, 4, 1, -1, 6, 2, -4, -5, -1, 6, -2, -6, -6, 0, 3, 5, -5, -5, -4, 3, 0, -4, 6, 6, 1, -6, 3, -3, 0, -2, -3, -5, -2, -6, 0, -3, 6, -3, -6, 6, 1, 0, 4, -1, -5, 6, -3, -5, -6, -5, 3, -5, 5, -2, -5, -3, -5, 4, 6, -6, -2, -4, 6, -2, -6, -6, -4, -3, 3, 4, 0, -1, -4, 5, -6, -3, -2, 3, -5, 2, -3, -2, 3, -4, 6, 1, -4, 1, 4, -3, 4, 3, -1, 2]
 
0.930967309766: [-5, 4, -3, 4, 6, 5, 2, 4, 2, 0, -3, 2, 3, 0, -5, -1, 1, 3, 4, -6, -3, 2, -6, -3, -1, 3, 6, 2, 6, 1, 5, -5, -2, -4, -1, 4, 1, -1, 6, 2, -4, -5, -1, 6, -2, -6, -6, 0, 3, 5, -5, -5, -4, 3, 0, -5, -2, 5, 6, -6, 6, -2, 0, 6, -6, 5, 3, -5, -2, 3, -1, -3, 0, 4, 1, 5, -1, -1, -4, 2, 0, 5, -4, 4, -2, 2, -6, 5, 0, 3, 0, 1, 3, 6, -5, 4, -3, -5, 4, -6, 6, 2, 6, -1, -2, -1, 3, -3, -6, 2, 3, -3, -6, -2, -5, -1, 1, -3, -5, 5, -1, -3, -6, 5, 2, 1, 5, 6]
 
1.84859792154: [1, -4, -3, 5, 0, -2, 6, -2, 1, 1, -5, -2, 2, 6, -3, -3, -6, 0, -5, 5, -6, -2, 6, 2, -3, 0, 1, -5, 0, -1, -4, -5, -6, 1, -1, 4, 1, 1, -2, -4, -4, 4, -6, 0, -2, 3, -5, 0, -6, 5, 4, 1, -4, 2, 0, -4, 6, 6, 1, -6, 3, -3, 0, -2, -3, -5, -2, -6, 0, -3, 6, -3, -6, 6, 1, 0, 4, -1, -5, 6, -3, -5, -6, -5, 3, -5, 5, -2, -5, -3, -5, 4, 6, -6, -2, -4, 6, -2, -6, -6, -4, -3, 3, 4, 0, -1, -4, 5, -6, -3, -2, 3, -5, 2, -3, -2, 3, -4, 6, 1, -4, 1, 4, -3, 4, 3, -1, 2]
 
