2.429708578332514: [-1, -3, 4, 6, 6, -6, -6, -2, 6, -6, -6, 6, 3, 2, 0, 1, 3, 4, 0, -5, -1, 5, 1, 5, -4, 3, 4, 5, -2, 0, 5, 0, -6, -5, -1, -2, 5, -4, 3, -2, -5, 4, -3, -6, -5, 1, -1, -2, 1, 6, 3, -1, -4, 3, -2, 6, -6, -4, 5, -3, -3, 4, 0, 5, -6, 3, -4, -2, -4, -1, 6, 5, -2, 4, 4, -6, 0, 3, -2, -2, -1, -3, -4, 0, -2, -5, 5, -1, -6, 5, -3, 4, 4, 6, -1, -2, -2, -1, -6, -4, -4, -5, -4, -6, -4, 6, 1, 3, -6, 3, 4, 1, 0, 2, 0, -5, 3, 0, 1, 6, -2, -3, 5, -4, -3, 6, 4, -3]
 
2.1210119307208775: [6, -3, -4, 3, -4, -6, 5, -2, 5, -6, -2, 1, -3, 4, 0, 1, 3, 2, 0, 4, -1, -6, 1, -4, 2, 0, 4, 6, 6, 2, 1, -1, -5, 2, 6, 5, -6, -4, 6, 0, -5, -5, -2, 3, 4, 0, 6, 0, -5, 6, 4, 6, -4, 3, -2, -2, -6, -2, 5, -2, -3, -2, 0, 5, -6, -6, -4, -5, -4, 1, 6, 5, 5, -4, -1, -5, 0, 3, 6, -2, 1, -3, -4, 0, 1, -3, 5, -4, -6, 5, 2, 4, 2, 6, -2, 6, -2, -1, 1, -4, -4, 1, -4, 5, -3, -6, 1, 3, -2, 3, 4, 4, 1, 5, 0, 4, 6, -5, -5, -6, -6, 3, 3, 6, -2, 6, -6, -2]
 
1.4105555220561001: [5, 6, -3, 2, -3, -6, 0, -4, 4, -4, 2, 1, -6, -2, 4, 2, 3, 2, -2, -5, 3, 5, -1, -3, -6, -6, -1, -1, -4, 5, 5, 0, -6, -5, -1, -2, 5, -4, -3, -2, 4, 0, -3, -6, 5, 2, -1, -2, 3, 1, 3, -1, -4, 3, -2, 6, -6, -4, 5, -2, -3, 6, 0, 5, -6, -6, -4, -2, -4, -1, 6, -5, 5, -1, 5, -5, 3, 3, 4, -2, -6, 6, 3, -5, 6, 5, -3, 2, 0, -1, 5, -2, 5, 3, 3, -5, -1, -2, -4, -6, 5, -2, 3, -6, -6, -2, -6, 3, 2, -1, -3, 3, 0, 0, -1, 4, 6, 3, 4, -6, -1, -2, 3, -3, -1, -1, -3, -3]
 
1.936069654358299: [-3, -6, 6, 1, -1, 0, -2, 2, 2, -4, -2, 1, -3, -4, 4, 4, -2, 2, 2, -4, 3, 4, -1, 6, -2, -6, 2, -1, -1, 5, 5, 0, -6, 6, -1, -2, 5, -4, 3, -2, -6, 4, 0, -6, -5, 0, -1, 1, 1, 6, -1, -1, -4, 3, 3, -3, -6, -4, 5, -2, -3, 4, 0, 5, -6, -6, -4, -6, -4, -1, 5, 5, 5, -2, -3, -5, -4, -2, 4, 0, 1, -3, 4, 0, 1, -4, 0, -4, -3, -3, -3, 4, 4, -6, 5, -2, -6, -1, -6, 1, -4, 5, 1, -4, 5, -1, -4, 3, -5, 3, 1, -4, 0, 5, -6, -1, -1, -5, 6, 4, -1, 5, 5, -6, 4, -6, 6, 4]
 
1.7205536424812413: [6, 5, -4, 3, -4, -6, -6, -2, 5, -6, -1, 1, -2, 5, 4, 2, 1, 2, 0, -4, -6, 5, 1, 6, -2, -6, 4, -4, 2, 4, 5, 1, -6, 5, 1, -2, 5, 1, 3, -2, 6, -3, 0, -2, 3, 1, -1, -3, -5, 6, 4, -1, -4, 3, -2, 6, -6, -4, 5, -2, -3, -2, 0, 5, -6, -6, 0, -2, -4, -1, 6, 5, 5, -4, 5, 0, -5, 3, 4, -2, -6, 6, 3, -5, 6, 5, -3, 2, 0, -1, 5, 5, 3, -1, 3, -5, -1, -2, -5, -6, 5, -2, 3, -1, -6, -2, -6, 6, 4, 1, 4, 4, 1, 5, 0, 4, 6, 3, 4, -6, -6, -2, 3, 6, -2, -2, -3, -3]
 
2.23056795338: [0, -3, -5, 5, -4, 3, 1, -3, -6, 5, 1, 6, -4, -5, 0, 1, -4, 5, 0, -5, -1, 1, 6, -1, -2, -6, -6, -5, 6, -3, 5, -6, 5, -4, -1, 1, 5, 1, -5, -2, 3, 6, 0, -2, -5, 1, -1, -2, -1, 6, 4, -1, -4, 3, -2, 6, -6, 5, 5, -2, -3, -2, 0, 5, -6, -6, 0, 2, -4, -5, -3, 5, 5, -4, 5, 0, -5, 3, 4, -2, 1, -3, 1, -2, 1, 2, -3, -5, -3, -3, 2, 4, 5, -6, 6, -4, 5, 6, -6, 1, -4, -6, 2, 5, -2, -1, -4, 3, -6, -6, -3, -2, 0, 4, 5, 0, -4, -5, 6, -5, 5, 6, -1, -6, 4, -6, -3, 4]
 
2.5034974514554804: [4, -3, 4, -5, 6, 4, 1, -2, 5, -5, 2, 1, 1, -1, 4, 2, 1, 2, 2, -5, 3, 5, -1, 6, -2, 5, 6, -1, -5, 5, 5, 0, -6, -5, 6, -2, 5, -4, 6, 5, -4, 4, -3, -6, 4, 0, 6, -3, -5, 6, 4, -1, -6, 3, -2, 6, -6, -4, 5, -2, -3, -2, 0, 5, -6, -6, -4, -2, -4, -1, 6, 5, 5, -4, 5, -5, -4, 3, 6, -2, 1, -3, -4, 0, 1, -3, 5, -4, -6, 5, -3, 4, 2, 6, -2, -2, -2, -2, -5, -6, 5, -2, 3, -1, -6, -2, -6, 3, 2, -1, -5, 4, 1, 5, 0, 4, 6, 3, 4, -6, -6, -2, 3, 6, -2, -2, -3, -3]
 
2.2525974710114127: [4, -3, 4, -5, 6, 4, 1, -2, 5, -5, 2, 1, 1, -1, 4, 2, 1, 2, 2, -5, 3, 5, -1, 6, -2, 5, 6, -1, -5, 5, 5, 0, -6, -5, 6, -2, 5, -4, 6, 5, -4, 4, -3, -6, 4, 0, 6, -3, -5, 6, 4, -1, -6, 3, -2, 6, -6, -4, 5, -2, -3, -2, 0, 5, -6, -6, -4, -2, -4, -1, 6, 5, 5, -4, 5, -5, -4, 3, 6, -2, 1, -3, -4, 0, 1, -3, 5, -4, -6, 5, -3, 4, 2, 6, -2, -2, -2, -1, -6, -4, -4, -5, -4, 5, -6, -2, -6, 6, 4, 1, 4, 4, 1, 5, 0, 4, 6, 3, 4, -6, -6, -2, 3, 6, -2, -2, -3, -3]
 
1.7661434577775048: [-3, -6, 6, 1, -1, 0, -2, 2, 2, -4, -2, 1, -3, -4, 4, 4, -2, 2, 2, -4, 3, 4, -1, 6, -2, -6, 2, -1, -1, 5, 5, 0, -6, 6, -1, -2, 5, -4, 3, -2, -6, 4, 0, -6, -5, 0, -1, 1, 1, 6, -1, -1, -4, 3, 3, -3, -6, -4, 5, -2, -3, 4, 0, 5, -6, -6, -4, -6, -4, -1, 5, 5, 5, -4, 5, -5, -4, 3, 2, 4, 4, -6, -4, 0, 1, -3, -6, -4, -6, 5, -3, 4, 2, 6, -2, -2, -1, -1, -6, -4, -4, -5, -4, 5, -3, 6, 6, 3, -6, 1, 4, 4, 1, 5, 0, 4, 6, 3, 5, -6, -6, -2, 3, 6, -4, -2, -3, -3]
 
2.914829069783517: [-3, -6, 6, 1, -1, 0, -2, 2, 2, -4, -2, 1, -3, -4, 4, 4, -2, 2, 2, -4, 3, 4, -1, 6, -2, -6, 2, -1, -1, 5, 5, 0, -6, 6, -1, -2, 5, -4, 3, -2, -6, 4, 0, -6, -5, 0, -1, 1, 1, 6, -1, -1, -4, 3, 3, -3, -6, -4, 5, -2, -3, 4, 0, 5, -6, -6, -4, -6, -4, -1, 5, 5, 5, -4, 5, -5, -4, 3, 2, 4, 4, -6, -4, 0, 1, -3, -6, -4, -6, 5, -3, 4, 2, 6, -2, -2, -1, -1, -6, -4, -4, -5, -4, -2, -4, 0, -4, 3, -6, -6, -3, -2, 0, 4, 5, 6, -4, -5, 6, -5, -3, 6, 4, -6, 4, -6, -3, 4]
 
1.1135764283655574: [-3, -5, 0, 1, -1, 0, -2, 2, -5, -4, -2, 3, 2, -4, 4, 4, 3, 2, 2, -4, 3, 4, -1, 6, 4, -5, 2, 5, -1, 1, 5, 0, -6, 6, -1, 3, 5, -4, 3, -2, -6, 4, -1, 1, -5, 0, -1, 1, 1, -5, -1, -1, -4, 3, 3, -3, 5, -4, 5, 4, -3, 4, -3, 5, -6, -6, -4, -6, 6, -1, 5, 5, 5, -4, 5, 4, 3, 3, -2, 4, 4, -6, 3, -6, 0, 4, -3, 2, 0, 0, 5, 5, 3, -1, 3, -2, 6, -2, -5, -6, 5, -2, 3, -1, -6, -2, -6, 3, 2, -1, -5, 4, 1, 5, 0, -2, -4, 3, -4, -6, -6, -2, 3, 4, -2, -2, -3, -3]
 
1.161795552033034: [5, 6, -3, 2, 0, -6, 0, -2, 4, -4, -6, 6, 3, 2, 0, 1, 3, 4, 0, -5, -1, -6, 1, -4, -6, 0, 4, -5, 6, 2, -1, 3, -5, 2, 6, 5, -6, 1, 6, 0, -5, -5, -2, -2, 3, 1, -1, -3, -5, 6, 4, -1, -4, 3, -2, 6, -6, -4, 5, -2, -3, -2, 0, 5, -6, -6, -4, -2, -4, -1, 6, 5, 5, -1, 5, -5, 3, 3, 4, -2, 1, -3, 1, 0, 1, 5, -3, -5, -3, 6, 3, 4, 5, -6, 6, -4, 2, -1, -6, 1, -4, -6, 2, -1, -6, -2, -6, 6, 4, -3, 4, 1, 0, 4, 6, -1, -4, -6, 6, -5, -1, 6, 4, -6, -5, -4, -6, -6]
 
0.9671485892441208: [-3, -6, 6, 1, -1, -6, -2, 2, 1, -4, -2, 1, -3, -4, 4, 4, 3, 2, 2, -4, 3, 4, -1, 6, 4, -5, 2, 5, -1, 1, 5, 0, -6, 6, -1, 3, 5, -4, 3, -2, -6, 4, -1, 1, -5, 0, -1, 1, 1, -5, -1, -1, -4, 3, 3, -3, 5, -4, 5, 4, -3, 4, -3, 5, -6, -6, -4, -6, 6, -1, 5, 5, 5, -4, 5, 4, 3, 3, -2, 4, 4, -6, 3, -6, 0, 4, -3, 2, 0, 0, 5, 5, 3, -1, 3, -2, 6, -2, -5, -6, 5, -2, 3, -1, -6, -2, -6, 3, 2, -1, -5, 4, 1, 5, 0, -2, -4, 3, -4, -6, -6, -2, 3, 4, -2, -2, -3, -3]
 
1.0741903241: [-3, -6, 5, 1, -1, -6, -5, 2, 1, -4, -2, 1, -3, 4, 0, 1, 5, -6, 0, 0, -1, 3, 1, -4, 2, -3, -3, 6, 6, 2, 1, 0, -1, -3, 6, 5, 0, -5, 6, 0, -4, -5, 1, 3, 4, 0, 6, 0, -5, 6, -5, 3, -4, 3, -4, -2, -6, -2, 5, 1, -2, -2, 0, 5, -6, -6, -4, -4, -4, 1, 3, 5, -3, -4, -1, -5, 0, 3, 6, 5, 1, -3, -4, 0, 1, -3, 5, -4, -6, 5, 2, 4, 3, 6, -2, -3, -2, -1, 1, 4, -4, 1, -4, 5, -3, -6, 1, -6, 2, -1, -5, 4, 1, 5, 0, -2, -4, 3, -4, -6, -6, 5, 3, 4, -2, -2, -3, -3]
 
1.1415290857566867: [0, -3, 6, -3, -6, -6, 0, 2, 3, -6, 2, -4, -6, 1, 4, 0, 5, 2, 2, -4, 5, 5, -4, 6, -2, -6, 4, -4, 4, 5, 5, 0, -6, -5, -1, 1, 4, -4, 3, -6, 1, 4, -3, 6, 1, 3, -1, -5, 1, -1, -5, -2, 3, 3, 4, 1, 2, 3, 4, 5, -1, -2, -6, -3, -1, 5, -6, -2, 5, -1, 6, 5, -1, -2, -3, 5, -5, 6, 4, -1, 1, -1, 1, 0, 1, 0, -3, -5, -3, -2, 3, 4, 5, -6, 6, -4, 2, -1, -6, 2, -4, -6, 2, 5, -6, -1, 2, -4, -6, -6, -3, -2, 2, 4, 5, -1, -4, -5, 6, -5, -1, 6, 4, -6, 4, -6, 2, 4]
 
0.879534010783: [5, 6, -3, 2, -2, -6, 0, -2, 4, -4, -6, 6, 3, 2, 0, 1, -5, 4, 0, -5, -5, -6, 1, -4, -6, 0, 4, -2, 6, 2, -1, -4, -5, 2, 6, 5, 3, 1, 2, 0, 6, -5, -2, 5, 4, 0, 6, -3, -5, 6, -5, -2, -1, 3, 3, 2, 4, 6, 5, -2, 4, 4, 0, 4, -6, -2, -4, -6, -4, -1, 5, 5, 5, -4, 2, -2, -6, 3, 4, -2, -6, 4, 3, -5, 2, -4, 0, 2, 0, -1, 5, 5, 3, -1, 3, -5, -1, -2, -5, -6, 5, -2, 3, -1, 5, -3, -6, 6, 4, 1, 4, -6, 1, 5, 0, -5, 6, 3, -1, -6, -6, -4, 3, 5, -2, -2, -3, -3]
 
2.4121868307954903: [-1, -3, 4, 6, 6, -6, -6, -2, 6, -6, -6, 6, 3, 2, 0, 1, 3, 4, 0, -5, -1, 5, 1, 5, -4, 3, 4, 5, -2, 0, 5, 0, -6, -5, -1, -2, 5, -4, 3, -2, -5, 4, -3, -6, -5, 1, -1, -2, 1, 6, 3, -1, -4, 3, -2, 6, -6, -4, 5, -3, -3, 4, 0, 5, -6, 3, -4, -2, -4, -1, 6, 5, -2, 4, 4, -6, 0, 3, -2, -2, -1, -3, -4, 0, -2, -5, 5, -1, -6, 5, -3, 4, 4, 6, -1, -2, -2, -1, -6, -4, -4, -5, -4, -6, -4, 6, 1, 3, -6, 3, 4, 1, 0, 2, 0, -5, 3, 0, 1, 6, -2, -3, 5, 6, -4, -2, -3, -3]
 
2.445378582950277: [-3, -6, 6, 1, -1, 0, -2, 2, 2, -4, -2, 1, -3, -4, 4, 4, -2, 2, 2, -4, 3, 4, -1, 6, -2, -6, 2, -1, -1, 5, 5, 0, -6, 6, -1, -2, 5, -4, 3, -2, -6, 4, 0, -6, -5, 0, -1, 1, 1, 6, -1, -1, -4, 3, 3, -3, -6, -4, 5, -2, -3, 4, 0, 5, -6, -6, -4, -6, -4, -1, 5, 5, 5, -2, -3, -5, -4, 6, 4, -2, 1, -3, 1, 0, 1, 5, -3, -5, -3, 6, 3, 4, 5, -6, 6, -4, 2, -1, -6, 1, -4, -6, 2, 5, -4, -1, -4, 3, -6, -6, -3, -2, 0, 4, 5, -1, -4, -5, 6, -5, -1, 6, 4, -6, 4, -6, -3, 4]
 
2.518315634411068: [-5, -3, 4, 6, 6, 0, -6, 2, -3, -6, -6, 6, 3, -5, 0, 1, -2, 4, 0, -5, -1, -6, 1, 5, -4, -3, 4, 5, -2, 0, 5, 5, -6, -5, -1, -2, -2, -4, 3, -2, 0, 4, -3, -6, -5, 1, -3, -3, -4, 6, 4, -1, -4, 3, -2, 6, -6, -4, 5, -2, -3, -2, 0, 5, -6, -6, -5, -2, -4, -5, 6, 0, 5, -2, 5, -5, 6, 3, 4, 3, -6, -2, 4, 0, 1, 5, 0, -4, -3, -3, -3, 4, 1, -6, 5, 1, -6, -1, -6, 1, -4, -2, 1, -4, -1, 1, -3, 3, -6, 1, 1, -4, 0, 5, -6, 5, -4, -6, 3, -5, -1, 6, 2, -6, -5, -6, -6, -6]
 
1.924606421679819: [5, 6, -3, 2, 0, -6, 0, -2, 4, -4, -6, 6, 3, 2, 0, 1, 3, 4, 0, -5, -1, -6, 1, -4, -6, 0, 4, -5, 6, 2, -1, 3, -5, 2, 6, 5, -6, 1, 6, 0, -5, -5, -2, 5, 4, 0, 6, -3, -5, 6, 4, -1, -4, 3, -2, 6, -6, -4, 5, -2, -6, -2, 0, 5, -6, -6, -5, -2, -4, -1, 3, 5, 5, -4, 5, 0, 1, 3, 4, -6, 1, -3, 1, 0, 3, 5, -3, -5, 3, 6, -4, 4, 5, -6, 5, 5, 2, -1, -6, 2, -4, -6, 2, 5, -1, -1, -4, 3, -6, 0, -3, -1, 6, -3, -3, -1, -4, 5, 6, -5, -1, 6, 4, -6, -5, -4, 6, -6]
 
2.2885471486595588: [-3, -6, 6, 1, -1, -6, -2, 2, 1, -4, -2, 1, -3, -4, 4, 4, 3, 2, 2, -4, 3, 4, -1, 6, 4, -5, 2, 5, -1, 1, 5, 0, -6, 6, -1, 3, 5, -4, 3, -2, -6, 4, -1, 1, -5, 0, -1, 1, 1, -5, -1, -1, -4, 3, 3, -3, 5, -4, 5, 4, -3, 4, -3, 5, -6, -6, -4, -6, -4, -1, 6, 5, 5, -4, 5, -5, -4, 3, 6, -2, 1, -3, -4, 0, 1, -3, 5, -4, -6, 5, -3, 4, 2, 6, -2, -2, -2, -1, -6, -4, -4, -5, -4, 5, -3, 6, 1, 3, -6, 3, 4, 4, 1, 5, 0, 4, 6, 3, 4, -6, -6, -2, 3, 6, -2, 6, -6, -2]
 
1.65566653035: [-3, -6, 6, -3, -1, 6, 3, 2, 0, -4, -2, 1, -3, -4, 4, 4, 3, 2, 1, -4, 3, 4, -1, 6, 4, -5, 2, 5, -1, 1, 5, 0, -6, 6, -1, 3, -5, 5, -1, -2, -6, 4, -1, 1, -5, -2, -3, 2, 1, 6, -1, -1, -4, -1, 3, -3, 5, 2, 5, 4, 4, 4, -3, 5, -6, -6, -4, -6, -4, -1, 5, 5, 6, -4, 5, 4, 3, 4, -2, 4, 4, -6, 1, -6, -6, 4, -3, 2, 0, 5, 5, 5, -3, -3, -5, -2, 6, -2, -5, -6, 5, -2, 3, -1, -6, -2, -6, 3, 2, -1, 5, 5, 1, 5, 0, -2, -4, -6, 4, -6, -6, 4, 5, 4, -6, -2, -3, -3]
 
1.599636932214613: [4, -3, 4, -5, 6, 4, 1, -2, 5, -5, 2, 1, 1, -1, 4, 2, 1, 4, 0, -5, -1, -6, 1, -4, -6, 0, 4, -5, 6, 2, -1, 3, -5, 2, 6, 5, -6, 1, 6, 0, -5, -5, -2, 5, 4, 0, 6, -3, -5, 6, 4, -1, -4, 3, -2, 6, -6, -4, 5, -2, -3, 4, 0, 5, -6, -6, -4, -6, -4, -1, 5, 5, 5, -4, 5, -5, -4, 3, 2, 4, 4, -6, -4, 0, 1, -3, -6, -4, -6, 5, -3, 4, 2, 6, -2, -2, -1, -1, -6, -4, -4, -5, -4, 5, -3, 6, 6, 3, -6, 1, 4, 4, 1, 5, 0, 4, 6, 3, 5, -6, -6, -2, 3, 6, -4, -2, -3, -3]
 
1.119005985595185: [5, 6, -2, 3, 0, -6, 0, -2, 4, -4, -6, 6, 1, 2, 6, 4, -2, 2, 2, -4, 3, 4, -1, 6, -2, -6, 2, -1, -1, 5, -5, 0, -6, 6, 0, 5, 1, -4, 3, -4, -6, 4, 3, -6, -5, 0, -1, 1, 0, 6, -1, -6, 6, 3, 3, -3, 6, -4, 5, -2, -3, 4, 0, -3, 5, -6, -4, -6, -6, -1, 5, 6, 5, -2, -2, -1, -4, 0, 4, -2, 1, -3, -3, 0, -5, 5, 3, -3, -3, 6, 6, 4, 5, -6, 6, -4, 2, -1, -6, 1, -4, -6, -5, 5, -4, -2, -4, 3, -6, -6, -3, -2, 0, 4, 5, 5, -4, 2, 6, -5, -1, 6, 4, -6, 4, -6, 6, 4]
 
1.9540123791660273: [0, 6, -1, -5, -3, 4, 1, 6, -4, -2, 1, -1, 0, -2, 1, 2, 1, 2, 2, 5, 3, 5, -1, 1, 3, -6, -5, -5, -1, 6, 5, 0, -6, -3, 2, -2, 5, -4, -1, -2, -5, 4, -3, 6, -2, 1, 6, -2, -3, 3, 3, -1, -4, 3, -2, 6, -6, -4, 5, -2, -3, -2, 0, 5, -6, -6, -4, -2, -4, -1, 6, 5, 5, -1, 5, -5, 3, 3, 4, -2, -6, 6, 3, -5, 6, 5, -3, 2, 0, -1, 5, 5, 3, -1, 3, -5, -1, -2, -5, -6, 5, -2, 3, -1, -6, -2, -6, 3, 2, -1, -5, 4, 1, 5, 0, 4, 6, 3, 4, -6, -6, -2, 3, 6, -2, -2, -3, -3]
 
3.0989366475740683: [4, -3, 4, -5, 6, 4, 1, -2, 5, -5, 2, 1, 1, -1, 4, 2, 1, 2, 2, -5, 3, 5, -1, 6, -2, 5, 6, -1, -5, 5, 5, 0, -6, -5, 6, -2, 5, -4, 6, 5, -4, 4, -3, -6, 4, 0, 6, -3, -5, 6, 4, -1, -6, 3, -2, 6, -6, -4, 5, -3, -3, 4, 0, 5, -6, 3, -4, -2, -4, -1, 6, 5, -2, 4, 4, -6, 0, 3, -2, -2, -1, -3, -4, 0, -2, -5, 5, -1, -6, 5, -3, 4, 4, 6, -1, -2, -2, -1, -6, -4, -4, -5, -4, -6, -4, 6, 1, 3, -6, 3, 4, 1, 0, 2, 0, -5, 3, 0, 1, 6, -2, -3, 5, -4, -3, 6, 4, -3]
 
2.1752321299279296: [6, 5, -4, 3, -4, -6, -6, -2, 5, -6, -1, 1, -2, 5, 4, 2, 1, 2, 0, -4, -6, 5, 1, 6, -2, -6, 4, -4, 2, 4, 5, 1, -6, 5, 1, 5, -6, 1, 6, 0, -5, -5, -2, 5, 4, 0, 6, -3, -5, 6, 4, -1, -4, 3, -2, 6, -6, -4, 5, -2, -3, -2, 0, 5, -6, -6, -4, -2, -4, -1, 6, 5, 5, -4, 5, -5, -4, 3, 6, -2, 1, -3, -4, 0, 1, -3, 5, -4, -6, 5, -3, 4, 2, 6, -2, -2, -2, -1, -6, -4, -4, -5, -4, 5, -3, 6, 1, 3, -6, 3, 4, 4, 1, 5, 0, 4, 6, 3, 4, -6, -6, -2, 3, 6, -2, 6, -6, -2]
 
0.6031999087401699: [-3, -6, 6, 1, -1, -6, -2, 2, 1, -4, -2, 1, -3, -4, 4, 4, 3, 2, 2, -4, 3, 4, -1, 6, 4, -5, 2, 5, -1, 1, 5, 0, -6, 6, -1, 3, 5, -4, 3, -2, -6, 4, -1, 1, -5, 0, -1, 1, 1, -5, -1, -1, -4, 3, 3, -3, 5, -4, 5, 4, -3, 4, -3, 5, -6, -6, -4, -6, 6, -1, 5, 5, 5, -4, 5, 4, 3, 3, -2, 4, 4, -6, 3, -6, 0, 4, -3, 2, 0, 0, 5, 5, 3, -1, 3, -2, 6, -2, -5, -6, 5, -2, 3, -1, -6, -2, -6, 3, -2, 3, 4, 4, 1, 5, 0, 4, 6, -5, -5, -6, -6, 3, 3, 6, -2, 6, -6, -2]
 
1.5509965868739213: [6, 5, -4, 3, -4, -6, -6, -2, 5, -6, -1, 1, -2, 5, 4, 2, 1, 2, 0, -4, -6, 5, 1, 6, -2, -6, 4, -4, 2, 4, 5, 1, -6, 5, 1, -2, 5, 1, 3, -2, 6, -3, 0, -2, 3, 1, -1, -3, -5, 6, 4, -1, -4, 3, -2, 6, -6, -4, 5, -2, -3, -2, 0, 5, -6, -6, 0, -2, -4, -1, 6, 5, 5, -4, 5, 0, -5, 3, 4, -2, 1, -3, 1, 0, 1, 5, -3, -5, -3, 6, 3, 4, 5, -6, 6, -4, 2, -1, -6, 1, -4, -6, 2, -1, -6, -2, -6, 6, 4, -3, 4, 1, 0, 4, 6, -1, -1, -5, 6, 4, -1, 5, 5, -6, 4, -6, 6, 4]
 
1.803834400737463: [-1, -3, 4, 6, 6, -6, -6, -2, 6, -6, -6, 6, 3, 2, 0, 1, 3, 4, 0, -5, -1, 5, 1, 5, -4, 3, 4, 5, -2, 0, 5, 0, -6, -5, -1, -2, 5, -4, 3, -2, -5, 4, -3, -6, -5, 1, -3, -3, 0, 6, 4, -1, -4, 3, -2, 6, -6, -4, 5, -2, -3, -2, 0, 5, -6, -6, -4, -2, -4, -1, 6, 5, 5, -1, 5, -5, 3, 3, 4, -2, -6, -3, 4, 0, 1, -4, 0, -4, -3, -3, -3, 4, 4, -6, 5, -2, -6, -1, -6, 1, -4, 5, 1, -4, 5, -1, -4, 3, -5, 3, 1, -4, 0, 5, -6, -1, -1, -5, 6, 4, -1, 5, 5, -6, 4, -6, 6, 4]
 
1.7553459524088426: [4, -3, 4, -5, 6, 4, 1, -2, 5, -5, 2, 1, 1, -1, 4, 2, 1, 2, 2, -5, 3, 5, -1, 6, -2, 5, 6, -1, -5, 5, 5, 0, -6, -5, 6, -2, 5, -4, 6, 5, -4, 4, -3, -6, 4, 0, 6, -3, -5, 6, 4, -1, -6, 3, -2, 6, -6, -4, 5, -3, -3, 4, 0, 5, -6, 3, -4, -2, -4, -1, 6, 5, -1, -1, 5, 0, -5, 3, 4, 6, 1, -3, 1, 0, 1, 0, -3, -5, -4, 6, 5, 4, 5, -6, 6, -4, 2, -1, -6, 1, -4, 1, -3, 5, -4, 6, -4, 3, -4, -1, -3, -2, 0, 4, 5, 3, -6, 4, 6, -5, -1, -2, 4, -6, -1, -6, -3, 4]
 
0.325783980033: [4, -3, 4, -5, 6, 4, 1, -2, 5, -5, 2, -4, 1, 1, 4, 2, 1, 5, 0, -5, -1, 5, -2, 5, -4, 3, 4, 5, -1, 0, 5, 0, -6, -5, -6, -2, 5, -4, 3, -2, -5, 4, -3, -6, -5, 1, -3, -3, -4, 6, 4, -4, -4, -6, -2, 3, -6, -2, 4, -2, -3, -3, 3, 5, 3, -6, -4, -6, -4, -4, 6, 5, 5, 0, 5, -5, 3, 3, -3, -2, 2, -3, -3, 0, 1, -4, 0, -4, -3, -3, 4, 4, 4, -3, -2, -2, -4, -1, 4, 1, -4, 5, 1, -4, -2, -1, -4, 3, -5, 3, 1, -4, 0, 5, -6, -1, -1, -5, 6, 4, -1, 5, 1, -6, 4, -6, 6, 4]
 
1.20195397078: [5, 6, -3, 2, 0, -6, 0, -2, 4, -4, -6, 6, 3, 2, 0, 1, 3, 4, 0, -5, -1, -6, 1, -4, -6, 0, 4, -5, 6, 2, -1, 3, -5, 2, 6, 5, -6, 1, 6, 0, -5, -5, -2, 5, 4, 0, 6, -3, -5, 6, 4, -1, -4, 3, -2, 6, -6, -4, 5, -2, -3, 4, 0, 5, -6, -6, -4, -6, -4, -1, 5, 5, 5, -4, 5, -5, -5, 3, 4, -2, -6, 6, 3, -5, 6, 5, -3, 2, 0, -1, 5, 5, 3, -1, -2, -2, -1, -1, -6, -4, -4, -5, -4, -2, -4, 0, -4, 3, -6, -6, -3, -2, 0, 4, 5, 6, -4, -5, 6, -5, -3, 6, 4, -6, 4, -6, -3, 4]
 
2.25691655001: [-3, -6, 6, 1, -1, 0, -2, 2, 2, -4, -2, 1, -3, -4, 4, 4, -2, 2, 2, -4, 3, 4, -1, 6, -2, -6, 2, -1, -1, 5, 5, 0, -6, 6, -1, -2, 5, -4, 3, -2, -6, 4, 0, -6, -5, 0, -1, 1, 1, 6, -1, -1, -4, 3, 3, -3, -6, -4, 5, -2, -3, 4, 0, 5, -6, -6, -4, -6, -4, -1, 5, 5, 5, -4, 5, -5, -4, 3, 2, 4, 4, -6, -4, 0, 1, -3, -6, -4, -6, 5, -3, 4, 2, 6, 3, -5, -1, -2, -5, -6, 5, -2, 3, -1, -6, -2, -6, 6, 4, 1, 4, 4, 1, 5, 0, 4, 6, 3, 4, -6, -6, -2, 3, 6, -2, -2, -3, -3]
 
2.3436097441: [-3, -5, 0, 1, -1, 0, -2, 2, -5, -4, -2, 3, 2, -4, 4, 4, 3, 2, 2, -4, 3, 4, -1, 6, 4, -5, 2, 5, -1, 1, 5, 0, -6, 6, 6, -2, 5, -4, 6, 5, -4, 4, -3, -6, 4, 0, 6, -3, -5, 6, 4, -1, -6, 3, -2, 6, -6, -4, 5, -2, -3, -2, 0, 5, -6, -6, -4, -2, -4, -1, 6, 5, 5, -4, 5, -5, -4, 3, 6, -2, 1, -3, -4, 0, 1, -3, 5, -4, -6, 5, -3, 4, 2, 6, -2, -2, -2, -1, -6, -4, -4, -5, -4, 5, -6, -2, -6, 6, 4, 1, 4, 4, 1, 5, 0, 4, 6, 3, 4, -6, -6, -2, 3, 6, -2, -2, -3, -3]
 
3.38504744505: [0, -3, 4, -5, -4, -3, 1, -2, 5, -5, 3, 1, 1, -2, -3, 2, 1, 2, -3, -5, 3, 5, -1, 6, -5, 5, -5, -1, -1, 5, 5, 0, -6, -5, -1, -6, 1, -4, 3, -2, -6, 4, -1, 5, -5, 0, -1, 1, 1, -5, 6, -1, -4, 3, -6, -3, 0, -4, 5, 4, -6, -4, 5, 5, -6, -6, -4, -6, -6, -1, -5, -2, 5, -4, 5, 1, 3, 4, -3, 4, 6, -6, 3, -6, 3, 4, -3, 2, 3, 0, 5, 5, 3, -1, 3, -2, -6, -2, -5, -6, 5, -2, 5, -6, -6, -2, -6, 3, 2, -1, -5, 4, 1, 5, 0, 6, -1, 3, -4, 3, -6, -2, 3, 4, -2, 4, -3, -3]
 
1.60573177651: [-1, -3, 4, 6, 6, -6, -6, -2, 6, -6, -6, 6, 3, 2, 0, 1, 3, 4, 0, -5, -1, 5, 1, 5, -4, 3, 4, -1, -1, 5, 5, 0, -6, 6, -1, -2, 5, -4, 3, -2, -6, 4, 0, -6, -5, 0, -1, 1, 1, 6, -1, -1, -4, 3, 3, -3, -6, -4, 5, -2, -3, 4, 0, 5, -6, -6, -4, -6, -4, -1, 5, 5, 5, -2, -3, -5, -4, -2, 4, 0, 1, -3, 4, 0, 1, -4, 0, -4, -3, -3, -3, 4, 4, -6, 5, -2, -6, -1, -6, 1, -4, 5, 1, -4, 5, -1, -4, 3, -5, 3, 1, -4, 0, 5, -6, -1, -1, -5, 6, 4, -1, 5, 5, -6, 4, -6, 6, 4]
 
0.968600165219: [-3, -6, 6, 1, -1, 0, -2, 2, 2, -4, -2, 1, -3, -4, 4, 4, -2, 2, 2, -4, 3, 4, -1, 6, -2, -6, 2, 5, -2, 0, 5, 0, -6, -5, -1, -2, 5, -4, 3, -2, -5, 4, -3, -6, -5, 1, -1, -2, 1, 6, 3, -1, -4, 3, -2, 6, -6, -4, 5, -3, -3, 4, 0, 5, -6, 3, -4, -2, -4, -1, 6, 5, -2, 4, 4, -6, 0, 3, -2, -2, -1, -3, -4, 0, -2, -5, 5, -1, -6, 5, -3, 4, 4, 6, -1, -2, -2, -1, -6, -4, -4, -5, -4, -6, -4, 6, 1, 3, -6, 3, 4, 1, 0, 2, 0, -5, 3, 0, 1, 6, -2, -3, 5, 6, -4, -2, -3, -3]
 
0.386750191947: [5, 6, -3, 2, -3, -6, 0, -4, 4, -4, 2, 1, -6, -2, 4, 2, 3, 2, -2, -5, 3, 5, -1, -3, -6, -6, -1, -1, -4, 5, 5, 0, -6, -5, -1, -2, 5, -4, -3, -2, 4, 0, -3, -6, 5, 2, -1, -2, 3, 1, 3, -1, -4, 3, 3, -3, 5, -4, 5, 4, -3, 4, -3, 5, -6, -6, -4, -6, 6, -1, 5, 5, 5, -4, 5, 4, 3, 3, -2, 4, 4, -6, 3, -6, 0, 4, -3, 2, 0, 0, 5, 5, 3, -1, 3, -2, 6, -2, -5, -6, 5, -2, 3, -1, -6, -2, -6, 3, -2, 3, 4, 4, 1, 5, 0, 4, 6, -5, -5, -6, -6, 3, 3, 6, -2, 6, -6, -2]
 
1.20533941017: [-3, -6, 6, 1, -1, -6, -2, 2, 1, -4, -2, 1, -3, -4, 4, 4, 3, 2, 2, -4, 3, 4, -1, 6, 4, -5, 2, 5, -1, 1, 5, 0, -6, 6, -1, 3, 5, -4, 3, -2, -6, 4, -1, 1, -5, 0, -1, 1, 1, -5, -1, -1, -4, 3, -2, 6, -6, -4, 5, -2, -3, 6, 0, 5, -6, -6, -4, -2, -4, -1, 6, -5, 5, -1, 5, -5, 3, 3, 4, -2, -6, 6, 3, -5, 6, 5, -3, 2, 0, -1, 5, -2, 5, 3, 3, -5, -1, -2, -4, -6, 5, -2, 3, -6, -6, -2, -6, 3, 2, -1, -3, 3, 0, 0, -1, 4, 6, 3, 4, -6, -1, -2, 3, -3, -1, -1, -3, -3]
 
2.41537548544: [4, -3, 4, -5, 6, 4, 1, -2, 5, -5, 2, 1, 1, -1, 4, 2, 1, 2, 2, -5, 3, 5, -1, -4, 2, 0, 4, 6, 6, 2, 1, -1, -5, 2, 6, 5, -6, -4, 6, 0, -5, -5, -2, 3, 4, 0, 6, 0, -5, 6, 4, 6, -4, 3, -2, -2, -6, -2, 5, -2, -3, -2, 0, 5, -6, -6, -4, -5, -4, 1, 6, 5, 5, -4, -1, -5, 0, 3, 6, -2, 1, -3, -4, 0, 1, -3, 5, -4, -6, 5, 2, 4, 2, 6, -2, 6, -2, -1, 1, -4, -4, 1, -4, 5, -3, -6, 1, 3, 2, -1, -5, 4, 1, 5, 0, -2, -4, 3, -4, -6, -6, -2, 3, 4, -2, -2, -3, -3]
 
1.93432780537: [-3, -6, 6, 1, -1, -6, -2, 2, 1, -4, -2, 1, -3, 4, 0, 1, 3, 2, 0, 4, -1, -6, 1, 6, -2, 5, 6, -1, -5, 5, 5, 0, -6, -5, 6, -2, 5, -4, 6, 5, -4, 4, -3, -6, 4, 0, 6, -3, -5, 6, 4, -1, -6, 3, -2, 6, -6, -4, 5, -3, -3, 4, 0, 5, -6, 3, -4, -2, -4, -1, 6, 5, -1, -1, 5, 0, -5, 3, 4, 6, 1, -3, 1, 0, 1, 0, -3, -5, -4, 6, 5, 4, 5, -6, 6, -4, 2, -1, -6, 1, -4, 1, -3, 5, -4, 6, -4, 3, -4, -1, -3, -2, 0, 4, 5, 3, -6, 4, 6, -5, -1, -2, 4, -6, -1, -6, -3, 4]
 
1.36112066209: [0, 5, 6, -3, -6, -6, 0, 2, 3, -6, 2, -4, -6, 1, 4, 0, 3, 4, 2, -4, 5, 5, -4, 0, -2, -6, 4, -4, 2, 5, 5, 0, -6, -4, -1, 6, 4, 0, 3, -6, 1, -3, -3, 6, 1, 3, -1, -5, 1, 6, 3, -2, 3, 6, 4, 1, 2, 3, 2, 5, -2, 4, -6, -3, -1, 5, -6, -2, 5, -1, 6, 5, -1, -2, -3, -4, -5, 6, 4, -1, 1, -5, -4, 0, -2, 5, -3, -5, -3, -4, 6, 5, 5, -6, 6, -4, 2, -1, -6, 2, -4, -6, 2, 5, -6, -1, 2, -4, -6, -6, -3, -2, 2, 4, 5, -1, 4, -4, 6, -4, -6, -2, -2, -2, -2, -2, -3, -3]
 
0.877114324586: [2, -5, 0, 1, -1, 0, 2, 2, -5, -4, -2, -6, -5, 1, 4, 4, 3, 2, -1, -3, 4, 4, -1, 6, 4, -5, 2, 5, -1, 1, 5, 0, -6, 6, 6, -2, 4, -4, 6, 5, -3, 4, -3, -2, 4, 0, 6, -3, -5, 6, 4, -1, -6, 3, -2, 6, -6, 4, 5, -2, 6, -2, 0, 5, -4, -6, -3, -2, -2, -1, 6, 5, 5, -4, 5, -5, -4, 0, 6, -2, 1, 6, -4, 0, -3, -3, 5, -4, -6, 5, -3, 4, 2, 6, -2, 4, 3, -1, -6, -4, 5, 6, -3, 5, -6, -2, -6, -6, 4, 1, 1, 4, -6, -5, 0, 4, 6, 3, 4, -5, -2, 6, 4, -6, 4, -6, 2, 4]
 
2.70804148863: [-3, -6, 6, 1, -1, -6, -2, 2, 1, -4, -2, 1, -3, -4, 4, 4, 3, 2, 2, -4, 3, 4, -1, 6, 4, -5, 2, 5, -1, 1, 5, 0, -6, 6, -1, 3, 5, -4, 3, -2, -6, 4, -1, 1, -5, 0, -1, -3, -5, 6, 4, -1, -4, 3, -2, 6, -6, -4, 5, -2, -6, -2, 0, 5, -6, -6, -5, -2, -4, -1, 3, 5, 5, -4, 5, 0, 1, 3, 4, -6, 1, -3, 1, 0, 3, 5, -3, -5, 3, 6, -4, 4, 5, -6, 5, 5, 2, -1, -6, 2, -4, -6, 2, 5, -1, -1, -4, 3, -6, 0, -3, -1, 6, -3, -3, -1, -4, 5, 6, -5, -1, 6, 4, -6, -5, -4, 6, -6]
 
1.83621709289: [5, 6, -3, 2, 0, -6, 0, -2, 4, -4, -6, 6, 3, 2, 0, 1, 3, 4, 0, -5, -1, -6, 1, -4, -6, 0, 4, -5, 6, 2, -1, 3, -5, 2, 6, 5, -6, 1, 6, 0, -5, -5, -2, 5, 4, 0, 6, 1, 1, -5, -1, -1, -4, 3, 3, -3, 5, -4, 5, 4, -3, 4, -3, 5, -6, -6, -4, -6, -4, -1, 6, 5, 5, -4, 5, -5, -4, 3, 6, -2, 1, -3, -4, 0, 1, -3, 5, -4, -6, 5, -3, 4, 2, 6, -2, -2, -2, -1, -6, -4, -4, -5, -4, 5, -3, 6, 1, 3, -6, 3, 4, 4, 1, 5, 0, 4, 6, 3, 4, -6, -6, -2, 3, 6, -2, 6, -6, -2]
 
1.84820446893: [-3, -6, 6, 1, -1, -6, -2, 2, 1, -4, -2, 1, -3, 4, 0, 1, 3, 2, 0, 4, -1, -6, 1, -4, 2, 0, 4, 6, 6, 2, 1, -1, -5, 2, 6, 5, -6, -4, 6, 0, -5, -5, -2, 3, 4, 0, 6, 0, -5, 6, 4, 6, -4, 3, -2, -2, -6, -2, 5, -2, -3, -2, 0, 5, -6, -6, -4, -2, -4, -1, 6, 5, 5, -1, 5, -5, 3, 3, 4, -2, -6, 6, 3, -5, 6, 5, -3, 2, 0, -1, 5, 5, 3, -1, 3, -5, -1, -2, -5, -6, 5, -2, 3, -1, -6, -2, -6, 3, 2, -1, -5, 4, 1, 5, 0, 4, 6, 3, 4, -6, -6, -2, 3, 6, -2, -2, -3, -3]
 
1.05435824068: [0, 3, -1, -5, 5, 4, 5, 6, 5, -2, 0, -1, 0, -2, 1, 2, 1, 6, 2, 5, 1, 5, -1, 1, 2, -6, 5, -5, -1, 6, 5, 0, -4, -3, 0, -2, 5, -4, 1, -2, -5, 4, 0, 6, -2, 1, 6, -2, -3, 3, 3, -1, -4, 3, -2, 6, -6, -4, 0, -2, -3, -2, -5, 5, -6, -3, -4, -5, -4, 1, -2, 5, -1, -4, -1, -6, 0, 3, 6, 1, 1, -3, -4, 0, 1, -3, 5, -4, -6, 5, 2, 4, 2, 6, -6, 6, -2, -1, 1, -4, -4, 1, -4, 5, -5, -6, -2, 3, 2, -1, -5, -5, 1, 5, 1, -2, -4, 3, -4, 0, -6, -2, 1, 4, -2, -3, -5, -3]
 
1.97384645911: [-3, -6, 6, 1, -1, -6, -2, 2, 1, -4, -2, 1, -3, -4, 4, 4, 3, 2, 2, -4, 3, 4, -1, 6, 4, -5, 2, 5, -1, 1, 5, 0, -6, 6, -1, 3, 5, -4, 3, -2, -6, 4, -1, 1, -5, 0, -1, -3, -5, 6, 4, -1, -4, 3, -2, 6, -6, -4, 5, -2, -3, -2, 0, 5, -6, -6, 0, -2, -4, -1, 6, 5, 5, -4, 5, 0, -5, 3, 4, -2, -6, 6, 3, -5, 6, 5, -3, 2, 0, -1, 5, 5, 3, -1, 3, -5, -1, -2, -5, -6, 5, -2, 3, -1, -6, -2, -6, 6, 4, 1, 4, 4, 1, 5, 0, 4, 6, 3, 4, -6, -6, -2, 3, 6, -2, -2, -3, -3]
 
2.15544104288: [6, 5, -4, 3, -4, -6, -6, -2, 5, -6, -1, 1, -2, 5, 4, 2, 1, 2, 0, -4, -6, 5, 1, 6, -2, -6, 4, -4, 2, 4, 5, 1, -6, 5, 1, -2, 5, 1, 3, -2, 6, -3, 0, -2, 3, 1, -1, -3, -5, 6, 4, -1, -4, 3, -2, 6, -6, -4, 5, -2, -6, -2, 0, 5, -6, -6, -5, -2, -4, -1, 3, 5, 5, -4, 5, 0, 1, 3, 4, -6, 1, -3, 1, 0, 3, 5, -3, -5, 3, 6, -4, 4, 5, -6, 5, 5, 2, -1, -6, 2, -4, -6, 2, 5, -1, -1, -4, 3, -6, 0, -3, -1, 6, -3, -3, -1, -4, 5, 6, -5, -1, 6, 4, -6, -5, -4, 6, -6]
 
1.93610036889: [-1, -3, 4, 6, 6, -6, -6, -2, 6, -6, -6, 6, 3, 2, 0, 1, 3, 4, 0, -5, -1, 5, 1, 5, -4, 3, 4, 5, -2, 0, 5, 0, -6, -5, -1, -2, 5, -4, 3, -2, -5, 4, -3, -6, -5, 1, -3, -3, 0, 6, 4, -1, -4, 3, -2, 6, -6, -4, 5, -2, -3, -2, 0, 5, -6, -6, -4, -2, -4, -1, 6, 5, 5, -1, 5, -5, 3, 3, 4, -2, -6, -3, 4, 0, 1, -4, 0, -4, -3, -3, -3, 4, 4, -6, 5, -2, -6, -1, -6, 1, -4, 5, 1, -4, 5, -1, -4, 3, -5, 3, 1, -4, 0, 5, -6, -1, -1, -5, 6, 4, -1, 5, 5, -6, 4, -6, 6, 4]
 
1.27966312069: [-1, -1, 4, 6, 5, -6, -6, 3, -1, -6, -6, 6, 3, 2, 0, -1, 3, 4, 0, -5, -1, 5, 1, 5, -4, 3, 4, -1, -1, -6, 5, 0, -6, 6, -1, 3, -2, -1, 3, -2, -6, 0, 0, -5, -5, 0, -1, -2, 1, 6, -1, -1, -6, 3, 5, 2, -6, -5, 0, 1, -3, 1, -6, 4, -6, -6, -4, -6, -4, -6, 5, 1, 5, -2, -3, -5, -4, -2, 4, 0, 1, -3, 4, 0, 1, -4, 0, -4, -3, -3, -3, 4, 4, -6, 5, -2, -6, -1, -6, 1, -4, 5, 1, 3, 5, -1, -4, 3, -5, -6, 1, -4, 0, 5, 0, -1, -1, -5, -1, 4, 6, 5, 5, -6, 4, 5, 6, 4]
 
2.2053432056: [-3, -5, 0, 1, -1, 0, -2, 2, -5, -4, -2, 3, 2, -4, 4, 4, 3, 2, 2, -4, 3, 4, -1, 6, 4, -5, 2, 5, -1, 1, 5, 0, -6, 6, 6, -2, 5, -4, 6, 5, -4, 4, -3, -6, 4, 0, 6, -3, -5, 6, 4, -1, -6, 3, -2, 6, -6, -4, 5, -2, -3, -2, 0, 5, -6, -6, -4, -2, -4, -1, 6, 5, 5, -4, 5, -5, -4, 3, 6, -2, 1, -3, -4, 0, 1, -3, 5, -4, -6, 5, -3, 4, 5, -6, 6, -4, 2, -1, -6, 1, -4, -6, -5, 5, -4, -2, -4, 3, -6, -6, -3, -2, 0, 4, 5, 5, -4, 2, 6, -5, -1, 6, 4, -6, 4, -6, 6, 4]
 
1.20978012794: [5, 6, -2, 3, 0, -6, 0, -2, 4, -4, -6, 6, 1, 2, 6, 4, -2, 2, 2, -4, 3, 4, -1, 6, -2, -6, 2, -1, -1, 5, -5, 0, -6, 6, 0, 5, 1, -4, 3, -4, -6, 4, 3, -6, -5, 0, -1, 1, 0, 6, -1, -6, 6, 3, 3, -3, 6, -4, 5, -2, -3, 4, 0, -3, 5, -6, -4, -6, -6, -1, 5, 6, 5, -2, -2, -1, -4, 0, 4, -2, 1, -3, -3, 0, -5, 5, 3, -3, -3, 6, 6, 4, 2, 6, -2, -2, -2, -1, -6, -4, -4, -5, -4, 5, -6, -2, -6, 6, 4, 1, 4, 4, 1, 5, 0, 4, 6, 3, 4, -6, -6, -2, 3, 6, -2, -2, -3, -3]
 
2.38317651868: [6, 5, -4, 3, -4, -6, -6, -2, 5, -6, -1, 1, -2, 5, 4, 2, 1, 2, 0, -4, -6, 5, 1, 6, -2, -6, 4, -4, 2, 4, 5, 1, -6, 5, 1, 5, -6, 1, 6, 0, -5, -5, -2, 5, 4, 0, 6, -3, -5, 6, 4, -1, -4, 3, -2, 6, -6, -4, 5, -2, -3, -2, 0, 5, -6, -6, -4, -2, -4, -1, 6, 5, 5, -4, 5, -5, -4, 3, 6, -2, 1, -3, -4, 0, 1, -3, 5, -4, -6, 5, -3, 4, 2, 6, -2, -2, -2, -1, -6, -4, -4, -5, -4, 5, -3, 6, 1, 3, -6, 3, 4, 4, 1, 5, 0, 4, -4, 3, -4, -6, -6, -2, 3, 4, -2, -2, -3, -3]
 
1.65430733648: [0, 6, -1, -5, -3, 4, 1, 6, -4, -2, 1, -1, 0, -2, 1, 2, 1, 2, 2, 5, 3, 5, -1, 1, 3, -6, -5, -5, -1, 6, 5, 0, -6, -3, 2, -2, 5, -4, -1, -2, -5, 4, -3, 6, -2, 1, 6, -2, -3, 3, 3, -1, -4, 3, -2, 6, -6, -4, 5, -2, -3, -2, 0, 5, -6, -6, -4, -5, -4, 1, 6, 5, 5, -4, -1, -5, 0, 3, 6, -2, 1, -3, -4, 0, 1, -3, 5, -4, -6, 5, 2, 4, 2, 6, -2, 6, -2, -1, 1, -4, -4, 1, -4, 5, -3, -6, 1, 3, 2, -1, -5, 4, 1, 5, 0, -2, 6, 3, 4, -6, -6, -2, 3, 6, -2, 6, -6, -2]
 
1.82250948801: [5, 6, -3, 2, 0, -6, 0, -2, 4, -4, -6, 6, 3, 2, 0, 1, 3, 4, 0, -5, -1, -6, 1, -4, -6, 0, 4, -5, 6, 2, -1, 3, -5, 2, 6, 5, -6, 1, 6, 0, -5, -5, -2, -2, -2, 1, 6, -2, -3, 3, 3, -1, -4, 3, -2, 6, -6, -4, 5, -2, -3, -2, 0, 5, -6, -6, -4, -5, -4, 1, 6, 5, 5, -4, -1, -5, 0, 3, 6, -2, 1, -3, -4, 0, 1, -3, 5, -4, -6, 5, 2, 4, 2, 6, -2, 6, -2, -1, 1, -4, -4, 1, -4, 5, -3, -6, 1, 3, 2, -1, -5, 4, 1, 5, 0, -2, -4, 3, -4, -6, -6, -2, 3, 4, -2, -2, -3, -3]
 
1.48227396107: [0, 6, -1, -5, -3, 4, 1, 6, -4, -2, 1, -1, 0, -2, 1, 2, 1, 2, 2, 5, 3, 5, -1, 1, 3, -6, -5, -5, -1, 6, 5, 0, -6, -3, 2, -2, 5, -4, -1, -2, -5, 4, -3, 6, 3, 1, -1, -3, -5, 6, 4, -1, -4, 3, -2, 6, -6, -4, 5, -2, -3, -2, 0, 5, -6, -6, -4, -2, -4, -1, 6, 5, 5, -1, 5, -5, 3, 3, 4, -2, 1, -3, 1, 0, 1, 5, -3, -5, -3, 6, 3, 4, 5, -6, 6, -4, 2, -1, -6, 1, -4, -6, 2, -1, -6, -2, -6, 6, 4, -3, 4, 1, 0, 4, 6, -1, -4, -6, 6, -5, -1, 6, 4, -6, -5, -4, -6, -6]
 
1.32385556012: [-5, 1, 4, 6, -5, 0, -6, 2, -3, -6, -6, 6, -6, 3, -1, 1, -4, 4, 0, -5, -1, -6, 1, 5, -4, -3, 0, 5, -2, 0, 5, 5, -5, -3, 2, -2, 5, -4, 1, -2, -5, 4, -3, -1, 3, 1, -1, -3, -5, 0, 4, -1, -4, 3, -2, 6, -6, 3, 5, -2, 1, -2, 0, 5, -6, 4, -4, -2, -4, -1, 6, 6, 5, -1, -4, -3, 3, -4, 4, -2, 1, -3, 1, 0, 1, 3, -3, -5, -2, 6, 3, 4, 5, 6, 6, 1, 2, -1, 3, 1, 0, -6, 2, 2, -6, -2, -6, 4, 4, -3, 4, 2, 0, 3, -1, -6, -4, -6, 6, -5, -1, 6, 4, -6, -5, -4, -6, -6]
 
0.842126311785: [0, 6, 2, -5, -3, 5, 1, 4, -1, -2, -1, -1, -2, -2, -5, 2, 1, 2, 2, -3, 3, 5, -1, 1, -1, -6, -5, -5, -1, 6, 5, 6, -6, -3, 4, -2, -2, -4, 6, -2, 0, 4, -3, -6, -5, 5, -3, -3, -4, -2, 4, 2, 5, 3, -2, 6, -6, -4, -6, -2, -3, -2, 5, 5, -6, -6, 1, -2, -4, -5, 6, -1, 6, -2, 5, -5, 4, 1, 4, 3, -6, -2, 4, 0, 1, 1, 0, -4, -3, -3, -3, 4, -4, 4, 5, -4, -6, -1, 3, 1, -4, -2, 1, -4, -1, 1, -3, 3, -6, 1, 1, -4, 0, 5, -6, 5, -4, -6, 3, -2, -1, 6, 2, -6, -5, 0, -6, -6]
 
2.13882101718: [-3, -6, 6, 1, -1, 0, -2, 2, 2, -4, -2, 1, -3, -4, 4, 4, -2, 2, 2, -4, 3, 4, -1, 6, -2, -6, 2, -1, -1, 5, 5, 0, -6, 6, -1, -2, 5, -4, 3, -2, -6, 4, 0, -6, -5, 0, -1, 1, 1, 6, -1, -1, -4, 3, 3, -3, -6, -4, 5, -2, -3, 4, 0, 5, -6, -6, -4, -6, -4, -1, 6, 5, 5, -4, 5, 0, -5, 3, 4, -2, 1, -3, 1, 0, 1, 5, -3, -5, -3, 6, 3, 4, 5, -6, 6, -4, 2, -1, -6, 1, -4, -6, 2, -1, -6, -2, -6, 6, 4, -3, 4, 1, 0, 4, 6, -1, -1, -5, 6, 4, -1, 5, 5, -6, 4, -6, 6, 4]
 
1.21344631288: [6, 5, -4, 3, -4, -6, -6, -2, 5, -6, -1, 1, -2, 5, 4, 2, 1, 2, 0, -4, -6, 5, 1, 6, -2, -6, 4, -4, 2, 4, 5, 1, -6, 5, 1, -2, 5, 1, 3, -2, 6, -3, 0, -2, 3, 1, -1, -3, -5, 6, 4, -1, -4, 3, -2, 6, -6, -4, 5, -2, -3, -2, 0, 5, -6, -6, 0, -2, -4, -1, 5, 5, 5, -4, 5, -5, -4, 3, 2, 4, 4, -6, -4, 0, 1, -3, -6, -4, -6, 5, -3, 4, 2, 6, -2, -2, -1, -1, -6, -4, -4, -5, -4, -2, -4, 0, -4, 3, -6, -6, -3, -2, 0, 4, 5, 6, -4, -5, 6, -5, -3, 6, 4, -6, 4, -6, -3, 4]
 
1.51180463864: [6, 5, -4, 3, -4, -6, -6, -2, 5, -6, -1, 1, -2, 5, 4, 2, 1, 2, 0, -4, -6, 5, 1, 6, -2, -6, 4, -4, 2, 4, 5, 1, -6, 5, 1, -2, 5, 1, 3, -2, 6, -3, 0, -2, 3, 1, -1, -3, -5, 6, 4, -1, -4, 3, -2, 6, -6, -4, 5, -2, -3, -2, 0, 5, -6, -6, 0, -2, -4, -1, 6, 5, 5, -4, 5, 0, -5, 3, 4, -2, 1, -3, 1, 0, 1, 5, -3, -5, -3, 6, 3, 4, 5, -6, 6, -4, 2, -1, -6, 1, -4, -6, 2, -1, -6, -2, -6, 6, 4, -3, 4, 1, 0, 4, 6, -1, -1, -5, 6, 4, -1, 5, 5, -6, 4, -6, 6, 4]
 
1.70249083333: [6, 5, -4, 3, -4, -6, -6, -2, 5, -6, -1, 1, -2, 5, 4, 2, 1, 2, 0, -4, -6, 5, 1, 6, -2, -6, 4, -4, 2, 4, 5, 1, -6, 5, 1, -2, 5, 1, 3, -2, 6, -3, 0, -2, 3, 1, -1, -3, -5, 6, 4, -1, -4, 3, -2, 6, -6, -4, 5, -2, -3, -2, 0, 5, -6, -6, 0, -2, -4, -1, 5, 5, 5, -4, 5, -5, -4, 3, 2, 4, 4, -6, -4, 0, 1, -3, -6, -4, -6, 5, -3, 4, 2, 6, -2, -2, -1, -1, -6, -4, -4, -5, -4, -2, -4, 0, -4, 3, -6, -6, -3, -2, 0, 4, 5, 6, -4, -5, 6, -5, -3, 6, 4, -6, 4, -6, -3, 4]
 
