1.1657935013726526: [6, 4, 3, 3, 0, -1, -5, -2, 4, -4, -1, -6, 3, -6, -3, 6, 5, -3, 4, 4, -6, 2, 2, -3, 1, -4, 5, -1, 4, -3, -1, 6, -6, -1, -5, 6, -1, 2, 5, -4, -1, 4, -6, 5, -1, 3, 5, 5, -6, 5, -5, 2, -4, 3, 6, -2, 6, -6, -4, -6, 4, -1, -3, -1, 5, -4, -2, -5, -3, -2, -4, -6, -3, -1, 2, 2, 1, 6, -4, 5, 0, -4, 4, 6, 5, 2, -3, -3, 5, 4, 1, 5, 2, -1, 0, 6, -3, 6, 5, 6, -2, 2, 6, -2, -3, 0, -6, 2, 2, -6, -4, -3, 5, -3, 1, 4, 0, -2, 4, -3, -6, -6, -6, -1, 6, -2, -1, 5]
 
3.0885513655361208: [6, -3, -3, -1, 4, -6, -5, -2, 4, -4, 2, -6, -2, -6, -3, 5, -6, 0, 5, 1, -6, 3, -2, 2, -3, -2, -2, -5, -4, 5, -5, 0, -6, 5, -5, 6, 1, 6, -5, 4, -4, 4, 4, 6, 4, 2, 1, -5, 4, 4, -5, -4, -6, -1, 2, -1, 6, 3, -2, -1, -5, 1, -6, -6, -3, 4, 3, 3, 6, 6, 6, 5, -5, 5, -2, 6, -5, 6, -6, 3, 1, 5, -4, -4, 4, -4, 6, 5, -1, -2, 1, 4, 3, 1, 6, -5, -3, -5, 4, -6, 6, -1, 2, -6, -1, -1, -6, -2, -6, 2, -3, 2, 2, 0, -3, 1, 2, -3, 0, 4, -6, 4, -3, -2, 4, 3, -2, 1]
 
2.2158769656088433: [4, 1, -3, 0, -6, -6, 6, -6, -5, 2, 3, 3, -5, 2, -5, 1, 6, -4, -3, -6, 5, -1, -2, -2, 1, -3, -2, -5, -4, 5, -6, 0, -2, -3, -4, 2, 1, 0, -3, -5, 2, 0, -3, 3, 0, 0, 4, -1, -6, 4, -5, -1, -4, 6, 4, 2, 6, -5, -4, -6, 2, -4, 0, -6, -3, -5, 3, -6, 6, -2, 6, -3, -3, 5, -2, 6, -4, 0, -2, 6, 4, -3, -1, -2, -2, -6, -6, 5, 4, -2, 1, -5, 3, 6, 4, -3, -3, -5, 4, -1, 6, -1, 2, -6, 4, -1, 2, 1, -6, 2, -3, 2, -3, 5, -3, -4, 1, 0, 6, 4, -6, 5, -3, -2, 4, -2, -1, 4]
 
1.03786309685: [4, -1, 3, -6, 2, -6, 6, -5, -5, 2, 1, 0, 6, -2, 5, 1, 2, 3, 3, 1, 1, 6, -2, 5, 4, -3, -5, 0, -3, 5, -6, 0, -2, -3, -6, -3, -6, -3, -3, 0, -1, 1, 3, 6, -5, 0, 6, -1, 5, -5, 2, 4, 6, 6, 4, 4, 0, -2, 0, -6, -2, -4, 1, -1, -3, -4, 5, 1, -5, 6, 6, -3, 3, -4, 1, 0, 4, 4, -4, 0, -5, 3, 4, -4, 3, 4, 6, 5, 4, -2, 1, 1, 4, 2, 4, -5, 5, -5, 4, -6, 6, 6, 2, -3, -2, -1, 6, -2, -4, 2, 0, 2, -2, -4, -3, 5, -4, -3, -3, 6, -6, 4, 2, 2, 4, 3, -2, 6]
 
3.2191594182252024: [6, -3, -3, -1, 4, -6, -5, -2, 4, -4, 2, -6, -2, -6, -3, 5, -6, 0, 5, 1, -6, 3, -2, 2, -3, -2, -2, -5, -4, 5, -5, 0, -6, 5, -5, 6, 1, -5, 1, -4, -1, 4, 6, 0, 0, -1, -5, -4, 6, 5, -5, 4, -4, 3, 2, -1, 6, 6, -4, -6, 6, -2, -6, -1, -6, 4, -2, -5, -1, -4, 6, 2, -4, -5, 1, -5, -4, -1, -4, 4, -5, -4, -6, -1, 0, -6, 6, 5, 4, -2, 1, 4, 3, -3, 4, -5, -3, -5, 4, -6, 6, -1, 2, -6, -2, -1, -6, -2, -6, 2, -3, 2, -3, 5, -3, 5, 2, -3, -2, 4, -6, 5, -3, -2, 4, 3, -1, 1]
 
3.0481649902888104: [6, -3, -3, -1, 4, -6, -5, -2, 4, -4, 2, -6, -2, -6, -3, 5, -6, 0, 5, 1, -6, 3, -2, 2, -3, -2, -2, -5, -4, 5, -5, 0, -6, 5, -5, 6, 1, 0, -3, 1, -4, 4, 6, 0, 0, -1, -5, -4, 6, 5, -5, 4, -4, 3, 2, -1, 6, 6, -4, -6, 6, -2, -6, -1, -6, 4, -2, -5, -1, -4, 6, 2, -4, -5, 1, -5, -4, -1, -4, 4, -5, -4, -6, -1, 0, -6, 6, 5, 4, -2, 1, 4, 3, -3, 4, -5, -3, -5, 5, -6, 6, -1, 2, -6, -2, -4, -6, -2, -6, -2, -3, 2, -3, -5, 5, -6, 5, -3, -6, 4, -6, -6, 3, -3, 1, 3, -1, -2]
 
0.6144205666882098: [4, -4, -3, -1, -6, -2, 6, -6, -5, 2, -5, -6, 3, -1, -3, 1, -5, 4, 6, 1, -5, 0, 6, -2, 1, -1, 6, -5, -6, 4, 3, 0, -2, 1, -6, 3, -5, 5, 5, 0, -6, -2, 6, -3, 0, -4, 0, 3, 4, 4, -5, -3, -4, 5, 4, 0, 6, -5, -5, -2, 2, -6, 6, -6, -3, -5, 2, 4, 3, 6, 4, -3, 0, 5, -2, -1, -3, 5, -5, -6, 4, -2, -1, -6, 1, -5, 3, 5, 2, -2, -3, -5, 6, 5, -2, 5, 3, -5, 4, -3, -2, -1, 6, 1, -1, -1, -6, -2, -3, 2, 6, 2, -3, 5, -3, -4, 0, -1, -2, 3, 1, 5, 6, -6, 3, 3, -1, 1]
 
0.816491886865: [6, -3, -3, -1, 6, -6, 2, -2, 4, 3, 6, -6, 3, 2, 6, 5, -6, -3, 5, -3, -6, 3, -2, 2, -6, -1, -2, 2, 4, 5, -6, -2, -2, 3, -2, 6, 0, 0, 1, 1, -4, -2, -1, 2, 4, -4, 3, 0, -6, 5, -5, 1, -4, 1, 0, -1, -1, 6, -4, 4, 6, -2, 0, 4, -3, -5, 3, 2, 6, -2, 0, -3, -6, -4, -5, -5, 4, 5, -4, 4, -5, -4, -4, 5, -2, -6, 6, 5, 4, -2, 0, 1, 3, 5, -3, 0, -3, -5, 4, -6, 6, -1, 2, -1, -5, 5, -1, -2, 2, 2, 0, -3, 6, -3, 1, 3, 0, -3, -5, 4, 4, -6, -6, -1, 3, -2, 6, 5]
 
2.5996546740533963: [6, -3, -3, -1, 4, -6, -5, -2, 4, -4, 2, -6, -2, -6, -3, 5, -6, 0, 5, 1, -6, 3, -2, 2, -3, -2, -2, -5, -4, 5, -5, 0, -6, 5, -5, 6, 1, 0, -3, -4, -4, 4, -6, 0, -2, 3, -5, 0, -6, 5, -5, 1, -4, 3, 0, -1, 6, 6, -4, -6, 6, -2, 0, 5, -6, -1, -2, -5, 6, -2, 6, -3, -3, 5, -2, 6, 1, 6, -2, 3, 1, 5, -4, -4, -2, -6, 6, 5, 4, -2, 1, 4, 3, 6, 4, -5, -3, -5, 4, -6, 6, -1, 2, -6, -2, -1, -6, -2, -6, 2, -3, 2, -3, 5, -3, 5, 2, -3, -2, 4, -6, -6, -3, -4, 4, 3, -2, 1]
 
2.6830281260996642: [6, -5, -6, -2, 1, -3, 4, -2, 1, -4, 2, -6, 6, -6, -1, -6, -1, 0, 5, 1, -6, 3, -2, 2, -3, -5, -2, -5, -4, 5, -5, 0, -6, 5, 4, 6, 2, -5, -3, 3, -6, 0, -6, -5, 0, 0, 4, -1, -6, 4, -5, 4, 3, -3, 4, 2, 6, 6, -4, -6, 6, -2, 0, 5, -6, -1, -2, -5, -3, -2, -2, -3, -3, -4, -4, 6, 1, 6, -4, -5, 5, -6, 1, -2, 5, -6, 5, -3, 4, -5, 1, 1, 2, 2, 4, -5, -3, 2, 6, -6, 6, -1, 2, -6, -2, -1, -6, -2, -6, 2, -3, 2, -3, 5, 1, -6, 2, -3, -5, 0, -6, -6, -3, -2, 4, -2, -1, 4]
 
1.4919477389525624: [6, -3, 4, -1, 4, -6, -5, -2, 4, -4, 2, -6, -6, -6, 4, 5, -6, 0, 5, -3, 2, 3, -6, -4, 6, 2, -2, -5, -4, 5, -1, 6, -6, 5, 4, 6, 1, 0, -3, 4, 0, -3, -1, 5, -1, -1, -4, -4, -2, -1, -5, 4, -4, 3, 0, 2, -5, 6, -6, -6, 0, -2, 0, 1, 4, -6, -2, 6, -3, 0, -2, -5, -3, -1, -4, 6, 1, 6, -4, 3, -2, 5, -1, -2, 5, -6, -1, -5, 3, -5, 1, 5, -2, -1, -5, -5, -3, 2, -4, -6, -1, 1, 6, -6, 4, 6, 6, 3, 4, 4, -1, 2, -3, -4, 1, 3, -5, 4, -5, -3, -4, -6, -3, 3, -1, -2, -1, 4]
 
2.6358154761008192: [6, -3, -1, -1, 4, 5, -5, -2, 4, -4, 2, -6, 6, -6, -1, -6, -1, 0, 5, 1, -6, 3, -2, 2, -3, -5, -2, -5, -4, 5, -5, 0, -6, 5, 4, 6, 2, -5, -3, 3, -6, 0, -6, -5, 0, 0, 4, -1, -6, 4, -5, 4, 3, -3, 4, 2, 6, 6, -4, -6, 6, -2, 0, 5, -6, -1, -2, -5, -3, -2, -2, -3, -3, -4, -4, 6, 1, 6, -4, -5, 5, -6, 1, -2, 5, -6, 5, -3, 4, -5, 1, 1, 2, 2, 4, -5, -3, 2, 6, -6, 6, -1, 2, -6, -2, -1, -6, -2, -6, 2, -3, 2, -3, 5, 1, -6, 2, -3, -5, 0, -6, -6, -3, -2, 4, -2, -1, 4]
 
2.1489847416309207: [5, -1, 4, -1, -3, 5, -6, -2, 2, -3, 3, 2, 4, -5, -5, 1, 0, 1, 4, 3, 6, -4, -2, 2, -3, -3, 3, -2, -4, 2, -2, 4, 3, 0, -2, -5, -2, 1, 5, -4, 1, 0, 6, 0, -3, -6, 4, 0, 0, -2, -6, 4, -3, -1, 5, 0, 6, -5, -4, -6, 6, -4, 0, 1, -3, -5, 3, -6, 6, -2, 6, -3, -3, 5, -2, 6, 1, 6, 2, 3, 1, 5, -4, -4, -2, -6, 6, 5, 4, -2, 1, 4, 3, 6, 4, -5, -3, -5, 4, -6, 6, -1, 2, -6, -2, -1, -6, -2, -6, 2, -3, 2, -3, 5, -3, 5, 2, -3, -2, 4, -6, 5, -3, -2, 4, 3, -1, 1]
 
2.0063965963868022: [6, -3, -3, -1, 4, -6, -5, -2, 4, -4, 2, -6, -2, -6, -3, 5, -6, 0, 5, 1, -6, 3, -2, 2, -3, -2, -2, -5, -4, 5, -5, 0, -6, 5, -5, 6, 1, -5, 1, -4, -1, -2, -1, 0, 2, -4, 1, 0, -6, 5, -5, 1, 1, 1, 6, -4, -5, 5, -4, -1, 3, 4, 0, 3, 3, 5, 1, -6, -4, -5, 1, -3, 1, 3, 1, -5, 4, -1, -4, 4, -1, -4, -6, 4, 6, -5, -2, 3, 4, -4, 4, 6, -5, 6, 4, -4, -6, 3, 4, -5, 0, 3, 4, -6, 1, -1, 2, -5, 2, 2, -3, 2, 6, -3, 5, -6, 2, -3, -2, 4, -6, -6, -3, -4, 4, 3, -2, 1]
 
0.280393441799: [6, -1, 4, 4, 0, -6, 6, -6, -5, -6, 3, 2, 4, 3, -4, 1, 3, 1, 4, -6, -3, 2, -2, -2, 1, -4, 6, 1, 0, -2, 5, -5, -6, 4, -4, -2, 1, 1, -1, -4, 0, 6, 0, 0, 4, 3, 1, -1, 0, -6, 0, -6, 3, 3, 0, -1, 6, 6, -5, 4, -6, -2, -2, 5, -6, -1, -4, -5, 6, -2, 6, -3, -6, -4, 2, -5, 4, -1, -4, 2, -5, -4, -4, 6, -3, -5, 5, -4, -4, -2, 2, 6, 6, 6, 4, -4, -6, -2, 4, 1, 0, 3, 1, 0, -4, 5, -4, 4, 5, 2, -3, 2, 2, 5, -1, -3, 2, -3, 3, 4, 3, -6, -4, -2, 0, 3, -1, 1]
 
0.895934647435: [-3, -3, -1, 6, 6, -5, 5, -2, -2, -5, -1, -6, -4, -6, -5, -6, -4, -3, 4, 1, 0, 2, -6, 3, 1, 2, 0, -5, 4, -3, 2, 0, 0, -1, -5, 3, 3, 2, 5, 3, -4, 2, 4, 0, -4, 3, -6, 0, -6, 3, -5, -6, -4, 3, 0, -2, 2, 6, -4, -3, 1, 6, 0, -6, -3, 3, 3, -3, 4, -2, 6, 1, -3, 4, -5, 6, 4, 1, 6, 2, 2, 0, 6, -4, -2, -5, 0, -4, 2, 3, 1, 5, -1, 6, 4, -5, -2, -4, 3, 1, 0, 0, 5, 3, -4, -2, -6, 0, 0, -4, -3, -3, -4, 5, -6, -3, 2, -5, 4, 0, -6, -6, -3, -3, 6, 2, 1, 3]
 
0.462556480286: [5, -1, 4, -2, -3, 5, -3, -2, 1, -1, 3, -1, 5, -5, -5, 4, 3, 1, 1, 3, 6, -4, 5, -5, -3, -3, 3, 4, -4, 2, -2, 0, -6, 5, -5, 6, 3, 3, 1, 2, -1, 4, 6, 0, 2, -1, -5, -4, 3, 5, -5, -2, 0, 3, 2, -1, 6, 3, -5, -6, 6, -2, -6, -1, -6, 6, 2, -5, -1, 5, 6, 2, -4, -5, 1, -5, -4, -1, -4, 4, -5, 0, 5, -1, 0, -6, 6, 5, 6, -2, 1, 4, 2, -3, 4, -5, -3, -5, 6, -6, -2, -1, -6, -6, 5, 2, -6, 3, -6, 5, -5, 2, -1, 5, -3, 5, 2, -3, -6, 4, -6, 5, -3, -4, 1, 3, -1, 1]
 
1.7208650143708222: [-4, -3, -3, -1, 4, 5, -5, -2, 4, -3, 2, 3, 6, -5, -1, -6, 1, 0, 5, 1, 5, 3, -2, 2, 4, -5, -2, -5, -4, -2, -4, -3, -6, -2, 2, -1, 1, -5, -3, 3, -6, 0, -2, 2, 5, 0, 4, -1, -2, -1, 4, -2, 3, 0, -5, 2, -4, 5, -4, 3, 6, -2, 0, -2, 0, -1, -2, -5, -3, -2, -2, 6, -3, -4, -4, 6, 1, 6, 1, -5, 5, -6, 1, 5, 5, 6, 1, -3, 5, -2, -6, -3, 2, -5, 2, -5, -3, -6, 3, -4, -1, -1, 0, -6, 4, -1, -6, -2, -6, 2, -6, 2, -3, 5, 1, -6, 2, -3, -5, 0, -6, 3, -2, 1, 4, -2, 3, -5]
 
2.3656675051943745: [-3, -3, -3, -1, 5, 5, -6, -2, 2, -3, 3, 2, 4, -5, -5, 1, 0, 1, 4, 3, 6, -4, -2, 2, -3, -3, 3, -2, -4, 2, -2, 4, 3, 0, -2, -5, -2, 1, 5, -4, 1, 0, 6, 0, -3, -6, 4, 0, 0, -2, -6, 4, -3, -1, 5, 0, 6, -5, -4, -6, 6, -4, 0, 1, -3, -5, 3, -6, 6, -2, 6, -3, -6, -4, 1, -5, 4, -1, -4, 4, -5, -4, -4, -4, -2, -6, 6, 5, 4, -2, 1, 4, 3, 6, 4, -5, -3, -5, 4, -6, 6, -1, 2, -6, -2, -1, -6, -2, -6, 2, -3, 2, -3, 5, -3, 5, 2, -3, 0, 4, -6, 4, -3, -2, 4, 3, -2, 1]
 
2.262008565712827: [6, -3, -1, 4, 0, -6, 6, -6, -5, 2, 3, 2, 4, 3, -5, 1, -4, 1, 4, -6, 5, 2, -2, -2, 1, -3, 5, -4, 1, -2, 5, -5, 4, -2, -1, -2, 1, 1, 3, -4, -4, 4, -6, 0, -2, 3, -5, 0, -6, 5, -5, 1, -4, 3, 0, -1, 6, 6, -4, -6, 6, -2, 0, 5, -6, -1, -2, -5, -4, -5, 6, -3, -6, -4, 1, -5, 4, -1, -4, 4, -5, -4, -4, -4, -2, -6, 6, 5, 4, -2, 1, 4, 3, 6, 4, -5, -3, -5, 4, -6, 6, -1, 2, -6, -2, -1, -6, -2, -6, 2, -3, 2, -3, 5, 1, -6, 2, -3, -5, 0, -6, -6, -3, -2, 4, -2, -1, 4]
 
2.517454673551619: [5, -1, 4, -1, -3, 5, -6, -2, 2, -3, 3, 2, 4, -5, -5, 1, 0, 1, 4, 3, 6, -4, -2, 2, -3, -3, 3, -2, -4, 2, -2, 4, 3, 0, -2, 6, 1, 0, -3, 1, -4, 4, 6, 0, 0, -1, -5, -4, 6, 5, -5, 4, -4, 3, 2, -1, 6, 6, -4, -6, 6, -2, -6, -1, -6, 4, -2, -5, -1, -4, 6, 2, -4, -5, 1, -5, -4, -1, -4, 4, -5, -4, -6, -1, 0, -6, 6, 5, 4, -2, 1, 4, 3, -3, 4, -5, -3, -5, 4, -6, 6, -1, 2, -6, -2, -1, -6, -2, -6, 2, -3, 2, -3, 5, -3, 5, 2, -3, -2, 4, -6, 5, -3, -2, 4, 3, -1, 1]
 
2.885973522918079: [4, 1, -3, 0, -6, -6, 6, -6, -5, 2, 3, 3, -5, 2, -5, 1, 6, -4, -3, -6, 5, -1, -2, -2, 1, -3, 5, 0, 2, 5, 5, -5, 4, -2, -1, -2, 1, -1, 3, -4, -4, 4, 5, 6, -2, -3, -5, -4, -6, 1, -5, 1, -4, 2, 0, -1, 6, 6, -4, -6, 2, -4, 0, -6, -3, -5, 3, -6, 6, -2, 6, -3, -3, 5, -2, 6, 1, 6, 2, 3, 1, 5, -4, -4, -2, -6, 6, 5, 4, -2, 1, 4, 3, 6, 4, -5, -3, -5, 4, -6, 6, -1, 2, -6, -2, -1, -6, -2, -6, 2, -3, 2, -3, 5, -3, 5, 2, -3, 0, 4, -6, 4, -3, -2, 4, 3, -2, 1]
 
1.281024798639489: [5, -4, 4, -1, -3, -3, -6, -2, 2, -3, -3, 2, -5, -5, -1, 1, 0, 1, 4, 3, 4, -4, 2, 4, 5, 5, -5, -2, -4, 5, -5, 4, 1, 5, -5, 3, -4, 0, -5, -5, 2, 0, -3, -6, -4, 0, -4, 6, -6, -2, -5, 4, -3, 3, -4, 0, 6, -5, -4, 5, 1, -3, -4, -6, 3, 0, 0, -3, 2, -4, 6, 0, -3, -4, 6, 3, -5, -4, -3, 4, 6, -4, -6, 6, -6, -5, 5, 6, 4, -2, 0, -3, -3, 6, 4, -4, -1, -6, 2, 0, 0, 6, 4, 2, -5, -1, -6, -2, 0, 1, 0, 4, -3, 5, 0, -2, 2, -3, -2, 4, -6, -6, -3, -2, 4, 3, 0, 6]
 
1.441149291114333: [4, 1, -3, 3, 2, -6, -5, 2, -6, 2, 5, 1, -6, -2, -1, 4, -6, -2, -2, -6, -1, -5, 4, 5, 1, 3, 5, -4, 0, 0, 4, -5, 4, -2, 3, 0, -6, 4, 6, 2, -4, -2, 4, 6, 4, 2, 1, -1, -6, 4, -5, -1, -4, 6, 4, -6, 6, -5, -4, -5, 2, -4, -3, -6, -2, -5, 3, -6, -4, -5, 6, -1, 0, -4, 1, -5, -6, 2, 2, -4, -5, 5, -4, -4, -2, 5, 6, 5, 4, 4, 1, 4, 3, 6, 4, -5, 2, 4, -6, -6, 6, -1, 2, -6, 0, -1, -6, -2, -2, 2, -3, 5, -3, -6, -4, 5, -1, -3, 0, 4, -6, 1, -3, -2, 4, 5, -2, 2]
 
1.6042507569421347: [5, -1, 4, -1, -3, -6, -2, -2, -2, -5, 2, -6, -2, -6, -3, 5, -6, 0, 5, 1, -6, 3, -2, 2, -3, -2, -2, -5, -4, 5, -5, 0, -6, 5, -5, 6, 1, -5, 1, -4, -1, -2, -1, 0, 2, -4, 1, 0, -6, 5, -5, 1, -4, 3, 0, -1, 6, 6, -4, -6, 6, -2, 0, 5, -6, -1, -2, -5, -4, -5, 6, -3, -6, -4, 1, -5, 4, -1, -4, 4, -5, -4, -6, -4, -2, -6, 6, 5, 4, -2, 1, 4, 3, 6, 4, -5, -3, -5, 4, -6, 6, -1, 2, -6, -2, -1, -6, -2, -6, 2, -3, 2, -3, 5, -3, 5, 2, -3, -2, 4, -6, 5, -3, -2, 4, 3, -1, 1]
 
1.6677048352722383: [6, -3, -3, -1, 4, -6, -5, -2, 4, -4, 2, -6, -2, -6, -3, 5, -6, 0, 5, 1, -6, 3, -2, 2, -3, -2, -2, -5, -4, 5, -5, 4, 3, 0, -2, 6, 1, 0, -3, 1, -4, -2, -1, 0, 2, -4, 1, 0, -6, 5, -5, 1, -4, 3, 0, -1, 6, 6, -4, -6, 6, -2, 0, -6, -3, -5, 3, -6, 6, -2, 6, -3, -3, 5, -2, 6, 1, 6, 2, 3, 1, 5, -4, -4, -2, -6, 6, 5, 4, -2, 1, 4, 3, 6, 4, -5, -3, -5, 4, -6, 6, -1, 2, -6, -2, -1, -6, -2, -6, 2, -3, 2, -3, 5, -3, 5, 2, -3, -2, 4, -6, 5, -3, -2, 4, 3, -1, 1]
 
0.978206255752: [6, -3, -3, -1, -2, 0, -2, -2, -3, -4, -6, -6, 4, 1, -3, -3, -6, 3, 3, 1, -5, 3, -2, 2, -3, 0, 1, -5, -4, 3, -5, 0, -6, 3, -2, 6, 1, -5, 1, 2, -6, -4, -1, 1, 2, -4, -3, 4, 4, 4, 4, -1, 3, -5, -1, 2, -3, 6, -4, -6, 6, 0, 0, 5, 2, -1, -2, -5, -3, -2, -2, -3, -3, 3, 3, 1, 1, -4, -4, -5, 5, -3, 1, -2, -2, -6, 0, 0, -1, -5, 1, 1, 6, 2, 4, 1, -3, 2, 6, -6, 6, -1, 2, -5, -2, -1, -6, 3, -6, -6, -3, 2, -3, 5, 3, 2, 4, -3, -5, -6, -6, -5, -2, -2, -6, -2, -1, -3]
 
2.127575718535995: [6, -3, -3, 4, 0, 3, 6, -6, 0, 2, -5, 2, 6, 6, -5, 1, -1, 1, 4, -6, 5, -3, 3, -2, 1, -3, -3, -5, -4, 5, -5, 0, 3, 5, 4, -3, 2, 3, -6, 5, -1, -2, -1, 0, 2, -4, 1, 0, -6, 5, -5, 1, -4, 3, 0, -1, 6, 6, -4, -6, 6, -2, 0, 5, -6, -1, -2, -5, -4, -5, 6, -3, -6, -4, 1, -5, 4, -1, -4, 4, -5, -4, -6, 6, -3, -5, 5, 6, 4, -2, 0, -3, 6, 6, 4, -4, -6, -2, 4, -6, 6, -1, 2, -6, -1, -1, -6, -2, -6, 2, -3, 2, -3, 5, 5, -6, 2, -3, -2, 4, -6, -6, -3, -2, 4, 3, -1, 6]
 
2.206050213045255: [5, -1, 4, -1, -3, 5, -6, -2, 2, -3, 3, 2, 4, -5, -5, 1, 0, 1, 4, 3, 6, -4, -2, 2, -3, -3, 3, -2, -4, 2, -2, 4, 3, 0, -2, -5, -2, 1, 5, -4, 1, 0, 6, 0, -3, -6, 4, 0, 0, -2, -6, 4, -3, -1, 5, 0, 6, -5, -4, -6, 6, -4, 0, 1, -3, -5, 3, -6, 6, -2, 6, -3, -6, -4, 1, -5, 4, -1, -4, 4, -5, -4, -4, -4, -2, -6, 6, 5, 4, -2, 1, 4, 3, 6, 4, -5, -3, -5, 4, -6, 6, -1, 2, -6, -2, -1, -6, -2, -6, 2, -3, 2, -3, 3, 1, -6, 2, -3, 2, 0, -6, -6, -5, -1, 6, 3, -1, 6]
 
0.404893002841: [6, 4, -3, 4, 0, 3, -3, -6, 0, 2, -5, -2, -2, 1, -5, 1, -1, 1, 4, -6, -5, -3, 6, -1, 0, -3, -3, 2, -4, -3, 6, 0, 3, -6, 4, -3, 2, 3, -6, 6, -6, -1, -1, 0, 2, -4, -3, 2, 2, 1, -5, 1, -4, 2, 0, -6, 6, -4, 4, 0, -5, -2, 0, 5, -6, -1, -2, -5, -4, -5, 6, -3, -6, 3, 1, 2, 4, -1, 1, 4, 0, -1, -4, -4, -3, -5, 5, 6, 4, -2, -2, -3, -5, 6, 4, 3, -6, -6, 4, 4, 3, 5, 2, -6, -1, -2, -6, -2, -6, 3, -3, 1, -3, -3, 5, -6, 2, -1, -5, -5, -6, 3, -6, 0, 3, 3, -1, -3]
 
1.1525594901335876: [4, -4, -3, 0, -6, -6, 6, -1, 1, -4, 3, 1, -2, 2, -1, 5, 5, -4, 2, -4, 5, -1, -2, -2, 1, -3, -1, -5, -3, 5, -6, 0, -3, -3, -1, 2, 6, 0, -3, -5, 2, 0, -3, -2, -3, -5, 4, -1, -3, 6, 2, -1, -4, 6, 3, -5, -6, -5, 4, -6, 2, -4, 0, -6, 5, -5, 3, 4, 4, -3, 6, 0, -6, 5, -2, 6, -4, 0, -2, 6, 4, 3, -1, 4, -1, 6, -6, 6, -6, -2, 1, -5, 3, 6, -2, -3, -3, -5, 5, 4, 6, -1, 0, 4, 4, 2, -3, -2, -6, 2, -2, 2, -3, 5, -3, -4, 1, 5, 6, 4, -6, 5, -3, -2, 0, 1, -4, 1]
 
1.0915411018093226: [6, -3, -1, -1, 4, 5, -5, -2, 4, -4, 2, -6, 6, -6, -1, -6, -1, 0, 5, 1, -6, 3, -2, 2, -3, -5, -2, -5, -4, 5, -5, 0, -6, 5, 4, 6, 2, -5, -3, 3, -6, 0, -6, -5, 0, 0, 4, -1, -6, 5, -1, -1, -1, 3, 0, -2, 5, 6, -4, 4, 0, -2, 6, 5, 0, 5, 5, -3, 2, -3, 6, -3, -3, 0, 6, 3, -5, -4, 5, 3, 6, 5, -2, -3, 5, 5, 3, 0, -5, 2, 4, 6, -1, 5, 1, -6, 6, -3, 1, 2, -1, -4, 2, 4, -5, -2, 5, 0, -6, 6, -4, -1, 6, 1, -1, -3, 2, -3, 2, 0, -6, -1, -5, 3, 6, 3, 3, 6]
 
1.21319945075: [-4, 4, -3, 4, 0, 3, 6, 3, -5, 2, 3, 2, 4, 3, -5, 2, -4, -3, 4, 4, -5, -2, -1, -2, 1, -3, 5, 3, 0, -5, 5, -5, 4, 0, -1, -2, 0, 2, 3, -4, -4, 4, -4, 0, -2, 3, 1, -1, -5, -6, 0, -6, 1, 3, -1, -1, -6, 6, -4, -2, -3, -2, 0, 5, -6, -1, -2, -5, -4, -5, 6, -3, 5, -4, 1, -5, 4, -1, -5, 4, 0, -4, -6, 6, -2, 1, 5, 6, 4, -2, 0, -3, -4, 6, 4, -2, -6, 2, 4, -6, -2, -1, 4, 5, 5, 3, -6, -2, -6, 2, 3, 6, -3, 5, 1, -6, 2, -3, -2, 4, -6, -6, -1, -2, 5, 3, -1, 6]
 
1.75262707735: [6, -3, -3, 4, 0, -6, 6, -6, 0, 2, -5, 2, 6, 6, -5, 1, -1, 1, 4, -6, 5, -3, 3, -2, 1, -3, -3, -5, -4, 5, -5, 0, 3, 5, 4, -3, 2, 3, -6, 5, -1, -2, -1, 0, 2, -4, 1, 0, -6, 5, -5, 1, -4, 3, 0, -1, 6, 6, -4, -6, 6, -2, 0, 5, -6, -1, -2, -5, -4, -5, 6, -3, -6, -4, 1, -5, 4, -1, -4, 4, -5, -4, -6, 6, -3, -5, 5, 6, 4, -2, 0, -3, 6, 6, 4, -4, -6, -2, 4, -6, 6, -1, 2, -6, -1, -1, -6, -2, -6, 2, -3, 2, -3, 5, 5, -6, 2, -3, -2, 4, -6, -6, -3, -2, 4, 3, -1, 6]
 
1.16425472324: [5, -6, 4, -1, -3, -1, -6, -2, -6, -3, 3, 2, 4, -5, 4, 1, 0, 1, 4, 2, 0, -4, -2, 2, 3, -3, 1, -2, -4, 2, -2, 0, -6, 1, 4, -4, 2, -5, -6, 5, 2, -4, -1, -2, 5, -6, 1, -5, -6, 5, -3, 1, -4, 3, 0, -1, 0, 6, -5, 5, 6, -2, 0, 5, -6, -1, -2, 6, -4, -5, 6, -3, 3, -3, 1, -5, 4, -6, -4, -5, -5, 3, 6, 3, 6, -5, 5, 6, 4, 3, 0, -3, 6, 6, 6, -6, 0, -2, 3, 1, 6, -1, 2, -6, -1, -2, 3, -6, 5, 2, -1, 2, -3, 5, 5, -6, 2, 1, -2, 5, -6, 5, 2, 1, 4, 3, -1, 6]
 
2.41141094707: [6, -3, -3, 4, 0, 3, 6, -6, 0, 2, -5, 2, 6, 6, -5, 1, -1, 1, 4, -6, 5, -3, 3, -2, 1, -3, -3, -5, -4, 5, -5, 0, 3, 5, -5, 6, 1, -5, 1, -4, -1, 4, 6, 0, 0, -1, -5, -4, 6, 5, -5, 4, -4, 3, 2, -1, 6, 6, -4, -6, 6, -2, -6, -1, -6, 4, -2, -5, -1, -4, 6, 2, -4, -5, 1, -5, -4, -1, -4, 4, -5, -4, -6, -1, 0, -6, 6, 5, 4, -2, 1, 4, 3, -3, 4, -5, -3, -5, 4, -6, 6, -1, 2, -6, -2, -1, -6, -2, -6, 2, -3, 2, -3, 5, -3, 5, 2, -3, -2, 4, -6, 5, -3, -2, 4, 3, -1, 1]
 
2.07121639132: [5, -1, 4, -1, -3, 5, -6, -2, 2, -3, 3, 2, 4, -5, -5, 1, 0, 1, 4, 3, 6, -4, -2, 2, -3, -3, 3, -2, -4, 2, -2, 0, -6, 5, 4, -3, 2, 3, -6, 5, -1, -2, -1, 0, 2, -4, 1, 0, 2, -6, 0, -6, -4, 3, 0, -1, 6, 6, -4, -6, 6, -2, 0, 5, -6, -1, -2, -5, -4, -5, 6, -3, -6, -4, 1, -5, 4, -1, -4, 4, -5, -4, -6, 6, -3, -5, 5, 6, 4, -2, 0, -3, 6, 6, 4, -4, -6, -2, 4, -6, 0, 3, 4, 1, -4, -1, -6, -2, -6, 2, -3, 2, -3, 5, 5, -6, 2, -3, -2, 4, -6, -6, -3, -2, 4, 3, -1, 6]
 
0.476377685983: [6, 2, -3, 4, 0, 6, -2, -6, -5, 2, 1, 2, 4, 3, -5, 1, -4, -4, 4, -6, 2, 2, 0, -2, 1, -3, 5, -4, 1, 3, 5, -5, 4, -3, -4, -2, 1, 1, 3, -4, -1, 4, -6, -1, -2, 6, -5, -6, 0, 5, -5, 1, -5, 3, 0, -1, 6, -3, -4, -6, -6, -2, 0, 5, -5, -1, 3, -5, 0, -5, 6, -4, -6, -4, 2, -5, 4, -1, -1, 4, -5, -4, -6, 6, -3, -5, 5, -6, 3, 5, 0, -5, 6, 6, 3, 4, -6, -2, 4, 6, 6, -4, 2, -3, 2, 0, -6, -2, -6, 2, -4, -6, -3, 5, 5, -2, 2, -6, 5, -3, 5, 4, -3, -2, -1, 3, -1, -5]
 
0.563050532935: [4, 5, -3, 0, 5, 5, -6, -2, 2, -3, 3, 2, 4, -1, -5, 1, 5, -2, 1, 0, 6, -4, -2, 2, -3, 4, 3, 0, 6, 2, 2, -3, -4, -2, -2, 6, -2, 4, -3, -4, 1, 0, -2, 0, 6, 3, 4, 0, 0, 4, 0, 3, -3, -1, 2, -1, -4, -6, -4, 1, -4, -4, 0, 1, -3, -3, 3, -6, 1, -6, 6, -3, -6, -4, 1, -5, 4, -1, -4, 4, -5, 6, -4, -4, 6, -6, 6, 1, 4, 5, -4, 4, 3, 6, -1, -6, -3, -5, 4, -6, -6, -1, 2, -6, -2, 6, 6, 5, -6, 2, -2, 2, 6, 5, -3, 5, 2, 5, 0, 4, -6, 4, -3, -2, 4, 3, 6, 1]
 
0.781914106571: [-3, -3, -3, -1, -6, -6, 6, -1, 1, -4, 3, 1, -2, 2, -1, 5, 5, -4, 2, -4, 5, -1, -2, -2, 1, -3, -1, -5, -3, 5, -6, 0, -3, -3, -1, 2, 6, 0, -3, -5, 2, 0, -3, -2, -3, -5, 4, -1, -3, 6, 2, -1, -4, 6, 3, -5, -6, -5, 4, -6, 2, -4, 0, -6, 5, -5, 3, 4, 4, -3, 6, 0, -6, 5, -2, 6, -4, 0, -2, 6, 4, 3, -1, 4, -1, 6, -6, 6, -6, -2, 1, -5, 3, 6, -2, -3, -3, -5, 5, 4, 6, -1, 0, 4, 4, 2, -3, -2, -6, 2, -2, 2, -3, 5, -3, -4, 1, 5, 6, 4, -6, 5, -3, -2, 0, 1, -4, 1]
 
2.25938251787: [6, -3, -1, 4, 0, -6, 6, -6, -5, 2, 3, 2, 4, 3, -5, 1, -4, 1, 4, -6, 5, 2, -2, -2, 1, -3, 5, -4, 1, -2, 5, -5, 4, -2, -1, -2, 1, 1, 3, -4, -4, 4, -6, 0, -2, 3, -5, 0, -6, 5, -5, 1, -4, 3, 0, -1, 6, 6, -4, -6, 6, -2, 0, 5, -6, -1, -2, -5, -4, -5, 6, -3, -6, -4, 1, -5, 4, -1, -4, 4, -5, -4, -4, -4, -2, -6, 6, 5, 4, -2, 1, 4, 3, 6, 4, -5, -3, -5, 4, -6, 6, -1, 2, -6, -2, -1, -6, -2, -6, 2, -3, 2, -3, 5, -3, 5, 2, -3, -2, 4, -6, 5, -3, -2, 4, 3, -1, 1]
 
0.774307495514: [-4, -6, 4, 5, -3, 4, -6, -2, 2, -1, 0, 2, 4, -5, -3, 5, 3, -4, 4, 3, 6, -4, -2, 2, 0, -3, 3, -2, 6, 2, 2, 0, -5, 5, 4, 4, 1, 0, -2, 2, -3, 4, -1, 6, -2, -1, -1, -4, 6, 6, -3, 0, 5, 0, 1, -3, 5, 3, -2, -6, 6, 1, -5, -4, -6, -2, 6, 3, -3, -4, 6, 0, 5, -5, 1, 1, 3, 2, 5, 2, -2, -4, 2, -1, 5, -1, 6, -1, -3, -6, 0, 4, -1, -3, 1, -5, 3, -5, 4, -6, 6, -1, 2, 2, -2, -1, -3, 6, -6, 2, 1, 2, -1, 5, 1, -5, 3, -1, 0, 0, -4, -1, -3, -2, 4, -6, -1, 4]
 
0.896852571255: [5, -1, 4, -1, -3, 5, -6, -2, 2, -3, 3, 2, 4, -5, -5, 1, 0, 1, 4, 3, 6, -4, -2, 2, -3, -3, 3, -2, -4, 2, -2, 0, -6, 5, 4, -3, 2, 3, -6, 5, -1, -2, -1, 0, 2, -4, 1, 0, 2, -6, 0, -6, -4, 3, 0, -1, 6, 6, -4, -6, 6, -2, 0, 5, -6, -1, -2, -5, -4, -5, 6, -3, -6, -4, 1, -5, 4, -1, -4, 4, -5, -4, -6, 6, -3, -5, 5, 6, 4, -2, 0, -3, 6, 6, 4, -4, -6, -2, 4, -6, 6, -1, 2, -6, -1, -1, -6, -2, -6, 2, -3, 2, 2, 0, -3, 1, 2, -3, 0, 4, -6, 4, -3, -2, 4, 3, -2, 1]
 
1.35643343757: [6, -3, -3, -1, 4, -6, -5, -2, 4, -4, 2, -6, -2, -6, -3, 5, -6, 0, 5, 1, -6, 3, -2, 2, -3, -2, -2, -5, -4, 5, -5, 0, -6, 5, -5, 6, 1, 6, -5, 4, -4, 4, 4, 6, 4, 2, 1, -5, 4, 4, -5, -4, -6, -1, 2, -1, 6, 3, -2, -1, -5, 1, -6, -6, -3, 4, 3, 3, 6, 6, 6, 5, -5, 5, -2, 6, -5, 6, -6, 3, 1, 5, -4, -4, 4, -4, 6, 5, -1, -2, 1, 4, 3, 1, 6, -5, -3, -5, 4, -6, 0, 3, 4, 1, -4, -1, -6, -2, -6, 2, -3, 2, -3, 5, 5, -6, 2, -3, -2, 4, -6, -6, -3, -2, 4, 3, -1, 6]
 
1.77605769398: [5, -1, 4, -1, -3, 5, -6, -2, 2, -3, 3, 2, 4, -5, -5, 1, 0, 1, 4, 3, 6, -4, -2, 2, -3, -3, 3, -2, -4, 2, -2, 4, 3, 0, -2, 6, 1, 0, -3, 1, -4, 4, 6, 0, 0, -1, -5, -4, 6, 5, -5, 4, -4, 3, 2, -1, 6, 6, -4, -6, 6, -2, -6, -1, -6, 4, -2, -5, -4, -5, 6, -3, -6, -4, 1, -5, 4, -1, -4, 4, -5, -4, -6, 6, -3, -5, 5, 6, 4, -2, 0, -3, 6, 6, 4, -4, -6, -2, 4, -6, 6, -1, 2, -6, -1, -1, -6, -2, -6, 2, -3, 2, -3, 5, 5, -6, 2, -3, -2, 4, -6, -6, -3, -2, 4, 3, -1, 6]
 
0.981545277987: [-6, -1, 0, -1, -3, 5, -6, -3, 6, 6, 3, 2, 4, 3, 6, 1, 0, 1, -5, 1, -4, -1, 6, 4, -6, 1, 3, -1, -4, 2, 6, -1, -6, 5, 4, 0, -6, 6, 1, -4, -1, 2, -1, 0, 6, -4, 1, -6, -6, 5, -4, 4, -4, -5, 0, -1, 3, 5, -4, 0, 4, -5, -6, 5, -1, -1, -2, -5, 5, -5, 3, -5, 3, -5, 3, -5, -6, 0, 0, 4, -5, -1, -6, 3, 0, 2, -5, -2, -5, 4, 2, 4, 3, 4, 0, 4, 0, -5, 4, -6, -2, -5, 2, -3, -5, -5, -2, 6, -6, -5, -3, 4, 2, 5, -5, 4, -5, -3, -2, 4, -2, 5, -3, 1, 4, -3, 6, -5]
 
2.13134594578: [4, -4, -3, 0, 5, 5, -6, -2, 2, -3, 3, 2, 4, -5, -5, 1, 0, 1, 4, 3, 6, -4, -2, 2, -3, -3, 3, -2, -4, 2, -2, 4, 3, 0, -2, -5, -2, 1, 5, -4, 1, 0, 6, 0, -3, -6, 4, 0, 0, -2, -6, 4, -3, -1, 5, 0, 6, -5, -4, -6, 6, -4, 0, 1, -3, -5, 3, -6, 6, -2, 6, -3, -6, -4, 1, -5, 1, 6, 2, 3, 1, 5, -4, -4, -2, -6, 6, 5, 4, -2, 1, 4, 3, 6, 4, -5, -3, -5, 4, -6, 6, -1, 2, -6, -2, -1, -6, -2, -6, 2, -3, 2, -3, 5, -3, 5, 2, -3, -2, 4, -6, 5, -3, -2, 4, 3, -1, 1]
 
1.12243968432: [6, -3, -3, -1, 4, -6, -5, -2, 4, -4, 2, -6, -2, -6, -3, 5, -6, 0, 5, 1, -6, 3, -2, 2, -3, -2, -2, -5, -4, 5, -5, 4, 3, 0, -2, 6, 1, 0, -3, 1, -4, -2, -1, 0, 2, -4, 1, 0, -6, 5, -5, 1, -4, 3, 0, -1, 6, 6, -4, -6, 6, -2, 0, -6, -3, -5, 3, -6, 6, -2, 6, -3, -3, 5, -2, 6, 4, -1, -4, 4, -5, -4, -4, -4, -2, -6, 6, 5, 4, -2, 1, 4, 3, 6, 4, -5, -3, -5, 4, -6, 6, -1, 2, -6, -2, -1, -6, -2, -6, 2, -3, 2, -3, 5, -3, 5, 2, -3, 0, 4, -6, 4, -3, -2, 4, 3, -2, 1]
 
0.454499029234: [-3, -3, -3, -1, -6, -6, 6, -1, 1, -4, 3, 1, -2, 2, -1, 5, 5, -4, 2, -4, 5, -1, -2, -2, 1, -3, -1, -5, -3, 5, -6, 0, -3, -3, -1, 2, 6, 0, -3, -5, 2, 0, -3, -2, -3, -5, 4, -1, -3, 6, 2, -1, -4, 6, 3, -5, -6, -5, 4, -6, 2, -4, 0, -6, 5, -5, 3, 4, 4, -3, 6, 0, -6, 5, -2, 6, -4, 0, -2, 6, 4, 3, -1, -4, -2, -6, 6, 5, 4, -2, 1, 4, 3, 6, 4, -5, -3, -5, 4, -6, 6, -1, 2, -6, -2, -1, -6, -2, -6, 2, -3, 2, -3, 5, -3, 5, 2, -3, 0, 4, -6, 4, -3, -2, 4, 3, -2, 1]
 
0.906053736268: [-3, -3, -3, -1, 5, 5, -6, -2, 2, -3, 3, 2, 4, -5, -5, 1, 0, 1, 4, 3, 6, -4, -2, 2, -3, -3, 3, -2, -4, 2, -2, 4, 3, 0, -2, -5, -2, 1, 5, -4, 1, 0, 6, 0, -3, -6, 4, 0, 0, -2, -6, 4, -3, -1, 5, 0, 6, -5, -4, -6, 6, -4, 0, 1, -3, -5, 3, -6, 6, -2, 6, -3, -6, -4, 1, -5, 4, -1, -4, 4, -5, -4, -4, 4, -1, 6, -6, 6, -6, -2, 1, -5, 3, 6, -2, -3, -3, -5, 5, 4, 6, -1, 0, 4, 4, 2, -3, -2, -6, 2, -2, 2, -3, 5, -3, -4, 1, 5, 6, 4, -6, 5, -3, -2, 0, 1, -4, 1]
 
2.00990447217: [5, -1, 4, -1, -3, 5, -6, -2, 2, -3, 3, 2, 4, -5, -5, 1, 0, 1, 4, 3, 6, -4, -2, 2, -3, -3, 3, -2, -4, 2, -2, 0, -6, 5, -5, 6, 1, -5, 1, -4, -1, 4, 6, 0, 0, -1, -5, -4, 6, 5, -5, 4, -4, 3, 2, -1, 6, 6, -4, -6, 6, -2, -6, -1, -6, 4, -2, -5, -1, -4, 6, 2, -4, -5, 1, -5, -4, -1, -4, 4, -5, -4, -6, -1, -3, -5, 5, 6, 4, -2, 0, -3, 6, 6, 4, -4, -6, -2, 4, -6, 0, 3, 4, 1, -4, -1, -6, -2, -6, 2, -3, 2, -3, 5, 5, -6, 2, -3, -2, 4, -6, -6, -3, -2, 4, 3, -1, 6]
 
2.48877472576: [6, -3, -3, 4, 0, -6, 6, -6, -5, 2, 3, 2, 4, 3, -5, 1, -4, 1, 4, -6, 5, 2, -2, -2, 1, -3, 5, -4, 1, -2, 5, -5, 4, -2, -1, -2, 1, 1, 3, -4, -4, 4, -6, 0, -2, 3, -5, -1, 2, -6, 0, -6, -4, 3, 0, -1, 6, 6, -4, -6, 6, -2, 0, 5, -6, -1, -2, -5, -4, -5, 6, -3, -6, -4, 1, -5, 4, -1, -4, 4, -5, -4, -6, 6, 0, -6, 6, 5, 4, -2, 1, 4, 3, -3, 4, -5, -3, -5, 4, -6, 6, -1, 2, -6, -2, -1, -6, -2, -6, 2, -3, 2, -3, 5, -3, 5, 2, -3, -2, 4, -6, 5, -3, -2, 4, 3, -1, 1]
 
1.81584770218: [6, -3, -3, -1, 4, -6, -5, -2, 4, -4, 2, -6, -2, -6, -3, 5, -6, 0, 5, 1, -6, 3, -2, 2, -3, -2, -2, -5, -4, 5, -5, 0, -6, 5, -5, 6, 1, 0, -3, 1, -4, 4, 6, 0, 0, -1, -5, -4, 6, 5, -5, 4, -4, 3, 2, -1, 6, 6, -4, -6, 6, -2, -6, -1, -6, 4, -2, -5, -1, -4, 6, 2, -4, -5, 1, -5, -4, -1, -4, 4, -5, -4, -6, -1, 0, -6, 6, 5, 4, -2, 1, 4, 3, -3, 4, -5, -3, -5, 5, -6, 6, -1, 2, -6, -2, -4, -6, -2, -6, -2, -3, 2, -3, -5, 5, -6, 5, -3, -6, 4, -6, -6, 3, -3, 1, 3, -1, -2]
 
0.66871013995: [3, -2, -4, 6, 1, 0, 6, 6, 1, -4, 1, 4, 1, 6, 2, 6, 3, 0, -1, -5, 0, -5, -6, 5, 3, 3, 4, 5, -1, -4, 1, -3, 4, -5, 5, 6, 3, 6, 1, 5, -6, 3, -3, 0, 3, 3, -1, 1, -4, -6, 1, 3, 1, -3, 6, 2, 1, -3, 2, 1, 3, 2, 5, 5, 1, 0, 1, -6, -6, -4, 0, 1, 0, 4, 2, 6, -1, -2, -4, -1, -4, -5, 3, -3, 3, -3, -5, -2, -4, 3, -1, 1, 2, -2, -6, -6, -3, 1, 0, 0, 5, 4, 0, 2, -4, 4, 0, 0, -4, -3, -5, 5, 5, -4, 0, -3, 0, 6, 5, -3, 6, 1, -6, -2, 5, 4, -4, 4]
 
0.747032315269: [-3, -3, -3, -1, 5, 5, -6, -2, 2, -3, 3, 2, 4, -5, -5, 1, 0, 1, 4, 3, 6, -4, -2, 2, -3, -3, 3, -2, -4, 2, -2, 4, 3, 0, -2, -5, -2, 1, 5, -4, 1, 0, 6, 0, -3, -6, 4, 0, 0, -2, -6, 4, -3, -1, 5, 0, 6, -5, -4, -6, 6, -4, 0, 1, -3, -5, 3, -6, 6, -2, 6, -3, -6, -4, 1, -5, 4, -1, -4, 4, -5, -4, -4, 4, -1, 6, -6, 6, -6, -2, 1, -5, 3, 6, -2, -3, -3, -5, 5, 4, 6, -1, 2, -6, -1, -1, -6, -2, -6, 2, -3, 2, -3, 5, 5, -6, 2, -3, -2, 4, -6, -6, -3, -2, 4, 3, -1, 6]
 
2.02898881162: [6, -3, -3, 4, 0, -6, 6, -6, -5, 2, 3, 2, 4, 3, -5, 1, -4, 1, 4, -6, 5, 2, -2, -2, 1, -3, 5, -4, 1, -2, 5, -5, 4, -2, -1, -2, 1, 1, 3, -4, -4, 4, -6, 0, -2, 3, -5, -1, -6, 5, -5, 1, -4, 3, 0, -1, 6, 6, -4, -6, 6, -2, 0, 5, -6, -1, -2, -5, -4, -5, 6, -3, -6, -4, 1, -5, 4, -1, -4, 4, -5, -4, -6, 6, -3, -5, 5, 6, 4, -2, 0, -3, 6, 6, 4, -4, -6, -2, 4, -6, 6, -1, 0, 4, 4, 2, -3, -2, -6, 2, -2, 2, -3, 5, -3, -4, 1, 5, 6, 4, -6, 5, -3, -2, 0, 1, -4, 1]
 
0.891828477362: [1, -6, 4, -1, -3, 0, 2, -2, -2, -6, 4, 2, 4, -5, -5, -3, 0, 1, 4, -6, 6, -4, -2, 5, -3, -3, 3, -2, -4, 1, 6, 0, -6, 5, 3, 6, 1, -5, 1, -4, -1, 4, 6, 0, -3, -1, 0, -4, 6, 5, -5, 4, -4, -4, 2, -1, 1, 6, -3, -6, 6, 6, -6, -1, -6, -2, 1, -5, -1, 0, 1, 0, -4, 2, 1, 4, -5, -1, -4, -4, -5, -4, -6, -1, -3, -5, 6, 5, 5, -1, 1, 1, 3, -4, 4, -4, -3, 0, 4, -6, 6, -4, -4, -6, -2, -1, -6, 2, 5, -2, -3, 2, -3, 4, -3, -2, -1, -3, 0, 0, -6, -1, -3, -2, -6, 3, -2, 1]
 
1.89300713089: [4, 1, -3, 0, -6, -6, 6, -6, -5, 2, 3, 3, -5, 2, -5, 1, 6, -4, -3, -6, 5, -1, -2, -2, 1, -3, -2, -5, -4, 5, -6, 0, -2, -3, -4, 2, 1, 0, -3, -5, 2, 0, -3, 3, 0, 0, 4, -1, -6, 4, -5, -1, -4, 6, 4, 2, 6, -5, -4, -6, 6, -4, 0, 1, -3, -5, 3, -6, 6, -2, 6, -3, -6, -4, 1, -5, 4, -1, -4, 4, -5, -4, -4, -4, -2, -6, 5, 6, 4, -2, 0, -3, 6, 6, 4, -4, -6, -2, 4, -6, 0, 3, 4, 1, -4, -1, -6, -2, -6, 2, -3, 2, -3, 5, 5, -6, 2, -3, -2, 4, -6, -6, -3, -2, 4, 3, -1, 6]
 
2.50280758265: [5, 4, 3, 3, 0, -1, -1, 4, 4, -4, -1, -6, 3, -3, 2, 4, 5, -1, 2, -1, -4, 2, 2, 1, -2, -4, -5, 3, 4, -3, -1, 0, -2, -5, -5, -2, -1, 2, 5, -4, -1, 5, -6, 5, -1, 3, 5, 6, -6, 5, -5, 2, 1, 3, 2, -2, -4, -6, 5, -6, 4, -1, -3, -1, 0, -1, -2, -3, -6, 5, -4, 5, -3, -5, 3, -5, 1, -5, 2, 3, 1, 5, 2, -4, -2, -6, 4, 4, 4, 3, -6, 4, -1, 6, 4, 1, -3, -5, -1, -6, 6, -1, 1, -6, -2, -1, -6, 0, -6, -4, 0, 2, -4, 5, -3, 5, 2, -3, -2, 4, -6, 5, 4, -2, 4, 3, -1, 1]
 
1.26701626057: [4, -4, -3, 0, 5, 5, -6, -2, 2, -3, 3, 2, 4, -5, -5, 1, 0, 1, 4, 3, 6, -4, -2, 2, -3, -3, 3, -2, -4, 2, -2, 4, 3, 0, -2, -5, -2, 1, 5, -4, 1, 0, 6, 0, -3, -6, 4, 0, 0, -2, -6, 4, -3, -1, 5, 0, 6, -5, -4, -6, 6, -4, 0, 1, -3, -5, 3, -6, 6, -2, 6, -3, -6, -4, 1, 2, 1, 6, -4, 5, 0, -4, 4, 6, 5, 2, -3, -3, 5, 4, 1, 5, 2, -1, 0, 6, -3, 6, 5, 6, -2, 2, 6, -2, -3, 0, -6, 2, 2, -6, -4, -3, 5, -3, 1, 4, 0, -2, 4, -3, -6, -6, -6, -1, 6, -2, -1, 5]
 
1.20928285064: [4, -4, -3, -1, -6, -2, 6, -6, -5, 2, -5, -6, 3, -1, -3, 1, -5, 4, 6, 1, -5, 0, 6, -2, 1, -1, 6, -5, -6, 4, 3, 0, -2, 1, -6, 3, -5, 0, -5, -5, 2, 0, -3, -6, -4, 0, -4, 6, -6, -2, -5, 4, -3, 3, -4, 0, 6, -5, -4, 5, 1, -3, -4, -6, 3, 0, 0, -3, 2, -4, 6, 0, -3, -4, 6, 3, -5, -4, -3, 4, 6, -4, -6, 6, -6, -5, 5, 6, 4, -2, 0, -3, -3, 6, 4, -4, -1, -6, 2, 0, 0, 6, 4, 2, -5, -1, -6, -2, 0, 1, 0, 4, -3, 5, 0, -2, 2, -3, -2, 4, -6, -6, -3, -2, 4, 3, 0, 6]
 
0.920941232022: [5, -4, 4, -1, -3, -3, -6, -2, 2, -3, -3, 2, -5, -5, -1, 1, 0, 1, 4, 3, 4, -4, 2, 4, 5, 5, -5, -2, -4, 5, -5, 4, 1, 5, -5, 3, -4, 5, 5, 0, -6, -2, 6, -3, 0, -4, 0, 3, 4, 4, -5, -3, -4, 5, 4, 0, 6, -5, -5, -2, 2, -6, 6, -6, -3, -5, 2, 4, 3, 6, 4, -3, 0, 5, -2, -1, -3, 5, -5, -6, 4, -2, -1, -6, 1, -5, 3, 5, 2, -2, -3, -5, 6, 5, -2, 5, 3, -5, 4, -3, -2, -1, 6, 1, -1, -1, -6, -2, -3, 2, 6, 2, -3, 5, -3, -4, 0, -1, -2, 3, 1, 5, 6, -6, 3, 3, -1, 1]
 
2.07545968377: [6, -3, -3, 4, 0, -6, 6, -6, -5, 2, 3, 2, 4, 3, -5, 1, -4, 1, 4, -6, 5, 2, -2, -2, 1, -3, 5, -4, 1, -2, 5, -5, 4, -2, -1, -2, 1, 1, 3, -4, -4, 4, -6, 0, -2, 3, -5, -1, -6, 5, -5, 1, -4, 3, 0, -1, 6, 6, -4, -6, 6, -2, 0, 5, -6, -1, -2, -5, -4, -5, 6, -3, -6, -4, 1, -5, 4, -1, -4, 4, -5, -4, -6, 6, -3, -5, 5, 6, 4, -2, 0, -3, 6, 6, 4, -4, -6, -2, 4, -6, 6, -1, 2, -6, -1, -1, -6, -2, -6, 2, -3, 2, -3, 5, 5, -6, 2, -3, -2, 4, -6, -6, -3, -2, 4, 3, -1, 6]
 
2.0077330352: [6, -3, -3, 4, 0, -6, 6, -6, -5, 2, 3, 2, 4, 3, -5, 1, -4, 1, 4, -6, 5, 2, -2, -2, 1, -3, 5, -4, 1, -2, 5, -5, 4, -2, -1, -2, 1, 1, 3, -4, -4, 4, -6, 0, -2, 3, -5, -1, -6, 5, -5, 1, -4, 3, 0, -1, 6, 6, -4, -6, 6, -2, 0, 5, -6, -1, -2, -5, -4, -5, 6, -3, -6, -4, 1, -5, 4, -1, -4, 4, -5, -4, -6, 6, -3, -5, 5, 6, 4, -2, 0, -3, 6, 6, 4, -4, -6, -2, 4, -6, 6, -1, 0, 4, 4, 2, -3, -2, -6, 2, -2, 2, -3, 5, -3, -4, 1, 5, 6, 4, -6, 5, -3, -2, 0, 1, -4, 1]
 
