0.7492997200124085: [4, 5, -4, 0, 2, -5, -6, -2, 4, 0, 0, 2, -5, 6, 5, 1, 1, 3, -6, 1, -6, 3, -2, 2, -3, -2, -2, -5, -4, 5, -6, 0, -2, -3, -5, 2, 1, -5, -3, 1, -6, 0, 2, -2, -1, 1, 6, -3, 3, -4, 5, -1, 5, 6, 4, -4, -5, -6, -4, -2, 3, -3, 0, 1, 0, -2, 3, -6, 6, -2, 6, -3, -3, 5, -2, 6, 1, 6, -2, 3, 1, 5, -4, -4, -2, -6, 6, 5, 4, -2, 1, 4, 3, 6, 4, -5, -3, -5, 4, -6, 6, -1, 2, -6, -2, -1, -6, -2, -6, 2, -3, 2, -3, 5, 5, -6, 2, -3, -2, 4, -6, -6, -3, -2, 4, 3, 4, 3]
 
1.2677120780592774: [6, -3, 3, -1, 4, -6, -5, -2, -2, 3, -6, -4, -5, 6, 5, 1, 1, 3, -6, 1, -6, 3, -2, 2, -3, -2, -2, -5, -4, 5, -6, 0, -2, -3, -5, 2, 1, -5, -3, -4, 5, -2, -1, 5, -4, 0, 4, -1, 1, 3, 0, -6, 1, -3, 4, 6, -5, 4, -4, 2, -2, -1, 0, 6, 0, 4, 5, 3, 1, 4, -1, 6, 4, -6, 5, 6, -6, 1, 2, 1, -4, 4, -4, 5, 0, 1, 3, 2, 6, -2, -1, 2, -1, 3, -3, -3, 2, -6, 3, -5, 4, 4, 0, -3, -4, 4, 0, 1, -2, 3, -1, 2, 4, -5, 2, -2, 3, 3, -5, 0, -1, 4, 1, -5, 0, 5, 1, -3]
 
1.0464506545270194: [6, -3, 3, -1, 4, -6, -5, -2, -2, 3, -6, -4, -5, 6, 5, 1, 1, 3, -6, 1, -6, 3, -2, 2, -3, -2, -2, -5, -4, 5, -6, 0, -2, -3, -5, 2, 1, -5, -3, -4, 5, -2, -1, 5, -4, 0, 4, -1, -6, 4, -5, -1, -4, 6, 4, 2, 6, -5, -4, -6, 2, -4, 0, -6, -3, -5, 3, -3, -4, 3, -4, 0, 5, -4, 6, -5, -6, -1, -5, 4, 2, -4, 1, 1, -2, -2, 6, 5, 4, -2, 1, 6, 3, 3, 4, -6, -5, 0, 4, -6, -4, -1, 2, -5, -3, -5, 2, -2, -1, 2, -6, 2, 0, 5, -3, -5, 6, -4, -6, -3, -2, -6, -4, 5, 6, 6, -2, 3]
 
-1000: [4, -3, 6, 0, 2, 6, 1, -6, 4, 5, 6, -1, -5, -1, 6, 2, -5, -6, -1, 2, -2, 6, 0, 3, 2, -2, -4, -1, 1, -1, -2, 3, 4, -3, 4, -6, 1, -1, -5, -5, -4, 5, -3, 3, -4, 2, -2, 1, -6, 2, 3, -6, -4, 0, 4, -1, -5, 0, 5, -6, 2, -4, 0, -6, -3, -5, 3, 2, 4, 3, -4, 0, 3, -4, 6, -5, -6, -1, -4, 4, 2, -4, -1, 1, 3, -2, 6, 6, 4, -2, 1, 0, -2, 3, 4, -6, -5, 0, -4, -6, -4, -6, 0, -5, -3, -5, 2, -2, -1, -4, 3, 2, 0, -6, -3, -5, 6, -6, -2, 3, -2, -6, -4, -2, -6, 6, -2, 3]
 
3.381659697540481: [6, -3, 3, -1, 4, -6, -5, -2, -2, 3, -6, -4, -5, 6, 5, 1, 1, -5, -6, 1, 1, -2, 2, -3, -5, 3, 0, -2, -6, 4, 2, -1, -1, -5, -2, 4, -3, 0, -2, -5, 3, -3, 2, -1, -4, 0, 0, 5, -2, 3, -4, -1, -4, 6, 4, 2, 0, -2, -4, -3, 0, -3, 0, -6, 0, 4, 3, 3, 3, 3, -4, 4, -3, -6, 0, -2, 1, 6, -2, 3, 1, 5, -4, -4, -2, -6, 6, -4, 4, -2, -3, 4, 3, -4, -3, -6, -3, -5, 4, -6, 6, -4, 2, -6, 6, -1, 4, -2, -6, 2, 3, 2, -2, 5, -6, -6, 2, 5, -6, -6, 3, -6, -3, 2, 2, -5, 5, -6]
 
1.812383729254504: [6, -3, 3, -1, 5, 6, 6, -3, -5, 2, 0, 2, -5, 3, -5, -6, 0, 1, -4, -6, 3, -4, -2, -2, 1, -3, 5, -4, -1, -2, 2, 2, -2, 5, -3, -2, 5, 1, 3, 6, -4, 0, -1, 0, -6, 4, -2, -1, 2, -6, 0, -6, -1, 1, 4, -4, -5, -6, -4, -2, 3, -3, 0, 1, 0, -2, 3, -6, 6, -2, 6, -3, -3, 5, -2, 6, 1, 6, -2, 3, 1, 5, -4, -4, -2, -6, 6, 5, 4, -2, 1, 4, 3, 6, 4, -5, -3, -5, 4, -6, 6, -1, 2, -6, -2, -1, -6, -2, -6, 2, -3, 2, -3, 5, 5, -6, 2, -3, -2, 4, -6, -6, -3, -2, 4, 3, 4, 3]
 
1.09965464433: [-4, -5, -6, 0, 2, -4, -6, -5, -4, 2, 6, -6, 2, 2, -5, 0, -2, -1, 2, 3, 6, 4, -4, -6, 6, -1, 2, -2, 1, -3, 2, -4, -1, 6, 3, -5, -4, -6, -1, 6, 2, 0, -2, 2, 6, 2, 3, 3, 0, -3, 5, 6, 6, 1, 4, 6, -4, 4, -2, 5, 0, -3, -6, 1, 4, -6, 5, -6, -6, -3, 2, 3, -3, -5, 3, 6, -2, -3, 3, -3, -5, -4, -4, 5, -3, 1, 3, 1, 2, -2, -4, 2, -1, 3, -6, -2, -2, -2, -3, -4, 6, 0, 5, -3, 3, 4, 2, 4, -6, 5, 3, -1, -2, -4, 1, -1, -5, 5, 4, 0, 4, 1, -3, -6, 2, 5, -1, -5]
 
2.044000351055839: [6, -3, 3, -1, 4, -6, -5, -2, -2, 3, -6, -4, -5, 6, 5, 1, 1, -5, -6, 1, 1, -2, 2, -3, -5, 3, 0, -2, -6, 4, 2, -1, -1, -5, -2, 4, -3, 0, -2, -5, 3, 3, 5, 2, -6, 4, -2, -1, 2, -6, 0, -6, -1, 1, 4, -4, -5, -6, -4, -2, 3, -3, 0, 1, 0, -2, 3, -6, 6, -2, 6, -3, -3, 5, -2, 6, 1, 6, -2, 3, 1, 5, -4, -4, -2, -6, 6, -4, 4, -2, -3, 4, 3, -4, -3, -6, -3, -5, 4, -6, 6, -4, 2, -6, 6, -1, 4, -2, -6, 2, 3, 2, -2, 5, -6, -6, 2, 5, -6, -6, 3, -6, -3, 2, 2, 1, 5, 4]
 
0.318200076597: [5, 5, 2, -2, 2, -5, 6, -2, 5, 0, 3, 0, 4, -3, 5, 0, 5, -5, 5, -2, 1, 3, -3, 5, 1, -2, -1, -5, -3, -4, 4, 0, 5, -3, 6, 2, 2, -5, 2, 0, -6, -2, 1, -4, 6, -4, 4, 6, -6, 1, 3, -1, 5, 3, 4, 2, -4, 0, -4, -6, 2, -4, 0, 5, 5, 3, 5, -1, 6, -6, -4, -3, 5, 5, 6, -5, 6, -1, -6, 2, 0, -5, 1, 6, -2, -1, -2, 6, 1, 2, 6, -6, 2, -3, -6, 2, 0, 6, -4, -4, -2, 5, -6, 6, 3, -3, 6, -3, -1, -3, 5, 2, -6, 1, 3, 6, 3, 6, -4, 3, 3, -2, -3, -6, 5, 0, -3, -6]
 
2.02066703091: [1, -6, -5, 6, 2, 6, -6, -5, 1, -5, -5, -4, -5, 6, 4, 6, 0, 4, -6, 4, -1, 6, -2, -4, 0, 0, 2, -6, -5, 5, 3, -6, 1, 1, -2, 1, -6, -6, -6, -6, -5, 0, -1, 5, 6, 0, -1, -1, 5, -6, 4, 1, -6, -1, 0, 6, -5, -5, 0, 1, 6, -3, 0, -6, -3, -5, 3, -4, -2, 3, -4, 0, -3, -3, -2, 2, -6, -1, 6, 3, -4, -4, 6, -6, 1, 3, 3, 1, -5, -2, -1, 2, 6, 0, -2, -1, 6, 3, 1, 0, -4, -3, -5, -5, -5, -1, 1, 1, 6, -6, 0, 4, 4, -4, 2, -2, -1, 3, -1, -1, -1, 4, 2, -6, 2, -5, 5, -6]
 
1.1901455600492747: [6, -3, 3, -1, 2, 6, -4, -4, 1, -5, 6, -6, 2, 0, 5, 6, -6, 3, -6, 4, -1, 6, -2, -4, 0, 0, 2, -6, 1, 5, -2, -6, 1, -3, -2, 3, 1, -3, -6, -4, 5, 0, -1, 5, 6, 0, 4, -1, -6, -6, 0, 5, -6, -1, 4, 6, -5, -5, -4, -2, 6, -3, 0, -6, -3, -5, 3, -4, -5, 3, -4, 0, -3, -3, 6, 2, -6, -1, -5, 3, 2, -4, 1, -6, 1, -5, 3, 6, -5, 2, -1, 2, -3, 5, 1, -1, 6, 3, 1, 0, -4, -3, -2, -5, -5, -1, 1, 1, -2, -6, -1, 4, 4, -4, 2, -2, -1, 3, -1, 0, -2, -4, 3, -5, 3, 2, -1, 6]
 
2.7519410705566956: [-6, 5, 4, -1, 1, -5, 5, -2, 4, -4, 2, -6, -2, -6, -3, 5, -6, 0, 5, 1, -6, 3, -2, 2, -3, -2, -2, -5, -4, 5, -6, 0, -2, -3, -5, 2, 1, -5, -3, -4, 5, -2, -1, 5, -4, 0, 4, -1, -6, 4, -5, -1, -4, 6, 4, 2, 6, -5, -4, -6, 2, -4, 0, -6, -3, -5, 3, -6, 6, -2, 6, -3, -3, 5, -2, 6, 1, 6, -2, 3, 1, 5, -4, -4, -2, -6, 6, 5, 4, -2, 1, 4, 3, 6, 4, -5, -3, -5, 4, -6, 6, -1, 2, -6, -2, -1, -6, -2, -6, 2, -3, 2, -3, 5, 5, -6, 2, -3, -2, 4, -6, -6, -3, -2, 4, 3, 4, 3]
 
1.1915797193083026: [-3, 5, 3, 6, 3, 3, -4, -4, 1, 0, 6, -6, 2, 0, -5, 6, 1, 3, -5, -4, -1, 2, -2, -4, 0, 0, 2, -6, 1, 5, -2, -6, 1, -3, -2, 3, 1, -3, 1, -4, 5, 0, -1, 5, 6, 4, 5, -2, -5, -6, 0, 5, -2, -1, 5, 6, 1, -3, 5, -2, 6, -3, 0, -6, -3, 1, 3, -6, -5, -5, -4, 0, 5, -4, 6, -5, -6, -1, -5, 2, -6, -4, 1, -3, 2, -2, 3, 5, -5, 2, -4, 2, 1, 3, 3, -1, -1, -1, -6, -6, -4, -3, -2, -5, 0, 0, 3, 5, -5, 3, -6, 2, 4, -4, 2, -2, 3, 2, -5, 0, -1, 4, 5, -5, 0, -5, 1, 6]
 
1.6056810078006498: [6, -3, 3, -1, 4, -6, -5, -2, -2, 3, -6, -4, -5, 6, 5, 1, 1, 3, -6, 1, -6, 3, -2, 2, -3, -2, -2, -5, -4, 5, -6, 0, -2, -3, -5, 2, 1, -5, -3, -4, 5, -2, -1, 5, -4, 0, 4, -1, -6, 4, -5, -1, -4, 6, 4, 2, 6, -5, -4, -6, 2, -4, 0, -6, -3, -5, 3, -3, -4, 3, -4, 0, 5, -4, 6, -5, -6, -1, -5, 4, 2, -4, 1, -3, 1, -5, 3, 6, -5, 2, -1, 2, -3, 5, 1, -1, 6, -1, 0, -4, -4, -3, -2, -5, -5, -1, 0, 1, -2, 3, -1, 2, 4, -5, 2, -2, 3, 3, -5, 0, -1, 4, 1, -5, 0, 5, 1, -3]
 
1.3982115884061557: [-6, 5, 0, 2, 3, 0, -6, -2, 4, 0, 3, 2, -6, 6, 5, 1, 1, 3, -6, 1, -6, 3, -2, 2, -3, -2, -2, -5, -4, 5, -6, 0, -2, -3, -5, 2, 1, -5, -3, -4, 5, -2, -1, 5, -4, 0, 4, -1, -6, 4, -5, -1, -4, 6, 4, 2, 6, -5, -4, -6, 2, -4, 0, -6, -3, -5, 3, -3, -4, 3, -4, 0, 5, -4, 6, -5, -6, -1, -5, 4, 2, -4, 1, 5, 0, 1, 3, 2, 6, -2, -1, 2, -1, 3, -3, -3, 2, -6, 3, -5, 4, 4, 0, -3, -4, 4, 6, -6, 0, 1, 3, 5, -2, 1, -3, 3, -2, -2, -5, 5, 4, -4, 3, -5, 3, 2, -1, -3]
 
1.5859685876987286: [-6, 5, 0, 2, 3, 0, -6, -2, 4, 0, 3, 2, -6, 6, 5, 1, 1, 3, -6, 1, -6, 3, -2, 2, -3, -2, -2, -5, -4, 5, -6, 0, -2, -3, -5, 2, 1, -5, -3, -4, 5, -2, -1, 5, -4, 0, 4, -1, -6, 4, -5, -1, -4, 6, 4, 2, 6, -5, -4, -6, 2, -4, 0, -6, -3, -5, 3, -3, -4, 3, -4, 0, 5, -4, 6, -5, -6, -1, -5, 4, 2, -4, 1, -3, 1, -5, 3, 6, -5, 2, -1, 2, -3, 5, 1, -1, 6, -1, 0, -4, -4, -3, -2, -5, -5, -1, 0, 1, -2, 3, -1, 2, 4, -5, 2, -2, 3, 3, -5, 0, -1, 4, 1, -5, 0, 5, 1, -3]
 
2.25437813437936: [6, -3, 3, -1, 4, -6, -5, -2, -2, 3, -6, -4, -5, 6, 5, 1, 1, 3, -6, 1, -6, 3, -2, 2, -3, -2, -2, -5, -4, 5, -6, 0, -2, -3, -5, 2, 1, -5, -3, -4, 5, -2, -1, 5, -4, 0, 4, -1, -6, 4, -5, -1, -4, 6, 4, 2, 6, -5, -4, -6, 2, -4, 0, -6, -3, -5, 3, -3, -4, 3, -4, 0, 5, -4, 6, -5, -6, -1, -5, 4, 2, -4, 1, -3, 1, -5, 3, 6, -5, 2, -1, 2, -3, 6, 4, -5, -3, -5, 4, -6, 6, -1, 2, -6, -2, -1, -6, -2, -6, 2, -3, 2, -3, 5, 5, -6, 2, -3, -2, 4, -6, -6, -3, -2, 4, 3, 4, 3]
 
1.5602476062134278: [6, -3, 3, -1, 4, -6, -5, -2, -2, 3, -6, -4, -5, -6, -3, 5, -6, 0, 5, 1, -6, 3, -2, 2, -3, -2, -2, -5, -4, 5, -6, 0, -2, -3, -5, 2, 1, -5, -3, -4, 5, -2, -1, 5, -4, 0, 4, -1, -6, 4, -5, -1, -4, 6, 4, 2, 6, -5, -4, -6, 2, -4, 0, -6, -3, -5, 3, -3, -4, 3, -4, 0, 5, -4, 6, -5, -6, -1, -5, 4, 2, -4, 1, -3, 1, -5, 3, 6, -5, 2, -1, 2, -3, 5, 1, -1, 6, -1, 0, -4, -4, -3, -2, -5, -5, -1, 0, 1, -2, 3, -1, 2, 4, -5, 2, -2, 3, 3, -5, 0, -1, 4, 1, -5, 0, 5, 1, -3]
 
0.41668842751006663: [6, -3, 3, -1, 5, 6, 6, -3, -5, 2, 0, 2, -5, 3, -5, -6, 0, 1, -4, -6, 3, -4, -2, -2, 1, -3, 5, -4, -1, -2, 2, 2, -2, 5, -3, -2, 5, 1, 3, 6, -4, 0, -1, 0, -6, 4, -2, -1, 2, -6, 0, -6, -1, 1, 0, -1, -2, 0, 1, 2, -3, -4, -4, 6, 0, -5, 5, 2, -6, 6, -2, -2, 2, 2, 3, 1, -6, -2, -6, 2, -6, 1, -6, 1, -1, 4, 0, 5, -4, 1, 1, 0, 0, 6, -4, -6, 1, 4, 4, -6, 0, 1, 6, -5, 6, -5, 4, -6, -5, 4, -3, -1, -5, 1, -5, 1, 4, -4, -6, -3, 2, -2, -1, -4, 6, 2, -2, 3]
 
1.1850447876: [-3, -3, -6, -1, 4, -6, -5, -2, -2, -5, -6, 4, 1, 5, 5, 1, 1, -5, 6, 1, 1, -2, 2, -3, -5, 3, 0, -2, 3, 4, 2, 1, 1, -5, -2, 4, 2, 0, -2, -5, 3, 5, 0, -1, -3, 0, 0, -3, -2, 3, -4, -4, -5, 6, 4, 2, 0, -2, -4, -3, 0, -3, 0, -6, 0, 4, 3, 3, -5, 3, 2, 2, -3, 1, -6, -4, 6, -1, -2, -6, -4, -5, -6, 0, -2, -4, 6, -4, 4, 1, 6, 3, 3, 0, 4, -5, 1, 5, 4, 1, 6, 3, -4, -6, -2, -1, 6, -2, -6, -5, -3, 2, -1, 5, -3, 6, 2, -3, 1, 6, -6, -6, 6, -2, -5, 3, -1, 3]
 
2.4617853649492183: [0, -4, -5, 1, 5, 6, 6, -3, -5, 2, 0, 2, -5, 3, -5, -6, 0, 1, -4, -6, 3, -4, -2, -2, 1, -3, 5, -4, -1, -2, 2, 2, -2, -2, -3, 5, 1, 1, -2, -5, 2, 0, -3, 3, 0, 0, 4, -1, -6, 4, -5, -1, -4, 6, 4, 2, 6, -5, -4, -6, 2, -4, 0, -6, -3, -5, 3, -3, -4, 3, -4, 0, 5, -4, 6, -5, -6, -1, -5, 4, 2, -4, 1, -3, 1, -5, 3, 6, -5, 2, -1, 2, -3, 5, 1, -1, 6, -5, 4, -6, 6, -1, 2, -6, -2, -1, -6, -2, -6, 2, -3, 2, -3, 5, 5, -6, 2, -3, -2, 4, -6, -6, -3, -2, 4, 3, 4, 3]
 
1.673247854254364: [6, -3, 3, -1, 5, 6, 6, -3, -5, 2, 0, 2, -5, 3, -5, -6, 0, 1, -4, -6, 3, -4, -2, -2, 1, -3, 5, -4, -1, -2, 2, 2, -2, 5, -3, 5, 1, 1, -2, -5, 2, 0, -3, 3, 0, 0, 4, -1, -6, 4, -5, -1, -4, 6, 4, 2, 6, -5, -4, -6, 2, -4, 0, -6, -3, -5, 3, -3, -4, 3, -4, 0, 5, -4, 6, -5, -6, -1, -5, 4, 2, -4, 1, -3, 1, -5, 3, 6, -5, 2, -1, 2, -3, 5, 1, -1, 6, -1, 0, -4, -4, -3, -2, -5, -5, -1, 0, 1, -2, 3, -1, 2, 4, -5, 2, -2, 3, 3, -5, 0, -1, 4, 1, -5, 0, 5, 1, -3]
 
2.064342038298963: [-3, 5, 3, 6, -2, 6, 2, 0, 1, -5, -4, 1, 2, 0, 5, 2, -6, -5, -6, 4, -1, -6, -2, -4, 0, 0, 2, -6, -3, -4, 1, -6, 1, 0, -2, 3, 1, -3, -6, 4, -3, 0, 0, -3, -6, 0, 4, 5, -6, -6, 0, 5, -6, -1, -3, 6, 3, -5, -3, -2, 6, -3, 0, -6, 5, 4, 5, -4, -5, -1, -4, 0, -3, -3, -1, 2, -6, -1, -5, 3, -4, 2, 1, -6, 1, -4, 0, 1, -5, 2, -1, 2, -3, 5, 1, -1, 0, 0, 1, 0, -4, -3, 1, -5, -5, -1, 1, 1, 1, -6, 2, 4, 4, 2, 2, -2, -1, 5, -1, -4, 1, 4, 2, -3, 2, 0, 5, -6]
 
1.3698490807816983: [0, -4, -5, 1, 4, -6, -5, -2, -2, 3, -6, -4, -5, -6, -3, 5, -6, 0, 5, 1, -6, 3, -2, 2, -3, -2, -2, -5, -4, 5, -6, 0, -2, -3, -5, 2, 1, -5, -3, -4, 5, -2, -1, 5, -4, 0, 4, -1, -6, 4, -5, -1, -4, 6, 4, 2, 6, -5, -4, -6, 2, -4, 0, -6, -3, -5, 3, -3, -4, 3, -4, 0, 5, -4, 6, -5, -6, -1, -5, 4, 2, -4, 1, -3, 1, -5, 3, 6, -5, 2, -1, 2, -3, 5, 1, -1, 6, -1, 0, -4, -4, -3, -2, -5, -5, -1, 0, 1, -2, 3, -1, 2, 4, -5, 2, -2, 3, 3, -5, 0, -1, 4, 1, -5, 0, 5, 1, -3]
 
1.12335757674: [6, -3, 3, -1, 5, -1, 6, -3, -5, 2, 0, -2, -5, 3, 5, -6, 0, 1, -4, -5, 3, -4, -2, -2, 3, -3, 5, -5, -1, -1, 2, 2, -3, 5, -4, -2, -3, -2, -1, 6, 6, 0, -1, 0, -4, 4, -2, -1, 2, -6, -2, 1, -1, -5, 5, -4, -4, -6, -4, -2, 3, 4, 0, 1, 0, -4, 5, -6, 6, -3, 6, 1, -3, 5, -5, 4, -6, 6, -2, 3, 1, -4, -4, -4, 4, -6, 6, -2, -5, -2, 6, -5, 3, 6, 4, 4, -3, 2, -3, 5, 6, -1, 2, 6, 3, 5, -6, -2, -6, 2, -3, -4, -3, 6, 5, -4, 2, -3, -2, -1, -5, -6, -3, 2, 4, 3, 4, 3]
 
1.04032131421: [6, -1, 4, 4, 6, -6, 4, -2, -2, 1, -1, 5, -5, 6, -6, 1, 1, 3, -6, 1, -6, 3, -2, 2, -3, -2, -1, 3, 2, -3, -6, 0, -2, 3, -5, 2, -1, -5, -1, 1, -6, 0, -4, -2, -1, 1, 6, -5, 3, -4, -4, -5, 5, 6, 4, 6, -6, -6, -4, -2, -1, 0, 0, 1, 0, -2, 3, -6, 6, -2, 6, -3, -1, 5, -2, 6, 1, 6, -2, 3, 1, 0, -4, -4, -2, -4, 4, 5, -3, 3, 1, 2, 3, 6, -5, -5, -3, -5, 4, 1, 3, -5, 2, -6, -2, -2, -6, 4, -6, 2, -3, 0, 0, -2, 5, -6, 2, -3, -2, 4, -5, -6, 4, -3, 4, -4, 4, 1]
 
1.2314943447728224: [6, -3, 3, -1, 4, -6, -5, -2, -2, 3, -6, -4, -6, -6, -3, -5, 5, -4, 5, 6, 1, 6, -1, -5, 0, 1, -4, 0, -3, 5, -5, -6, 4, 4, -5, 0, 1, 5, -6, 4, -2, -3, -2, 4, 0, 3, 4, 3, 2, -4, 5, 1, 3, -1, 4, 0, 6, -5, 4, -6, 6, -3, 4, 4, 2, 1, 3, -6, 6, 2, -4, 6, -1, -6, -6, -4, 1, 6, -5, 3, 0, 5, -6, 1, -2, -6, 6, 5, 1, -2, 1, -6, -4, 6, 4, -5, -3, -5, 4, 3, 6, 6, 2, -6, -1, -1, 4, -2, 4, 2, -3, 2, -3, 5, 5, 3, 2, 6, -6, -3, 5, 0, 3, 6, 4, 2, 2, 3]
 
0.617386199538: [6, 0, -3, -1, 4, 3, -5, -2, 5, 1, 3, -2, -5, 6, 5, 1, 1, -5, -2, 2, 1, -2, 2, -3, -5, 4, 0, -2, -6, -1, 5, 5, -1, 2, -2, -3, -3, -6, -2, 6, 3, 3, -6, -1, -4, -2, 6, 6, -2, -2, -4, -1, -1, 6, 2, -3, 0, 0, -4, 2, -5, 1, -5, -4, -5, 1, 3, 1, 1, 3, -3, -4, 5, -6, 1, 1, -5, -4, 5, -6, -1, 5, -2, 2, -1, -6, -3, 6, -5, 6, 5, -5, 3, 4, 4, -4, 1, 3, -3, -1, 6, -3, 5, 4, 0, 3, 1, 4, -6, 5, 0, -4, -1, 0, -3, 1, -1, -5, 0, -6, 6, -4, -6, -5, -3, 4, -1, -5]
 
1.9688310343931752: [6, -3, 3, -1, 4, -6, -5, -2, -2, 3, -6, -4, -6, -6, -3, -5, 5, -4, 5, 6, 1, 6, -1, -5, 0, 1, -4, 0, -4, 5, -6, 0, -2, -3, -5, 2, 1, -5, -3, -4, 5, -2, -1, 5, -4, 0, 4, -1, -6, 4, -5, -1, -4, 6, 4, 2, 6, -5, -4, -6, 2, -4, 0, -6, -3, -5, 3, -3, -4, 3, -4, 0, 5, -4, 6, -5, -6, -1, -5, 4, 2, -4, 1, -3, 1, -5, 3, 6, -5, 2, -1, 2, -3, 5, 1, -1, 6, -1, 0, -4, -4, -3, -2, -5, -5, -1, 0, 1, -2, 3, -1, 2, 4, -5, 2, -2, 3, 3, -5, 0, -1, 4, 1, -5, 0, 5, 1, -3]
 
1.2509467320540835: [6, -1, 1, 6, 2, -6, 6, 2, -1, -2, -4, 6, -6, -2, -3, -5, -4, 2, -6, 4, 5, 4, -3, 4, 2, -6, 3, 4, 5, -2, -4, 5, -5, -4, -3, 5, -4, -3, 3, -1, -6, 4, -3, -2, 5, 1, -3, -3, 3, -4, 5, -1, 5, -2, 4, -4, -5, -6, -5, -2, 5, -3, -6, 2, 0, -2, 3, -6, 6, -2, 6, -3, -3, 5, -2, 6, 1, 5, -2, 3, -2, 3, -4, -6, -5, -6, 6, 5, -3, -2, 0, 5, 3, 6, 4, -5, -3, -5, -1, 4, 6, -1, 2, -6, -2, 0, -1, -2, -6, 6, -3, 2, 5, 3, 5, -6, 2, 2, -2, 4, -6, -5, -3, -2, 1, 3, 4, -4]
 
1.4341224474212924: [-3, 5, 3, 6, 2, 6, -4, -4, 1, -5, 6, -6, 2, 0, 5, 6, -6, 3, -6, 4, -1, 6, -2, -4, 0, 0, 2, -6, 1, 5, -2, -6, 1, -3, -2, 3, 1, -3, -6, -4, 5, 0, -1, 5, 6, 0, 4, -1, -6, -6, 0, 5, -6, -1, 4, 6, -5, -5, -4, -2, 6, -3, 0, -6, -3, -5, 3, -4, -5, 3, -4, 0, -3, -3, 6, 2, -6, -1, -5, 3, 2, -4, 1, -6, 1, -5, 3, 6, -5, 2, -1, 2, -3, 5, 1, -1, 6, 3, 1, 0, -4, -3, -2, -5, -5, -1, 1, 1, -2, -6, -1, 4, 4, -4, 2, -2, -1, 3, -1, 0, -2, -4, 3, -5, 3, 2, -1, 6]
 
1.6182066612018569: [0, -4, -5, 1, 5, 6, 6, -3, -5, 2, 0, 2, -5, 3, -5, -6, 0, 1, -4, -6, 3, -4, -2, -2, 1, -3, 5, -4, -1, -2, 2, 2, -2, -2, -3, -2, 5, 1, 3, 6, -4, 0, -1, 0, -6, 4, -2, -1, 2, -6, 0, -6, -1, 1, 4, -4, -5, -6, -4, -2, 3, -3, 0, 1, 0, -2, 3, -6, 6, -2, 6, -3, -3, 5, -2, 6, 1, 6, -2, 3, 1, 5, -4, -4, -2, -6, 6, 5, 4, -2, 1, 4, 3, 6, 4, -5, -3, -5, 4, -6, 6, -1, 2, -6, -2, -1, -6, -2, -6, 2, -3, 2, -3, 5, 5, -6, 2, -3, -2, 4, -6, -6, -3, -2, 4, 3, 4, 3]
 
1.24400987555: [6, -3, 3, -1, 4, -6, -5, -2, -2, 3, -6, -4, -6, -6, -3, -5, 5, -4, 5, 6, 1, 6, -1, -5, 0, 1, -4, 0, -3, 5, -5, -6, 4, 4, -5, 0, 1, 5, -6, 4, -2, -3, -2, 4, 0, 3, 4, 3, 2, -4, 5, 1, 3, -1, 4, 0, 6, -5, 4, -6, 6, -3, 4, 4, 2, 1, 3, -6, 6, 2, -4, 6, -1, -6, -6, -4, 1, 6, -5, 3, 0, 5, -6, 1, -2, -6, 6, 5, 1, -2, 1, -6, -4, 6, 4, -5, 1, 4, 4, -6, 0, 1, 6, -5, 6, -5, 4, -6, -5, 4, -3, -1, -5, 1, -5, 1, 4, -4, -6, -3, 2, -2, -1, -4, 6, 2, -2, 3]
 
0.511475717482: [6, -3, 3, -1, 5, 6, 6, -3, -5, 2, 0, 2, -5, 3, -5, -6, 0, 1, -4, -6, 3, -4, -2, -2, 1, -3, 5, -4, -1, -2, 2, 2, -2, 5, -3, -2, 5, 1, 3, 6, -4, 0, -1, 0, -6, 4, -2, -1, 2, -6, 0, -6, -1, 1, 0, -1, -2, 0, 1, 2, -3, -4, -4, 6, 0, -5, 5, 2, -6, 6, -2, -2, 2, 2, 3, 1, -6, -2, -6, 2, -6, 1, -6, 1, -1, 4, 0, 5, -4, 1, 1, 0, 0, 6, -4, -6, -3, -5, 4, 3, 6, 6, 2, -6, -1, -1, 4, -2, 4, 2, -3, 2, -3, 5, 5, 3, 2, 6, -6, -3, 5, 0, 3, 6, 4, 2, 2, 3]
 
0.831361546743: [6, -5, 3, -1, 1, -3, -5, 6, 5, 1, -6, -4, 3, -6, -3, -5, 5, -4, 5, 3, 1, 6, 0, -2, -5, -3, 5, -4, -1, -2, 2, 3, -2, 5, -3, -2, -2, 1, 5, 6, -4, 0, -1, 0, -6, 4, -2, 2, 2, -6, 0, -6, -1, 0, 4, -5, -5, 0, -2, -2, 3, -6, 0, -2, 0, -5, 3, -6, 6, -2, 6, 0, -3, 6, -6, 6, 1, 6, -2, 4, 1, -5, 2, -2, -2, -6, 6, 6, 0, -3, 2, 4, -3, 6, 3, -5, -3, 3, 4, -4, -6, -1, 2, -1, -2, -1, -6, -2, -6, 2, -3, 6, 0, -2, 5, -6, 2, -3, -2, 4, 1, -5, -3, 1, 4, 3, 4, 5]
 
1.93721196022: [6, -3, 3, -1, 5, 6, 6, -3, -5, 2, 0, 2, -5, 3, -5, -6, 0, 1, -4, -6, 3, -4, -2, -5, 0, 1, -4, 0, -4, 5, -6, 0, -2, -3, -5, 2, 1, -5, -3, -4, 5, -2, -1, 5, -4, 0, 4, -1, -6, 4, -5, -1, -4, 6, 4, 2, 6, -5, -4, -6, 2, -4, 0, -6, -3, -5, 3, -3, -4, 3, -4, 0, 5, -4, 6, -5, -6, -1, -5, 4, 2, -4, 1, -3, 1, -5, 3, 6, -5, 2, -1, 2, -3, 5, 1, -1, 6, -1, 0, -4, -4, -3, -2, -5, -5, -1, 0, 1, -2, 3, -1, 2, 4, -5, 2, -2, 3, 3, -5, 0, -1, 4, 1, -5, 0, 5, 1, -3]
 
1.48373471647: [6, -3, 3, -1, 4, -6, -5, -2, -2, 3, -6, -4, -5, 6, 5, 1, 1, -5, -6, 1, 1, -2, 2, -3, -5, 3, 0, -2, -6, 4, 2, -1, -1, -5, -2, 4, -3, 0, -2, -5, 3, -3, 2, -1, -4, 0, 0, 5, -2, 3, -4, -1, -4, 6, 4, 2, 0, -2, -4, -3, 0, -3, 0, -6, 0, 4, 3, 3, 3, 3, 2, -3, -3, -6, -6, -4, -2, -1, -2, 3, -1, 5, -6, -5, -2, 0, 6, 5, 4, 1, 6, 4, 3, 0, 4, -5, 1, -5, 4, 5, 6, 4, 2, -6, -2, -1, -3, -2, -6, -5, -3, 2, -3, -4, 2, -2, -1, 3, -1, 0, -2, -4, 3, -5, 3, 2, -1, 6]
 
0.412967769258: [-6, -3, 3, -1, 2, -2, -6, -4, 1, -5, 6, -6, 2, 0, 5, 6, 6, -1, -6, 4, -1, -2, -2, 4, 4, 0, 2, -6, 1, -6, -2, -6, -4, 5, -2, -4, 6, -1, -6, -4, 5, 0, 2, 5, 1, -4, 4, 6, -6, -6, 0, 5, -6, -1, 4, 6, -5, -5, 3, -2, -2, -1, 0, -6, -3, -5, -4, -4, -5, 3, -4, 0, -3, -5, 6, 2, -3, -5, 1, 3, -2, -4, 1, -3, 1, -6, -2, 6, -4, 2, -1, 2, 4, 5, 0, -5, 6, 3, 1, 2, -4, -3, -2, 4, -5, -1, 1, -6, 6, -2, -4, 2, 3, 4, -2, -6, 4, -1, -2, 4, -6, -6, -3, -2, 5, 3, 2, -4]
 
1.55622513536: [6, -3, -3, -1, 4, -6, -5, -2, 2, 3, -6, -4, -6, -6, -3, 5, 5, 0, 0, -2, 1, 6, -1, -5, 0, 1, 0, 0, 1, 5, -6, 0, -1, -1, 2, 2, -1, -5, -3, 3, -2, -3, -1, 5, -4, 0, 4, -1, -6, 4, -5, 2, -4, 3, 5, 2, 6, 5, -4, -6, 2, 4, 0, -6, 2, 4, 3, 0, -4, 3, -6, 0, 5, -4, 1, -5, -4, -1, -5, 4, -5, -4, 1, -3, 2, 5, 3, 6, -5, -1, 4, 1, -3, 6, 4, -5, 6, -5, -5, -2, -1, -1, -4, -6, 6, -5, -6, -2, -1, -5, -3, 2, -6, 0, 5, -6, 2, 5, -2, 4, 1, -6, -3, -2, 4, 4, 4, -3]
 
0.49634343723: [6, -3, 3, -1, 4, -6, -5, 4, -2, 3, 6, 2, -5, 1, 5, 1, 1, 3, 2, 1, 1, -5, -5, 5, -3, 5, -2, -5, -4, 5, -5, 3, 4, -2, -4, 1, 1, 5, -6, 4, -2, -3, -2, 4, 0, 5, 4, 3, 2, -4, 5, 1, 3, 0, 4, 0, 0, -3, -3, -6, -6, 6, -3, 4, 2, 1, 3, -2, 6, 2, 2, -6, -1, -6, -5, 0, 1, 6, -5, 3, 0, 5, -6, 2, -2, -6, 6, -3, 2, -2, 1, -6, -3, 1, -3, -5, 1, 4, 6, -6, -3, 1, 5, -5, 2, 5, 5, -6, -5, -3, -2, 5, -5, 6, -5, 1, 4, -4, 0, -4, 2, -4, 1, 2, 6, 2, -2, -2]
 
1.5770045878: [4, 2, 4, 0, 2, 6, -4, 6, 1, 5, 6, -6, -3, -1, 6, -6, -5, 0, -1, 3, -6, 6, 4, -6, -3, -2, -4, 1, 1, -1, -2, -6, 4, -2, 0, 4, 1, 1, -2, -5, 3, 5, -3, 3, 3, -2, -2, 5, -6, 4, -5, -1, -1, 6, 4, 2, 0, -5, -1, -6, 2, 4, 0, -6, -3, 4, 3, 4, -4, -2, -4, 0, 5, -2, 6, -5, -6, -1, -2, 4, 5, 4, 1, 1, -2, -2, 6, 2, 6, -2, -2, 6, 3, -6, 4, 0, -5, 0, 4, -6, 4, -1, 5, 5, -3, 0, 2, -2, -1, 2, -6, 2, -5, 5, -3, -1, -6, 5, -6, -3, 5, 0, -4, 6, 4, 2, 5, 4]
 
1.34656178451: [6, -3, 3, -1, 4, -6, -5, -2, -2, 3, -6, -4, -6, -6, -3, -5, 5, -4, 5, 6, 1, 6, -1, -5, 0, 1, -4, 0, -3, 5, -5, -6, 4, 4, -5, 0, 1, 5, -6, 4, -2, -3, -2, 4, 0, 3, 4, 3, 2, -4, 5, 1, 3, -1, 4, 0, 6, -5, 4, -6, 6, -3, 4, 4, 2, 1, 3, -6, 6, 2, -4, 6, -1, -6, -6, -4, 1, 6, -5, 3, 0, 5, -6, 1, -2, -6, 6, 5, 1, -2, 1, -6, -4, 6, 4, -5, -3, -5, 4, 3, 6, 6, 2, -6, -1, -1, 4, -2, 4, 2, -3, 2, -3, 5, 5, 3, 2, -4, -6, -3, -2, -6, -4, 5, 6, 6, -2, 3]
 
2.09576347631: [6, -3, 3, -1, 4, -6, -5, -2, -2, 3, -6, -4, -5, 6, 5, 1, 1, 3, -6, 1, -6, 3, -2, 2, -3, -2, -2, -5, -4, 5, -6, 0, -2, -3, -5, 2, 1, -5, -3, -4, 5, -2, -1, 5, -4, 4, -2, -1, 2, -6, 0, -6, -1, 1, 4, -4, -5, -6, -4, -2, 3, -3, 0, 1, 0, -2, 3, -6, 6, -2, 6, -3, -3, 5, -2, 6, 1, 6, -2, 3, 1, 5, -4, -4, -2, -6, 6, 5, 4, -2, 1, 4, 3, 6, 4, -5, -3, -5, 4, -6, 6, -1, 2, -6, -2, -1, -6, -2, -6, 2, -3, 2, -3, 5, 5, -6, 2, -3, -2, 4, -6, -6, -3, -2, 4, 3, 4, 3]
 
1.47999827358: [0, -4, -5, 1, 5, 6, 6, -3, -5, 2, 0, 2, -5, 3, -5, -6, 0, 1, -4, -6, 3, -4, -2, -2, 1, -3, 5, -4, -1, -2, 2, 2, -2, -2, -3, -2, 5, 1, 3, 6, -4, 0, -1, 0, -6, 0, 4, -1, -6, 4, -5, -1, -4, 6, 4, 2, 6, -5, -4, -6, 2, -4, 0, -6, -3, -5, 3, -3, -4, 3, -4, 0, 5, -4, 6, -5, -6, -1, -5, 4, 2, -4, 1, 1, -2, -2, 6, 5, 4, -2, 1, 6, 3, 3, 4, -6, -5, 0, 4, -6, -4, -1, 2, -5, -3, -5, 2, -2, -1, 2, -6, 2, 0, 5, -3, -5, 6, -4, -6, -3, -2, -6, -4, 5, 6, 6, -2, 3]
 
1.84042154545: [0, -4, -5, 1, 5, 6, 6, -3, -5, 2, 0, 2, -5, 3, -5, -6, 0, 1, -4, -6, 3, -4, -2, -2, 1, -3, 5, -4, -1, -2, 2, 2, -2, -3, -5, 2, 1, -5, -3, -4, 5, -2, -1, 5, -4, 0, 4, -1, -6, 4, -5, -1, -4, 6, 4, 2, 6, -5, -4, -6, 2, -4, 0, -6, -3, -5, 3, -3, -4, 3, -4, 0, 5, -4, 6, -5, -6, -1, -5, 4, 2, -4, 1, -3, 1, -5, 3, 6, -5, 2, -1, 2, -3, 6, 4, -5, -3, -5, 4, -6, 6, -1, 2, -6, -2, -1, -6, -2, -6, 2, -3, 2, -3, 5, 5, -6, 2, -3, -2, 4, -6, -6, -3, -2, 4, 3, 4, 3]
 
1.17869315915: [-6, -3, 3, 6, 4, -6, -5, -2, -2, 3, -2, -3, -5, 6, 3, -3, 1, 3, -6, 1, 4, -5, -2, 2, -3, -6, -4, -5, -1, 5, -6, 0, -2, -2, -3, -2, 1, 1, 3, 6, -4, 0, 3, 6, -6, 0, -4, -5, -6, 4, -1, -1, -3, 6, -4, 2, 5, -2, -4, -6, 2, -4, 5, 1, -3, -5, 5, -3, 3, 3, -5, 4, 5, -4, 6, -5, -6, 4, -5, -3, 4, -4, -2, 1, -2, -6, 6, 5, -3, 3, 1, 6, 3, 3, 4, -6, -3, 0, 4, -6, -2, -1, -6, -5, -6, -1, 2, 5, -1, 0, -6, 2, -3, 5, -3, -5, 6, -6, -5, -3, -2, -2, 2, -3, 6, 6, -2, 6]
 
1.38383769042: [6, -3, 3, -1, 4, -6, -5, -2, -2, 3, -6, -4, -6, -6, -3, -5, 5, -4, 5, 6, 1, 6, -1, -5, 0, 1, -4, 0, -4, 5, -6, 0, -2, -3, -5, 2, 1, -5, -3, -4, 3, -3, 2, -1, -4, 0, 0, 5, -2, 3, -4, -1, -4, 6, 4, 2, 0, -2, -4, -3, 0, -3, 0, -6, 0, 4, 3, 3, 3, 3, 2, -3, -3, -6, -6, -4, -2, -1, -2, 3, -1, 5, -6, -5, -2, 0, 6, 5, 4, 1, 6, 4, 3, 0, 4, -5, 1, -5, 4, 5, 6, 4, 2, -6, -2, -1, -3, -2, -6, -5, -3, 2, -3, 5, 5, -6, 2, -3, -2, 4, -6, -6, -3, -2, 4, 3, 4, 3]
 
2.36669093615: [6, -3, 3, -1, 4, -6, -5, -2, -2, 3, -6, -4, -5, 6, 5, 1, 1, -5, -6, 1, 1, -2, 2, -3, -5, 3, 0, -2, -6, 4, 2, -1, -1, -5, -2, 4, -3, 0, -2, -5, 5, -2, -1, 5, -4, 0, 4, -1, -6, 4, -5, -1, -4, 6, 4, 2, 6, -5, -4, -6, 2, -4, 0, -6, -3, -5, 3, -3, -4, 3, -4, 0, 5, -4, 6, -5, -6, -1, -5, 4, 2, -4, 1, -3, 1, -5, 3, 6, -5, 2, -1, 2, -3, 5, 1, -1, 6, -1, 0, -4, -4, -3, -2, -5, -5, -1, 0, 1, -2, 3, -1, 2, 4, -5, 2, -2, 3, 3, -5, 0, -1, 4, 1, -5, 0, 5, 1, -3]
 
1.80832818323: [6, -3, 3, -1, 4, -6, -5, -2, -2, 3, -6, -4, -6, -6, -3, -5, 5, -4, 5, 6, 1, 6, -1, -5, 0, 1, -4, 0, -4, 5, -6, 0, -2, -3, -5, 2, 1, -5, -3, -4, 5, -2, -1, 5, -4, 0, 4, -1, -6, 4, -5, -1, -4, 6, 4, 2, 6, -5, -4, -6, 2, -4, 0, -6, -3, -5, 3, -3, -4, 3, -4, 0, 5, -4, 6, -5, -6, -1, -5, 4, 2, -4, 1, -3, 1, -5, 3, 6, -5, 2, -1, 2, -3, 5, 1, -1, 6, -1, 0, -4, -4, -3, -2, -5, -5, -1, 0, 1, -2, 3, -1, 2, 4, -5, 2, -2, 3, 6, -4, 0, -1, 0, -3, -2, 2, 5, -5, -6]
 
0.406318138118: [5, 5, 2, -2, 3, 4, -6, -2, 5, 0, 3, 0, 4, 4, 5, -6, 1, -6, 5, -2, 1, 3, 0, 5, 1, -2, -1, -5, -3, 5, 5, 0, -2, -3, 6, 2, 2, -5, 2, 0, -6, -2, 1, -4, -4, -4, 4, -1, -6, 1, -5, -1, 5, 3, 4, 2, 6, 0, -4, -6, 2, -4, 0, 5, 5, -5, 5, -6, 6, -2, -4, -3, 5, 5, 6, -5, 6, -1, -4, 4, 0, -5, 1, 6, -1, -5, 3, 6, 4, 2, 6, 2, -2, -3, 3, -1, 4, -3, -4, -4, -4, 5, -3, 3, 3, -3, 6, -3, -1, -1, 5, 2, -6, 1, 6, 6, 3, 3, -5, 0, -1, 4, 1, -5, 0, 5, 1, -3]
 
0.790784309825: [4, -3, 4, 0, 2, 6, 3, -6, 4, 5, 6, -6, -6, -6, -3, -5, 5, -4, 5, 6, 1, 6, -1, -5, 0, 1, -4, 0, -3, 5, -5, -6, 4, 4, -5, 0, 1, 5, -6, 4, -2, -3, -2, 4, 0, 3, 4, 3, 2, -4, 5, 1, 3, -1, 4, 0, 6, -5, 4, -6, 6, -3, 4, 4, 2, 1, 3, -6, 6, 2, -4, 6, -1, -6, -6, -4, 1, 6, -5, 3, 0, 5, -6, 1, -2, -6, 6, 5, 1, -2, 1, -6, -4, 6, 4, -5, -3, -5, 4, 3, 6, 6, 2, -6, -1, -1, 4, -2, 4, 2, -3, 2, -3, 5, 5, 3, 2, -4, -6, -3, -2, -6, -4, 5, 6, 6, -2, 3]
 
1.47315674748: [6, -3, 3, -1, 4, -6, -5, -2, -2, 3, -6, -4, -5, -1, 6, 2, -5, -5, -1, 3, -6, 6, 0, 3, 2, -2, -4, 0, 5, -1, -2, -6, 4, -2, 2, 4, 1, 1, -2, -5, 2, 5, -3, 3, 0, 0, -2, 1, -6, 4, -5, -1, -4, 6, 4, 2, 6, -5, -4, -6, 2, -4, 0, -6, -3, -5, 3, -3, -4, 3, -4, 0, 5, -4, 6, -5, -6, -1, -5, 4, 2, -4, 1, 1, -2, -2, 6, 5, 4, -2, 1, 6, 3, 3, 4, -6, -5, 0, 4, -6, -4, -1, 2, -5, -3, -5, 2, -2, -1, 2, -6, 2, 0, 5, -3, -5, 6, -4, -6, -3, -2, -6, -4, 5, 6, 6, -2, 3]
 
0.475994098547: [0, -4, -5, 1, 5, 6, 6, -3, -5, 2, 0, 2, -5, 3, -5, -6, 0, 1, -4, -6, 3, -4, -2, -2, 1, -3, 5, -4, -1, -2, 2, 2, -2, -3, -5, 2, 1, -5, -3, -4, 5, -2, -1, 5, -4, 0, 4, -1, -6, 4, -5, -1, -4, 6, 4, 2, 6, -5, -4, -6, 2, -4, 0, -6, -3, -5, 3, -3, -4, 3, -4, 0, 5, -4, 6, -5, -6, -1, -5, 4, 2, -4, 1, -3, 1, -5, 3, 6, -5, 2, -1, 2, -3, 5, 1, -1, 6, -1, 0, -4, -4, -3, -2, -5, -5, -1, 0, 1, -2, 3, -1, 2, 4, -5, 2, -2, 3, 3, -5, 0, -1, 4, 1, -5, 0, 5, 1, -3]
 
2.63699310502: [6, -3, 3, -1, 4, -6, -5, -2, -2, 3, -6, -4, -6, -6, -3, -5, 5, -4, 5, 6, 1, 6, -1, -5, 0, 1, -4, 0, -4, 5, -6, 0, -2, -2, -3, 5, 1, 1, -2, -5, 2, 0, -3, 3, 0, 0, 4, -1, -6, 4, -5, -1, -4, 6, 4, 2, 6, -5, -4, -6, 2, -4, 0, -6, -3, -5, 3, -3, -4, 3, -4, 0, 5, -4, 6, -5, -6, -1, -5, 4, 2, -4, 1, -3, 1, -5, 3, 6, -5, 2, -1, 2, -3, 5, 1, -1, 6, -5, 4, -6, 6, -1, 2, -6, -2, -1, -6, -2, -6, 2, -3, 2, -3, 5, 5, -6, 2, -3, -2, 4, -6, -6, -3, -2, 4, 3, 4, 3]
 
0.581135922265: [-5, 0, 1, -4, 0, -5, -2, -2, 0, -3, -3, -4, -6, 0, 6, 6, 2, 5, -3, -4, 6, -5, -4, 1, -6, -5, 6, -3, 4, -3, 3, 1, -1, -6, 5, 4, -3, -5, -4, -2, -1, 0, -6, -2, 3, 6, -6, 4, 3, -4, -4, -3, 4, -2, -3, 2, -5, 6, 0, 5, -1, -5, 6, 2, 6, -4, 2, 4, 0, 0, 5, -1, 4, 6, 3, 0, 2, -2, 3, -5, 3, 6, -5, -3, 5, 0, -3, 5, 4, -1, 0, 2, 4, 1, 2, -1, 1, -4, 6, -3, 5, 6, 0, 6, -2, 0, 6, -3, 3, 2, 0, 0, 1, -2, -6, -1, 0, -3, -4, 0, -4, 6, -1, 6, -5, 1, -6, 0]
 
2.01175286012: [6, -3, 3, -1, 4, -6, -5, -2, -2, 3, -6, -4, -5, 6, 5, 1, 1, -5, -6, 1, 1, -2, 2, -3, -5, 3, 0, -2, -6, 4, 2, -1, -1, -5, -2, 4, -3, 0, -2, -5, 3, -3, 2, -1, -4, 0, 0, 5, -2, 3, -4, -1, -4, 6, 4, 2, 0, -2, -4, -3, 0, -3, 0, -6, 0, 4, 3, 3, 3, 3, -4, 0, 5, -4, 6, -5, -6, -1, -5, 4, 2, -4, 1, 1, -2, -2, 6, 5, 4, -2, 1, 6, 3, 3, 4, -6, -5, 0, 4, -6, -4, -1, 2, -5, -3, -5, 2, -2, -1, 2, -6, 2, 0, 5, -3, -5, 6, -4, -6, -3, -2, -6, -4, 5, 6, 6, -2, 3]
 
1.71402267891: [6, -3, 1, -1, 4, 3, 0, -2, 5, 3, 3, -2, -5, 6, 5, 1, 1, -5, -6, 2, 3, -4, -2, -2, 1, -3, 5, -4, -1, -2, 2, 2, -2, 5, -3, 5, 1, 1, -2, -5, 2, 0, -3, 3, 0, 0, 4, -1, -6, 4, -5, -1, -4, 6, 4, 2, 6, -5, -4, -6, 2, -4, 0, -6, -3, -5, 3, -3, -4, 3, -4, 0, 5, -4, 6, -5, -6, -1, -5, 4, 2, -4, 1, -3, 1, -5, 3, 6, -5, 2, -1, 2, -3, 5, 1, -1, 6, -1, 0, -4, -4, -3, -2, -5, -5, -1, 0, 1, -2, 3, -1, 2, 4, -5, 2, -2, 3, 3, -5, 0, -1, 4, 1, -5, 0, 5, 1, -3]
 
-1000: [6, -3, 3, -5, 5, -6, 6, -3, -6, 2, 0, 2, 3, 3, -5, -6, 0, 1, 1, -3, -5, -2, 6, 1, -5, 4, -2, -6, 4, -2, 2, -2, -3, -5, 3, -3, 0, -6, -2, 6, 3, -2, 6, 1, -5, -2, -3, 3, 2, 5, -4, -1, 0, 3, 6, -2, 0, 2, -4, 6, 0, 6, -5, -4, -5, 4, 3, -1, -4, -6, -4, 6, 5, 1, -4, 1, -5, -4, 6, 0, -3, -2, -1, -5, -1, -6, 1, 1, 6, 4, -2, -6, 2, 4, -2, 2, 1, 3, 0, 4, -4, 6, 5, 4, 3, -2, -5, 4, -6, -6, 3, -4, -1, -6, -3, 1, -1, -5, -4, 5, 6, -5, 4, 0, -2, 1, -2, -5]
 
0.704540224234: [6, -3, 3, -1, 4, -6, -5, -2, -2, 3, -6, -4, -5, 6, 5, 1, 1, -5, -6, 1, 1, -2, 2, -3, -5, 3, 0, -2, -6, 4, 2, -1, -1, -5, -2, 4, -3, 0, -2, -5, 3, -3, 2, -1, -4, 4, -2, -1, 2, -6, 0, -6, -1, 1, 0, -1, -2, 0, 1, 2, -3, -4, -4, 6, 0, -5, 5, 2, -6, 6, -2, -2, 2, 2, 3, 1, -6, -2, -6, 2, -6, 1, -6, 1, -1, 4, 0, 5, -4, 1, 1, 0, 0, 6, -4, -6, -3, -5, 4, 3, 6, 6, 2, -6, -1, -1, 4, -2, 4, 2, -3, 2, -3, 5, 5, 3, 2, 6, -6, -3, 5, 0, 3, 6, 4, 2, 2, 3]
 
2.07746996025: [6, 1, 3, 6, 5, 6, 6, -3, -5, 2, 1, 2, -3, 3, -5, -6, 0, 1, -4, -6, 3, -4, -5, 1, -6, 0, 5, -4, -1, 5, -1, 0, -4, 4, -6, 2, 5, 1, 1, 6, -4, 0, -1, 4, -6, 0, 0, 5, -6, 3, -4, -1, -4, 6, 4, 2, 0, -2, -4, 1, 1, -3, 0, -6, 6, 6, 3, 3, 3, 3, 2, 4, -3, -6, -4, -4, 2, -1, -2, -5, 4, -1, -6, 0, -2, 0, 6, 5, 4, 1, 6, 4, 6, 0, 4, -5, 1, -5, -3, -1, 6, 4, -6, -2, 4, -1, -3, -5, -6, -5, -3, 5, -3, 5, -2, -6, 2, -6, -4, 0, -2, -6, 6, -3, 4, -6, 4, -6]
 
2.94051991385: [6, -3, 3, -1, 4, -6, -5, -2, -2, 3, -6, -4, -5, 6, 5, 1, 1, -5, -6, 1, 1, -2, 2, -3, -5, 3, 0, -2, -6, 4, 2, -1, -1, -5, -2, 4, -3, 0, -2, -5, 3, -2, -1, 5, -4, 0, 4, -1, -6, 4, -5, -1, -4, 6, 4, 2, 6, -5, -4, -6, 2, -4, 0, -6, -3, -5, 3, -3, -4, 3, -4, 0, 5, -4, 6, -5, -6, -1, -5, 4, 2, -4, 1, -3, 1, -5, 3, 6, -5, 2, -1, 2, -3, 6, 4, -5, -3, -5, 4, -6, 6, -1, 2, -6, -2, -1, -6, -2, -6, 2, -3, 2, -3, 5, 5, -6, 2, -3, -2, 4, -6, -6, -3, -2, 4, 3, 4, 3]
 
1.32128700065: [6, 4, 3, -2, 4, 1, -2, -4, -6, -5, -6, -5, -1, -6, 0, 1, -4, -4, -5, 5, 1, 6, 0, -5, 6, 1, 4, 0, -4, 5, -6, -4, -2, -3, -5, -6, 1, -5, -2, -4, 5, -3, 2, -1, -4, 0, 0, 5, -2, 4, -4, -1, -4, 6, -5, -6, 0, -2, -4, -3, 0, 1, -1, -6, -5, 4, 3, 3, 3, 3, 2, -6, -3, 0, 2, 2, -2, -1, -2, 3, 5, -4, -6, 3, -2, 0, -1, 1, -1, 1, 6, 0, 4, 4, 4, -5, 1, 0, 4, 0, 6, -6, 2, -6, -6, -1, -5, -2, -6, -5, -3, 2, -3, 0, 2, -2, 3, 4, -4, 0, -2, -4, 3, -5, 3, 2, 4, 6]
 
2.27834504586: [6, -3, 3, -2, 5, -3, -1, -3, 2, 2, 4, -4, -3, 3, -4, -6, 0, 1, -4, 1, 3, -4, 5, -2, 1, 0, -6, -4, -1, -2, 1, 0, -2, -1, -3, -6, 5, 0, -4, -5, 3, -2, 4, 5, -4, -2, 4, 6, -6, 4, -4, -1, 0, 6, 4, 2, 6, 3, -4, -6, 2, -4, 0, -6, -3, -2, 3, 2, -6, -2, -4, 0, -6, -4, 6, 0, -6, -1, -5, 4, -2, -4, 1, -3, 5, 5, 4, 6, -5, 2, -1, 2, -2, 6, -1, -5, -3, -5, 3, 1, 1, -1, 2, -6, -1, -1, -6, -2, -6, 6, -4, 0, 1, 4, 5, 3, 2, -3, -2, 4, -6, -6, 3, -1, 4, 3, 4, -5]
 
2.04639895471: [6, -3, 3, -1, 4, -6, -5, -2, 1, 3, -6, -4, -5, 5, 5, 0, 1, 4, 1, -6, 1, -2, 2, -5, -5, 3, 0, -4, -6, 4, 2, 3, -1, -3, -2, 4, 6, 1, 5, -6, -4, 0, -1, 0, -6, 4, -6, -3, 6, -6, 0, -6, -1, 1, 0, -1, -2, 0, 2, 2, -3, -4, -4, 6, 0, 5, 3, 2, -6, -4, -2, -2, -6, 2, 3, 0, 6, -6, -6, -6, -6, 1, -5, 1, -1, -1, 0, -5, 0, 1, 4, 2, -5, -4, -4, -5, 0, 4, 4, -4, -1, 1, 6, 2, 6, -5, 4, 3, 1, 4, -3, -1, -5, 1, -5, 1, 6, -4, -6, -3, 2, -1, -1, -4, 6, -3, -2, 3]
 
