3.0181845621372276: [4, -6, 6, -6, -1, -3, -2, 2, -6, -4, -2, 2, -3, -3, -6, 6, 2, 2, -4, 3, -6, 2, 1, 6, -2, -5, 3, -1, -5, 0, 6, -5, 0, 5, 6, 5, -4, 0, 4, 2, -2, 4, -1, 0, -4, -1, 1, 6, 1, 2, 4, -1, -4, 6, -2, 6, -6, 5, 5, -2, -3, 4, 0, -3, -6, -6, -4, -6, -6, 1, -5, 5, 5, -4, 5, -5, -4, 3, 1, -4, 6, -5, -4, 0, 2, -3, 5, -1, -1, 5, -3, 6, 2, 6, -2, -5, -2, -4, -6, -4, -4, 1, 2, 5, -1, 6, -2, 3, -6, 3, 4, 0, 0, -6, 6, -5, -4, -5, 6, -6, -1, 5, 5, -6, 4, -6, 0, -3]
 
2.700096367520232: [-3, -6, 6, 1, -1, -6, -2, 2, 1, -4, -2, 1, -3, -4, 4, 4, 3, 2, 0, 4, 1, 0, -1, 6, -2, -4, 6, -1, 0, -6, 3, -6, 5, -5, 6, -4, 0, -1, 4, 5, -4, 4, -5, 5, -4, 0, -6, 6, -2, 6, 4, -1, -1, -6, -2, 6, -6, -4, 5, -2, -3, -2, 0, 6, -6, -3, -4, 0, 0, 3, 4, 5, 5, 5, 2, -4, 2, 3, 3, 2, 6, -3, 3, 3, 6, 0, -3, 5, -1, 0, 5, 3, 1, 0, 6, 1, 2, -5, -6, -5, -1, -1, 5, -2, 0, -2, -6, 1, 5, -3, -4, 0, -1, 0, -6, -1, -1, 2, 6, 3, 4, 5, 5, -6, 4, -6, 6, 4]
 
3.80178124714818: [-3, -6, 6, 1, -1, -6, -2, 2, 1, -4, -2, 1, -3, -4, 4, 4, 3, 2, 0, 4, 1, 0, -1, 6, -2, -4, 6, -1, 0, -6, 3, -6, 5, -5, 6, -4, 0, -1, 4, 5, -4, 4, -5, 5, -4, 0, -6, 6, -5, 6, 4, 5, 5, -6, -2, 6, 0, -4, 5, -4, -3, -1, 0, 6, -6, -6, -4, 0, 0, 3, -5, 5, 5, 5, 2, -4, 2, 4, 3, -4, 6, -3, 3, -6, 3, 4, -3, 2, 3, 0, 5, 5, 2, 6, -2, -5, -2, -4, -6, -4, -4, 1, 2, 5, -1, 6, -2, 3, -6, 3, 4, 0, 0, -6, 6, -5, -4, -5, 6, -6, -1, 5, 5, -6, 4, -6, 0, -3]
 
1.9336201899489223: [-3, -6, 6, 1, -1, -6, -4, 3, 1, 3, -2, 1, -3, -4, -5, 4, 3, -4, 4, 4, 6, -4, 1, 6, -6, -4, -1, -1, 0, -6, 3, -6, 5, -5, 6, -1, -6, -1, 4, 5, -6, 4, -3, 4, -6, 2, 6, 6, 3, 4, -2, -1, -1, -6, -2, 4, -6, -4, 2, 1, 4, -2, 0, 6, -6, -3, 5, 0, 3, 4, 4, 5, 5, 5, 2, -4, 2, 3, 2, 2, 6, -3, 3, 6, -1, 0, -5, 5, -5, 0, 5, -3, 1, 0, 6, 0, -2, -5, -6, -5, -1, -1, -5, -2, 0, -2, -6, 1, 5, -3, -4, -6, -1, 0, -3, -1, -1, 6, -1, 3, 4, 5, 5, -6, 2, -6, 6, 4]
 
2.959347946118103: [4, -6, 6, -6, -1, -3, -2, 2, -6, -4, -2, 2, -3, -3, -6, 6, 2, 2, -4, 3, -6, 2, 1, 6, -2, -5, 3, -1, -5, 0, 6, -5, 0, 5, 6, 5, -4, 0, 4, 2, -2, 4, -1, 0, -4, -1, 1, 6, 1, 2, 4, -1, -4, 6, -2, 6, -6, 5, 5, -2, -3, 4, 0, -3, -6, -6, -4, -6, -6, 1, -5, 5, 5, -4, 5, -5, -4, 3, 1, -4, 6, -5, -4, 0, 2, -3, 5, -1, -1, 5, -3, 6, 2, 6, -2, -5, -2, -4, -6, -4, -4, 1, 2, 5, -1, 6, -2, 3, -6, 3, 4, 0, 0, -6, 6, -5, -4, -5, 6, -6, -1, 5, 5, -6, 4, -6, 0, -3]
 
2.27523698097: [-6, -6, 6, 1, 3, -6, -2, -3, 6, -4, -1, 1, 3, 4, 2, -2, 1, 0, 0, 4, 0, 0, 4, 6, -2, -4, -3, -1, 0, -6, 3, -6, 5, -5, 0, 0, 0, -3, -3, 1, 5, 4, -5, 5, -4, 0, -6, 6, 4, 2, -5, 5, 1, 5, -2, 6, -6, -4, -2, -6, 4, -2, -5, 5, -6, -6, -4, -6, -6, 4, -5, -6, -2, 4, 2, 1, -3, -3, -3, 4, 1, 5, 3, -6, 3, 4, 5, 2, 3, 0, 5, 5, -6, 0, 6, -4, 2, -4, -6, -4, -4, -1, 2, -1, -6, -2, -6, 6, -1, -3, 4, -4, 0, 4, 6, -1, -1, 2, 6, 4, -1, -4, 1, 2, -5, -3, -4, 2]
 
3.656116098928128: [-3, -6, 6, 1, -1, -6, -2, 2, 1, -4, -2, 1, -3, -4, 4, 4, 3, 2, 0, 4, 1, 0, -1, 6, -2, -4, 6, -1, 0, -6, 3, -6, 5, -5, 6, -4, 0, -1, 4, 5, -4, 4, -5, 5, -4, 0, -6, 6, -5, 6, 4, 5, 5, -6, -2, 6, 0, -4, 5, -4, -3, -1, 0, 6, -6, -6, -4, 0, 0, 3, -5, 5, 5, 5, 2, -4, 2, 4, 3, -4, 6, -3, 3, -6, 3, 4, -3, 2, 3, 0, 5, 5, 3, 0, 6, -4, 2, -4, -6, -4, -4, -6, 2, -1, -6, -2, -6, 1, 5, -3, -4, 0, -1, 0, -6, -1, -1, 2, 6, 3, 4, 5, 5, -6, 4, -6, 6, 4]
 
4.057936291874273: [-3, -6, 6, -6, -1, -3, -2, 2, -6, -4, -2, 2, -3, -3, -6, 6, 2, 2, -4, 3, -6, 2, 1, 6, -2, -5, 3, -1, -5, 0, 6, -5, 0, 5, 6, 5, -4, 0, 4, 2, -2, 4, -1, 0, -4, -1, 1, 6, 1, 2, 4, -1, -4, 6, -2, 6, -6, 5, 5, -2, -3, 4, 0, -3, -6, -6, -4, -6, -6, 1, -5, 5, 5, -4, 5, -5, -4, 3, 1, -4, 6, -5, -4, 0, 2, -3, 5, -1, -1, 5, -3, 6, 2, 6, -2, -5, -2, -4, -6, -4, -4, 1, 2, 5, -1, 6, -2, 3, -6, 3, 4, 0, 0, -6, 6, -5, -4, -5, 6, -6, -1, 5, 5, -6, 4, -6, 0, -3]
 
3.7367968906417177: [-3, -6, 6, 1, -1, -6, -2, 2, 1, -4, -2, 1, -3, -4, 4, 4, 3, 2, 0, 4, 1, 0, -1, 6, -2, -4, 6, -1, 0, -6, 3, -6, 5, -5, 6, -4, 0, -1, 4, 5, -4, 4, -5, 5, -4, 0, -6, 6, -5, 6, 4, 5, 5, -6, -2, 6, 0, -4, 5, -4, -3, -1, 0, 6, -6, -6, -4, 0, 0, 3, -5, 5, 5, 5, 2, -4, 2, 4, 3, -4, 6, -3, 3, -6, 3, 4, -3, 2, 3, 0, 5, 5, 3, 0, 6, -4, 2, -4, -6, -4, -4, -6, 2, -1, -6, -2, -6, 1, 5, -3, -4, 0, -1, 0, -6, -1, -1, 2, 6, 3, 4, 5, 5, -6, 4, -6, 6, 4]
 
3.2608795780570015: [-3, -6, 6, 1, -1, -6, -2, 2, 1, -4, -2, 1, -3, -4, 4, 4, 3, 2, 0, 4, 1, 0, -1, 6, -2, -4, 6, -1, 0, -6, 3, -6, 5, -5, 6, -4, 0, -1, 4, 5, -4, 4, -5, 5, -4, 0, -6, 6, -5, 6, 4, 5, 5, -6, -2, 6, 0, -4, 5, -4, -3, -1, 0, 6, -6, -6, -4, 0, 0, 3, -5, 5, 5, 5, 2, -4, 2, 4, 3, -4, 6, -3, 3, -6, 3, 4, -3, 2, 3, 0, 5, 5, 3, 0, 6, -4, 2, -4, -6, -4, -4, -6, 2, -1, -6, -2, -6, 6, 4, -3, 4, 1, 0, 4, 6, -1, -1, -5, 6, 4, -1, 5, 5, -6, 4, -6, 6, 4]
 
0.8992348986885778: [-3, -6, 6, 1, -1, -3, -2, -6, 1, -4, -2, 1, -3, -4, 4, 4, 3, 5, 0, 4, 1, -3, -1, 6, -2, -4, 6, -1, -1, -6, 3, -6, 5, -5, 6, -4, -2, -1, 4, 5, 0, 3, 5, 5, 1, 0, -6, 6, 1, 6, 4, -1, -1, -6, -2, -4, -1, -4, -2, -4, 0, 3, 1, -3, -3, -4, 1, -6, -6, 3, 4, 5, 5, -2, 1, 1, -4, 5, 1, 0, 6, -5, -4, 0, 2, -3, 0, -1, -6, -5, 1, 1, -5, 6, -6, -5, -2, -4, -6, 1, -5, 1, 2, 2, 6, -6, -2, 6, -6, 3, 4, 4, -1, 6, 5, -5, -4, -5, 6, 5, -1, -5, 5, -6, -4, -2, 0, -3]
 
2.0900830137518693: [-3, -6, 6, 1, -1, -6, -2, 2, 1, -4, -2, 1, -3, -4, 4, 4, 3, 2, 0, 4, 1, -4, 1, 6, -6, -4, 3, -1, 0, -6, 3, -6, 5, -5, 6, -4, -6, -1, 4, 5, -6, 4, -2, 5, -6, 0, 6, 6, 3, 4, 4, 2, -4, 6, 5, 1, -6, 2, 1, -2, 1, -2, 0, 5, -6, -6, 5, -5, -6, 4, -5, -2, 3, -1, 5, -2, -4, 5, 1, 0, 6, -5, 3, -6, 3, 4, -3, 2, 3, 0, 5, 5, 3, 0, 6, -4, 2, -4, -6, -4, -4, -6, 2, -1, -6, -2, -6, 6, 4, -3, 4, 1, 0, 4, 6, -1, -1, -5, 6, 4, -1, 5, 5, -6, 4, -6, 6, 4]
 
2.2393595977568106: [-3, 3, 6, 1, -4, -6, -2, -5, 1, -1, 0, -6, -3, -4, 4, 4, 3, 2, 0, 4, 1, 0, -1, 6, -2, -4, 6, -1, 0, -6, 3, -6, 5, -5, 6, -4, 0, -1, 4, 5, -4, 4, -5, 5, -4, 0, -6, 6, -5, 6, 4, 5, 5, 3, -2, 6, 3, 1, 5, -5, -3, -1, 0, 5, -6, -6, 0, -1, -1, 4, -5, 1, 1, -5, 2, -2, -3, 4, -3, 4, 6, 5, 3, -6, 3, 4, -3, 2, 3, 0, 5, -3, 3, 0, 6, -4, 2, -5, -6, 1, -1, -6, 2, -2, 2, -2, -6, 6, 4, -3, 4, 1, 0, 4, 6, -1, -1, -5, 6, 4, -1, 5, 5, -6, 4, -6, 6, 4]
 
2.6916013033451165: [-3, -6, 6, 1, -1, -6, -2, 2, 1, -4, -2, 1, -3, -4, 4, 4, 3, 2, 0, 4, 1, 0, -1, 6, -2, -4, 6, -1, 0, -6, 3, -6, 5, -5, 6, -4, 0, -1, 4, 5, -4, 4, -5, 5, -4, 0, -6, 6, -5, 6, 4, 5, 5, -6, -2, 6, 0, -4, 5, -4, -3, -1, 0, 6, -6, -6, -4, 0, 0, 3, -5, 5, 5, 5, 2, -4, 2, 4, 3, 4, 6, -3, 3, -6, 3, 4, -3, 2, 3, 0, -6, 6, 3, 4, 6, -4, 5, -1, 1, 1, 6, -6, 1, -1, -1, -2, -6, 6, -1, -3, -3, -3, 3, -5, 2, -4, -1, -1, 6, 4, 4, 5, -3, -6, 4, -6, 6, -2]
 
0.9174081697125375: [-3, -6, 6, 2, 3, -6, -2, 2, 1, -4, -2, 1, -4, -4, 4, 4, 3, 2, 0, 4, 1, 2, -1, -5, -2, -4, 1, -1, 0, 3, 3, -6, 5, 3, 6, 2, 0, -1, 4, 5, -4, 4, 2, 5, -4, 0, -4, 6, -5, 6, 4, 2, 5, -6, -2, 6, -2, -4, 5, -4, -4, -1, 0, 6, -6, -6, -4, 0, 0, 3, -5, 5, 5, 5, 2, 5, 2, -2, 6, 0, 6, -5, -4, -4, 2, 0, 5, 5, 2, 5, -3, 1, -5, 6, -1, -5, -2, -4, -6, 4, 2, -4, 2, 5, -1, 6, -2, 1, -6, 3, 4, 0, 5, 4, 5, -5, -4, -5, 6, 5, -1, 1, 5, -6, -4, -6, 6, 4]
 
2.6660827443859: [-3, -6, 6, 1, -1, -6, -2, 2, 1, -4, -2, 1, -3, -4, 4, 4, 3, 2, 0, 4, 1, 0, 1, 6, -2, -4, 6, -1, -5, 5, 5, 0, -6, -5, 6, -2, -4, -4, 6, 2, -6, 4, -3, 5, 4, 0, 6, 6, -5, 6, 4, -1, -4, 6, -2, 6, -6, -4, 5, -2, -3, -2, 0, 5, -6, -6, -4, -6, -6, 4, -5, -2, -2, 4, 2, 1, -3, 4, -3, 4, 6, -3, 3, -6, 3, 4, -3, 2, 3, 0, 5, 5, 3, 0, 6, -4, -2, -4, -6, -4, -4, 1, 2, 5, -1, 6, -2, 3, -6, 3, 4, 0, 0, -3, -4, 3, -4, -5, -6, -6, -1, 5, 5, -6, 2, -6, 5, -3]
 
1.088371530515773: [-2, -6, 0, 1, -1, -6, -3, 2, 5, -4, 3, 1, -2, 4, 2, -6, 3, 2, 5, 4, -3, -1, 1, -3, -2, -5, 3, -5, -5, 0, 6, 0, 0, -2, -1, 0, -6, -5, 4, -5, -4, 4, 2, 1, 2, 0, 3, -4, -5, 6, 2, -1, -4, -1, -2, 6, -6, -4, 5, -2, -3, -2, 0, 6, -6, -6, -4, -6, 0, 3, -5, -2, 5, -1, 2, 4, 2, 4, 3, -4, 6, -3, 3, -6, -2, 0, -3, 5, -1, 0, -6, 6, 3, -4, 6, -4, 2, -1, 1, 1, 6, -6, -3, -1, -1, -2, -6, 6, 3, -3, -3, -3, 0, 4, 2, -4, -1, -5, 6, 4, -1, 5, -3, -6, 4, -6, 6, 6]
 
0.443875707458: [-3, -6, 6, -1, -1, -6, -2, 2, 1, -4, -2, 5, -3, -4, 0, -5, 3, 2, -6, 3, -6, 2, 0, 6, -2, -5, 3, -1, -5, 0, 1, -5, 0, 0, 6, 3, -4, 0, 4, 2, -2, 4, -1, 0, -3, -1, 1, 5, 1, 2, -4, -1, -4, 6, -2, 6, -2, 5, 5, -2, 0, 4, 0, -3, -4, -1, -4, -6, -6, 1, -5, 5, 5, -4, 5, -5, -4, 3, 1, 4, 6, -5, 5, 0, 2, -3, 5, -1, -1, 5, -3, 6, 2, 6, 2, -5, -2, 3, -6, -4, 3, 1, 2, 0, -1, 6, -2, -3, -6, -1, 4, -1, 0, -6, 2, -5, -4, -1, 6, 1, -1, -3, 5, -6, 4, 2, 3, -3]
 
2.5052598878094745: [-3, -4, 6, 4, -1, -6, 2, 2, -6, -4, -2, 1, -2, -4, 4, 3, -2, 2, 3, 4, 4, 0, -1, 6, -2, -4, 6, -1, 0, -6, 3, -6, 5, -5, 6, -4, 0, -1, 4, 5, -4, 4, -5, 5, -4, 0, -6, 6, -2, 6, 4, -1, -1, -6, -2, -4, -1, -4, -2, -2, 0, 3, 0, -3, -6, -4, -4, -6, -6, 5, -5, 5, 5, -2, 5, -2, -4, 5, 1, 0, 6, -5, -4, 0, 2, -3, 5, -1, -6, 5, -3, 1, -5, 6, -6, -5, -2, -4, -6, 1, 2, 1, 2, 2, -1, 6, -2, 6, -6, 3, 4, 0, 0, -6, 5, -5, -4, -5, 6, 5, -1, 5, 5, -6, -4, -6, 0, -3]
 
0.8648805646982891: [4, -1, 6, 6, -1, -4, 3, 2, 3, 4, 3, 2, -3, 3, -2, 6, -2, -1, -4, 5, 4, -1, 1, 3, -4, -2, 3, -1, -2, 3, 6, -5, 0, 2, 6, -1, -2, -6, -2, 5, 6, 6, 3, -3, -6, 0, 5, -3, -4, 3, -3, 3, -5, -6, -2, 6, 4, -4, -1, -5, 0, -5, -2, -6, 4, -6, 1, -6, -5, 4, -5, -6, 4, -6, -4, -4, -3, 5, -3, -6, -3, 2, 3, -4, 3, -4, 0, 2, 4, 5, 5, -6, -4, 5, 6, 2, -5, 5, -1, 0, -2, -4, -4, -1, -6, -5, 2, 5, -6, 2, -4, 0, -1, 0, 1, 1, -1, 4, 1, -4, 4, 5, 4, 4, 4, 6, 5, -2]
 
3.07304335869472: [-3, 3, 6, 1, -4, -6, -2, -5, 1, -1, 0, -6, -3, -4, 4, 4, 3, 2, 0, 4, 1, 0, -1, 6, -2, -4, 6, -1, -1, -6, 3, -6, 5, -5, 6, -4, -4, 0, 4, 2, -2, 4, -1, 0, -4, -1, 1, 6, 1, 2, 4, -1, -4, 6, -2, 6, -6, 5, 5, -2, -3, 4, 0, -3, -6, -6, -4, -6, -6, 1, -5, 5, 5, -4, 5, -5, -4, 3, 1, -4, 6, -5, -4, 0, 2, -3, 5, -1, -1, 5, -3, 6, 2, 6, -2, -5, -2, -4, -6, -4, -4, 1, 2, 5, -1, 6, -2, 3, -6, 3, 4, 0, 0, -6, 6, -5, -4, -5, 6, -6, -1, 5, 5, -6, 4, -6, 0, -3]
 
3.212712218806315: [-4, -5, 6, 1, 4, 0, -6, 2, -3, -4, 0, 1, -3, -4, 4, 4, 3, 2, 0, 4, 1, 0, 4, 6, -2, -4, 6, -1, 0, -6, 3, -6, 5, -5, 0, -4, 0, -1, -3, 5, 5, 4, -5, 5, -4, 0, -6, 6, 4, 4, 4, 5, -2, -6, -2, 6, -6, -4, 5, -2, 0, -2, 0, 5, -6, -6, -4, -6, -6, 4, -5, -2, -2, 4, 2, 1, -3, 4, -3, 4, 6, -3, 3, -6, 3, 4, -3, 2, 3, 0, 5, 5, 3, 0, 6, -4, 2, -4, -6, -4, -4, -6, 2, -1, -6, -2, -6, 6, 4, -3, 4, 1, 0, 4, 6, -1, -1, -5, 6, 4, -1, 5, -3, -6, 4, -6, 6, 6]
 
3.46727297191862: [4, -6, 6, -6, -1, -3, -2, 2, -6, -4, -2, 2, -3, -3, -6, 6, 2, 2, -4, 3, -6, 2, 1, 6, -2, -5, 3, -1, -5, 0, 6, -5, 0, 5, 6, 5, -4, 0, 4, 2, -2, 4, -1, 0, -4, -1, 1, 6, 1, 2, 4, -1, -4, 6, -2, 6, -6, 5, 5, -2, -3, 4, 0, -3, -6, -6, -4, -6, -6, 1, -5, 5, 5, -4, 5, -5, -4, 3, 1, -4, 6, -5, -4, 0, 2, -3, 5, -1, -1, 5, -3, 6, 2, 6, -2, -5, -2, -4, -6, -4, -4, 1, 2, 5, -1, 6, -2, 3, -6, 3, 4, 0, 0, -6, 6, -5, -4, -5, 6, -6, -1, 5, 5, -6, 4, -6, 0, -3]
 
4.54671806965358: [-3, -6, 6, 1, -1, -6, -2, 2, 1, -4, -2, 1, -3, -4, 4, 4, 3, 2, 0, 4, 1, -4, 1, 6, -6, -4, 3, -1, 0, -6, 3, -6, 5, -5, 6, -4, -6, -1, 4, 5, -6, 4, -2, 5, -6, 0, 6, 6, 3, 4, 4, 5, -2, -6, -2, 6, -6, -4, 5, -2, 0, -2, 0, 5, -6, -6, -4, -6, -6, 4, -5, -2, -2, 4, 2, 1, -3, 4, -3, 4, 6, -3, 3, -6, 3, 4, -3, 2, 3, 0, 5, 5, 3, 0, 6, -4, 2, -4, -6, -4, -4, -6, 2, -1, -6, -2, -6, 6, 4, -3, 4, 1, 0, 4, 6, -1, -1, -5, 6, 4, -1, -4, 1, 1, 1, -3, -4, 2]
 
1.1786850311448356: [-2, -6, 0, 1, -1, -6, -3, 2, 5, -4, 3, 1, -2, 4, 2, -6, 3, 2, 5, 4, -3, -1, 1, -3, -2, -5, 3, -5, -5, 0, 6, 0, 0, -2, -1, 0, -6, -5, 4, -5, -4, 4, 2, 1, 2, 0, 3, -4, -5, 6, 2, -1, -4, -1, -2, 6, -6, -4, 5, -2, -3, -2, 0, 6, -6, -6, -4, -6, 0, 3, -5, -2, 5, -1, 2, 4, 2, 4, 3, -4, 6, -3, 3, -6, -2, 0, -3, 5, -1, 0, -6, 6, 3, -4, 6, -4, 2, -1, 1, 1, 6, -6, -3, -1, -1, -2, -6, 6, 3, -3, -3, -3, 0, 4, 2, -4, -1, -5, 6, 4, -1, 5, 5, -6, 4, -6, 6, 4]
 
1.3553350097944685: [-2, -6, 0, 1, -1, -6, -3, 2, 5, -4, 3, 1, -2, 4, 2, -6, 3, 2, 5, 4, -3, -1, 1, -3, -2, -5, 3, -5, -5, 0, 6, 0, 0, -2, -1, 0, -4, -6, 4, 2, -2, 3, -1, -3, -4, -1, 1, 3, -5, 2, 4, -1, -4, -3, 3, 6, -6, 3, 1, -2, 1, -2, 0, 5, -6, -6, 5, -5, -6, 4, -5, -2, 3, -1, 5, -2, -4, 5, 1, -4, 6, -3, 3, -6, 3, 4, -3, 2, 3, 0, 5, 5, 3, 0, 6, -4, 2, -4, -6, -4, -4, -6, 2, -1, -6, -2, -6, 6, 4, -3, 4, 1, 0, 4, 6, -1, -1, -5, 6, 4, -1, 5, 5, -6, 4, -6, 6, 4]
 
1.63470360752: [-3, -6, 6, 1, -1, 3, -2, 2, 1, -4, -2, 1, -3, -4, 4, 4, 3, -5, 0, 4, 2, 0, -1, 6, 4, -4, 6, -4, 0, -6, 3, -6, 5, 4, 6, -4, 0, -1, 1, 5, -4, 4, -5, 5, -2, 0, -6, 0, -2, 0, 4, -1, -1, -1, -2, -4, 2, -4, -2, -2, 3, 3, 0, -3, -6, 3, -4, -5, -6, -2, -5, 5, 5, 3, -4, 1, -5, 5, 3, 4, 6, -3, 5, 2, 3, 4, -3, 2, 3, 0, -6, 3, 3, 4, 6, -4, -3, -1, 1, 3, -4, -6, 1, -1, -1, -2, -6, 6, -1, -3, -3, 0, 3, -5, 2, -4, -1, -1, 6, -1, 4, 5, -3, -6, 1, 1, 6, -2]
 
1.9636981124081538: [4, -6, 6, 1, -1, -6, -2, 2, 1, -4, -2, 1, -3, -4, 4, 4, 3, 2, 0, 4, 1, -4, 1, 6, -6, -4, 3, -1, 0, -6, 3, -6, 5, -5, 6, -4, -6, -1, 4, 5, -6, 4, -2, 5, -6, 0, 6, 6, 3, 4, 4, 2, -4, 6, 5, 1, -6, 2, 1, -2, 1, -2, 0, 5, -6, -6, 5, -5, -6, 4, -5, -2, 3, -1, 5, -2, -4, 5, 1, -4, 6, -3, 3, -6, 3, 4, -3, 2, 3, 0, 5, 5, 3, 0, 6, -4, 2, -4, -6, -4, -4, -6, 2, -1, -6, -2, -6, 6, 4, -3, 4, 1, 0, 4, 6, -1, -1, -5, 6, 4, -1, 5, 5, -6, 4, -6, 6, 4]
 
0.44494970699: [6, -6, 6, -6, -1, -3, 1, 2, -6, -4, -2, 2, -3, -6, -6, -2, 2, 2, -4, 6, -5, 5, 1, -2, -2, -5, -3, -1, -3, 0, 6, -2, -4, -1, 6, 5, -6, 0, 4, 5, 1, 4, -2, 5, -2, 0, 6, 6, -1, 1, -6, -5, -5, 6, -3, 6, -6, -4, -6, -2, 0, -2, 0, 5, 1, 4, -6, -6, -6, 4, 0, -2, 4, 4, 2, 1, 5, 4, -3, 4, 3, 3, 3, -6, -1, 0, -6, 2, 3, -3, 5, -4, -2, 0, 6, 2, 2, -4, 1, -4, 6, 3, -5, -1, -6, 4, 6, -3, 5, -3, -4, -4, -1, 0, -4, -1, -1, -2, 1, 3, 1, -4, 5, 3, 4, -6, 6, 4]
 
3.005628839781832: [-3, -6, 6, 1, -1, -6, -2, 2, 1, -4, -2, 1, -3, -4, 4, 4, 3, 2, 0, 4, 1, 0, -1, 6, -2, -4, 6, -1, 0, -6, 3, -6, 5, -5, 6, -4, 0, -1, 4, 5, -4, 4, -5, 5, -4, 0, -6, 6, -5, 6, 4, 5, 5, -6, -2, 6, 0, -4, 5, -4, -3, -1, 0, 6, -6, -6, -4, 0, 0, 3, -5, 5, 5, 5, 2, -4, 2, 4, 3, -4, 6, -3, 3, -6, 3, 4, -3, 2, 3, 0, 5, 5, 3, 0, 6, -4, 2, -4, -6, -4, -4, -6, 2, -1, -6, -2, -6, 6, 4, -3, 4, 1, 0, 4, 6, -1, -1, -5, 6, 4, -1, 5, 5, -6, 4, -6, 6, 4]
 
1.9090385205249372: [-3, -6, 6, 1, -1, -3, -2, -6, 1, -4, -2, 1, -3, -4, 4, 4, 3, 5, 0, 4, 1, -3, -1, 6, -2, -4, 6, -1, 0, -6, 3, -6, 5, -5, 6, -4, 0, -1, 4, 5, -4, 4, -5, 5, -4, 0, -6, 6, -5, 6, 4, 5, 5, 3, -2, 6, 3, 1, 5, -5, -3, -1, 0, 5, -6, -6, 0, -1, -1, 4, -5, 1, 1, -5, 2, -2, -3, 4, -3, 4, 6, 5, 3, -6, 3, 4, -3, 2, 3, 0, 5, -3, 3, 0, 6, -4, 2, -5, -6, 1, -1, -6, 2, -2, 2, -2, -6, 6, 4, -3, 4, 1, 0, 4, 6, -1, -1, -5, 6, 4, -1, 5, 5, -6, 4, -6, 6, 4]
 
3.0745192220901454: [-2, -6, 0, 1, -1, -6, -3, 2, 5, -4, 3, 1, -2, 4, 2, -6, 3, 2, 5, 4, -3, -1, 1, -3, -2, -5, 3, -5, -5, 0, 6, 0, 0, -2, -1, 0, -4, -6, 4, 2, -2, 3, -1, -3, -4, -1, 1, 3, 1, 2, 4, -1, -4, 6, -2, 6, -6, 5, 5, -2, -3, 4, 0, -3, -6, -6, -4, -6, -6, 1, -5, 5, 5, -4, 5, -5, -4, 3, 1, -4, 6, -5, -4, 0, 2, -3, 5, -1, -1, 5, -3, 6, 2, 6, -2, -5, -2, -4, -6, -4, -4, 1, 2, 5, -1, 6, -2, 3, -6, 3, 4, 0, 0, -6, 6, -5, -4, -5, 6, -6, -1, 5, 5, -6, 4, -6, 0, -3]
 
1.24462841529: [4, -1, 6, 6, -1, -4, 3, 2, 3, 4, 3, 2, -3, 3, -2, 6, -2, -1, -4, 5, 4, -1, 1, 3, -4, -2, 3, -1, -2, 3, 6, -5, 0, 2, 6, -1, -2, -6, -2, -5, -4, 4, 2, 1, 2, 0, 3, -4, -5, 6, 2, -1, -4, -1, -2, 6, -6, -4, 5, -2, -3, -2, 0, 6, -6, -6, -4, -6, 0, 3, -5, -2, 5, -1, 2, 4, 2, 4, 3, -4, 6, -3, 3, -6, -2, 0, -3, 5, -1, 0, -6, 6, 3, -4, 6, -4, 2, -1, 1, 1, 6, -6, -3, -1, -1, -2, -6, 6, 3, -3, -3, -3, 0, 4, 2, -4, -1, -5, 6, 4, -1, 5, -3, -6, 4, -6, 6, 6]
 
0.454842018811: [-6, -6, 0, 2, -1, 6, -3, 2, 5, -4, -3, 1, -2, 4, 2, -6, 3, 2, 5, 4, -3, -1, 1, -2, -2, -5, 3, 0, 0, 0, 6, 1, 0, 3, -1, 0, -6, -5, 4, 5, 6, 6, -1, -3, -6, 0, 1, 0, -4, -4, 6, 3, -5, -6, 2, 6, 4, -4, -1, -5, 0, -5, -2, 4, 4, -6, 1, 4, -5, 4, -3, -6, 2, -1, -4, -4, -3, 5, -3, -1, -3, -1, 0, -4, 5, -4, 0, 2, 4, 6, 5, -6, -4, 5, 6, 2, -5, 5, -1, 0, -2, -5, -3, -1, 6, -5, 2, 5, -6, 2, -4, 0, -1, -3, 1, 1, -1, 1, 1, 5, 4, -2, 4, 4, 4, 6, 5, -2]
 
3.08656245321: [-3, -6, 6, -6, -1, -3, -2, 2, -6, -4, -2, 2, -3, -3, -6, 6, 2, 2, -4, 3, -6, 2, 1, 6, -2, -5, 3, -1, -5, 0, 6, -5, 0, 5, 6, 5, -4, 0, 4, 2, -2, 4, -1, 0, -4, -1, 1, 6, 1, 2, 4, -1, -4, 6, -2, 6, -6, 5, 5, -2, -3, 4, 0, -3, -6, -6, -4, -6, -6, 1, -5, 5, 5, -4, 5, -5, -4, 3, 1, -4, 6, -5, -4, 0, 2, -3, 5, -1, -1, 5, -3, 6, 2, 6, -2, -5, -2, -4, -6, -4, -4, 1, 2, 5, -1, 6, -2, 3, -6, 3, 4, 0, 0, -6, 6, -5, -4, -5, 6, -6, -1, 5, 5, -6, 4, -6, 0, -3]
 
1.81142570765: [4, -6, 6, -6, -5, -6, -2, -2, -6, 6, -6, 2, 2, -3, -6, 2, 2, 2, -4, 3, -5, 2, 1, 6, -2, -5, 6, -1, -5, 0, 6, -5, 0, 5, 6, -6, -4, 0, 4, 2, -2, 4, -1, 0, -4, -1, 1, 6, -4, 2, 4, -1, -4, 6, -4, -6, -6, 5, 5, -2, -3, 4, 5, -3, -6, 3, -4, -6, -6, 6, -5, 5, 5, -4, -6, -5, -4, 4, 1, -4, 6, -5, -2, 0, 2, -3, 5, -1, -1, 1, -5, 6, 2, 6, 2, -5, -2, -4, 1, -1, -1, 1, 2, 2, -1, -6, -2, -1, -6, 3, 4, 0, 0, -6, -3, -5, -4, -5, 6, -6, -1, 5, 5, -3, -3, -6, 0, -3]
 
2.89292088197: [4, -6, 6, 1, -1, -6, -2, 2, 1, -4, -2, 1, -3, -4, 4, 4, 3, 2, 0, 4, 1, -4, 1, 6, -6, -4, 3, -1, 0, -6, 3, -6, 5, -5, 6, -4, -6, -1, 4, 5, -6, 4, -2, 5, -6, 0, 6, 6, 3, 4, 4, 2, -4, 6, 5, 1, -6, 2, 1, -2, 1, -2, 0, 5, -6, -6, 5, -5, -6, 4, -5, -2, 3, -1, 5, -2, -4, 5, 1, -4, 6, -3, 3, -6, 3, 4, -3, 2, 3, 0, 5, 5, 3, 0, 6, -4, 2, -4, -6, -4, -4, -6, 2, -1, -6, -2, -6, 6, 4, -3, 4, 0, 0, -6, 6, -5, -4, -5, 6, -6, -1, 5, 5, -6, 4, -6, 0, -3]
 
1.87301344517: [-3, -6, 6, -6, -1, -3, -2, 2, -6, -4, -2, 2, -3, -3, -6, 6, 2, 2, -4, 3, -6, 2, 1, 6, -2, -5, 3, -1, -5, 0, 6, -5, 0, 5, 6, 5, -4, 0, 4, 2, -2, 4, -1, 0, -4, -1, 1, 6, 1, 2, 4, -1, -4, 6, -2, 6, -6, 5, 5, -2, -3, 4, 0, -3, -6, -6, -4, -6, -6, 1, -5, 5, 5, -4, 5, -5, -4, 3, 1, -4, 6, -5, -4, 0, 2, -3, 5, -1, -1, 5, -3, 6, 2, 6, -2, -5, -2, -4, -6, -4, -4, 1, 2, 5, -1, 6, -2, 3, -6, 3, 4, 1, 0, 4, 6, -1, -1, -5, 6, 4, -1, 5, 5, -6, 4, -6, 6, 4]
 
2.21541291235: [-3, -6, 6, 1, -1, -3, -2, -6, 1, -4, -2, 1, -3, -4, 4, 4, 3, 5, 0, 4, 1, -3, -1, 6, -2, -4, 6, -1, 0, -6, 3, -6, 5, -5, 6, -4, 0, -1, 4, 5, -4, 4, -5, 5, -4, 0, -6, 6, -5, 6, 4, 5, 5, 3, -2, 6, 3, 1, 5, -5, -3, -1, 0, 5, -6, -6, 0, -1, -1, 4, -5, 1, 1, -5, 2, -2, -3, 4, -3, 4, 6, 5, 3, -6, 3, 4, -3, 2, 3, 0, 5, 5, 3, 0, 6, -4, 2, -4, -6, -4, -4, -6, 2, -1, -6, -2, -6, 6, 4, -3, 4, 1, 0, 4, 6, -1, -1, -5, 6, 4, -1, -4, 1, 1, 1, -3, -4, 2]
 
2.62609557888: [-3, -6, 6, 1, -1, -6, -2, 2, 1, -4, -2, 1, -3, -4, 4, 4, 3, 2, 0, 4, 1, -4, 1, 6, -6, -4, 3, -1, 0, -6, 3, -6, 5, -5, 6, -4, -6, -1, 4, 5, -6, 4, -2, 5, -6, 0, 6, 6, 3, 4, 4, 5, -2, -6, -2, 6, -6, -4, 5, -2, 0, -2, 0, 5, -6, -6, -4, -6, -6, 4, -5, -2, -2, 4, 2, 1, -3, 4, -3, 4, 6, -3, 3, -6, 3, 4, -3, 2, 3, 0, 5, -3, 3, 0, 6, -4, 2, -5, -6, 1, -1, -6, 2, -2, 2, -2, -6, 6, 4, -3, 4, 1, 0, 4, 6, -1, -1, -5, 6, 4, -1, 5, 5, -6, 4, -6, 6, 4]
 
-1000: [-3, -6, 6, 2, -1, -3, -2, -3, 1, 5, -4, 1, 5, -4, -1, 6, 3, -5, -4, 3, -6, 2, 1, 6, -2, -5, 3, -1, -5, 0, 6, -5, 0, 5, 6, 5, 2, 0, 4, 2, 0, 4, -1, -4, -4, -1, -1, 6, 1, 2, 4, -1, 1, 6, -2, -1, -5, -1, 5, -2, -3, 4, 0, -4, -6, -6, -4, -6, -6, 1, 4, 5, 5, -4, 5, -1, -4, 3, 1, -4, 6, -5, -4, 2, 2, -4, 1, -1, -1, 5, -3, 6, 2, 6, -2, -5, -2, -3, -6, -4, -2, 1, 2, 5, -1, 6, -2, 3, -6, 3, 4, -1, 0, -6, 6, -3, -4, -5, 6, -6, 3, 5, 3, -6, 6, -6, 0, -3]
 
1.46506563773: [-3, -6, 6, -6, -1, -3, -2, 2, -6, -4, -2, 2, -3, -3, -6, 4, 3, 5, 0, 4, 1, -3, -1, 6, -2, -4, 6, -1, -1, -6, 3, -6, 5, -5, 6, -4, -2, -1, 4, 5, 0, 3, 5, 5, 1, 0, -6, 6, 1, 6, 4, -1, -1, -6, -2, -4, -1, -4, -2, -4, 0, 3, 1, -3, -3, -4, 1, -6, -6, 3, 4, 5, 5, -2, 1, 1, -4, 5, 1, 0, 6, -5, -4, 0, 2, -3, 0, -1, -6, -5, 1, 1, -5, 6, -6, -5, -2, -4, -6, 1, -5, 1, 2, 2, 6, -6, -2, 6, -6, 3, 4, 4, -1, 6, 5, -5, -4, -5, 6, 5, -1, -5, 5, -6, -4, -2, 0, -3]
 
1.24260441127: [-3, -6, 6, 1, -1, -6, -2, 2, 1, -4, -2, 1, -3, -4, 4, 4, 3, 2, 0, 4, 1, 0, 1, 6, -2, -4, 6, -1, -5, 5, 5, 0, -6, -5, 6, -2, -4, -4, 6, 2, -6, 4, -3, 5, 4, 0, 6, 6, -5, 6, 4, -1, -4, 6, -2, 6, -6, -4, 5, -2, -3, -2, 0, 6, -6, -6, -4, -6, 0, 3, -5, -2, 5, -1, 2, 4, 2, 4, 3, -4, 6, -3, 3, -6, -2, 0, -3, 5, -1, 0, -6, 6, 3, -4, 6, -4, 2, -1, 1, 1, 6, -6, -3, -1, -1, -2, -6, 6, 3, -3, -3, -3, 0, 4, 2, -4, -1, -5, 6, 4, -1, 5, 5, -6, 4, -6, 6, 4]
 
1.72167112832: [-2, -6, 0, 1, -1, -6, -3, 2, 5, -4, 3, 1, -2, 4, 2, -6, 3, 2, 5, 4, -3, -1, 1, -3, -2, -5, 3, -5, -5, 0, 6, 0, 0, -2, -1, 0, -6, -5, 4, -5, -4, 4, 2, 1, 2, 0, 3, -4, -5, 6, 2, -1, -4, -1, -2, 6, -6, -4, 5, -2, -3, -2, 0, 5, -6, -6, -4, -6, -6, 4, -5, -2, -2, 4, 2, 1, -3, 4, -3, 4, 6, -3, 3, -6, 3, 4, -3, 2, 3, 0, 5, 5, 3, 0, 6, -4, -2, -4, -6, -4, -4, 1, 2, 5, -1, 6, -2, 3, -6, 3, 4, 0, 0, -3, -4, 3, -4, -5, -6, -6, -1, 5, 5, -6, 2, -6, 5, -3]
 
3.03846635902: [-3, -6, 6, -6, -1, -3, -2, 2, -6, -4, -2, 2, -3, -3, -6, 6, 2, 2, -4, 3, -6, 2, 1, 6, -2, -5, 3, -1, -5, 0, 6, -5, 0, 5, 6, 5, -4, 0, 4, 2, -2, 4, -1, 0, -4, -1, 1, 6, 1, 2, 4, -1, -4, 6, -2, 6, -6, 5, 5, -2, -3, 4, 0, -3, -6, -6, -4, -6, -6, 1, -5, 5, 5, -4, 5, -5, -4, 3, 1, -4, 6, -5, -4, 0, 2, -3, 5, -1, -1, 5, -3, 6, 2, 6, -2, -5, -2, -4, -6, -4, -4, 1, 2, 5, -1, 6, -2, 3, -6, 3, 4, 0, 0, -6, 6, -5, -4, -5, 6, -6, -1, 5, 5, -6, 4, -6, 0, -3]
 
3.0265988208: [4, -6, 6, -6, -1, -3, -2, 2, -6, -4, -2, 2, -3, -3, -6, 6, 2, 2, -4, 3, -6, 2, 1, 6, -2, -5, 3, -1, -5, 0, 6, -5, 0, 5, 6, 5, -4, 0, 4, 2, -2, 4, -1, 0, -4, -1, 1, 6, 1, 2, 4, -1, -4, 6, -2, 6, -6, 5, 5, -2, -3, 4, 0, -3, -6, -6, -4, -6, -6, 1, -5, 5, 5, -4, 5, -5, -4, 3, 1, -4, 6, -5, -4, 0, 2, -3, 5, -1, -1, 5, -3, 6, 2, 6, -2, -5, -2, -4, -6, -4, -4, 1, 2, 5, -1, 6, -2, 3, -6, 3, 4, 0, 0, -6, 6, -5, -4, -5, 6, -6, -1, 5, 5, -6, 4, -6, 0, -3]
 
2.11626049863: [4, -6, 6, -6, -1, -3, -2, 2, -6, -4, -2, 2, -3, -3, -6, 6, 2, 2, -4, 3, -6, 2, 1, 6, -2, -5, 3, -1, -5, 0, 6, -5, 0, 5, 6, 5, -4, 0, 4, 2, -2, 4, -1, 0, -4, -1, 1, 6, 1, 2, 4, -1, -4, 6, -2, 6, -6, -4, 5, -2, -3, -2, 0, 6, -6, -6, -4, -6, 0, 3, -5, -2, 5, -1, 2, 4, 2, 4, 3, -4, 6, -3, 3, -6, -2, 0, -3, 5, -1, 0, -6, 6, 3, -4, 6, -4, 2, -1, 1, 1, 6, -6, -3, -1, -1, -2, -6, 6, 3, -3, -3, -3, 0, 4, 2, -4, -1, -5, 6, 4, -1, 5, 5, -6, 4, -6, 6, 4]
 
2.09573629722: [-3, -6, 6, 1, -1, -6, -2, 2, 1, -4, -2, 1, -3, -4, 4, 4, 3, 2, 0, 4, 1, 0, 1, 6, -2, -4, 6, -1, -5, 5, 5, 0, -6, -5, 6, -2, -4, -4, 6, 2, -6, 4, -3, 5, 4, 0, 6, 6, -5, 6, 4, -1, -4, 6, -2, 6, -6, 5, 5, -2, -3, 4, 0, -3, -6, -6, -4, -6, -6, 1, -5, 5, 5, -4, 5, -5, -4, 3, 1, -4, 6, -5, -4, 0, 2, -3, 5, -1, -1, 5, -3, 6, 2, 6, -2, -5, -2, -4, -6, -4, -4, 1, 2, 5, -1, 6, -2, 3, -6, 3, 4, 0, 0, -6, 6, -5, -4, -5, 6, -6, -1, 5, 5, -6, 4, -6, 0, -3]
 
1.74895160883: [-3, -6, 6, 1, -1, -3, -2, -6, 1, -4, -2, 1, -3, -4, 4, 6, 2, 2, -4, 3, -6, 2, 1, 6, -2, -5, 3, -1, -5, 0, 6, -5, 0, 5, 6, 5, -4, 0, 4, 2, -2, 4, -1, 0, -4, -1, 1, 6, 1, 2, 4, -1, -4, 6, -2, 6, -6, 5, 5, -2, -3, 4, 0, -3, -6, -6, -4, -6, -6, 1, -5, 5, 5, -4, 5, -5, -4, 3, 1, -4, 6, -5, -4, 0, 2, -3, 5, -1, -1, 5, -3, 6, 2, 6, -2, -5, -2, -4, -6, -4, -4, 1, 2, 5, -1, 6, -2, 3, -6, 3, 4, 0, 0, -6, 6, -5, -4, -5, 6, -6, -1, 5, 5, -6, 4, -6, 0, 4]
 
2.92015158559: [-3, -6, 6, 1, -1, -6, -2, 2, 1, -4, -2, 1, -3, -4, 4, 4, 3, 2, 0, 4, 1, 0, -1, 6, -2, -4, 6, -1, 0, -6, 3, -6, 5, -5, 6, -4, 0, -1, 4, 5, -4, 4, -5, 5, -4, 0, -6, 6, -5, 6, 4, 5, 5, -6, -2, 6, 0, -4, 5, -4, -3, -1, 0, 6, -6, -6, -4, 0, 0, 3, -5, 5, 5, 5, 2, -4, 2, 4, 3, -4, 6, -3, 3, -6, 3, 4, -3, 2, 3, 0, 5, 5, 3, 0, 6, -4, 2, -4, -6, -4, -4, -6, 2, -1, -6, -2, -6, 6, 4, -3, 4, 1, 0, 4, 6, -1, -1, -5, 6, 4, -1, 5, 5, -6, 4, -6, 6, -3]
 
-1000: [-3, -6, 3, 1, -1, -6, -2, 2, 1, -5, -3, -1, -5, -4, 4, 4, 3, -4, 0, 4, 1, -1, 1, -4, -4, -2, 3, -1, -2, 3, 6, -5, 0, 2, -5, 3, -2, 1, -2, -5, -4, -1, -6, 1, 5, 0, 3, -4, -5, 6, -6, -1, -4, -1, -2, 4, -6, -4, 5, -2, -3, -2, 0, 6, 6, 3, -4, -6, 0, 3, -5, -2, 5, -1, 2, 4, 2, 4, 3, -4, 6, 3, 6, -6, -2, 5, 2, 5, -1, 0, -6, 6, -2, -4, 6, -4, 2, -6, -5, 1, 6, -6, -3, -1, -6, -2, -6, 6, 3, 5, -3, -3, 0, 0, 2, -4, -5, -5, 6, 4, -1, 5, -3, -6, 4, -6, 6, 6]
 
0.522107463256: [4, -1, 6, 6, -1, -4, -6, 2, 1, 1, 3, 2, -3, 3, -2, 6, -2, 0, 6, -3, -1, 0, 1, -5, -2, -2, 6, -1, -5, 5, 5, 0, 6, -5, 6, -2, 1, -4, 6, 2, 5, 4, 0, 5, -6, 0, 6, 6, -6, 6, 4, 6, -4, 6, -2, 1, -6, 2, -2, -2, -3, -2, 0, 5, -6, -6, -4, -6, -6, 6, -5, -2, -2, 4, 2, 1, -3, 2, -3, 4, 1, -3, 3, -4, 3, 4, -1, 2, -6, 0, -2, -5, 3, 0, 6, -4, -2, 5, -6, -1, -4, 0, 2, 5, -1, 6, -2, 3, -6, 3, 2, 0, 0, -3, 5, 3, -4, -5, -6, -6, -1, 5, 5, -6, 2, -4, 5, -3]
 
0.983093823942: [-4, -5, 6, 1, 0, 0, 0, 2, -5, -4, 0, 1, -3, -4, -4, 4, 3, 2, 0, 4, 1, 0, 4, 6, -2, -4, 6, 0, 0, -6, 3, -4, -2, -5, 0, -4, 0, -1, -3, 5, 5, 4, -1, 0, -4, -2, -4, 6, 3, 4, -1, 5, -2, -6, -2, 6, -4, -4, 5, -2, 0, 5, 0, 5, -6, -6, -4, -6, -6, 4, -5, -2, -2, 4, 2, 0, -3, 4, -3, -3, 6, -3, 3, -6, 3, 4, -5, 6, -3, -1, 5, 5, -2, 0, 6, -2, 1, -4, -6, -4, -5, -6, 2, -3, -6, -2, -6, 6, 4, -3, 4, 1, 0, 4, 3, -1, -1, 6, 4, -4, -1, -4, 1, 1, 1, 2, -4, 2]
 
3.27758327344: [-3, -6, 6, 1, -1, -6, -2, 2, 1, -4, -2, 1, -3, -4, 4, 4, 3, 2, 0, 4, 1, -4, 1, 6, -6, -4, 3, -1, 0, -6, 3, -6, 5, -5, 6, -4, -6, -1, 4, 5, -6, 4, -2, 5, -6, 0, 6, 6, 3, 4, 4, 5, -2, -6, -2, 6, -6, -4, 5, -2, 0, -2, 0, 5, -6, -6, -4, -6, -6, 4, -5, -2, -2, 4, 2, 1, -3, 4, -3, 4, 6, -3, 3, -6, 3, 4, -3, 2, 3, 0, 5, 5, 3, 0, 6, -4, 2, -4, -6, -4, -4, -6, 2, -1, -6, -2, -6, 6, 4, -3, 4, 1, 0, 4, 6, -1, -1, -5, 6, 4, -1, 5, -3, -6, 4, -6, 6, 6]
 
1.28593814732: [4, -6, 6, -6, 4, -3, -2, 2, 4, -4, 6, 2, -1, -3, -6, 6, 2, 2, -5, 3, -5, 2, 1, -6, -2, -5, 3, -5, -5, 0, 4, 0, 0, -2, -1, 0, -6, -5, 4, 2, -2, 4, 2, 1, 2, 0, 3, -4, 6, 6, 2, -1, -4, -1, 1, 5, -6, -4, 5, -2, -3, 5, -6, 6, -6, -6, -4, -6, 0, 3, 5, 6, 5, -1, 2, -5, 2, 4, 3, -4, 6, -3, 3, 2, -2, 0, -3, 5, -1, -4, -6, 6, 3, -4, -3, -4, 2, 3, 1, 1, 6, -6, -3, -3, -5, -2, -6, -3, 3, -3, -3, -3, 2, 4, 2, -4, -1, -5, 6, 6, -1, 6, -3, 6, -2, -6, 6, 2]
 
2.17643689795: [-2, -6, 0, 1, -1, -6, -3, 2, 5, -4, 2, 1, -2, 4, 2, -1, 3, 2, -5, 4, -3, -2, 1, 1, -2, 4, 3, -6, -5, 3, 6, 3, 0, 5, 6, 5, -4, 0, 4, -6, -2, 4, -6, 2, -4, -1, 1, 6, 1, 2, 4, 2, -4, 6, -2, 6, -6, 4, 5, -2, 1, 4, 0, -3, -6, -3, -4, -6, -6, 1, 3, -2, 5, -4, 5, -6, -4, -6, 1, -4, 6, -5, 2, 0, 2, 4, 5, -1, -1, 5, -3, 6, 2, 6, 6, -5, -6, -4, -6, -6, -4, 1, 2, 5, -1, 6, -2, 3, -6, 3, 4, 0, -5, -6, 6, -5, -4, -5, 6, -6, -1, 5, 5, -6, -6, 0, 0, 5]
 
3.65551858257: [4, -6, 6, 1, -1, -6, -2, 2, 1, -4, -2, 1, -3, -4, 4, 4, 3, 2, 0, 4, 1, -4, 1, 6, -6, -4, 3, -1, 0, -6, 3, -6, 5, -5, 6, -4, -6, -1, 4, 5, -6, 4, -2, 5, -6, 0, 6, 6, 3, 2, 4, -1, -4, 6, -2, 6, -6, 5, 5, -2, -3, 4, 0, -3, -6, -6, -4, -6, -6, 1, -5, 5, 5, -4, 5, -5, -4, 3, 1, -4, 6, -5, -4, 0, 2, -3, 5, -1, -1, 5, -3, 6, 2, 6, -2, -5, -2, -4, -6, -4, -4, 1, 2, 5, -1, 6, -2, 3, -6, 3, 4, 0, 0, -6, 6, -5, -4, -5, 6, -6, -1, 5, 5, -6, 4, -6, 0, -3]
 
0.943118547987: [-2, -6, 0, 1, -1, -6, -3, 2, 5, -4, 3, 1, -2, 4, 2, -6, 3, 2, 5, 4, -3, -1, 1, -3, -2, -5, 3, -5, -5, 0, 6, 0, 0, -2, -1, 0, -4, -6, 4, 2, -2, 3, -1, -3, -4, -1, 1, 3, 1, 4, 4, 2, -4, 6, 5, 1, -6, 2, 1, -2, 1, -2, 0, 5, -6, -6, 5, -5, -6, 4, -5, -2, 3, -1, 5, -2, -4, 5, 1, -4, 6, -3, 3, -6, 3, 4, -3, 2, 3, 0, 5, 5, 3, 0, 6, -4, 2, -4, -6, -4, -4, -6, 2, -1, -6, -2, -6, 6, 4, -3, 4, 1, 0, 4, 6, -1, -1, -5, 6, 4, -1, 5, 5, -6, 4, -6, 6, 4]
 
3.04067858967: [-3, -6, 6, 1, -1, -6, -2, 2, 1, -4, -2, 1, -3, -4, 4, 4, 3, 2, 0, 4, 1, 0, -1, 6, -2, -4, 6, -1, 0, -6, 3, -6, 5, -5, 6, -4, 0, -1, 4, 5, -4, 4, -5, 5, -4, 0, -6, 6, -5, 6, 4, 5, 5, -6, -2, 6, 0, -4, 5, -4, -3, -1, 0, 6, -6, -6, -4, 0, 0, 3, -5, 5, 5, 5, 2, -4, 2, 4, 3, -4, 6, -3, 3, -6, 3, 4, -3, 2, 3, 0, 5, 5, 3, 0, 6, -4, 2, -4, -6, -4, -4, -6, 2, -1, -6, -2, -6, 6, 4, -3, 4, 1, 0, 4, 6, -5, -4, -5, 6, -6, -1, 5, 5, -6, 4, -6, 0, -3]
 
1.95011658949: [4, -6, 6, 1, -1, -6, -2, 2, 1, -4, -2, 1, -3, -4, 4, 4, 3, 2, 0, 4, 1, -4, 1, 6, -6, -4, 3, -1, 0, -6, 3, -6, 5, -5, 6, -4, -6, -1, 4, 5, -6, 4, -2, 5, -6, 0, 6, 6, 3, 2, 4, -1, -4, 6, -2, 6, -6, 5, 5, -2, -3, 4, 0, -3, -6, -6, -4, -6, -6, 1, -5, 5, 5, -4, 5, -5, -4, 3, 1, -4, 6, -5, -4, 0, 2, -3, 5, -1, -1, 5, -3, 6, 2, 6, -2, -5, -2, -4, -6, -4, -4, 1, 2, 5, -1, 6, -2, 3, -6, 3, 4, 0, 0, -6, 6, -1, -1, -5, 6, 4, -1, 5, 5, -6, 4, -6, 6, 4]
 
1.24983652791: [-2, -6, 0, 1, -1, -6, -3, 2, 5, -4, 3, 1, -2, 4, 2, -6, 3, 2, 5, 4, -3, -1, 1, -3, -2, -5, 3, -5, -5, 0, 6, 0, 0, -2, -1, 0, -6, -5, 4, -5, -4, 4, 2, 1, 2, 0, 3, -4, -5, 6, 2, -1, -4, -1, -2, 6, -6, -4, 5, -2, -3, -2, 0, 6, -6, -6, -4, -6, 0, 3, -5, -2, 5, -1, 2, 4, 2, 4, 3, -4, 6, -3, 3, -6, -2, 0, -3, 5, -1, 0, -6, 6, 3, -4, 6, -4, 2, -1, 1, 1, 6, -6, 2, -1, -6, -2, -6, 6, 4, -3, 4, 1, 0, 4, 6, -1, -1, -5, 6, 4, -1, 5, 5, -6, 4, -6, 6, 4]
 
2.43249585259: [4, -6, 6, 1, -1, -6, -2, 2, 1, -4, -2, 1, -3, -4, 4, 4, 3, 2, 0, 4, 1, -4, 1, 6, -6, -4, 3, -1, 0, -6, 3, -6, 5, -5, 6, -4, -6, -1, 4, 5, -6, 4, -2, 5, -6, 0, 6, 6, 3, 4, 4, 2, -4, 6, 5, 1, -6, 2, 1, -2, 1, -2, 0, 5, -6, -6, 5, -5, -6, 4, -5, -2, 3, -1, 5, -2, -4, 5, 1, -4, 6, -3, 3, -6, 3, 4, -3, 2, 3, 0, 5, 5, 3, 0, 6, -4, 2, -4, -6, -4, -4, -6, -3, -1, -1, -2, -6, 6, 3, -3, -3, -3, 0, 4, 2, -4, -1, -5, 6, 4, -1, 5, -3, -6, 4, -6, 6, 6]
 
1.23334233322: [-2, -6, 0, 1, -1, -6, -3, 2, 5, -4, 3, 1, -2, 4, 2, -6, 3, 2, 5, 4, -3, -1, 1, -3, -2, -5, 3, -5, -5, 0, 6, 0, 0, -2, -1, 0, -4, -6, 4, 2, -2, 3, -1, -3, -4, -1, 1, 3, 1, 2, 4, -1, -4, 6, -2, 6, -6, 5, 5, -2, -3, 4, 0, -3, -6, -6, -4, -6, 0, 3, -5, -2, 5, -1, 2, 4, 2, 4, 3, -4, 6, -3, 3, -6, -2, 0, -3, 5, -1, 0, -6, 6, 3, -4, 6, -4, 2, -1, 1, 1, 6, -6, -3, -1, -1, -2, -6, 6, 3, -3, -3, -3, 0, 4, 2, -4, -1, -5, 6, 4, -1, 5, -3, -6, 4, -6, 6, 6]
 
3.9866509065: [4, -6, 6, -6, -1, -3, -2, 2, -6, -4, -2, 2, -3, -3, -6, 6, 2, 2, -4, 3, -6, 2, 1, -3, -2, -5, 3, -5, -5, 0, 6, 0, 0, -2, -1, 0, -6, -5, 4, -5, -4, 4, 2, 1, 2, 0, 3, -4, -5, 6, 2, -1, -4, -1, -2, 6, -6, -4, 5, -2, -3, -2, 0, 6, -6, -6, -4, -6, -6, 1, -5, 5, 5, -4, 5, -5, -4, 3, 1, -4, 6, -5, -4, 0, 2, -3, 5, -1, -1, 5, -3, 6, 2, 6, -2, -5, -2, -4, -6, -4, -4, 1, 2, 5, -1, 6, -2, 3, -6, 3, 4, 0, 0, -6, 6, -5, -4, -5, 6, -6, -1, 5, 5, -6, 4, -6, 0, -3]
 
