2.662972690318473: [5, -5, 0, -1, 4, -6, -6, -2, 4, -4, 2, -6, -6, 2, 4, 1, 0, 1, 4, 3, 3, -4, -2, -2, 2, -6, 3, 5, -4, 2, -2, -4, 6, -5, -1, -2, 1, 2, -2, 5, -4, 4, -6, -6, 6, 6, -5, 0, -6, 6, -5, -1, 6, 1, -1, -6, -2, 1, 6, -4, -6, 6, 0, 4, -2, 6, -4, 6, -6, -4, 6, -4, 5, 6, 6, -2, 2, 6, 2, 6, 1, -3, -4, -4, 3, -5, 1, -6, -4, 3, -1, 1, 5, -3, -2, -4, -2, -1, -6, 1, -4, -1, 5, -4, 6, -6, -1, 2, -2, 2, -3, 5, 6, 5, 5, -1, 6, -4, -3, -2, -4, 1, -6, -1, -5, 5, -1, 0]
 
1.4397621916364791: [1, -5, -2, 4, 4, 3, 6, 6, 4, 4, -5, 2, 4, 3, -3, -2, 2, 4, 0, -5, -1, -6, -2, -2, -3, 3, -2, -6, 0, 2, -5, 2, 6, -5, -1, -2, 5, 2, -2, 5, -4, 4, 3, -6, 6, 6, -5, -1, 4, 4, -5, -5, 6, -1, -1, -2, 5, 1, 0, -4, -6, -1, 0, -2, 4, -2, 4, -2, -6, -4, 6, -4, 5, 6, 6, -2, 2, 6, 2, 6, 1, -3, -4, -4, 3, -5, 1, -6, -4, 3, -1, 1, 5, -3, -2, -4, -2, -1, -6, 1, -4, 4, 2, 5, -4, 2, 0, 3, -6, 2, -3, 4, 6, 5, -3, 4, 6, -3, 0, 1, -6, 0, -5, -4, 0, 1, 5, 6]
 
2.1253348333102617: [-6, -1, -5, 3, 6, 6, 3, -6, 3, 6, -2, 5, 5, -3, 4, 1, -3, 0, 0, -5, -1, 5, 4, 6, 2, -6, 3, 5, -4, 2, -2, -4, 6, -5, -1, -2, 1, 2, -2, 5, -4, 4, -6, -6, 6, 6, -5, 0, -6, 6, -5, -1, 6, 1, -1, -6, -2, 1, 6, -4, -6, 6, 0, 4, -2, 6, 1, 6, 2, -1, 5, 3, -3, 5, 2, -4, 5, 6, -3, 2, -4, -5, -4, -6, 5, -5, -4, -6, -6, 2, 6, 5, -5, -5, -2, 1, 0, 2, 6, 3, 6, -1, 5, -4, 6, -6, -1, 2, -2, 2, -3, 5, 6, 5, 5, -1, 6, -4, -3, -2, -4, 1, -6, -1, -5, 5, -1, 0]
 
1.7483263930078263: [1, 3, 5, -6, 4, -6, -6, -2, 4, -4, 2, -6, -6, -6, -1, 2, -1, 5, 4, -6, -6, -6, -2, -2, -3, 3, -2, -6, 0, 2, -5, 2, 6, -5, -1, -2, 5, 2, -2, 5, -4, 4, 3, -6, 6, 6, -5, -1, 4, 4, -5, -5, 6, -1, -1, -2, 5, 1, 0, -4, -6, -1, 0, -2, 4, -2, 4, -2, -6, -4, 6, -4, 5, 6, 6, -2, 1, 6, -6, 5, 1, -3, -6, -2, 3, -5, 1, -6, -4, 6, 6, 1, 5, -3, -2, -4, -2, -3, -1, 1, -2, 4, 2, 5, -4, 2, 0, 3, -5, -1, -3, -1, 6, -5, -2, 4, 3, -3, 0, 1, -6, 0, 3, 2, 0, -2, 5, -4]
 
0.2551649238: [-6, -1, 6, 3, 6, -2, 3, -2, 3, -6, 2, -2, -5, -4, 4, 1, -5, 4, 0, -5, -1, -6, -3, -2, -3, 3, 3, -6, -1, 2, -6, 2, 6, 0, -4, -5, -1, 2, -2, 5, -4, -4, -2, -6, 6, 1, -5, -1, 4, 4, -5, 2, 6, -1, 1, -2, 5, 1, 0, -2, -6, 6, 0, -2, 4, -2, 4, -4, -2, -4, 6, -4, 5, 2, -5, -2, -1, 0, 2, 6, 1, 4, 3, -4, 3, -5, 1, -2, 1, -6, 4, 1, 3, -3, -2, 4, -2, -1, 3, 1, -4, 4, 6, 5, 4, -2, 0, 3, 0, 2, -1, -1, -4, 5, -5, 4, 6, -3, 0, -5, 1, -6, 2, 5, -4, 4, -1, 0]
 
1.8118028294399948: [-6, 4, -1, 0, -6, -4, 6, -3, -1, 4, 0, 0, -6, 4, -5, 0, -1, 0, -5, 3, 2, 0, -1, 3, 2, -4, 1, 4, -6, -2, 2, 5, -2, 2, 2, -2, 1, 2, 6, 5, 2, 4, -6, -1, 6, -6, -5, 0, -6, -5, 2, -1, 6, 1, -6, -6, -2, 1, 6, -4, -6, 6, 0, -3, -2, 6, -4, 6, -6, 4, 6, -1, -3, 1, -6, 1, 2, 6, 2, 6, 3, 2, -4, -4, 0, -5, 1, -6, -4, 3, -2, -2, 5, -3, -2, -2, -2, -1, -6, -1, 0, -5, 4, -3, -4, 2, -4, -1, -5, -6, 6, 5, -5, 4, 3, 5, 2, -6, 4, 1, -4, 1, 5, -3, 4, 3, 2, 1]
 
1.3002153655438444: [1, -5, -2, 4, 4, 3, 6, 6, 4, 4, -5, 2, 4, 3, -3, -2, 2, 4, 0, -5, -1, -6, -2, -2, -3, 3, -2, -6, 0, 2, -5, 2, 6, -5, -1, -2, 5, 2, -2, 5, -4, 4, 3, -6, 6, 6, -5, -1, 4, 4, -5, -5, 6, -1, -1, -2, 5, 1, 0, -4, -6, -1, 0, -2, 4, -2, 4, -2, -6, -4, 6, -4, 5, 6, 6, -2, 2, 6, 2, 6, 1, -3, -4, -4, 3, -5, 1, -6, -4, 3, -1, 1, 5, -3, -2, -4, -2, -1, -6, 1, -4, 4, 2, 5, -4, 2, 0, 3, -6, 2, -3, 4, 6, 5, -3, 4, 6, -3, 0, -2, -4, 1, -1, 5, -3, 4, -1, 0]
 
0.55903698071: [6, -6, -6, -6, -6, -6, -2, -3, 1, 6, 3, 0, 6, 2, 6, -6, -1, 6, -5, 6, 2, -5, -1, -1, 2, -3, 3, 1, -6, -2, 0, 5, -1, 6, 2, 6, 1, -3, 6, 1, 4, 1, 2, 5, 6, -4, -5, 6, -4, 2, 2, -2, 6, 1, 4, 4, -4, 1, 6, -4, -6, 6, -3, -3, 1, 1, -4, 6, -6, 4, 5, -1, -3, 1, 3, 1, 2, -3, 2, -4, 6, -1, 3, -4, -2, -5, -4, -6, -3, 0, 6, 5, -5, -1, 5, 1, 3, -4, 3, -4, -4, -3, 3, -4, 2, -6, 4, 5, -2, 6, -3, -4, -6, -4, 2, 1, 1, 6, -3, -2, -5, -5, 3, 6, -4, 5, -1, 0]
 
1.3114325797215742: [-6, 6, -1, -3, -6, -4, 6, -3, -1, -1, 0, 0, -1, 4, 1, 2, -1, 0, 4, 3, 2, 0, -5, 3, 2, -3, 2, 1, 2, -3, -4, -4, -2, 4, -3, -5, 1, -1, 0, -4, 2, 0, -3, -6, -4, 6, -1, -1, -2, 4, -6, 3, 5, 3, 2, -5, 4, -4, -4, 6, -3, 5, 0, 4, -3, 4, -4, -2, 2, 2, -2, 5, -2, 6, -2, -5, -5, 3, -6, -6, 0, -3, -2, -2, 1, 6, -5, 4, 0, 1, 5, 1, -2, -6, 5, 2, 5, -1, 4, 2, 0, -1, 5, 1, 2, -4, -1, -5, 4, 2, -6, 1, 3, -6, -1, 2, 2, -5, -1, -2, 4, 1, 5, 1, -6, 3, 2, 0]
 
2.30723607806795: [6, -4, 5, -6, 4, -6, 5, -2, 1, 1, 2, -6, -2, -4, -5, 1, 0, 4, 4, 3, 3, -6, 5, 2, -4, -3, 2, 5, -4, 2, -2, -4, 6, -5, -1, -2, 1, 2, -2, 5, -4, 4, -6, -6, 6, 6, -5, 0, -6, 6, -5, -1, 6, 1, -1, -6, -2, 1, 6, -4, -6, 6, 0, 4, -2, 6, -4, 6, -6, -4, 6, -4, 5, 5, 2, -4, 5, 6, -3, 2, -4, -5, -4, -6, 5, -5, -4, -6, -6, 2, 6, 5, -5, -5, -2, 1, 0, 2, 6, 3, 6, -1, 5, -4, 6, -6, -1, 2, -2, 2, -3, 5, 6, 5, 5, -1, 6, -4, -3, -2, -4, 1, -6, -1, -5, 5, -1, 0]
 
1.52500380041: [-6, 4, 3, 0, 0, -5, -6, -3, -1, 4, 0, 0, -6, 4, -5, -5, -1, -4, -5, 1, 6, 0, 6, -1, 2, -4, 1, 3, -6, -2, 0, 5, -2, 2, -3, 0, 1, 2, 0, 5, 2, -2, -6, -1, 6, -5, 6, -3, -5, 4, 2, -2, -5, 5, -6, -6, -2, 1, 6, -2, -6, 6, 0, -3, -2, 6, -4, -6, -6, 4, 6, -1, -3, 1, -6, 1, 3, 6, 2, 1, 3, 2, -4, -4, -5, -1, 1, 2, 4, 1, 6, 5, -5, -5, -6, 1, -3, 2, 6, 0, -1, 4, 2, 5, -4, 5, 0, 3, -6, 5, 3, 4, 6, 3, -3, -5, -4, 0, 5, 1, 4, 0, 6, 2, 0, 1, 5, 6]
 
1.48874160051: [5, -5, 0, -1, 4, -6, -6, -2, 2, 5, 2, -6, -3, 2, 4, 1, 1, 0, -5, 3, 2, 2, -1, 3, 2, 2, -5, 5, -6, -2, -5, 5, 3, 2, 4, -2, -1, 2, 6, -6, 2, -6, -6, -1, 6, -6, -2, 0, -6, 6, 2, -1, 6, -3, -6, -6, 3, 5, 2, 0, -6, 6, 0, -3, -2, 6, -4, -3, 5, 4, 6, 4, -3, -3, -6, -3, 2, 6, 2, 6, 3, 2, -4, 2, 0, -5, 2, -6, -4, 4, 4, -2, 5, -3, -2, 5, -2, -1, -3, -1, -1, -6, 4, -4, -4, 3, -2, -1, -5, -1, 6, 6, -5, 1, 3, 3, 2, -6, 4, 2, -4, 1, -1, -2, -1, 0, 1, 2]
 
1.4219479460694937: [6, -5, -5, 3, 6, -6, -6, -2, 3, -6, 2, -1, -5, -4, 4, 1, -5, 4, 0, -5, -1, 5, 1, 6, -2, -6, 4, -5, 6, 4, 5, 0, -6, -5, -1, -2, 5, 1, 3, -2, -5, 4, -2, -6, 3, 1, -1, -3, -5, 6, 4, -1, -4, 3, -2, 6, -6, -4, 5, -2, -3, -2, 0, 5, -6, -6, -4, -2, -4, -1, 6, 5, 5, -4, 5, -5, -4, 3, 6, -2, 1, -3, -4, 0, 1, -5, 1, -6, -4, 3, -1, 1, 5, -3, -2, -4, -2, -3, -1, 1, -2, 4, 2, 5, -4, 2, 0, 3, -5, -1, -3, -1, 6, -5, -2, 4, 3, -3, 0, 1, -6, 0, 3, 2, 0, -2, 5, -4]
 
2.1111718215249784: [-4, 6, 0, 6, 4, 2, -3, 4, -5, 4, -2, -5, -5, 2, -3, 3, 5, 4, -4, -4, 3, 2, -2, 1, 2, -5, -5, 2, -5, -4, -2, 0, -3, -5, -1, -6, 1, 2, -5, 5, -3, -6, 3, -6, -3, 6, -5, 0, 5, -3, 4, -3, 1, 1, 0, -2, 1, 1, 5, -4, -1, 6, 5, 4, -5, 1, -4, -2, -5, 1, 6, -2, 3, 4, -4, 3, -6, -4, -1, 0, 4, -5, -4, -6, -4, -5, -4, -6, -6, 3, 5, -1, 3, -5, -2, 1, -6, 0, -3, 3, -5, -1, 5, -4, 6, -5, -3, -5, 4, 2, 5, -4, 5, -4, -1, -2, -5, -5, 0, -1, 1, 1, 0, -3, -4, 3, 2, 1]
 
1.21227885994: [-6, 4, -1, 0, -6, -4, 6, -3, -1, 4, 0, 0, -6, 4, 0, 0, -1, 1, 2, 3, -3, -4, -2, -6, 3, -4, 3, 0, -4, 2, 6, -4, 6, -5, -1, -2, 6, 4, -2, -6, -4, -5, -6, -1, 4, -5, -5, 0, -6, 6, 0, -1, 6, 1, -1, -6, -2, 1, 3, -4, -6, 3, 2, 4, -2, 6, 5, -2, -6, -4, 0, -4, 0, 6, 0, 6, 0, -1, 1, 6, 6, -3, 0, -4, 2, -5, 1, -6, 4, 3, -1, 0, 5, -3, -2, 2, 4, -1, 4, -6, -4, 1, 2, 5, -4, 2, 0, -1, -6, -6, 6, 5, 0, 2, 3, 0, -4, -6, 4, -1, -4, -3, 5, -3, 4, 1, -5, 6]
 
1.6702343086828129: [5, -5, 0, -1, 4, -6, -6, -2, 4, -4, 2, -6, -6, 2, 4, 1, 0, 1, 4, 3, 3, -4, -2, -2, 2, -6, 3, 5, -4, 2, -2, -4, 6, -5, -1, -2, 1, 2, -2, 5, -4, 4, -6, -6, 6, 6, -5, 0, -6, 6, -5, -1, 6, 1, -1, -6, -2, 1, 6, -4, -6, 6, 0, 4, -2, 6, -4, 6, -6, -4, 6, -4, 5, 6, 6, -2, 2, 6, 2, 6, 1, -3, -4, -4, 3, -5, 1, -6, -4, 3, -1, 1, 5, -3, -2, -4, -2, -1, -6, 1, -4, 4, 2, 5, -4, 2, 0, 3, -6, 2, -3, 4, 6, 5, -3, 4, 6, -3, 0, 1, -6, 0, -5, -4, 0, 1, 5, 6]
 
1.9988208077985752: [-6, -3, 0, -3, 1, -6, -6, -2, 4, 5, 2, -5, 4, 2, -1, 2, 0, 5, -1, 0, 3, -4, 1, -2, 2, 0, 5, 4, -3, 4, 6, 2, -2, 2, -5, 4, 2, -5, -1, -1, 0, -2, -1, 5, 6, 1, 6, 0, -6, 6, -5, -1, 6, 1, -1, -6, -2, 1, 6, -4, -6, 6, 0, 4, -2, 6, -4, 6, -6, -4, 6, -4, -3, 5, 2, -4, 5, 6, -3, 2, -4, -5, -4, -6, 5, -5, -4, -6, -6, 2, 6, 5, -5, -5, -2, 1, 0, 2, 6, 3, 6, -1, 5, -4, 6, -6, -1, 2, -2, 2, -3, 5, 6, 5, 5, -1, 6, -4, -3, -2, -4, 1, -6, -1, -5, 5, -1, 0]
 
1.7817017816917593: [-6, -3, -5, 3, 6, -6, -6, -2, 3, -6, 2, -1, -5, -4, 4, 1, -5, 4, 0, -5, -1, 5, 1, 6, -2, -6, 4, -5, 6, 4, 5, 0, -6, -5, -1, -2, 5, 1, 3, -2, -5, 4, -2, -6, 3, 1, -1, -3, -5, 6, 4, -1, -4, 3, -2, 6, -6, -4, 5, -2, -3, -2, 0, 5, -6, -6, -4, -2, -4, -1, 6, 5, 5, -4, 5, -5, -4, 3, 6, -2, 1, -3, -4, 0, 1, 5, -3, -5, -3, 0, 3, 4, 5, 3, 2, -4, -2, -1, -6, 1, -4, 4, 2, 5, -4, 2, 0, 3, -6, 2, -3, 4, 6, 5, -3, 4, 6, -3, 0, 1, -6, 0, -5, -4, 0, 1, 5, 6]
 
1.8244929140201247: [6, -3, 5, -6, 4, -1, -1, -2, 1, 5, 2, -4, -3, 2, 4, 1, 0, -1, 4, 3, 3, -4, -3, -1, 4, -2, 3, -1, -2, 2, -2, -4, 5, 4, -1, -2, -5, 0, -2, 6, -4, 4, -6, -6, 6, 4, -5, 0, -6, 6, -5, -1, 6, 1, -1, -6, -2, 1, 6, -4, -6, 6, 0, 4, -2, 6, 1, 6, 2, -1, 5, 3, -3, 5, 2, -4, 5, 6, -3, 2, -4, -5, -4, -6, 5, -5, -4, -6, -6, 2, 6, 5, -5, -5, -2, 1, 0, 2, 6, 3, 6, -1, 5, -4, 6, -6, -1, 2, -2, 2, -3, 5, 6, 5, 5, -1, 6, -4, -3, -2, -4, 1, -6, -1, -5, 5, -1, 0]
 
0.6022904869477083: [-1, 3, 5, -4, 1, -2, -6, 4, 4, 6, 2, -3, -1, 2, 4, 1, 5, -5, -2, 3, 2, -4, -4, -2, 2, 1, 3, 2, 0, 2, -2, 6, 6, 0, -1, -2, 4, 2, -4, 5, -2, 5, -6, -6, -6, 6, -5, 0, -6, 6, 5, -1, 6, -3, -1, -2, -1, 1, 6, 3, -6, 6, 0, 4, -2, 4, -5, 6, -6, -3, 4, -4, 5, -6, -4, -2, 2, -5, -5, 4, 1, -3, -4, -4, -5, -2, 1, 6, 0, 3, -1, 4, 5, -3, -2, -6, -2, -1, -5, 1, -4, 4, 2, 5, -4, -2, 0, -5, -6, 2, -3, 3, 6, 5, -3, 4, -1, -3, 0, 1, -6, 0, -5, -4, -4, 6, -4, 6]
 
1.8268833351026164: [-6, -3, -5, 3, 6, -6, -6, -2, 3, -6, 2, -1, -5, -4, 4, 1, -5, 4, 0, -5, -1, 5, 1, 6, -2, -6, 4, -5, 6, 4, 5, 0, -6, -5, -1, -2, 5, 1, 3, -2, -5, 4, -2, -6, 3, 1, -1, -3, -5, 6, 4, -1, -4, 3, -2, 6, -6, -4, 5, -2, -3, -2, 0, 5, -6, -6, -4, -2, -4, -1, 6, 5, 5, -4, 5, -5, -4, 3, 6, -2, 1, -3, -4, 0, 1, 5, -3, -5, -3, 0, 3, 4, 5, 3, 2, -4, -2, -1, -6, 1, -4, 4, 2, 5, -4, 2, 0, 3, -2, 2, -3, 5, 6, 5, 5, -1, 6, -4, -3, -2, -4, 1, -6, -1, -5, 5, -1, 0]
 
1.2311082505641617: [6, 3, 5, -6, 4, -6, -6, -2, 4, -4, 2, -6, -6, 2, 4, 1, 0, 1, 4, 3, 3, -4, -2, -2, 2, -6, 3, 5, -4, 2, -2, -4, 6, -5, -1, -2, 1, 2, -2, 5, -4, 4, -6, -6, 6, 6, -5, 0, -6, 6, -5, 4, 6, 1, -1, -6, -2, -2, -5, -5, -6, 4, 0, 4, -2, 4, -1, 6, -3, -4, 4, -4, -6, 6, 6, -2, 2, 6, 2, 6, 1, -3, -5, -3, 3, -5, 1, -1, 3, -1, -1, 0, 1, -3, -2, 4, -1, 0, -6, -1, 4, -1, 4, 0, 2, 2, -5, -1, 3, -6, 6, 5, 3, 0, -4, 6, 2, -6, 4, 1, -4, 6, 5, -3, 4, 3, -2, 6]
 
2.0672444248414177: [0, -1, -5, 3, 2, -1, -6, -6, 2, 0, 2, 2, -2, 2, 2, 1, -4, -3, -4, 2, 3, -4, -5, -4, 2, -3, 5, 5, 5, -2, 2, 5, -2, 2, 2, -2, 1, 2, 6, 5, 2, 4, -6, -1, 6, -6, -5, 0, -6, -5, 2, -1, 6, 1, -6, -6, -2, 1, 6, -4, -6, 6, 0, -3, -2, 6, -4, 6, -6, 4, 6, -1, -3, 1, -6, 1, 2, 6, 2, 6, 3, 2, -4, -4, 0, -5, 1, -6, -4, 3, -2, -2, 5, -3, -2, -2, -2, -1, -6, -1, 0, -5, 4, -3, -4, 2, -4, -1, -5, -6, 6, 5, -5, 4, 3, 5, 2, -6, 4, 1, -4, 1, 5, -3, 4, 3, 2, 1]
 
1.3641436664992397: [-6, 4, -1, 0, -6, -4, 6, -3, -1, 4, 0, 0, -6, 4, -5, 0, -1, 0, -5, 3, 2, 0, -1, 3, 2, 0, 4, -5, 4, 4, 3, -3, -6, -5, -1, -2, 5, 3, 3, -2, -5, 4, -5, -6, 3, 1, -1, 3, 5, 6, 4, -1, -4, 5, -6, 6, -6, -4, 5, -2, -3, -3, 0, 5, -6, -6, -4, -6, -4, -1, 0, 5, -6, 0, 5, -5, -4, 3, -2, 0, 1, 0, 0, -6, 2, 6, -5, 4, 0, -1, 6, 1, -4, 3, 2, -4, 3, 5, -6, -5, 6, 4, -5, -2, 2, 0, -1, -5, 0, 2, 0, 1, 3, -3, 3, 4, 2, -1, 4, 4, -4, -6, -4, -2, -1, 3, 2, 0]
 
0.294611372391: [6, -1, 5, -6, 4, -5, -6, -2, 4, -4, 2, -6, -6, 2, 4, -6, 3, 1, -1, -3, 3, 4, 4, -2, -2, 2, 1, 4, -6, -6, 2, 5, -2, 5, 3, -2, 1, 2, 6, 5, 2, -2, -2, -1, 6, -6, -5, 0, 6, 4, 2, -1, -3, -1, -6, -6, -1, 1, 6, -4, -6, 6, 5, -3, -2, -5, 2, -1, -6, 4, -2, -6, -3, 1, -1, 1, 2, 1, 2, 6, 3, 2, -4, -6, 0, -5, 1, -6, -4, -6, -2, -2, 5, 3, 1, -2, -4, 5, -6, -1, 0, -5, 4, 3, -4, -2, 5, 0, 5, -6, -2, 0, -5, -6, 0, 5, -6, -4, 1, 1, -1, 1, 5, -3, 4, 3, -6, 1]
 
1.7784121174323042: [6, 3, 5, -6, 4, -6, -6, -2, 4, -4, 2, -6, -6, 2, 4, 1, 0, 1, 4, 3, 3, -4, -2, -2, 2, -6, 3, 5, -4, 2, -2, -4, 6, -5, -1, -2, 1, 2, -2, 5, -4, 4, -6, -6, 6, 6, -5, 0, -6, 6, -5, -1, 6, 1, -1, -6, -2, 1, 6, -4, -6, 6, 0, 4, -2, 6, -4, 6, -6, -4, 6, -4, 5, 6, 6, -2, 2, 6, 2, 6, 1, -3, -4, -4, 3, -5, 1, -6, -4, 3, -1, 1, 5, -3, -2, -4, -2, -3, -1, 1, -2, 4, 2, 5, -4, 2, 0, 3, -5, -1, -3, -1, 6, -5, -2, 4, 3, -3, 0, 1, -6, 0, 3, 2, 0, -2, 5, -4]
 
1.8520032477928545: [5, -5, 0, -1, 4, -6, -6, -2, 4, -4, 2, -6, -6, 2, 4, 1, 0, 1, 4, 3, 3, -4, -2, -2, 2, -6, 3, 5, -4, 2, -2, -4, 6, -5, -1, -2, 1, 2, -2, 5, -4, 4, -6, -6, 6, 6, -5, 0, -6, 6, -5, -1, 6, 1, -1, -6, -2, 1, 6, -4, -6, 6, 0, 4, -2, 6, -4, 6, -6, -4, 6, -4, 5, 6, 6, -2, 2, 6, 2, 6, 1, -3, -4, -4, 3, -5, 1, -6, -4, 3, -1, 1, 5, -3, -2, -4, -2, -1, -6, 1, -4, 4, 2, 5, -4, 2, 0, 3, -6, 2, -3, 4, 6, 5, -3, 4, 6, -3, 0, -2, -4, 1, -1, 5, -3, 4, -1, 0]
 
0.7156976693453629: [-6, -3, -5, 3, 6, -6, -6, -2, 3, -6, 2, -1, -5, -4, 4, 1, -5, 4, 6, -2, 2, -1, -1, 0, 0, 2, 6, -5, -5, 5, -4, -5, 6, -5, -1, -2, -2, 3, -2, 1, 6, 4, -1, -4, 5, 1, 1, -3, -5, 2, 4, -1, 1, 5, -2, -6, -2, 6, -1, -1, -6, 6, 0, 4, -2, 6, -3, 6, -6, 2, 6, -4, 5, 2, 0, -2, 2, 6, 2, 6, 5, -2, -4, -2, 3, -5, -1, 4, -1, 3, -1, 5, 0, -2, 6, -4, -2, 5, -6, -1, -4, -5, 4, 0, -6, 2, -4, -1, -6, -6, 6, 4, 6, 1, 5, 4, 1, -3, 2, 1, -6, 5, 2, -2, 4, -3, -5, 5]
 
0.9603543957651414: [1, -3, -2, 0, 0, 4, 0, 5, 4, 6, 1, -3, -4, -1, 2, 1, 0, 5, -2, -1, 3, -5, 0, -2, -4, -6, 3, 5, 6, 6, -1, -4, -6, -5, 0, -4, 4, -4, 3, 2, -4, -5, -6, -3, -2, -6, -1, 6, 3, 6, 3, 0, -6, 5, -2, 6, 2, 4, 6, -3, -3, 4, 0, 2, -6, 1, -2, 2, -6, 0, 6, 3, -3, -4, 2, -5, -4, 5, -6, -3, 1, -3, -4, -2, 3, -5, 1, -6, -4, 6, 6, 6, 5, -3, 4, -4, -2, -3, -1, 4, -2, -6, 2, -5, -4, 2, 0, 4, 4, -1, -3, -1, 6, 0, -2, 4, -6, -3, 0, 5, -6, -3, 3, 2, 0, -2, 5, -3]
 
1.4743105274650363: [6, 3, 5, -6, 4, -6, -6, -2, 4, -4, 2, -6, -6, 2, 4, 1, 0, 1, 4, 3, 3, -4, -2, -2, -2, 0, 4, -5, 4, 4, 3, -3, -6, -5, -1, -2, 5, 3, 3, -2, -5, 4, -5, -6, 3, 1, -1, 3, 5, 6, 4, -1, -4, 5, -6, 6, -6, -4, 5, -2, -3, -3, 0, 5, -6, -6, -4, -6, -4, -1, 0, 5, -6, 0, 5, -5, -4, 3, -2, 0, 1, 0, 0, -6, 2, 6, -5, 4, 0, -1, 6, 1, -4, 3, 2, -4, 3, 5, -6, -5, 6, 4, -5, -2, 2, 0, -1, -5, 0, 2, 0, 1, 3, -3, 3, 4, 2, -1, 4, 4, -4, -6, -4, -2, -1, 3, 2, 0]
 
0.833663926285: [6, -1, 0, 5, 3, -4, -6, 0, 4, -2, 2, -6, -3, 2, -1, 4, 0, 5, -1, 0, 6, -4, 1, -2, -2, 1, 5, 4, -3, 1, 6, 2, -2, 2, 4, 4, 2, -5, -1, 1, 0, -2, -5, -3, 1, 1, -5, 0, -6, 6, -6, -4, 6, 1, -4, -6, -2, 1, 0, -2, -6, 6, -2, 4, -2, 6, -4, 6, -6, -4, 6, -4, -4, 5, 2, -6, 5, 6, 1, 3, -4, 6, -4, -3, 5, -5, -1, -6, -6, 1, 6, 5, -5, -5, 0, 1, 0, 2, 6, 3, 6, -1, 5, -4, 6, -5, 5, 2, -2, 1, -3, -1, 1, 5, -1, -1, 6, -4, -3, -5, 5, 1, -5, -1, 0, -4, -1, 0]
 
2.175990390784513: [1, -5, -3, 0, -6, 2, 2, 6, -2, -3, 3, 6, -5, 2, -6, -2, -2, -2, 5, -2, -2, -3, 2, -6, -3, -2, 4, 4, 1, -6, 6, 2, 6, 4, -1, -2, -2, 6, -2, 2, -5, 4, -3, 5, 4, 2, -1, -6, -6, 6, 4, -6, -4, 3, 6, 1, 1, -4, 5, -6, -6, -2, 6, 1, -6, 4, -4, 3, -5, -5, 3, 5, 5, -1, 5, -5, 3, 3, 4, -2, -6, 6, 3, -5, 6, 5, -3, 2, 0, -1, 5, 5, 3, -1, 3, -5, -1, -2, -5, -6, 5, -2, 3, -1, -6, -2, -6, 6, 4, -3, 4, 1, 0, 4, 6, -1, -4, -6, 6, -5, -1, 6, 4, -6, -5, -4, -6, -6]
 
2.7705452723: [-6, -3, -5, 3, 6, -6, -6, -2, -1, 4, 0, 0, -6, 4, -5, 0, -1, 0, -5, 3, 2, 0, -1, 3, 2, -4, 1, 4, -6, -2, 2, 5, -2, 2, 2, -2, 1, 2, 6, 5, 2, 4, -6, -1, 6, -6, -5, 0, -6, -5, 2, -1, 6, 1, -6, -6, -2, 1, 6, -4, -6, 6, 0, -3, -2, 6, -4, 6, -6, 4, 6, -1, -3, 1, -6, 1, 2, 6, 2, 6, 3, 2, -4, -4, 0, -5, 1, -6, -4, 3, 6, 5, -5, -5, -2, 1, 0, 2, 6, 3, 6, 4, 2, 5, -4, 2, 0, 3, -6, 2, -3, 4, 6, 5, -3, 4, 6, -3, 0, 1, -6, 0, -5, -4, 0, 1, 5, 6]
 
0.887040293036: [-6, 2, -1, -3, -6, -4, 5, -6, -4, -6, 2, -1, 1, -4, 0, 0, -5, 4, 2, 3, 2, -5, -1, 0, 0, 5, 3, 6, 0, 5, -3, -5, 0, -1, 6, -2, -6, -5, -3, 1, 3, 4, 0, 3, -1, -4, 5, -4, -4, 2, 4, -1, 1, -2, -5, -6, 4, 6, -1, -1, 1, -5, 4, -5, 4, 6, -3, 6, -5, -1, 4, -4, -6, 1, 3, 2, -5, -3, 2, 6, 5, -6, 3, 3, 3, -5, -1, 3, -3, -4, -4, 0, -6, -1, 6, -4, -2, 5, -6, -1, 6, 4, 4, 0, 4, -1, -2, -1, -6, -6, 6, 1, 6, 4, -3, -6, 5, -6, -6, 1, -2, 5, 3, -5, -5, 2, -5, -5]
 
2.10719686428: [6, -5, 0, -3, 1, -6, -6, -2, 4, 5, 2, -5, 4, 2, -1, 2, 0, 5, -1, 0, 3, -4, 1, -2, 2, 0, 5, 4, -3, 4, 6, 2, -2, 2, -5, 4, 2, -5, -1, -1, 0, -2, -1, 5, 6, 1, 6, 0, -6, 6, -5, -1, 6, 1, -1, -6, -2, 1, 6, -4, -6, 6, 0, 4, -2, 6, -4, 6, -6, -4, 6, -4, -3, 5, 2, -4, 5, 6, -3, 2, -4, -5, -4, -6, 5, -5, -4, -6, -6, 2, 6, 5, -5, -5, -2, 1, 0, 2, 6, 3, 6, -1, 5, -4, 6, 0, -1, -5, 0, 2, 0, 1, 3, -3, 3, 4, 2, -1, 4, 4, -4, -6, -4, -2, -1, 3, 2, 0]
 
1.7491406302: [6, 3, 5, -6, 4, -6, -6, -2, 4, -4, 2, -6, -6, 2, 4, 1, 0, 1, 4, 3, 3, -4, -2, -2, -2, 0, 4, -5, 4, 4, 3, -3, -6, -5, -1, -2, 5, 3, 3, -2, -5, 4, -5, -6, 3, 1, -1, 3, 5, 6, 4, -1, -4, 5, -6, 6, -6, -4, 5, -2, -3, -3, 0, 5, -6, -6, -4, -6, -4, -1, 0, 5, -6, 0, 5, -5, -4, 3, -2, 0, 1, 0, 0, -6, 2, 6, -5, 4, 0, -1, 6, 1, -4, 3, 2, -4, 3, 5, -6, -5, 6, 4, -5, -2, 2, -6, -1, 2, -2, 2, -3, 5, 6, 5, 5, -1, 6, -4, -3, -2, -4, 1, -6, -1, -5, 5, -1, 0]
 
0.400797800205: [6, -1, 0, -1, 1, 6, -6, 6, 4, 5, 2, 5, -3, 2, -1, 2, -3, 5, -1, 0, 5, -4, 1, -2, -4, 0, 5, 4, -3, 0, 6, -1, 0, 5, 3, 4, 2, -5, -1, -3, 0, 5, -5, 5, -2, -2, -6, 0, -1, -3, -5, 2, 3, 1, 1, -1, -2, -2, 6, 4, -6, 6, 5, 4, 3, 6, -4, -2, -2, -3, 4, -4, 5, -6, -4, -2, 2, -5, -5, -3, 1, -3, -4, -6, -5, -2, 1, 6, 0, -6, -6, -6, 0, -3, -2, 2, -2, -1, -5, 1, -4, 4, 2, 5, -4, -2, 3, -3, -6, 2, -3, 3, 1, 5, -4, 4, 3, 1, 0, 1, -1, 0, -5, -4, 3, 6, -4, 6]
 
1.14673092544: [2, -2, 3, -4, 1, -2, -6, -3, 4, 5, 3, -3, -1, -1, 0, -1, 5, -4, -4, 3, 2, -4, 3, -2, 2, 1, 3, 2, 0, 2, -2, 6, 0, 0, -1, -2, 4, -4, -5, 5, -5, -6, 4, 1, -6, -5, -3, 0, -6, 6, 5, -1, 6, -4, -1, 3, -1, 1, 6, 3, -6, -4, 0, 4, -3, 4, 2, -5, 1, -4, 1, -2, -4, 5, 2, -4, 1, 2, -3, 2, -4, -5, -4, -6, 5, -1, -4, -2, -6, 2, 6, 4, -5, 2, -2, 1, 0, 2, 6, 3, 0, -1, 5, -4, 6, -6, 6, 2, -2, 3, -3, 5, 6, 5, 5, -1, 6, -2, 4, 5, 0, 5, -4, 0, -5, 0, -1, 0]
 
0.510630248055: [-1, 3, 5, -4, 1, -2, -6, 4, 4, 6, 2, -3, -1, 2, 4, 1, 5, -5, -2, 3, 2, -4, -4, -2, 2, 1, 3, 2, 0, 2, -2, 6, 6, 0, -1, -2, 4, 2, -4, 5, -2, 5, -6, -6, -6, 6, -5, 0, -6, 6, 5, -1, 6, -3, -1, -2, -1, 1, 6, 3, -6, 6, 0, 4, -2, 4, -5, 6, -6, -3, 4, -4, 5, -6, -4, -2, 2, -5, -5, 4, 1, -3, -4, -4, -5, -2, 1, 6, 0, 3, -1, 4, 5, -3, -2, -6, -2, -1, -5, 1, 0, -5, 4, -3, -4, 2, -4, -1, -5, -6, 6, 5, -5, 4, 3, 5, 2, -6, 4, 1, -4, 1, 5, -3, 4, 3, 2, 1]
 
0.29558768897: [3, 0, -5, 3, 2, 2, -4, -6, 2, 0, 2, -4, -2, 2, 5, 1, -4, -3, -1, 2, -5, -4, -5, -4, 2, 5, 5, 5, 5, -5, 2, 5, 4, 2, -2, -2, 3, 4, -1, 5, 2, -5, -4, 4, 6, -6, -5, 0, -6, -5, 2, 4, 4, 1, 3, -6, -2, 1, 6, 4, 6, 6, 0, 1, -2, 3, -4, -6, -6, -4, 6, 6, -3, 0, -6, 2, 0, -6, 4, -5, 3, 5, -4, -4, 0, -5, 1, -6, -5, 3, -2, -2, 2, -3, -2, -1, -2, -1, -6, -1, 4, 4, 2, 5, 4, 2, 0, -3, -6, 2, -3, 3, 6, 5, -3, -4, 1, -3, -3, 5, -6, 0, -3, 6, -3, -2, -4, 6]
 
2.06164844387: [-6, -1, -5, 3, 2, -1, -6, -6, 2, 0, 2, 2, -2, 2, 2, 1, -4, -3, -4, 2, 3, -4, -5, -4, 2, -3, 5, 5, 5, -2, 2, 5, -2, 2, 2, -2, 1, 2, 6, 5, 2, 4, -6, -1, 6, -6, -5, 0, -6, -5, 2, -1, 6, 1, -6, -6, -2, 1, 6, -4, -6, 6, 0, -3, -2, 6, -4, 6, -6, 4, 6, -1, -3, 1, -6, 1, 2, 6, 2, 6, 3, 2, -4, -4, 0, -5, 1, -6, -4, 3, -2, -2, 5, -3, -2, -2, -2, -1, -6, -1, 0, -5, 4, -3, -4, 2, -4, -1, -5, -6, 6, 5, -5, 4, 3, 5, 2, -6, 4, 1, -4, 1, 5, -3, 4, 3, 2, 1]
 
2.03693734963: [0, -3, -5, 3, 6, -6, -6, -2, 3, -6, 2, -1, -5, -4, 4, 1, -5, 4, 0, -5, -1, 5, 1, 6, -2, -6, 4, -5, 6, 4, 5, 0, -6, -5, -1, -2, 5, 1, 3, -2, -5, 4, -2, -6, 3, 1, -1, -3, -5, 6, 4, -1, -4, 3, -2, 6, -6, -4, 5, -2, -3, -2, 0, 5, -6, -6, -4, -2, -4, -1, 6, 5, 5, -4, 5, -5, -4, 3, 6, -2, 1, -3, -4, 0, 1, 5, -3, -5, -3, 0, 3, 4, 5, 3, 2, -4, -2, -1, -6, 1, -4, 4, 2, 5, -4, 2, 0, 3, -6, 2, -3, 4, 6, 5, -3, 4, 6, -3, 0, 1, -6, 0, -5, -4, 0, 1, 5, 6]
 
0.365937339872: [1, 1, -2, 2, 0, 4, -3, 3, -4, -4, 2, -6, -2, 5, 4, 4, 0, 1, -5, -6, 3, 1, -2, -1, -2, 5, -4, -5, -1, 4, -3, 2, -6, 6, -1, -2, 5, 3, 3, -4, -5, 4, -5, -6, -5, 0, -5, 4, 5, 6, 4, -1, -5, 5, -6, 6, -6, -4, 5, -2, -3, -3, 0, 2, -5, -6, 6, -6, -4, -1, 0, 5, 5, 0, -1, -5, -4, 4, -2, 0, 1, -4, 2, -6, 2, 6, -5, 4, 0, 0, 6, 1, -4, -3, 2, -4, 3, 5, -6, -3, 4, 4, -5, 2, 4, 0, -1, 2, 0, 2, 0, 1, 3, 5, 3, 1, 6, -3, 2, 4, 2, -6, 5, 6, 4, -6, 2, 0]
 
1.4658912168: [6, 3, 5, -6, 4, -6, -6, -2, 4, 6, 1, -3, -4, -1, 2, 1, 0, 5, -2, -1, 3, -5, 0, -2, -4, -6, 3, 5, 6, 6, -1, -4, -6, -5, 0, -4, 4, -4, 3, 2, -4, -5, -6, -3, -2, -6, -1, 6, 3, 6, 3, 0, -6, 5, -2, 6, 2, 4, 6, -3, -3, 4, 0, 2, -6, 1, -2, 2, -6, 0, 6, 3, -3, -4, 2, -5, -4, 5, -6, -3, 1, -3, -4, -2, 3, -5, 1, -6, -4, 6, 6, 6, 5, -3, 4, -4, -2, -3, -1, 4, -2, -6, 2, -5, -4, 2, 0, 4, 4, -1, -3, -1, 6, 0, -2, 4, -6, -3, 0, 5, -6, -3, 3, 2, 0, -2, 5, -3]
 
1.05172738335: [5, 4, 4, -6, -3, -6, -6, -3, 4, -4, 2, -6, -6, 2, 1, 1, 0, 1, 4, -4, 3, -4, 3, 5, -3, 0, 3, 5, -4, -5, -2, -1, 6, 2, -1, -2, 4, 2, -3, -5, -1, -5, -6, -3, -5, -5, 0, 6, 3, 3, 3, 0, -1, 5, -2, 6, 2, 4, -1, -3, 2, -4, 0, 2, -6, 6, -3, 6, -6, 0, 6, 3, 3, -4, 4, -5, -4, -4, 5, -3, 6, -3, -4, 3, -2, -5, 1, -6, -4, 6, 1, 6, -2, 3, -5, -6, -2, -3, 2, 5, -2, -3, 0, -5, -4, 2, 2, 4, 4, 3, -3, -1, 6, 0, -2, 4, -6, -2, -4, 5, -6, -3, 3, -1, 0, -2, 5, -3]
 
1.24080690353: [6, 3, 5, -6, 4, -6, -6, -2, 4, 6, 1, -3, -4, -1, 2, 1, 0, 5, -2, -1, 3, -5, 0, -2, -4, -6, 3, 5, 6, 6, -1, -4, -6, -5, 0, -4, 4, -4, -2, 5, -4, 4, -6, -6, 6, 6, -5, 0, -6, 6, -5, -1, 6, 1, -1, -6, -2, 1, 6, -4, -6, 6, 0, 4, -2, 6, -4, 6, -6, -4, 6, -4, 5, 6, 6, -2, 2, 6, 2, 6, 1, -3, -4, -4, 3, -5, 1, -6, -4, 3, -1, 1, 5, -3, -2, -4, -2, -3, -1, 1, -2, 4, 2, 5, -4, 2, 0, 3, -5, -1, -3, -1, 6, -5, -2, 4, 3, -3, 0, 1, -6, 0, 3, 2, 0, -2, 5, -4]
 
0.856016630511: [1, -5, -3, 0, -6, 2, -6, -2, 4, -4, 2, -6, -6, 2, 4, 1, 0, 1, 4, 3, 3, -4, -2, -2, 2, -6, 3, 5, -4, 2, -2, -4, 6, -5, -1, -2, 1, 2, 3, 2, -4, -5, -6, -3, -2, -6, -1, 6, 3, 6, 3, 0, -6, 5, -2, 6, 2, 4, 6, -3, -3, 4, 0, 2, -6, 1, -2, 2, -6, 0, 6, 3, -3, -4, 2, -5, -4, 5, -6, -3, 1, -3, -4, -2, 3, -5, 1, -6, -4, 6, 6, 6, 5, -3, 4, -4, -2, -3, -1, 4, -2, -6, 2, -5, -4, 2, 0, 4, 4, -1, -3, -1, 6, 0, -2, 4, -6, -3, 0, 5, -6, -3, 3, 2, 0, -2, 5, -3]
 
0.388396324853: [0, 3, 5, 5, 4, 4, 2, 6, 2, -6, -4, 0, -5, 2, -6, -2, -2, -2, 4, -2, 1, -3, -5, -6, -3, -2, 1, 3, 1, -6, 6, 2, 6, 4, -1, -2, -2, 6, -2, 2, -5, 4, 2, -2, 4, -5, -4, -6, -6, 3, 4, -6, -4, 3, 6, 1, 1, 2, 5, -6, -5, 1, 6, 1, -2, -4, -4, 3, -5, -5, 3, 5, -5, -1, 5, 4, 3, 3, 4, -2, -4, 6, 2, -5, 6, -6, -2, -6, 5, 0, 5, -5, 3, -4, 3, 0, 0, -2, -1, -6, 5, -2, -4, -1, -5, 2, 1, 6, -5, -3, 4, 1, 0, -1, 6, -1, -4, -6, 6, 5, -1, 6, 4, -4, -5, 0, -2, -6]
 
3.89471811944: [0, -3, -5, 3, 6, -6, -6, -2, 3, -6, 2, -1, -5, -4, 4, 1, -5, 4, 0, -5, -1, 5, 1, 6, -2, -6, 4, -5, 6, -6, 6, 2, 6, 4, -1, -2, -2, 6, -2, 2, -5, 4, -3, 5, 4, 2, -1, -6, -6, 6, 4, -6, -4, 3, 6, 1, 1, -4, 5, -6, -6, -2, 6, 1, -6, 4, -4, 3, -5, -5, 3, 5, 5, -1, 5, -5, 3, 3, 4, -2, -6, 6, 3, -5, 6, 5, -3, 2, 0, -1, 5, 5, 3, -1, 3, -5, -1, -2, -5, -6, 5, -2, 3, -1, -6, -2, -6, 6, 4, -3, 4, 1, 0, 4, 6, -1, -4, -6, 6, -5, -1, 6, 4, -6, -5, -4, -6, -6]
 
2.22085889722: [6, 3, 5, -6, 4, -6, 2, 6, -2, -3, 3, 6, -5, 2, -6, -2, -2, -2, 5, -2, -2, -3, 2, -6, -3, -2, 4, 4, 1, 4, 5, 0, -6, -5, -1, -2, 5, 1, 3, -2, -5, 4, -2, -6, 3, 1, -1, -3, -5, 6, 4, -1, -4, 3, -2, 6, -6, -4, 5, -2, -3, -2, 0, 5, -6, -6, -4, -2, -4, -1, 6, 5, 5, -4, 5, -5, -4, 3, 6, -2, 1, -3, -4, 0, 1, 5, -3, -5, -3, 0, 3, 4, 5, 3, 2, -4, -2, -1, -6, 1, -4, 4, 2, 5, -4, 2, 0, 3, -6, 2, -3, 4, 6, 5, -3, 4, 6, -3, 0, 1, -6, 0, -5, -4, 0, 1, 5, 6]
 
0.388273503225: [-6, 4, -1, 0, -6, -4, 6, -3, -1, 4, 0, 0, -6, 4, -5, 0, -1, 0, -5, 3, 2, 0, -1, 3, 2, -4, 1, 4, -6, -2, 2, 5, -2, 2, 2, -2, 1, 2, 6, 5, 2, 4, -6, -1, 6, -6, -5, 0, -6, -5, 2, -1, 6, 1, -6, -6, -2, 1, 6, -4, -6, 6, 0, -3, -2, 6, -4, 6, -6, 4, 6, -1, -3, 1, 3, 1, 2, 1, 2, 1, 3, -5, 3, -4, -2, -5, -4, -6, -3, 0, 6, 5, -5, -1, 5, 1, 0, -4, 6, 4, -4, -1, -4, -4, 6, -6, 2, 6, -2, -3, -3, 5, -6, -4, 5, 1, 6, -4, -3, -2, -4, -5, -6, 6, -4, 5, -1, 0]
 
0.630159235612: [6, -6, -1, 0, -6, 0, -2, -3, 3, 6, -6, 0, -6, 4, -2, 0, -1, 0, -5, 3, 2, -4, -1, -5, 2, -3, 1, 2, -6, -2, 6, 5, -1, 6, 2, -1, 1, -3, 6, 5, 4, 1, 2, 5, 6, -4, -5, 0, -6, -5, 2, -1, 6, 1, -6, -6, -2, 1, 6, -4, -6, 6, 0, -3, -2, 6, -4, 6, -6, 4, 5, -1, -3, 1, -6, 1, 2, 6, 2, 6, 3, 2, -4, -4, 0, -5, 1, -6, -4, 3, 6, 5, -5, -5, -2, 1, 0, 2, 6, 3, 6, 4, 2, 5, -4, 2, 0, 3, -6, 2, -3, 4, 6, 5, -3, 4, 6, -3, 0, 1, -6, 0, -5, -4, 0, 1, 5, 6]
 
2.2576879503: [6, 3, 5, -6, 4, -6, -6, -2, 4, -4, 2, 6, -5, 2, -6, -2, -2, -2, 5, -2, -2, -3, 2, -6, -3, -2, 4, 4, 1, 4, 5, 0, -6, -5, -1, -2, 5, 1, 3, -2, -5, 4, -2, -6, 3, 1, -1, -3, -5, 6, 4, -1, -4, 3, -2, 6, -6, -4, 5, -2, -3, -2, 0, 5, -6, -6, -4, -2, -4, -1, 6, 5, 5, -4, 5, -5, -4, 3, 6, -2, 1, -3, -4, 0, 1, 5, -3, -5, -3, 0, 3, 4, 5, 3, 2, -4, -2, -1, -6, 1, -4, 4, 2, 5, -4, 2, 0, 3, -6, 2, -3, 4, 6, 5, -3, 4, 6, -3, 0, 1, -6, 0, -5, -4, 0, 1, 5, 6]
 
1.67969836432: [6, 3, 5, -6, 4, -6, 2, 6, -2, -3, 3, -6, -6, 2, 4, 1, 0, 1, 4, 3, 3, -4, -2, -2, -2, 0, 4, -5, 4, 4, 3, -3, -6, -5, -1, -2, 5, 3, 3, -2, -5, 4, -5, -6, 3, 1, -1, 3, 5, 6, 4, -1, -4, 5, -6, 6, -6, -4, 5, -2, -3, -3, 0, 5, -6, -6, -4, -6, -4, -1, 0, 5, -6, 0, 5, -5, -4, 3, -2, 0, 1, 0, 0, -6, 2, 6, -5, 4, 0, -1, 6, 1, -4, 3, 2, -4, 3, 5, -6, -5, 6, 4, -5, -2, 2, 0, -1, -5, 0, 2, 0, 1, 3, -3, 3, 4, 2, -1, 4, 4, -4, -6, -4, -2, -1, 3, 2, 0]
 
0.97983022903: [-6, -3, 6, 0, 2, -6, -6, -2, 3, 5, 2, -1, -5, -4, 4, 1, 3, 4, 0, -5, 4, 5, 1, 6, 1, 4, 6, 1, -3, 5, 6, -2, -2, 2, -5, 4, 2, -5, -2, -1, 0, -2, -1, 5, 6, -1, 0, 0, -6, 6, -5, -1, 6, 3, 3, 2, 3, 1, 1, -4, -6, 6, 0, 4, 1, 6, -4, 0, -6, -3, 2, -1, 5, -6, 3, -2, 2, -6, -4, 4, 6, -3, -5, -4, -5, -2, 1, 6, -4, 3, -1, 4, 5, -4, -2, -6, -2, -1, -5, 1, 5, 4, -6, 5, -4, 1, 0, -5, -6, 3, -3, 3, 6, -2, 4, -5, -2, -3, -2, -2, -6, 3, -5, -2, -6, 6, -2, -4]
 
1.86575812589: [6, -5, 0, -3, 1, -6, -6, -2, 4, 5, 2, -5, 4, 2, -1, 2, 0, 5, -1, 0, 3, -4, 1, -2, 2, -6, 4, -5, 6, 4, 5, 0, -6, -5, -1, -2, 5, 1, 3, -2, -5, 4, -2, -6, 3, 1, -1, -3, -5, 6, 4, -1, -4, 3, -2, 6, -6, -4, 5, -2, -3, -2, 0, 5, -6, -6, -4, -2, -4, -1, 6, 5, 5, -4, 5, -5, -4, 3, 6, -2, 1, -3, -4, 0, 1, 5, -3, -5, -3, 0, 3, 4, 5, 3, 2, -4, -2, -1, -6, 1, -4, 4, 2, 5, -4, 2, 0, 3, -6, 2, -3, 4, 6, 5, -3, 4, 6, -3, 0, 1, -6, 0, -5, -4, 0, 1, 5, 6]
 
1.31453147277: [0, -1, -5, 1, 5, -1, -6, 4, 2, 0, -2, -1, -2, 4, 2, 1, -4, -3, -4, -5, 0, -4, 3, -4, -3, -3, 5, 5, 5, -2, -5, 5, -2, 2, -4, -2, -3, 2, 6, 2, 2, -5, -6, -1, 2, -6, -5, 0, -6, -5, -5, -1, 6, 1, 2, -4, -2, 1, 6, -4, -6, -1, -2, -3, -2, -2, -4, 6, 3, 4, 6, 2, -3, 1, -6, 1, 2, -4, 2, 6, 3, 0, -4, 5, -2, 5, 3, -6, 2, 1, 1, -2, 3, -3, -2, -2, -2, -6, -6, -1, 0, 2, -4, -3, -4, 6, -4, -1, -5, -6, 6, 5, 0, 4, 3, 5, 3, -5, -4, 1, 5, 0, 3, 2, 0, 4, 6, -4]
 
1.68956046892: [1, 3, 5, -6, 4, -6, -6, -2, 4, -4, 2, -6, -6, -6, -1, 2, -1, 5, 4, -6, -6, -6, -2, -2, -3, 3, -2, -6, 0, 2, -5, 2, 6, -5, -1, -2, 5, 2, -2, 5, -4, 4, 3, -6, 6, 6, -5, -1, 4, 4, -5, -5, 6, -1, -1, -2, 5, 1, 0, -4, -6, -1, 0, -2, 4, -2, 4, -2, -6, -4, 6, -4, 5, 6, 6, -2, 1, 6, -6, 5, 1, -3, -6, -2, 3, -5, 1, -6, -4, 6, 6, 1, 5, -3, -2, -4, -2, -3, -1, 1, -2, 4, 2, 5, -4, 2, 0, 3, -5, -1, -3, -1, 6, -5, -2, 4, 2, -6, 4, 1, -4, 1, 5, -3, 4, 3, 2, 1]
 
1.69670949132: [-1, 3, 5, -4, 1, -2, -6, 4, 4, 6, 2, -3, -1, 2, 4, 1, 5, -5, -2, 3, 2, -4, -4, -2, 2, 1, 3, 2, 0, 2, -2, 6, 6, 0, -1, -2, 4, 2, -4, 5, -2, 5, -6, -6, -6, 6, -5, -3, -5, 6, 4, -1, -4, 3, -2, 6, -6, -4, 5, -2, -3, -2, 0, 5, -6, -6, -4, -2, -4, -1, 6, 5, 5, -4, 5, -5, -4, 3, 6, -2, 1, -3, -4, 0, 1, 5, -3, -5, -3, 0, 3, 4, 5, 3, 2, -4, -2, -1, -6, 1, -4, 4, 2, 5, -4, 2, 0, 3, -2, 2, -3, 5, 6, 5, 5, -1, 6, -4, -3, -2, -4, 1, -6, -1, -5, 5, -1, 0]
 
0.751468773266: [-6, -3, -5, 3, 6, -6, -6, -2, 3, -6, 2, -1, -5, -4, 4, 1, -5, 4, 0, -5, -1, 5, 1, 6, -2, -6, 4, -5, 6, 4, 5, 0, -6, -5, -1, -2, 5, 1, 3, -2, -5, 4, -2, -6, 3, 1, -1, 0, -6, 6, 5, -1, 6, -3, -1, -2, -1, 1, 6, 3, -6, 6, 0, 4, -2, 4, -5, 6, -6, -3, 4, -4, 5, -6, -4, -2, 2, -5, -5, 4, 1, -3, -4, -4, -5, -2, 1, 6, 0, 3, -1, 4, 5, -3, -2, -6, -2, -1, -5, 1, 0, -5, 4, -3, -4, 2, -4, -1, -5, -6, 6, 5, -5, 4, 3, 5, 2, -6, 4, 1, -4, 1, 5, -3, 4, 3, 2, 1]
 
0.4998201106: [0, -3, -5, 3, 6, -6, 6, -2, 3, -6, 2, -3, -5, -4, 3, 1, -5, -5, 0, -1, -1, 5, -5, 6, -1, 1, 4, 0, -6, 4, -5, 0, -5, 5, -1, -2, 5, 1, 3, -1, -5, 4, -2, -6, -1, 6, -3, 4, -5, 6, 4, 6, 1, 3, 5, -6, -6, -4, 5, 0, -3, -2, 0, -2, -3, 1, 0, -2, -4, -2, 6, 3, 4, 2, 5, -2, -1, 2, 6, -2, -5, 1, -4, 0, 1, -5, 1, -6, -4, -5, -1, 1, -5, -3, -2, -4, -2, -3, -1, 1, -2, 4, 2, 5, -4, 2, 0, 3, -5, -1, -3, -1, 6, -5, -1, 4, -4, -3, 4, 1, -6, -3, 2, 2, 0, 4, 5, 4]
 
0.843257010512: [6, 6, 0, 3, -3, -6, -6, -6, 0, -6, 2, 6, -5, -4, 2, 1, -5, 4, 0, -5, -1, -3, 1, -5, -2, -6, -3, -5, -6, 4, -1, 4, 2, -5, -1, -2, 5, -2, 3, 3, -5, 4, 1, -6, -3, 1, -1, -3, -5, 6, 3, -1, -4, 3, -2, 6, -6, -4, 5, -2, -5, -2, 3, -5, -6, -6, -4, -6, -3, -1, 6, -1, 5, 2, 4, 2, 6, 3, 6, -6, 1, -2, -4, 0, 3, 5, -3, -5, -4, 0, -2, 0, 5, 3, 2, -4, -2, -1, -1, 1, -4, 1, 2, -1, -4, 2, 0, -2, -6, 0, -3, 0, 6, -6, -3, 4, 6, 4, 3, 1, -2, 0, -5, -4, 0, 1, -5, 0]
 
0.886185571315: [6, 3, 5, -6, 4, -6, -6, -2, 4, -4, 2, -6, -6, 2, 4, 1, 0, 1, 4, 3, 3, -4, -2, -2, -2, 0, 4, -5, 4, 4, 3, -3, -6, -5, -1, -2, 5, 3, 3, -2, -5, 4, -5, -6, 3, 1, -1, 3, 5, 6, 4, -1, -4, 5, -6, 6, -6, -4, 5, -2, -3, -3, 0, 5, 4, -2, 4, -2, -6, -4, 6, -4, 5, 6, 6, -2, 2, 6, 2, 6, 1, -3, -4, -4, 3, -5, 1, -6, -4, 3, -1, 1, 5, -3, -2, -4, -2, -1, -6, 1, -4, 4, 2, 5, -4, 2, 0, 3, -6, 2, -3, 4, 6, 5, -3, 4, 6, -3, 0, -2, -4, 1, -1, 5, -3, 4, -1, 0]
 
1.30491836772: [-6, -3, -5, 3, 6, -6, -6, -2, 3, -6, 2, -1, -5, -4, 4, 1, -5, 4, 0, -5, -1, -6, -2, -2, -3, 3, -2, -6, 0, 2, -5, 2, 6, -5, -1, -2, 5, 2, -2, 5, -4, 4, 3, -6, 6, 6, -5, -1, 4, 4, -5, -5, 6, -1, -1, -2, 5, 1, 0, -4, -6, -1, 0, -2, -6, -6, -4, -6, -4, -1, 0, 5, -6, 0, 5, -5, -4, 3, -2, 0, 1, 0, 0, -6, 2, 6, -5, 4, 0, -1, 6, 1, -4, 3, 2, -4, 3, 5, -6, -5, 6, 4, -5, -2, 2, 0, -1, -5, 0, 2, 0, 1, 3, -3, 3, 4, 2, -1, 4, 4, -4, -6, -4, -2, -1, 3, 2, 0]
 
