1.8583120170368228: [4, 1, -3, 0, -6, -6, 6, -6, -5, 2, 3, 3, -5, 2, -5, 1, 6, -4, -3, -6, 5, -1, -2, -2, 1, -3, 5, 0, 2, 5, 5, -5, 4, -2, -1, -2, 1, -1, 3, -4, -4, 4, 5, 6, -2, -3, -5, -4, -6, 1, -5, 1, -4, 2, 0, -1, 6, 6, 6, -6, 1, -2, -3, 4, -6, -1, -2, 0, -4, -1, 6, -3, 1, -4, 1, -5, 4, -1, -4, 4, -1, -4, 0, -4, -2, -2, -5, 5, 4, 1, 1, 4, 6, 6, 4, -5, -3, -5, 4, -6, -3, -1, 6, 2, -2, -2, -6, -5, -3, 2, -3, 6, -3, 5, -3, 5, 2, 6, -2, 0, -1, -6, -3, -4, 3, 3, -1, 6]
 
3.825546305209107: [6, -3, -3, 4, 0, -6, 6, -6, -5, 2, 3, 2, 4, 3, -5, 1, -4, 1, 4, -6, 5, 2, -2, -2, 1, -3, 5, -4, 1, -2, 5, -5, 4, -2, -1, -2, 1, 1, 3, -4, -4, 4, -6, 0, -2, 3, -5, -1, 2, -6, 0, -6, 1, 1, 6, -4, -5, 5, -4, -1, 3, 4, 0, 3, 3, 5, 1, -6, 2, -2, -4, 0, 5, -4, 6, -5, -6, -1, -5, 4, 2, -4, 1, -3, 1, -5, 3, 6, -5, 2, -1, 2, -3, 5, 1, -1, 6, -5, 4, -6, 6, -1, 2, -6, -2, -1, -6, -2, -4, 2, -3, 2, 6, -3, 5, -6, 2, -3, -2, 4, -6, -6, -3, -4, 3, 3, -1, 6]
 
2.4023442355569595: [6, -3, -3, 4, 0, -6, 6, -6, -5, 2, 3, 2, 4, 3, -5, 1, -4, 1, 4, -6, 5, 2, -2, -2, 1, -3, 5, -4, 1, -2, 5, -5, 4, -2, -1, -2, 1, 1, 3, -4, -4, 4, -6, 0, -2, 3, -5, -1, 2, -6, 0, -6, 1, 1, 6, -4, -5, 5, -4, -1, 3, 4, 0, 3, 3, 5, 1, -6, -4, -5, 1, -3, 1, 3, 1, -5, 4, -1, -4, 4, -1, -4, -6, 4, 6, -5, -2, 3, 4, -4, 4, 6, -5, 6, 4, -4, -6, 3, 4, -5, 0, 3, 4, -6, 1, -1, 2, -5, 2, 2, -3, 2, 6, -3, 5, -6, 2, -3, -2, 4, -6, -6, -3, -4, 3, 3, -1, 6]
 
1.39036445355: [-4, 5, -3, -6, 4, -6, -2, -2, 2, -4, -6, -4, 4, -4, -3, 3, 5, 6, 0, -2, 3, -4, 2, 2, 4, 2, -6, 6, 3, 1, 5, 0, 1, -6, -1, -1, -1, 6, -1, -6, -4, 4, -6, -4, -1, -2, -5, -4, 2, 2, 0, -2, -2, 1, 3, 2, -1, 0, 4, 6, 4, 4, 0, 3, -4, -6, -5, -6, -2, 5, 6, 0, 6, -4, 6, -2, -5, -1, -3, -1, 2, -5, -1, -4, 4, -5, -2, 6, 4, -2, 1, 4, -3, -2, 0, -3, -3, 6, 4, -6, 4, -1, -2, -1, 0, -3, 2, -2, -3, 3, -3, 4, -3, 5, 5, 4, 2, 3, -4, -3, -6, -6, -3, -4, 3, 3, 1, 6]
 
1.153016760268578: [6, 2, -3, 1, 4, -4, -5, -2, 2, -4, 2, -1, 3, -6, -3, 5, -6, -1, 5, 1, -6, 3, 3, 3, -3, -2, -2, -5, -4, 5, -5, 0, -6, 5, -5, 6, 1, -5, 1, -4, 3, -2, 6, 2, 2, -4, 1, 0, -1, 5, -5, 1, 6, 3, -3, 6, 6, -5, -4, 0, 6, -2, 0, -2, 5, -1, -6, -5, 3, -2, 6, -3, 2, -4, 4, -5, 6, -2, -4, 3, -5, 1, -6, 6, -3, -5, 5, 6, -2, -2, 0, 4, -5, -6, 4, -4, 3, -2, -2, -2, 0, -5, 4, 6, 3, -1, -5, -2, 1, 2, -3, 2, -3, 5, 5, -6, 2, -3, 0, 4, -6, -3, -6, -3, 2, 3, -1, 6]
 
1.7608619956378542: [6, -5, -6, -2, 1, -3, 4, -2, 1, -4, 2, -6, 6, -6, -1, -6, -1, 0, 5, 1, -6, 3, -2, 2, -3, -5, -2, -5, -4, 5, -5, 0, -6, 5, 4, 6, 2, -5, -3, 3, -6, 0, -6, -5, 0, 0, 4, -1, -6, 4, -5, 4, 3, -3, 4, 2, 6, 3, -4, -6, -4, -4, 0, -6, -3, 3, 3, -6, 6, -2, 6, -3, -3, 5, -2, 6, 4, 5, -2, -4, 4, -4, -4, -4, -2, -5, 6, -6, 4, 3, 1, 4, 3, 6, 4, -5, -3, -5, 4, -6, 6, -1, 2, -6, -1, -1, -6, -2, -6, 2, -3, 2, 2, 0, -3, 1, 2, -3, 0, 4, -6, 4, -3, -2, 4, 3, -2, 1]
 
2.349185514734513: [6, -3, -3, 4, 0, -6, 6, -6, -5, 2, 3, 2, 4, 3, -5, 1, -4, 1, 4, -6, 5, 2, -2, -2, 1, -3, 5, -4, 1, -2, 5, -5, 4, -2, -1, -2, 1, 1, 3, -4, -4, 4, -6, 0, -2, 3, -5, 0, -6, 5, -5, 1, -4, 3, 0, -1, 6, 6, -4, -6, 6, -2, 0, 5, -6, -1, -2, -5, -4, -5, 6, -3, -6, -4, 1, -5, 4, -1, -4, 4, -5, -4, -4, -4, -2, -6, 6, 5, 4, -2, 1, 4, 3, 6, 4, -5, -3, -5, 4, -6, 6, -1, 2, -6, -2, -1, -6, -2, -6, 2, -3, 2, -3, 5, -3, 5, 2, -3, -2, 4, -6, 5, -3, -2, 4, 3, -1, 1]
 
2.4819500228185305: [6, -3, -3, 4, 0, -6, 6, -6, -5, 2, 3, 2, 4, -6, -3, 5, 5, 0, 0, -2, -6, 3, -2, 2, -3, -2, -2, -5, -4, 5, -6, 0, -2, -3, -4, 2, 1, 0, -3, -5, 2, 0, -3, 3, 0, 0, 4, -1, -6, 4, -5, -1, -4, 6, 4, 2, 6, -5, -4, -6, 2, -4, 0, -6, -3, -5, 3, -3, -4, 3, -4, 0, 5, -4, 6, -5, -6, -1, -5, 4, 2, -4, 1, -4, -2, -6, 6, 5, 4, -2, 1, 4, 3, 6, 4, -5, -3, -5, 4, -6, 6, -1, 2, -6, -2, -1, -6, -2, -6, 2, -3, 2, -3, 5, 5, -6, 2, -3, -2, 4, -6, -6, -3, -2, 4, 3, -1, 6]
 
4.476159552008905: [6, 0, -3, -1, 4, -6, -4, -2, 2, -3, -6, -4, -6, -6, -6, -4, 0, -3, -3, 6, 2, 6, 5, -5, 5, 1, -2, -5, 6, 5, 5, -5, 1, -2, -1, -1, 1, 1, 3, -4, -4, 4, -6, 0, -2, 5, -5, -4, 2, 2, 0, -6, -2, 1, 6, 2, -5, 5, -4, -1, 2, 4, 0, 3, -4, -6, -5, -6, -2, 5, -4, 0, 6, -4, 6, -2, -1, -1, -1, 4, 2, -6, 0, -4, -4, -5, -4, 6, 4, -2, 1, 4, 3, 6, 4, -5, -3, -5, 4, -6, 6, -1, 2, -6, -2, -1, -6, -2, -6, 2, -3, 2, -3, 5, 1, -6, 2, -3, -5, 0, -6, -6, -3, -2, 4, -2, -1, 4]
 
0.312319489834: [0, -5, -3, 4, 0, -6, 2, 3, -1, -4, 5, -5, -1, 5, -5, 5, -5, 1, -6, -6, 5, 3, 3, -2, 1, -3, -3, 4, 1, -2, 5, -5, 6, 0, -4, 0, -3, 6, 5, -4, -4, 4, -6, 0, -2, 3, 5, 0, -1, 5, -5, 1, -2, -5, 5, -3, 6, 6, -4, 0, 6, -2, 0, 5, 4, 2, -4, -4, -5, -2, -5, 3, -2, -2, -4, 6, 1, 6, 6, 1, -3, -1, 1, -2, 5, -6, 5, -6, -5, -6, -1, 0, 2, 2, 4, 4, -3, 2, 6, -6, 6, -4, 2, 3, -1, 4, -6, -2, -6, -6, -3, 4, -3, -3, -3, 2, 2, -4, -2, 0, 4, -6, -3, 4, -4, -6, 4, 3]
 
1.8423606417570544: [-4, 5, -3, -6, 4, -6, 6, -2, 2, 3, -6, -4, -6, -6, -3, 5, 5, 0, 0, -2, 3, -4, 2, 2, -3, 2, -6, 6, 6, 1, 5, -5, 1, 0, -2, -2, -4, 3, 5, -4, -4, 4, -6, 0, -3, -6, 4, 0, -6, -2, -5, 4, -3, -6, -4, 0, 6, -5, -4, -6, 6, -3, 0, 2, 3, 5, 1, -3, 2, -4, 6, 0, -3, -4, 6, -5, -5, -4, -3, 4, 6, -4, 1, -3, 5, 5, 3, 0, -5, 2, 4, 2, 2, 5, 1, -1, 6, -3, -2, 2, -1, 1, 2, -4, -6, -2, 5, 2, -4, -3, -4, 2, 6, 3, 1, -6, 2, -3, -2, 4, -6, -6, -3, -2, 4, 3, -1, 0]
 
2.206013390268516: [6, -3, -3, -1, 4, -6, -5, -2, 4, -4, 2, -6, -2, -6, -3, 5, -6, 0, 5, 1, -6, 3, -2, 2, -3, -2, -2, -5, -4, 5, -5, 0, -6, 5, -5, 6, 1, 0, -3, -5, 2, 0, -3, 3, 0, 0, 4, 0, -6, -2, -5, 4, -3, -6, -4, 0, 6, -5, -4, -6, 6, -3, 0, 2, 3, 5, 1, -3, 2, -4, 6, 0, -3, -4, 6, -5, -5, -4, -3, 4, 6, -4, 1, -3, 5, 5, 3, 0, -5, 2, 4, 2, 2, 5, 1, -1, 6, -3, -2, 2, -1, 1, 2, -4, -6, -2, 5, 2, -4, -3, -4, 2, 6, 3, 1, -6, 2, -3, 2, 0, -6, -6, -5, -1, 6, 3, -1, 6]
 
1.9888132248808794: [6, -3, -3, 4, 0, -6, 6, -6, -5, 2, 3, 2, 4, 3, -5, 1, -4, 1, 4, -6, 5, 2, -2, -2, 1, -3, -2, -5, -4, 5, -5, 0, -6, 5, 4, 6, 2, -5, -3, 3, -6, 0, -6, -5, 0, 0, 4, -1, -6, 4, -5, 4, 3, -3, 4, 2, 6, 3, -4, -6, -4, -4, 0, -6, -3, 3, 3, -6, 6, -2, 6, -3, -3, 5, -2, 6, 4, 5, -2, -4, 4, -4, -4, -4, -2, -5, 6, -6, 4, 3, 1, 4, 3, 6, 4, -5, -3, -5, 4, -6, 6, -1, 2, -6, -1, -1, -6, -2, -6, 2, -3, 2, 2, 0, -3, 1, 2, -3, 0, 4, -6, 4, -3, -2, 4, 3, -2, 1]
 
2.58354686717841: [6, -3, -3, 4, 0, -6, 6, -6, -5, 2, 3, 2, 4, -6, -3, 5, 5, 0, 0, -2, -6, 2, -2, -2, 1, -3, 5, -4, 1, -2, 5, 3, 4, -2, -1, 6, 1, -5, 1, -4, -1, -2, -1, 0, 2, -4, 1, 0, -6, 5, -5, 1, -4, 3, 0, -1, 6, 6, -4, -6, 6, -2, 0, 5, -6, -1, -2, -5, -4, -5, 6, -3, -6, -4, 1, -5, 4, -1, -4, 4, -5, -4, -6, 6, -3, -5, 5, 6, 4, -2, 0, -3, 6, 6, 4, -4, -6, -2, 4, -6, 0, 3, 4, 1, -4, -1, -6, -2, -6, 2, -3, 2, -3, 5, 5, -6, 2, -3, -2, 4, -6, -6, -3, -2, 4, 3, -1, 6]
 
0.689458086086: [6, 4, 5, -6, 0, -4, -5, 2, -3, 2, 6, -2, 4, 3, -5, 1, 4, -1, -1, -6, 5, 6, 5, -2, 1, -3, 5, -4, 1, -2, 5, -2, 4, -1, -1, -1, 1, 1, 0, 6, 5, 4, -6, 0, -2, 4, -5, -4, 2, 2, -4, 5, 6, -2, 6, 5, 2, 3, -4, -6, 4, -4, 0, -6, -3, 3, 4, -6, -3, -2, 6, -3, -3, 3, -2, 6, -2, 5, -1, -4, 4, -3, -4, -4, -4, -5, 6, -4, 4, 3, 1, 4, 3, 6, -3, -5, -3, -5, 4, -6, 6, -1, -1, -6, -1, -1, 1, -2, -6, 3, -3, 2, 2, -5, -3, 4, 2, -3, 1, 3, 2, 4, -3, -2, 4, -4, -6, 1]
 
0.512450844477: [6, 4, 3, -3, 0, -5, 5, -2, 5, 3, 2, -6, -5, -4, -3, 1, -6, 5, 5, 1, 0, 0, -2, -5, 4, -5, 2, 6, -1, 6, 2, 3, 5, -4, -3, 6, 1, 1, 1, -6, 2, 2, -3, 4, 3, -3, -1, 6, -6, 1, -1, 0, -4, 1, -3, 2, 3, -5, -4, 5, 6, -3, 2, 2, 3, 5, 4, -3, 3, 1, 6, 0, -3, -4, 2, -5, -6, -4, -3, 4, 6, 6, 1, -3, 5, -2, 3, 0, -5, 2, 4, 2, 5, 5, -4, -1, 6, 1, -2, 2, -4, 1, -1, -4, -6, -2, 5, 2, -4, -3, -3, 2, -4, 3, -5, -6, 5, -1, 2, 0, -6, -6, -5, -1, 0, -4, -1, -5]
 
1.7426962701433535: [6, -3, -3, -1, 4, -6, -5, -2, 4, -4, 2, -6, -2, -6, -3, 5, -6, 0, 5, 1, -6, 3, -2, 2, -3, -2, -2, -5, -4, 5, -5, 0, -6, 5, -5, 6, 1, -5, 1, -4, -1, -2, -1, 0, 2, -4, 1, 0, -6, 5, -5, 1, -4, 3, 0, -1, 6, 6, -4, -6, 6, -2, 0, 5, -6, 5, 1, -3, 2, -4, 6, 0, -3, -4, 6, -5, -5, -4, -3, 4, 6, -4, 1, -3, 5, 5, 3, 0, -5, 2, 4, 2, 2, 5, 1, -1, 6, -3, -2, 2, -1, 1, 2, -4, -6, -2, 5, 2, -4, -3, -4, 2, 6, 3, 1, -6, 2, -3, 2, 0, -6, -6, -5, -1, 6, 3, -1, 6]
 
2.060980348299086: [6, -3, -3, 4, 0, -6, 6, -6, -5, 2, 3, 2, 4, 3, -5, 1, -4, 1, 4, -6, 5, 2, -2, -2, 1, -3, 5, -4, 1, -2, 5, -5, 4, -2, -1, -1, 1, 1, 3, -4, -4, 4, -6, 0, -2, 5, -5, -4, 2, 2, 0, -6, -2, 1, 6, 2, -5, 5, -4, -1, 2, 4, 0, 3, -4, -6, -5, -6, -2, 5, -4, 0, 6, -4, 6, -2, -1, -1, -1, 4, 2, -6, 0, -4, -4, -5, -4, 6, 4, -2, 1, 4, 3, 6, 4, -5, -3, -5, 4, -6, 6, -1, 2, -6, -2, -1, -6, -2, -6, 2, -3, 2, -3, 5, 1, -6, 2, -3, -5, 0, -6, -6, -3, -2, 4, 3, 4, 3]
 
3.9751104862242315: [6, -3, -3, -1, 4, -6, -5, -2, 4, -4, 2, -6, -2, -6, -3, 5, -6, 0, 5, 1, -6, 3, -2, 2, -3, -2, -2, -5, -4, 5, -5, 0, -6, 5, -5, 6, 1, -5, 1, -4, -1, -2, -1, 0, 2, -4, 1, 0, -6, 5, -5, 1, -4, 3, 0, -1, 6, 6, -4, -6, 6, -2, 0, 5, -6, -1, -2, -5, -4, -5, 6, -3, -6, -4, 1, -5, 4, -1, -4, 4, -5, -4, -6, 6, -3, -5, 5, 6, 4, -2, 0, -3, 6, 6, 4, -4, -6, -2, 4, -6, 0, 3, 4, 1, -4, -1, -6, -2, -6, 2, -3, 2, -3, 5, 5, -6, 2, -3, -2, 4, -6, -6, -3, -2, 4, 3, -1, 6]
 
0.657741054928: [3, -3, -3, 6, -5, -6, -5, -1, -1, -4, -5, -6, 0, -6, -3, 5, -6, 0, 5, 1, -6, -2, -2, -4, -3, 2, -2, -5, -4, 5, -5, 0, -6, 5, -5, 6, 1, 0, -3, -4, -4, 4, -1, -4, 5, 4, 4, -1, 2, -6, 4, 6, -3, -6, -4, 3, 6, -5, -4, 4, 6, -3, 0, 2, 6, 5, -2, -5, 4, -5, 3, -3, -5, 6, -3, -2, 4, 4, -4, 4, -2, -4, 4, 5, -3, -2, 5, 1, -4, -2, 0, -3, 6, 6, 4, -4, -6, -3, 4, -6, 0, -1, 4, 1, 4, -1, -6, 1, -3, 2, 4, 2, -6, 5, 3, -6, 2, -3, -2, 4, 2, -1, 6, -2, 4, 3, -1, 6]
 
1.23828597482: [2, 4, 2, -1, -1, -5, -6, -2, 2, 2, 5, -4, 4, 3, -2, 5, 5, -1, 0, 6, 3, 2, -2, -2, -1, -3, -3, -4, 1, -2, 5, -3, 4, -2, -1, 6, 1, 6, 1, -4, -1, 3, -1, -5, 2, 1, 1, 0, 0, 5, -5, 1, -5, -1, 4, 3, -3, 6, -4, -5, 6, 1, 0, 5, 1, -1, -2, -5, -2, -5, 6, -3, -6, -3, -2, 5, -3, 1, -4, 4, -5, -4, -6, 6, -1, -5, 5, 6, 4, -2, -2, -6, 6, 6, -5, 3, 4, -2, -2, -3, 0, 3, 4, 1, -4, -5, -6, 5, 6, 2, -3, 2, 2, 0, -1, -6, 2, -3, -2, 0, -2, 5, -3, -1, 5, 3, -1, 6]
 
0.845370813028: [6, -1, 1, -3, -3, 1, -2, -2, 2, 0, 3, 2, 2, -3, 3, 1, 0, 1, 4, 3, 6, 3, -2, -3, -3, -3, 5, 3, -4, 2, -2, -1, 1, 0, -2, -5, -2, 1, -3, -4, 1, 0, 6, 0, -3, -6, 4, 0, 4, 4, -6, 4, -3, -1, 5, 2, 6, -6, -5, -1, -6, 0, 0, -3, -5, 5, 3, -6, 6, -2, -6, -3, -3, -6, -1, 6, -4, 0, -2, 5, 1, -1, -1, -2, -2, 4, -6, -1, 4, -6, 1, 6, 3, 6, 4, -3, 6, -5, 4, 6, 6, -1, 4, -6, -2, -1, 2, 1, -1, 2, -3, 2, -5, -4, -3, -4, 1, -3, 6, 4, -2, 6, -3, -2, 6, 1, -4, 0]
 
2.7258928964906532: [6, -3, -3, -1, 4, -6, -5, -2, 4, -4, 2, -6, -2, -6, -3, 5, -6, 0, 5, 1, -6, 3, -2, 2, -3, -2, -2, -5, -4, 5, -5, 4, -5, 0, -2, -2, -4, 3, 5, -4, -4, 4, -6, 0, -3, -6, 4, -1, -6, 4, -5, -1, -4, 6, 4, 2, 6, -5, -4, -6, 2, -4, 0, -6, -3, -5, 3, -6, 6, -2, 6, -3, -3, 5, -2, 6, 1, 6, -2, 3, 1, 5, -4, -4, -2, -6, 6, 5, 4, -2, 1, 4, 3, 6, 4, -5, -3, -5, 4, -6, 6, -1, 2, -6, -2, -1, -6, -2, -6, 2, -3, 2, -3, 5, 5, -6, 2, -3, -2, 4, -6, -6, -3, -2, 4, 3, -1, 6]
 
0.480813411975: [6, -3, 2, -3, 6, -6, -5, -3, 4, 6, 2, -4, -2, 2, -3, -6, -6, 0, -5, 1, -6, 3, 2, 3, 3, -2, 5, -6, -4, 5, -3, -6, -5, 6, 0, 6, 1, 0, -5, -5, 2, 0, -3, 1, 0, 4, 4, -1, 2, 4, -5, 1, -4, 2, 6, 2, 6, -5, -4, -2, 2, 4, 0, 2, -3, -5, 3, -1, 6, 0, -1, -3, -3, 3, -2, 6, 1, 6, -2, 3, 1, 5, 3, -5, 2, -6, -3, 5, 4, -2, 5, -6, 3, 6, 4, -5, -3, -5, 0, -6, 6, 1, 6, -6, 2, -1, -6, 2, -6, -2, -3, 2, -3, -4, 5, 1, 2, -3, -3, 4, -6, -6, -3, -3, -1, 3, -1, -2]
 
2.543209054594462: [6, 4, 3, -1, 1, -5, 5, -2, 4, -4, 2, -6, -2, -6, -3, 5, -6, 0, 5, 1, -6, 3, -2, 2, -3, -2, -2, -5, -4, 5, -6, 0, -2, -3, -4, 2, 1, 0, -3, -5, 2, 0, -3, 3, 0, 0, 4, -1, -6, 4, -5, -1, -4, 6, 4, 2, 6, -5, -4, -6, 2, -4, 0, -6, -3, -5, 3, -6, 6, -2, 6, -3, -3, 5, -2, 6, 1, 6, -2, 3, 1, 5, -4, -4, -2, -6, 6, 5, 4, -2, 1, 4, 3, 6, 4, -5, -3, -5, 4, -6, 6, -1, 2, -6, -2, -1, -6, -2, -6, 2, -3, 2, -3, 5, -3, 5, 2, -3, -2, 4, -6, 5, -3, -2, 4, 3, -1, 1]
 
1.8014610958128978: [6, -3, -3, -1, 4, -6, -5, -2, 4, -4, 2, -6, -2, -6, -3, 5, -6, 0, 5, 1, -6, 3, -2, 2, -3, -2, -2, -5, -4, 5, -5, 4, -5, 0, -2, -2, -4, 3, 5, -4, -4, 4, -6, 0, -3, -6, 4, 0, -6, -2, -5, 4, -3, -6, -4, 0, 6, -5, -4, -6, 6, -3, 0, 2, 3, 5, 1, -3, 2, -4, 6, 0, -3, -4, 6, -5, -5, -4, -3, 4, 6, -4, 1, -3, 5, 5, 3, 0, -5, 2, 4, 2, 2, 5, 1, -1, 6, -3, -2, 2, -1, 1, 2, -4, -6, -2, 5, 2, -4, -3, -4, 2, 6, 3, 1, -6, 2, -3, 2, 0, -6, -6, -5, -1, 6, 3, -1, 6]
 
1.932869913606812: [6, -3, -3, 4, 0, -6, 6, -6, -5, 2, 3, 2, 4, 3, -5, 1, -4, 1, 4, -6, 5, 2, -2, -2, 1, -3, 5, -4, 1, -2, 5, -5, 4, -2, -1, -2, 1, 1, 3, -4, -4, 4, -6, 0, -2, 3, -5, 0, -6, 5, -5, 1, -4, 3, 0, -1, 6, 6, -4, -6, 6, -2, 0, 5, -6, -1, -2, -5, -3, -2, -2, -3, -3, -4, -4, 6, 1, 6, -4, -5, 5, -6, 1, -2, 5, -6, 5, -3, 4, -5, 1, 1, 2, 2, 4, -5, -3, 2, 6, -6, 6, -1, 2, -6, -2, -1, -6, -2, -6, 2, -3, 2, -3, 5, 1, -6, 2, -3, -5, 0, -6, -6, -3, -2, 4, -2, -1, 4]
 
2.6830281260996642: [6, -5, -6, -2, 1, -3, 4, -2, 1, -4, 2, -6, 6, -6, -1, -6, -1, 0, 5, 1, -6, 3, -2, 2, -3, -5, -2, -5, -4, 5, -5, 0, -6, 5, 4, 6, 2, -5, -3, 3, -6, 0, -6, -5, 0, 0, 4, -1, -6, 4, -5, 4, 3, -3, 4, 2, 6, 6, -4, -6, 6, -2, 0, 5, -6, -1, -2, -5, -3, -2, -2, -3, -3, -4, -4, 6, 1, 6, -4, -5, 5, -6, 1, -2, 5, -6, 5, -3, 4, -5, 1, 1, 2, 2, 4, -5, -3, 2, 6, -6, 6, -1, 2, -6, -2, -1, -6, -2, -6, 2, -3, 2, -3, 5, 1, -6, 2, -3, -5, 0, -6, -6, -3, -2, 4, -2, -1, 4]
 
0.8775651381089524: [6, -3, -1, -1, 4, 5, -5, -2, 4, -4, 2, -6, -6, -6, -2, 5, 1, -6, -6, 0, -6, -3, -2, 5, -3, 3, -3, -5, -3, 5, -2, 0, -6, 5, -5, 6, 1, 0, -3, 1, 6, 5, -2, -3, 0, 0, 4, -2, -5, 4, -5, -1, -4, 6, -1, 0, 4, 6, -4, -6, 2, 2, 0, -6, -3, -5, 3, 6, 0, -2, 1, -3, -3, 5, -2, 6, 1, 6, 2, 3, 1, 5, -4, -4, -2, -6, 6, 5, 4, 3, -6, 0, 3, 6, 4, -5, -1, -5, 0, 4, 4, -1, 2, 5, 0, -3, 1, -2, -4, 2, -3, 2, -3, -4, -6, -6, 2, -3, -2, 4, -6, -6, -3, -2, -6, 4, -1, 6]
 
2.097262648275541: [6, -3, -3, -1, 4, -6, -5, -2, 4, -4, 2, -6, -2, -6, -3, 5, -6, 0, 5, 1, -6, 3, -2, 2, -3, -2, -2, -5, -4, 5, -5, 4, -5, 0, -2, -2, -4, 3, 5, -5, 2, 0, -3, 3, 0, 0, 4, -1, -6, 4, -5, -1, -4, 6, 4, 2, 6, -5, -4, -6, 2, -4, 0, -6, -3, -5, 3, -6, 6, -2, 6, -3, -3, 5, -2, 6, 1, 6, -2, 3, 1, 5, -4, -4, -2, -6, 6, 5, 4, -2, 1, 4, 3, 6, 4, -5, -3, -5, 4, -6, 6, -1, 2, -6, -2, -1, -6, -2, -6, 2, -3, 2, -3, 5, -3, 5, 2, -3, -2, 4, -6, 5, -3, -2, 4, 3, -1, 1]
 
2.9231433173049446: [-2, 4, 6, -1, 1, 3, -5, -2, 0, -2, 4, -6, -2, -6, 1, 5, -6, 0, 5, 1, -6, -2, 4, 2, -3, 3, -2, -5, 2, 5, -6, 4, -2, 1, -1, 2, 3, -6, -3, -5, 2, 6, -1, 0, -2, 5, -5, -3, 1, 4, -6, -6, -1, 1, -5, -6, 5, 4, 4, 6, -1, 5, 4, -3, -4, 3, -5, -6, -2, 5, -5, -5, 1, -4, -3, 6, 0, 6, 6, 3, 2, -6, 0, -4, -1, 3, -4, 6, -1, 2, -1, 6, -2, -4, 1, -2, -6, -3, -5, -6, 4, 0, -6, -2, -4, 2, -3, -1, -6, -3, -5, -3, -3, 3, -3, -6, -6, 4, -1, -6, -6, -6, -3, 2, -5, -6, -1, 2]
 
2.395621166620205: [6, -3, -3, 4, 0, -6, 6, -6, -5, 2, 3, 2, 4, -6, -3, 5, 5, 0, 0, -2, -6, 3, -2, 2, -3, -2, -2, -5, -4, 5, -6, 0, -2, -3, -4, 2, 1, 0, -3, -5, 2, 0, -3, 3, 0, 0, 4, -1, -6, 4, -5, -1, -4, 6, 4, 2, 6, -5, -4, -6, 2, -4, 0, -6, -3, -5, 3, -3, -4, 3, -4, 0, 5, -4, 6, -5, -6, -1, -5, 4, 2, -4, 1, -4, -2, -6, 6, 5, 4, -2, 1, 4, 3, 6, 4, -5, -3, -5, 4, -6, 6, -1, 2, -6, -2, -1, -6, -2, -6, 2, -3, 2, -3, 5, -3, 5, 2, -3, -2, 4, -6, 5, -3, -2, 4, 3, -1, 1]
 
1.48181822485: [6, -3, -3, -1, 4, -6, -5, -2, 4, -4, 2, -6, -2, -6, -3, 5, -6, 0, 5, 1, -6, 3, -2, 2, -3, -2, -2, -5, -4, 5, -5, 4, -5, 0, -2, -2, -4, 3, 5, -5, 2, 0, -3, 3, 0, 0, 4, -1, -6, 4, -5, -1, -4, 6, 4, 2, 6, -5, 6, -6, 1, -2, -3, 4, -6, -1, -2, 0, -4, -1, 6, -3, 1, -4, 1, -5, 4, -1, -4, 4, -1, -4, 0, -4, -2, -2, -5, 5, 4, 1, 1, 4, 6, 6, 4, -5, -3, -5, 4, -6, -3, -1, 6, 2, -2, -2, -6, -5, -3, 2, -3, 6, -3, 5, -3, 5, 2, 6, -2, 0, -1, -6, -3, -4, 3, 3, -1, 6]
 
2.80703155006: [4, 1, -3, 0, -6, -6, 6, -6, -5, 2, 3, 3, -5, 2, -5, 1, 6, -4, -3, -6, 5, -1, -2, -2, 1, -3, 5, 0, 2, 5, 5, -5, 4, -2, -1, -2, 1, -1, 3, -4, -4, 4, 5, 6, -2, -3, -5, -4, -6, 1, -5, 1, -4, 2, 0, -1, 6, 6, -4, -6, 2, -4, 0, -6, -3, -5, 3, -6, 6, -2, 6, -3, -3, 5, -2, 6, 1, 6, -2, 3, 1, 5, -4, -4, -2, -6, 6, 5, 4, -2, 1, 4, 3, 6, 4, -5, -3, -5, 4, -6, 6, -1, 2, -6, -2, -1, -6, -2, -6, 2, -3, 2, -3, 5, -3, 5, 2, -3, -2, 4, -6, 5, -3, -2, 4, 3, -1, 1]
 
1.3136594173: [5, -1, 4, -1, -3, 5, -6, -2, 2, -3, 3, 2, 4, -5, -5, 1, 0, 1, 4, 3, 6, -4, -2, 2, -3, -3, 3, -2, -4, 2, -2, 4, 3, 0, -2, -5, -2, 1, 5, -4, 1, 0, 6, 0, -3, -6, 4, 0, 0, -2, -6, 4, -3, -1, 5, 0, 6, -5, -4, -6, 6, -4, 0, 1, -3, -5, 3, -6, 6, -2, 6, -3, -3, -6, -4, 6, 1, 6, -2, 3, 1, 5, -4, -4, -2, -6, 6, 5, 4, -2, 1, 4, 3, 6, 4, -5, -3, -5, 4, -6, 6, -1, 2, -6, -2, -1, -6, -2, -6, 2, -3, 2, -3, 5, -3, 5, 2, -3, -2, 4, -6, 5, -3, -2, 4, 3, -1, 1]
 
0.905834455184: [5, 4, 3, -6, 1, 1, 5, -2, 4, -4, 2, 4, -2, 2, 6, 5, -4, 0, -5, 1, 0, 3, -2, 2, -3, -2, -5, 0, -4, -6, 4, 0, -6, -3, -4, -1, 2, 0, -3, 5, 2, 0, -3, 3, 0, -6, 0, 3, 6, 1, -5, -1, -4, 6, 4, 2, 6, 6, -4, -6, 2, -4, 0, -6, -3, -5, 3, -6, -5, -2, 6, -3, -3, 1, -2, -2, -4, 0, 3, 6, -1, -3, -1, -2, -2, -6, -6, -6, 4, 4, -1, -5, 3, 6, 4, -3, 6, 4, 5, 6, 4, 6, 2, 5, 0, 6, 4, 1, -6, 2, -3, -3, -3, 5, -3, -4, -2, 1, -5, 4, -6, 5, -4, 0, 6, 1, -4, 1]
 
2.15704309773: [6, 4, 3, -1, 1, -5, 5, -2, 4, -4, 2, -6, -2, -6, -3, 5, -6, 0, 5, 1, -6, 3, -2, 2, -3, -2, -2, -5, -4, 5, -6, 0, -2, -3, -4, 2, 1, 0, -3, -5, 2, 0, -3, 3, 0, 0, 4, -1, -6, 4, -5, -1, -4, 6, 4, 2, 6, -5, -4, -6, 2, -4, 0, -6, -3, -5, 3, -6, 6, -2, 6, -3, -3, 5, -2, 6, 1, 6, -2, 3, 1, 5, -4, -4, -2, -6, 6, 5, 4, 3, -6, 0, 3, 6, 4, -5, -1, -5, 0, 4, 4, -1, 2, 5, 0, -3, 1, -2, -4, 2, -3, 2, -3, -4, -6, -6, 2, -3, -2, 4, -6, -6, -3, -2, -6, 4, -1, 6]
 
2.41857296965: [6, -3, -1, -1, 4, 5, -5, -2, 4, -4, 2, -6, -6, -6, -2, 5, 1, -6, -6, 0, -6, -3, -2, 5, -3, 3, -3, -5, -3, 5, -2, 0, -6, 5, -5, 6, 1, 0, -3, 1, 6, 5, -2, -3, 0, 0, 4, -2, -5, 4, -5, -1, -4, 6, -1, 0, 4, 6, -4, -6, 2, 2, 0, -6, -3, -5, 3, 6, 0, -2, 1, -3, -3, 5, -2, 6, 1, 6, 2, 3, 1, 5, -4, -4, -2, -6, 6, 5, 4, -2, 1, 4, 3, 6, 4, -5, -3, -5, 4, -6, 6, -1, 2, -6, -2, -1, -6, -2, -6, 2, -3, 2, -3, 5, -3, 5, 2, -3, -2, 4, -6, 5, -3, -2, 4, 3, -1, 1]
 
1.78184483173: [6, 0, -3, -1, 4, -6, -4, -2, 2, -3, -6, -4, -6, -6, -6, -4, 0, -3, -3, 6, 2, 6, 5, -5, 5, 1, -2, -5, 6, 5, 5, -5, 1, -2, -1, -1, 1, 1, 3, -4, -4, 4, -6, 0, -2, 5, -5, -4, 2, 2, 0, -6, -2, 1, 6, 2, -5, 5, -4, -1, 2, 4, 0, 3, -4, -6, -5, -3, 2, -4, 6, 0, -3, -4, 6, -5, -5, -4, -3, 4, 6, -4, 1, -3, 5, 5, 3, 0, -5, 2, 4, 2, 2, 5, 1, -1, 6, -3, -2, 2, -1, 1, 2, -4, -6, -2, 5, 2, -4, -3, -4, 2, 6, 3, 1, -6, 2, -3, 2, 0, -6, -6, -5, -1, 6, 3, -1, 6]
 
2.33928965935: [6, 4, -3, -3, 1, 3, 5, -2, 4, -4, 2, -6, -2, -4, -3, 5, -6, 5, 5, 1, 0, 3, -2, -5, 4, -5, 2, -4, -1, -2, 2, 1, 5, 3, 2, 3, 1, 1, -2, -5, 2, 2, -3, 3, 0, 2, -1, 6, -6, 4, -5, 0, -4, 6, 4, 2, 6, -5, -4, -6, 6, -3, 0, 2, 3, 5, 1, -6, -2, 5, -4, 0, 6, -4, 6, -2, -1, -1, -1, 4, 2, -6, 0, -4, -4, -5, -4, 6, 4, -2, 1, 4, 3, 6, 4, -5, -3, -5, 4, -6, 6, -1, 2, -6, -2, -1, -6, -2, -6, 2, -3, 2, -3, 5, 1, -6, 2, -3, -5, 0, -6, -6, -3, -2, 4, -2, -1, 4]
 
1.2640492006: [-4, 6, -3, -6, 4, -4, -3, -2, 6, 3, -6, -4, -2, 2, 0, 2, 5, 0, -6, -2, -6, -1, 2, -5, 4, 2, -6, -3, 5, 4, 5, -5, 1, -3, 2, 6, 5, 1, 3, -4, -4, 3, -6, 0, -2, 5, -5, -4, 1, 1, 0, -6, -2, -4, 6, 2, 1, 3, -4, -6, -4, -4, 0, -6, -3, -6, -5, -6, 6, -2, 0, -3, -3, 5, -2, 6, 4, -2, -2, 6, -2, 4, 1, -1, -2, -5, 6, -1, 4, 3, 1, 4, 3, -2, -2, 6, -3, -2, 4, -6, 5, -1, -1, -6, -1, -1, -6, -2, 6, -5, 5, 2, 2, 0, -3, -5, 2, -1, 5, 4, -6, 4, -5, -2, 4, 3, -4, 1]
 
1.1887968024: [-2, 2, -6, -1, 1, -3, -5, -2, -4, -4, 2, -6, 6, 0, -1, 1, 1, 0, 1, 6, 3, 3, -2, 0, -3, -5, 5, -5, -4, -3, -2, 5, -6, 5, 3, 4, 3, -5, -4, 3, -3, 6, -6, 0, -4, 3, -6, 3, 4, 4, -6, 4, 6, -3, 4, 2, 1, -3, 4, 4, 2, 5, 0, -4, 5, -6, -5, 0, -2, -2, 6, -2, -1, 4, 4, 0, -1, -1, -1, 4, -5, -6, 0, 1, -3, 6, -4, 6, -3, 1, 1, 1, 6, -1, 5, -5, -3, 0, -4, -6, 6, 6, -1, -1, -2, 6, -5, -2, 3, 5, -3, 4, -1, 4, -3, -2, -6, 2, -6, -6, 0, -2, -3, 1, 3, 2, -4, 3]
 
2.73247560099: [6, -5, -6, -2, 1, -3, 4, -2, 1, -4, 2, -6, 6, -6, -1, -6, -1, 0, 5, 1, -6, 3, -2, 2, -3, -5, -2, -5, -4, 5, -5, 0, -6, 5, 4, 6, 2, -5, -3, 3, -6, 0, -6, -5, 0, 0, 4, -1, -6, 4, -5, 4, 3, -3, 4, 2, 6, 6, -4, -6, 6, -2, 0, 5, -6, -1, -2, -5, -3, -2, -2, -3, -3, -4, -4, 6, 1, 6, -4, -5, 5, -6, 1, -2, 5, -6, 5, -3, 4, -5, 1, 1, 2, 2, 4, -5, -3, 2, 6, -6, 6, -1, 2, -6, -2, -1, -6, -2, -6, 2, -3, 2, -3, 5, 1, -6, 2, -3, 2, 0, -6, -6, -5, -1, 6, 3, -1, 6]
 
1.29781490788: [6, 0, -3, -1, 4, -6, -4, -2, 2, -3, -6, -4, -6, -6, -6, -4, 0, -3, -3, 6, 2, 6, 5, -5, 5, 1, -2, -5, 6, 5, 5, -5, 1, -2, -1, -1, 1, 1, 3, -4, -4, 4, -6, 0, -2, 5, -5, -4, 2, 2, 0, -6, -2, 1, 6, 2, -5, 5, -4, -1, 2, 4, 0, 3, -4, -6, -5, -3, 2, -4, 6, 0, -3, -4, 6, -5, -5, -4, -3, 4, 6, -4, 1, -3, 5, 5, 3, 0, -5, 2, 4, 2, 2, 5, 1, -1, 6, -3, -2, 2, -1, 1, 2, -4, -6, -2, 5, 2, -4, -3, -4, 2, 6, 3, 1, -6, 2, -3, -5, 0, -6, -6, -3, -2, 4, -2, -1, 4]
 
1.52362977019: [6, -2, 1, -1, 1, -5, 0, -6, 4, -4, 5, -4, -2, -6, -5, 1, -4, 1, 4, -5, 4, 2, 1, 5, 0, 6, 3, -4, 1, -2, 5, -4, 4, -6, -1, -1, 1, 0, 3, -2, -4, -4, -6, 0, 1, 5, 5, 4, 2, 2, 0, -6, -2, 1, -5, -5, -4, -1, -4, -3, -4, -4, 0, -5, -3, 5, 3, -1, 5, -2, -5, -3, -3, 3, -2, -6, 4, -4, 5, 1, 4, -4, -4, -4, -2, -5, 6, -6, 0, 6, 1, 4, 3, 6, 4, -5, -3, -5, -2, -6, 6, -1, 2, -6, -1, 2, -6, -2, -1, 2, -3, -4, -6, 0, -3, 1, 2, -3, 0, 4, 4, 4, -3, -2, 2, 3, -2, 3]
 
1.85906206535: [6, -3, -3, 4, 0, -6, 6, -6, -5, 2, 3, 2, 4, 3, -3, 5, -6, 0, 5, 1, -6, 3, -2, 2, -3, -2, -2, -5, -4, 5, -6, 0, -2, -3, -4, 2, 1, 0, -3, -5, 2, 0, -3, 3, 0, 0, 4, -1, -6, 4, -5, -1, -4, 6, 4, 2, 6, -5, -4, -6, 2, -4, 0, -6, -3, -5, 3, -6, 6, -2, 6, -3, -3, 5, -2, 6, -4, 0, -2, 6, 4, -3, -1, -2, -2, -6, -6, 5, 4, -2, 1, -5, 3, 6, 4, -3, -3, -5, 4, -1, 6, -1, 2, -6, 4, -1, 2, 1, -6, 2, -3, 2, -3, 5, -3, -4, 1, 0, 6, 4, -6, 5, -3, -2, 4, 1, -4, 1]
 
2.64060275422: [-4, 5, -3, -6, 4, -6, 6, -2, 2, 3, -6, -4, -6, -6, -3, 5, 5, 0, 0, -2, 3, -4, 2, 2, -3, 2, -6, 6, 6, 1, 5, -5, 1, -2, -1, -1, 1, 1, 3, -4, -4, 4, -6, 0, -2, 5, -5, -4, 2, 2, 0, -6, -2, 1, 6, 2, 6, 3, -4, -6, -4, -4, 0, -6, -3, 3, 3, -6, 6, -2, 6, -3, -3, 5, -2, 6, 4, 5, -2, -4, 4, -4, -4, -4, -2, -5, 6, -6, 4, 3, 1, 4, 3, 6, 4, -5, -3, -5, 4, -6, 6, -1, 2, -6, -1, -1, -6, -2, -6, 2, -3, 2, 2, 0, -3, 1, 2, -3, -2, 4, -6, 5, -3, -2, 4, 3, -1, 1]
 
1.57504636821: [6, -3, -3, 4, 0, -6, 6, 4, -5, 1, 2, 2, 4, 3, 5, 1, -4, 1, 4, -6, 5, -2, -2, -2, 1, -3, -1, 4, -1, -2, 5, 4, 4, -2, -1, -2, 4, 1, 3, -4, -4, 4, -6, -2, -2, 3, -5, 0, -6, 2, -5, 1, -2, 3, -5, -4, 4, -3, -4, 1, 6, -5, 0, -3, -6, -1, -4, -5, 3, -5, 6, -3, -6, -4, 1, -5, 4, 1, -3, 4, -5, -2, 2, -4, 1, -6, 6, 5, 4, -1, 1, 4, 3, 1, -3, 2, 6, -5, 4, -6, 6, -1, 2, -4, -2, 4, 6, 1, -6, 2, -3, 5, 4, 2, -3, -4, 5, -3, 0, 1, 1, 4, 0, -2, 1, 1, -2, -4]
 
2.37904631838: [6, -3, -3, 4, 0, -6, 6, -6, -5, 2, 3, 2, 4, 3, -3, 5, -6, 0, 5, 1, -6, 3, -2, 2, -3, -2, -2, -5, -4, 5, -6, 0, -2, -3, -4, 2, 1, 0, -3, -5, 2, 0, -3, 3, 0, 0, 4, -1, -6, 4, -5, -1, -4, 6, 4, 2, 6, -5, -4, -6, 2, -4, 0, -6, -3, -5, 3, -6, 6, -2, 6, -3, -3, 5, -2, 6, -4, 0, -2, 6, 4, -3, -1, -2, -2, -6, -6, 5, 4, -2, 1, -5, 3, 6, 4, -3, -3, -5, 4, -1, 6, -1, 2, -6, 4, -1, 2, 1, -6, 2, -3, 2, -3, 5, -3, -4, 1, 0, 6, 4, -6, 5, -3, -2, 4, 1, -4, 1]
 
2.63651371384: [6, -3, -3, 4, 0, -6, 6, -6, -5, 2, 3, 2, 4, 3, -5, 1, -4, 1, 4, -6, 5, 2, -2, -2, 1, -3, 5, -4, 1, -2, 5, -5, 4, -2, -1, -2, 1, 1, 3, -4, -4, 4, -6, 0, -2, 3, -5, -1, 2, -6, 0, -6, 1, 1, 6, -4, -5, 5, -4, -1, 3, 4, 0, 3, 3, 5, 1, -6, -4, -5, 1, -3, 1, 3, 1, -5, 4, -1, -4, 4, -1, -4, -6, 4, 6, -5, -2, 3, 4, -4, 4, 6, -5, 6, 4, -4, -6, 3, 4, -5, 0, 3, 4, -6, 1, -1, 2, -5, 2, 2, -3, 2, 6, -3, 5, -6, 2, -3, -2, 4, -6, -6, -3, -4, 3, 3, -1, 6]
 
1.22697567741: [6, -3, -3, -1, 4, -6, -5, -2, 4, -4, 2, -6, -2, -6, -3, 5, -6, 0, 5, 1, -6, 3, -2, 2, -3, -2, -2, -5, -4, 5, -5, 4, -5, 0, -2, -2, -4, 3, 5, -5, 2, 0, -3, 3, 0, 0, 4, -1, -6, 4, -5, -1, -4, 6, 4, 2, 6, -5, 6, -6, 1, -2, -3, 4, -6, -1, -2, 0, -4, -1, 6, -3, 1, -4, 1, -5, 4, -1, -4, 4, -1, -4, 0, -4, -2, -2, -5, 5, 4, 1, 1, 4, 6, 6, 4, -5, -3, -5, 4, -6, -3, -1, 6, 2, -2, -2, -6, -5, -3, 2, -3, 6, -3, 5, -3, 5, 2, 6, -2, 0, -6, -6, -3, -4, 3, 3, -1, 6]
 
1.31774300687: [6, -3, -3, 4, 0, -6, 6, -5, -5, -1, 3, -5, 4, -6, 5, 6, -2, 1, 4, -6, -4, -2, 4, -3, 3, -3, 5, -4, -3, -1, 0, 0, 1, 5, 3, -2, 1, -1, 3, -3, -4, 4, -4, 3, -2, 3, -5, -2, 2, -6, 0, -6, 1, 1, 6, -1, -5, 2, 3, -1, 2, 4, 1, -6, -3, 5, 1, 6, 1, -5, 1, -3, 1, 3, 1, -5, -5, -1, -4, 4, -1, -4, -4, 2, 6, -5, -2, 3, 4, -4, 4, 5, -5, 6, 4, -4, -6, 3, 4, 0, -3, 3, 4, -6, -2, -3, 2, 5, 1, 2, -3, 1, -2, -3, 2, -5, 2, -5, -2, 4, 3, -6, -3, -4, 4, -3, -1, 6]
 
1.79498814552: [6, -3, -3, 4, 0, -6, 6, -6, -5, 2, 3, 2, 4, 3, -5, 1, -4, 1, 4, -6, 5, 2, -2, -2, 1, -3, 5, -4, 1, -2, 5, -5, 4, -2, -1, -2, 1, 1, 3, -4, -4, 4, -6, 0, -2, 3, -5, 0, -6, 5, -5, 1, -4, 3, 0, -1, 6, 6, -4, -6, 6, -2, 0, 5, -6, -1, -2, -5, -3, -2, -2, -3, -3, -4, -4, 6, 1, 6, -4, -5, 5, -6, 1, -2, 5, -6, 5, -3, 4, -5, 1, 1, 2, 2, 4, -5, -3, 2, 6, -6, 6, -1, 2, -6, -2, -1, -6, -2, -6, 2, -3, 2, -3, 5, -3, 5, 2, -3, 0, 4, -6, 4, -3, -2, 4, 3, -2, 1]
 
2.15761223872: [6, -3, -3, 4, 0, -6, 6, -6, -5, 2, 3, 2, 4, 3, -5, 1, -4, 1, 4, -6, 5, 2, -2, -2, 1, -3, 5, -4, 1, -2, 5, -5, 4, -2, -1, -2, 1, 1, 3, -4, -4, 4, -6, 0, -2, 3, -5, 0, -6, 5, -5, 1, -4, 3, 0, -1, 6, 6, -4, -6, 6, -2, 0, 5, -6, -1, -2, -5, -4, -5, 6, -3, -6, -4, 1, -5, 4, -1, -4, 4, -5, -4, -4, -4, -2, -6, 6, 5, 4, -2, 1, 4, 3, 6, 4, -5, -3, -5, 4, -6, 6, -1, 2, -6, -2, -1, -6, -2, -6, 2, -3, 2, -3, 5, 1, -6, 2, -3, -5, 0, -6, -6, -3, -2, 4, -2, -1, 4]
 
0.986011480065: [6, 5, -3, -1, 4, -6, -5, -2, 4, -2, -4, -6, 3, 2, -6, 5, -4, 2, 5, 1, 4, 3, -2, 2, -3, -4, -2, -5, -4, 5, -5, 1, -6, -3, -5, 6, 1, -5, 1, -4, -4, -2, -1, 1, -4, -4, 1, 0, 3, 5, -5, 6, 1, 1, 6, -4, -3, 5, -4, -1, -6, -2, 0, 3, 2, 5, 1, -6, -4, -5, 1, 0, -3, 2, -5, -5, 5, 2, -4, -6, -1, -4, -6, 1, 6, -5, 3, 3, -3, -4, 4, 6, -5, 6, 4, -4, -6, 3, 4, -5, 0, -2, 4, -6, 1, -1, 2, 1, 2, 2, -3, 2, 6, -3, 5, -6, 2, -4, -2, 4, 0, -6, -6, -4, 2, 5, 5, -2]
 
2.24329621968: [6, -3, -3, 4, 0, -6, 6, -6, -5, 2, 3, 2, 4, 3, -5, 1, -4, 1, 4, -6, 5, 2, -2, -2, 1, -3, 5, -4, 1, -2, 5, -5, 4, -2, -1, -2, 1, 1, 3, -4, -4, 4, -6, 0, -2, 3, -5, -1, 2, -6, 0, -6, -4, 3, 0, -1, 6, 6, -4, -6, 6, -2, 0, 5, -6, -1, -2, -5, -4, -5, 6, -3, -6, -4, 1, -5, 4, -1, -4, 4, -5, -4, -6, 6, -3, -5, 5, 6, 4, -2, 0, -3, 6, 6, 4, -4, -6, -2, 4, -6, 0, 3, 4, 1, -4, -1, -6, -2, -6, 2, -3, 2, -3, 5, 5, -6, 2, -3, -2, 4, -6, -6, -3, -2, 4, 3, -1, 6]
 
1.52430375435: [6, -3, -3, 4, 0, -6, 6, -6, -5, 2, 3, 2, 4, 3, -5, 1, -4, 1, 4, -6, 5, 2, -2, -2, 1, -3, 5, -4, 1, -2, 5, -5, 4, -2, -1, -2, 1, 1, 3, -4, -4, 4, -6, 0, -2, 3, -5, 0, -6, 5, -5, 1, -4, 3, 0, -1, 6, 6, -4, -6, 6, -2, 0, 5, -6, -1, -2, -5, -3, -2, -2, -3, -3, -4, 1, -5, 4, -1, -4, 4, -1, -4, 0, -4, -2, -2, -5, 5, 4, 1, 1, 4, 6, 6, 4, -5, -3, -5, 4, -6, -3, -1, 6, 2, -2, -2, -6, -5, -3, 2, -3, 6, -3, 5, -3, 5, 2, 6, -2, 0, -6, -6, -3, -4, 3, 3, -1, 6]
 
1.68532033184: [6, -3, -3, -1, 4, -6, -5, -2, 4, -4, 2, -6, -2, -6, -3, 5, -6, 0, 5, 1, -6, 3, -2, 2, -3, -2, -2, -5, -4, 5, -5, 4, -5, 0, -2, -2, -4, 3, 5, -5, 2, 0, -3, 3, 0, 0, 4, -1, -6, 4, -5, -1, -4, 6, 4, 2, 6, -5, 6, -6, 1, -2, -3, 4, -6, -1, -2, 0, -4, -1, 6, -3, 1, -4, -4, 6, 1, 6, -4, -5, 5, -6, 1, -2, 5, -6, 5, -3, 4, -5, 1, 1, 2, 2, 4, -5, -3, 2, 6, -6, 6, -1, 2, -6, -2, -1, -6, -2, -6, 2, -3, 2, -3, 5, 1, -6, 2, -3, -5, 0, -6, -6, -3, -2, 4, -2, -1, 4]
 
2.19271635475: [6, 4, 3, -1, 1, -5, 5, -2, 4, -4, 2, -6, -2, -6, -3, 5, -6, 0, 5, 1, -6, 3, -2, 2, -3, -2, -2, -5, -4, 5, -6, 0, -2, -3, -4, 2, 1, 0, -3, -5, 2, 0, -3, 3, 0, 0, 4, -1, -6, 4, -5, -1, -4, 6, 4, 2, 6, -5, -4, -6, 2, -4, 0, -6, -3, -5, 3, -6, 6, -2, 6, -3, -3, 5, -2, 6, -4, 0, -2, 6, 4, -3, -1, -2, -2, -6, -6, 5, 4, -2, 1, -5, 3, 6, 4, -3, -3, -5, 4, -1, 6, -1, 2, -6, 4, -1, 2, 1, -6, 2, -3, 2, -3, 5, -3, -4, 1, 0, 6, 4, -6, 5, -3, -2, 4, 1, -4, 1]
 
1.12167805574: [-3, 6, -3, 1, -5, -6, 1, 5, 0, 2, 3, -3, 4, 3, -1, -2, -5, -6, 3, 1, -6, 3, -2, -5, 3, -2, 4, -5, 1, 5, -5, 5, -2, -3, -5, 0, -3, -3, 1, 0, 4, 6, 3, -4, 0, 0, -5, 5, -1, -3, -5, 5, -4, 2, -4, 2, -4, -5, -4, 1, 4, -4, 0, -2, 6, 6, 3, -6, 6, -1, -3, 3, 0, 4, 5, -2, 1, 2, 2, 2, 1, -4, -3, -5, -2, -3, 0, 5, -4, 6, -6, 6, -5, 6, 4, -5, 0, -1, -6, -2, -5, 0, 1, 5, 5, 5, 1, 0, 5, 2, 6, 2, -3, -6, -6, 3, 2, -5, 5, 4, 1, -5, -3, -2, 3, -3, -1, 0]
 
2.32945228839: [6, -3, -3, -1, 4, -6, -5, -2, 4, -4, 2, -6, -2, -6, -3, 5, -6, 0, 5, 1, -6, 3, -2, 2, -3, -2, -2, -5, -4, 5, -5, 0, -6, 5, -5, 6, 1, 0, -3, -4, -4, 4, -6, 0, -2, 3, -5, 0, -6, 5, -5, 1, -4, 3, 0, -1, 6, 6, -4, -6, 6, -2, 0, 5, -6, -1, -2, -5, -4, -5, 6, -3, -6, -4, 1, -5, 4, -1, -4, 4, -5, -4, -4, -4, -2, -6, 6, 5, 4, -2, 1, 4, 3, 6, 4, -5, -3, -5, 4, -6, 6, -1, 2, -6, -2, -1, -6, -2, -6, 2, -3, 2, -3, 5, -3, 5, 2, -3, 0, 4, -6, 4, -3, -2, 4, 3, -2, 1]
 
0.393518123023: [6, -3, -3, 5, 0, 2, 0, 3, -6, 4, -1, 2, 4, -5, -5, -1, 4, 1, 1, -6, 5, 2, -2, -2, 5, -3, 5, 3, 1, -2, 5, -5, 4, -2, -1, -2, 6, -2, -5, -4, -4, 4, 1, 3, -3, -6, 4, 0, -6, -2, -5, 4, 4, -5, -4, 6, 6, 2, -5, -3, 6, 2, 0, -2, 3, 5, 0, -5, -4, -5, 6, 4, 1, 3, 1, 2, 4, -1, -4, -6, -5, -4, -6, 6, -3, -5, 5, -4, 4, -2, 6, -3, 6, 6, 4, 0, -6, 0, 5, -6, 0, 3, -4, 1, -4, -1, -6, -4, 6, -1, -3, 2, -3, 5, 5, -6, 2, -3, -2, 4, -2, 3, 0, 0, 4, 0, -3, 6]
 
2.82984459275: [-4, 5, -3, -6, 4, -6, 6, -2, 2, 3, -6, -4, -6, -6, -3, 5, 5, 0, 0, -2, 3, -4, 2, 2, -3, 2, -6, 6, 6, 1, 5, -5, 1, -2, -1, -1, 1, 1, 3, -4, -4, 4, -6, 0, -2, 5, -5, -4, 2, 2, 0, -6, -2, 1, 6, 2, 6, 3, -4, -6, -4, -4, 0, -6, -3, 3, 3, -6, 6, -2, 6, -3, -3, 5, -2, 6, 4, 5, -2, -4, 4, -4, -4, -4, -2, -5, 6, -6, 4, 3, 1, 4, 3, 6, 4, -5, -3, -5, 4, -6, 6, -1, 2, -6, -1, -1, -6, -2, -6, 2, -3, 2, 2, 0, -3, 1, 2, -3, 0, 4, -6, 4, -3, -2, 3, 3, -1, 6]
 
2.00639659639: [6, -3, -3, -1, 4, -6, -5, -2, 4, -4, 2, -6, -2, -6, -3, 5, -6, 0, 5, 1, -6, 3, -2, 2, -3, -2, -2, -5, -4, 5, -5, 0, -6, 5, -5, 6, 1, -5, 1, -4, -1, -2, -1, 0, 2, -4, 1, 0, -6, 5, -5, 1, 1, 1, 6, -4, -5, 5, -4, -1, 3, 4, 0, 3, 3, 5, 1, -6, -4, -5, 1, -3, 1, 3, 1, -5, 4, -1, -4, 4, -1, -4, -6, 4, 6, -5, -2, 3, 4, -4, 4, 6, -5, 6, 4, -4, -6, 3, 4, -5, 0, 3, 4, -6, 1, -1, 2, -5, 2, 2, -3, 2, 6, -3, 5, -6, 2, -3, -2, 4, -6, -6, -3, -4, 4, 3, -2, 1]
 
