2.700096367520232: [-3, -6, 6, 1, -1, -6, -2, 2, 1, -4, -2, 1, -3, -4, 4, 4, 3, 2, 0, 4, 1, 0, -1, 6, -2, -4, 6, -1, 0, -6, 3, -6, 5, -5, 6, -4, 0, -1, 4, 5, -4, 4, -5, 5, -4, 0, -6, 6, -2, 6, 4, -1, -1, -6, -2, 6, -6, -4, 5, -2, -3, -2, 0, 6, -6, -3, -4, 0, 0, 3, 4, 5, 5, 5, 2, -4, 2, 3, 3, 2, 6, -3, 3, 3, 6, 0, -3, 5, -1, 0, 5, 3, 1, 0, 6, 1, 2, -5, -6, -5, -1, -1, 5, -2, 0, -2, -6, 1, 5, -3, -4, 0, -1, 0, -6, -1, -1, 2, 6, 3, 4, 5, 5, -6, 4, -6, 6, 4]
 
1.9501165894916244: [4, -6, 6, 1, -1, -6, -2, 2, 1, -4, -2, 1, -3, -4, 4, 4, 3, 2, 0, 4, 1, -4, 1, 6, -6, -4, 3, -1, 0, -6, 3, -6, 5, -5, 6, -4, -6, -1, 4, 5, -6, 4, -2, 5, -6, 0, 6, 6, 3, 2, 4, -1, -4, 6, -2, 6, -6, 5, 5, -2, -3, 4, 0, -3, -6, -6, -4, -6, -6, 1, -5, 5, 5, -4, 5, -5, -4, 3, 1, -4, 6, -5, -4, 0, 2, -3, 5, -1, -1, 5, -3, 6, 2, 6, -2, -5, -2, -4, -6, -4, -4, 1, 2, 5, -1, 6, -2, 3, -6, 3, 4, 0, 0, -6, 6, -1, -1, -5, 6, 4, -1, 5, 5, -6, 4, -6, 6, 4]
 
0.44494970699030856: [6, -6, 6, -6, -1, -3, 1, 2, -6, -4, -2, 2, -3, -6, -6, -2, 2, 2, -4, 6, -5, 5, 1, -2, -2, -5, -3, -1, -3, 0, 6, -2, -4, -1, 6, 5, -6, 0, 4, 5, 1, 4, -2, 5, -2, 0, 6, 6, -1, 1, -6, -5, -5, 6, -3, 6, -6, -4, -6, -2, 0, -2, 0, 5, 1, 4, -6, -6, -6, 4, 0, -2, 4, 4, 2, 1, 5, 4, -3, 4, 3, 3, 3, -6, -1, 0, -6, 2, 3, -3, 5, -4, -2, 0, 6, 2, 2, -4, 1, -4, 6, 3, -5, -1, -6, 4, 6, -3, 5, -3, -4, -4, -1, 0, -4, -1, -1, -2, 1, 3, 1, -4, 5, 3, 4, -6, 6, 4]
 
3.0406785896694988: [-3, -6, 6, 1, -1, -6, -2, 2, 1, -4, -2, 1, -3, -4, 4, 4, 3, 2, 0, 4, 1, 0, -1, 6, -2, -4, 6, -1, 0, -6, 3, -6, 5, -5, 6, -4, 0, -1, 4, 5, -4, 4, -5, 5, -4, 0, -6, 6, -5, 6, 4, 5, 5, -6, -2, 6, 0, -4, 5, -4, -3, -1, 0, 6, -6, -6, -4, 0, 0, 3, -5, 5, 5, 5, 2, -4, 2, 4, 3, -4, 6, -3, 3, -6, 3, 4, -3, 2, 3, 0, 5, 5, 3, 0, 6, -4, 2, -4, -6, -4, -4, -6, 2, -1, -6, -2, -6, 6, 4, -3, 4, 1, 0, 4, 6, -5, -4, -5, 6, -6, -1, 5, 5, -6, 4, -6, 0, -3]
 
2.27523698097492: [-6, -6, 6, 1, 3, -6, -2, -3, 6, -4, -1, 1, 3, 4, 2, -2, 1, 0, 0, 4, 0, 0, 4, 6, -2, -4, -3, -1, 0, -6, 3, -6, 5, -5, 0, 0, 0, -3, -3, 1, 5, 4, -5, 5, -4, 0, -6, 6, 4, 2, -5, 5, 1, 5, -2, 6, -6, -4, -2, -6, 4, -2, -5, 5, -6, -6, -4, -6, -6, 4, -5, -6, -2, 4, 2, 1, -3, -3, -3, 4, 1, 5, 3, -6, 3, 4, 5, 2, 3, 0, 5, 5, -6, 0, 6, -4, 2, -4, -6, -4, -4, -1, 2, -1, -6, -2, -6, 6, -1, -3, 4, -4, 0, 4, 6, -1, -1, 2, 6, 4, -1, -4, 1, 2, -5, -3, -4, 2]
 
2.68635410541: [4, 5, 6, -6, -1, 2, -2, -5, -6, -4, -2, -6, -3, -3, -6, 6, 2, -4, -4, -4, -6, 2, 1, -3, -2, 2, 3, -5, -5, -6, 6, -6, 0, 3, -1, -5, -6, -5, 4, -5, -4, 4, 3, 1, 2, 0, -1, -4, -5, -4, 2, -1, -4, -1, -2, 6, -6, -4, 5, 5, -3, -2, 0, 6, -3, -6, -4, -6, -6, -5, -5, 5, -5, -4, 5, -5, -4, 3, 1, -5, 6, -5, 3, 0, 2, -3, 5, 5, -1, 5, -1, 6, 2, -2, -2, -5, -2, -4, -6, -4, -4, 1, 4, 5, -1, 6, -2, 3, -6, 1, 0, 0, -5, 6, 6, -5, -4, -5, 6, -1, -1, 5, 5, 1, 4, -6, -4, -3]
 
0.4438757074582691: [-3, -6, 6, -1, -1, -6, -2, 2, 1, -4, -2, 5, -3, -4, 0, -5, 3, 2, -6, 3, -6, 2, 0, 6, -2, -5, 3, -1, -5, 0, 1, -5, 0, 0, 6, 3, -4, 0, 4, 2, -2, 4, -1, 0, -3, -1, 1, 5, 1, 2, -4, -1, -4, 6, -2, 6, -2, 5, 5, -2, 0, 4, 0, -3, -4, -1, -4, -6, -6, 1, -5, 5, 5, -4, 5, -5, -4, 3, 1, 4, 6, -5, 5, 0, 2, -3, 5, -1, -1, 5, -3, 6, 2, 6, 2, -5, -2, 3, -6, -4, 3, 1, 2, 0, -1, 6, -2, -3, -6, -1, 4, -1, 0, -6, 2, -5, -4, -1, 6, 1, -1, -3, 5, -6, 4, 2, 3, -3]
 
2.215412912353406: [-3, -6, 6, 1, -1, -3, -2, -6, 1, -4, -2, 1, -3, -4, 4, 4, 3, 5, 0, 4, 1, -3, -1, 6, -2, -4, 6, -1, 0, -6, 3, -6, 5, -5, 6, -4, 0, -1, 4, 5, -4, 4, -5, 5, -4, 0, -6, 6, -5, 6, 4, 5, 5, 3, -2, 6, 3, 1, 5, -5, -3, -1, 0, 5, -6, -6, 0, -1, -1, 4, -5, 1, 1, -5, 2, -2, -3, 4, -3, 4, 6, 5, 3, -6, 3, 4, -3, 2, 3, 0, 5, 5, 3, 0, 6, -4, 2, -4, -6, -4, -4, -6, 2, -1, -6, -2, -6, 6, 4, -3, 4, 1, 0, 4, 6, -1, -1, -5, 6, 4, -1, -4, 1, 1, 1, -3, -4, 2]
 
2.6916013033451165: [-3, -6, 6, 1, -1, -6, -2, 2, 1, -4, -2, 1, -3, -4, 4, 4, 3, 2, 0, 4, 1, 0, -1, 6, -2, -4, 6, -1, 0, -6, 3, -6, 5, -5, 6, -4, 0, -1, 4, 5, -4, 4, -5, 5, -4, 0, -6, 6, -5, 6, 4, 5, 5, -6, -2, 6, 0, -4, 5, -4, -3, -1, 0, 6, -6, -6, -4, 0, 0, 3, -5, 5, 5, 5, 2, -4, 2, 4, 3, 4, 6, -3, 3, -6, 3, 4, -3, 2, 3, 0, -6, 6, 3, 4, 6, -4, 5, -1, 1, 1, 6, -6, 1, -1, -1, -2, -6, 6, -1, -3, -3, -3, 3, -5, 2, -4, -1, -1, 6, 4, 4, 5, -3, -6, 4, -6, 6, -2]
 
0.4548420188108085: [-6, -6, 0, 2, -1, 6, -3, 2, 5, -4, -3, 1, -2, 4, 2, -6, 3, 2, 5, 4, -3, -1, 1, -2, -2, -5, 3, 0, 0, 0, 6, 1, 0, 3, -1, 0, -6, -5, 4, 5, 6, 6, -1, -3, -6, 0, 1, 0, -4, -4, 6, 3, -5, -6, 2, 6, 4, -4, -1, -5, 0, -5, -2, 4, 4, -6, 1, 4, -5, 4, -3, -6, 2, -1, -4, -4, -3, 5, -3, -1, -3, -1, 0, -4, 5, -4, 0, 2, 4, 6, 5, -6, -4, 5, 6, 2, -5, 5, -1, 0, -2, -5, -3, -1, 6, -5, 2, 5, -6, 2, -4, 0, -1, -3, 1, 1, -1, 1, 1, 5, 4, -2, 4, 4, 4, 6, 5, -2]
 
1.16850844484: [4, -4, 6, -6, -4, -3, -2, 2, 4, -5, 6, 2, -1, -3, -6, 6, 2, -4, -5, 3, -5, 3, 1, -6, -2, -5, 3, 4, -5, 0, 4, 5, 5, -2, -6, 0, -6, -1, 4, 2, -2, -6, 2, 1, 2, -3, 3, -4, 6, 6, 2, -3, -4, -1, 1, 5, -6, -4, 5, -2, 6, 5, -6, 6, -6, -6, -4, -6, -3, 3, 5, 6, 5, -1, 2, -5, -6, 4, 3, -6, -5, -3, 2, 2, -2, 0, -3, 5, -1, -4, -6, 6, 3, 1, -3, -4, 2, 1, -5, 0, 6, -6, -3, -3, -5, -2, 1, -3, 3, -3, -3, -3, 2, -3, 2, -4, 5, -5, 6, 6, 2, 6, -3, 6, -4, -6, 6, 2]
 
1.9636981124081538: [4, -6, 6, 1, -1, -6, -2, 2, 1, -4, -2, 1, -3, -4, 4, 4, 3, 2, 0, 4, 1, -4, 1, 6, -6, -4, 3, -1, 0, -6, 3, -6, 5, -5, 6, -4, -6, -1, 4, 5, -6, 4, -2, 5, -6, 0, 6, 6, 3, 4, 4, 2, -4, 6, 5, 1, -6, 2, 1, -2, 1, -2, 0, 5, -6, -6, 5, -5, -6, 4, -5, -2, 3, -1, 5, -2, -4, 5, 1, -4, 6, -3, 3, -6, 3, 4, -3, 2, 3, 0, 5, 5, 3, 0, 6, -4, 2, -4, -6, -4, -4, -6, 2, -1, -6, -2, -6, 6, 4, -3, 4, 1, 0, 4, 6, -1, -1, -5, 6, 4, -1, 5, 5, -6, 4, -6, 6, 4]
 
0.943673261491: [4, -6, -1, -6, -1, -4, -2, 2, 2, -4, 3, 2, -3, -3, -6, 6, 2, 2, -4, 3, -6, 2, 1, 6, 1, -5, 3, -1, -5, -5, 6, -5, 0, -4, 6, 5, -4, 0, 4, -6, -2, 4, -1, 0, -4, -1, -5, 6, 1, 2, 5, -1, -4, 6, -1, 4, -6, -1, 5, -2, 4, -2, -6, 6, -3, 1, -4, -6, 0, 3, -1, -2, -5, -3, 2, -6, 2, 4, 3, -4, -1, -3, 3, 3, -2, 0, -3, 5, -1, 4, -6, 6, 3, -4, 6, -4, 2, 1, 1, 1, 6, -6, -3, -1, -1, 6, -6, 6, 3, -3, -3, -3, 5, 4, 2, 4, -1, -5, 2, -5, -1, 5, 5, -6, 4, -4, 6, 4]
 
2.0900830137518693: [-3, -6, 6, 1, -1, -6, -2, 2, 1, -4, -2, 1, -3, -4, 4, 4, 3, 2, 0, 4, 1, -4, 1, 6, -6, -4, 3, -1, 0, -6, 3, -6, 5, -5, 6, -4, -6, -1, 4, 5, -6, 4, -2, 5, -6, 0, 6, 6, 3, 4, 4, 2, -4, 6, 5, 1, -6, 2, 1, -2, 1, -2, 0, 5, -6, -6, 5, -5, -6, 4, -5, -2, 3, -1, 5, -2, -4, 5, 1, 0, 6, -5, 3, -6, 3, 4, -3, 2, 3, 0, 5, 5, 3, 0, 6, -4, 2, -4, -6, -4, -4, -6, 2, -1, -6, -2, -6, 6, 4, -3, 4, 1, 0, 4, 6, -1, -1, -5, 6, 4, -1, 5, 5, -6, 4, -6, 6, 4]
 
0.5221074632564797: [4, -1, 6, 6, -1, -4, -6, 2, 1, 1, 3, 2, -3, 3, -2, 6, -2, 0, 6, -3, -1, 0, 1, -5, -2, -2, 6, -1, -5, 5, 5, 0, 6, -5, 6, -2, 1, -4, 6, 2, 5, 4, 0, 5, -6, 0, 6, 6, -6, 6, 4, 6, -4, 6, -2, 1, -6, 2, -2, -2, -3, -2, 0, 5, -6, -6, -4, -6, -6, 6, -5, -2, -2, 4, 2, 1, -3, 2, -3, 4, 1, -3, 3, -4, 3, 4, -1, 2, -6, 0, -2, -5, 3, 0, 6, -4, -2, 5, -6, -1, -4, 0, 2, 5, -1, 6, -2, 3, -6, 3, 2, 0, 0, -3, 5, 3, -4, -5, -6, -6, -1, 5, 5, -6, 2, -4, 5, -3]
 
1.811425707645157: [4, -6, 6, -6, -5, -6, -2, -2, -6, 6, -6, 2, 2, -3, -6, 2, 2, 2, -4, 3, -5, 2, 1, 6, -2, -5, 6, -1, -5, 0, 6, -5, 0, 5, 6, -6, -4, 0, 4, 2, -2, 4, -1, 0, -4, -1, 1, 6, -4, 2, 4, -1, -4, 6, -4, -6, -6, 5, 5, -2, -3, 4, 5, -3, -6, 3, -4, -6, -6, 6, -5, 5, 5, -4, -6, -5, -4, 4, 1, -4, 6, -5, -2, 0, 2, -3, 5, -1, -1, 1, -5, 6, 2, 6, 2, -5, -2, -4, 1, -1, -1, 1, 2, 2, -1, -6, -2, -1, -6, 3, 4, 0, 0, -6, -3, -5, -4, -5, 6, -6, -1, 5, 5, -3, -3, -6, 0, -3]
 
1.7216711283177561: [-2, -6, 0, 1, -1, -6, -3, 2, 5, -4, 3, 1, -2, 4, 2, -6, 3, 2, 5, 4, -3, -1, 1, -3, -2, -5, 3, -5, -5, 0, 6, 0, 0, -2, -1, 0, -6, -5, 4, -5, -4, 4, 2, 1, 2, 0, 3, -4, -5, 6, 2, -1, -4, -1, -2, 6, -6, -4, 5, -2, -3, -2, 0, 5, -6, -6, -4, -6, -6, 4, -5, -2, -2, 4, 2, 1, -3, 4, -3, 4, 6, -3, 3, -6, 3, 4, -3, 2, 3, 0, 5, 5, 3, 0, 6, -4, -2, -4, -6, -4, -4, 1, 2, 5, -1, 6, -2, 3, -6, 3, 4, 0, 0, -3, -4, 3, -4, -5, -6, -6, -1, 5, 5, -6, 2, -6, 5, -3]
 
2.2393595977568106: [-3, 3, 6, 1, -4, -6, -2, -5, 1, -1, 0, -6, -3, -4, 4, 4, 3, 2, 0, 4, 1, 0, -1, 6, -2, -4, 6, -1, 0, -6, 3, -6, 5, -5, 6, -4, 0, -1, 4, 5, -4, 4, -5, 5, -4, 0, -6, 6, -5, 6, 4, 5, 5, 3, -2, 6, 3, 1, 5, -5, -3, -1, 0, 5, -6, -6, 0, -1, -1, 4, -5, 1, 1, -5, 2, -2, -3, 4, -3, 4, 6, 5, 3, -6, 3, 4, -3, 2, 3, 0, 5, -3, 3, 0, 6, -4, 2, -5, -6, 1, -1, -6, 2, -2, 2, -2, -6, 6, 4, -3, 4, 1, 0, 4, 6, -1, -1, -5, 6, 4, -1, 5, 5, -6, 4, -6, 6, 4]
 
3.0745192220901454: [-2, -6, 0, 1, -1, -6, -3, 2, 5, -4, 3, 1, -2, 4, 2, -6, 3, 2, 5, 4, -3, -1, 1, -3, -2, -5, 3, -5, -5, 0, 6, 0, 0, -2, -1, 0, -4, -6, 4, 2, -2, 3, -1, -3, -4, -1, 1, 3, 1, 2, 4, -1, -4, 6, -2, 6, -6, 5, 5, -2, -3, 4, 0, -3, -6, -6, -4, -6, -6, 1, -5, 5, 5, -4, 5, -5, -4, 3, 1, -4, 6, -5, -4, 0, 2, -3, 5, -1, -1, 5, -3, 6, 2, 6, -2, -5, -2, -4, -6, -4, -4, 1, 2, 5, -1, 6, -2, 3, -6, 3, 4, 0, 0, -6, 6, -5, -4, -5, 6, -6, -1, 5, 5, -6, 4, -6, 0, -3]
 
1.1786850311448356: [-2, -6, 0, 1, -1, -6, -3, 2, 5, -4, 3, 1, -2, 4, 2, -6, 3, 2, 5, 4, -3, -1, 1, -3, -2, -5, 3, -5, -5, 0, 6, 0, 0, -2, -1, 0, -6, -5, 4, -5, -4, 4, 2, 1, 2, 0, 3, -4, -5, 6, 2, -1, -4, -1, -2, 6, -6, -4, 5, -2, -3, -2, 0, 6, -6, -6, -4, -6, 0, 3, -5, -2, 5, -1, 2, 4, 2, 4, 3, -4, 6, -3, 3, -6, -2, 0, -3, 5, -1, 0, -6, 6, 3, -4, 6, -4, 2, -1, 1, 1, 6, -6, -3, -1, -1, -2, -6, 6, 3, -3, -3, -3, 0, 4, 2, -4, -1, -5, 6, 4, -1, 5, 5, -6, 4, -6, 6, 4]
 
3.80178124714818: [-3, -6, 6, 1, -1, -6, -2, 2, 1, -4, -2, 1, -3, -4, 4, 4, 3, 2, 0, 4, 1, 0, -1, 6, -2, -4, 6, -1, 0, -6, 3, -6, 5, -5, 6, -4, 0, -1, 4, 5, -4, 4, -5, 5, -4, 0, -6, 6, -5, 6, 4, 5, 5, -6, -2, 6, 0, -4, 5, -4, -3, -1, 0, 6, -6, -6, -4, 0, 0, 3, -5, 5, 5, 5, 2, -4, 2, 4, 3, -4, 6, -3, 3, -6, 3, 4, -3, 2, 3, 0, 5, 5, 2, 6, -2, -5, -2, -4, -6, -4, -4, 1, 2, 5, -1, 6, -2, 3, -6, 3, 4, 0, 0, -6, 6, -5, -4, -5, 6, -6, -1, 5, 5, -6, 4, -6, 0, -3]
 
1.9336201899489223: [-3, -6, 6, 1, -1, -6, -4, 3, 1, 3, -2, 1, -3, -4, -5, 4, 3, -4, 4, 4, 6, -4, 1, 6, -6, -4, -1, -1, 0, -6, 3, -6, 5, -5, 6, -1, -6, -1, 4, 5, -6, 4, -3, 4, -6, 2, 6, 6, 3, 4, -2, -1, -1, -6, -2, 4, -6, -4, 2, 1, 4, -2, 0, 6, -6, -3, 5, 0, 3, 4, 4, 5, 5, 5, 2, -4, 2, 3, 2, 2, 6, -3, 3, 6, -1, 0, -5, 5, -5, 0, 5, -3, 1, 0, 6, 0, -2, -5, -6, -5, -1, -1, -5, -2, 0, -2, -6, 1, 5, -3, -4, -6, -1, 0, -3, -1, -1, 6, -1, 3, 4, 5, 5, -6, 2, -6, 6, 4]
 
3.0865624532131415: [-3, -6, 6, -6, -1, -3, -2, 2, -6, -4, -2, 2, -3, -3, -6, 6, 2, 2, -4, 3, -6, 2, 1, 6, -2, -5, 3, -1, -5, 0, 6, -5, 0, 5, 6, 5, -4, 0, 4, 2, -2, 4, -1, 0, -4, -1, 1, 6, 1, 2, 4, -1, -4, 6, -2, 6, -6, 5, 5, -2, -3, 4, 0, -3, -6, -6, -4, -6, -6, 1, -5, 5, 5, -4, 5, -5, -4, 3, 1, -4, 6, -5, -4, 0, 2, -3, 5, -1, -1, 5, -3, 6, 2, 6, -2, -5, -2, -4, -6, -4, -4, 1, 2, 5, -1, 6, -2, 3, -6, 3, 4, 0, 0, -6, 6, -5, -4, -5, 6, -6, -1, 5, 5, -6, 4, -6, 0, -3]
 
3.2775832734388235: [-3, -6, 6, 1, -1, -6, -2, 2, 1, -4, -2, 1, -3, -4, 4, 4, 3, 2, 0, 4, 1, -4, 1, 6, -6, -4, 3, -1, 0, -6, 3, -6, 5, -5, 6, -4, -6, -1, 4, 5, -6, 4, -2, 5, -6, 0, 6, 6, 3, 4, 4, 5, -2, -6, -2, 6, -6, -4, 5, -2, 0, -2, 0, 5, -6, -6, -4, -6, -6, 4, -5, -2, -2, 4, 2, 1, -3, 4, -3, 4, 6, -3, 3, -6, 3, 4, -3, 2, 3, 0, 5, 5, 3, 0, 6, -4, 2, -4, -6, -4, -4, -6, 2, -1, -6, -2, -6, 6, 4, -3, 4, 1, 0, 4, 6, -1, -1, -5, 6, 4, -1, 5, -3, -6, 4, -6, 6, 6]
 
2.9201515855929996: [-3, -6, 6, 1, -1, -6, -2, 2, 1, -4, -2, 1, -3, -4, 4, 4, 3, 2, 0, 4, 1, 0, -1, 6, -2, -4, 6, -1, 0, -6, 3, -6, 5, -5, 6, -4, 0, -1, 4, 5, -4, 4, -5, 5, -4, 0, -6, 6, -5, 6, 4, 5, 5, -6, -2, 6, 0, -4, 5, -4, -3, -1, 0, 6, -6, -6, -4, 0, 0, 3, -5, 5, 5, 5, 2, -4, 2, 4, 3, -4, 6, -3, 3, -6, 3, 4, -3, 2, 3, 0, 5, 5, 3, 0, 6, -4, 2, -4, -6, -4, -4, -6, 2, -1, -6, -2, -6, 6, 4, -3, 4, 1, 0, 4, 6, -1, -1, -5, 6, 4, -1, 5, 5, -6, 4, -6, 6, -3]
 
1.8730134451650278: [-3, -6, 6, -6, -1, -3, -2, 2, -6, -4, -2, 2, -3, -3, -6, 6, 2, 2, -4, 3, -6, 2, 1, 6, -2, -5, 3, -1, -5, 0, 6, -5, 0, 5, 6, 5, -4, 0, 4, 2, -2, 4, -1, 0, -4, -1, 1, 6, 1, 2, 4, -1, -4, 6, -2, 6, -6, 5, 5, -2, -3, 4, 0, -3, -6, -6, -4, -6, -6, 1, -5, 5, 5, -4, 5, -5, -4, 3, 1, -4, 6, -5, -4, 0, 2, -3, 5, -1, -1, 5, -3, 6, 2, 6, -2, -5, -2, -4, -6, -4, -4, 1, 2, 5, -1, 6, -2, 3, -6, 3, 4, 1, 0, 4, 6, -1, -1, -5, 6, 4, -1, 5, 5, -6, 4, -6, 6, 4]
 
0.68417918103: [4, -6, 6, -6, -1, -3, 5, -3, 2, -4, -2, -3, -3, -3, -6, 6, 2, -4, -4, 3, -6, 2, 4, 2, -2, -5, 3, -1, 4, 0, 6, 0, 0, 5, 6, 5, -4, 3, 2, 2, -2, 4, -1, 0, -4, 4, 1, 6, 1, 2, 6, -1, -4, 6, -2, 6, 3, 5, 5, -2, -3, 2, 0, -3, -6, -6, -4, -6, 6, 1, -5, -5, 5, 3, 5, -5, -4, 3, 1, 1, 6, -5, -5, 0, 2, -3, -6, -1, -1, 5, -3, 6, 2, 6, -6, -2, -2, -4, -6, -4, -4, 1, 2, 5, -1, 6, -2, 0, -6, 2, 4, 0, 2, -6, 6, -5, -4, -3, -4, -6, -1, 5, -1, -6, 4, 2, -3, -3]
 
2.432495852591326: [4, -6, 6, 1, -1, -6, -2, 2, 1, -4, -2, 1, -3, -4, 4, 4, 3, 2, 0, 4, 1, -4, 1, 6, -6, -4, 3, -1, 0, -6, 3, -6, 5, -5, 6, -4, -6, -1, 4, 5, -6, 4, -2, 5, -6, 0, 6, 6, 3, 4, 4, 2, -4, 6, 5, 1, -6, 2, 1, -2, 1, -2, 0, 5, -6, -6, 5, -5, -6, 4, -5, -2, 3, -1, 5, -2, -4, 5, 1, -4, 6, -3, 3, -6, 3, 4, -3, 2, 3, 0, 5, 5, 3, 0, 6, -4, 2, -4, -6, -4, -4, -6, -3, -1, -1, -2, -6, 6, 3, -3, -3, -3, 0, 4, 2, -4, -1, -5, 6, 4, -1, 5, -3, -6, 4, -6, 6, 6]
 
1.7489516088315198: [-3, -6, 6, 1, -1, -3, -2, -6, 1, -4, -2, 1, -3, -4, 4, 6, 2, 2, -4, 3, -6, 2, 1, 6, -2, -5, 3, -1, -5, 0, 6, -5, 0, 5, 6, 5, -4, 0, 4, 2, -2, 4, -1, 0, -4, -1, 1, 6, 1, 2, 4, -1, -4, 6, -2, 6, -6, 5, 5, -2, -3, 4, 0, -3, -6, -6, -4, -6, -6, 1, -5, 5, 5, -4, 5, -5, -4, 3, 1, -4, 6, -5, -4, 0, 2, -3, 5, -1, -1, 5, -3, 6, 2, 6, -2, -5, -2, -4, -6, -4, -4, 1, 2, 5, -1, 6, -2, 3, -6, 3, 4, 0, 0, -6, 6, -5, -4, -5, 6, -6, -1, 5, 5, -6, 4, -6, 0, 4]
 
0.8648805646982891: [4, -1, 6, 6, -1, -4, 3, 2, 3, 4, 3, 2, -3, 3, -2, 6, -2, -1, -4, 5, 4, -1, 1, 3, -4, -2, 3, -1, -2, 3, 6, -5, 0, 2, 6, -1, -2, -6, -2, 5, 6, 6, 3, -3, -6, 0, 5, -3, -4, 3, -3, 3, -5, -6, -2, 6, 4, -4, -1, -5, 0, -5, -2, -6, 4, -6, 1, -6, -5, 4, -5, -6, 4, -6, -4, -4, -3, 5, -3, -6, -3, 2, 3, -4, 3, -4, 0, 2, 4, 5, 5, -6, -4, 5, 6, 2, -5, 5, -1, 0, -2, -4, -4, -1, -6, -5, 2, 5, -6, 2, -4, 0, -1, 0, 1, 1, -1, 4, 1, -4, 4, 5, 4, 4, 4, 6, 5, -2]
 
3.6555185825652874: [4, -6, 6, 1, -1, -6, -2, 2, 1, -4, -2, 1, -3, -4, 4, 4, 3, 2, 0, 4, 1, -4, 1, 6, -6, -4, 3, -1, 0, -6, 3, -6, 5, -5, 6, -4, -6, -1, 4, 5, -6, 4, -2, 5, -6, 0, 6, 6, 3, 2, 4, -1, -4, 6, -2, 6, -6, 5, 5, -2, -3, 4, 0, -3, -6, -6, -4, -6, -6, 1, -5, 5, 5, -4, 5, -5, -4, 3, 1, -4, 6, -5, -4, 0, 2, -3, 5, -1, -1, 5, -3, 6, 2, 6, -2, -5, -2, -4, -6, -4, -4, 1, 2, 5, -1, 6, -2, 3, -6, 3, 4, 0, 0, -6, 6, -5, -4, -5, 6, -6, -1, 5, 5, -6, 4, -6, 0, -3]
 
2.1764368979450763: [-2, -6, 0, 1, -1, -6, -3, 2, 5, -4, 2, 1, -2, 4, 2, -1, 3, 2, -5, 4, -3, -2, 1, 1, -2, 4, 3, -6, -5, 3, 6, 3, 0, 5, 6, 5, -4, 0, 4, -6, -2, 4, -6, 2, -4, -1, 1, 6, 1, 2, 4, 2, -4, 6, -2, 6, -6, 4, 5, -2, 1, 4, 0, -3, -6, -3, -4, -6, -6, 1, 3, -2, 5, -4, 5, -6, -4, -6, 1, -4, 6, -5, 2, 0, 2, 4, 5, -1, -1, 5, -3, 6, 2, 6, 6, -5, -6, -4, -6, -6, -4, 1, 2, 5, -1, 6, -2, 3, -6, 3, 4, 0, -5, -6, 6, -5, -4, -5, 6, -6, -1, 5, 5, -6, -6, 0, 0, 5]
 
1.92559198524: [-3, -6, 6, 1, -1, -6, -2, 2, 1, -4, -2, -6, -3, -4, 4, 4, 3, 2, 0, 4, 1, 0, -1, 6, -2, -4, 6, -1, 0, -6, 3, -6, 5, -5, 6, -4, 0, -1, 4, 5, -4, 4, -5, 5, -4, 0, -6, 6, -5, 6, 4, 5, 5, 3, -2, 6, 3, 1, 5, -5, -3, -1, 0, 5, -6, -6, 0, -1, -1, 4, -5, 1, 1, -5, 2, -2, -3, 4, -3, 4, 6, 5, 3, -6, 3, 4, -3, 2, 3, 0, 5, -3, 3, 0, 6, -4, 2, -5, -6, 1, -1, -6, 2, -2, 2, -2, -6, 6, 4, -3, 4, 1, 0, 4, 6, -1, -1, -5, 6, 4, -1, 5, 5, -6, 4, -6, 6, 4]
 
4.2158652088: [-3, 3, 6, 1, -4, -6, -2, -5, 1, -1, 0, 1, -3, -4, 4, 4, 3, 2, 0, 4, 1, -4, 1, 6, -6, -4, 3, -1, 0, -6, 3, -6, 5, -5, 6, -4, -6, -1, 4, 5, -6, 4, -2, 5, -6, 0, 6, 6, 3, 4, 4, 5, -2, -6, -2, 6, -6, -4, 5, -2, 0, -2, 0, 5, -6, -6, -4, -6, -6, 4, -5, -2, -2, 4, 2, 1, -3, 4, -3, 4, 6, -3, 3, -6, 3, 4, -3, 2, 3, 0, 5, 5, 3, 0, 6, -4, 2, -4, -6, -4, -4, -6, 2, -1, -6, -2, -6, 6, 4, -3, 4, 1, 0, 4, 6, -1, -1, -5, 6, 4, -1, 5, -3, -6, 4, -6, 6, 6]
 
1.35758507808: [4, -6, 6, 1, -1, -6, -2, 2, 1, -4, -2, 1, -3, -4, 4, 4, 3, 2, 0, 4, 1, -4, 1, 6, -6, -4, 3, -1, 0, -6, 3, -6, 5, -5, 6, -4, -6, -1, 4, 5, -6, 4, -2, 5, -6, 0, 6, 6, 3, 2, 4, -1, -4, 6, -2, 6, -6, 5, 5, -2, -3, 4, 0, -3, -6, -6, -4, -6, -6, 1, -5, 5, 5, -4, 5, -5, -4, 3, 1, -4, 6, -5, -4, 0, 2, -3, 5, -1, -1, 5, -3, 6, 2, 6, -2, -5, -2, -4, -6, -4, 6, -6, -3, -1, -1, -2, -6, 6, 3, -3, -3, -3, 0, 4, 2, -4, -1, -5, 6, 4, -1, 5, 5, -6, 4, -6, 6, 4]
 
2.38388863657: [4, -6, 6, -6, -1, -3, -2, 2, -6, -4, -2, 2, -3, -3, -6, 6, 2, 2, -4, 3, -6, 2, 1, 6, -2, -5, 3, -1, -5, 0, 6, -5, 0, 5, 6, 5, -4, 0, 4, 2, -2, 4, -1, 0, -4, -1, 1, 6, 1, 2, 4, -1, -4, 6, -2, 6, -6, -4, 5, -2, -3, -2, 0, 6, -6, -6, -4, -6, 0, 3, -5, -2, 5, -1, 2, 4, 2, 4, 3, -4, 6, -3, 3, -6, -2, 0, -3, 5, -1, 0, -6, 6, 3, -4, 6, -4, 2, -1, 1, 1, -4, 1, 2, 5, -1, 6, -2, 3, -6, 3, 4, 0, 0, -6, 6, -5, -4, -5, 6, -6, -1, 5, 5, -6, 4, -6, 0, -3]
 
0.638797066036: [4, -3, 6, 1, -1, -6, -4, -3, 1, -4, -2, 1, -3, -6, 4, 4, 3, 2, 0, 4, 1, -4, 1, 5, -6, -4, 3, -1, 0, -6, -4, -6, 5, 2, 6, -4, -6, -1, 4, 5, -6, -1, -2, -3, -6, 0, 6, 6, -5, 6, 4, 0, 5, 3, 6, 6, 3, 1, 5, -5, -1, 5, 0, 5, -5, -1, 0, -1, -1, 4, -5, 6, -2, 6, 2, -2, -3, 4, -3, 4, 6, 5, 3, -6, 3, 2, -3, 2, -5, 0, -5, 5, 6, -4, 6, 0, 2, -4, -4, -4, -4, -6, 2, 0, -6, 2, -6, 6, 4, -3, 4, 1, 0, 4, 3, 1, -1, -5, -1, 4, -1, -4, 1, 1, 1, -3, -4, 2]
 
2.75353491172: [-3, -6, 6, 1, -1, -3, -2, -6, 1, -4, -2, 1, -3, -4, 4, 4, 3, 5, 0, 4, 1, -3, -1, 6, -2, -4, 6, -1, 0, -6, 3, -6, 5, -5, 6, -4, 0, -1, 4, 5, -4, 4, -5, 5, -4, 0, -6, 6, 3, 4, 4, 2, -4, 6, 5, 1, -6, 2, 1, -2, 1, -2, 0, 5, -6, -6, 5, -5, -6, 4, -5, -2, 3, -1, 5, -2, -4, 5, 1, -4, 6, -3, 3, -6, 3, 4, -3, 2, 3, 0, 5, 5, 3, 0, 6, -4, 2, -4, -6, -4, -4, -6, 2, -1, -6, -2, -6, 6, 4, -3, 4, 1, 0, 4, 6, -1, -1, -5, 6, 4, -1, 5, 5, -6, 4, -6, 6, 4]
 
2.03417201343: [-3, -6, 6, 1, -1, -6, -2, 2, 1, -4, -2, -6, -3, -4, 4, 4, 3, 2, 0, 4, 1, 0, -1, 6, -2, -4, 6, -1, 0, -6, 3, -6, 5, -5, 6, -4, 0, -1, 4, 5, -4, 4, -5, 5, -4, 0, -6, 6, -5, 6, 4, 5, 5, 3, -2, 6, 3, 1, 5, -5, -3, -1, 0, 5, -6, -6, 0, -1, -1, 4, -5, 1, 1, -5, 2, -2, -3, 4, -3, 4, 6, 5, 3, -6, 3, 4, -3, 2, 3, 0, 5, -3, 3, 0, 6, -4, 2, -5, -6, 1, -1, -6, 2, -2, 2, -2, -6, 6, 4, -3, 4, 1, 0, 4, 6, -1, -1, -5, 6, 4, -1, 5, 5, -6, 4, -6, 6, 4]
 
2.24406121293: [-3, -6, 6, 1, -1, -6, -2, 2, 1, -4, -2, 1, -3, -4, 4, 4, 3, 2, 0, 4, 1, -4, 1, 6, -6, -4, 3, -1, 0, -6, 3, -6, 5, -5, 6, -4, -6, -1, 4, 5, -6, 4, -2, 5, -6, 0, 6, 6, 3, 4, 4, 2, -4, 6, 5, 1, -6, 2, 1, -2, 1, -2, 0, 5, -6, -6, 5, -5, -6, 4, -5, -2, 3, -1, 5, -2, -4, 5, 1, 0, 6, -5, 3, -6, 3, 4, -3, 2, 3, 0, 5, 5, 3, 0, 6, -4, 2, -4, -6, -4, -4, -6, 2, -1, -6, -2, -6, 6, 4, -3, 4, 1, 0, 4, 6, -1, -1, -5, 6, 4, -1, 5, 5, -6, 4, -6, 6, 4]
 
2.1998914112: [-3, -6, 6, 1, -1, -3, -2, -6, 1, -4, -2, 1, -3, -4, 4, 4, 3, 5, 0, 4, 1, -3, -1, 6, -2, -4, 6, -1, 0, -6, 3, -6, 5, -5, 6, -4, 0, 0, 4, 2, -2, 4, -1, 0, -4, -1, 1, 6, 1, 2, 4, -1, -4, 6, -2, 6, -6, 5, 5, -2, -3, 4, 0, -3, -6, -6, -4, -6, -6, 1, -5, 5, 5, -4, 5, -5, -4, 3, 1, -4, 6, -5, -4, 0, 2, -3, 5, -1, -1, 5, -3, 6, 2, 6, -2, -5, -2, -4, -6, -4, -4, 1, 2, 5, -1, 6, -2, 3, -6, 3, 4, 0, 0, -6, 6, -5, -4, -5, 6, -6, -1, 5, 5, -6, 4, -6, 0, -3]
 
1.98590036885: [4, -6, 6, -6, -1, -3, -2, 2, -6, -4, -2, 2, -3, -3, -6, 6, 2, 2, -4, 3, -6, 2, 1, 6, -2, -5, 3, -1, -5, 0, 6, -5, 0, 5, 6, 5, -4, -1, 4, 5, -4, 4, -5, 5, -4, 0, -6, 6, -5, 6, 4, 5, 5, 3, -2, 6, 3, 1, 5, -5, -3, -1, 0, 5, -6, -6, 0, -1, -1, 4, -5, 1, 1, -5, 2, -2, -3, 4, -3, 4, 6, 5, 3, -6, 3, 4, -3, 2, 3, 0, 5, 5, 3, 0, 6, -4, 2, -4, -6, -4, -4, -6, 2, -1, -6, -2, -6, 6, 4, -3, 4, 1, 0, 4, 6, -1, -1, -5, 6, 4, -1, -4, 1, 1, 1, -3, -4, 2]
 
2.04203878269: [-3, -6, 6, -6, -1, -3, -2, 2, -6, -4, -2, 2, -3, -3, -6, 6, 2, 2, -4, 3, -6, 2, 1, 6, -2, -5, 3, -1, -5, 0, 6, -5, 0, 5, 6, 5, -4, 0, 4, 2, -2, 4, -1, 0, -4, -1, 1, 6, 1, 2, 4, -1, -4, 6, -2, 6, -6, 5, 5, -2, -3, 4, 0, -3, -6, -6, -4, -6, -6, 1, -5, 5, 5, -4, 5, -5, -4, 3, 1, -4, 6, -5, -4, 0, 2, -3, 5, -1, -1, 5, -3, 6, 2, 6, -2, -5, -2, -4, -6, -4, -4, 1, 2, 5, -1, 6, -2, 3, -6, 3, 4, 1, 0, 4, 6, -1, -1, -5, 6, 4, -1, 5, 5, -6, 4, -6, 6, 4]
 
3.2236431991: [-3, -6, 6, -6, -1, -3, -2, 2, -6, -4, -2, 2, -3, -3, -6, 6, 2, 2, -4, 3, -6, 2, 1, 6, -2, -5, 3, -1, -5, 0, 6, -5, 0, 5, 6, 5, -4, 0, 4, 2, -2, 4, -1, 0, -4, -1, 1, 6, 1, 2, 4, -1, -4, 6, -2, 6, -6, 5, 5, -2, -3, 4, 0, -3, -6, -6, -4, -6, -6, 1, -5, 5, 5, -4, 5, -5, -4, 3, 1, -4, 6, -5, -4, 0, 2, -3, 5, -1, -1, 5, -3, 6, 2, 6, -2, -5, -2, -4, -6, -4, -4, 1, 2, 5, -1, 6, -2, 3, -6, 3, 4, 0, 0, -6, 6, -5, -4, -5, 6, -6, -1, 5, 5, -6, 4, -6, 0, -3]
 
3.02699898153: [4, -6, 6, 1, -1, -6, -2, 2, 1, -4, -2, 1, -2, 4, 2, -6, 3, 2, 5, 4, -3, -1, 1, -3, -2, -5, 3, -5, -5, 0, 6, 0, 0, -2, -1, 0, -4, -6, 4, 2, -2, 3, -1, -3, -4, -1, 1, 3, 1, 2, 4, -1, -4, 6, -2, 6, -6, 5, 5, -2, -3, 4, 0, -3, -6, -6, -4, -6, -6, 1, -5, 5, 5, -4, 5, -5, -4, 3, 1, -4, 6, -5, -4, 0, 2, -3, 5, -1, -1, 5, -3, 6, 2, 6, -2, -5, -2, -4, -6, -4, -4, 1, 2, 5, -1, 6, -2, 3, -6, 3, 4, 0, 0, -6, 6, -5, -4, -5, 6, -6, -1, 5, 5, -6, 4, -6, 0, -3]
 
1.85287581977: [-2, -6, 0, 1, -1, -6, -3, 2, 5, -4, 3, 1, -3, -4, 4, 4, 3, 2, 0, 4, 1, -4, 1, 6, -6, -4, 3, -1, 0, -6, 3, -6, 5, -5, 6, -4, -6, -1, 4, 5, -6, 4, -2, 5, -6, 0, 6, 6, -5, 6, 4, 5, 5, 3, -2, 6, 3, 1, 5, -5, -3, -1, 0, 5, -6, -6, 0, -1, -1, 4, -5, 1, 1, -5, 2, -2, -3, 4, -3, 4, 6, 5, 3, -6, 3, 4, -3, 2, 3, 0, 5, 5, 3, 0, 6, -4, 2, -4, -6, -4, -4, -6, 2, -1, -6, -2, -6, 6, 4, -3, 4, 1, 0, 4, 6, -1, -1, -5, 6, 4, -1, -4, 1, 1, 1, -3, -4, 2]
 
2.4482480384: [-3, 3, 6, 1, -4, -6, -2, -5, 1, -1, 0, -6, -3, -4, 4, 4, 3, 2, 0, 4, 1, 0, -1, 6, -2, -4, 6, -1, 0, -6, 3, -6, 5, -5, 6, -4, 0, -1, 4, 5, -4, 4, -5, 5, -4, 0, -6, 6, -5, 6, 4, 5, 5, 3, -2, 6, 3, 1, 5, -5, -3, -1, 0, 5, -6, -6, 0, -1, -1, 4, -5, 1, 1, -5, 2, -2, -3, 4, -3, 4, 6, 5, 3, -6, 3, 4, -3, 2, 3, 0, 5, -3, 3, 0, 6, -4, 2, -5, -6, 1, -1, -6, 2, -2, 2, -2, -6, 6, 3, -3, -3, -3, 0, 4, 2, -4, -1, -5, 6, 4, -1, 5, 5, -6, 4, -6, 6, 4]
 
1.8676753669: [4, -6, 6, 1, -1, -6, -2, 2, 1, -4, -2, 1, -3, -4, 4, 4, 3, 2, 0, 4, 1, -4, 1, 6, -6, -4, 3, -1, 0, -6, 3, -6, 5, -5, 6, -4, -6, -1, 4, 5, -6, 4, -2, 5, -6, 0, 6, 6, 3, 2, 4, -1, -4, 6, -2, 6, -6, 5, 5, -2, -3, 4, 0, -3, -6, -6, -4, -6, -6, 1, -5, 5, 5, -4, 5, -5, -4, 3, 1, -4, 6, -5, -4, 0, 2, -3, 5, -1, -1, 5, -3, 6, 2, 6, -2, -5, -2, -4, -6, -4, 6, -6, -3, -1, -1, -2, -6, 6, 4, -3, 4, 1, 0, 4, 6, -1, -1, -5, 6, 4, -1, 5, 5, -6, 4, -6, 6, 4]
 
4.71115587561: [-3, 3, 6, 1, -4, -6, -2, -5, 1, -1, 0, -6, -3, -4, 4, 4, 3, 2, 0, 4, 1, 0, -1, 6, -2, -4, 6, -1, 0, -6, 3, -6, 5, -5, 6, -4, 0, -1, 4, 5, -4, 4, -5, 5, -4, 0, -6, 6, -5, 6, 4, 5, 5, 3, -2, 6, 3, 1, 5, -2, -3, 4, 0, -3, -6, -6, -4, -6, -6, 1, -5, 5, 5, -4, 5, -5, -4, 3, 1, -4, 6, -5, -4, 0, 2, -3, 5, -1, -1, 5, -3, 6, 2, 6, -2, -5, -2, -4, -6, -4, -4, 1, 2, 5, -1, 6, -2, 3, -6, 3, 4, 0, 0, -6, 6, -5, -4, -5, 6, -6, -1, 5, 5, -6, 4, -6, 0, -3]
 
1.65122058615: [-3, -6, -3, -6, -1, -6, -2, 2, -6, -4, -2, 2, -3, -3, -1, 6, 2, 2, -4, 3, -6, -1, 1, 6, -2, -5, 3, -1, -5, 0, 6, -5, 3, 5, 6, 5, -4, 0, 4, 2, -2, 4, -1, 0, -4, -1, 1, -1, -4, 2, 4, -1, 4, 6, -2, -6, 6, 5, 5, -5, -3, -1, 0, 5, -6, -6, 0, 2, -1, -4, -5, 1, 1, -5, 1, -2, -3, 4, -3, 4, 6, 5, 6, -6, 3, 4, -3, 2, 3, -4, 5, -3, 3, 0, 6, -4, 2, 6, 2, 1, -1, 1, 2, 0, -3, -2, -6, 6, 4, -3, 4, -6, 0, -5, 6, -1, -1, -5, -2, -6, 6, 5, 5, -6, 4, -6, 6, -3]
 
1.0678615939: [6, -6, 6, 3, -1, 1, -2, 2, 1, -4, -2, 5, -3, -4, 0, -5, 6, 2, -6, 3, -6, -5, 0, 4, -2, -5, 3, -1, -5, 0, 1, -5, 0, 0, 6, 5, 1, 0, 4, 4, -2, 4, -1, 0, -3, -3, 1, 5, 1, 2, 6, -1, 2, 6, -6, 6, -3, 5, 5, -2, 0, 4, 2, -3, -4, -1, -4, -6, 3, 1, -5, -5, 5, 1, 5, -5, -4, 3, 1, 4, -2, -5, 5, 0, 2, -3, 5, -1, -1, 5, -3, 6, 6, -3, 2, -4, -2, -1, -6, -4, 0, -6, -3, -1, -1, -2, 5, 6, 3, -3, -3, -3, 0, 4, 6, -4, -1, -5, 6, 4, 1, 5, -3, -6, 4, -6, -5, 6]
 
2.44690280906: [4, -6, 6, 1, -1, -6, -2, 2, 1, -4, -2, 1, -3, -4, 4, 4, 3, 2, 0, 4, 1, -4, 1, 6, -6, -4, 3, -1, 0, -6, 3, -6, 5, -5, 6, -4, -6, -1, 4, 5, -6, 4, -2, 5, -6, 0, 6, 6, 3, 4, 4, 2, -4, 6, 5, 1, -6, 2, 1, -2, 1, -2, 0, 5, -6, -6, 5, -5, -6, 4, -5, -2, 3, -1, 5, -2, -4, 5, 1, -4, 6, -3, 3, -6, 3, 4, -3, 2, 3, 0, 5, 5, 3, 0, 6, -4, 2, 3, -6, -4, 3, 1, 2, 0, -1, 6, -2, -3, -6, -1, 4, -1, 0, -6, 2, -5, -4, -1, 6, 1, -1, -3, 5, -6, 4, 2, 3, -3]
 
1.40714839034: [-3, -6, 6, -6, -1, -3, -2, 2, -6, 0, -2, 2, -3, -3, -6, 6, 2, 2, -5, 3, -6, -6, 1, 6, -2, -1, 3, -1, 6, 2, 6, -5, 0, 5, -2, 5, -4, 0, 4, 2, -2, 4, 2, 0, -4, -1, 1, 6, -6, 2, 4, -1, -4, 6, -2, 6, -6, 5, 5, 4, -3, 4, 0, -3, -6, -5, -4, -1, -6, -6, -5, 6, 5, -4, 4, -5, 4, -3, 2, 2, 6, -3, 3, 6, -4, 0, -5, 5, -5, 0, -4, -3, 3, 0, 6, 0, 6, -5, -6, -5, -1, -1, -4, 1, 2, 4, 3, 1, 5, -5, -4, -6, -1, 0, -3, 3, -1, 6, -1, 3, 4, 5, 1, 4, 2, -6, 6, 4]
 
1.06147400616: [-5, -6, 6, 1, -1, -6, -4, 3, 1, 3, -2, 1, -3, -4, -5, 5, 3, -4, 4, 4, 2, -4, 1, 6, -6, -4, -1, -1, 4, 3, 0, 0, 5, -4, 6, -1, -6, -2, 4, 5, -4, 4, -3, 4, -6, 2, 6, 6, 3, 0, 5, -6, 1, 0, -2, 4, -6, -4, 2, -2, -6, -2, 0, 6, -6, -3, 5, 0, 4, 4, 4, 3, -2, 5, 2, -4, 2, 3, -2, -4, 6, -5, -4, 0, -3, -3, 5, -1, -1, 5, -3, 6, 2, 6, -2, -5, -2, -4, -6, -4, -4, 1, -5, 5, -3, 6, -2, 3, 0, 3, 3, 1, 0, 4, 6, -1, -1, -5, 6, 4, 0, 5, 5, -6, 2, -6, 5, 4]
 
2.28452961587: [-2, -6, 0, -2, -1, 1, -3, 2, -2, 5, 2, 1, -2, -3, 2, -1, 3, -1, -5, 4, -3, 3, 1, 1, -2, -4, -4, -1, -4, -6, 3, -6, -2, -5, 6, -4, 0, -1, 4, -5, -1, 4, -5, 5, -4, -5, -6, -5, -5, 5, 4, 3, 5, -6, -2, 0, 0, -4, 5, -4, -3, -1, 0, -4, -6, -6, -4, 0, 4, 3, -5, 5, 5, 5, 2, -4, 5, 4, 3, -2, 5, -3, 3, -6, -4, 3, -3, 2, 3, 0, -5, 6, 3, 4, 6, -4, 5, -1, 1, 1, 6, -6, 1, -1, -1, -2, -6, -5, -1, -6, -3, 5, 3, -5, 2, -4, -1, -1, 6, 4, 4, -6, -3, -6, 4, -6, 6, -2]
 
2.0951453779: [-3, -6, 6, 1, -1, -6, -2, 2, 1, -4, -2, 1, -3, -4, 4, 4, 3, 2, 0, 4, 1, 0, -1, 6, -2, 4, 3, -6, -5, 3, 6, 3, 0, 5, 6, 5, -4, 0, 4, -6, -2, 4, -6, 2, -4, -1, 1, 6, 1, 2, 4, 2, -4, 6, -2, 6, -6, 4, 5, -2, 1, 4, 0, -3, -6, -3, -4, -6, -6, 1, 3, -2, 5, -4, 5, -6, -4, -6, 1, -4, 6, -5, 2, 0, 2, 4, 5, -1, -1, 5, -3, 6, 2, 6, 6, -5, -6, -4, -6, -6, -4, 1, 2, 5, -1, 6, -2, 3, -6, 3, 4, 0, -5, -6, 6, -5, -4, -5, 6, -6, -1, 5, 5, -6, -6, 0, 0, 5]
 
0.623502926949: [4, -3, -6, 6, -1, -4, 3, 2, 3, 4, 3, 2, 0, 3, -2, 6, -2, -1, -4, 5, 4, 6, 1, 3, -4, 0, 3, -1, -2, 3, -3, -5, 0, 2, 6, -1, -2, -6, -3, 5, 6, 6, 3, -3, -6, 0, -5, -3, 6, -1, -3, 3, -2, -4, -2, 6, 4, -4, 6, -5, 0, -5, -2, -6, 4, -3, -3, -6, -5, 4, -5, -6, -6, -6, -4, -4, -1, 5, -3, -4, -3, 2, -4, -5, -6, -3, 5, -1, -1, 1, -3, 6, 2, 6, -2, -5, -2, -4, -3, -4, -4, 6, 2, 5, -1, 6, -5, 3, 4, 3, 4, -3, 0, -6, 3, -6, 5, -5, -3, -6, 1, 5, 5, 1, 4, -6, 0, 4]
 
0.581983712885: [-3, -6, 6, 1, -1, -3, -2, -6, 1, -4, -2, 1, -3, -4, 4, 6, 2, 2, -4, 3, -6, 2, 1, 6, -2, -5, 3, -1, -5, 0, 6, -5, 0, 5, 6, 5, -4, 0, 4, 2, -2, 4, -1, 0, -4, -1, 1, 6, 1, 2, 4, -1, -4, 6, -2, 6, -6, 5, 5, -2, -3, 4, 0, -3, -6, -6, -4, -6, -6, 1, -5, 5, 5, -4, 5, -5, -4, 3, 1, -4, 6, -5, 3, -4, 3, -4, 0, 2, 4, 5, 5, -6, -4, 5, 6, 2, -5, 5, -1, 0, -2, -4, -4, -1, -6, -5, 2, 5, -6, 2, -4, 0, -1, 0, 1, 1, -1, 4, 1, -4, 4, 5, 4, 4, 4, 6, 5, -2]
 
1.36860760477: [-3, -6, 6, 1, -1, -6, -2, 2, 1, -4, -2, 1, -3, -4, 4, 4, 3, 2, 0, 4, 1, 0, -1, 6, -2, -4, 6, -1, -5, 0, 6, -5, 0, 5, 6, -6, -4, 0, 4, 2, -2, 4, -1, 0, -4, -1, 1, 6, -4, 2, 4, -1, -4, 6, -4, -6, -6, 5, 5, -2, -3, 4, 5, -3, -6, 3, -4, -6, -6, 6, -5, 5, 5, -4, -6, -5, -4, 4, 1, -4, 6, -5, -2, 0, 2, -3, 5, -1, -1, 1, -5, 6, 2, 6, 2, -5, -2, -4, 1, -1, -1, 1, 2, 2, -1, -6, -2, -1, -6, 3, 4, 0, 0, -6, -3, -5, -4, -5, 6, -6, -1, 5, 5, -3, -3, -6, 0, -3]
 
3.76894636757: [4, -6, 6, -6, -5, -6, -2, -2, -6, 6, -6, 2, 2, -3, -6, 2, 2, 2, -4, 3, -5, 2, 1, 6, -2, -5, 6, -1, 0, -6, 3, -6, 5, -5, 6, -4, 0, -1, 4, 5, -4, 4, -5, 5, -4, 0, -6, 6, -5, 6, 4, 5, 5, -6, -2, 6, 0, -4, 5, -4, -3, -1, 0, 6, -6, -6, -4, 0, 0, 3, -5, 5, 5, 5, 2, -4, 2, 4, 3, -4, 6, -3, 3, -6, 3, 4, -3, 2, 3, 0, 5, 5, 3, 0, 6, -4, 2, -4, -6, -4, -4, -6, 2, -1, -6, -2, -6, 6, 4, -3, 4, 1, 0, 4, 6, -5, -4, -5, 6, -6, -1, 5, 5, -6, 4, -6, 0, -3]
 
2.29018394004: [4, -6, 6, 1, -1, -6, -2, 2, 1, -4, -2, 1, -3, -4, 4, 4, 3, 2, 0, 4, 1, -4, 1, 6, -6, -4, 3, -1, 0, -6, 3, -6, 5, -5, 6, -4, -6, -1, 4, 5, -6, 4, -2, 5, -6, 0, 6, 6, -5, 6, 4, 5, 5, 3, -2, 6, 3, 1, 5, -5, -3, -1, 0, 5, -6, -6, 0, -1, -1, 4, -5, 1, 1, -5, 2, -2, -3, 4, -3, 4, 6, 5, 3, -6, 3, 4, -3, 2, 3, 0, 5, 5, 3, 0, 6, -4, 2, -4, -6, -4, -4, -6, 2, -1, -6, -2, -6, 6, 4, -3, 4, 1, 0, -6, -3, -5, -4, -5, 6, -6, -1, 5, 5, -3, -3, -6, 0, -3]
 
1.2324211019: [4, -6, 6, -6, -5, -6, -2, -2, -6, 6, -6, 2, 2, -3, -6, 2, 2, 2, -4, 3, -5, 2, 1, 6, -2, -5, 6, -1, -5, 0, 6, -5, 0, 5, 6, -6, -4, 0, 4, 2, -2, 4, -1, 0, -4, -1, 1, 6, -4, 2, 4, -1, -4, 6, -4, -6, -6, 5, 5, -2, -3, 4, 5, -3, -6, 3, -4, -6, -6, 6, -5, 5, 5, -4, -6, -5, -4, 4, 1, -4, 6, -5, -2, 0, 2, -3, 5, -1, -1, 1, -5, 6, 2, 6, 2, -5, -2, -4, 1, -1, -1, 1, 2, 2, -1, -6, -2, -1, -6, 3, 4, 0, 0, 4, 6, -1, -1, -5, 6, 4, -1, -4, 1, 1, 1, -3, -4, 2]
 
2.27819895857: [-3, -6, 1, 1, -1, -1, 6, -6, -3, 0, -2, 1, -3, -4, 4, 3, 3, 2, 0, 4, -5, -4, -1, -2, -6, -4, 3, -1, 0, -1, 3, -6, 4, -5, 6, -4, -6, -1, -6, 5, 3, 4, -2, 6, -6, 0, 0, 6, 3, 4, 4, 5, -2, -6, -2, 6, 5, -4, 5, -2, 0, -2, 0, 5, -6, -6, -4, -6, -6, -4, -5, -2, -2, 4, 2, 1, -3, 4, -3, 4, 6, -2, 1, -6, 3, 4, -2, 2, 3, 0, 5, 5, 2, 0, -2, -4, -3, -4, -6, -6, 1, -6, 2, -1, -6, 1, -6, 6, 4, 1, 4, 0, 0, 1, -4, 3, -4, -5, -6, 5, -1, 2, 5, -6, 2, -6, 5, -3]
 
2.40507796139: [-2, -6, 0, 1, -1, -6, -3, 2, 5, -4, 3, 1, -2, 4, 2, -6, 3, 2, 5, 4, -3, -1, 1, -3, -2, -5, 3, -5, -5, 0, 6, 0, 0, -2, -1, 0, -6, -5, 4, -5, -4, 4, 2, 1, 2, 0, 3, -4, -5, 6, 2, -1, -4, -1, -2, 6, -6, -4, 5, -2, -3, -2, 0, 5, -6, -6, -4, -6, -6, 4, -5, -2, -2, 4, 2, 1, -3, 4, -3, 4, 6, -3, 3, -6, 3, 4, -3, 2, 3, 0, 5, 5, 3, 0, 6, -4, -2, -4, -6, -4, -4, 1, 2, 5, -1, 6, -2, 3, -6, 3, 4, 1, 0, 4, 6, -1, -1, -5, 6, 4, -1, 5, -3, -6, 4, -6, 6, 6]
 
